10.833,10.833,-0.24881,0,0,0.68542
10.815,10.833,-0.54817,6.7,35.501,72.276
10.76,11.503,-0.40004,-0.0447,35.462,3.5688
10.714,11.499,-0.38815,-0.047298,35.386,3.6341
10.684,11.494,-0.29422,-0.049,35.301,3.1832
10.657,11.489,-0.27404,-0.050536,35.221,3.1456
10.634,11.484,-0.26996,-0.051785,35.145,3.1796
10.604,11.479,-0.29932,-0.05347,35.05,3.4161
10.567,11.474,-0.31667,-0.055654,34.951,3.617
10.536,11.468,-0.26703,-0.057442,34.85,3.4186
10.509,11.462,-0.1886,-0.059039,34.749,3.0715
10.484,11.456,-0.11985,-0.060491,34.645,2.791
10.474,11.45,-0.042889,-0.06097,34.541,2.452
10.473,11.444,0.04263,-0.060942,34.435,2.0889
10.48,11.438,0.061981,-0.060375,34.337,1.981
10.476,11.432,0.18802,-0.060456,34.244,1.5444
10.491,11.426,0.35398,-0.059368,34.144,1.0516
10.528,11.42,0.61165,-0.056899,34.049,0.54025
10.585,11.414,0.82576,-0.053084,33.967,0.32117
10.661,11.409,0.99795,-0.048064,33.883,0.28326
10.752,11.404,1.1216,-0.042012,33.812,0.33788
10.871,11.4,1.1845,-0.034182,33.752,0.39117
10.983,11.397,1.1555,-0.026771,33.707,0.33323
11.101,11.394,1.1535,-0.018994,33.678,0.32835
11.207,11.392,1.1514,-0.012025,33.662,0.33522
11.323,11.391,1.1391,-0.0044123,33.651,0.33326
11.442,11.391,1.0634,0.043099,33.657,0.081377
11.542,11.395,0.94373,0.12471,33.662,0
11.639,11.407,0.83556,0.19539,33.689,0
11.713,11.427,0.71537,0.24138,33.717,0
11.789,11.451,0.57676,0.28412,33.746,0
11.838,11.479,0.52241,0.30065,33.783,0
11.9,11.509,0.46114,0.32634,33.825,0
11.945,11.542,0.43788,0.33517,33.867,0
11.992,11.576,0.41801,0.34525,33.913,0
12.04,11.61,0.37404,0.35515,33.962,0
12.07,11.646,0.3923,0.34865,34.015,0
12.109,11.681,0.31527,0.35072,34.055,0
12.144,11.716,0.13732,0.34963,34.096,0
12.159,11.751,0.090393,0.33194,34.136,0
12.175,11.784,0.12333,0.31689,34.17,0
12.196,11.815,-0.011465,0.30701,34.213,0
12.195,11.846,0.027981,0.28031,34.249,0
12.19,11.874,0.10948,0.25328,34.285,0
12.195,11.9,0.026164,0.23602,34.315,0
12.195,11.923,-0.034372,0.21691,34.349,0.0055756
12.196,11.945,-0.0101,0.19972,34.367,0
12.191,11.965,-0.053079,0.17986,34.396,0.062636
12.186,11.983,-0.10198,0.16134,34.419,0.20393
12.176,11.999,-0.06225,0.13978,34.433,0.096007
12.164,12.013,-0.084979,0.11933,34.457,0.16279
12.146,12.025,-0.12065,0.095446,34.474,0.269
12.139,12.034,-0.15324,0.082653,34.492,0.36833
12.129,12.043,-0.13343,0.0683,34.496,0.31117
12.119,12.049,-0.15438,0.055086,34.497,0.37567
12.1,12.055,-0.1063,0.035195,34.494,0.24214
12.088,12.058,-0.08826,0.023215,34.494,0.1977
12.075,12.061,-0.043395,0.011227,34.489,0.091221
12.07,12.062,-0.0030807,0.0064451,34.485,0.0032652
12.073,12.063,0.061806,0.0083145,34.49,0
12.076,12.063,0.085071,0.0099138,34.481,0
12.086,12.064,0.11776,0.01726,34.488,0
12.091,12.066,0.12356,0.019784,34.485,0
12.097,12.068,0.10877,0.022932,34.478,0
12.101,12.07,0.052117,0.023754,34.484,0
12.103,12.073,0.0079944,0.02353,34.49,0
12.106,12.075,-0.010901,0.02388,34.496,0.011639
12.099,12.077,-0.00087962,0.016699,34.489,0
12.093,12.079,-0.018345,0.010827,34.491,0.034236
12.094,12.08,-0.019812,0.010889,34.495,0.037461
12.102,12.081,-0.053879,0.016179,34.488,0.11399
12.094,12.083,-0.071998,0.0086115,34.495,0.16126
12.077,12.084,-0.096013,-0.00042433,34.489,0.23888
12.074,12.084,-0.11512,-0.00066363,34.494,0.29752
12.07,12.084,-0.11732,-0.00093131,34.494,0.31229
12.054,12.084,-0.11715,-0.0019802,34.498,0.3463
12.046,12.083,-0.13217,-0.0025025,34.496,0.40605
12.038,12.083,-0.13787,-0.0029783,34.492,0.43856
12.015,12.083,-0.13813,-0.0045265,34.479,0.49179
11.995,12.082,-0.11373,-0.0058133,34.463,0.46388
11.989,12.082,-0.073989,-0.0061738,34.46,0.36533
11.976,12.081,-0.043865,-0.0069898,34.443,0.3125
11.972,12.081,-0.046648,-0.0072051,34.423,0.3262
11.965,12.08,-0.044943,-0.0076284,34.414,0.3351
11.966,12.079,-0.043429,-0.0075411,34.398,0.32828
11.967,12.078,-0.054469,-0.0074361,34.385,0.35339
11.961,12.078,-0.037587,-0.0077812,34.38,0.32073
11.957,12.077,-0.039215,-0.0079726,34.37,0.33078
11.949,12.076,-0.016921,-0.0084461,34.366,0.28967
11.943,12.075,-0.012827,-0.0088256,34.354,0.29118
11.95,12.074,-0.045104,-0.0082825,34.347,0.35547
11.942,12.073,-0.09558,-0.0087924,34.342,0.50997
11.927,12.073,-0.065408,-0.009731,34.331,0.45597
11.917,12.072,-0.034971,-0.010354,34.309,0.39421
11.922,12.071,-0.050584,-0.0099518,34.287,0.42228
11.916,12.07,-0.031215,-0.010313,34.265,0.38247
11.92,12.068,-0.008285,-0.0099587,34.257,0.3136
11.918,12.067,-0.02799,-0.010013,34.238,0.36439
11.91,12.066,0.0094985,-0.010482,34.218,0.28594
11.906,12.065,0.022129,-0.010701,34.202,0.26254
11.918,12.064,0.049821,-0.0098529,34.192,0.17551
11.931,12.063,0.068296,-0.0089123,34.186,0.10997
11.947,12.062,0.098798,-0.0077483,34.164,0.018421
11.956,12.062,0.043318,-0.0071357,34.157,0.11135
11.95,12.061,0.042982,-0.0074588,34.142,0.12109
11.951,12.06,0.052248,-0.0073753,34.134,0.099252
11.966,12.06,0.064336,-0.006324,34.114,0.045328
11.975,12.059,0.073658,-0.0056736,34.102,0.0093334
11.99,12.058,0.082885,-0.0045792,34.088,0
11.998,12.058,0.06768,-0.0040249,34.074,0
12.011,12.057,0.055852,-0.0031629,34.062,0
12.018,12.057,0.047462,-0.0026631,34.053,0
12.023,12.057,0.028487,-0.0022847,34.056,0.0051367
12.017,12.057,0.037031,-0.0027002,34.053,0
12.028,12.056,0.044048,-0.0019394,34.046,0
12.026,12.056,0.036649,-0.0020759,34.034,0
12.03,12.056,0.022651,-0.0017877,34.028,0.0031252
12.035,12.056,-0.013876,-0.0014352,34.03,0.070923
12.029,12.056,-0.069148,-0.0017886,34.027,0.21208
12.014,12.055,-0.046948,-0.0027849,34.022,0.18755
12.017,12.055,0.020871,-0.0025774,34.015,0.028804
12.027,12.055,0.034252,-0.0018618,34.002,0
12.027,12.055,0.091582,-0.0018619,34.002,0
12.034,12.055,0.1381,-0.0014146,34.001,0
12.056,12.054,0.07417,0.00095789,33.991,0
12.06,12.055,0.021083,0.0041755,33.983,0
12.054,12.055,0.067073,-4.7682e-05,33.987,0
12.07,12.055,0.060393,0.011595,33.982,0
12.074,12.056,0.032818,0.014004,33.981,0
12.075,12.058,0.060892,0.013763,33.98,0
12.089,12.059,0.035738,0.023634,33.984,0
12.083,12.061,-0.039216,0.01722,33.991,0.078312
12.073,12.063,-0.063189,0.007883,33.987,0.1396
12.057,12.064,-0.029977,-0.00045009,33.995,0.078359
12.047,12.064,-0.023809,-0.001144,33.989,0.084592
12.048,12.064,-0.026261,-0.0010588,33.983,0.08765
12.037,12.063,-0.019762,-0.0018296,33.985,0.095374
12.039,12.063,-0.027037,-0.0016241,33.992,0.10594
12.033,12.063,-0.085358,-0.0020719,33.996,0.26218
12.015,12.063,-0.086456,-0.0032824,33.986,0.30291
12.01,12.063,-0.093296,-0.0036006,33.972,0.33115
12.003,12.062,-0.08326,-0.0040117,33.966,0.31725
12.004,12.062,-0.10449,-0.0039515,33.96,0.37282
11.986,12.061,-0.095834,-0.0051544,33.96,0.38749
11.982,12.061,-0.10881,-0.005362,33.957,0.43042
11.968,12.06,-0.1086,-0.006296,33.949,0.46015
11.961,12.06,-0.13569,-0.0067222,33.93,0.55369
11.945,12.059,-0.15494,-0.0077955,33.927,0.6495
11.922,12.058,-0.16444,-0.0092929,33.907,0.73143
11.903,12.057,-0.17083,-0.01051,33.886,0.79472
11.881,12.056,-0.18601,-0.011972,33.872,0.89794
11.858,12.055,-0.20087,-0.013477,33.845,1.0043
11.847,12.054,-0.20362,-0.014133,33.816,1.0375
11.823,12.052,-0.23685,-0.015673,33.788,1.2185
11.793,12.051,-0.2762,-0.017641,33.767,1.4514
11.766,12.049,-0.23897,-0.019374,33.749,1.3671
11.74,12.047,-0.16494,-0.021094,33.721,1.1494
11.714,12.045,-0.085243,-0.022731,33.697,0.93374
11.712,12.043,-0.0051686,-0.022761,33.668,0.69183
11.702,12.04,0.030231,-0.023345,33.633,0.61229
11.697,12.038,-0.024159,-0.023566,33.605,0.77016
11.702,12.036,-0.12543,-0.023052,33.562,1.0742
11.68,12.033,-0.2088,-0.024479,33.529,1.434
11.659,12.031,-0.26327,-0.025785,33.49,1.708
11.627,12.028,-0.26452,-0.02789,33.447,1.7952
11.601,12.026,-0.24234,-0.029537,33.406,1.7624
11.574,12.023,-0.18391,-0.031314,33.361,1.586
11.547,12.02,-0.16319,-0.032983,33.316,1.5639
11.534,12.016,-0.15629,-0.033772,33.261,1.5631
11.518,12.013,-0.16643,-0.034711,33.206,1.6351
11.501,12.009,-0.18277,-0.035789,33.148,1.7386
11.476,12.006,-0.20072,-0.037367,33.087,1.8704
11.466,12.002,-0.17179,-0.037967,33.024,1.7676
11.447,11.998,-0.17224,-0.039153,32.964,1.8102
11.432,11.994,-0.13703,-0.039976,32.913,1.6943
11.42,11.99,-0.071764,-0.040653,32.862,1.4667
11.411,11.986,-0.069646,-0.041094,32.814,1.4713
11.413,11.982,-0.017487,-0.040706,32.763,1.2725
11.407,11.978,0.063304,-0.04098,32.71,1.024
11.422,11.974,0.14239,-0.039658,32.659,0.76599
11.43,11.97,0.17777,-0.038907,32.613,0.65696
11.453,11.966,0.24834,-0.037061,32.565,0.45555
11.477,11.962,0.23496,-0.035115,32.511,0.42988
11.51,11.959,0.22274,-0.032577,32.457,0.38722
11.535,11.956,0.20049,-0.030611,32.411,0.37925
11.563,11.953,0.20069,-0.028372,32.364,0.32076
11.592,11.95,0.22474,-0.026112,32.323,0.22014
11.606,11.947,0.24375,-0.024906,32.285,0.15861
11.635,11.945,0.2464,-0.022643,32.255,0.1017
11.659,11.942,0.24814,-0.020737,32.23,0.055595
11.683,11.94,0.21661,-0.018903,32.196,0.061856
11.711,11.938,0.20754,-0.016682,32.17,0.025024
11.727,11.937,0.17759,-0.015414,32.147,0.043865
11.753,11.935,0.16958,-0.013419,32.123,0.010416
11.769,11.934,0.17036,-0.01215,32.1,0
11.792,11.933,0.16591,-0.010359,32.077,0
11.814,11.932,0.13994,-0.0086873,32.056,0
11.837,11.931,0.15702,-0.0069404,32.051,0
11.851,11.93,0.18263,-0.0058571,32.05,0
11.87,11.93,0.18948,-0.0044241,32.05,0
11.888,11.929,0.21064,-0.003028,32.037,0
11.916,11.929,0.22104,-0.00096476,32.034,0
11.939,11.929,0.23283,0.0074081,32.043,0
11.954,11.929,0.18709,0.018754,32.049,0
11.983,11.931,0.10942,0.038812,32.043,0
11.992,11.935,0.015382,0.042393,32.043,0
11.985,11.939,-0.044003,0.034068,32.053,0.078616
11.987,11.943,-0.10936,0.033268,32.058,0.24594
11.975,11.946,-0.15689,0.02178,32.065,0.38554
11.952,11.948,-0.14991,0.002381,32.064,0.37214
11.94,11.949,-0.14628,-0.0006405,32.07,0.3817
11.926,11.949,-0.16791,-0.0016972,32.065,0.47765
11.901,11.948,-0.20381,-0.0035287,32.056,0.64833
11.877,11.948,-0.29484,-0.0052209,32.043,1.0294
11.851,11.947,-0.37485,-0.0071353,32.037,1.428
11.81,11.947,-0.43264,-0.010131,32.025,1.8092
11.763,11.946,-0.49072,-0.013545,32.015,2.2416
11.709,11.944,-0.53318,-0.017493,31.992,2.6416
11.661,11.943,-0.44496,-0.020879,31.974,2.3019
11.619,11.941,-0.38566,-0.023879,31.937,2.1203
11.589,11.938,-0.3548,-0.025978,31.904,2.0511
11.555,11.936,-0.30216,-0.028366,31.868,1.895
11.531,11.933,-0.2477,-0.030012,31.825,1.7136
11.508,11.93,-0.22286,-0.031572,31.787,1.6631
11.481,11.927,-0.20956,-0.033428,31.743,1.6716
11.466,11.923,-0.16403,-0.034423,31.693,1.5203
11.441,11.92,-0.16901,-0.036076,31.654,1.5947
11.415,11.916,-0.13145,-0.037835,31.615,1.5063
11.396,11.912,-0.1023,-0.039038,31.559,1.4336
11.395,11.908,-0.11578,-0.038955,31.512,1.478
11.379,11.905,-0.1407,-0.039956,31.455,1.6033
11.358,11.901,-0.11281,-0.041319,31.401,1.5381
11.34,11.896,-0.1163,-0.042482,31.348,1.5866
11.336,11.892,-0.05698,-0.042566,31.297,1.3677
11.34,11.888,-0.05725,-0.042034,31.249,1.3485
11.341,11.884,-0.03464,-0.041718,31.202,1.2578
11.335,11.88,-0.035039,-0.041951,31.152,1.2631
11.334,11.875,-0.085048,-0.041845,31.098,1.4315
11.315,11.871,-0.22838,-0.043048,31.041,2.0479
11.285,11.867,-0.28481,-0.045211,30.993,2.3857
11.26,11.862,-0.27752,-0.04688,30.925,2.4065
11.231,11.858,-0.25527,-0.048896,30.872,2.3698
11.209,11.853,-0.22004,-0.050407,30.8,2.2533
11.182,11.848,-0.18351,-0.052285,30.733,2.1491
11.164,11.843,-0.1195,-0.053492,30.667,1.9121
11.145,11.837,-0.099598,-0.05477,30.6,1.8677
11.128,11.832,-0.18495,-0.055858,30.529,2.2606
11.103,11.826,-0.19319,-0.057532,30.468,2.3507
11.09,11.82,-0.2112,-0.058332,30.388,2.4537
11.078,11.815,-0.2273,-0.059022,30.309,2.5461
11.054,11.809,-0.25001,-0.060709,30.24,2.7102
11.02,11.803,-0.22152,-0.063173,30.158,2.6494
10.993,11.796,-0.21941,-0.065061,30.088,2.6984
10.979,11.79,-0.16408,-0.06595,29.998,2.4566
10.956,11.783,-0.13042,-0.067554,29.913,2.3493
10.947,11.776,-0.080796,-0.068014,29.833,2.1421
10.939,11.77,0.010819,-0.068359,29.744,1.7844
10.933,11.763,0.077257,-0.068553,29.667,1.5496
10.945,11.756,0.10827,-0.067337,29.58,1.4064
10.96,11.749,0.14171,-0.065778,29.499,1.2552
10.98,11.743,0.082095,-0.063823,29.42,1.3772
10.997,11.736,0.048041,-0.062073,29.336,1.4312
10.999,11.73,-0.012395,-0.06158,29.268,1.6191
10.998,11.724,-0.085802,-0.061434,29.187,1.8844
10.996,11.718,-0.11369,-0.061264,29.113,1.9843
10.976,11.712,-0.085774,-0.062692,29.047,1.908
10.97,11.705,-0.1158,-0.062846,28.969,2.0267
10.963,11.699,-0.053954,-0.063215,28.886,1.7824
10.964,11.693,-0.03737,-0.062806,28.814,1.7007
10.954,11.686,0.0026901,-0.063285,28.743,1.5625
10.958,11.68,-0.0034921,-0.062656,28.677,1.5604
10.953,11.674,0.00050304,-0.062769,28.596,1.5416
10.95,11.668,-0.025303,-0.062745,28.519,1.6253
10.952,11.661,-0.049546,-0.062242,28.455,1.6943
10.95,11.655,-0.12274,-0.062043,28.394,1.9703
10.941,11.649,-0.13867,-0.062519,28.326,2.0437
10.934,11.643,-0.11436,-0.062759,28.259,1.943
10.931,11.636,-0.12304,-0.062665,28.197,1.9694
10.911,11.63,-0.070652,-0.064095,28.119,1.7931
10.895,11.624,-0.02927,-0.065208,28.054,1.6619
10.897,11.617,0.0062178,-0.064677,27.983,1.5142
10.904,11.611,0.055154,-0.063706,27.904,1.3188
10.917,11.604,0.11469,-0.062197,27.834,1.0962
10.935,11.598,0.18666,-0.060271,27.756,0.85478
10.946,11.592,0.28837,-0.058944,27.686,0.59781
10.98,11.586,0.43457,-0.055451,27.616,0.29731
11.031,11.581,0.54593,-0.050484,27.549,0.11242
11.094,11.576,0.61799,-0.044351,27.5,0
11.157,11.571,0.65732,-0.038262,27.452,0
11.221,11.567,0.68062,-0.031986,27.409,0
11.283,11.564,0.65137,-0.026014,27.371,0
11.343,11.561,0.61256,-0.020253,27.339,0
11.407,11.559,0.60014,-0.014178,27.319,0
11.474,11.558,0.63129,-0.0077836,27.311,0
11.535,11.557,0.64258,-0.0020352,27.299,0
11.607,11.557,0.64622,0.034264,27.29,0
11.669,11.56,0.67575,0.074559,27.291,0
11.745,11.568,0.67248,0.12099,27.311,0
11.82,11.58,0.64249,0.16418,27.332,0
11.887,11.596,0.63818,0.19803,27.362,0
11.951,11.616,0.65011,0.22777,27.391,0
12.008,11.639,0.61932,0.25094,27.433,0
12.068,11.664,0.66653,0.27406,27.478,0
12.133,11.692,0.61707,0.2988,27.524,0
12.186,11.721,0.47028,0.3137,27.563,0
12.233,11.753,0.31192,0.32288,27.603,0
12.267,11.785,0.18468,0.32331,27.652,0
12.292,11.817,0.004885,0.31761,27.704,0
12.292,11.849,-0.0049088,0.2948,27.74,0
12.284,11.879,0.026891,0.26939,27.779,0
12.284,11.906,0.07954,0.25071,27.827,0
12.287,11.931,0.078244,0.23552,27.857,0
12.298,11.954,0.077021,0.22694,27.884,0
12.308,11.977,-0.0043025,0.21787,27.909,0
12.316,11.999,-0.14634,0.20817,27.951,0.19737
12.301,12.019,-0.27727,0.18453,27.989,0.66879
12.274,12.038,-0.3758,0.15444,28.022,1.0896
12.235,12.053,-0.5626,0.11899,28.04,2.0285
12.179,12.065,-0.74658,0.074572,28.065,3.1681
12.113,12.073,-0.92225,0.025962,28.076,4.4721
12.016,12.075,-1.0926,-0.0055149,28.067,6.2143
11.904,12.075,-1.2176,-0.015887,28.047,7.9939
11.777,12.073,-1.2235,-0.027651,28.017,8.6256
11.657,12.07,-1.3391,-0.038698,27.986,10.578
11.515,12.067,-1.3968,-0.051775,27.929,12.018
11.379,12.061,-1.5683,-0.06432,27.859,15.233
11.231,12.055,-1.8838,-0.077951,27.776,21.731
11.041,12.047,-2.2319,-0.095689,27.682,30.94
10.811,12.038,-2.4765,-0.1173,27.57,39.389
10.564,12.026,-2.7102,-0.14079,27.434,48.858
10.29,12.012,-2.8384,-0.16717,27.283,55.448
10.015,11.995,-2.8541,-0.19403,27.102,57.714
9.7278,11.976,-2.8698,-0.22272,26.893,60.037
9.438,11.953,-2.864,-0.25229,26.662,61.476
9.149,11.928,-2.7361,-0.28276,26.395,58.175
8.872,11.9,-2.6518,-0.31295,26.105,56.656
8.603,11.869,-2.5998,-0.34339,25.789,56.283
8.3478,11.834,-2.3909,-0.37356,25.449,50.804
8.1145,11.797,-2.1719,-0.40243,25.094,45.56
7.9064,11.757,-2.0196,-0.42979,24.718,42.442
7.7083,11.714,-1.8014,-0.45745,24.32,37.968
7.5299,11.668,-1.4844,-0.48402,23.909,31.882
7.3854,11.62,-1.2832,-0.5078,23.485,28.521
7.2545,11.569,-1.1034,-0.53087,23.056,25.75
7.1416,11.516,-0.95776,-0.5524,22.628,23.635
7.0385,11.46,-0.75508,-0.57341,22.198,20.837
6.9603,11.403,-0.61339,-0.59266,21.749,18.945
6.8932,11.344,-0.52776,-0.61055,21.31,17.791
6.8357,11.283,-0.42351,-0.62811,20.863,16.43
6.8031,11.22,-0.28444,-0.64268,20.416,14.689
6.7728,11.156,-0.27957,-0.65684,19.978,14.356
6.7391,11.09,-0.23246,-0.67162,19.548,13.623
6.7157,11.023,-0.1772,-0.68496,19.122,12.796
6.6899,10.954,-0.11935,-0.69881,18.701,11.983
6.6857,10.884,-0.062432,-0.70992,18.273,11.129
6.6796,10.813,0.015449,-0.7208,17.859,10.161
6.6834,10.741,0.026749,-0.73055,17.44,9.693
6.6869,10.668,0.090915,-0.73947,17.037,8.8693
6.7027,10.594,0.20793,-0.74517,16.649,7.7355
6.7223,10.52,0.27849,-0.74985,16.267,6.9612
6.7505,10.445,0.32366,-0.75203,15.894,6.3549
6.784,10.37,0.42935,-0.75274,15.527,5.4984
6.8253,10.294,0.49487,-0.75068,15.172,4.8866
6.8785,10.219,0.45814,-0.74503,14.826,4.6833
6.9266,10.145,0.42342,-0.73803,14.507,4.4941
6.9693,10.071,0.47777,-0.73186,14.191,4.0031
7.0265,9.9979,0.47899,-0.72173,13.877,3.6946
7.0681,9.9257,0.45849,-0.71405,13.577,3.4954
7.1179,9.8543,0.48054,-0.70229,13.295,3.1721
7.1605,9.784,0.48809,-0.69136,13.023,2.921
7.2072,9.7149,0.45123,-0.67716,12.772,2.7887
7.2431,9.6472,0.43815,-0.66538,12.526,2.6198
7.2828,9.5807,0.41315,-0.65183,12.284,2.4796
7.3158,9.5155,0.36951,-0.63805,12.065,2.4015
7.3455,9.4517,0.37105,-0.62463,11.852,2.2277
7.38,9.3892,0.31018,-0.60901,11.646,2.1957
7.4088,9.3283,0.25053,-0.59383,11.454,2.1799
7.4332,9.2689,0.20318,-0.57967,11.265,2.1473
7.4516,9.211,0.16876,-0.56593,11.094,2.0982
7.4678,9.1544,0.076198,-0.55264,10.926,2.2245
7.4829,9.0991,0.21805,-0.53926,10.764,1.7241
7.5146,9.0452,0.195,-0.51938,10.613,1.6389
7.5391,8.9932,0.16174,-0.5022,10.461,1.5906
7.5617,8.943,0.24098,-0.48492,10.32,1.3128
7.5913,8.8945,0.31416,-0.4654,10.177,1.0814
7.6268,8.848,0.20591,-0.44301,10.046,1.1465
7.6496,8.8037,0.26113,-0.42479,9.9252,0.96001
7.6771,8.7612,0.30871,-0.40405,9.8192,0.80373
7.7022,8.7208,0.20158,-0.38455,9.7135,0.87543
7.7224,8.6823,0.094351,-0.36634,9.6222,0.9999
7.7376,8.6457,0.0045986,-0.3503,9.5338,1.1351
7.7435,8.6107,-0.11556,-0.33803,9.448,1.4116
7.7345,8.5769,-0.18511,-0.33151,9.3695,1.5979
7.7212,8.5437,-0.26788,-0.32663,9.2947,1.8667
7.6879,8.5111,-0.32794,-5.2,9.2203,183.86
7.6503,7.9911,-0.39065,-0.12889,9.164,1.7378
7.6148,7.9782,-0.47611,-0.13797,9.1321,2.1752
7.5645,7.9644,-0.56285,-0.1526,9.0943,2.6897
7.5014,7.9491,-0.61809,-0.17204,9.0442,3.0804
7.4376,7.9319,-0.71316,-0.19137,8.9916,3.7529
7.3694,7.9128,-0.77488,-5.2,8.9373,170.91
7.2884,7.3928,-0.82045,-0.038077,8.9026,3.8761
7.2136,7.389,-0.89181,-0.064114,8.8856,4.5508
7.1279,7.3826,-0.93743,-0.093245,8.8738,5.0716
7.0284,7.3732,-0.96774,-0.12682,8.8423,5.4979
6.9283,7.3605,-1.0281,-0.15975,8.8064,6.2027
6.8228,7.3446,-1.071,-0.19394,8.7635,6.7743
6.7228,7.3252,-1.1674,-0.2257,8.7052,7.8991
6.6036,7.3026,-1.2783,-5.2,8.6374,81.985
6.4675,6.7826,-1.3125,-0.11113,8.5868,9.016
6.3411,6.7715,-1.3474,-0.15257,8.5518,9.6971
6.2143,6.7562,-1.3669,-0.19372,8.4958,10.181
6.0762,6.7369,-1.2421,-0.23841,8.4311,8.92
5.9567,6.713,-0.9542,-5.2,8.3541,34.764
5.8666,6.193,-0.67935,-0.11061,8.2898,3.3512
5.805,6.182,-0.41978,-0.12824,8.2607,1.9897
5.7568,6.1691,-0.15044,-0.14088,8.2271,0.9785
5.7399,6.1551,0.065641,-0.1428,8.1815,0.41313
5.7513,6.1408,0.13079,-0.13455,8.1472,0.25463
5.7545,6.1273,0.23812,-0.12934,8.1152,0.074694
5.7775,6.1144,0.36526,-0.11753,8.0761,0
5.8084,6.1026,0.46033,-5.2,8.0379,45.858
5.8528,5.5826,0.5116,0.20987,8.029,0
5.9074,5.6036,0.55451,0.23513,8.0522,0
5.9698,5.6271,0.55124,0.26456,8.0923,0
6.023,5.6536,0.47304,0.28416,8.1305,0
6.0622,5.682,0.40448,0.29107,8.1625,0
6.101,5.7111,0.39456,0.29731,8.2063,0
6.1468,5.7408,0.39196,0.30816,8.2448,0
6.1792,5.7717,0.34903,0.30818,8.2905,0
6.2054,5.8025,0.4002,0.30333,8.3325,0
6.2396,5.8328,0.43399,0.30519,8.3811,0
6.2828,5.8633,0.40514,0.31361,8.4314,0
6.3213,5.8947,0.39388,0.31748,8.4721,0
6.3637,5.9264,0.42683,0.32413,8.5213,0
6.3975,5.9588,0.38598,0.32353,8.5605,0
6.4433,5.9912,0.37082,0.33163,8.5949,0
6.4842,6.0244,0.36745,0.33602,8.6471,0
6.529,6.058,0.34002,0.34241,8.6853,0
6.5601,6.0922,0.26447,0.33863,8.7352,0
6.5954,6.1261,0.24401,0.33837,8.7887,0
6.6251,6.1599,0.23551,0.33358,8.8262,0
6.6564,6.1933,0.28575,0.33072,8.873,0
6.6887,6.2263,0.31393,0.32855,8.9132,0
6.7241,6.2592,0.3318,0.32922,8.9681,0
6.7637,6.2921,0.3397,0.33256,9.0141,0
6.8072,6.3254,0.36034,0.33851,9.0642,0
6.8396,6.3592,0.33721,0.33587,9.1076,0
6.8756,6.3928,0.32759,0.33651,9.1649,0
6.9151,6.4265,0.40049,0.33898,9.2073,0
6.9471,6.4604,0.50818,0.33627,9.2557,0
7.0028,6.494,0.56178,0.35043,9.313,0
7.0645,6.529,0.60307,0.36741,9.3683,0
7.1279,6.5658,0.61516,0.38431,9.4282,0
7.1961,6.6042,0.56689,0.40288,9.485,0
7.2549,6.6445,0.51611,0.41337,9.5399,0
7.304,6.6858,0.45959,0.41653,9.5968,0
7.356,6.7275,0.37355,0.42141,9.6556,0
7.3886,6.7696,0.25946,0.41308,9.7183,0
7.4106,6.8109,0.17538,0.39805,9.7701,0
7.4252,6.8507,-0.010456,0.37942,9.8223,0
7.4299,6.8887,-0.26703,0.35616,9.884,0.53299
7.4079,6.9243,-0.55512,0.31672,9.9275,1.9417
7.344,6.956,-0.81456,0.25328,9.9761,3.6616
7.2583,6.9813,-0.9876,0.18011,10.001,5.0616
7.1626,6.9993,-1.072,0.10594,10.026,5.8115
7.0496,7.0099,-1.1891,0.02569,10.028,6.9486
6.9395,7.0125,-1.1602,-0.020623,10.035,6.8353
6.8293,7.0104,-1.4739,-0.051214,10.031,10.896
6.6897,7.0053,-1.0983,-0.089643,9.9997,6.8612
