27.5,27.5,-0.57657,0,0,2.1372
27.441,27.5,-0.42534,-0.0091254,35.497,1.5307
27.392,27.499,-0.2064,-0.016467,35.497,0.77029
27.374,27.497,-0.14275,-0.018953,35.48,0.59896
27.367,27.496,-0.087245,-0.019778,35.469,0.44793
27.355,27.494,-0.1092,-0.021374,35.455,0.53031
27.347,27.491,-0.17421,-0.022247,35.445,0.74208
27.326,27.489,-0.17557,-0.025192,35.426,0.78641
27.317,27.487,-0.1719,-0.026121,35.418,0.78687
27.302,27.484,-0.16828,-0.02809,35.41,0.80168
27.277,27.481,-0.1217,-0.031544,35.387,0.69921
27.26,27.478,-0.12913,-0.033688,35.36,0.75014
27.256,27.475,-0.11633,-0.033855,35.345,0.71226
27.237,27.471,-0.10653,-0.036365,35.316,0.71452
27.233,27.468,-0.10729,-0.036397,35.283,0.71642
27.215,27.464,-0.13255,-0.038688,35.253,0.82501
27.196,27.46,-0.11618,-0.041063,35.228,0.80391
27.185,27.456,-0.10233,-0.042218,35.207,0.77541
27.174,27.452,-0.11475,-0.043365,35.17,0.8282
27.169,27.448,-0.06637,-0.043415,35.148,0.68155
27.169,27.443,-0.01034,-0.042888,35.123,0.52002
27.172,27.439,0.0013369,-0.041819,35.086,0.4762
27.169,27.435,-0.031752,-0.041559,35.062,0.5591
27.16,27.431,0.035096,-0.042378,35.03,0.39858
27.165,27.426,0.055205,-0.040995,34.994,0.33544
27.179,27.422,0.052051,-0.038199,34.969,0.31051
27.178,27.418,0.066998,-0.03782,34.949,0.273
27.187,27.415,0.026123,-0.035898,34.918,0.34284
27.192,27.411,-0.060677,-0.034496,34.885,0.54755
27.195,27.408,-0.17408,-0.033553,34.869,0.88341
27.18,27.404,-0.25106,-0.035409,34.843,1.1856
27.159,27.401,-0.28011,-0.038226,34.813,1.3394
27.139,27.397,-0.22728,-0.040815,34.795,1.1707
27.122,27.393,-0.24242,-0.042962,34.763,1.2576
27.088,27.389,-0.26027,-0.047758,34.73,1.3956
27.069,27.384,-0.26948,-0.050077,34.693,1.4652
27.037,27.379,-0.24848,-0.054424,34.65,1.4416
27.009,27.373,-0.2705,-0.058142,34.624,1.5847
26.987,27.367,-0.19447,-0.060812,34.582,1.3195
26.965,27.361,-0.10328,-0.063488,34.54,1.0325
26.958,27.355,-0.031528,-0.063659,34.503,0.81104
26.948,27.349,-0.0031909,-0.064355,34.466,0.73765
26.95,27.342,0.078333,-0.063089,34.421,0.51304
26.965,27.336,0.11067,-0.059785,34.383,0.40297
26.968,27.33,0.12455,-0.058445,34.351,0.35844
26.981,27.324,0.090834,-0.055488,34.32,0.39801
26.982,27.319,0.090463,-0.054382,34.281,0.38572
26.996,27.313,0.049245,-0.051421,34.252,0.44657
27.003,27.308,0.066135,-0.049529,34.215,0.38561
27.003,27.303,0.071906,-0.048693,34.179,0.36263
27.007,27.298,0.14152,-0.047349,34.152,0.20525
27.02,27.293,0.17508,-0.04454,34.127,0.1172
27.036,27.289,0.2138,-0.04126,34.111,0.024641
27.051,27.285,0.16522,-0.038061,34.096,0.070824
27.067,27.281,0.12147,-0.035001,34.071,0.1175
27.072,27.278,0.035732,-0.033495,34.046,0.27726
27.073,27.274,-0.080066,-0.032922,34.023,0.56502
27.07,27.271,-0.12872,-0.032848,34.011,0.70843
27.05,27.268,-0.13235,-0.035669,33.999,0.75447
27.031,27.264,-0.071572,-0.038101,33.981,0.60143
27.025,27.26,-0.058707,-0.038593,33.953,0.57032
27.014,27.256,0.012119,-0.039817,33.939,0.39933
27.014,27.252,-0.036041,-0.039187,33.919,0.51464
27.013,27.248,-0.076996,-0.038676,33.887,0.62155
27.011,27.245,-0.1197,-0.038389,33.86,0.74515
27.009,27.241,-0.071961,-0.038131,33.842,0.59962
27.01,27.237,-0.024206,-0.037436,33.818,0.46128
27.002,27.233,0.062136,-0.038202,33.802,0.26418
27.017,27.229,0.10387,-0.035166,33.774,0.14725
27.032,27.226,0.095004,-0.031994,33.757,0.1325
27.045,27.223,0.090042,-0.029316,33.743,0.11518
27.061,27.22,0.065033,-0.026228,33.734,0.13367
27.063,27.217,0.00035711,-0.025483,33.717,0.26724
27.064,27.215,0.0091088,-0.024878,33.706,0.24029
27.065,27.212,0.015601,-0.024395,33.701,0.22033
27.068,27.21,0.0098015,-0.023559,33.689,0.22449
27.074,27.207,0.028002,-0.022055,33.674,0.16795
27.077,27.205,0.1054,-0.021266,33.665,0.0066745
27.083,27.203,0.11401,-0.019902,33.659,0
27.086,27.201,0.15983,-0.01914,33.643,0
27.101,27.199,0.17314,-0.016307,33.633,0
27.123,27.197,0.15734,-0.012426,33.631,0
27.137,27.196,0.19783,-0.0099015,33.631,0
27.159,27.195,0.24886,-0.0060655,33.618,0
27.177,27.195,0.26271,-0.0029276,33.618,0
27.212,27.194,0.30449,0.0035216,33.609,0
27.237,27.195,0.33291,0.008448,33.603,0
27.272,27.195,0.30256,0.015016,33.6,0
27.305,27.197,0.29293,0.021403,33.601,0
27.342,27.199,0.28382,0.028236,33.618,0
27.379,27.202,0.26091,0.035017,33.633,0
27.414,27.205,0.24654,0.041268,33.66,0
27.448,27.21,0.27377,0.047211,33.688,0
27.468,27.214,0.28097,0.050253,33.709,0
27.491,27.219,0.30433,0.053644,33.741,0
27.52,27.225,0.34003,0.058458,33.765,0
27.563,27.231,0.36974,0.065856,33.789,0
27.595,27.237,0.35087,0.07086,33.821,0
27.638,27.244,0.33986,0.077995,33.848,0
27.664,27.252,0.32263,0.081683,33.88,0
27.702,27.26,0.28132,0.087537,33.916,0
27.728,27.269,0.26765,0.090992,33.959,0
27.746,27.278,0.252,0.09291,34.008,0
27.772,27.287,0.27857,0.096361,34.054,0
27.792,27.297,0.2826,0.098444,34.107,0
27.821,27.307,0.29441,0.10217,34.149,0
27.841,27.317,0.32101,0.10431,34.203,0
27.879,27.327,0.35656,0.10978,34.251,0
27.908,27.338,0.34501,0.11351,34.304,0
27.942,27.35,0.3382,0.11808,34.357,0
27.976,27.362,0.30631,0.12269,34.416,0
28.012,27.374,0.27002,0.12743,34.474,0
28.03,27.387,0.2665,0.12857,34.544,0
28.066,27.399,0.2371,0.13342,34.604,0
28.099,27.413,0.23308,0.13746,34.674,0
28.131,27.427,0.29261,0.14129,34.741,0
28.162,27.441,0.29872,0.14479,34.809,0
28.191,27.455,0.25923,0.14778,34.884,0
28.22,27.47,0.24444,0.1508,34.956,0
28.243,27.485,0.1557,0.15248,35.031,0
28.267,27.5,0.049983,0.15446,35.113,0
28.279,27.516,-0.046592,0.15394,35.192,0
28.275,27.531,-0.095333,0.15026,35.261,0
28.262,27.546,-0.12711,0.14463,35.332,0
28.258,27.561,-0.10916,0.14101,35.405,0
28.238,27.575,-0.11321,0.13429,35.475,0
28.221,27.588,-0.12887,0.1282,35.533,0
28.209,27.601,-0.17467,0.1232,35.603,0
28.195,27.613,-0.22533,0.1181,35.657,0
28.166,27.625,-0.17315,0.10974,35.718,0
28.146,27.636,-0.15716,0.10353,35.768,0
28.139,27.646,-0.10466,0.10014,35.825,0
28.129,27.656,-0.0069751,0.0961,35.873,0
28.125,27.666,0.085289,0.093478,35.927,0
28.136,27.675,0.10057,0.093767,35.968,0
28.142,27.685,0.16931,0.093245,36.016,0
28.159,27.694,0.23566,0.094782,36.058,0
28.181,27.704,0.25818,0.097397,36.099,0
28.201,27.713,0.31578,0.099502,36.153,0
28.232,27.723,0.32389,0.10402,36.208,0
28.257,27.734,0.30919,0.10695,36.264,0
28.295,27.744,0.30778,0.11259,36.318,0
28.328,27.756,0.3696,0.11711,36.378,0
28.372,27.767,0.36141,0.12394,36.439,0
28.412,27.78,0.3782,0.12971,36.508,0
28.443,27.793,0.39098,0.1334,36.568,0
28.488,27.806,0.40413,0.14019,36.64,0
28.526,27.82,0.37162,0.14514,36.702,0
28.565,27.835,0.36871,0.15022,36.783,0
28.608,27.85,0.36326,0.15619,36.866,0
28.634,27.865,0.39848,0.15861,36.951,0
28.672,27.881,0.43048,0.16336,37.032,0
28.722,27.897,0.46647,0.17049,37.119,0
28.765,27.914,0.46509,0.17588,37.201,0
28.819,27.932,0.49081,0.18368,37.295,0
28.868,27.95,0.4771,0.19032,37.392,0
28.912,27.969,0.46503,0.19562,37.487,0
28.953,27.989,0.43533,0.2004,37.592,0
28.998,28.009,0.48039,0.20582,37.68,0
29.056,28.03,0.46214,0.21372,37.776,0
29.106,28.051,0.46859,0.21994,37.875,0
29.152,28.073,0.47112,0.22519,37.975,0
29.2,28.095,0.44052,0.2307,38.08,0
29.242,28.119,0.40645,0.23505,38.19,0
29.285,28.142,0.43789,0.23947,38.302,0
29.32,28.166,0.43207,0.24193,38.408,0
29.361,28.19,0.4395,0.24572,38.522,0
29.401,28.215,0.45589,0.24928,38.633,0
29.456,28.24,0.45885,0.25603,38.759,0
29.509,28.265,0.44494,0.26215,38.884,0
29.558,28.292,0.48205,0.26712,39.001,0
29.607,28.318,0.48154,0.27236,39.128,0
29.656,28.345,0.48011,0.27729,39.251,0
29.696,28.373,0.47249,0.28027,39.384,0
29.735,28.401,0.47921,0.28286,39.52,0
29.786,28.429,0.4712,0.28813,39.654,0
29.83,28.458,0.4566,0.29172,39.798,0
29.866,28.487,0.42532,0.29367,39.94,0
29.911,28.517,0.43146,0.29737,40.069,0
29.959,28.547,0.44711,0.30165,40.206,0
29.998,28.577,0.4229,0.30396,40.345,0
30.045,28.607,0.40916,0.30786,40.481,0
30.089,28.638,0.4159,0.31108,40.633,0
30.124,28.669,0.41209,0.31255,40.787,0
30.164,28.7,0.40255,0.3148,40.937,0
30.202,28.732,0.39128,0.31668,41.083,0
30.239,28.763,0.39148,0.31817,41.238,0
30.288,28.795,0.41348,0.3223,41.382,0
30.331,28.827,0.42612,0.32515,41.525,0
30.381,28.86,0.3835,0.32933,41.679,0
30.422,28.893,0.382,0.33148,41.838,0
30.462,28.926,0.36255,0.33344,41.984,0
30.491,28.959,0.34039,0.33302,42.14,0
30.516,28.993,0.32907,0.33164,42.293,0
30.547,29.026,0.37262,0.33147,42.448,0
30.581,29.059,0.35988,0.3321,42.607,0
30.609,29.092,0.37922,0.33144,42.757,0
30.648,29.125,0.40539,0.33325,42.911,0
30.694,29.159,0.39709,0.33641,43.058,0
30.738,29.192,0.37877,0.33909,43.205,0
30.771,29.226,0.39662,0.33925,43.362,0
30.814,29.26,0.36808,0.34159,43.522,0
30.857,29.294,0.3103,0.34396,43.677,0
30.884,29.329,0.28238,0.34279,43.835,0
30.913,29.363,0.27603,0.34198,43.988,0
30.937,29.397,0.22689,0.34021,44.142,0
30.966,29.431,0.19685,0.33955,44.305,0
30.99,29.465,0.18318,0.33769,44.453,0
31.01,29.499,0.21097,0.3349,44.601,0
31.028,29.532,0.21838,0.332,44.76,0
31.041,29.566,0.21589,0.32784,44.915,0
31.055,29.598,0.18438,0.32405,45.063,0
31.079,29.631,0.14209,0.32262,45.204,0
31.101,29.663,0.058402,0.32072,45.358,0
31.113,29.695,-0.034152,0.31655,45.508,0
31.112,29.727,-0.094593,0.30946,45.654,0
31.096,29.758,-0.10305,0.29936,45.784,0
31.09,29.788,-0.10074,0.29158,45.913,0
31.084,29.817,-0.088242,0.2838,46.041,0
31.083,29.845,-0.10948,0.27745,46.174,0
31.07,29.873,-0.14464,0.26863,46.292,0
31.06,29.9,-0.1571,0.2605,46.416,0
31.034,29.926,-0.21417,0.24913,46.533,0
31.011,29.951,-0.28631,0.23857,46.645,0
30.973,29.975,-0.2709,0.2248,46.749,0
30.946,29.997,-0.23171,0.21378,46.842,0
30.929,30.019,-0.25884,0.20522,46.938,0
30.908,30.039,-0.20212,0.19598,47.019,0
30.897,30.059,-0.20623,0.18904,47.099,0
30.872,30.078,-0.25669,0.17928,47.174,0
30.841,30.095,-0.29983,0.16822,47.252,0
30.82,30.112,-0.30324,0.15976,47.333,0
30.788,30.128,-0.3688,0.14899,47.396,0
30.747,30.143,-0.38987,0.1365,47.462,0.017925
30.707,30.157,-0.45857,0.12446,47.514,0.3752
30.656,30.169,-0.46943,0.11004,47.569,0.54928
30.605,30.18,-0.48464,0.096064,47.623,0.74188
30.554,30.19,-0.47587,0.082321,47.655,0.83213
30.516,30.198,-0.45672,0.071953,47.694,0.84675
30.477,30.205,-0.40117,0.061563,47.716,0.7133
30.43,30.211,-0.41781,0.049396,47.749,0.89118
30.393,30.216,-0.45177,0.039919,47.762,1.1244
30.355,30.22,-0.45766,0.030369,47.78,1.2411
30.301,30.223,-0.48575,0.017607,47.799,1.4944
30.254,30.225,-0.44504,0.0064165,47.803,1.4121
30.215,30.226,-0.37354,-0.0011733,47.808,1.1884
30.17,30.226,-0.34341,-0.0058031,47.814,1.1772
30.145,30.225,-0.35527,-0.0084013,47.813,1.2905
30.107,30.224,-0.35758,-0.012275,47.811,1.3969
30.068,30.223,-0.39151,-0.016144,47.801,1.6465
30.025,30.221,-0.42902,-0.020467,47.787,1.9387
29.99,30.219,-0.41819,-0.023949,47.764,1.9786
29.958,30.217,-0.44719,-0.027081,47.743,2.209
29.907,30.214,-0.45811,-0.032148,47.714,2.4061
29.854,30.211,-0.49123,-0.037347,47.68,2.7337
29.811,30.207,-0.52755,-0.041497,47.64,3.0635
29.756,30.203,-0.51451,-0.046937,47.597,3.1455
29.705,30.199,-0.52502,-0.0518,47.548,3.3515
29.654,30.193,-0.4869,-0.05674,47.502,3.2664
29.611,30.188,-0.48214,-0.060762,47.444,3.3532
29.572,30.182,-0.51557,-0.064355,47.387,3.6617
29.516,30.175,-0.52315,-0.069723,47.323,3.8684
29.462,30.168,-0.52282,-0.074825,47.254,4.0172
29.411,30.161,-0.59536,-0.079638,47.176,4.6532
29.359,30.153,-0.58432,-0.084528,47.107,4.7256
29.3,30.144,-0.50957,-0.090121,47.029,4.3807
29.239,30.135,-0.54675,-0.095883,46.951,4.8067
29.181,30.126,-0.53158,-0.1014,46.851,4.8633
29.119,30.116,-0.49262,-0.10732,46.744,4.7664
29.068,30.105,-0.48771,-0.11203,46.652,4.8672
29.019,30.094,-0.51015,-0.1165,46.555,5.1498
28.967,30.082,-0.49028,-0.12125,46.438,5.1418
28.918,30.07,-0.44522,-0.12574,46.332,4.9544
28.876,30.057,-0.43918,-0.12944,46.218,5.0089
28.839,30.044,-0.48805,-0.13252,46.107,5.4268
28.795,30.031,-0.54731,-0.13637,45.986,5.9649
28.731,30.017,-0.56396,-0.14252,45.857,6.2682
28.669,30.003,-0.55627,-0.14842,45.725,6.3741
28.616,29.988,-0.53462,-0.15336,45.598,6.3401
28.57,29.973,-0.52713,-0.15745,45.454,6.3839
28.513,29.957,-0.50169,-0.16291,45.309,6.3315
28.469,29.941,-0.51869,-0.16682,45.16,6.5544
28.426,29.924,-0.55191,-0.17055,45.018,6.9052
28.374,29.907,-0.57564,-0.1755,44.86,7.222
28.321,29.89,-0.57573,-0.18048,44.7,7.3452
28.258,29.872,-0.56166,-0.18659,44.537,7.3846
28.201,29.853,-0.5514,-0.1921,44.371,7.4332
28.149,29.834,-0.55379,-0.19705,44.205,7.5673
28.095,29.814,-0.54852,-0.2022,44.036,7.6411
28.036,29.794,-0.51349,-0.208,43.859,7.4847
27.983,29.773,-0.51624,-0.21305,43.685,7.6157
27.928,29.752,-0.56003,-0.21821,43.515,8.0964
27.868,29.73,-0.55793,-0.22413,43.338,8.2111
27.803,29.708,-0.57471,-0.23071,43.153,8.5064
27.75,29.684,-0.52503,-0.23583,42.959,8.1743
27.705,29.661,-0.49565,-0.24009,42.768,7.9965
27.656,29.637,-0.49589,-0.24468,42.573,8.0744
27.615,29.612,-0.52292,-0.24854,42.373,8.3548
27.558,29.588,-0.52616,-0.25416,42.18,8.4871
27.511,29.562,-0.55502,-0.25861,41.98,8.8053
27.452,29.536,-0.53669,-0.2648,41.766,8.7528
27.399,29.51,-0.48865,-0.2701,41.56,8.421
27.348,29.483,-0.49805,-0.27513,41.354,8.5736
27.289,29.455,-0.4702,-0.28135,41.132,8.4337
27.25,29.427,-0.49492,-0.28487,40.924,8.6691
27.199,29.399,-0.52571,-0.28996,40.713,9.0034
27.154,29.37,-0.54154,-0.29436,40.494,9.1855
27.092,29.34,-0.51193,-0.30107,40.276,9.026
27.043,29.31,-0.50976,-0.30612,40.054,9.0595
27,29.279,-0.50174,-0.31021,39.832,9.0143
26.95,29.248,-0.50689,-0.31538,39.611,9.1112
26.89,29.217,-0.4768,-0.32204,39.376,8.9308
26.845,29.185,-0.46037,-0.32638,39.152,8.8134
26.804,29.152,-0.44734,-0.33035,38.928,8.7148
26.756,29.119,-0.44681,-0.33538,38.694,8.7426
26.717,29.085,-0.4406,-0.33907,38.463,8.6881
26.674,29.052,-0.4592,-0.34356,38.218,8.8551
26.63,29.017,-0.44326,-0.3481,37.971,8.7278
26.591,28.982,-0.44435,-0.35209,37.728,8.7309
26.55,28.947,-0.4482,-0.35602,37.494,8.7582
26.51,28.912,-0.46777,-0.36005,37.249,8.9148
26.456,28.876,-0.44769,-0.36626,37.007,8.7837
26.412,28.839,-0.62081,-0.37074,36.771,10.345
26.349,28.802,-0.91364,-0.37833,36.527,13.549
26.257,28.764,-1.363,-0.39043,36.28,19.966
26.122,28.725,-1.8563,-0.40968,36.022,29.655
25.939,28.684,-2.4823,-0.4368,35.745,46.994
25.695,28.64,-2.9406,-0.47393,35.468,64.899
25.41,28.593,-3.3386,-0.51886,35.154,84.993
25.069,28.541,-3.5876,-0.57399,34.816,100.59
24.709,28.484,-3.8044,-0.63344,34.453,115.95
24.32,28.42,-3.9036,-0.69986,34.054,124.08
23.923,28.35,-4.0427,-0.76952,33.625,135.47
23.521,28.273,-4.0974,-0.84276,33.159,140.56
23.112,28.189,-4.1352,-0.9198,32.672,144.31
22.708,28.097,-4.1381,-0.99886,32.152,145.23
22.3,27.997,-4.1331,-1.0825,31.6,145.52
21.878,27.889,-4.2376,-1.1734,31.006,154.44
21.464,27.772,-4.4178,-1.2669,30.391,170.22
21.025,27.645,-4.5704,-1.3708,29.746,184.69
20.569,27.508,-4.7492,-1.4838,29.076,202.95
20.096,27.36,-4.9298,-1.6077,28.376,223.16
19.606,27.199,-4.9595,-1.744,27.64,226.72
19.117,27.024,-4.9228,-1.8897,26.869,222.65
18.625,26.835,-4.86,-2.0478,26.061,215.92
18.146,26.631,-4.7133,-2.2157,25.22,200.66
17.68,26.409,-4.4346,-2.3912,24.366,174.29
17.24,26.17,-4.0085,-2.5759,23.474,140.17
16.835,25.912,-3.5176,-2.7628,22.576,108.35
16.479,25.636,-2.9828,-2.9492,21.664,80.666
16.181,25.341,-2.4069,-3.1295,20.745,57.276
15.931,25.028,-1.9356,-3.3014,19.837,41.649
15.739,24.698,-1.5985,-3.459,18.941,31.567
15.582,24.352,-1.2846,-3.6116,18.048,23.427
15.452,23.991,-1.1215,-3.7498,17.189,18.579
15.347,23.616,-0.99424,-3.0846,16.357,21.746
15.241,23.308,-0.82503,-2.9175,15.55,20.072
15.164,23.016,-0.60733,-2.9,14.757,16.714
15.112,22.726,-0.40313,-2.9,13.991,13.737
15.076,22.436,-0.076668,-2.9,13.235,10.463
15.068,22.146,0.19108,-2.9,12.506,8.2996
15.084,21.856,0.36669,-2.9,11.819,7.02
15.113,21.566,0.45099,-2.9,11.161,6.2795
15.165,21.276,0.49474,-2.9,10.537,5.7861
15.218,20.986,0.45877,-2.9,9.9464,5.4737
15.269,20.696,0.38356,-2.9,9.3796,5.2346
15.308,20.406,0.30408,-2.9,8.8614,5.063
15.346,20.116,0.25592,-2.9,8.374,5.0254
15.372,19.826,0.21865,-2.9,7.9088,5.1303
15.384,19.536,0.18844,-2.9,7.4878,5.3841
15.397,19.246,0.18993,-2.9,7.0838,5.9364
15.413,18.956,0.18735,-2.9,6.7139,6.712
15.442,18.666,0.15789,-2.9,6.3825,7.6304
15.456,18.376,0.12611,-2.9,6.0809,8.7352
15.472,18.086,0.081257,-4.4,5.8096,69.179
15.474,17.646,0.030316,-4.4,5.5728,90.751
15.478,17.206,-0.0092704,-4.4,5.387,122.61
15.468,16.766,-0.036093,-4.4,5.2321,170.26
15.458,16.326,-0.046008,-4.4,5.1269,248.22
15.449,15.886,-0.068401,-4.4,5.0683,401.82
15.446,15.446,-0.093677,-4.4,5.0506,840.72
15.439,15.006,-0.091785,-4.4,5.0757,4854.2
15.44,14.566,-0.12172,-4.4,5.1367,0
15.432,14.126,-0.17079,-4.4,5.2458,0
15.412,13.686,-0.20497,-4.4,5.403,0
15.401,13.246,-0.24702,-4.4,5.5969,0
15.383,12.806,-0.3316,-4.4,5.8375,0
15.346,12.366,-0.39116,-4.4,6.1079,0
15.315,11.926,-0.45706,-5.2,6.4162,0
15.279,11.406,-0.50841,-5.2,6.7825,0
15.219,10.886,-0.57172,-5.2,7.1938,0
15.16,10.366,-0.60262,-5.2,7.6543,0
15.094,9.8458,-0.63177,-5.2,8.1493,0
15.03,9.3258,-0.68732,-5.2,8.6983,0
14.953,8.8058,-0.75896,-5.2,9.2947,0
14.874,8.2858,-0.83636,3.1984,9.9309,0
14.787,8.6057,-0.94953,2.9781,10.571,0
14.699,8.9035,-1.0788,2.768,11.16,0
14.598,9.1803,-1.179,2.5674,11.715,0.65561
14.479,9.437,-1.2949,2.3708,12.232,2.1513
14.359,9.6741,-1.3988,2.1873,12.712,3.6354
14.223,9.8928,-1.4512,2.009,13.164,4.6032
14.083,10.094,-1.4934,1.8393,13.573,5.4642
13.931,10.278,-1.57,1.6749,13.95,6.8468
13.774,10.445,-1.6359,1.518,14.293,8.1528
13.607,10.597,-1.7008,1.3661,14.612,9.5253
13.428,10.734,-1.7965,1.218,14.896,11.494
13.249,10.855,-1.8658,1.0774,15.146,13.112
13.055,10.963,-1.9123,0.93787,15.362,14.384
12.863,11.057,-1.9315,0.80809,15.567,15.159
12.668,11.138,-1.9244,0.68287,15.737,15.417
12.474,11.206,-1.935,0.56431,15.876,16.009
12.287,11.262,-1.9341,0.4555,15.996,16.356
12.087,11.308,-1.9163,0.34567,16.083,16.379
11.905,11.343,-1.9185,0.24893,16.148,16.757
11.712,11.367,-1.9357,0.15244,16.188,17.432
11.523,11.383,-1.9226,0.062092,16.219,17.495
11.339,11.389,-1.966,-0.010831,16.217,18.805
11.145,11.388,-1.9971,-0.052547,16.195,20.295
10.946,11.383,-2.0324,-0.095037,16.154,21.912
10.745,11.373,-2.0474,-0.13724,16.092,23.085
10.536,11.359,-2.079,-0.18118,16.014,24.665
10.326,11.341,-2.1177,-0.22519,15.919,26.412
10.108,11.319,-2.1604,-0.27142,15.804,28.306
9.8868,11.292,-2.1622,-0.31803,15.682,29.185
9.6714,11.26,-2.1811,-0.36404,15.537,30.426
9.4459,11.223,-2.2113,-0.41369,15.361,31.971
9.2298,11.182,-2.2058,-0.46185,15.172,32.502
9.0097,11.136,-2.2229,-0.51161,14.976,33.602
8.7856,11.085,-2.2625,-0.56368,14.763,35.281
8.5549,11.028,-2.2871,-0.61882,14.534,36.544
8.3361,10.966,-2.2967,-0.67395,14.273,37.265
8.1022,10.899,-2.2857,-0.73558,13.992,37.395
7.8778,10.825,-2.257,-0.79607,13.709,36.933
7.6578,10.746,-2.2592,-0.8578,13.412,37.229
7.4261,10.66,-2.2543,-0.92624,13.097,37.282
7.198,10.567,-2.2475,-0.99725,12.765,37.169
6.9674,10.468,-2.2577,-1.072,12.427,37.434
6.7471,10.36,-2.2693,-1.1468,12.079,37.602
6.5262,10.246,-2.2723,-1.2281,11.708,37.392
6.2985,10.123,-2.2704,-1.3147,11.335,36.965
6.062,9.9915,-2.2644,-1.4097,10.952,36.315
5.8429,9.8505,-2.2784,-1.5051,10.553,36.003
5.6216,9.7,-2.3075,-1.6049,10.156,35.99
5.3917,9.5395,-2.2642,-5.2,9.7357,7.2848
5.1628,9.0195,-2.2439,-5.2,9.3381,3.6914
4.9462,8.4995,-2.2413,-5.2,8.9597,1.6959
4.731,7.9795,-2.1869,-5.2,8.6229,0.57528
4.5094,7.4595,-2.0914,-5.2,8.3221,0
4.3054,6.9395,-2.0464,-5.2,8.0406,0
4.0993,6.4195,-2.0078,-5.2,7.7916,0
3.8973,5.8995,-1.9259,-8.8,7.5775,0
3.7086,5.0195,-1.8284,-8.8,7.4079,0
3.5257,4.1395,-1.7406,-0.16552,7.3141,7.6359
3.3575,4.123,-1.6486,-0.20864,7.2473,7.5873
3.1938,4.1021,-1.5783,-0.25121,7.1598,7.5433
3.0296,4.077,-1.5361,-0.29387,7.0694,7.5194
2.8775,4.0476,-1.5177,-8.8,6.9662,0
2.7231,3.1676,-1.4975,-0.099062,6.8907,5.9272
2.577,3.1577,-1.4887,-0.13045,6.843,6.0308
2.4352,3.1447,-1.4668,-0.16086,6.7861,6.1019
2.2905,3.1286,-1.4303,-0.19244,6.7122,6.1429
2.1477,3.1093,-1.4316,-0.22465,6.6151,6.2245
2.0001,3.0869,-1.4397,-8.8,6.5167,0
1.8473,2.2069,-1.4162,-0.060495,6.4492,4.6792
1.701,2.2008,-1.3569,-0.084775,6.406,4.7575
1.5701,2.1923,-1.2611,-0.10658,6.3518,4.7443
1.4392,2.1817,-1.113,-0.129,6.2775,4.633
1.3318,2.1688,-0.94186,-0.14747,6.2002,4.447
1.2423,2.154,-0.78296,-0.16291,6.1204,4.2564
1.1601,2.1378,-0.64247,-8.8,6.0175,0
1.0945,1.2578,-0.49223,-0.017041,5.9599,2.1652
1.0443,1.256,-0.46628,-0.022134,5.9504,2.1703
