0,0,-0.016885,0,0,0.03548
-0.0069341,0,-0.026044,7.8,35.501,16.459
-0.00031178,0.78,-0.015975,7.8,35.464,18.023
-0.0075252,1.56,-0.014825,7.8,35.342,19.634
-0.017786,2.34,-0.012762,7.8,35.143,21.25
-0.020237,3.12,-0.015052,7.8,34.86,22.859
-0.020538,3.9,-0.016421,7.8,34.502,24.461
-0.022749,4.68,-0.012303,7.8,34.073,26.056
-0.02775,5.46,-0.01091,7.8,33.559,27.663
-0.036089,6.24,-0.011595,6.7,32.962,26.969
-0.044521,6.91,-0.0097521,6.7,32.298,28.356
-0.04775,7.58,-0.0085989,6.7,31.56,29.733
-0.045431,8.25,-0.012248,-0.44005,30.771,16.107
-0.03757,8.206,-0.015466,-0.45464,29.949,15.976
-0.039461,8.1605,-0.014781,-0.47088,29.119,15.852
-0.036721,8.1134,-0.017481,-0.48731,28.307,15.721
-0.030149,8.0647,-0.022066,-0.50472,27.489,15.58
-0.033259,8.0142,-0.019558,-0.52355,26.68,15.438
-0.039499,7.9619,-0.016839,-0.5433,25.886,15.297
-0.044832,7.9076,-0.019344,-0.56465,25.082,15.157
-0.048259,7.8511,-0.020311,-0.58687,24.288,15.003
-0.057795,7.7924,-0.01368,-0.61113,23.494,14.838
-0.067895,7.7313,-0.013911,-0.63687,22.706,14.679
-0.064526,7.6676,-0.015962,-0.66234,21.938,14.493
-0.072669,7.6014,-0.010462,-0.69103,21.164,14.302
-0.080744,7.5323,-0.010228,-0.72102,20.404,14.113
-0.077417,7.4602,-0.011819,-0.75243,19.64,13.896
-0.085982,7.3849,-0.012698,-0.78726,18.88,13.688
-0.085578,7.3062,-0.013382,-0.8233,18.129,13.451
-0.084992,7.2239,-0.019119,-0.8617,17.385,13.213
-0.095463,7.1377,-0.015922,-0.90365,16.654,12.963
-0.088409,7.0473,-0.012732,-0.94554,15.937,12.668
-0.0825,6.9528,-0.013677,-0.99017,15.23,12.37
-0.074594,6.8538,-0.014579,-1.0374,14.531,12.054
-0.074379,6.75,-0.010223,-1.0877,13.853,11.726
-0.073171,6.6412,-0.012964,-1.1435,13.166,11.389
-0.073563,6.5269,-0.020744,-1.2004,12.51,11.052
-0.084039,6.4069,-0.018237,-1.2634,11.861,10.69
-0.086785,6.2805,-0.018233,-1.3294,11.22,10.298
-0.091559,6.1476,-0.023726,-1.3998,10.592,9.8988
-0.098772,6.0076,-0.026226,-1.4761,9.9723,9.4716
-0.097799,5.86,-0.020496,-1.5554,9.3638,8.9882
-0.10396,5.7045,-0.021395,-1.6421,8.7669,8.5017
-0.099962,5.5402,-0.021865,-1.729,8.1891,7.9753
-0.097943,5.3673,-0.015473,-8.8,7.6367,0
-0.098386,4.4873,-0.010471,-8.8,7.1387,0
-0.099764,3.6073,-0.014356,-8.8,6.7298,0
-0.10053,2.7273,-0.013218,-0.60398,6.4105,4.5558
-0.10606,2.6669,-0.0093182,-8.8,6.1316,0
-0.099866,1.7869,-0.013203,-8.8,5.889,0
-0.10455,0.90694,-0.017769,-0.078744,5.7485,1.9454
-0.11575,0.89907,-0.014805,-0.080533,5.6497,1.9423
-0.12476,0.89101,-0.018023,-0.082026,5.5575,1.9479
-0.12301,0.88281,-0.020084,-0.083025,5.451,1.9297
-0.12844,0.87451,-0.015965,-8.8,5.3571,0
-0.12361,0,-0.01206,-0.01206,5.296,0.25341
-0.1323,0,-0.014337,-0.014337,5.2887,0.27122
-0.13378,0,-0.010431,-0.010431,5.2675,0.27424
-0.12871,0,-0.009528,-0.009528,5.2604,0.26385
-0.13037,0,-0.015943,-0.015943,5.2379,0.26727
-0.12551,0,-0.01939,-0.01939,5.2334,0.25729
-0.12859,0,-0.018683,-0.018683,5.2191,0.26361
-0.1233,0,-0.022086,-0.022086,5.211,0.25276
-0.13025,0,-0.021612,-0.021612,5.1978,0.26702
-0.13177,0,-0.014518,-0.014518,5.1765,0.27013
-0.13863,0,-0.012225,-0.012225,5.1667,0.28419
-0.14316,0,-0.015226,-0.015226,5.1431,0.29347
-0.14364,0,-0.012548,-0.012548,5.1383,0.29446
-0.14467,0,-0.011869,-0.011869,5.1245,0.29658
-0.14059,0,-0.017125,-0.017125,5.1006,0.2882
-0.13634,0,-0.015524,-0.015524,5.0799,0.2795
-0.13818,0,-0.011622,-0.011622,5.067,0.28327
-0.13886,0,-0.013641,-0.013641,5.0617,0.28466
-0.14533,0,-0.016166,-0.016166,5.0416,0.29793
-0.15115,0,-0.01273,-0.01273,5.0343,0.30986
-0.15409,0,-0.017079,-0.017079,5.021,0.31588
-0.15995,0,-0.019843,-0.019843,5.0003,0.3279
-0.16157,0,-0.017102,-8.8,4.9773,0
-0.1574,0,-0.014355,-8.8,4.9973,0
-0.15145,0,-0.018473,-0.018473,5.0178,0.31046
-0.15722,0,-0.015045,-0.015045,5.0086,0.32229
-0.1563,0,-0.010927,-8.8,4.9897,0
-0.16308,0,-0.012987,-0.012987,5.01,0.33431
-0.16473,0,-0.01595,-0.01595,5.0008,0.3377
-0.17036,0,-0.0088727,-8.8,4.9744,0
-0.18018,0,-0.0063466,-0.0063466,5.0076,0.36937
-0.18702,0,-0.014114,-8.8,4.9956,0
-0.19183,0,-0.012978,-0.012978,5.0289,0.39324
-0.19028,0,-0.010233,-0.010233,5.0012,0.39007
-0.19694,0,-0.015032,-8.8,4.9766,0
-0.19168,0,-0.020534,-8.8,4.996,0
-0.19401,0,-0.013672,-0.013672,5.0254,0.39772
-0.1912,0,-0.015035,-8.8,4.9994,0
-0.1965,0,-0.01688,-0.01688,5.0237,0.40282
-0.2059,0,-0.015514,-0.015514,5.0101,0.42209
-0.21608,0,-0.011846,-8.8,4.9933,0
-0.22126,0,-0.016885,-0.016885,5.017,0.45359
-0.23276,0,-0.015752,-8.8,4.9976,0
-0.23313,0,-0.015063,-0.015063,5.0212,0.47791
-0.23475,0,-0.018941,-0.018941,5.0021,0.48123
-0.22734,0,-0.022607,-8.8,4.9855,0
-0.22463,0,-0.017806,-8.8,4.9986,0
-0.2251,0,-0.017804,-0.017804,5.0276,0.46146
-0.22369,0,-0.020083,-0.020083,5.0087,0.45856
-0.22111,0,-0.016203,-8.8,4.9838,0
-0.22268,0,-0.011614,-0.011614,5.0008,0.4565
-0.23064,0,-0.016649,-8.8,4.9799,0
-0.2291,0,-0.016882,-8.8,4.9915,0
-0.23844,0,-0.013443,-0.013443,5.0057,0.48879
-0.22982,0,-0.016396,-8.8,4.9799,0
-0.2301,0,-0.016873,-8.8,4.9975,0
-0.22535,0,-0.011831,-0.011831,5.0282,0.46197
-0.22477,0,-0.013424,-0.013424,5.0136,0.46077
-0.22179,0,-0.017778,-8.8,4.9994,0
-0.22156,0,-0.013668,-0.013668,5.0118,0.4542
-0.21508,0,-0.01206,-8.8,4.9914,0
-0.21504,0,-0.013889,-0.013889,5.0064,0.44084
-0.21457,0,-0.012285,-8.8,4.9917,0
-0.21098,0,-0.0054263,-0.0054263,5.016,0.4325
-0.21068,0,-0.0084225,-8.8,4.9956,0
-0.21919,0,-0.015756,-0.015756,5.0242,0.44933
-0.2116,0,-0.012831,-0.012831,5.0019,0.43378
-0.22062,0,-0.014199,-8.8,4.9816,0
-0.21736,0,-0.019002,-0.019002,5.0005,0.44558
-0.2254,0,-0.016941,-8.8,4.9845,0
-0.23055,0,-0.011667,-0.011667,5.0063,0.47264
-0.2306,0,-0.015961,-8.8,4.9793,0
-0.23736,0,-0.014827,-0.014827,5.0081,0.48659
-0.24196,0,-0.013689,-8.8,4.9885,0
-0.24075,0,-0.018935,-0.018935,5.0012,0.49355
-0.24115,0,0.083055,-8.8,4.982,0
-0.23521,0,0.21487,-8.8,4.9929,0
-0.21663,0,0.36084,0.36084,5.0115,0.4441
-0.18408,0.036084,0.5159,-8.8,4.9977,0
-0.12323,0,0.67578,0.67578,5.0275,0.25262
-0.052858,0.067578,0.69662,-8.8,5.0101,0
0.023814,0,0.6719,0.6719,5.0487,0
0.091817,0.06719,0.63005,0.63005,5.0444,0
0.15498,0.13019,0.57908,-8.8,5.0368,0
0.21298,0,0.53241,0.53241,5.0933,0
0.26801,0.053241,0.52075,0.52075,5.1208,0
0.32522,0.10532,0.52807,0.52807,5.1361,0
0.3689,0.15812,0.53454,0.53454,5.1493,0
0.42706,0.21158,0.5451,0.5451,5.1641,0
0.48427,0.26609,0.56443,0.56443,5.1811,0
0.54903,0.32253,0.55494,0.55494,5.1943,0
0.60518,0.37803,0.54053,0.54053,5.2203,0
0.66755,0.43208,0.53446,0.53446,5.2485,0
0.71314,0.48552,0.5139,0.5139,5.2794,0
0.76122,0.53691,0.46126,0.46126,5.2984,0
0.80809,0.58304,0.46819,0.46819,5.3267,0
0.86283,0.62986,0.49433,0.49433,5.3529,0
0.9036,0.67929,0.51115,0.51115,5.3788,0
0.94843,0.73041,0.58993,0.58993,5.4032,0
1.0097,0.7894,0.71205,0.71205,5.4183,0
1.0804,0.86061,0.82313,0.82313,5.4421,0
1.1704,0.94292,0.94634,-8.8,5.4663,0
1.2636,0.062919,1.1579,1.1579,5.5334,0
1.3829,0.17871,1.3329,1.3329,5.653,0
1.517,0.312,1.4926,1.4926,5.781,0
1.6698,0.46126,1.664,1.664,5.9013,0
1.8299,0.62766,1.8821,1.8821,6.0281,0
2.0089,0.81586,2.0194,2.0194,6.1497,0
2.213,1.0178,2.1224,4.9,6.2766,8.7408
2.4329,1.5078,2.1715,4.9,6.3919,9.5119
2.6534,1.9978,2.2012,2.3389,6.4721,0
2.881,2.2317,2.1222,1.9433,6.5398,0
3.0926,2.426,1.8737,1.7515,6.6088,0
3.2821,2.6012,1.5069,1.6084,6.6824,0
3.4419,2.762,1.1484,1.4674,6.7576,0
3.5539,2.9087,0.76371,1.2869,6.8155,0
3.6228,3.0374,0.41608,1.0954,6.88,0.54201
3.6562,3.147,0.23271,0.90465,6.937,0.75173
3.6889,3.2374,0.20118,0.76943,6.9824,0.53388
3.7115,3.3144,0.17445,0.65356,7.015,0.37465
3.7283,3.3797,0.14918,0.55776,7.0522,0.27353
3.742,3.4355,0.099193,0.47872,7.0758,0.29178
3.7467,3.4834,0.044912,0.40306,7.0989,0.33739
3.7425,3.5237,-0.013082,0.32954,7.1228,0.40542
3.7473,3.5566,-0.04478,0.28348,7.1457,0.43387
3.7517,3.585,-0.083728,0.24524,7.1646,0.5007
3.7458,3.6095,-0.08975,0.19847,7.1752,0.44841
3.7458,3.6294,-0.059514,0.16801,7.1783,0.31188
3.7442,3.6462,-0.017513,0.14083,7.1988,0.1619
3.7518,3.6603,0.051709,0.13068,7.204,0
3.7581,3.6733,0.17497,0.12042,7.2147,0
3.7849,3.6854,0.26756,0.14085,7.2248,0
3.8098,3.6994,0.35015,0.15534,7.233,0
3.8544,3.715,0.41166,0.19519,7.2458,0
3.8978,3.7345,0.46409,0.22716,7.2634,0
3.9384,3.7572,0.43185,0.2501,7.2872,0
3.9841,3.7822,0.383,0.27649,7.3108,0
4.0273,3.8099,0.27384,0.29529,7.3415,0
4.0543,3.8394,0.1845,0.28872,7.3583,0
4.0753,3.8683,0.078442,0.27568,7.3883,0.012157
4.0805,3.8958,0.02576,0.24367,7.4111,0.11891
4.0738,3.9202,0.0049414,0.201,7.4309,0.13307
4.0662,3.9403,0.0058362,0.16358,7.4435,0.096268
4.0743,3.9567,-0.026812,0.15194,7.4516,0.17101
4.08,3.9719,-0.057027,0.13911,7.4718,0.24182
4.0726,3.9858,-0.083565,0.11112,7.4775,0.28952
4.0626,3.9969,-0.10161,0.083795,7.4868,0.31448
4.0503,4.0053,-0.11062,0.057235,7.4929,0.31465
4.0415,4.011,-0.090319,0.0387,7.4966,0.24175
4.0264,4.0149,-0.065875,0.014659,7.5031,0.15978
4.0203,4.0163,-0.055773,0.0050961,7.4959,0.12847
4.0136,4.0168,-0.035702,-0.00082432,7.4877,0.083385
4.0071,4.0168,-0.018715,-0.00242,7.48,0.055076
4.0031,4.0165,-0.016829,-0.0033729,7.4863,0.056815
3.9972,4.0162,-0.037517,-0.0047727,7.4838,0.11221
3.9976,4.0157,-0.079452,-0.0045473,7.4866,0.2124
3.9864,4.0152,-0.085906,-0.007233,7.492,0.24638
3.9729,4.0145,0.12677,-0.010461,7.481,0
3.9834,4.0135,0.42679,-0.0075647,7.4799,0
4.0292,4.0127,0.81322,0.020837,7.4739,0
4.1165,4.0148,1.2451,0.12857,7.4754,0.24371
4.2365,4.0277,1.6469,0.26322,7.4959,0.91301
4.4069,4.054,1.835,0.44188,7.5288,0.87871
4.5854,4.0982,1.911,0.6025,7.5785,0.56763
4.7774,4.1584,1.8803,0.75135,7.628,0.021717
4.9657,4.2335,1.7859,0.86907,7.6928,0
5.1477,4.3205,1.6432,0.95717,7.7654,0
5.3137,4.4162,1.4683,1.0111,7.8519,0
5.4582,4.5173,1.2158,1.0324,7.9535,0
5.5735,4.6205,0.88253,1.0183,8.055,0
5.6614,4.7224,0.61206,0.97857,8.1578,0
5.7176,4.8202,0.39121,0.91193,8.2419,0
5.7599,4.9114,0.21953,0.84352,8.3294,0
5.7883,4.9958,0.15375,0.77235,8.4092,0
5.8,5.073,0.1518,0.69553,8.4766,0
5.806,5.1425,0.11025,0.62475,8.5428,0
5.8107,5.205,0.061297,0.56267,8.607,0
5.8068,5.2613,0.033337,0.5005,8.6592,0
5.8133,5.3113,-0.019841,0.45588,8.7144,0.099401
5.8015,5.3569,-0.017992,0.39965,8.7547,0.064221
5.8065,5.3969,0.020688,0.3649,8.7886,0
5.8125,5.4334,0.017403,0.33542,8.8316,0
5.8177,5.4669,-0.029702,0.30811,8.8626,0.059183
5.8099,5.4977,-0.025076,0.27261,8.8969,0.037699
5.8081,5.525,0.023422,0.24575,8.9189,0
5.817,5.5496,0.11558,0.23109,8.9484,0
5.8354,5.5727,0.11693,0.22583,8.9659,0
5.8497,5.5953,0.072618,0.21788,8.9966,0
5.8596,5.6171,-0.036161,0.20691,9.0229,0.052268
5.846,5.6377,-0.075572,0.17708,9.0496,0.16113
5.8321,5.6555,-0.20524,0.14969,9.0689,0.56932
5.8058,5.6704,-0.27397,0.11435,9.0848,0.80963
5.7854,5.6819,-0.42014,0.087258,9.0901,1.4142
5.7342,5.6906,-0.53339,0.036742,9.1056,1.9377
5.6902,5.6943,-0.60573,-0.0010768,9.1074,2.3089
5.6395,5.6941,-0.72542,-0.014504,9.0983,3.1588
5.5573,5.6927,-0.96493,-0.036031,9.0826,5.1757
5.4595,5.6891,-1.1467,-0.061227,9.0667,7.1541
5.3495,5.683,-1.1404,-0.089411,9.0303,7.3826
5.2386,5.674,-1.24,-0.1172,9.0006,8.7659
5.1176,5.6623,-1.4181,-0.14773,8.9465,11.313
4.9755,5.6475,-1.2436,-0.18352,8.8945,9.4931
4.8588,5.6292,-1.1096,-0.21212,8.8316,8.2672
4.7488,5.608,-1.1019,-0.2396,8.7421,8.41
4.6384,5.584,-1.1918,-0.26655,8.6607,9.6241
4.5218,5.5574,-1.1197,-0.29552,8.5697,9.0398
4.4059,5.5278,-1.3604,-0.32536,8.4568,12.156
4.2695,5.4953,-1.3928,-0.36209,8.3304,12.839
4.1313,5.4591,-1.3745,-0.40005,8.1959,12.811
3.988,5.4191,-1.2962,-0.44019,8.055,11.98
3.8565,5.375,-1.2979,-0.47689,7.9118,12.148
3.717,5.3274,-1.3029,-0.5166,7.765,12.357
3.5783,5.2757,-1.4284,-8.8,7.595,0
3.4414,4.3957,-1.5704,-0.26553,7.4636,14.8
3.2816,4.3691,-1.5649,-0.30727,7.3653,15.101
3.1307,4.3384,-1.4832,-0.34731,7.2535,14.175
2.9782,4.3037,-1.4506,-8.8,7.1333,0
2.8398,3.4237,-1.5174,-0.13635,7.0469,6.4039
2.6871,3.41,-1.577,-0.1709,6.9774,6.5859
2.5343,3.393,-1.6804,-0.20529,6.9065,6.8304
2.365,3.3724,-1.8131,-0.24529,6.8037,7.1317
2.1844,3.3479,-1.8597,-0.28867,6.6948,7.3057
1.9919,3.319,-1.7405,-8.8,6.5619,0
1.8087,2.439,-1.5595,-0.1178,6.4609,5.4759
1.66,2.4273,-1.4967,-0.14503,6.3962,5.5235
1.5102,2.4127,-1.4983,-0.17331,6.3104,5.673
1.3528,2.3954,-1.449,-0.20372,6.2146,5.7333
1.2062,2.375,-1.3522,-8.8,6.1064,0
1.0617,1.495,-1.4573,-0.053435,6.0334,4.3299
0.92595,1.4897,-1.6116,-0.070162,5.9859,4.8354
0.77434,1.4827,-1.6087,-0.089437,5.9155,5.0567
0.61632,1.4737,-1.5496,-0.11007,5.8334,5.1712
0.4533,1.4627,-1.5878,-0.13208,5.738,5.479
0.29764,1.4495,-1.6322,-8.8,5.6371,0
0.12734,0.56953,-1.5693,-1.5693,5.5592,0.90649
-0.037074,0.41259,-1.5589,-1.5589,5.5088,0.92182
-0.19293,0.2567,-1.6354,-1.6354,5.4666,0.92174
-0.35642,0.093155,-1.6725,-1.6725,5.4235,0.92162
-0.53281,0,-1.5554,-1.5554,5.3715,1.0923
-0.68436,0,-1.3677,-1.3677,5.312,1.4029
-0.82557,0,-1.1633,-1.1633,5.2474,1.6924
-0.94435,0,-0.91322,-0.91322,5.1711,1.9359
-1.0353,0,-0.71539,-0.71539,5.0833,2.1223
-1.1157,0,-0.49176,-8.8,4.9836,0
-1.1571,0,-0.3079,-8.8,4.9094,0
-1.1897,0,-0.06606,-8.8,4.8335,0
-1.189,0,0.26115,-8.8,4.7635,0
-1.1626,0,0.66212,-8.8,4.6857,0
-1.1024,0,0.93127,-8.8,4.616,0
-1.0037,0,1.0972,-8.8,4.5587,0
-0.89585,0,1.1463,-8.8,4.5084,0
-0.78021,0,1.091,-8.8,4.4764,0
-0.66359,0,0.88367,-8.8,4.4493,0
-0.57205,0,0.64268,-8.8,4.4363,0
-0.51351,0,0.39626,-8.8,4.4246,0
-0.47447,0,0.14147,-8.8,4.4207,0
-0.46308,0,-0.13678,-8.8,4.4252,0
-0.48279,0,-0.41019,-8.8,4.4169,0
-0.51815,0,-0.68526,-8.8,4.4018,0
-0.5827,0,-0.89535,-8.8,4.3942,0
-0.67863,0,-0.90271,-8.8,4.3795,0
-0.75978,0,-0.6194,-8.8,4.3599,0
-0.82332,0,0.043426,-8.8,4.334,0
-0.82165,0,0.8743,-8.8,4.2974,0
-0.72753,0,1.6219,-8.8,4.2562,0
-0.55662,0,1.9606,-8.8,4.2455,0
-0.35539,0,1.719,-8.8,4.239,0
-0.17779,0,1.1455,-8.8,4.2495,0
-0.067105,0,1.0393,-8.8,4.2823,0
0.04082,0,1.0823,-8.8,4.3237,0
0.15053,0,0.66166,-8.8,4.3732,0
0.21746,0,0.39186,-8.8,4.4269,0
0.26341,0,0.44827,-8.8,4.4853,0
0.30643,0,0.10253,-8.8,4.5564,0
0.31351,0,-0.46294,-8.8,4.6277,0
0.26267,0,-0.20333,-8.8,4.6925,0
0.24699,0,0.27866,-8.8,4.7608,0
0.27196,0,0.59222,-8.8,4.8322,0
0.34051,0,0.83334,-8.8,4.9034,0
0.42323,0,1.2487,-8.8,4.9808,0
0.5519,0,1.5406,1.5406,5.0772,0
0.70414,0.15406,1.93,1.93,5.1229,0
0.89961,0.34706,2.3105,2.3105,5.1781,0
1.1251,0.57811,2.6391,-8.8,5.2432,0
1.3816,0,2.9275,2.9275,5.3565,0
1.673,0.29275,3.2393,3.2393,5.4882,0
2.0066,0.61668,3.4305,3.4305,5.632,0
2.3417,0.95972,3.5382,4.9,5.776,0.50855
2.704,1.4497,3.5719,4.9,5.9081,0.73648
3.057,1.9397,3.5857,3.9239,6.0171,0
3.4245,2.3321,3.5595,-8.8,6.1174,27.389
3.7713,1.4521,3.5431,4.9,6.294,0
4.128,1.9421,3.5203,4.9,6.5275,0
4.477,2.4321,3.4614,4.9,6.7433,0
4.8182,2.9221,3.3741,3.8177,6.9474,0
5.1578,3.3039,3.2559,3.1159,7.1407,0
5.4861,3.6155,3.1486,2.7646,7.3189,0
5.7956,3.8919,2.9533,2.5425,7.4999,0
6.0914,4.1462,2.8031,2.388,7.6824,0
6.3776,4.385,2.7101,2.2762,7.8704,0
6.6452,4.6126,2.7062,2.1804,8.0639,0
6.9164,4.8306,2.5931,2.119,8.2732,0
7.1695,5.0425,2.4722,2.0556,8.478,0
7.425,5.2481,2.3406,2.0129,8.6951,0
7.6546,5.4494,2.203,1.9565,8.9076,0
7.8833,5.645,2.0183,1.9154,9.1385,0
8.0907,5.8366,1.8955,1.865,9.3676,0
8.2862,6.0231,1.8373,1.8156,9.5988,0
8.4711,6.2046,1.7609,1.7666,9.8255,0
8.6478,6.3813,1.6925,1.7198,10.049,0
8.8118,6.5533,1.6667,1.6721,10.275,0
8.9857,6.7205,1.6454,1.6381,10.492,0
9.1443,6.8843,1.5529,1.6009,10.725,0
9.3015,7.0444,1.4635,1.5676,10.952,0
9.4577,7.2012,1.4647,1.5378,11.173,0
9.6098,7.3549,1.4019,1.5104,11.402,0
9.7537,7.506,1.3125,1.4813,11.631,0
9.8863,7.6541,1.3322,1.4473,11.847,0
10.018,7.7988,1.4157,1.4184,12.072,0
10.165,7.9407,1.3779,1.4015,12.292,0
10.3,8.0808,1.4048,1.3799,12.514,0
10.438,8.2188,1.5637,1.3634,12.744,0
10.599,8.3552,1.7015,1.3628,12.973,0
10.766,8.4915,1.7745,1.365,13.194,0
10.936,8.6279,1.8405,1.3703,13.431,0
11.118,8.765,1.8405,1.3817,13.664,0
11.294,8.9031,1.6988,1.3889,13.908,0
11.456,9.042,1.4668,1.3871,14.14,0
11.599,9.1808,1.1416,1.3745,14.373,0
11.721,9.3182,0.82144,1.3525,14.618,0
11.796,9.4535,0.47921,1.3061,14.86,0
11.849,9.5841,0.012521,1.2515,15.095,0
11.842,9.7092,-0.34204,1.1687,15.322,0
11.802,9.8261,-0.53688,1.0735,15.52,0.46037
11.752,9.9334,-0.70383,0.98054,15.708,1.5855
11.674,10.031,-0.81732,0.88027,15.886,2.4959
11.583,10.12,-0.73505,0.7796,16.04,1.9928
11.508,10.197,-0.69597,0.69447,16.172,1.819
11.433,10.267,-0.63568,0.61479,16.287,1.5298
11.375,10.328,-0.59112,0.54937,16.39,1.348
11.316,10.383,-0.55863,0.48749,16.484,1.2497
11.257,10.432,-0.57286,0.42964,16.567,1.4125
11.206,10.475,-0.50793,0.3799,16.652,1.1397
11.149,10.513,-0.45037,0.32975,16.729,0.93511
11.095,10.546,-0.4449,0.28413,16.781,0.98275
11.047,10.574,-0.40225,0.24411,16.835,0.85504
11.009,10.599,-0.31259,0.21157,16.882,0.53924
10.973,10.62,-0.349,0.18178,16.92,0.73537
10.942,10.638,-0.42285,0.15654,16.954,1.0963
10.906,10.654,-0.46425,0.12986,16.981,1.3348
10.861,10.667,-0.50685,0.099872,17.005,1.5961
10.807,10.677,-0.50713,0.066598,17.014,1.6554
10.746,10.683,-0.44807,0.03228,17.015,1.4301
10.693,10.687,-0.46647,0.0029903,17.013,1.5688
10.648,10.687,-0.46747,-0.0072886,17.014,1.6724
10.593,10.686,-0.49353,-0.017443,17.016,1.934
10.544,10.685,-0.47994,-0.026311,16.999,1.9815
10.489,10.682,-0.4236,-0.036152,16.973,1.8304
10.447,10.678,-0.37427,-0.0434,16.949,1.6903
10.41,10.674,-0.35092,-0.049458,16.934,1.6594
10.385,10.669,-0.35446,-0.053436,16.898,1.7214
10.359,10.664,-0.41795,-0.057447,16.867,2.0683
10.317,10.658,-0.48869,-0.064439,16.835,2.5229
10.273,10.651,-0.45483,-0.071721,16.806,2.4359
10.229,10.644,-0.42081,-0.079052,16.767,2.3507
10.186,10.636,-0.38105,-0.085997,16.727,2.2356
10.146,10.628,-0.3838,-0.092182,16.687,2.3223
10.116,10.619,-0.39861,-0.096634,16.64,2.4471
10.076,10.609,-0.44154,-0.10295,16.583,2.7452
10.031,10.599,-0.45402,-0.11002,16.532,2.8979
9.9795,10.588,-0.45733,-0.11841,16.474,3.0165
9.9248,10.576,-0.42696,-0.12747,16.405,2.9528
9.876,10.563,-0.38022,-0.13526,16.339,2.7886
9.8359,10.549,-0.3598,-0.14123,16.274,2.7439
9.7923,10.535,-0.36564,-0.14787,16.205,2.8418
9.7616,10.521,-0.39574,-0.15191,16.134,3.0367
9.7294,10.505,-0.35105,-0.15633,16.055,2.8368
9.6885,10.49,-0.31305,-0.16245,15.978,2.7
9.6491,10.474,-0.34489,-0.16833,15.894,2.9111
9.6052,10.457,-0.41865,-0.1752,15.802,3.3708
9.5618,10.439,-0.41325,-0.18181,15.718,3.3983
9.5301,10.421,-0.44946,-0.18607,15.626,3.6343
9.4758,10.402,-0.54635,-0.19503,15.534,4.324
9.4259,10.383,-0.60754,-0.20302,15.441,4.8139
9.3619,10.363,-0.63048,-0.21397,15.347,5.0883
9.3072,10.341,-0.75201,-0.22284,15.254,6.1096
9.2332,10.319,-0.90994,-0.23629,15.142,7.644
9.1444,10.295,-0.99627,-0.25293,15.03,8.6856
9.0416,10.27,-1.0149,-0.27267,14.916,9.1102
8.9484,10.243,-1.0156,-0.2906,14.787,9.3056
8.8382,10.214,-0.98546,-0.31225,14.661,9.2223
8.7409,10.182,-0.94784,-0.33131,14.523,9.0114
8.6487,10.149,-0.94529,-0.34978,14.369,9.1313
8.5607,10.114,-0.95843,-0.36701,14.221,9.3924
8.4635,10.078,-0.94119,-0.38717,14.056,9.354
8.3643,10.039,-0.91238,-0.40766,13.896,9.1978
8.274,9.9981,-0.92803,-0.42597,13.735,9.4549
8.1855,9.9555,-0.91752,-0.44416,13.568,9.4295
8.1029,9.9111,-1.0488,-0.46171,13.387,10.883
8.0024,9.8649,-0.95018,-0.48422,13.201,9.9028
