26.667,26.667,-0.077327,0,0,0.17773
26.659,26.667,0.066484,-0.0011151,35.508,0
26.659,26.667,0.098341,-0.0011903,35.514,0
26.664,26.666,0.14875,-0.00036983,35.523,0
26.676,26.666,0.20355,0.0020006,35.533,0
26.699,26.667,0.20953,0.0070433,35.539,0
26.712,26.667,0.20916,0.0095288,35.54,0
26.742,26.668,0.20987,0.015861,35.55,0
26.767,26.67,0.19758,0.020904,35.551,0
26.79,26.672,0.14386,0.025423,35.568,0
26.805,26.674,0.089372,0.028025,35.583,0
26.815,26.677,0.070462,0.029644,35.599,0
26.827,26.68,0.020089,0.031573,35.613,0
26.826,26.683,0.025822,0.030573,35.629,0
26.827,26.686,0.0024447,0.030173,35.639,0
26.822,26.689,0.015302,0.028503,35.66,0
26.832,26.692,-0.070473,0.030021,35.683,0
26.822,26.695,-0.13705,0.02714,35.688,0.11328
26.811,26.698,-0.2687,0.024208,35.709,0.53478
26.786,26.7,-0.29915,0.018328,35.718,0.69497
26.764,26.702,-0.36582,0.013163,35.733,0.99877
26.721,26.704,-0.25991,0.0038359,35.745,0.68897
26.688,26.704,-0.063166,-0.0023945,35.742,0.17301
26.683,26.704,0.14697,-0.0030398,35.745,0
26.705,26.703,0.26638,0.00034455,35.737,0
26.738,26.703,0.39237,0.0073474,35.735,0
26.778,26.704,0.37955,0.015777,35.751,0
26.807,26.706,0.33652,0.021729,35.75,0
26.831,26.708,0.25892,0.026379,35.764,0
26.853,26.711,0.24066,0.030691,35.779,0
26.876,26.714,0.2773,0.035011,35.784,0
26.909,26.717,0.26079,0.041347,35.797,0
26.939,26.721,0.20999,0.046779,35.81,0
26.965,26.726,0.21333,0.051342,35.831,0
26.986,26.731,0.20713,0.054904,35.85,0
27.014,26.737,0.1576,0.059779,35.876,0
27.023,26.743,0.17455,0.060262,35.897,0
27.034,26.749,0.18664,0.061391,35.927,0
27.051,26.755,0.15262,0.063841,35.953,0
27.068,26.761,0.076192,0.066095,35.985,0
27.073,26.768,-0.026743,0.065769,36.017,0
27.068,26.774,-0.088213,0.063409,36.039,0
27.066,26.781,-0.18695,0.061509,36.059,0
27.047,26.787,-0.2864,0.056113,36.082,0.31121
27.014,26.792,-0.35177,0.047791,36.098,0.61564
26.978,26.797,-0.36298,0.038981,36.111,0.74092
26.939,26.801,-0.37235,0.029676,36.125,0.86634
26.908,26.804,-0.37015,0.022459,36.142,0.92708
26.874,26.806,-0.35713,0.014568,36.151,0.95109
26.835,26.808,-0.3166,0.0059245,36.146,0.8758
26.809,26.808,-0.34518,0.00014548,36.154,1.0422
26.768,26.808,-0.37054,-0.0059294,36.151,1.2454
26.74,26.808,-0.37155,-0.009816,36.142,1.3145
26.71,26.807,-0.33267,-0.014084,36.134,1.2223
26.681,26.805,-0.35508,-0.018099,36.125,1.3826
26.641,26.804,-0.32826,-0.023593,36.115,1.3603
26.6,26.801,-0.3106,-0.02929,36.093,1.3802
26.569,26.798,-0.32383,-0.033396,36.076,1.5036
26.544,26.795,-0.35498,-0.036594,36.055,1.6939
26.503,26.791,-0.36229,-0.042115,36.024,1.8212
26.457,26.787,-0.38279,-0.04818,35.994,2.0228
26.42,26.782,-0.39063,-0.052991,35.96,2.1447
26.377,26.777,-0.3601,-0.058614,35.932,2.0948
26.334,26.771,-0.34176,-0.064177,35.894,2.1028
26.29,26.765,-0.28455,-0.06982,35.85,1.9338
26.269,26.758,-0.26539,-0.071953,35.81,1.8825
26.252,26.751,-0.2895,-0.073483,35.765,2.0129
26.23,26.743,-0.31981,-0.075904,35.71,2.1912
26.208,26.736,-0.32393,-0.078225,35.651,2.2469
26.166,26.728,-0.36341,-0.083432,35.604,2.5299
26.135,26.719,-0.3799,-0.086983,35.551,2.6745
26.088,26.711,-0.37298,-0.092861,35.495,2.7396
26.054,26.701,-0.34865,-0.096738,35.426,2.6766
26.019,26.692,-0.39308,-0.10081,35.364,2.9794
25.98,26.682,-0.45073,-0.10548,35.296,3.3853
25.936,26.671,-0.49807,-0.11083,35.227,3.7663
25.888,26.66,-0.51865,-0.11667,35.158,4.003
25.837,26.648,-0.54363,-0.1231,35.077,4.2836
25.786,26.636,-0.51005,-0.12938,34.994,4.1765
25.734,26.623,-0.45764,-0.13575,34.916,3.9568
25.687,26.61,-0.41012,-0.14123,34.834,3.7604
25.637,26.595,-0.37885,-0.1473,34.741,3.6753
25.598,26.581,-0.38005,-0.15173,34.636,3.7479
25.562,26.566,-0.37777,-0.15555,34.546,3.7907
25.527,26.55,-0.38288,-0.15925,34.439,3.8714
25.494,26.534,-0.3581,-0.16247,34.343,3.7693
25.449,26.518,-0.32962,-0.16768,34.246,3.6836
25.42,26.501,-0.32699,-0.17028,34.143,3.6977
25.383,26.484,-0.33049,-0.17429,34.044,3.7715
25.346,26.467,-0.34004,-0.17815,33.927,3.8739
25.317,26.449,-0.3367,-0.18083,33.818,3.8825
25.283,26.431,-0.36124,-0.18418,33.707,4.0657
25.242,26.412,-0.33991,-0.18878,33.594,3.9993
25.204,26.393,-0.33845,-0.19281,33.475,4.0383
25.168,26.374,-0.34291,-0.19648,33.359,4.1057
25.141,26.354,-0.37583,-0.19875,33.234,4.3191
25.108,26.335,-0.3976,-0.20189,33.109,4.4839
25.067,26.314,-0.42631,-0.2064,32.993,4.7228
25.02,26.294,-0.44429,-0.21198,32.866,4.912
24.983,26.273,-0.43133,-0.21577,32.733,4.8639
24.931,26.251,-0.41352,-0.22219,32.608,4.831
24.887,26.229,-0.41158,-0.22726,32.467,4.8729
24.846,26.206,-0.38706,-0.23162,32.337,4.7592
24.811,26.183,-0.34816,-0.23514,32.193,4.5404
24.786,26.159,-0.33959,-0.2369,32.052,4.4842
24.753,26.136,-0.31593,-0.24006,31.908,4.359
24.72,26.112,-0.25938,-0.24317,31.76,4.0461
24.694,26.087,-0.1997,-0.24503,31.625,3.7198
24.68,26.063,-0.11845,-0.2447,31.483,3.2767
24.676,26.038,-0.032494,-0.24264,31.34,2.8312
24.67,26.014,0.038115,-0.2409,31.196,2.4948
24.681,25.99,0.13526,-0.23615,31.064,2.0664
24.703,25.966,0.20925,-0.22925,30.932,1.7402
24.719,25.943,0.27365,-0.22345,30.81,1.4887
24.739,25.921,0.34794,-0.21676,30.7,1.2371
24.781,25.899,0.42701,-0.20623,30.586,0.98001
24.829,25.879,0.46875,-0.19443,30.484,0.80908
24.884,25.859,0.50181,-0.18149,30.377,0.65807
24.926,25.841,0.51377,-0.17098,30.284,0.56168
24.968,25.824,0.51597,-0.16073,30.192,0.48159
25.026,25.808,0.46362,-0.14747,30.101,0.43726
25.082,25.793,0.31935,-0.13457,30.033,0.53112
25.113,25.78,0.18002,-0.12641,29.971,0.72339
25.139,25.767,0.029247,-0.1195,29.912,1.0356
25.143,25.755,-0.15196,-0.11673,29.858,1.6064
25.124,25.744,-0.27309,-0.11851,29.804,2.1254
25.1,25.732,-0.2685,-0.12101,29.74,2.1289
25.071,25.72,-0.29556,-0.12473,29.668,2.2908
25.042,25.707,-0.30601,-0.12844,29.598,2.3782
25.015,25.694,-0.2742,-0.1315,29.539,2.2606
24.993,25.681,-0.27492,-0.13368,29.465,2.2821
24.975,25.668,-0.32863,-0.13511,29.392,2.5475
24.943,25.654,-0.33251,-0.13901,29.327,2.6073
24.912,25.64,-0.29525,-0.14308,29.246,2.4656
24.874,25.626,-0.21975,-0.14806,29.182,2.1715
24.848,25.611,-0.077719,-0.15083,29.1,1.6282
24.832,25.596,0.073484,-0.15179,29.015,1.1458
24.833,25.581,0.20145,-0.14923,28.93,0.79806
24.843,25.566,0.25505,-0.14464,28.859,0.64739
24.877,25.552,0.23735,-0.1354,28.784,0.6036
24.9,25.538,0.19072,-0.12849,28.719,0.63712
24.918,25.525,0.13532,-0.12281,28.647,0.70655
24.926,25.513,0.10651,-0.11908,28.589,0.73908
24.937,25.501,0.10515,-0.11458,28.539,0.70157
24.944,25.49,0.13996,-0.11111,28.487,0.59108
24.965,25.478,0.11139,-0.10481,28.439,0.60073
24.971,25.468,0.12022,-0.10177,28.394,0.5541
24.991,25.458,0.11916,-0.095643,28.349,0.50507
24.993,25.448,0.11589,-0.093431,28.312,0.49283
25.009,25.439,0.074855,-0.08856,28.273,0.54387
25.023,25.43,0.077584,-0.083991,28.234,0.49877
25.029,25.422,0.041877,-0.081086,28.195,0.55759
25.036,25.414,-0.025488,-0.078188,28.15,0.70597
25.026,25.406,-0.12724,-0.078906,28.108,1.0185
25.006,25.398,-0.19557,-0.081425,28.062,1.2788
24.992,25.39,-0.2197,-0.082919,28.021,1.3821
24.979,25.381,-0.21864,-0.084028,27.98,1.3867
24.967,25.373,-0.1664,-0.084952,27.939,1.2005
24.951,25.365,-0.085019,-0.086765,27.907,0.9446
24.933,25.356,0.015243,-0.088753,27.871,0.67342
24.938,25.347,0.095699,-0.086105,27.825,0.45732
24.946,25.338,0.084163,-0.082659,27.792,0.45463
24.964,25.33,0.04915,-0.07726,27.753,0.49074
24.969,25.322,0.026013,-0.074826,27.719,0.52563
24.966,25.315,-0.040982,-0.073961,27.676,0.69231
24.955,25.307,-0.11024,-0.074995,27.639,0.90567
24.934,25.3,-0.090817,-0.077897,27.597,0.86866
24.926,25.292,-0.081635,-0.07808,27.565,0.8408
24.926,25.284,-0.088363,-0.07653,27.526,0.84602
24.908,25.277,-0.05816,-0.078984,27.495,0.77579
24.9,25.269,-0.0088906,-0.079195,27.452,0.63882
24.908,25.261,0.023704,-0.075857,27.42,0.52751
24.906,25.253,0.010726,-0.074803,27.386,0.55014
24.913,25.246,-0.0061713,-0.071767,27.36,0.56806
24.92,25.239,-0.060293,-0.06888,27.326,0.69005
24.922,25.232,-0.20864,-0.066981,27.287,1.1518
24.909,25.225,-0.41603,-0.068501,27.25,2.046
24.873,25.218,-0.61067,-0.074892,27.218,3.1922
24.815,25.211,-0.79808,-0.086011,27.185,4.6242
24.727,25.202,-0.95102,-0.1036,27.137,6.1293
24.63,25.192,-1.0578,-0.1229,27.082,7.4156
24.532,25.179,-1.0577,-0.14197,27.016,7.6853
24.421,25.165,-0.96968,-0.164,26.944,7.1245
24.33,25.149,-0.81634,-0.18121,26.856,5.9735
24.258,25.131,-0.65782,-0.19388,26.78,4.8847
24.201,25.111,-0.50426,-0.20321,26.683,3.943
24.154,25.091,-0.37281,-0.21033,26.583,3.238
24.126,25.07,-0.29875,-0.21301,26.494,2.8659
24.103,25.049,-0.31246,-0.21438,26.405,2.9339
24.066,25.027,-0.34003,-0.21884,26.309,3.104
24.032,25.005,-0.34469,-0.22287,26.202,3.15
23.996,24.983,-0.36321,-0.22728,26.105,3.2756
23.963,24.96,-0.37856,-0.23106,25.998,3.3771
23.932,24.937,-0.34414,-0.2341,25.891,3.2016
23.894,24.914,-0.25642,-0.2388,25.796,2.7883
23.878,24.89,-0.14926,-0.23814,25.698,2.2883
23.862,24.866,-0.038553,-0.23749,25.601,1.8433
23.853,24.842,0.078253,-0.23537,25.501,1.4372
23.864,24.819,0.17426,-0.22839,25.395,1.1201
23.873,24.796,0.20747,-0.22197,25.306,0.9914
23.893,24.774,0.23077,-0.21289,25.215,0.87458
23.919,24.753,0.24098,-0.20228,25.131,0.78024
23.945,24.732,0.23195,-0.19189,25.052,0.72688
23.965,24.713,0.26081,-0.18297,24.984,0.61515
23.988,24.695,0.20629,-0.17385,24.902,0.65411
24.015,24.677,0.13477,-0.16359,24.823,0.73292
24.038,24.661,0.039672,-0.15428,24.766,0.8989
24.05,24.646,-0.084048,-0.14796,24.714,1.2144
24.038,24.631,-0.25122,-0.14761,24.66,1.8255
24.013,24.616,-0.30932,-0.15071,24.592,2.0957
23.979,24.601,-0.37504,-0.15598,24.534,2.444
23.946,24.585,-0.39468,-0.16116,24.466,2.5784
23.904,24.569,-0.37714,-0.16819,24.406,2.5424
23.859,24.553,-0.32798,-0.17584,24.346,2.3597
23.82,24.535,-0.31364,-0.18192,24.283,2.3339
23.794,24.517,-0.30447,-0.1844,24.22,2.3035
23.757,24.498,-0.2953,-0.19016,24.14,2.2966
23.733,24.479,-0.2997,-0.19208,24.074,2.3233
23.712,24.46,-0.30176,-0.19343,24.003,2.3338
23.69,24.441,-0.29274,-0.19493,23.931,2.2944
23.655,24.421,-0.28302,-0.19957,23.86,2.2767
23.628,24.401,-0.28286,-0.20228,23.79,2.2871
23.602,24.381,-0.26604,-0.20474,23.716,2.2205
23.572,24.361,-0.28009,-0.20808,23.633,2.2965
23.538,24.34,-0.31044,-0.21278,23.544,2.4585
23.511,24.319,-0.30283,-0.21552,23.455,2.4299
23.489,24.297,-0.32261,-0.21663,23.377,2.5197
23.461,24.275,-0.33656,-0.21952,23.291,2.5951
23.436,24.253,-0.33759,-0.22127,23.205,2.5996
23.401,24.231,-0.33703,-0.22599,23.116,2.6175
23.359,24.209,-0.36871,-0.23247,23.032,2.8091
23.314,24.185,-0.35239,-0.23971,22.95,2.767
23.271,24.161,-0.36901,-0.24587,22.87,2.8824
23.235,24.137,-0.37781,-0.25068,22.775,2.9457
23.195,24.112,-0.40242,-0.256,22.69,3.0982
23.153,24.086,-0.39557,-0.26179,22.604,3.088
23.113,24.06,-0.42181,-0.26733,22.512,3.2516
23.062,24.033,-0.41103,-0.27552,22.424,3.2351
23.028,24.006,-0.40711,-0.27899,22.332,3.2201
22.983,23.978,-0.36546,-0.28537,22.238,3.0265
22.948,23.949,-0.35051,-0.28919,22.136,2.9556
22.916,23.92,-0.32312,-0.29191,22.038,2.8181
22.887,23.891,-0.32697,-0.29354,21.943,2.8284
22.848,23.862,-0.33596,-0.29795,21.843,2.8811
22.82,23.832,-0.35769,-0.29954,21.732,2.9764
22.779,23.802,-0.38439,-0.30476,21.63,3.1261
22.749,23.772,-0.41652,-0.30689,21.518,3.2858
22.702,23.741,-0.40844,-0.31403,21.409,3.2636
22.652,23.709,-0.39044,-0.32157,21.31,3.1937
22.609,23.677,-0.3516,-0.32703,21.209,3.0051
22.568,23.645,-0.33941,-0.33181,21.097,2.9475
22.54,23.611,-0.30272,-0.33255,20.989,2.7505
22.516,23.578,-0.27799,-0.33228,20.876,2.6095
22.486,23.545,-0.27317,-0.33339,20.77,2.5712
22.467,23.512,-0.30385,-0.33129,20.659,2.6756
22.428,23.478,-0.27583,-0.33544,20.561,2.5495
22.402,23.445,-0.28702,-0.33522,20.463,2.5781
22.373,23.411,-0.29844,-0.33623,20.351,2.6111
22.343,23.378,-0.31473,-0.33699,20.253,2.6695
22.321,23.344,-0.32526,-0.3359,20.144,2.6888
22.281,23.31,-0.3434,-0.34004,20.051,2.7771
22.248,23.276,-0.33225,-0.3419,19.947,2.7105
22.215,23.242,-0.34201,-0.34399,19.846,2.7451
22.19,23.208,-0.3623,-0.34284,19.752,2.8164
22.163,23.174,-0.38483,-0.34267,19.651,2.9043
22.118,23.139,-0.43418,-0.34862,19.558,3.168
22.07,23.104,-0.49996,-0.35589,19.448,3.5417
22.02,23.069,-0.53238,-0.36346,19.341,3.7421
21.968,23.033,-0.53663,-0.37147,19.235,3.7801
21.917,22.995,-0.45098,-0.37944,19.124,3.302
21.873,22.957,-0.42347,-0.38422,19.018,3.151
21.836,22.919,-0.38936,-0.38632,18.918,2.9614
21.804,22.88,-0.48979,-0.38718,18.811,3.4703
21.749,22.842,-0.71725,-0.39599,18.696,4.9332
21.685,22.802,-1.0843,-0.4079,18.591,8.1347
21.569,22.761,-1.373,-0.43917,18.479,11.62
21.43,22.717,-1.6394,-0.47832,18.359,15.697
21.266,22.67,-1.8004,-0.52655,18.22,18.706
21.089,22.617,-1.8233,-0.57935,18.078,19.358
20.913,22.559,-1.7727,-0.63144,17.917,18.603
20.74,22.496,-1.6997,-0.68285,17.737,17.449
20.574,22.428,-1.6113,-0.73003,17.566,16.086
20.421,22.355,-1.5049,-0.77305,17.374,14.491
20.265,22.277,-1.439,-0.81693,17.174,13.571
20.113,22.196,-1.3834,-0.8595,16.961,12.802
19.985,22.11,-1.3387,-0.89205,16.745,12.149
19.859,22.02,-1.3193,-0.92207,16.539,11.826
19.732,21.928,-1.3514,-0.95379,16.314,12.123
19.597,21.833,-1.3395,-0.98955,16.084,11.861
19.471,21.734,-1.3624,-2.9,15.863,2.61
19.343,21.444,-1.4551,-2.9,15.641,2.4976
19.206,21.154,-1.5846,-2.9,15.429,2.263
19.038,20.864,-1.6588,-2.9,15.233,2.1665
18.863,20.574,-1.6967,-2.9,15.057,2.1935
18.689,20.284,-1.6501,-2.9,14.886,2.6635
18.531,19.994,-1.495,-2.9,14.734,4.2026
18.379,19.704,-1.2598,-2.9,14.586,7.1786
18.245,19.414,-1.0736,-2.9,14.455,10.619
18.147,19.124,-1.0342,-2.9,14.351,13.456
18.052,18.834,-1.1417,-2.9,14.256,15.074
17.944,18.544,-1.4412,-2.9,14.187,14.505
17.806,18.254,-1.9441,-0.20236,14.132,18.801
17.619,18.234,-2.4246,-4.4,14.075,0
17.384,17.794,-2.6256,-0.18204,14.032,36.981
17.113,17.775,-2.713,-0.29588,13.982,40.511
16.842,17.746,-2.7171,-0.40672,13.901,41.006
16.563,17.705,-2.5554,-4.4,13.801,0
16.31,17.265,-2.5231,-0.4279,13.693,34.415
16.053,17.222,-2.7543,-4.4,13.588,0
15.781,16.782,-3.06,-0.44612,13.488,55.975
15.472,16.738,-3.3255,-0.57019,13.374,71.019
15.136,16.681,-3.5929,-4.4,13.243,1.4508
14.777,16.241,-3.6112,-4.4,13.09,1.3059
14.425,15.801,-3.5249,-0.61496,12.941,84.727
14.077,15.739,-3.4401,-4.4,12.793,1.2209
13.741,15.299,-3.4145,-4.4,12.623,0.74353
13.4,14.859,-3.3865,-0.64826,12.475,75.254
13.058,14.794,-3.4502,-4.4,12.319,1.4826
12.709,14.354,-3.4988,-4.4,12.149,1.4075
12.359,13.914,-3.4744,-0.68721,11.991,81.382
12.013,13.846,-3.4243,-4.4,11.828,1.6531
11.678,13.406,-3.3106,-4.4,11.641,0.74484
11.351,12.966,-3.1633,-4.4,11.473,0
11.04,12.526,-3.045,-0.64487,11.314,56.225
10.738,12.461,-2.9172,-4.4,11.163,0
10.44,12.021,-2.7664,-5.2,11.005,0
10.171,11.501,-2.7074,-0.56291,10.863,41.806
9.9088,11.445,-2.6856,-5.2,10.721,0
9.6488,10.925,-2.6432,-0.53392,10.577,39.478
9.3813,10.871,-2.5688,-5.2,10.435,0
9.117,10.351,-2.4301,-0.50984,10.292,32.59
8.8818,10.301,-2.3208,-0.59517,10.161,29.719
8.6482,10.241,-2.2035,-5.2,10.012,0
8.4212,9.721,-2.115,-0.53792,9.8644,24.386
8.2115,9.6672,-2.0827,-5.2,9.732,0
8.0064,9.1472,-2.0898,-0.46237,9.6001,23.615
7.8037,9.101,-2.0678,-5.2,9.4778,0
7.6068,8.581,-2.1106,-0.38441,9.3572,23.88
7.3922,8.5425,-2.1906,-5.2,9.2453,0
7.1687,8.0225,-2.2377,-0.32537,9.1451,26.863
6.9504,7.99,-2.2424,-0.40153,9.0471,27.368
6.7299,7.9498,-2.2008,-5.2,8.9371,0
6.5184,7.4298,-2.131,-0.33824,8.838,24.494
6.3089,7.396,-2.1243,-0.40898,8.7393,24.71
6.0892,7.3551,-2.1603,-5.2,8.6318,118.9
5.8774,6.8351,-2.2593,-0.34558,8.5118,27.937
5.6489,6.8006,-2.3997,-0.42157,8.4101,32.269
5.4181,6.7584,-2.5084,-5.2,8.2872,0
5.1596,6.2384,-2.4987,-0.37825,8.1587,35.301
4.9132,6.2006,-2.3925,-5.2,8.0307,0
4.6783,5.6806,-2.2699,-0.33318,7.9254,28.719
4.4535,5.6473,-2.1656,-8.8,7.812,0
4.2319,4.7673,-2.1055,-0.15376,7.7213,8.9248
4.0207,4.7519,-2.0884,-0.21218,7.6568,8.9758
3.8057,4.7307,-2.1458,-0.27208,7.5717,9.1024
3.5964,4.7035,-2.1801,-0.33162,7.4607,9.181
3.3699,4.6703,-2.1416,-8.8,7.3349,0
3.1544,3.7903,-1.9933,-0.15851,7.2406,7.5627
2.957,3.7744,-1.7938,-0.20626,7.1676,7.4
2.777,3.7538,-1.5907,-0.24969,7.0864,7.2059
2.6174,3.7288,-1.372,-0.28884,6.9849,6.9612
2.4818,3.7,-1.0279,-0.32344,6.8596,8.768
2.3876,3.6676,-0.73318,-8.8,6.7308,0
2.3151,2.7876,-0.44814,-0.097265,6.6503,2.5984
2.2616,2.7779,-0.186,-0.10736,6.5942,1.4988
2.246,2.7672,0.054893,-0.10946,6.5378,0.74265
2.2553,2.7562,0.16454,-0.10629,6.4805,0.45949
2.2722,2.7456,0.34859,-0.10111,6.4377,0.13646
2.3083,2.7355,0.85493,-0.092076,6.3876,0.063253
2.3842,2.7263,1.4074,-8.8,6.3399,0
2.5254,1.8463,1.9553,2.7188,6.3532,0.46896
2.7176,2.1181,2.4113,1.9232,6.4107,0
2.9674,2.3105,2.7115,1.84,6.4783,0
3.2453,2.4945,2.6333,1.8671,6.5445,0
3.503,2.6812,2.5096,1.833,6.6309,0
3.7507,2.8645,2.3634,1.7896,6.7144,0
3.9945,3.0434,2.2496,1.7554,6.7996,0
4.2208,3.219,2.1608,1.7031,6.888,0
4.4437,3.3893,2.076,1.6678,6.9968,0
4.6417,3.556,1.9916,1.6058,7.1008,0
4.8334,3.7166,1.9133,1.5558,7.2123,0
5.0334,3.8722,1.8627,1.5313,7.323,0
5.2296,4.0253,1.8278,1.5103,7.4442,0
5.41,4.1764,1.7469,1.4764,7.5688,0
5.594,4.324,1.5668,1.4549,7.6907,0
5.752,4.4695,1.426,1.4097,7.8117,0
5.8863,4.6105,1.3312,1.3512,7.9422,0
6.0152,4.7456,1.3275,1.2985,8.0623,0
6.1462,4.8754,1.3888,1.2593,8.1852,0
6.2909,5.0014,1.4899,1.2408,8.307,0
6.4459,5.1254,1.4868,1.2375,8.4433,0
6.5934,5.2492,1.3911,1.2279,8.5805,0
6.7259,5.372,1.198,1.207,8.718,0
6.8521,5.4927,1.0148,1.1835,8.8508,0
6.9575,5.611,0.89986,1.1462,8.9821,0
7.0418,5.7256,0.83651,1.0968,9.1096,0
7.1307,5.8353,0.81369,1.0587,9.2353,0
7.215,5.9412,0.8099,1.023,9.3665,0
7.2942,6.0435,0.81083,0.98803,9.494,0
7.3745,6.1423,0.79783,0.95818,9.6151,0
7.4535,6.2381,0.78734,0.9314,9.7373,0
7.5263,6.3312,0.80772,0.90259,9.8498,0
7.6089,6.4215,0.82602,0.88561,9.9735,0
7.6993,6.5101,0.78726,0.87613,10.092,0
7.7718,6.5977,0.77067,0.85535,10.219,0
7.8512,6.6832,0.74565,0.8416,10.341,0
7.9208,6.7674,0.66037,0.82224,10.46,0
7.9795,6.8496,0.68151,0.79693,10.572,0
8.0506,6.9293,0.7908,0.78258,10.677,0
8.1378,7.0076,0.80542,0.78142,10.789,0
8.2226,7.0857,0.81053,0.77853,10.899,0
8.2962,7.1635,0.78328,0.76824,11.005,0
8.3759,7.2404,0.65473,0.76385,11.124,0
8.434,7.3168,0.5612,0.74541,11.241,0
8.4907,7.3913,0.60769,0.7276,11.353,0
8.5605,7.4641,0.63609,0.72043,11.471,0
8.6226,7.5361,0.69089,0.70845,11.58,0
8.7003,7.6069,0.71516,0.70795,11.692,0
8.7797,7.6777,0.66355,0.70847,11.803,0
8.8507,7.7486,0.54736,0.7035,11.912,0
8.9024,7.8189,0.53663,0.68641,12.013,0
8.957,7.8876,0.55604,0.67329,12.126,0
9.015,7.9549,0.61052,0.66303,12.23,0
9.0664,8.0212,0.68934,0.6494,12.33,0
9.1301,8.0861,0.78221,0.6446,12.431,0
9.2014,8.1506,0.81539,0.6447,12.527,0
9.2841,8.2151,0.81947,0.65212,12.632,0
9.3649,8.2803,0.78268,0.65805,12.742,0
9.4518,8.3461,0.72251,0.6674,12.859,0
9.5319,8.4128,0.67675,0.6721,12.979,0
9.5991,8.48,0.64656,0.66839,13.093,0
9.6598,8.5469,0.6495,0.66137,13.212,0
9.721,8.613,0.67667,0.65522,13.33,0
9.7869,8.6785,0.69256,0.65217,13.446,0
9.8529,8.7438,0.66904,0.64929,13.557,0
9.914,8.8087,0.63609,0.64412,13.677,0
9.9801,8.8731,0.60846,0.64161,13.782,0
10.035,8.9373,0.62419,0.63273,13.885,0
10.09,9.0005,0.64254,0.62554,14.003,0
10.162,9.0631,0.6455,0.6278,14.112,0
10.221,9.1259,0.64115,0.62268,14.217,0
10.289,9.1881,0.63297,0.62341,14.332,0
10.344,9.2505,0.58262,0.61639,14.445,0
10.405,9.3121,0.5554,0.61333,14.545,0
10.471,9.3735,0.57447,0.61302,14.66,0
10.528,9.4348,0.59063,0.60814,14.766,0
10.589,9.4956,0.59307,0.60584,14.873,0
10.646,9.5562,0.61502,0.60126,14.992,0
10.71,9.6163,0.62513,0.60123,15.095,0
10.768,9.6764,0.60945,0.59771,15.206,0
10.82,9.7362,0.58413,0.59049,15.309,0
10.869,9.7952,0.54635,0.58349,15.425,0
10.917,9.8536,0.48874,0.57584,15.536,0
10.956,9.9112,0.45201,0.56359,15.638,0
11.008,9.9675,0.42305,0.55926,15.747,0
11.058,10.023,0.41733,0.55398,15.852,0
11.107,10.079,0.4538,0.54877,15.949,0
11.16,10.134,0.51314,0.54595,16.051,0
11.221,10.188,0.50421,0.54757,16.156,0
11.27,10.243,0.50116,0.54249,16.261,0
11.317,10.297,0.49496,0.53723,16.373,0
11.367,10.351,0.48421,0.53333,16.465,0
11.419,10.404,0.45133,0.53129,16.567,0
11.466,10.457,0.45807,0.52646,16.671,0
11.516,10.51,0.48422,0.52316,16.762,0
11.571,10.562,0.50815,0.52255,16.858,0
11.62,10.615,0.51399,0.51969,16.956,0
11.665,10.667,0.51227,0.51474,17.063,0
11.713,10.718,0.49765,0.51132,17.168,0
11.763,10.769,0.44942,0.50953,17.276,0
11.805,10.82,0.43433,0.50365,17.375,0
11.854,10.871,0.44266,0.50147,17.467,0
11.893,10.921,0.45546,0.49428,17.558,0
11.93,10.97,0.475,0.48639,17.652,0
11.979,11.019,0.51125,0.48551,17.755,0
12.033,11.067,0.52634,0.48712,17.843,0
12.081,11.116,0.5146,0.48546,17.949,0
12.139,11.165,0.50363,0.48894,18.042,0
12.189,11.214,0.52577,0.48836,18.145,0
12.25,11.262,0.55171,0.4934,18.237,0
12.298,11.312,0.53849,0.49148,18.339,0
12.357,11.361,0.52146,0.49558,18.448,0
12.418,11.41,0.52595,0.50012,18.557,0
12.465,11.46,0.51507,0.49741,18.659,0
12.508,11.51,0.49374,0.49265,18.759,0
12.548,11.559,0.44282,0.48704,18.865,0
12.592,11.608,0.41106,0.48327,18.954,0
12.641,11.656,0.3628,0.48263,19.059,0
12.672,11.705,0.30983,0.47312,19.161,0
12.711,11.752,0.27855,0.46819,19.253,0
12.741,11.799,0.30261,0.459,19.354,0
12.763,11.845,0.32714,0.44634,19.439,0
12.795,11.889,0.31196,0.4391,19.537,0
12.829,11.933,0.30329,0.43342,19.617,0
12.852,11.977,0.29334,0.42282,19.707,0
12.889,12.019,0.21959,0.41927,19.792,0
12.92,12.061,0.29547,0.41324,19.883,0
