15,15,1.0587,0,0,0.17524
15.111,15,1.0505,0.0623,35.502,0.021709
15.221,15.006,0.99074,0.12034,35.523,0
15.322,15.018,0.94951,0.16985,35.541,0
15.426,15.035,0.93578,0.21807,35.568,0
15.515,15.057,0.98456,0.25569,35.613,0
15.606,15.083,1.0499,0.29173,35.666,0
15.719,15.112,1.0972,0.33784,35.722,0
15.834,15.146,1.1136,0.38177,35.79,0
15.946,15.184,1.1079,0.42179,35.869,0
16.061,15.226,1.0728,0.46091,35.952,0
16.173,15.272,1.0502,0.49627,36.045,0
16.284,15.322,1.0531,0.5281,36.141,0
16.399,15.374,1.0849,0.56025,36.231,0
16.501,15.43,1.0848,0.58361,36.337,0
16.615,15.489,1.101,0.61158,36.442,0
16.733,15.55,1.0927,0.64009,36.567,0
16.849,15.614,1.0544,0.66574,36.69,0
16.964,15.681,1.0358,0.68888,36.808,0
17.07,15.749,1.0709,0.70601,36.942,0
17.185,15.82,1.0408,0.72665,37.08,0
17.288,15.893,0.99371,0.7399,37.215,0
17.383,15.967,1.0041,0.74768,37.362,0
17.488,16.042,1.0012,0.76031,37.51,0
17.583,16.118,0.95092,0.76673,37.649,0
17.67,16.194,0.96533,0.76884,37.804,0
17.76,16.271,1.0148,0.77229,37.954,0
17.871,16.348,0.99177,0.78649,38.114,0
17.966,16.427,0.93912,0.7913,38.263,0
18.068,16.506,0.91049,0.79947,38.416,0
18.167,16.586,0.86951,0.80551,38.565,0
18.249,16.667,0.80189,0.80252,38.72,0
18.335,16.747,0.76249,0.80189,38.883,0
18.409,16.827,0.7622,0.79541,39.044,0
18.493,16.907,0.74608,0.79445,39.198,0
18.571,16.986,0.74144,0.7902,39.355,0
18.649,17.065,0.73512,0.78633,39.507,0
18.732,17.144,0.7151,0.78509,39.665,0
18.803,17.222,0.68316,0.77854,39.824,0
18.864,17.3,0.6761,0.76699,39.972,0
18.931,17.377,0.66238,0.75927,40.137,0
19.004,17.453,0.66474,0.75507,40.296,0
19.069,17.528,0.68524,0.74712,40.455,0
19.146,17.603,0.69826,0.74558,40.606,0
19.222,17.677,0.7122,0.74334,40.751,0
19.285,17.752,0.64477,0.73468,40.897,0
19.35,17.825,0.59396,0.72809,41.045,0
19.41,17.898,0.56145,0.71962,41.2,0
19.463,17.97,0.54488,0.70808,41.356,0
19.508,18.041,0.52975,0.69378,41.505,0
19.563,18.11,0.57607,0.68414,41.641,0
19.624,18.179,0.57155,0.67876,41.783,0
19.675,18.246,0.50633,0.66847,41.924,0
19.726,18.313,0.4513,0.65888,42.061,0
19.769,18.379,0.4089,0.64634,42.201,0
19.817,18.444,0.37197,0.63677,42.346,0
19.86,18.508,0.33483,0.62522,42.473,0
19.893,18.57,0.32887,0.60995,42.606,0
19.926,18.631,0.33093,0.59561,42.742,0
19.957,18.691,0.27784,0.58078,42.88,0
19.983,18.749,0.22694,0.56481,43.003,0
20.011,18.805,0.17088,0.55038,43.129,0
20.029,18.86,0.1569,0.53192,43.244,0
20.035,18.913,0.12467,0.50952,43.359,0
20.047,18.964,0.10509,0.49078,43.476,0
20.065,19.013,0.077701,0.47566,43.578,0
20.08,19.061,0.06719,0.46002,43.687,0
20.091,19.107,0.028519,0.44331,43.795,0
20.099,19.151,0.0035725,0.42619,43.887,0
20.101,19.194,-0.033557,0.40702,43.986,0
20.101,19.235,-0.026731,0.38829,44.067,0
20.106,19.273,-0.059688,0.37241,44.144,0
20.095,19.311,-0.080321,0.35019,44.225,0
20.084,19.346,-0.052964,0.32903,44.302,0
20.069,19.379,-0.02095,0.30723,44.367,0
20.076,19.409,-0.036096,0.2966,44.44,0
20.068,19.439,-0.024177,0.27916,44.505,0
20.06,19.467,0.0099672,0.26318,44.571,0
20.062,19.493,-0.034838,0.2521,44.632,0
20.066,19.518,-0.03276,0.24248,44.688,0
20.063,19.543,-0.015506,0.22992,44.732,0
20.063,19.566,-0.011528,0.21962,44.776,0
20.066,19.588,-0.011427,0.21083,44.815,0
20.057,19.609,0.032545,0.19771,44.87,0
20.067,19.629,0.039487,0.19295,44.909,0
20.065,19.648,0.045904,0.18359,44.942,0
20.074,19.666,0.077193,0.17943,44.98,0
20.076,19.684,0.058206,0.17225,45.021,0
20.091,19.701,0.05349,0.17126,45.062,0
20.099,19.718,0.098674,0.16716,45.098,0
20.107,19.735,0.068586,0.16301,45.137,0
20.105,19.751,0.021346,0.15495,45.169,0
20.099,19.767,-0.032159,0.14559,45.212,0
20.093,19.782,-0.071404,0.13636,45.241,0
20.083,19.795,-0.19255,0.12603,45.272,0.16143
20.064,19.808,-0.279,0.11192,45.303,0.48406
20.038,19.819,-0.3167,0.095515,45.317,0.66678
20,19.829,-0.34692,0.0748,45.342,0.84124
19.974,19.836,-0.42379,0.060462,45.359,1.2048
19.924,19.842,-0.44502,0.035737,45.376,1.3713
19.88,19.846,-0.45362,0.01489,45.384,1.4708
19.833,19.847,-0.47536,-0.00098445,45.386,1.6565
19.788,19.847,-0.45831,-0.0042848,45.392,1.7082
19.746,19.847,-0.45497,-0.0072594,45.38,1.8131
19.692,19.846,-0.46864,-0.011136,45.363,2.0416
19.645,19.845,-0.50356,-0.014428,45.341,2.3652
19.603,19.843,-0.50416,-0.017337,45.313,2.4942
19.557,19.842,-0.5223,-0.020608,45.283,2.7396
19.511,19.84,-0.53371,-0.023808,45.249,2.9484
19.454,19.837,-0.55802,-0.027749,45.215,3.2744
19.4,19.834,-0.53251,-0.031564,45.174,3.2917
19.354,19.831,-0.54089,-0.034696,45.13,3.4861
19.296,19.828,-0.48548,-0.038738,45.081,3.3291
19.244,19.824,-0.40544,-0.042314,45.024,3.0203
19.207,19.82,-0.2989,-0.044797,44.97,2.5574
19.172,19.815,-0.23035,-0.047094,44.898,2.3132
19.141,19.81,-0.15712,-0.049148,44.834,2.0595
19.13,19.806,-0.12997,-0.049685,44.766,1.9601
19.112,19.801,-0.13327,-0.050791,44.705,2.0102
19.098,19.795,-0.14594,-0.051544,44.641,2.0874
19.081,19.79,-0.13864,-0.052498,44.577,2.0869
19.073,19.785,-0.14418,-0.052844,44.513,2.1188
19.05,19.78,-0.14167,-0.054265,44.444,2.1554
19.045,19.774,-0.14211,-0.054402,44.362,2.1563
19.023,19.769,-0.14689,-0.055787,44.285,2.2223
19.011,19.763,-0.14007,-0.056362,44.211,2.208
19,19.758,-0.14067,-0.056889,44.142,2.2247
18.981,19.752,-0.16162,-0.058067,44.07,2.3556
18.957,19.746,-0.17257,-0.059584,43.996,2.4562
18.949,19.74,-0.17798,-0.059869,43.915,2.4851
18.93,19.734,-0.18201,-0.061012,43.839,2.5406
18.918,19.728,-0.1707,-0.06167,43.755,2.5053
18.897,19.722,-0.1852,-0.062946,43.667,2.6133
18.878,19.716,-0.21147,-0.064098,43.587,2.7768
18.849,19.709,-0.21268,-0.065998,43.509,2.8486
18.835,19.703,-0.22292,-0.066746,43.425,2.9206
18.809,19.696,-0.27173,-0.068413,43.342,3.2316
18.782,19.689,-0.24922,-0.07022,43.247,3.1735
18.759,19.682,-0.22,-0.071722,43.151,3.0701
18.729,19.675,-0.25669,-0.073643,43.067,3.329
18.708,19.668,-0.28864,-0.074952,42.969,3.5455
18.674,19.66,-0.27534,-0.077315,42.869,3.5543
18.641,19.652,-0.2839,-0.079568,42.765,3.68
18.616,19.644,-0.28748,-0.081169,42.672,3.7534
18.592,19.636,-0.27233,-0.082717,42.571,3.7164
18.574,19.628,-0.24327,-0.083801,42.463,3.5832
18.55,19.62,-0.23322,-0.085348,42.365,3.5759
18.522,19.611,-0.2492,-0.087214,42.252,3.7223
18.489,19.602,-0.25296,-0.089552,42.136,3.8192
18.469,19.593,-0.20888,-0.090815,42.02,3.6076
18.447,19.584,-0.17433,-0.092189,41.905,3.4593
18.429,19.575,-0.18474,-0.093307,41.783,3.5393
18.415,19.566,-0.18317,-0.094078,41.67,3.544
18.396,19.556,-0.16001,-0.095292,41.545,3.4493
18.374,19.547,-0.18543,-0.096709,41.435,3.6205
18.356,19.537,-0.24556,-0.097808,41.314,3.9779
18.33,19.527,-0.21798,-0.099524,41.201,3.8697
18.311,19.517,-0.2208,-0.10066,41.081,3.9103
18.287,19.507,-0.28476,-0.10231,40.963,4.3274
18.257,19.497,-0.31482,-0.1044,40.833,4.5726
18.217,19.487,-0.27156,-0.10742,40.7,4.4015
18.181,19.476,-0.30329,-0.11008,40.566,4.6764
18.146,19.465,-0.28908,-0.1127,40.426,4.6641
18.113,19.454,-0.19412,-0.11518,40.287,4.1663
18.094,19.442,-0.137,-0.1163,40.158,3.8675
18.079,19.431,-0.14701,-0.11713,40.03,3.9292
18.062,19.419,-0.14075,-0.11826,39.888,3.9102
18.045,19.407,-0.15651,-0.11929,39.744,4.0072
18.034,19.395,-0.16805,-0.1199,39.603,4.0677
18.02,19.383,-0.11691,-0.12065,39.473,3.7927
18,19.371,-0.086405,-0.12186,39.341,3.6519
17.983,19.359,-0.011914,-0.12299,39.197,3.2963
17.977,19.347,0.0031829,-0.12312,39.053,3.2058
17.975,19.334,-0.062056,-0.1228,38.912,3.486
17.966,19.322,-0.13066,-0.12311,38.78,3.8272
17.944,19.31,-0.091499,-0.1246,38.653,3.6487
17.941,19.297,-0.061151,-0.12436,38.513,3.4638
17.942,19.285,0.00038792,-0.12378,38.385,3.1311
17.936,19.272,0.076161,-0.12371,38.258,2.7763
17.947,19.26,0.1017,-0.12222,38.117,2.6087
17.948,19.248,0.078915,-0.12168,37.98,2.6661
17.957,19.236,0.066396,-0.1202,37.856,2.6589
17.959,19.224,0.13964,-0.1195,37.722,2.3329
17.982,19.212,0.21851,-0.11673,37.601,1.9704
18.009,19.2,0.28062,-0.11356,37.487,1.6894
18.033,19.189,0.30816,-0.11072,37.365,1.5347
18.057,19.178,0.34054,-0.10785,37.245,1.3755
18.084,19.167,0.35251,-0.10465,37.134,1.2692
18.125,19.156,0.36478,-0.10013,37.018,1.1396
18.154,19.146,0.41032,-0.096828,36.91,0.97047
18.198,19.137,0.47496,-0.091844,36.817,0.75822
18.251,19.127,0.51257,-0.086142,36.728,0.60317
18.304,19.119,0.4929,-0.0803,36.641,0.5333
18.361,19.111,0.48968,-0.074156,36.567,0.4393
18.419,19.103,0.50331,-0.067839,36.504,0.32751
18.471,19.097,0.517,-0.062104,36.446,0.23131
18.522,19.09,0.55793,-0.056604,36.381,0.12536
18.569,19.085,0.5906,-0.051497,36.33,0.045193
18.627,19.08,0.55094,-0.045208,36.284,0
18.682,19.075,0.46509,-0.039337,36.238,0
18.724,19.071,0.43213,-0.034817,36.201,0
18.769,19.068,0.28985,-0.029955,36.164,0.010756
18.799,19.065,0.2802,-0.026716,36.132,0
18.834,19.062,0.34087,-0.022953,36.107,0
18.865,19.06,0.34599,-0.019632,36.076,0
18.896,19.058,0.25906,-0.01628,36.057,0
18.925,19.056,0.21826,-0.01325,36.044,0
18.949,19.055,0.16132,-0.01067,36.034,0
18.962,19.054,0.12174,-0.0092156,36.031,0
18.971,19.053,0.12672,-0.0082445,36.022,0
18.985,19.052,0.11038,-0.006733,36.018,0
19,19.051,0.18109,-0.0051886,36.018,0
19.008,19.051,0.19779,-0.0042886,36.013,0
19.027,19.05,0.19222,-0.0023466,36.016,0
19.043,19.05,0.20948,-0.00073236,36.017,0
19.054,19.05,0.26237,0.001488,36.009,0
19.07,19.05,0.33525,0.0076852,36.007,0
19.094,19.051,0.32534,0.016514,36.019,0
19.129,19.053,0.30354,0.028974,36.023,0
19.163,19.055,0.25108,0.040817,36.034,0
19.185,19.06,0.20278,0.047851,36.054,0
19.198,19.064,0.093859,0.050987,36.074,0
19.208,19.069,0.087733,0.052589,36.084,0
19.21,19.075,0.1175,0.051547,36.104,0
19.217,19.08,0.1628,0.052169,36.115,0
19.239,19.085,0.14306,0.058686,36.133,0
19.262,19.091,0.12711,0.065261,36.158,0
19.266,19.097,0.04345,0.064252,36.178,0
19.274,19.104,0.003764,0.064802,36.191,0
19.27,19.11,0.047765,0.060619,36.198,0
19.28,19.116,0.094704,0.062169,36.221,0
19.281,19.123,0.13675,0.06019,36.242,0
19.296,19.129,0.27683,0.063515,36.258,0
19.32,19.135,0.32872,0.070233,36.283,0
19.362,19.142,0.28753,0.083623,36.307,0
19.4,19.15,0.32087,0.094994,36.332,0
19.436,19.16,0.36844,0.1049,36.356,0
19.477,19.17,0.2936,0.11653,36.387,0
19.508,19.182,0.27568,0.12372,36.415,0
19.53,19.194,0.3121,0.12759,36.452,0
19.569,19.207,0.31158,0.13724,36.496,0
19.594,19.221,0.26272,0.14164,36.523,0
19.627,19.235,0.29222,0.14869,36.552,0
19.656,19.25,0.24015,0.15383,36.599,0
19.677,19.265,0.16892,0.15601,36.649,0
19.687,19.281,0.16166,0.15378,36.686,0
19.708,19.296,0.13702,0.15596,36.723,0
19.716,19.312,0.076518,0.15317,36.774,0
19.721,19.327,0.051077,0.14897,36.809,0
19.726,19.342,0.053148,0.14512,36.845,0
19.724,19.357,0.0428,0.13889,36.882,0
19.736,19.371,0.071836,0.13832,36.918,0
19.735,19.384,0.10146,0.13266,36.96,0
19.738,19.398,0.11971,0.12887,37.001,0
19.746,19.411,0.11568,0.12676,37.026,0
19.764,19.423,0.096118,0.12881,37.061,0
19.778,19.436,0.082564,0.12925,37.089,0
19.781,19.449,0.079648,0.12517,37.123,0
19.79,19.462,0.092703,0.12408,37.152,0
19.792,19.474,0.091917,0.11989,37.179,0
19.796,19.486,0.037769,0.11685,37.217,0
19.79,19.498,-0.044528,0.11023,37.246,0
19.782,19.509,-0.16013,0.10307,37.278,0.036529
19.767,19.519,-0.26944,0.09343,37.294,0.4094
19.739,19.528,-0.40298,0.079458,37.308,0.97201
19.701,19.536,-0.42964,0.06199,37.319,1.1561
19.656,19.542,-0.44485,0.042941,37.341,1.3004
19.622,19.547,-0.43779,0.028194,37.34,1.3273
19.586,19.55,-0.44783,0.013744,37.347,1.4312
19.541,19.551,-0.36547,-0.0010126,37.342,1.1527
19.506,19.551,-0.30976,-0.0044298,37.345,1.0178
19.477,19.55,-0.22761,-0.0072109,37.347,0.78509
19.447,19.55,-0.15476,-0.010092,37.342,0.61275
19.431,19.549,-0.052669,-0.011516,37.334,0.35205
19.435,19.547,-0.024629,-0.011043,37.316,0.2714
19.437,19.546,-0.024468,-0.010739,37.307,0.26481
19.438,19.545,0.051341,-0.010478,37.289,0.089358
19.434,19.544,0.094431,-0.010786,37.283,0.010869
19.452,19.543,0.037343,-0.0089503,37.269,0.089676
19.463,19.542,-0.0046708,-0.0078264,37.266,0.16002
19.471,19.541,0.045122,-0.0069033,37.251,0.035553
19.48,19.541,0.092235,-0.0059508,37.254,0
19.494,19.54,0.17872,-0.0045615,37.251,0
19.52,19.54,0.31347,-0.0019255,37.249,0
19.561,19.54,0.45813,0.0081586,37.246,0
19.607,19.54,0.59583,0.024946,37.249,0
19.675,19.543,0.63246,0.049779,37.266,0
19.738,19.548,0.70173,0.071333,37.287,0
19.805,19.555,0.82156,0.094068,37.313,0
19.879,19.564,0.93977,0.11825,37.347,0
19.982,19.576,0.94144,0.15255,37.381,0
20.078,19.591,0.94481,0.18285,37.422,0
20.178,19.61,0.95506,0.21356,37.482,0
20.272,19.631,0.99714,0.24084,37.551,0
20.366,19.655,0.98185,0.26665,37.612,0
20.468,19.682,1.0004,0.29497,37.686,0
20.565,19.711,1.0055,0.31989,37.765,0
20.661,19.743,1.0094,0.34359,37.844,0
20.757,19.778,0.97585,0.36671,37.939,0
20.85,19.814,0.95645,0.38745,38.042,0
20.955,19.853,0.968,0.41195,38.145,0
21.052,19.894,0.99015,0.43215,38.257,0
21.152,19.938,0.90364,0.45306,38.373,0
21.237,19.983,0.73706,0.46728,38.493,0
21.301,20.03,0.61784,0.47328,38.618,0
21.354,20.077,0.49159,0.47479,38.742,0
21.393,20.124,0.32999,0.47132,38.869,0
21.423,20.171,0.23454,0.46461,38.998,0
21.449,20.218,0.024378,0.45661,39.121,0
21.449,20.264,-0.73985,0.439,39.234,1.1183
21.376,20.308,-1.8989,0.39523,39.351,14.664
21.194,20.347,-3.2025,0.31301,39.453,59.916
20.877,20.378,-4.5959,0.18405,39.517,240.7
20.424,20.397,-5.8315,0.010193,39.536,2852.9
19.85,20.398,-6.4811,-0.051118,39.507,0
19.198,20.393,-6.693,-0.11186,39.426,0
18.53,20.381,-6.7406,-0.17441,39.272,4190
17.865,20.364,-6.8876,-0.23738,39.056,2506.1
17.173,20.34,-7.1403,-0.30421,38.765,2365.1
16.467,20.31,-7.4526,-0.37395,38.42,2596.1
15.72,20.272,-7.9155,-0.45021,37.999,48.654
14.923,20.227,-8.3749,-0.53461,37.512,49.622
14.087,20.174,-8.6252,-0.62709,36.953,50.605
13.229,20.111,-8.7322,-0.72774,36.299,51.522
12.35,20.038,-8.8322,-0.83726,35.573,52.401
11.465,19.955,-8.6378,-0.95552,34.773,53.059
10.602,19.859,-8.0408,-1.0814,33.89,53.401
9.8058,19.751,-7.0133,-1.2111,32.929,53.509
9.0948,19.63,-5.6652,-1.3424,31.908,53.778
8.5361,19.496,-4.0708,-1.4669,30.833,167.18
8.1385,19.349,-2.4927,-1.5818,29.715,97.736
7.8837,19.191,-1.2639,-1.6856,28.587,63.152
7.7523,19.022,-0.48059,-1.7786,27.457,46.409
7.712,18.844,-0.050172,-1.8622,26.343,37.901
7.7156,18.658,0.16213,-1.9436,25.238,33.09
7.7314,18.464,0.20719,-2.0259,24.158,30.563
7.7472,18.261,0.20558,-2.1129,23.091,28.581
7.7736,18.05,0.20573,-2.1997,22.056,26.524
7.8037,17.83,0.2282,-2.2897,21.038,24.195
7.8219,17.601,0.29498,-2.3842,20.049,21.507
7.8416,17.363,0.42173,-2.4806,19.088,18.423
7.8777,17.115,0.63009,-2.5735,18.156,15.026
7.933,16.857,0.86665,-2.6608,17.253,12.026
8.0227,16.591,1.1053,-2.7387,16.369,9.6789
8.1297,16.317,1.2905,-2.8013,15.538,8.2031
8.2496,16.037,1.3796,-2.8558,14.73,7.4008
8.3828,15.752,1.3906,-2.8928,13.969,6.9717
8.5152,15.462,1.3651,-2.917,13.249,6.7584
8.6537,15.171,1.3329,-4.4,12.574,18.357
8.7835,14.731,1.3051,-4.4,11.956,22.196
8.9058,14.291,1.3076,-4.4,11.396,27.405
9.0274,13.851,1.3282,-4.4,10.891,34.244
9.1635,13.411,1.3502,-4.4,10.432,43.131
9.2939,12.971,1.3643,-4.4,10.037,54.143
9.4297,12.531,1.3641,-4.4,9.6948,68.037
9.5717,12.091,1.365,-5.2,9.4123,176.2
9.7043,11.571,1.391,-5.2,9.1901,239.98
9.8337,11.051,1.4389,-5.2,9.0287,334.44
9.9728,10.531,1.5066,-5.2,8.9372,446.02
10.132,10.011,1.5767,-5.2,8.9152,476.54
10.295,9.4906,1.615,-5.2,8.9606,518.56
10.465,8.9706,1.649,-5.2,9.0707,569.61
10.632,8.4506,1.7166,0.96193,9.252,0.53247
10.812,8.5468,1.7814,1.0018,9.4791,0.73627
10.992,8.647,1.8345,1.0391,9.7094,0.9038
11.166,8.7509,1.8875,1.0717,9.9442,1.0884
11.353,8.858,1.8928,1.1085,10.192,1.0443
11.543,8.9689,1.849,1.1458,10.452,0.76945
11.737,9.0835,1.8198,1.1823,10.718,0.56836
11.924,9.2017,1.8154,1.2133,10.982,0.49678
12.11,9.323,1.8253,1.2412,11.248,0.49927
12.299,9.4472,1.7829,1.2696,11.524,0.26233
12.481,9.5741,1.5898,1.2936,11.813,0
12.63,9.7035,1.2918,1.3023,12.111,0
12.766,9.8337,1.0048,1.3039,12.41,0
12.86,9.9641,0.79084,1.2862,12.703,0
12.937,10.093,0.70256,1.2621,13,0
13.012,10.219,0.79521,1.2367,13.272,0
13.098,10.343,0.90102,1.2184,13.554,0
13.185,10.464,1.0034,1.2012,13.835,0
13.287,10.585,1.0538,1.191,14.103,0
13.383,10.704,1.0828,1.1792,14.381,0
13.482,10.822,1.0717,1.1686,14.649,0
13.595,10.938,1.0843,1.1642,14.907,0
13.704,11.055,1.0386,1.159,15.177,0
13.812,11.171,0.99239,1.1533,15.44,0
13.907,11.286,0.92193,1.142,15.705,0
14.007,11.4,0.84338,1.1336,15.969,0
14.092,11.514,0.81111,1.1194,16.237,0
14.166,11.626,0.82213,1.1007,16.503,0
14.253,11.736,0.82154,1.0886,16.758,0
14.344,11.845,0.79476,1.0782,17.003,0
14.429,11.952,0.79813,1.0658,17.25,0
14.505,12.059,0.80127,1.0498,17.488,0
14.583,12.164,0.80269,1.0358,17.728,0
14.655,12.267,0.80711,1.0197,17.962,0
14.744,12.369,0.8168,1.0116,18.189,0
14.825,12.471,0.80028,1.0005,18.42,0
14.913,12.571,0.77366,0.99385,18.66,0
14.993,12.67,0.79823,0.98301,18.886,0
15.075,12.768,0.82795,0.97417,19.116,0
15.152,12.866,0.84837,0.96398,19.351,0
15.244,12.962,0.86104,0.96011,19.583,0
15.338,13.058,0.90664,0.95732,19.807,0
15.435,13.154,0.90839,0.95573,20.036,0
15.534,13.249,0.88278,0.95562,20.266,0
15.624,13.345,0.8817,0.95141,20.504,0
15.709,13.44,0.99095,0.94499,20.722,0
15.803,13.535,1.0888,0.9431,20.953,0
15.912,13.629,1.1569,0.9477,21.186,0
16.03,13.724,1.211,0.95495,21.412,0
16.148,13.819,1.2966,0.96195,21.634,0
16.284,13.915,1.3268,0.97659,21.868,0
16.414,14.013,1.3568,0.98776,22.106,0
16.546,14.112,1.4098,0.99993,22.356,0
16.692,14.212,1.49,1.0166,22.599,0
16.85,14.314,1.5575,1.0379,22.858,0.09618
16.998,14.417,1.5903,1.0537,23.111,0.23114
17.151,14.523,1.6099,1.0704,23.369,0.31018
17.304,14.63,1.6404,1.0867,23.635,0.44135
17.475,14.738,1.6749,1.1094,23.9,0.59
17.652,14.849,1.7244,1.1334,24.171,0.81613
17.83,14.963,1.77,1.1569,24.455,1.0313
18.016,15.078,1.7988,1.1822,24.735,1.1722
18.198,15.197,1.7777,1.205,25.04,1.0616
18.37,15.317,1.7895,1.223,25.348,1.1242
18.542,15.439,1.7668,1.2398,25.661,1.0141
18.72,15.563,1.7689,1.2588,25.98,1.0286
18.889,15.689,1.7642,1.2723,26.295,1.0167
19.061,15.816,1.8044,1.287,26.628,1.2349
19.249,15.945,1.7975,1.3073,26.954,1.2089
19.42,16.076,1.7884,1.3191,27.281,1.1807
19.596,16.208,1.7825,1.3326,27.612,1.1685
19.775,16.341,1.8349,1.3466,27.944,1.4718
19.967,16.476,1.8433,1.3651,28.286,1.5376
20.144,16.612,1.8239,1.3772,28.638,1.4553
20.334,16.75,1.7833,1.394,28.999,1.2539
20.517,16.889,1.7876,1.4072,29.366,1.3
20.703,17.03,1.7857,1.4203,29.728,1.3172
20.878,17.172,1.7882,1.4287,30.09,1.363
21.058,17.315,1.7873,1.4391,30.465,1.3873
21.231,17.459,1.8021,1.4458,30.836,1.5053
21.408,17.603,1.7762,1.4536,31.205,1.396
21.594,17.749,1.755,1.4651,31.591,1.3082
21.772,17.895,1.7792,1.4726,31.974,1.4809
21.958,18.043,1.8163,1.4832,32.368,1.7282
22.147,18.191,1.8259,1.4946,32.765,1.821
22.331,18.34,1.7956,1.503,33.165,1.6834
22.507,18.491,1.7712,1.5088,33.574,1.5787
22.686,18.642,1.6111,1.515,33.982,0.71152
22.84,18.793,1.7916,1.5116,34.391,1.7763
