8.0556,8.0556,-0.25356,0,0,0.70178
8.0218,8.0556,-0.23965,6.7,35.5,65.861
7.9927,8.7256,-0.14493,6.7,35.465,68.833
7.9728,9.3956,-0.10682,6.7,35.349,72.898
7.9577,10.066,-0.066933,6.7,35.17,76.902
7.9511,10.736,-0.064967,6.7,34.918,81.651
7.9447,11.406,-0.069541,-0.21453,34.612,11.404
7.9424,11.384,-0.050595,-0.21651,34.262,11.139
7.9467,11.362,-0.0066632,-0.21796,33.925,10.643
7.9455,11.341,0.045735,-0.21991,33.577,10.116
7.9506,11.319,0.10529,-0.22134,33.241,9.5287
7.9539,11.297,0.15954,-0.22283,32.912,9.012
7.9769,11.274,0.20147,-0.22295,32.588,8.5296
7.9883,11.252,0.22809,-0.22395,32.256,8.2066
8.0159,11.23,0.23541,-0.22384,31.923,7.9609
8.0445,11.207,0.23011,-0.22338,31.613,7.7989
8.0769,11.185,0.22903,-0.22266,31.301,7.5974
8.1019,11.163,0.21384,-0.22247,30.988,7.5136
8.1238,11.14,0.18267,-0.2223,30.69,7.5456
8.1518,11.118,0.13574,-0.22164,30.394,7.6628
8.1608,11.096,0.076071,-0.22234,30.104,7.9405
8.1726,11.074,0.0091645,-0.22278,29.816,8.2723
8.1765,11.051,-0.055589,-0.22384,29.529,8.6336
8.1702,11.029,-0.13293,-0.22563,29.248,9.1496
8.163,11.006,-0.19505,-0.22765,28.957,9.5703
8.1411,10.984,-0.25171,-0.23086,28.668,10.02
8.1218,10.961,-0.29235,-0.23373,28.392,10.334
8.0855,10.937,-0.33015,-0.23808,28.115,10.699
8.047,10.913,-0.34436,-0.24281,27.828,10.861
8.0126,10.889,-0.33797,-0.24739,27.534,10.816
7.9815,10.864,-0.32959,-0.2515,27.256,10.739
7.9578,10.839,-0.32448,-0.2551,26.973,10.659
7.924,10.814,-0.33165,-0.25968,26.689,10.729
7.8965,10.788,-0.35738,-0.26388,26.398,10.938
7.8556,10.761,-0.36291,-0.26951,26.099,11.015
7.8256,10.734,-0.36069,-0.27406,25.81,10.974
7.7934,10.707,-0.34562,-0.27898,25.516,10.822
7.7636,10.679,-0.33021,-0.2838,25.22,10.655
7.7258,10.651,-0.33253,-0.28927,24.934,10.679
7.6877,10.622,-0.33846,-0.29512,24.637,10.731
7.6573,10.592,-0.33452,-0.30031,24.338,10.661
7.6249,10.562,-0.34532,-0.30579,24.04,10.728
7.5813,10.532,-0.34338,-0.31234,23.751,10.722
7.542,10.5,-0.33357,-0.31854,23.464,10.626
7.499,10.469,-0.33717,-0.32544,23.167,10.658
7.4744,10.436,-0.34814,-0.3302,22.88,10.683
7.4482,10.403,-0.35582,-0.33565,22.576,10.68
7.411,10.369,-0.35691,-0.3425,22.271,10.655
7.3711,10.335,-0.33824,-0.34945,21.979,10.462
7.3281,10.3,-0.34224,-0.35684,21.69,10.48
7.2944,10.265,-0.33127,-0.36355,21.389,10.324
7.2597,10.228,-0.33358,-0.37014,21.101,10.288
7.2221,10.191,-0.33799,-0.37764,20.799,10.274
7.1797,10.153,-0.34497,-0.38586,20.499,10.296
7.1401,10.115,-0.3337,-0.39373,20.203,10.144
7.1074,10.076,-0.3296,-0.40063,19.914,10.027
7.0826,10.035,-0.31553,-0.40703,19.611,9.7907
7.06,9.9948,-0.31859,-0.41283,19.319,9.6928
7.0301,9.9535,-0.29169,-0.42015,19.018,9.3649
7.0007,9.9115,-0.23575,-0.42741,18.72,8.8094
6.9816,9.8687,-0.17344,-0.43261,18.44,8.1985
6.9681,9.8255,-0.1075,-0.4372,18.155,7.5724
6.9658,9.7817,-0.019183,-0.44027,17.867,6.8011
6.9602,9.7377,0.040462,-0.44367,17.584,6.2686
6.9633,9.6933,0.077656,-0.44551,17.306,5.8691
6.9677,9.6488,0.16343,-0.4466,17.041,5.2284
6.9918,9.6041,0.29793,-0.44427,16.777,4.3778
7.0138,9.5597,0.46031,-0.44226,16.512,3.5555
7.0565,9.5155,0.6469,-0.43577,16.264,2.793
7.1138,9.4719,0.83151,-0.42657,16.015,2.2133
7.205,9.4292,0.9555,-0.41029,15.78,1.8424
7.3007,9.3882,1.0261,-0.39175,15.571,1.6086
7.4017,9.349,1.0603,-0.37176,15.368,1.4337
7.5154,9.3119,1.0749,-0.34816,15.189,1.2759
7.6292,9.2771,1.0633,-0.32428,15.012,1.1338
7.7296,9.2446,1.0471,-0.3024,14.849,1.0111
7.8249,9.2144,1.0111,-0.28085,14.706,0.89237
7.9205,9.1863,0.97189,-0.25902,14.567,0.77424
8.0214,9.1604,0.94501,-0.2353,14.456,0.65708
8.1258,9.1369,0.92722,-0.21108,14.34,0.54413
8.2156,9.1158,0.91362,-0.18955,14.245,0.44909
8.3159,9.0968,0.91653,-0.16578,14.155,0.36075
8.4096,9.0802,0.93204,-0.14327,14.084,0.29594
8.5101,9.0659,0.92248,-0.11926,14.032,0.21181
8.5939,9.054,0.93034,-0.09921,13.979,0.16172
8.6909,9.0441,0.94796,-0.076459,13.934,0.12376
8.7837,9.0364,0.96708,-0.054897,13.899,0.10109
8.8786,9.0309,0.97321,-0.033119,13.884,0.066388
8.9851,9.0276,0.98581,-0.0092422,13.881,0.045709
9.0852,9.0267,0.96909,0.033155,13.882,0
9.1882,9.03,0.94352,0.089652,13.887,0
9.2734,9.039,0.93229,0.13287,13.913,0
9.3609,9.0523,0.9288,0.17481,13.943,0
9.4519,9.0697,0.91783,0.21619,13.974,0
9.5437,9.0914,0.91115,0.25564,14.019,0
9.6445,9.1169,0.91654,0.29778,14.075,0
9.7268,9.1467,0.90411,0.32668,14.124,0
9.8265,9.1794,0.89842,0.36357,14.181,0
9.9113,9.2157,0.89351,0.38982,14.248,0
10.008,9.2547,0.88153,0.42122,14.316,0
10.091,9.2968,0.82777,0.4427,14.391,0
10.182,9.3411,0.76929,0.46735,14.47,0
10.259,9.3878,0.6753,0.4826,14.56,0
10.317,9.4361,0.59016,0.48592,14.64,0
10.374,9.4847,0.51806,0.48888,14.725,0
10.422,9.5336,0.47725,0.4867,14.807,0
10.472,9.5822,0.44447,0.48609,14.906,0
10.506,9.6308,0.44032,0.47703,15,0
10.542,9.6785,0.44126,0.46933,15.083,0
10.586,9.7255,0.43367,0.46637,15.176,0
10.621,9.7721,0.42243,0.45836,15.258,0
10.666,9.818,0.40811,0.45692,15.351,0
10.709,9.8636,0.37236,0.45395,15.426,0
10.752,9.909,0.32384,0.45121,15.51,0
10.783,9.9542,0.27644,0.44248,15.595,0
10.814,9.9984,0.20494,0.43394,15.67,0
10.833,10.042,0.12978,0.42001,15.752,0
10.847,10.084,0.046944,0.40417,15.82,0
10.857,10.124,-0.0038768,0.38688,15.891,0
10.857,10.163,-0.058767,0.36572,15.972,0
10.846,10.199,-0.10371,0.33993,16.033,0
10.843,10.233,-0.15538,0.3197,16.096,0
10.827,10.265,-0.29053,0.29386,16.16,0.33137
10.798,10.295,-0.41636,0.26292,16.205,0.9024
10.763,10.321,-0.52053,0.2303,16.245,1.4592
10.716,10.344,-0.59375,0.19375,16.285,1.9142
10.664,10.364,-0.67116,0.15606,16.309,2.4325
10.591,10.379,-0.65296,0.10989,16.332,2.3954
10.517,10.39,-0.72844,0.065962,16.353,2.9435
10.448,10.397,-0.84787,0.026669,16.369,3.8462
10.364,10.399,-1.0079,-0.0067834,16.369,5.3034
10.266,10.399,-1.1543,-0.025576,16.357,7.0349
10.15,10.396,-1.3004,-0.047632,16.339,9.0743
10.029,10.391,-1.3649,-0.07036,16.307,10.315
9.8868,10.384,-1.3939,-0.096858,16.268,11.214
9.7392,10.375,-1.3811,-0.12439,16.204,11.576
9.6091,10.362,-1.373,-0.14826,16.135,11.918
9.4769,10.347,-1.3414,-0.17262,16.049,11.939
9.3378,10.33,-1.2843,-0.19837,15.955,11.644
9.2017,10.31,-1.1702,-0.22372,15.843,10.645
9.0789,10.288,-1.0394,-0.24616,15.736,9.4979
8.9773,10.263,-0.88936,-0.26441,15.618,8.2001
8.8789,10.237,-0.75647,-0.2826,15.478,7.1853
8.8073,10.209,-0.66939,-0.29535,15.331,6.5597
8.7348,10.179,-0.63929,-0.30828,15.186,6.4185
8.679,10.148,-0.6492,-0.31754,15.042,6.543
8.6094,10.116,-0.65513,-0.32979,14.898,6.6724
8.5473,10.084,-0.6588,-0.34074,14.745,6.7546
8.4753,10.049,-0.66077,-0.35431,14.582,6.8438
8.4047,10.014,-0.67347,-0.36721,14.429,7.0139
8.3287,9.9773,-0.67027,-0.38202,14.26,7.0583
8.2632,9.9391,-0.66494,-0.39403,14.1,7.0518
8.1986,9.8997,-0.65771,-0.40604,13.935,7.0203
8.1267,9.8591,-0.63002,-0.42046,13.758,6.835
8.0685,9.817,-0.53557,-0.43188,13.574,6.1068
8.0213,9.7738,-0.4316,-0.44008,13.4,5.3506
7.9717,9.7298,-0.3121,-0.44887,13.227,4.5816
7.9486,9.685,-0.18754,-0.45098,13.051,3.8206
7.9278,9.6399,-0.090882,-0.45192,12.884,3.2821
7.9245,9.5947,-0.049981,-0.44888,12.705,2.9928
7.9213,9.5498,-0.020857,-0.44504,12.539,2.7695
7.9217,9.5053,-0.017295,-0.43995,12.376,2.6468
7.9189,9.4613,-0.019305,-0.43554,12.217,2.5547
7.9138,9.4177,-0.018781,-0.43188,12.057,2.4588
7.9039,9.3745,0.03239,-0.42942,11.9,2.1986
7.9157,9.3316,0.1247,-0.42008,11.75,1.8074
7.9231,9.2896,0.25389,-0.41165,11.608,1.4029
7.9512,9.2484,0.3983,-0.39661,11.471,1.0483
7.9857,9.2088,0.57537,-0.37872,11.351,0.78431
8.0353,9.1709,0.70074,-0.35576,11.241,0.65698
8.1151,9.1353,0.74423,-0.32317,11.137,0.55281
8.189,9.103,0.71721,-0.29231,11.047,0.44709
8.259,9.0738,0.62148,-0.2627,10.969,0.33941
8.3203,9.0475,0.47997,-0.23673,10.885,0.28345
8.366,9.0238,0.31941,-0.21588,10.814,0.33144
8.4013,9.0022,0.18771,-0.19842,10.757,0.44131
8.4187,8.9824,0.095624,-0.18729,10.701,0.56129
8.4183,8.9637,0.11644,-0.18215,10.652,0.49314
8.4268,8.9454,0.25358,-0.17448,10.591,0.2366
8.4515,8.928,0.47958,-0.16115,10.544,0.013848
8.4901,8.9119,0.73733,-0.14357,10.49,0.024237
8.5563,8.8975,0.97095,-0.11662,10.454,0.2372
8.6452,8.8859,1.1108,-0.082434,10.43,0.43098
8.7599,8.8776,1.241,-0.040428,10.409,0.66656
8.8863,8.8736,1.369,0.0057473,10.411,0.95637
9.0331,8.8742,1.523,0.071792,10.413,1.3251
9.1803,8.8813,1.6923,0.13506,10.435,1.825
9.346,8.8948,1.8951,0.20406,10.477,2.5333
9.5429,8.9152,2.0103,0.28397,10.527,2.91
9.7511,8.9436,2.0686,0.36582,10.606,3.0399
9.9678,8.9802,2.0653,0.44741,10.687,2.8843
10.178,9.025,2.0542,0.52284,10.797,2.6994
10.388,9.0772,2.0228,0.59442,10.918,2.426
10.588,9.1367,1.9703,0.65783,11.048,2.0712
10.775,9.2025,1.8828,0.71313,11.198,1.576
10.966,9.2738,1.7691,0.76707,11.361,0.98589
11.144,9.3505,1.6404,0.81275,11.535,0.37815
11.315,9.4318,1.5001,0.85296,11.711,0
11.469,9.5171,1.3234,0.88283,11.893,0
11.599,9.6053,1.0742,0.90084,12.089,0
11.708,9.6954,0.81271,0.90809,12.284,0
11.784,9.7862,0.54085,0.90104,12.493,0
11.848,9.8763,0.26742,0.88771,12.685,0
11.875,9.9651,0.044026,0.85886,12.886,0
11.873,10.051,-0.048979,0.81793,13.071,0
11.858,10.133,-0.080861,0.77325,13.243,0
11.857,10.21,-0.083196,0.73653,13.402,0
11.856,10.284,-0.01884,0.70171,13.554,0
11.856,10.354,0.034479,0.6694,13.699,0
11.854,10.421,0.019377,0.63745,13.842,0
11.864,10.485,0.01062,0.61255,13.975,0
11.872,10.546,-0.039068,0.58843,14.114,0
11.866,10.605,-0.088077,0.55902,14.241,0
11.854,10.661,-0.12973,0.52835,14.363,0
11.846,10.713,-0.10637,0.50048,14.471,0
11.844,10.764,-0.098618,0.47723,14.584,0
11.833,10.811,-0.030315,0.45036,14.68,0
11.838,10.856,-0.0024031,0.43225,14.779,0
11.846,10.899,0.0044489,0.41633,14.873,0
11.851,10.941,-0.011648,0.39991,14.959,0
11.846,10.981,-0.013974,0.37988,15.058,0
11.842,11.019,-0.02366,0.36125,15.137,0
11.842,11.055,-0.036757,0.34503,15.221,0
11.843,11.09,-0.03183,0.33014,15.291,0
11.837,11.123,-0.037198,0.31267,15.369,0
11.838,11.154,-0.049415,0.29945,15.443,0
11.826,11.184,-0.0638,0.28054,15.5,0
11.828,11.212,-0.069283,0.26945,15.569,0
11.829,11.239,-0.069669,0.2577,15.638,0
11.821,11.265,-0.069099,0.24297,15.686,0
11.805,11.289,-0.089667,0.22523,15.749,0
11.795,11.312,-0.10126,0.21107,15.797,0
11.794,11.333,-0.11968,0.20114,15.844,0
11.775,11.353,-0.1205,0.18414,15.897,0
11.772,11.371,-0.1216,0.17457,15.945,0
11.761,11.389,-0.088867,0.16228,15.974,0
11.756,11.405,-0.08657,0.15285,16.009,0
11.75,11.42,-0.086284,0.1436,16.043,0
11.746,11.435,-0.10085,0.13572,16.07,0
11.741,11.448,-0.089678,0.12751,16.093,0
11.739,11.461,-0.1051,0.12075,16.119,0
11.73,11.473,-0.10294,0.1118,16.137,0
11.714,11.484,-0.078387,0.099936,16.164,0
11.706,11.494,-0.066007,0.091973,16.185,0
11.694,11.503,-0.078172,0.082769,16.201,0
11.693,11.512,-0.07543,0.078521,16.219,0
11.686,11.519,-0.074512,0.072456,16.238,0
11.669,11.527,-0.085852,0.061756,16.258,0.033922
11.654,11.533,-0.081542,0.05271,16.269,0.047269
11.64,11.538,-0.063432,0.044133,16.287,0.02598
11.625,11.543,-0.059043,0.035758,16.292,0.037708
11.626,11.546,-0.049665,0.034802,16.299,0.018126
11.622,11.55,-0.060336,0.031482,16.299,0.052075
11.62,11.553,-0.069226,0.029214,16.316,0.079648
11.615,11.556,-0.080056,0.025815,16.327,0.11548
11.609,11.558,-0.091323,0.022142,16.331,0.15377
11.604,11.56,-0.084921,0.018752,16.336,0.14658
11.6,11.562,-0.068037,0.016438,16.343,0.11086
11.596,11.564,-0.041672,0.014007,16.352,0.05482
11.59,11.565,-0.028133,0.010748,16.359,0.032713
11.587,11.566,-0.0074868,0.0091066,16.36,0
11.592,11.567,-0.026846,0.010764,16.371,0.029816
11.594,11.568,-0.038574,0.010965,16.372,0.055793
11.595,11.57,-0.040975,0.010972,16.384,0.061312
11.588,11.571,-0.012678,0.0074255,16.387,0.0075215
11.586,11.571,0.01433,0.0062991,16.384,0
11.592,11.572,0.030888,0.0086851,16.378,0
11.587,11.573,0.058942,0.0059284,16.377,0
11.598,11.573,0.071743,0.010656,16.375,0
11.612,11.575,0.055325,0.016294,16.388,0
11.609,11.576,0.036546,0.014333,16.387,0
11.61,11.578,0.061955,0.014175,16.381,0
11.618,11.579,0.077714,0.016766,16.376,0
11.635,11.581,0.095244,0.023381,16.371,0
11.643,11.583,0.11248,0.025848,16.376,0
11.652,11.586,0.14484,0.028768,16.381,0
11.667,11.588,0.16149,0.034148,16.391,0
11.689,11.592,0.16367,0.042236,16.409,0
11.715,11.596,0.17274,0.051306,16.415,0
11.737,11.601,0.18536,0.05883,16.428,0
11.755,11.607,0.19371,0.063959,16.442,0
11.78,11.614,0.18565,0.072129,16.457,0
11.804,11.621,0.21557,0.079219,16.475,0
11.816,11.629,0.23414,0.08122,16.488,0
11.843,11.637,0.26104,0.089068,16.509,0
11.873,11.646,0.28735,0.098578,16.53,0
11.894,11.656,0.33021,0.10327,16.56,0
11.925,11.666,0.34805,0.112,16.581,0
11.956,11.677,0.36613,0.12053,16.6,0
11.996,11.689,0.37838,0.13288,16.635,0
12.033,11.702,0.38351,0.143,16.67,0
12.065,11.717,0.3933,0.15075,16.708,0
12.103,11.732,0.39897,0.1604,16.743,0
12.151,11.748,0.40471,0.17407,16.78,0
12.184,11.765,0.39463,0.18088,16.827,0
12.229,11.783,0.39967,0.19274,16.873,0
12.279,11.803,0.38968,0.20571,16.919,0
12.319,11.823,0.39959,0.21398,16.969,0
12.367,11.845,0.40098,0.22548,17.017,0
12.413,11.867,0.41085,0.23536,17.062,0
12.456,11.891,0.40983,0.24365,17.122,0
12.492,11.915,0.41763,0.24867,17.175,0
12.527,11.94,0.40155,0.25272,17.231,0
12.572,11.965,0.39959,0.26128,17.292,0
12.603,11.991,0.39304,0.26337,17.361,0
12.64,12.018,0.38346,0.26775,17.419,0
12.67,12.044,0.38432,0.26898,17.479,0
12.7,12.071,0.39548,0.27024,17.538,0
12.739,12.098,0.4031,0.27499,17.602,0
12.786,12.126,0.40585,0.28332,17.659,0
12.823,12.154,0.40161,0.28697,17.727,0
12.854,12.183,0.3842,0.28759,17.785,0
12.894,12.212,0.38473,0.29234,17.856,0
12.936,12.241,0.371,0.29766,17.925,0
12.966,12.271,0.3643,0.29718,17.987,0
13.007,12.3,0.34253,0.30197,18.065,0
13.043,12.331,0.29625,0.30449,18.136,0
13.072,12.361,0.19652,0.30358,18.203,0
13.089,12.391,-0.33263,0.29754,18.28,0.12082
13.054,12.421,-1.515,0.26956,18.339,9.866
12.911,12.448,-3.0564,0.19729,18.402,53.382
12.605,12.468,-4.7644,0.058224,18.428,285.84
12.121,12.474,-6.3947,-0.068276,18.409,26.136
11.491,12.467,-7.3016,-0.1899,18.341,27.553
10.758,12.448,-7.2426,-0.33238,18.204,28.153
10.043,12.415,-6.6612,-0.4742,17.993,28.121
9.3843,12.367,-5.8259,-0.60893,17.722,27.769
8.7993,12.306,-4.9766,-0.73475,17.389,27.378
8.2983,12.233,-4.3936,-0.84863,17.019,27.113
7.8674,12.148,-4.1058,-0.95471,16.601,26.875
7.4489,12.052,-3.7854,-1.0636,16.166,26.55
7.075,11.946,-3.3707,-1.1717,15.685,90.524
6.7322,11.829,-2.7215,-1.2789,15.19,61.894
6.4612,11.701,-1.9533,-1.3752,14.677,38.697
6.2664,11.563,-1.1459,-1.4579,14.151,22.611
6.1516,11.418,-0.50449,-1.5215,13.626,13.989
6.0947,11.266,-0.057058,-1.5721,13.096,9.5611
6.0815,11.108,0.080352,-1.6085,12.581,7.9872
6.0919,10.947,0.059735,-1.6321,12.095,7.3883
6.09,10.784,-0.025698,-1.6608,11.61,7.1439
6.0832,10.618,-0.12045,-1.6867,11.15,6.9685
6.0724,10.45,-0.15243,-1.7135,10.697,6.4731
6.062,10.278,-0.1517,-1.7333,10.272,5.8644
6.0397,10.105,-0.12112,-5.2,9.8632,53.874
6.0241,9.5848,-0.087117,-5.2,9.4817,52.686
6.0149,9.0648,-0.058405,-5.2,9.145,51.655
6.0017,8.5448,-0.04918,-5.2,8.866,50.269
5.9944,8.0248,-0.035871,-5.2,8.6445,49.125
5.9998,7.5048,-0.027652,-5.2,8.464,48.332
6.0033,6.9848,-0.0079315,-5.2,8.34,47.61
6.0038,6.4648,0.015491,-0.16408,8.2766,0.57298
6.0085,6.4484,0.026234,-0.1576,8.2292,0.51785
6.0053,6.4327,0.022501,-5.2,8.195,46.904
6.014,5.9127,0.022052,0.072748,8.1865,0
6.0181,5.9199,0.017524,0.070468,8.2019,0
6.0213,5.927,0.015433,0.067601,8.204,0
6.0179,5.9337,0.020621,0.060246,8.2067,0
6.022,5.9398,0.035419,0.058764,8.2084,0
6.0171,5.9456,0.04618,0.051019,8.2228,0
6.0138,5.9507,0.12634,0.045092,8.2389,0
6.0203,5.9553,0.23289,0.046476,8.2541,0
6.0402,5.9599,0.3536,0.057408,8.2634,0
6.0821,5.9656,0.4596,0.083121,8.2641,0
6.1223,5.974,0.56436,0.10568,8.2721,0
6.1769,5.9845,0.60277,0.13702,8.2971,0
6.2293,5.9982,0.62608,0.16431,8.3167,0
6.2847,6.0147,0.64061,0.19145,8.3332,0
6.3583,6.0338,0.65132,0.22949,8.3584,0
6.4313,6.0567,0.66338,0.26404,8.3876,0
6.4966,6.0832,0.67542,0.29042,8.4222,0
6.5699,6.1122,0.67532,0.32052,8.4683,0
6.6418,6.1442,0.69159,0.34707,8.5148,0
6.7027,6.179,0.74209,0.36398,8.5692,0
6.7841,6.2153,0.80887,0.39337,8.6179,0
6.8693,6.2547,0.88927,0.42296,8.6715,0
6.9502,6.297,0.96878,0.44756,8.7397,0
7.0415,6.3417,1.0278,0.47691,8.804,0
7.1444,6.3894,1.0502,0.5123,8.8849,0
7.2575,6.4407,1.0189,0.55111,8.9602,0
7.3686,6.4958,0.95064,0.58498,9.0371,0
7.4736,6.5543,0.86008,0.61266,9.1323,0
7.5598,6.6155,0.75422,0.6247,9.2171,0
7.6343,6.678,0.63695,0.62893,9.3183,0
7.6998,6.7409,0.60867,0.62629,9.4102,0
7.7575,6.8035,0.65587,0.61854,9.4969,0
7.8281,6.8654,0.6602,0.62065,9.5979,0
7.8975,6.9274,0.65518,0.62118,9.6876,0
7.9665,6.9896,0.63461,0.62217,9.7907,0
8.025,7.0518,0.55316,0.61608,9.8875,0
8.0856,7.1134,0.41002,0.61201,9.9879,0
8.1321,7.1746,0.3411,0.59968,10.092,0
8.1635,7.2346,0.31023,0.57875,10.191,0
8.1897,7.2924,0.34337,0.55612,10.283,0
8.2187,7.348,0.42093,0.53679,10.369,0
8.2587,7.4017,0.56325,0.52547,10.448,0
8.3196,7.4543,0.72821,0.52828,10.535,0
8.3862,7.5071,0.91728,0.53405,10.617,0
8.4878,7.5605,1.0794,0.56082,10.705,0
8.5878,7.6166,1.2008,0.58471,10.8,0
8.6989,7.6751,1.2626,0.61404,10.908,0
8.8336,7.7365,1.2857,0.65437,11.004,0
8.9646,7.8019,1.2645,0.69046,11.125,0
9.0961,7.8709,1.2363,0.72384,11.246,0
9.2283,7.9433,1.2015,0.75449,11.362,0
9.3522,8.0188,1.1513,0.77895,11.499,0
9.4734,8.0967,1.0838,0.79966,11.634,0
9.5834,8.1766,1.0093,0.81257,11.776,0
9.6943,8.2579,0.92716,0.82419,11.908,0
9.7944,8.3403,0.84978,0.82925,12.049,0
9.8718,8.4232,0.77437,0.8213,12.194,0
9.9484,8.5054,0.72284,0.81304,12.331,0
10.03,8.5867,0.71206,0.80832,12.466,0
10.098,8.6675,0.7236,0.79627,12.602,0
10.161,8.7471,0.73854,0.78293,12.751,0
10.226,8.8254,0.81476,0.77134,12.886,0
10.303,8.9026,0.93213,0.76768,13.021,0
10.397,8.9793,1.0406,0.7733,13.159,0
10.509,9.0567,1.1414,0.7883,13.305,0
10.614,9.1355,1.2786,0.79844,13.449,0
10.736,9.2153,1.3746,0.8178,13.604,0
10.865,9.2971,1.4291,0.83961,13.768,0
11.007,9.3811,1.4827,0.86694,13.925,0
11.148,9.4678,1.5189,0.89182,14.099,0
11.309,9.5569,1.5096,0.92525,14.268,0
11.454,9.6495,1.4921,0.9484,14.45,0
11.608,9.7443,1.5059,0.97467,14.638,0
11.761,9.8418,1.4992,0.99839,14.822,0
11.919,9.9416,1.5021,1.0224,15.007,0
12.073,10.044,1.4808,1.0442,15.214,0
12.222,10.148,1.4616,1.0613,15.414,0
12.367,10.254,1.4199,1.0749,15.617,0
12.512,10.362,1.3857,1.0875,15.823,0
12.644,10.471,1.3589,1.0938,16.043,0
12.78,10.58,1.3757,1.102,16.271,0
12.915,10.69,1.3926,1.1085,16.491,0
13.058,10.801,1.384,1.1178,16.706,0
13.191,10.913,1.3666,1.1227,16.931,0
13.335,11.025,1.3211,1.1319,17.153,0
13.465,11.138,1.1954,1.1348,17.391,0
13.58,11.252,1.0182,1.1299,17.632,0
13.689,11.365,0.77757,1.1222,17.863,0
13.773,11.477,0.51116,1.104,18.104,0
13.819,11.587,0.11853,1.0679,18.336,0
13.83,11.694,-0.047504,1.0173,18.556,0
