0,0,-0.12936,0,0,0.27181
-0.014956,0,-0.077711,7.8,35.493,16.584
-0.015067,0.78,-0.10663,7.8,35.446,18.244
-0.021492,1.56,-0.090569,7.8,35.335,19.822
-0.034552,2.34,-0.080473,7.8,35.143,21.427
-0.047309,3.12,-0.091251,7.8,34.86,23.074
-0.06322,3.9,-0.093776,7.8,34.505,24.711
-0.06293,4.68,-0.075881,7.8,34.074,26.272
-0.063471,5.46,-0.073817,7.8,33.552,27.868
-0.067728,6.24,-0.091943,6.7,32.954,27.202
-0.082613,6.91,-0.086439,6.7,32.286,28.595
-0.10023,7.58,-0.069922,6.7,31.548,29.97
-0.10667,8.25,-0.073133,-0.44376,30.752,16.352
-0.11079,8.2056,-0.088962,-0.45948,29.916,16.27
-0.1133,8.1597,-0.075657,-0.47592,29.085,16.119
-0.12772,8.1121,-0.060746,-0.49413,28.253,15.981
-0.13117,8.0627,-0.065101,-0.51257,27.43,15.857
-0.12907,8.0114,-0.076114,-0.53143,26.618,15.731
-0.13552,7.9583,-0.077721,-0.55203,25.809,15.596
-0.13655,7.9031,-0.077727,-0.57342,25.004,15.44
-0.13734,7.8457,-0.077494,-0.5965,24.193,15.275
-0.14633,7.7861,-0.088966,-0.62156,23.389,15.142
-0.14905,7.7239,-0.088738,-0.64713,22.602,14.966
-0.16571,7.6592,-0.074515,-0.67535,21.823,14.779
-0.16775,7.5917,-0.071986,-0.70414,21.047,14.579
-0.17679,7.5213,-0.074969,-0.73594,20.269,14.392
-0.17445,7.4477,-0.075889,-0.76886,19.494,14.169
-0.18621,7.3708,-0.06396,-0.80489,18.734,13.935
-0.19127,7.2903,-0.060977,-0.84226,17.986,13.696
-0.20164,7.2061,-0.078413,-0.88351,17.236,13.494
-0.20576,7.1177,-0.091722,-0.92607,16.502,13.26
-0.22267,7.0251,-0.077731,-0.97361,15.773,12.975
-0.22471,6.9277,-0.080485,-1.0219,15.056,12.684
-0.23811,6.8256,-0.090579,-1.0764,14.339,12.409
-0.2512,6.7179,-0.088056,-1.1328,13.646,12.091
-0.26787,6.6046,-0.075211,-1.1946,12.957,11.736
-0.27746,6.4852,-0.073831,-1.26,12.276,11.371
-0.29103,6.3592,-0.078415,-1.3318,11.601,10.999
-0.29537,6.226,-0.069234,-1.4074,10.934,10.557
-0.30401,6.0853,-0.068084,-1.4851,10.298,10.121
-0.31045,5.9367,-0.064644,-1.5691,9.6678,9.6454
-0.3121,5.7798,-0.072672,-1.6565,9.0538,9.1605
-0.31788,5.6142,-0.075195,-1.7483,8.4598,8.6451
-0.32244,5.4394,-0.088049,-1.8457,7.8783,8.1183
-0.32668,5.2548,-0.084154,-8.8,7.3171,0
-0.3399,4.3748,-0.081626,-8.8,6.8099,0
-0.3401,3.4948,-0.083,-8.8,6.3835,0
-0.34823,2.6148,-0.083921,-8.8,6.0371,0
-0.3638,1.7348,-0.081396,-8.8,5.7847,0
-0.37354,0.85478,-0.074283,-0.074283,5.6256,2.5181
-0.38951,0.84735,-0.077037,-0.077037,5.4944,2.5356
-0.38949,0.83965,-0.067866,-8.8,5.3625,0
-0.40073,0,-0.066257,-0.066257,5.2755,0.82149
-0.40669,0,-0.056165,-0.056165,5.2352,0.83371
-0.41502,0,-0.053868,-0.053868,5.192,0.85079
-0.42413,0,-0.06465,-0.06465,5.1512,0.86947
-0.43087,0,-0.079101,-0.079101,5.109,0.88328
-0.43723,0,-0.072684,-0.072684,5.0691,0.89631
-0.43886,0,-0.072911,-0.072911,5.0235,0.89966
-0.44995,0,-0.08025,-8.8,4.9822,0
-0.46661,0,-0.084609,-8.8,4.9791,0
-0.47736,0,-0.085069,-8.8,4.9749,0
-0.4872,0,-0.093096,-8.8,4.9612,0
-0.50258,0,-0.094471,-8.8,4.9469,0
-0.50468,0,-0.091494,-8.8,4.9306,0
-0.5149,0,-0.09035,-8.8,4.9208,0
-0.51507,0,-0.084613,-8.8,4.9114,0
-0.52377,0,-0.074519,-8.8,4.8976,0
-0.53136,0,-0.073599,-8.8,4.8973,0
-0.53347,0,-0.078182,-8.8,4.8802,0
-0.54851,0,-0.076347,-8.8,4.8715,0
-0.56238,0,-0.08231,-8.8,4.8687,0
-0.5739,0,-0.087355,-8.8,4.8569,0
-0.58791,0,-0.088503,-8.8,4.8498,0
-0.60396,0,-0.093787,-8.8,4.8278,0
-0.61841,0,-0.092639,-8.8,4.8183,0
-0.62133,0,-0.090804,-8.8,4.799,0
-0.63056,0,-0.090577,-8.8,4.784,0
-0.63332,0,-0.090346,-8.8,4.7551,0
-0.64854,0,-0.080704,-8.8,4.7329,0
-0.6654,0,-0.075428,-8.8,4.7189,0
-0.67693,0,-0.075199,-8.8,4.6911,0
-0.69346,0,-0.080706,-8.8,4.6649,0
-0.69631,0,-0.079791,-8.8,4.6335,0
-0.69825,0,-0.075434,-8.8,4.6035,0
-0.70823,0,-0.072909,-8.8,4.5806,0
-0.71738,0,-0.07337,-8.8,4.546,0
-0.72382,0,-0.0635,-8.8,4.5233,0
-0.73051,0,-0.071069,-8.8,4.4865,0
-0.72945,0,-0.071986,-8.8,4.4488,0
-0.72847,0,-0.076573,-8.8,4.4276,0
-0.73919,0,-0.07818,-8.8,4.4068,0
-0.74785,0,-0.09172,-8.8,4.3863,0
-0.76542,0,-0.083695,-8.8,4.3613,0
-0.77742,0,-0.088286,-8.8,4.3331,0
-0.78905,0,-0.088517,-8.8,4.297,0
-0.79009,0,-0.084385,-8.8,4.2607,0
-0.80354,0,-0.074058,-8.8,4.2175,0
-0.80236,0,-0.088507,-8.8,4.1731,0
-0.81762,0,-0.084836,-8.8,4.1392,0
-0.82473,0,-0.082545,-8.8,4.1106,0
-0.83076,0,-0.082319,-8.8,4.0795,0
-0.84457,0,-0.090812,-8.8,4.0483,0
-0.86245,0,-0.080032,-8.8,4.0105,0
-0.87253,0,-0.081869,-8.8,3.9598,0
-0.88609,0,-0.078658,-8.8,3.9107,0
-0.89099,0,-0.07269,-8.8,3.8571,0
-0.90055,0,-0.073147,-8.8,3.8144,0
-0.91222,0,-0.085071,-8.8,3.7637,0
-0.92252,0,-0.086218,-8.8,3.7204,0
-0.93997,0,-0.086218,-8.8,3.6625,0
-0.94521,0,-0.08966,-8.8,3.6145,0
-0.95052,0,-0.085759,-8.8,3.5708,0
-0.95869,0,-0.079334,-8.8,3.5093,0
-0.96299,0,-0.08094,-8.8,3.4649,0
-0.96911,0,-0.080252,-8.8,3.4219,0
-0.97652,0,-0.073827,-8.8,3.3783,0
-0.98843,0,-0.07268,-8.8,3.3316,0
-1.002,0,-0.072453,-8.8,3.2833,0
-1,0,-0.073829,-8.8,3.232,0
-1.0007,0,-0.077041,-8.8,3.173,0
-1.0004,0,-0.078417,-8.8,3.1119,0
-1.0015,0,-0.077041,-8.8,3.0575,0
-1.0139,0,-0.080942,-8.8,3.0108,0
-1.0195,0,-0.082547,-8.8,2.9581,0
-1.0324,0,-0.079791,-8.8,2.9086,0
-1.0381,0,-0.078421,-8.8,2.8533,0
-1.0488,0,-0.076353,-8.8,2.7984,0
-1.0484,0,-0.071073,-8.8,2.7276,0
-1.0618,0,-0.072909,-8.8,2.6686,0
-1.0773,0,-0.077958,-8.8,2.6135,0
-1.0817,0,-0.077721,-8.8,2.5436,0
-1.0991,0,-0.074044,-8.8,2.4716,0
-1.1085,0,-0.080469,-8.8,2.4152,0
-1.1094,0,-0.023116,-8.8,2.3405,0
-1.1104,0,0.034914,-8.8,2.2636,0
-1.1061,0,0.07138,-8.8,2.1886,0
-1.1026,0,0.14547,-8.8,2.1316,0
-1.0882,0,0.23768,-8.8,2.0662,0
-1.068,0,0.22894,-8.8,1.9988,0
-1.0416,0,0.21954,-8.8,1.9359,0
-1.0239,0,0.25119,-8.8,1.8797,0
-1.0013,0,0.3062,-8.8,1.8191,0
-0.97906,0,0.34658,-8.8,1.7557,0
-0.95145,0,0.44727,-8.8,1.6959,0
-0.90301,0,0.59041,-8.8,1.644,0
-0.85018,0,0.71753,-8.8,1.6038,0
-0.77426,0,0.80103,-8.8,1.5591,0
-0.70012,0,0.90677,-8.8,1.5394,0
-0.60577,0,0.99076,-8.8,1.5259,0
-0.51137,0,1.0378,-8.8,1.5122,0
-0.40245,0,1.0648,-8.8,1.5019,0
-0.29717,0,1.0963,-8.8,1.5203,0
-0.18746,0,1.1761,-8.8,1.5342,0
-0.065543,0,1.2931,-8.8,1.5695,0
0.067833,0,1.4425,-8.8,1.6232,0
0.21692,0,1.6335,-8.8,1.6794,0
0.37833,0,1.798,-8.8,1.7569,0
0.55996,0,1.8676,-8.8,1.8551,0
0.75047,0,1.8956,-8.8,1.9698,0
0.94966,0,1.8926,-8.8,2.0982,0
1.1348,0,1.8948,-8.8,2.2393,0
1.316,0,1.9406,-8.8,2.4023,0
1.5026,0,2.0561,-8.8,2.5892,0
1.7055,0,2.1876,-8.8,2.7967,0
1.9209,0,2.3159,-8.8,3.0223,0
2.155,0,2.3843,-8.8,3.2723,0
2.393,0,2.4017,-8.8,3.545,0
2.6306,0,2.3663,-8.8,3.8314,1.028
2.8729,0,2.302,-8.8,4.1484,2.5652
3.0995,0,2.2132,-8.8,4.4953,3.8297
3.3292,0,2.1489,-8.8,4.8682,5.5123
3.55,0,2.0994,2.0994,5.2604,0
3.7633,0.20994,2.0544,2.0544,5.6085,0
3.9755,0.41537,2.0121,2.0121,5.9724,0
4.1822,0.61658,1.9777,1.9777,6.3218,0
4.3882,0.81436,1.9437,1.9437,6.6731,0
4.5902,1.0087,1.8967,4.9,7.0353,0.97434
4.7866,1.4987,1.8607,4.9,7.3721,2.2329
4.9636,1.9887,1.8406,4.9,7.6886,3.5313
5.1424,2.4787,1.7862,4.9,7.9632,5.1114
5.3115,2.9687,1.7001,4.9,8.2072,7.0528
5.4761,3.4587,1.5606,3.6356,8.4162,1.8717
5.6253,3.8223,1.4392,2.8064,8.6109,0
5.7731,4.1029,1.3558,2.3491,8.777,0
5.9149,4.3378,1.3102,2.0545,8.9391,0
6.0385,4.5433,1.3399,1.8298,9.089,0
6.1783,4.7263,1.4367,1.6862,9.2279,0
6.3191,4.8949,1.5296,1.5816,9.3724,0
6.4662,5.053,1.6331,1.508,9.5127,0
6.6206,5.2038,1.73,1.458,9.6519,0
6.7865,5.3496,1.7751,1.4317,9.803,0
6.9646,5.4928,1.7978,1.4218,9.9487,0
7.1422,5.635,1.7995,1.4133,10.094,0
7.3247,5.7763,1.7473,1.4107,10.238,0
7.4894,5.9174,1.6782,1.3953,10.402,0
7.6522,6.0569,1.6123,1.3813,10.568,0
7.8168,6.1951,1.5333,1.371,10.733,0
7.9759,6.3322,1.4716,1.3575,10.893,0
8.117,6.4679,1.4038,1.3327,11.062,0
8.2636,6.6012,1.343,1.3166,11.236,0
8.3944,6.7328,1.2947,1.2909,11.411,0
8.5215,6.8619,1.2965,1.2656,11.58,0
8.6564,6.9885,1.2737,1.2494,11.746,0
8.7823,7.1134,1.2397,1.2295,11.919,0
8.9026,7.2364,1.2219,1.208,12.088,0
9.0324,7.3572,1.1134,1.1952,12.247,0
9.1469,7.4767,0.905,1.1736,12.407,0
9.2438,7.5941,0.73756,1.1435,12.582,0
9.3148,7.7084,0.57833,1.0985,12.745,0
9.3696,7.8183,0.43543,1.0476,12.904,0
9.4206,7.923,0.36703,0.99883,13.047,0
9.4588,8.0229,0.36006,0.94691,13.189,0
9.5017,8.1176,0.3832,0.90338,13.327,0
9.5327,8.2079,0.4346,0.85654,13.463,0
9.5663,8.2936,0.46731,0.81554,13.59,0
9.6079,8.3751,0.55688,0.78335,13.712,0
9.6707,8.4535,0.63851,0.76729,13.829,0
9.7297,8.5302,0.65494,0.75035,13.945,0
9.7974,8.6052,0.66735,0.74021,14.057,0
9.8702,8.6793,0.70179,0.73484,14.185,0
9.9432,8.7527,0.68416,0.72984,14.307,0
10.015,8.8257,0.69041,0.72431,14.428,0
10.089,8.8981,0.69544,0.72065,14.539,0
10.163,8.9702,0.69214,0.71703,14.65,0
10.233,9.0419,0.64234,0.71108,14.764,0
10.294,9.113,0.61488,0.7007,14.881,0
10.352,9.1831,0.60412,0.68999,15,0
10.404,9.2521,0.59455,0.67609,15.126,0
10.464,9.3197,0.59527,0.66781,15.235,0
10.531,9.3865,0.61047,0.66442,15.342,0
10.594,9.4529,0.6043,0.65925,15.462,0
10.651,9.5189,0.59452,0.65119,15.581,0
10.713,9.584,0.59037,0.64599,15.69,0
10.777,9.6486,0.58525,0.64187,15.797,0
10.826,9.7128,0.5687,0.63027,15.906,0
10.881,9.7758,0.52532,0.62244,16.011,0
10.943,9.838,0.46163,0.61966,16.121,0
10.983,9.9,0.3536,0.60492,16.24,0
11.014,9.9605,0.24244,0.58595,16.341,0
11.043,10.019,0.14882,0.56726,16.446,0
11.064,10.076,0.069731,0.54464,16.537,0
11.078,10.13,0.0071075,0.52051,16.625,0
11.075,10.182,-0.02684,0.48849,16.718,0
11.073,10.231,-0.023406,0.45933,16.814,0
11.066,10.277,-0.01651,0.42899,16.902,0
11.07,10.32,0.0091773,0.40656,16.982,0
11.081,10.361,0.013301,0.38916,17.046,0
11.08,10.4,-0.00080124,0.36672,17.12,0
11.082,10.436,0.043926,0.34749,17.19,0
11.087,10.471,0.1102,0.33057,17.249,0
11.101,10.504,0.099878,0.31966,17.31,0
11.108,10.536,0.12625,0.30607,17.376,0
11.125,10.567,0.24561,0.29822,17.432,0
11.151,10.596,0.24772,0.29528,17.489,0
11.175,10.626,0.25233,0.29215,17.544,0
11.206,10.655,0.38174,0.29245,17.601,0
11.236,10.684,0.43148,0.29197,17.647,0
11.283,10.714,0.49283,0.30084,17.7,0
11.34,10.744,0.50242,0.31445,17.76,0
11.398,10.775,0.47972,0.32796,17.813,0
11.446,10.808,0.42877,0.33539,17.872,0
11.493,10.841,0.45266,0.34162,17.938,0
11.532,10.876,0.38906,0.34342,18.009,0
11.561,10.91,0.2542,0.34033,18.079,0
11.595,10.944,0.19231,0.33947,18.142,0
11.613,10.978,0.13039,0.33087,18.216,0
11.627,11.011,-0.009972,0.32004,18.287,0
11.631,11.043,-0.082243,0.30498,18.344,0
11.614,11.074,-0.029369,0.28016,18.405,0
11.61,11.102,-0.033551,0.26311,18.465,0
11.616,11.128,-0.049638,0.25219,18.508,0
11.62,11.153,0.034926,0.24068,18.559,0
11.615,11.177,0.026222,0.22524,18.598,0
11.624,11.2,0.068991,0.21827,18.645,0
11.627,11.222,0.11257,0.2082,18.689,0
11.639,11.242,0.13778,0.20349,18.734,0
11.656,11.263,0.14935,0.20135,18.778,0
11.67,11.283,0.21309,0.1984,18.821,0
11.696,11.303,0.27534,0.20134,18.868,0
11.72,11.323,0.28911,0.20317,18.911,0
11.741,11.343,0.31575,0.20338,18.95,0
11.765,11.363,0.30175,0.20503,18.993,0
11.805,11.384,0.3345,0.21464,19.041,0
11.84,11.405,0.29131,0.22147,19.079,0
11.861,11.428,0.22868,0.22038,19.117,0
11.879,11.45,0.16549,0.21806,19.161,0
11.904,11.471,0.093461,0.21912,19.198,0
11.908,11.493,-0.026424,0.21022,19.242,0
11.899,11.514,-0.11315,0.19462,19.273,0
11.898,11.534,-0.15214,0.18396,19.315,0.024386
11.876,11.552,-0.18989,0.16355,19.358,0.1776
11.861,11.569,-0.17844,0.1477,19.387,0.17188
11.84,11.583,-0.1688,0.12947,19.419,0.17746
11.827,11.596,-0.13187,0.11616,19.451,0.095672
11.815,11.608,-0.12277,0.10423,19.481,0.093451
11.806,11.618,-0.12552,0.094658,19.501,0.11947
11.792,11.628,-0.056924,0.08243,19.51,0
11.794,11.636,-0.025942,0.079219,19.533,0
11.797,11.644,0.013052,0.077021,19.556,0
11.79,11.652,0.12551,0.069676,19.562,0
11.804,11.659,0.15412,0.073182,19.573,0
11.824,11.666,0.18462,0.079187,19.587,0
11.839,11.674,0.25253,0.083069,19.6,0
11.867,11.682,0.22134,0.092515,19.609,0
11.882,11.691,0.19245,0.095302,19.636,0
11.891,11.701,0.21546,0.09513,19.654,0
11.906,11.71,0.15694,0.097856,19.674,0
11.929,11.72,0.069737,0.10443,19.704,0
11.939,11.731,0.019269,0.10442,19.731,0
11.935,11.741,-0.042123,0.096946,19.75,0
11.925,11.751,-0.093505,0.087154,19.762,0.045424
11.921,11.76,-0.16506,0.080686,19.781,0.25736
11.914,11.768,-0.29122,0.073031,19.794,0.6924
11.888,11.775,-1.2416,0.0566,19.811,7.3943
11.756,11.781,-2.6353,-0.0040373,19.807,36.791
11.493,11.78,-4.3833,-0.046437,19.789,182.94
11.059,11.776,-6.3047,-0.11627,19.731,25.303
10.432,11.764,-8.031,-0.21771,19.624,27.91
9.628,11.742,-8.6091,-0.34994,19.452,29.602
8.7706,11.707,-8.5853,-0.49517,19.197,30.506
7.9064,11.658,-8.0931,-0.64837,18.859,30.674
7.1036,11.593,-7.3803,-0.79998,18.446,30.372
6.3666,11.513,-6.7924,-0.95066,17.967,30.073
5.6856,11.418,-6.557,-1.1037,17.426,30.064
5.0342,11.307,-6.5439,-1.2653,16.835,30.209
4.3868,11.181,-6.5052,-1.4464,16.173,30.185
3.7265,11.036,-5.7716,-1.6504,15.475,29.021
3.1548,10.871,-4.6178,-1.8598,14.728,27.024
2.693,10.685,-3.3404,-2.0675,13.952,24.71
2.3673,10.478,-1.9034,-2.2668,13.144,22.305
2.1691,10.252,-0.63174,-2.4492,12.337,22.145
2.1081,10.007,-0.13023,-2.6007,11.548,14.874
2.0919,9.7467,-0.077842,-2.7473,10.773,12.47
2.0901,9.472,-0.076009,-2.893,10.024,10.574
2.0782,9.1827,-0.17473,-5.2,9.2988,6.347
2.0689,8.6627,-0.21122,-5.2,8.6182,5.1677
2.0533,8.1427,-0.21214,-5.2,7.9783,4.0862
2.0263,7.6227,-0.16558,-5.2,7.4008,3.1265
2.0184,7.1027,-0.13599,-5.2,6.8747,2.1386
2.0146,6.5827,-0.11856,-5.2,6.3828,1.1207
2,6.0627,-0.1236,-8.8,5.9522,0
1.9976,5.1827,-0.14563,-8.8,5.5855,0
1.9812,4.3027,-0.17591,-8.8,5.3107,0
1.9611,3.4227,-0.20091,-8.8,5.1272,0
1.947,2.5427,-0.20687,-8.8,5.0309,0
1.9243,1.6627,-0.20802,-8.8,5.0149,0
1.9029,0.7827,-0.20114,-8.8,5.0832,0
1.8737,0,-0.20687,-0.20687,5.2343,0
1.8524,0,-0.18279,-0.18279,5.4208,0
1.8336,0,-0.1837,-0.1837,5.6156,0
1.8147,0,-0.19884,-0.19884,5.7893,0
1.7916,0,-0.20802,-0.20802,5.9616,0
1.7731,0,-0.19173,-0.19173,6.1438,0
1.7618,0,-0.20595,-0.20595,6.3235,0
1.7474,0,-0.21306,-0.21306,6.4978,0
1.7206,0,-0.20641,-0.20641,6.6746,0
1.6944,0,-0.19013,-0.19013,6.8497,0
1.6753,0,-0.14057,-0.14057,7.0203,0
1.6644,0,-0.04584,-0.04584,7.1915,0
1.6594,0,0.055557,0.055557,7.3504,0
1.657,0.0055557,0.16312,0.16312,7.5221,0
1.6758,0.021868,0.31087,0.31087,7.6834,0
1.7145,0.052955,0.5732,0.5732,7.8407,0
1.7688,0.11028,0.99391,0.99391,7.9977,0
1.8737,0.20967,1.527,1.527,8.1688,0
2.0276,0.36237,2.1184,2.1184,8.3414,0
2.241,0.57421,2.6102,2.6102,8.5141,0
2.5072,0.83522,2.8256,2.8256,8.6726,0
2.7987,1.1178,2.7612,4.9,8.8363,2.9352
3.0779,1.6078,2.5409,4.9,8.9981,4.887
3.3233,2.0978,2.3037,4.9,9.1358,7.3316
3.5449,2.5878,2.2264,3.0454,9.2491,0
3.7581,2.8923,2.3115,2.3094,9.348,0
3.9982,3.1233,2.5039,2.0692,9.4314,0
4.2391,3.3302,2.7646,1.9458,9.512,0
4.5166,3.5248,2.9605,1.9472,9.601,0
4.8213,3.7195,3.0159,1.9955,9.6996,0
5.131,3.919,3.0039,2.0333,9.8173,0
5.4266,4.1224,2.9462,2.0338,9.9434,0
5.7142,4.3258,2.8503,2.0208,10.072,0
5.9943,4.5278,2.7953,2.0011,10.207,0
6.2794,4.7279,2.7473,1.9942,10.349,0
6.5463,4.9274,2.6974,1.968,10.504,0
6.808,5.1242,2.6948,1.9432,10.664,0
7.0776,5.3185,2.6274,1.9359,10.841,0
7.3311,5.5121,2.3853,1.9136,11.02,0
7.564,5.7034,1.9117,1.8753,11.198,0
7.7562,5.8909,1.4027,1.8069,11.38,0
7.8969,6.0716,0.99253,1.7051,11.562,0
7.9986,6.2421,0.73537,1.5886,11.745,0
8.0742,6.401,0.69181,1.4707,11.922,0
8.1366,6.5481,0.95007,1.3608,12.087,0
8.2373,6.6842,1.2304,1.3005,12.245,0
8.3687,6.8142,1.3338,1.2741,12.395,0
8.5016,6.9416,1.1643,1.2528,12.543,0
8.6133,7.0669,0.94897,1.2186,12.698,0
8.7025,7.1888,0.63795,1.1715,12.848,0
8.7736,7.3059,0.29917,1.1173,13,0
8.7998,7.4176,-0.015567,1.0355,13.139,0
8.8027,7.5212,-0.19131,0.94718,13.281,0.40561
8.7755,7.6159,-0.38535,0.84623,13.403,1.3326
8.738,7.7005,-0.51607,0.74899,13.519,2.0335
8.6818,7.7754,-0.60488,0.6479,13.615,2.5291
8.622,7.8402,-0.71049,0.55439,13.705,3.195
8.5597,7.8957,-0.77064,0.46753,13.777,3.5732
8.4863,7.9424,-0.8616,0.3805,13.831,4.2215
8.4073,7.9805,-1.0481,0.29704,13.872,5.8052
8.2997,8.0102,-1.2755,0.20074,13.912,8.1141
8.1643,8.0302,-1.4835,0.092748,13.941,10.608
8.0116,8.0395,-1.6934,-0.0053173,13.95,13.726
7.8407,8.039,-1.8698,-0.037758,13.943,17.605
7.6636,8.0352,-1.9766,-0.071023,13.91,20.547
7.4691,8.0281,-2.0213,-0.10719,13.873,22.393
7.2687,8.0174,-2.0462,-0.1445,13.806,23.843
7.0728,8.0029,-2.0577,-0.18079,13.732,24.961
6.8681,7.9849,-2.1065,-0.21911,13.633,26.979
6.6649,7.963,-2.2188,-0.25738,13.522,30.633
6.437,7.9372,-2.3949,-0.30166,13.379,36.479
6.1995,7.9071,-2.579,-0.34856,13.224,43.261
5.9416,7.8722,-2.766,-0.40112,13.046,50.989
5.66,7.8321,-2.793,-0.46087,12.838,16.454
5.3905,7.786,-2.6086,-0.52021,12.61,47.267
5.1345,7.734,-2.2719,-0.57951,12.357,37.622
4.9119,7.676,-1.9632,-0.63426,12.083,30.346
4.7203,7.6126,-1.7625,-0.68483,11.791,26.316
4.537,7.5441,-1.753,-0.73621,11.486,26.299
4.3604,7.4705,-1.8776,-0.78817,11.177,28.983
4.1727,7.3917,-2.0949,-0.8459,10.858,15.03
3.9538,7.3071,-2.2121,-0.91588,10.527,14.831
3.7311,7.2155,-2.1178,-0.99072,10.189,14.432
3.5212,7.1164,-1.9541,-1.069,9.8274,13.901
3.3312,7.0095,-1.5022,-1.1467,9.4553,21.405
3.1852,6.8949,-1.5319,-1.2113,9.0949,21.384
