31.944,31.944,0.51309,0,0,0
32,31.944,0.44869,0.0088223,35.494,0
32.041,31.945,0.4386,0.015188,35.499,0
32.082,31.947,0.42988,0.021469,35.511,0
32.129,31.949,0.45644,0.028472,35.518,0
32.172,31.952,0.48949,0.034967,35.537,0
32.216,31.955,0.49076,0.041319,35.557,0
32.271,31.959,0.47191,0.049445,35.59,0
32.314,31.964,0.47479,0.055558,35.624,0
32.366,31.97,0.45291,0.062958,35.653,0
32.415,31.976,0.46243,0.069659,35.691,0
32.458,31.983,0.4675,0.075552,35.731,0
32.514,31.991,0.464,0.083183,35.777,0
32.559,31.999,0.44255,0.089098,35.827,0
32.596,32.008,0.42574,0.093713,35.879,0
32.648,32.017,0.3908,0.10068,35.944,0
32.693,32.027,0.37959,0.1064,36.016,0
32.734,32.038,0.37744,0.11127,36.083,0
32.763,32.049,0.38795,0.11435,36.15,0
32.804,32.061,0.39959,0.11925,36.229,0
32.845,32.073,0.43582,0.12401,36.305,0
32.887,32.085,0.46151,0.12887,36.39,0
32.928,32.098,0.49753,0.13366,36.467,0
32.968,32.111,0.52671,0.13816,36.554,0
33.013,32.125,0.53895,0.1433,36.643,0
33.068,32.139,0.53486,0.15008,36.733,0
33.127,32.154,0.51892,0.15741,36.835,0
33.172,32.17,0.50372,0.16247,36.935,0
33.228,32.186,0.47017,0.16928,37.042,0
33.267,32.203,0.45485,0.17321,37.156,0
33.312,32.221,0.43765,0.17803,37.272,0
33.347,32.238,0.41286,0.18107,37.375,0
33.392,32.257,0.37419,0.18575,37.494,0
33.439,32.275,0.35613,0.19075,37.612,0
33.466,32.294,0.32069,0.1924,37.735,0
33.505,32.313,0.29249,0.19603,37.853,0
33.525,32.333,0.28234,0.19649,37.977,0
33.556,32.353,0.28427,0.19866,38.1,0
33.592,32.373,0.28362,0.20177,38.23,0
33.624,32.393,0.30064,0.20408,38.35,0
33.657,32.413,0.31969,0.20663,38.466,0
33.686,32.434,0.3246,0.20831,38.597,0
33.709,32.455,0.3248,0.20918,38.728,0
33.733,32.476,0.30846,0.20997,38.848,0
33.764,32.497,0.31182,0.21211,38.979,0
33.787,32.518,0.30938,0.21272,39.109,0
33.815,32.539,0.30162,0.21426,39.23,0
33.847,32.56,0.28524,0.21642,39.355,0
33.88,32.582,0.26872,0.21867,39.49,0
33.909,32.604,0.23876,0.22039,39.619,0
33.939,32.626,0.16617,0.22207,39.752,0
33.956,32.648,0.073099,0.22154,39.882,0
33.966,32.67,-0.028934,0.21987,40.02,0
33.958,32.692,-0.11211,0.21526,40.152,0
33.941,32.714,-0.20197,0.20911,40.277,0
33.915,32.735,-0.26064,0.20138,40.391,0
33.891,32.755,-0.30079,0.19411,40.504,0
33.87,32.774,-0.30998,0.18743,40.607,0
33.83,32.793,-0.31646,0.17756,40.706,0
33.794,32.811,-0.31945,0.16862,40.817,0
33.769,32.828,-0.29605,0.16164,40.923,0
33.744,32.844,-0.25808,0.15485,41.018,0
33.715,32.859,-0.24699,0.14727,41.114,0
33.685,32.874,-0.23299,0.13975,41.19,0
33.661,32.888,-0.22748,0.13336,41.261,0
33.629,32.901,-0.19186,0.12572,41.342,0
33.606,32.914,-0.12987,0.11958,41.41,0
33.602,32.926,-0.027322,0.11688,41.481,0
33.604,32.938,0.053048,0.1154,41.552,0
33.607,32.949,0.16168,0.11396,41.609,0
33.625,32.961,0.20408,0.11522,41.682,0
33.645,32.972,0.23241,0.11673,41.743,0
33.664,32.984,0.23269,0.11818,41.819,0
33.679,32.996,0.2482,0.1188,41.894,0
33.698,33.007,0.24612,0.12016,41.957,0
33.714,33.019,0.25871,0.12097,42.02,0
33.744,33.032,0.26644,0.12419,42.098,0
33.768,33.044,0.26765,0.12632,42.175,0
33.786,33.057,0.26925,0.12737,42.247,0
33.82,33.069,0.24769,0.1313,42.323,0
33.836,33.082,0.22343,0.13189,42.397,0
33.849,33.096,0.1752,0.13186,42.464,0
33.865,33.109,0.092118,0.13263,42.54,0
33.884,33.122,-0.0063101,0.13372,42.623,0
33.884,33.135,-0.10747,0.13138,42.69,0
33.871,33.149,-0.20165,0.1269,42.76,0
33.854,33.161,-0.27955,0.12194,42.84,0
33.83,33.173,-0.32036,0.11553,42.916,0
33.798,33.185,-0.34181,0.10802,42.99,0
33.772,33.196,-0.36223,0.10168,43.055,0
33.729,33.206,-0.38132,0.092277,43.104,0.056641
33.696,33.215,-0.39164,0.084877,43.154,0.1793
33.657,33.224,-0.36989,0.076603,43.194,0.20208
33.626,33.231,-0.36528,0.069706,43.23,0.26765
33.591,33.238,-0.32974,0.062293,43.258,0.23363
33.564,33.245,-0.29466,0.056463,43.287,0.1865
33.54,33.25,-0.27037,0.051204,43.323,0.16984
33.517,33.255,-0.25746,0.046281,43.341,0.18508
33.482,33.26,-0.22812,0.039212,43.374,0.17498
33.464,33.264,-0.20843,0.035471,43.387,0.15817
33.449,33.267,-0.19024,0.032181,43.411,0.14189
33.44,33.271,-0.17838,0.029995,43.428,0.13215
33.42,33.274,-0.15829,0.025946,43.45,0.12008
33.409,33.276,-0.10739,0.023523,43.464,0.014233
33.408,33.279,-0.085946,0.022964,43.471,0
33.391,33.281,-0.04212,0.019534,43.476,0
33.394,33.283,-0.017017,0.01968,43.492,0
33.384,33.285,-0.02555,0.017566,43.509,0
33.377,33.287,-0.029652,0.015949,43.516,0
33.38,33.288,-0.037092,0.016213,43.517,0
33.376,33.29,-0.066261,0.015225,43.521,0
33.364,33.291,-0.040043,0.012879,43.528,0
33.352,33.293,-0.036164,0.010538,43.54,0
33.355,33.294,-0.069167,0.010884,43.545,0.048799
33.346,33.295,-0.079141,0.009025,43.553,0.091203
33.335,33.296,-0.072565,0.0069545,43.557,0.096017
33.337,33.296,-0.089226,0.0071476,43.556,0.13496
33.335,33.297,-0.10044,0.0067815,43.561,0.16706
33.324,33.298,-0.075351,0.0046069,43.567,0.12633
33.308,33.298,-0.076763,0.0017091,43.564,0.15902
33.302,33.298,-0.098142,0.00069517,43.559,0.2237
33.3,33.298,-0.14404,0.00027994,43.567,0.35319
33.282,33.298,-0.18088,-0.002181,43.57,0.4989
33.269,33.298,-0.27573,-0.0038959,43.571,0.84567
33.236,33.298,-0.33696,-0.0083407,43.561,1.1589
33.202,33.297,-0.36755,-0.012806,43.555,1.368
33.16,33.296,-0.38675,-0.018365,43.548,1.5562
33.129,33.294,-0.38057,-0.022288,43.527,1.6019
33.1,33.292,-0.36719,-0.025952,43.503,1.6102
33.063,33.289,-0.35834,-0.030643,43.474,1.6577
33.026,33.286,-0.3695,-0.03516,43.458,1.7936
32.99,33.283,-0.4005,-0.039645,43.42,2.0261
32.941,33.279,-0.40877,-0.045796,43.392,2.1868
32.892,33.274,-0.41986,-0.051851,43.353,2.3622
32.851,33.269,-0.41389,-0.056895,43.316,2.431
32.8,33.263,-0.4026,-0.063104,43.272,2.4949
32.763,33.257,-0.38377,-0.067344,43.222,2.4799
32.717,33.25,-0.40322,-0.072782,43.18,2.6881
32.668,33.243,-0.40972,-0.078749,43.123,2.8406
32.622,33.235,-0.43419,-0.084122,43.059,3.0822
32.572,33.226,-0.44241,-0.090044,43.001,3.2485
32.531,33.217,-0.42573,-0.094619,42.937,3.2432
32.488,33.208,-0.40997,-0.099438,42.87,3.2478
32.446,33.198,-0.41052,-0.10415,42.801,3.3424
32.406,33.188,-0.40204,-0.10847,42.73,3.3767
32.369,33.177,-0.41788,-0.11239,42.658,3.5431
32.333,33.166,-0.41446,-0.11614,42.576,3.5928
32.288,33.154,-0.39382,-0.12113,42.484,3.5656
32.244,33.142,-0.36787,-0.12596,42.398,3.5057
32.203,33.129,-0.36669,-0.13035,42.31,3.5784
32.166,33.116,-0.35311,-0.13424,42.221,3.5693
32.131,33.103,-0.38221,-0.13771,42.117,3.7958
32.097,33.089,-0.40409,-0.14115,42.016,3.985
32.056,33.075,-0.40092,-0.14545,41.908,4.0402
32.014,33.06,-0.39192,-0.14993,41.808,4.0644
31.971,33.045,-0.39139,-0.15449,41.693,4.1386
31.93,33.03,-0.39239,-0.15874,41.59,4.217
31.898,33.014,-0.38085,-0.1617,41.483,4.1909
31.86,32.998,-0.39717,-0.1656,41.366,4.3537
31.816,32.981,-0.41577,-0.1703,41.245,4.5487
31.769,32.964,-0.42617,-0.17547,41.12,4.7021
31.719,32.947,-0.41418,-0.18109,40.99,4.7178
31.675,32.929,-0.44318,-0.18574,40.859,4.9821
31.625,32.91,-0.43396,-0.1912,40.732,5.0104
31.575,32.891,-0.40937,-0.1967,40.608,4.9368
31.535,32.871,-0.41026,-0.20067,40.483,4.9999
31.502,32.851,-0.42726,-0.20341,40.358,5.1455
31.462,32.831,-0.42292,-0.20745,40.214,5.1696
31.422,32.81,-0.43403,-0.21148,40.084,5.3009
31.368,32.789,-0.38098,-0.21746,39.944,5.0365
31.338,32.767,-0.26663,-0.22003,39.795,4.3474
31.311,32.745,-0.11648,-0.22195,39.65,3.5409
31.295,32.723,0.062104,-0.22214,39.511,2.7167
31.3,32.701,0.21889,-0.21901,39.366,2.0851
31.323,32.679,0.29624,-0.21302,39.231,1.7601
31.354,32.658,0.29802,-0.20584,39.098,1.6522
31.374,32.637,0.24498,-0.20044,38.966,1.7187
31.391,32.617,0.16304,-0.19544,38.839,1.8898
31.404,32.597,0.067775,-0.19114,38.72,2.1436
31.406,32.578,-0.0055779,-0.18852,38.6,2.3705
31.4,32.559,-0.040689,-0.18729,38.479,2.4796
31.393,32.541,-0.041285,-0.18624,38.358,2.4513
31.383,32.522,-0.018095,-0.18569,38.239,2.3348
31.381,32.504,0.053413,-0.1838,38.135,2.0269
31.38,32.485,0.13859,-0.18156,38.03,1.7018
31.404,32.467,0.21482,-0.17543,37.917,1.3964
31.423,32.449,0.30492,-0.17021,37.807,1.1083
31.446,32.432,0.3661,-0.1642,37.703,0.91394
31.472,32.416,0.4177,-0.15765,37.6,0.75486
31.513,32.4,0.43699,-0.14873,37.501,0.63941
31.55,32.385,0.45963,-0.14063,37.409,0.53413
31.587,32.371,0.46684,-0.13236,37.332,0.45296
31.634,32.358,0.46915,-0.12256,37.257,0.36802
31.682,32.346,0.46911,-0.11265,37.182,0.28717
31.739,32.335,0.47082,-0.10142,37.11,0.19738
31.793,32.324,0.46813,-0.090599,37.056,0.11769
31.839,32.315,0.45129,-0.081527,37.001,0.062934
31.882,32.307,0.45423,-0.072812,36.95,0
31.919,32.3,0.43813,-0.065426,36.901,0
31.966,32.293,0.43072,-0.056376,36.859,0
32.015,32.288,0.42252,-0.047034,36.824,0
32.06,32.283,0.42819,-0.038431,36.804,0
32.098,32.279,0.41708,-0.031299,36.779,0
32.148,32.276,0.40887,-0.022059,36.755,0
32.199,32.274,0.40695,-0.013006,36.74,0
32.24,32.273,0.40181,-0.0056337,36.739,0
32.271,32.272,0.4008,-0.0001149,36.739,0
32.306,32.272,0.41172,0.0054687,36.735,0
32.338,32.273,0.41463,0.010576,36.747,0
32.385,32.274,0.40512,0.017932,36.755,0
32.435,32.275,0.40327,0.025624,36.775,0
32.483,32.278,0.36891,0.033031,36.798,0
32.517,32.281,0.31853,0.037845,36.818,0
32.539,32.285,0.27094,0.040778,36.846,0
32.573,32.289,0.21751,0.045722,36.869,0
32.604,32.294,0.1275,0.050027,36.896,0
32.609,32.299,0.043998,0.049914,36.935,0
32.614,32.304,-0.017997,0.049964,36.973,0
32.613,32.309,-0.058438,0.049121,37.005,0
32.603,32.314,-0.085644,0.046631,37.04,0
32.588,32.318,-0.028642,0.043576,37.058,0
32.577,32.323,0.042356,0.041124,37.077,0
32.584,32.327,0.078886,0.0415,37.103,0
32.597,32.331,0.07386,0.042943,37.13,0
32.6,32.335,0.041378,0.042857,37.167,0
32.597,32.339,-0.072987,0.04169,37.195,0
32.591,32.344,-0.24378,0.040057,37.221,0.1601
32.558,32.348,-0.45849,0.0341,37.243,1.0241
32.514,32.351,-0.68769,0.026448,37.27,2.325
32.442,32.354,-0.89169,0.01432,37.292,3.9393
32.348,32.355,-1.0798,-0.0011599,37.294,5.871
32.25,32.355,-1.2443,-0.017794,37.287,7.9305
32.124,32.353,-1.3412,-0.038721,37.279,9.5606
31.997,32.349,-1.3908,-0.059653,37.241,10.696
31.866,32.343,-1.4539,-0.080981,37.206,12.078
31.727,32.335,-1.497,-0.10345,37.149,13.26
31.57,32.325,-1.4301,-0.12874,37.074,12.918
31.418,32.312,-1.2802,-0.15298,36.985,11.467
31.297,32.297,-1.0999,-0.17171,36.895,9.7116
31.187,32.28,-0.85664,-0.18825,36.798,7.5488
31.1,32.261,-0.63285,-0.20099,36.679,5.8679
31.04,32.241,-0.48283,-0.20891,36.563,4.9002
30.999,32.22,-0.40737,-0.21328,36.45,4.4602
30.966,32.198,-0.36602,-0.21644,36.323,4.2322
30.931,32.177,-0.30132,-0.2199,36.197,3.8848
30.903,32.155,-0.15513,-0.22187,36.081,3.1302
30.892,32.133,0.0065341,-0.2211,35.955,2.3976
30.893,32.111,0.12358,-0.21795,35.832,1.9235
30.915,32.089,0.2571,-0.21118,35.718,1.4476
30.95,32.068,0.29974,-0.20201,35.604,1.2419
30.982,32.047,0.36906,-0.1933,35.491,1.0057
31.017,32.028,0.43131,-0.18435,35.382,0.81243
31.066,32.01,0.5398,-0.17265,35.282,0.57584
31.118,31.992,0.54853,-0.16066,35.189,0.47762
31.181,31.976,0.54575,-0.14665,35.105,0.38006
31.238,31.962,0.38235,-0.13388,35.022,0.45926
31.281,31.948,0.20439,-0.12374,34.961,0.67838
31.306,31.936,0.0029748,-0.11716,34.888,1.1235
31.299,31.924,-0.13078,-0.1166,34.824,1.5634
31.29,31.913,-0.18934,-0.11634,34.772,1.7839
31.281,31.901,-0.22619,-0.11626,34.7,1.93
31.253,31.889,-0.25804,-0.11956,34.635,2.1033
31.229,31.877,-0.30496,-0.12229,34.565,2.347
31.191,31.865,-0.3252,-0.12733,34.504,2.5031
31.156,31.852,-0.37507,-0.13196,34.444,2.8103
31.12,31.839,-0.40517,-0.13652,34.383,3.0256
31.084,31.825,-0.40483,-0.14117,34.314,3.0786
31.046,31.811,-0.38598,-0.14612,34.244,3.034
31.013,31.797,-0.38259,-0.15028,34.162,3.0611
30.97,31.782,-0.39812,-0.15619,34.084,3.2148
30.925,31.766,-0.37236,-0.1622,34.004,3.1427
30.889,31.75,-0.37577,-0.16664,33.917,3.2084
30.851,31.733,-0.3732,-0.17136,33.838,3.2455
30.81,31.716,-0.38862,-0.1766,33.758,3.3886
30.777,31.698,-0.40793,-0.18018,33.673,3.5335
30.744,31.68,-0.46784,-0.1839,33.579,3.9257
30.688,31.662,-0.52349,-0.19227,33.475,4.3776
30.627,31.643,-0.59352,-0.20138,33.373,4.9671
30.57,31.623,-0.69253,-0.20964,33.265,5.8077
30.508,31.602,-0.82571,-0.21863,33.162,7.0408
30.428,31.58,-0.92664,-0.23154,33.047,8.1674
30.328,31.557,-1.0588,-0.24814,32.929,9.7941
30.228,31.532,-1.1728,-0.26481,32.811,11.377
30.11,31.505,-1.2747,-0.28491,32.674,12.998
29.979,31.477,-1.3816,-0.30793,32.529,14.862
29.843,31.446,-1.5104,-0.33165,32.383,17.232
29.694,31.413,-1.6315,-0.35824,32.216,19.724
29.527,31.377,-1.7631,-0.38867,32.037,22.687
29.358,31.338,-1.8473,-0.41982,31.837,24.906
29.179,31.296,-1.9045,-0.45288,31.636,26.674
28.979,31.251,-1.9392,-0.49045,31.427,28.07
28.783,31.202,-1.9488,-0.5277,31.195,28.873
28.596,31.149,-1.9899,-0.56357,30.943,30.331
28.405,31.093,-2.0095,-0.60027,30.688,31.301
28.199,31.033,-2.046,-0.64104,30.408,32.714
27.997,30.969,-2.1012,-0.68194,30.109,34.568
27.794,30.9,-2.1341,-0.72324,29.801,35.864
27.583,30.828,-2.1165,-0.76682,29.487,35.874
27.367,30.751,-2.1124,-0.81272,29.155,36.209
27.148,30.67,-2.0862,-0.85973,28.82,35.959
26.933,30.584,-2.0515,-0.90726,28.455,35.427
26.734,30.494,-2.1391,-0.95191,28.077,37.86
26.517,30.398,-2.4726,-1.0017,27.699,47.704
26.264,30.298,-2.8542,-1.0619,27.309,61.686
25.978,30.192,-3.239,-1.1331,26.898,79.475
25.652,30.079,-3.6268,-1.2177,26.465,102.28
25.293,29.957,-3.9072,-1.3143,26.012,122.79
24.905,29.825,-3.9411,-1.4233,25.527,125.83
24.507,29.683,-3.8971,-1.5396,25.022,122.66
24.116,29.529,-3.8858,-1.6595,24.484,122
23.724,29.363,-3.902,-1.7832,23.939,123.41
23.327,29.185,-3.9114,-1.9166,23.358,124.24
22.938,28.993,-3.9999,-2.0521,22.766,131.57
22.532,28.788,-4.1229,-2.201,22.153,142.81
22.127,28.568,-4.1827,-2.3564,21.527,149.05
21.704,28.332,-4.2374,-2.5269,20.882,155.48
21.282,28.08,-4.3862,-2.7064,20.219,174.65
20.84,27.809,-4.5969,-2.9051,19.54,209.56
20.39,27.518,-4.8443,-3.1243,18.827,270.62
19.902,27.206,-5.0253,-6.4988,18.103,0
19.399,26.556,-5.2127,-6.6867,17.373,0
18.881,25.887,-5.4641,-6.9367,16.666,0
18.331,25.194,-5.664,-7.1374,15.982,0
17.762,24.48,-5.8302,-7.3048,15.303,0.69538
17.175,23.75,-5.9774,-7.4536,14.638,1.9071
16.576,23.004,-5.9854,-7.4616,13.994,2.4459
15.975,22.258,-6.044,-7.5223,13.352,3.0751
15.374,21.506,-5.2712,-6.7481,12.73,0.84572
14.848,20.831,-3.7594,-5.2362,12.118,0
14.472,20.307,-2.8558,-4.3338,11.521,31.191
14.19,19.874,-2.5691,-4.0451,10.943,22.463
13.928,19.469,-2.4828,-3.9619,10.382,19.992
13.678,19.073,-3.1904,-4.6691,9.8421,93.02
13.365,18.606,-4.6748,-6.1506,9.309,2.1547
12.902,17.991,-4.8331,-6.306,8.7921,3.1372
12.423,17.361,-3.9157,-5.3847,8.3004,0
12.024,16.822,-2.5013,-4.4,7.8142,9.1418
11.766,16.382,-1.8159,-4.4,7.3514,5.1714
11.581,15.942,-1.7291,-4.4,6.9038,6.5267
11.418,15.502,-2.5694,-4.4,6.4747,5.549
11.156,15.062,-3.8441,-5.0993,6.0781,1.9753
10.773,14.552,-5.0427,-6.2968,5.6943,3.9892
10.275,13.923,-4.6656,-5.9167,5.3186,3.7668
9.8142,13.331,-3.3298,-4.5771,4.958,1.0933
9.4838,12.873,-1.9933,-4.4,4.6049,18.038
9.2898,12.433,-0.9183,-4.4,4.2875,38.654
9.1909,11.993,0.067172,-5.2,3.9912,184.82
9.1878,11.473,0.34339,-5.2,3.7306,247.48
9.2192,10.953,0.37397,-5.2,3.538,387.3
9.2522,10.433,0.5433,-5.2,3.4004,460.78
9.2989,9.9132,0.85901,-5.2,3.3079,385.71
9.3825,9.3932,1.1014,-5.2,3.2858,362.31
9.4999,8.8732,1.2451,-5.2,3.3249,366.94
9.626,8.3532,1.3057,-5.2,3.4168,386.67
9.7588,7.8332,1.3716,-5.2,3.5715,408.1
9.9021,7.3132,1.4372,-5.2,3.8031,433.52
10.056,6.7932,1.5007,-5.2,4.0924,463.94
10.202,6.2732,1.5696,-5.2,4.4554,492.6
10.359,5.7532,1.6405,-8.8,4.8874,518.51
10.531,4.8732,1.6765,-8.8,5.3966,570.8
10.703,3.9932,1.6057,-8.8,6.023,680.28
10.87,3.1132,1.2851,4.9,6.7394,0
11.005,3.6032,0.78538,4.9,7.4875,0
11.088,4.0932,0.025367,4.9,8.2048,0
11.093,4.5832,-0.82885,4.9,8.8811,12.078
11.004,5.0732,-1.6831,4.9,9.5093,31.635
10.835,5.5632,-2.2484,4.9,10.064,51.382
10.608,6.0532,-2.6457,3.9438,10.556,56.484
10.351,6.4476,-2.7846,3.1508,10.984,55.586
10.079,6.7627,-2.9418,2.544,11.342,58.028
9.7831,7.0171,-3.0695,2.0426,11.649,61.098
9.4837,7.2214,-3.2169,1.6237,11.905,66.661
9.1604,7.3837,-3.3653,1.2464,12.099,73.839
8.8319,7.5084,-3.4852,0.91286,12.249,80.821
8.4819,7.5997,-3.3684,0.60139,12.366,72.758
8.1546,7.6598,-3.0936,0.33455,12.436,56.768
7.8466,7.6933,-2.8025,0.1032,12.47,43.142
7.575,7.7036,-2.5065,-0.028161,12.461,32.993
7.3164,7.7008,-2.2352,-0.084437,12.432,26.478
7.0991,7.6923,-2.0667,-0.13089,12.39,23.352
6.8913,7.6792,-1.9223,-0.17533,12.313,21.068
6.7026,7.6617,-1.7245,-0.2156,12.219,17.97
6.526,7.6401,-1.3557,-0.25299,12.122,12.763
6.3831,7.6148,-0.981,-0.28349,11.998,8.6861
6.2918,7.5865,-0.60565,-0.30202,11.871,5.5649
6.2382,7.5563,-0.29544,-0.31201,11.735,3.635
6.2009,7.5251,-0.095494,-0.31829,11.596,2.6745
6.1873,7.4933,-0.064476,-0.318,11.473,2.4951
6.1775,7.4615,-0.041246,-0.31723,11.341,2.3442
6.1793,7.4297,-0.028434,-0.31284,11.224,2.2181
6.1811,7.3985,0.018259,-0.30884,11.098,1.9766
6.192,7.3676,0.081085,-0.30185,10.988,1.6907
6.2052,7.3374,0.13228,-0.29473,10.868,1.4605
6.2281,7.3079,0.1486,-0.28476,10.754,1.3234
6.241,7.2794,0.19778,-0.27726,10.647,1.133
6.2521,7.2517,0.27649,-0.27007,10.544,0.90877
6.2751,7.2247,0.41557,-0.25911,10.455,0.63018
6.326,7.1988,0.51387,-0.24039,10.372,0.44602
6.3781,7.1748,0.61657,-0.22178,10.282,0.31916
6.4448,7.1526,0.73963,-0.19857,10.213,0.24669
6.5256,7.1327,0.83708,-0.17176,10.144,0.22215
6.6157,7.1155,0.90412,-0.14236,10.087,0.2102
6.7152,7.1013,1.037,-0.11061,10.037,0.32914
6.8194,7.0902,1.1992,-0.077758,10.013,0.59757
6.9461,7.0825,1.3079,-0.039221,9.9951,0.82476
7.0729,7.0785,1.3999,-0.0016288,9.9862,1.0622
7.2066,7.0784,1.4643,0.081462,9.9971,1.0484
7.3516,7.0865,1.5026,0.16852,10.026,0.93941
7.4985,7.1034,1.3815,0.25075,10.052,0.36543
7.6411,7.1285,1.1621,0.32447,10.088,0
7.7565,7.1609,0.85129,0.37612,10.149,0
7.8361,7.1985,0.51148,0.40129,10.211,0
7.897,7.2386,0.23332,0.41274,10.272,0
7.9298,7.2799,0.14178,0.40547,10.327,0
7.9374,7.3205,0.1275,0.38348,10.391,0
7.9454,7.3588,0.17439,0.36317,10.447,0
7.9722,7.3951,0.26131,0.35585,10.497,0
7.999,7.4307,0.39671,0.3493,10.554,0
8.0442,7.4656,0.56158,0.35437,10.604,0
8.0987,7.5011,0.76679,0.36488,10.661,0
8.1689,7.5376,1.0091,0.38431,10.722,0
8.2673,7.576,1.2255,0.41945,10.786,0
8.3985,7.6179,1.3311,0.47239,10.867,0
8.5264,7.6652,1.3674,0.51897,10.941,0
8.6728,7.7171,1.3754,0.57383,11.036,0
8.8027,7.7745,1.3505,0.61454,11.131,0
8.9291,7.8359,1.3405,0.65039,11.24,0
9.0682,7.901,1.3325,0.69086,11.349,0
9.1973,7.97,1.3192,0.72273,11.471,0
9.3205,8.0423,1.2697,0.74838,11.592,0
9.4427,8.1172,1.1887,0.772,11.724,0
9.5688,8.1944,1.0162,0.7955,11.851,0
9.6722,8.2739,0.7767,0.80495,11.995,0
9.7523,8.3544,0.52483,0.79988,12.132,0
9.803,8.4344,0.28622,0.77892,12.277,0
9.8389,8.5123,0.092062,0.75109,12.417,0
9.8468,8.5874,-0.026,0.70928,12.548,0
9.8514,8.6583,-0.06306,0.66807,12.662,0
9.8534,8.7251,-0.11076,0.62853,12.771,0
9.848,8.788,-0.19622,0.58764,12.874,0
9.8334,8.8467,-0.32512,0.5445,12.97,0.20039
9.7948,8.9012,-0.47498,0.49144,13.07,0.95862
9.7543,8.9503,-0.62067,0.44071,13.157,1.8251
9.6858,8.9944,-0.6873,0.37781,13.231,2.312
9.6183,9.0322,-0.62557,0.31944,13.298,1.9954
9.5602,9.0641,-0.50606,0.26982,13.355,1.3919
9.5075,9.0911,-0.36182,0.22614,13.408,0.77661
9.4752,9.1137,-0.2328,0.19605,13.451,0.32653
9.4577,9.1333,-0.13535,0.17562,13.479,0.048437
9.4478,9.1509,-0.099385,0.16063,13.514,0
9.4354,9.167,-0.099527,0.14515,13.549,0
9.4217,9.1815,-0.059774,0.12976,13.576,0
9.4069,9.1945,-0.10427,0.11461,13.59,0.058307
