16.667,16.667,-0.0096688,0,0,0.020552
16.659,16.667,0.056354,-0.00068933,35.497,0
16.674,16.667,-0.047623,0.0034504,35.503,0.097978
16.666,16.667,-0.076764,-9.2595e-05,35.506,0.17841
16.665,16.667,-0.10934,-0.00017694,35.507,0.26452
16.649,16.667,-0.14155,-0.001598,35.503,0.38755
16.638,16.667,-0.13779,-0.0025883,35.505,0.40066
16.626,16.666,-0.13464,-0.0036634,35.511,0.4176
16.616,16.666,-0.12837,-0.0045255,35.508,0.42038
16.608,16.666,-0.1126,-0.0051397,35.505,0.39035
16.595,16.665,-0.091151,-0.0062505,35.506,0.35751
16.581,16.665,-0.085662,-0.0075129,35.501,0.3722
16.574,16.664,-0.055172,-0.0080775,35.495,0.3048
16.57,16.663,-0.028066,-0.0083251,35.494,0.2427
16.564,16.662,-0.041157,-0.0087458,35.49,0.28439
16.567,16.661,-0.043046,-0.0084638,35.488,0.28276
16.563,16.66,-0.035163,-0.0086942,35.485,0.26828
16.56,16.66,-0.029963,-0.0089612,35.477,0.26137
16.564,16.659,-0.028851,-0.0084789,35.471,0.24786
16.555,16.658,-0.023904,-0.0091886,35.471,0.25162
16.545,16.657,-0.024307,-0.010049,35.456,0.27157
16.538,16.656,-0.015888,-0.010546,35.44,0.26196
16.541,16.655,-0.019524,-0.010179,35.427,0.26252
16.546,16.654,-0.02939,-0.0097145,35.418,0.27623
16.545,16.653,-0.027439,-0.0097017,35.409,0.27106
16.533,16.652,-0.015292,-0.010654,35.403,0.26253
16.53,16.651,-0.0079442,-0.010843,35.392,0.24897
16.536,16.65,-0.024481,-0.010216,35.373,0.27486
16.538,16.649,-0.020317,-0.0099529,35.358,0.25874
16.545,16.648,-0.006513,-0.0092144,35.338,0.2095
16.55,16.647,0.010064,-0.00875,35.336,0.16155
16.557,16.646,0.0089859,-0.0079984,35.331,0.14796
16.553,16.645,-0.0090718,-0.0083388,35.331,0.19647
16.548,16.644,-0.012096,-0.0086406,35.322,0.21003
16.552,16.643,-0.014593,-0.0082767,35.317,0.20797
16.549,16.643,-0.014405,-0.0084178,35.301,0.21045
16.55,16.642,0.016572,-0.0082755,35.295,0.13672
16.543,16.641,0.091969,-0.0088632,35.289,0
16.547,16.64,0.12812,-0.0084186,35.272,0
16.556,16.639,0.1636,-0.0075105,35.269,0
16.571,16.638,0.18189,-0.0061106,35.255,0
16.592,16.638,0.17286,-0.0041699,35.243,0
16.606,16.637,0.20505,-0.0028477,35.238,0
16.623,16.637,0.24169,-0.0012446,35.239,0
16.638,16.637,0.23325,0.00044803,35.239,0
16.67,16.637,0.20898,0.015493,35.241,0
16.698,16.639,0.20789,0.027611,35.239,0
16.716,16.641,0.16105,0.034716,35.24,0
16.725,16.645,0.11716,0.037258,35.251,0
16.741,16.649,0.10541,0.043255,35.263,0
16.759,16.653,0.12596,0.049687,35.282,0
16.768,16.658,0.13822,0.051713,35.287,0
16.784,16.663,0.14254,0.056382,35.296,0
16.794,16.669,0.16118,0.058552,35.317,0
16.813,16.675,0.18541,0.064804,35.339,0
16.829,16.681,0.20311,0.069125,35.351,0
16.859,16.688,0.20691,0.079891,35.358,0
16.871,16.696,0.2199,0.081777,35.377,0
16.889,16.704,0.20146,0.086203,35.394,0
16.91,16.713,0.18352,0.091787,35.414,0
16.93,16.722,0.15762,0.097,35.428,0
16.938,16.732,0.13908,0.095992,35.443,0
16.948,16.741,0.11936,0.096197,35.471,0
16.952,16.751,0.085656,0.093555,35.494,0
16.97,16.76,0.067645,0.097724,35.515,0
16.981,16.77,0.041553,0.098018,35.535,0
16.987,16.78,-0.020192,0.096455,35.551,0
16.984,16.789,-0.066956,0.090406,35.574,0
16.971,16.798,-0.093304,0.080203,35.598,0.031049
16.962,16.806,-0.14851,0.072393,35.618,0.19882
16.947,16.814,-0.20827,0.06208,35.631,0.40373
16.925,16.82,-0.24812,0.048662,35.644,0.56718
16.891,16.825,-0.31587,0.030518,35.646,0.85559
16.854,16.828,-0.35881,0.012073,35.654,1.0695
16.824,16.829,-0.37544,-0.00044701,35.661,1.1805
16.782,16.829,-0.36451,-0.0041916,35.663,1.2445
16.751,16.829,-0.28995,-0.0069328,35.658,1.0231
16.714,16.828,-0.19465,-0.01021,35.658,0.76884
16.689,16.827,-0.073519,-0.012431,35.638,0.45346
16.677,16.826,0.057155,-0.013368,35.629,0.15654
16.674,16.824,0.17752,-0.013519,35.621,0
16.686,16.823,0.24597,-0.01231,35.605,0
16.715,16.822,0.3064,-0.0096226,35.599,0
16.747,16.821,0.33323,-0.0066524,35.585,0
16.777,16.82,0.31251,-0.003907,35.575,0
16.814,16.82,0.32392,-0.00051095,35.565,0
16.851,16.82,0.32087,0.014628,35.574,0
16.874,16.821,0.32129,0.024579,35.583,0
16.912,16.824,0.31119,0.041182,35.594,0
16.946,16.828,0.36081,0.054763,35.601,0
16.989,16.833,0.38205,0.072194,35.622,0
17.02,16.84,0.40002,0.083416,35.636,0
17.056,16.849,0.41408,0.095909,35.66,0
17.106,16.858,0.42332,0.11476,35.678,0
17.152,16.87,0.39979,0.13038,35.697,0
17.198,16.883,0.36613,0.14567,35.729,0
17.235,16.897,0.3543,0.156,35.756,0
17.278,16.913,0.32291,0.16826,35.791,0
17.301,16.93,0.32289,0.17122,35.823,0
17.342,16.947,0.33001,0.18194,35.858,0
17.365,16.965,0.33373,0.1843,35.894,0
17.402,16.984,0.30668,0.19237,35.928,0
17.44,17.003,0.2863,0.20082,35.973,0
17.466,17.023,0.24914,0.20327,36.018,0
17.489,17.043,0.22163,0.20449,36.055,0
17.506,17.064,0.20489,0.20272,36.1,0
17.518,17.084,0.19026,0.19887,36.135,0
17.527,17.104,0.18196,0.19379,36.186,0
17.551,17.123,0.17228,0.19534,36.234,0
17.571,17.143,0.14594,0.19571,36.268,0
17.579,17.162,0.11341,0.18995,36.307,0
17.598,17.181,0.09832,0.18978,36.351,0
17.614,17.2,0.098175,0.18834,36.395,0
17.614,17.219,0.11649,0.17957,36.431,0
17.621,17.237,0.13169,0.1747,36.48,0
17.627,17.254,0.15788,0.16939,36.52,0
17.641,17.271,0.18439,0.16777,36.552,0
17.653,17.288,0.19588,0.16559,36.584,0
17.682,17.305,0.18559,0.17111,36.62,0
17.705,17.322,0.17987,0.17382,36.668,0
17.729,17.339,0.15501,0.17649,36.703,0
17.744,17.357,0.14977,0.17495,36.749,0
17.765,17.374,0.15303,0.17651,36.789,0
17.787,17.392,0.13927,0.17828,36.83,0
17.796,17.41,0.12962,0.17429,36.869,0
17.799,17.427,0.11865,0.16787,36.916,0
17.806,17.444,0.10162,0.1632,36.953,0
17.808,17.46,0.091023,0.15665,36.98,0
17.82,17.476,0.10498,0.15465,37.021,0
17.828,17.492,0.10477,0.15144,37.058,0
17.847,17.507,0.10193,0.15318,37.094,0
17.861,17.522,0.10104,0.15251,37.131,0
17.864,17.537,0.11682,0.14669,37.168,0
17.872,17.552,0.12138,0.14363,37.208,0
17.883,17.566,0.12036,0.1422,37.238,0
17.894,17.581,0.1195,0.1407,37.279,0
17.903,17.595,0.10868,0.13828,37.315,0
17.923,17.608,0.078876,0.14113,37.343,0
17.932,17.623,0.052743,0.13845,37.381,0
17.942,17.636,0.066282,0.13691,37.413,0
17.958,17.65,0.097448,0.13768,37.452,0
17.959,17.664,0.10381,0.1321,37.481,0
17.967,17.677,0.092866,0.12948,37.51,0
17.983,17.69,0.10419,0.13086,37.536,0
17.995,17.703,0.087729,0.13024,37.566,0
17.994,17.716,0.065621,0.12383,37.589,0
17.991,17.728,0.071985,0.11719,37.623,0
18.005,17.74,0.076271,0.11784,37.649,0
18.02,17.752,0.054188,0.11944,37.682,0
18.017,17.764,0.040993,0.11256,37.699,0
18.019,17.775,0.046459,0.10834,37.716,0
18.019,17.786,0.065709,0.10342,37.745,0
18.016,17.796,0.087465,0.097673,37.769,0
18.018,17.806,0.10736,0.094165,37.799,0
18.025,17.816,0.10326,0.092999,37.822,0
18.025,17.825,0.095145,0.089147,37.852,0
18.043,17.834,0.067359,0.093153,37.878,0
18.054,17.843,0.046982,0.093825,37.899,0
18.069,17.852,0.028997,0.095916,37.911,0
18.072,17.862,0.038369,0.093208,37.933,0
18.073,17.871,0.047011,0.089512,37.947,0
18.073,17.88,0.057908,0.085531,37.976,0
18.085,17.889,0.046096,0.086875,37.992,0
18.091,17.898,0.037314,0.085825,38.002,0
18.097,17.906,0.03595,0.084689,38.022,0
18.096,17.915,0.057397,0.080437,38.045,0
18.109,17.923,0.078293,0.082309,38.053,0
18.122,17.931,0.095629,0.084418,38.075,0
18.133,17.939,0.13697,0.08553,38.094,0
18.15,17.948,0.16059,0.089414,38.113,0
18.169,17.957,0.12225,0.09398,38.142,0
18.179,17.966,0.10831,0.094046,38.164,0
18.199,17.976,0.15252,0.098427,38.188,0
18.219,17.985,0.16565,0.1032,38.21,0
18.242,17.996,0.14427,0.10874,38.228,0
18.258,18.007,0.1524,0.11099,38.246,0
18.267,18.018,0.16403,0.10988,38.279,0
18.276,18.029,0.18176,0.10877,38.294,0
18.287,18.04,0.18052,0.10915,38.327,0
18.302,18.051,0.16621,0.11052,38.347,0
18.31,18.062,0.14467,0.10932,38.368,0
18.331,18.073,0.11962,0.1137,38.383,0
18.349,18.084,0.087144,0.11655,38.403,0
18.351,18.096,0.062811,0.11198,38.419,0
18.359,18.107,0.085361,0.11059,38.448,0
18.365,18.118,0.12107,0.10827,38.477,0
18.367,18.129,0.11233,0.10467,38.494,0
18.386,18.139,0.065182,0.10819,38.526,0
18.396,18.15,0.035972,0.10794,38.55,0
18.406,18.161,0.01925,0.10738,38.569,0
18.401,18.171,0.0046225,0.10047,38.584,0
18.399,18.181,0.014941,0.09528,38.607,0
18.41,18.191,0.028139,0.095821,38.623,0
18.42,18.201,0.011746,0.095885,38.654,0
18.424,18.21,-0.047282,0.093356,38.669,0
18.424,18.22,-0.098466,0.089355,38.682,0
18.422,18.228,-0.1329,0.084693,38.702,0.098546
18.413,18.237,-0.16101,0.076627,38.715,0.19924
18.392,18.245,-0.1512,0.064332,38.725,0.20385
18.377,18.251,-0.087431,0.054896,38.731,0.057681
18.361,18.257,-0.059865,0.045564,38.738,0.014756
18.357,18.261,-0.097979,0.041591,38.739,0.11972
18.351,18.265,-0.13128,0.037381,38.757,0.21993
18.331,18.269,-0.13633,0.027063,38.774,0.26165
18.317,18.272,-0.17354,0.019781,38.782,0.38914
18.309,18.274,-0.22807,0.015556,38.794,0.57271
18.278,18.275,-0.20903,0.0013223,38.797,0.5496
18.258,18.275,-0.17701,-0.001514,38.801,0.49293
18.244,18.275,-0.18501,-0.0026618,38.798,0.54812
18.226,18.275,-0.18661,-0.0041903,38.793,0.59401
18.201,18.275,-0.14545,-0.0062647,38.782,0.52116
18.178,18.274,-0.12168,-0.0081856,38.766,0.50003
18.173,18.273,-0.12297,-0.0085805,38.764,0.51395
18.156,18.272,-0.099759,-0.0099369,38.763,0.48127
18.155,18.271,-0.091339,-0.0099782,38.756,0.45841
18.15,18.27,-0.10247,-0.010296,38.753,0.49803
18.149,18.269,-0.13027,-0.010259,38.743,0.57899
18.128,18.268,-0.13475,-0.012004,38.736,0.63831
18.118,18.267,-0.15906,-0.012727,38.716,0.7342
18.109,18.266,-0.18708,-0.013417,38.701,0.84594
18.084,18.264,-0.20891,-0.015442,38.691,0.97882
18.069,18.263,-0.21974,-0.016626,38.669,1.0514
18.046,18.261,-0.26536,-0.018517,38.645,1.2807
18.021,18.259,-0.33161,-0.020462,38.628,1.6179
17.998,18.257,-0.36559,-0.022337,38.594,1.8314
17.957,18.255,-0.38943,-0.025667,38.566,2.0542
17.913,18.252,-0.4077,-0.029266,38.529,2.2653
17.865,18.25,-0.43562,-0.033217,38.49,2.5459
17.829,18.246,-0.4434,-0.036098,38.453,2.6875
17.79,18.243,-0.44526,-0.039262,38.412,2.8078
17.745,18.239,-0.41115,-0.042854,38.372,2.7454
17.711,18.234,-0.3886,-0.045535,38.314,2.7139
17.669,18.23,-0.36019,-0.048927,38.265,2.6774
17.639,18.225,-0.36192,-0.051217,38.203,2.7604
17.606,18.22,-0.3671,-0.053779,38.136,2.871
17.578,18.214,-0.41247,-0.055903,38.077,3.192
17.542,18.209,-0.42106,-0.058677,38.018,3.3355
17.493,18.203,-0.39227,-0.062612,37.947,3.3034
17.448,18.197,-0.40045,-0.066179,37.883,3.4717
17.413,18.19,-0.43941,-0.068989,37.798,3.7976
17.375,18.183,-0.47957,-0.07188,37.725,4.1499
17.328,18.176,-0.55919,-0.075728,37.641,4.8262
17.279,18.168,-0.69344,-0.079752,37.544,5.9944
17.2,18.16,-0.74433,-0.0864,37.45,6.6902
17.123,18.152,-0.83339,-0.092839,37.36,7.7641
17.042,18.143,-0.93573,-0.099747,37.251,9.0774
16.944,18.133,-1.0597,-0.10823,37.135,10.829
16.84,18.122,-1.1902,-0.1173,37.01,12.866
16.722,18.11,-1.3817,-0.12761,36.883,16.071
16.593,18.097,-1.4849,-0.13915,36.734,18.3
16.449,18.083,-1.6089,-0.15217,36.572,21.133
16.289,18.068,-1.6982,-0.1668,36.4,23.604
16.118,18.051,-1.7905,-0.18252,36.224,26.326
15.946,18.033,-1.8318,-0.19861,36.026,28.083
15.771,18.013,-1.8728,-0.21538,35.8,29.878
15.576,17.992,-1.8761,-0.23423,35.566,30.962
15.397,17.968,-1.8778,-0.25197,35.306,31.899
15.207,17.943,-1.8716,-0.27121,35.034,32.714
15.019,17.916,-1.8396,-0.2906,34.746,32.914
14.844,17.887,-1.801,-0.30904,34.452,32.879
14.672,17.856,-1.7533,-0.32772,34.134,32.616
14.491,17.823,-1.6723,-0.34777,33.806,31.703
14.332,17.789,-1.5429,-0.36595,33.471,29.746
14.168,17.752,-1.4384,-0.38544,33.111,28.399
14.023,17.713,-1.4233,-0.40306,32.754,28.629
13.889,17.673,-1.4382,-0.42007,32.386,29.342
13.744,17.631,-1.469,-0.43913,31.994,30.401
13.601,17.587,-1.4628,-0.45813,31.61,30.732
13.451,17.541,-1.3911,-0.47906,31.197,29.842
13.304,17.493,-1.1995,-0.50031,30.775,26.868
13.185,17.443,-0.96536,-0.51874,30.35,23.388
13.085,17.392,-0.75243,-0.53528,29.923,20.502
13.009,17.338,-0.62195,-0.5491,29.499,18.823
12.939,17.283,-0.5396,-0.56268,29.066,17.783
12.889,17.227,-0.46484,-0.57388,28.633,16.784
12.84,17.169,-0.39373,-0.58513,28.205,15.86
12.802,17.111,-0.35123,-0.5953,27.772,15.221
12.769,17.051,-0.29544,-0.6051,27.332,14.434
12.735,16.991,-0.26911,-0.61458,26.912,13.966
12.702,16.929,-0.29483,-0.62384,26.497,14.003
12.662,16.867,-0.33527,-0.63466,26.073,14.203
12.625,16.804,-0.35052,-0.6455,25.646,14.136
12.596,16.739,-0.34471,-0.65504,25.223,13.824
12.553,16.674,-0.32584,-0.66639,24.816,13.436
12.519,16.607,-0.306,-0.67695,24.399,13.004
12.498,16.539,-0.30198,-0.68491,23.994,12.679
12.469,16.471,-0.33753,-0.69407,23.596,12.751
12.442,16.401,-0.41331,-0.70308,23.198,13.205
12.405,16.331,-0.52446,-0.71384,22.806,14.08
12.362,16.26,-0.66794,-0.72605,22.407,15.389
12.292,16.187,-0.81964,-0.74326,22.018,17.019
12.206,16.113,-0.92972,-0.7643,21.622,18.294
12.106,16.036,-1.0074,-0.78885,21.225,19.243
12.008,15.957,-1.077,-0.81307,20.833,20.09
11.903,15.876,-1.1391,-0.83912,20.444,20.868
11.781,15.792,-1.1635,-0.87062,20.04,21.139
11.66,15.705,-1.2105,-0.90217,19.641,21.727
11.542,15.615,-1.2546,-0.93376,19.242,22.246
11.418,15.521,-1.2856,-0.96918,18.825,22.549
11.286,15.425,-1.2756,-1.0066,18.416,22.203
11.159,15.324,-1.2869,-1.0447,17.999,22.139
11.027,15.219,-1.3076,-1.0851,17.581,22.198
10.891,15.111,-1.3179,-1.1283,17.157,22.066
10.759,14.998,-1.3639,-1.171,16.739,22.462
10.62,14.881,-1.4834,-1.2181,16.311,24.081
10.48,14.759,-1.6533,-1.2658,15.892,26.748
10.31,14.633,-1.9381,-1.3262,15.456,32.247
10.112,14.5,-2.3195,-1.3978,15.02,41.543
9.8863,14.36,-2.6656,-1.4821,14.573,52.125
9.6191,14.212,-3.0132,-1.5859,14.116,65.546
9.3106,14.053,-3.3225,-1.7084,13.658,80.589
8.9763,13.883,-3.5839,-1.8525,13.168,96.293
8.6133,13.697,-3.7804,-2.0152,12.673,110.7
8.2348,13.496,-4.0303,-2.1986,12.155,23.882
7.8301,13.276,-4.2233,-5.499,11.624,8.9978
7.4062,12.726,-4.5035,-5.7801,11.084,8.3193
6.9598,12.148,-4.7566,-6.032,10.552,7.9558
6.4747,11.545,-5.1003,-6.3801,10.043,7.7046
5.9656,10.907,-5.362,-6.6423,9.5348,7.4391
5.4368,10.243,-5.6017,-6.8773,9.0526,7.1715
4.8817,9.5549,-5.7279,-7.002,8.5704,6.9028
4.3171,8.8547,-5.6537,-6.9246,8.1006,6.6316
3.7449,8.1622,-5.4053,-6.6799,7.6549,6.3774
3.1974,7.4942,-5.1507,-6.4291,7.2216,6.1225
2.6728,6.8513,-4.8389,-6.1248,6.7894,5.8641
2.1817,6.2388,-4.4229,-5.7127,6.3808,5.6068
1.7329,5.6676,-4.026,-8.8,5.9752,0
1.321,4.7876,-3.6431,-8.8,5.6089,0
0.9625,3.9076,-3.2596,-8.8,5.2908,0
0.63515,3.0276,-2.9256,-8.8,5.0237,0
0.33766,2.1476,-2.653,-8.8,4.8158,0
0.074053,1.2676,-2.446,-8.8,4.6598,0
-0.16351,0.38757,-2.2684,-8.8,4.5779,0
-0.38969,0,-2.1267,-8.8,4.5493,0
-0.60042,0,-2.057,-8.8,4.5349,0
-0.79616,0,-2.056,-8.8,4.5158,0
-0.99229,0,-2.1243,-8.8,4.4711,0
-1.2132,0,-2.1619,-8.8,4.4139,0
-1.4301,0,-2.1218,-8.8,4.3179,0
-1.6331,0,-1.9663,-8.8,4.2001,0
-1.8312,0,-1.6953,-8.8,4.0636,0
-1.9962,0,-1.3162,-8.8,3.9064,0
-2.1295,0,-0.86256,-8.8,3.7385,0
-2.2105,0,-0.40242,-8.8,3.5713,0
-2.2482,0,-0.0022548,-8.8,3.3864,0
-2.249,0,0.28166,-8.8,3.207,0
-2.2228,0,0.47206,-8.8,3.0195,0
-2.1832,0,0.53355,-8.8,2.8372,0
-2.1303,0,0.52699,-8.8,2.675,0
-2.0815,0,0.49594,-8.8,2.5045,0
-2.0332,0,0.46844,-8.8,2.337,0
-1.9883,0,0.44498,-8.8,2.1719,0
-1.9443,0,0.43469,-8.8,2.0242,0
-1.9107,0,0.44711,-8.8,1.8743,0
-1.8751,0,0.51443,-8.8,1.7349,0
-1.8186,0,0.65469,-8.8,1.5842,0
-1.7544,0,0.86942,-8.8,1.4405,0
-1.6645,0,1.1444,-8.8,1.3068,0
-1.5573,0,1.4016,-8.8,1.1811,0
-1.413,0,1.6119,-8.8,1.0808,0
-1.2522,0,1.7837,-8.8,1.0006,0
-1.0831,0,1.924,-8.8,0.93034,0
-0.89966,0,2.0323,-8.8,0.8802,0
-0.69932,0,2.146,-8.8,0.85419,0
-0.49334,0,2.265,-8.8,0.83678,0
-0.2645,0,2.3651,-8.8,0.83764,0
-0.0305,0,2.4311,-8.8,0.86954,0
0.20354,0,2.476,-8.8,0.91373,0
0.44128,0,2.4986,-8.8,0.9857,0
0.68493,0,2.4932,-8.8,1.0948,0
0.94281,0,2.4712,-8.8,1.2203,0
1.1808,0,2.4534,-8.8,1.3681,0
1.428,0,2.4136,-8.8,1.5429,0
1.6771,0,2.393,-8.8,1.7428,0
1.9229,0,2.3882,-8.8,1.9722,0
2.1563,0,2.3889,-8.8,2.2176,0
2.4028,0,2.378,-8.8,2.4962,0
2.6495,0,2.3388,-8.8,2.8019,0.92139
2.8905,0,2.2836,-8.8,3.1297,2.5422
3.1132,0,2.2242,-8.8,3.4647,4.0826
3.3436,0,2.1357,-8.8,3.8251,5.5237
3.5642,0,2.052,-8.8,4.2052,7.0438
3.7633,0,1.9677,-8.8,4.6243,8.4404
3.9502,0,1.8898,1.8898,5.0632,0
4.142,0.18898,1.7197,1.7197,5.4606,0
4.3117,0.36095,1.534,1.534,5.85,0
4.4597,0.51436,1.4009,1.4009,6.2369,0.22222
4.6036,0.65445,1.3613,1.3613,6.6357,0.34591
4.7358,0.79058,1.2474,1.2474,7.0274,0.6744
4.8569,0.91532,1.2193,4.9,7.43,3.9022
4.9707,1.4053,1.2363,4.9,7.8111,5.3679
5.0849,1.8953,1.1969,4.9,8.1551,7.3354
5.2015,2.3853,1.0841,4.9,8.4532,10.045
5.3073,2.8753,0.99874,4.9,8.7197,12.727
5.4054,3.3653,0.85875,4.0615,8.9409,9.4008
5.4957,3.7715,0.77328,2.8914,9.1307,3.5453
5.5726,4.0606,0.69261,2.2759,9.2895,1.4779
5.6508,4.2882,0.62421,1.897,9.4256,0.56344
5.7086,4.4779,0.60536,1.612,9.5468,0
5.7773,4.6391,0.61626,1.422,9.6738,0
5.8377,4.7813,0.65151,1.2684,9.7913,0
5.8966,4.9081,0.68812,1.1475,9.9015,0
5.9629,5.0229,0.70826,1.0586,9.9936,0
6.0423,5.1287,0.71418,1.0024,10.094,0
6.1198,5.229,0.79946,0.95397,10.184,0
6.1951,5.3244,0.84472,0.91118,10.266,0
6.2886,5.4155,0.87638,0.89492,10.354,0
6.3833,5.505,0.91963,0.88305,10.449,0
6.4776,5.5933,0.98972,0.87298,10.546,0
6.5783,5.6806,1.0309,0.87058,10.642,0
6.6766,5.7677,1.0534,0.86616,10.737,0
6.7723,5.8543,1.0815,0.85921,10.82,0
6.8706,5.9402,1.1134,0.85671,10.919,0
6.9871,6.0259,1.1236,0.87039,11.006,0
7.1061,6.1129,1.1168,0.88507,11.106,0
7.2138,6.2014,1.102,0.88836,11.213,0
7.3224,6.2902,1.0683,0.89114,11.309,0
7.4227,6.3794,1.0528,0.88734,11.417,0
7.5343,6.4681,1.081,0.89295,11.515,0
7.6517,6.5574,1.1171,0.90342,11.626,0
7.7569,6.6477,1.167,0.90205,11.73,0
7.8795,6.7379,1.1915,0.91581,11.846,0
8.0063,6.8295,1.1849,0.93125,11.966,0
8.1199,6.9226,1.1317,0.93475,12.089,0
8.2427,7.0161,1.0608,0.94544,12.219,0
8.3422,7.1107,0.99379,0.93603,12.334,0
8.4464,7.2043,1.0122,0.9324,12.465,0
8.5451,7.2975,1.0526,0.92537,12.599,0
8.6543,7.39,1.0271,0.92571,12.715,0
8.765,7.4826,1,0.92791,12.843,0
8.8651,7.5754,0.94757,0.9227,12.978,0
8.9547,7.6677,0.87989,0.91072,13.112,0
9.0508,7.7587,0.80604,0.90451,13.245,0
9.1386,7.8492,0.77978,0.89311,13.377,0
9.2104,7.9385,0.78683,0.87226,13.512,0
9.2833,8.0257,0.79602,0.85393,13.638,0
9.3586,8.1111,0.72739,0.83857,13.756,0
9.4325,8.195,0.55203,0.82441,13.882,0
9.4907,8.2774,0.44866,0.80092,14.001,0
9.5257,8.3575,0.45519,0.76459,14.119,0
9.5647,8.434,0.53069,0.73446,14.241,0
9.6158,8.5074,0.60179,0.71439,14.35,0
9.6749,8.5789,0.6848,0.70156,14.463,0
9.7486,8.649,0.60135,0.69869,14.565,0
9.7999,8.7189,0.40669,0.68255,14.682,0
9.8382,8.7871,0.23945,0.65916,14.786,0
9.872,8.8531,0.16685,0.6353,14.896,0
9.8819,8.9166,0.15434,0.59862,15.005,0
9.9071,8.9764,0.51939,0.5739,15.1,0
9.9661,9.0338,0.30999,0.57204,15.196,0
