0,0,-0.0097093,0,0,0.020402
-0.0099272,0,-0.027496,7.8,35.504,16.468
-0.020485,0.78,-0.02916,7.8,35.465,18.092
-0.020956,1.56,-0.037937,7.8,35.336,19.71
-0.032488,2.34,-0.040074,7.8,35.148,21.338
-0.038555,3.12,-0.032245,7.8,34.879,22.933
-0.035962,3.9,-0.027026,7.8,34.526,24.515
-0.036899,4.68,-0.033194,7.8,34.094,26.129
-0.049927,5.46,-0.03106,7.8,33.584,27.75
-0.050895,6.24,-0.030348,6.7,32.993,27.038
-0.04481,6.91,-0.033905,6.7,32.328,28.407
-0.040142,7.58,-0.038176,6.7,31.609,29.78
-0.047397,8.25,-0.035328,-0.43935,30.805,16.161
-0.057161,8.2061,-0.029635,-0.45495,29.981,16.046
-0.061873,8.1606,-0.028684,-0.47141,29.147,15.926
-0.066694,8.1134,-0.029158,-0.48847,28.33,15.804
-0.065581,8.0646,-0.024888,-0.50643,27.505,15.655
-0.068694,8.0139,-0.024176,-0.52525,26.697,15.517
-0.061924,7.9614,-0.026787,-0.54481,25.884,15.359
-0.055798,7.9069,-0.028449,-0.56557,25.075,15.195
-0.055292,7.8504,-0.028212,-0.58726,24.289,15.032
-0.063733,7.7916,-0.030109,-0.61145,23.495,14.882
-0.072619,7.7305,-0.032006,-0.6364,22.722,14.726
-0.083158,7.6669,-0.033902,-0.66384,21.938,14.564
-0.081056,7.6005,-0.031054,-0.69158,21.164,14.359
-0.085572,7.5313,-0.028919,-0.72181,20.395,14.159
-0.079009,7.4591,-0.033664,-0.7527,19.634,13.942
-0.085898,7.3839,-0.035562,-0.78632,18.89,13.735
-0.081547,7.3052,-0.031058,-0.82068,18.155,13.484
-0.093828,7.2232,-0.031769,-0.85895,17.43,13.262
-0.098005,7.1373,-0.034617,-0.90043,16.692,13.013
-0.1058,7.0472,-0.027737,-0.94505,15.965,12.736
-0.10484,6.9527,-0.021808,-0.99056,15.255,12.432
-0.10265,6.8537,-0.027737,-1.0382,14.561,12.137
-0.10881,6.7499,-0.027265,-1.0912,13.868,11.825
-0.10459,6.6407,-0.024417,-1.1468,13.18,11.47
-0.10475,6.5261,-0.027739,-1.2067,12.504,11.116
-0.10854,6.4054,-0.032245,-1.2687,11.854,10.756
-0.10422,6.2785,-0.02916,-1.3355,11.203,10.34
-0.10104,6.145,-0.02987,-1.4042,10.576,9.9165
-0.10032,6.0046,-0.033429,-1.4774,9.9618,9.4808
-0.1024,5.8568,-0.036038,-1.5579,9.3528,9.0186
-0.10091,5.701,-0.033192,-1.6375,8.7725,8.5229
-0.10224,5.5373,-0.031295,-1.7273,8.1905,7.9972
-0.10584,5.3645,-0.033905,-8.8,7.6448,0
-0.11413,4.4845,-0.032718,-8.8,7.1408,0
-0.12256,3.6045,-0.026314,-8.8,6.716,0
-0.12561,2.7245,-0.026079,-0.61084,6.3928,4.6141
-0.12882,2.6635,-0.02869,-8.8,6.1033,0
-0.12277,1.7835,-0.024658,-8.8,5.8619,0
-0.13354,0.90346,-0.025844,-0.081037,5.7208,2.0099
-0.13571,0.89536,-0.032247,-0.082329,5.6134,2.0085
-0.1443,0.88712,-0.032483,-0.084186,5.5058,2.0058
-0.13907,0.8787,-0.031771,-8.8,5.394,0
-0.14126,0,-0.033192,-0.033192,5.3327,0.28958
-0.14016,0,-0.034143,-0.034143,5.3258,0.28734
-0.136,0,-0.029635,-0.029635,5.3167,0.2788
-0.12995,0,-0.026314,-0.026314,5.3095,0.26639
-0.12544,0,-0.025366,-0.025366,5.2979,0.25715
-0.13597,0,-0.026791,-0.026791,5.2824,0.27874
-0.1311,0,-0.026791,-0.026791,5.2647,0.26876
-0.13863,0,-0.027504,-0.027504,5.2452,0.28419
-0.13615,0,-0.03557,-0.03557,5.2296,0.27911
-0.13133,0,-0.038415,-0.038415,5.2068,0.26923
-0.14103,0,-0.035095,-0.035095,5.1909,0.28912
-0.13912,0,-0.034382,-0.034382,5.1846,0.2852
-0.13592,0,-0.037702,-0.037702,5.1735,0.27864
-0.14127,0,-0.034382,-0.034382,5.1661,0.2896
-0.1362,0,-0.03201,-0.03201,5.1577,0.2792
-0.1397,0,-0.035805,-0.035805,5.1525,0.28639
-0.14453,0,-0.035095,-0.035095,5.1296,0.29629
-0.13817,0,-0.03035,-0.03035,5.1206,0.28325
-0.13181,0,-0.03035,-0.03035,5.1065,0.27021
-0.13957,0,-0.031771,-0.031771,5.0993,0.28613
-0.14149,0,-0.03106,-0.03106,5.093,0.29005
-0.14936,0,-0.030109,-0.030109,5.079,0.3062
-0.15643,0,-0.033194,-0.033194,5.0563,0.32067
-0.15636,0,-0.029637,-0.029637,5.042,0.32054
-0.15768,0,-0.029876,-0.029876,5.0183,0.32325
-0.16146,0,-0.030824,-0.030824,5.0064,0.331
-0.17219,0,-0.030826,-8.8,4.9829,0
-0.17799,0,-0.031062,-0.031062,5.0159,0.36488
-0.17733,0,-0.034856,-0.034856,5.006,0.36352
-0.17408,0,-0.030348,-8.8,4.9802,0
-0.1682,0,-0.029399,-0.029399,5.005,0.34481
-0.16248,0,-0.029162,-8.8,4.9806,0
-0.15661,0,-0.028216,-0.028216,5.0132,0.32106
-0.15954,0,-0.02869,-0.02869,5.005,0.32706
-0.16496,0,-0.032249,-8.8,4.9921,0
-0.16977,0,-0.031062,-0.031062,5.0292,0.34803
-0.17027,0,-0.030111,-0.030111,5.0103,0.34905
-0.16563,0,-0.030346,-8.8,4.9841,0
-0.16153,0,-0.02821,-0.02821,5.0196,0.33114
-0.15617,0,-0.029396,-0.029396,5.012,0.32014
-0.16689,0,-0.032243,-8.8,4.9919,0
-0.17905,0,-0.034378,-0.034378,5.0199,0.36705
-0.17682,0,-0.033429,-8.8,4.9985,0
-0.18158,0,-0.035326,-0.035326,5.0152,0.37223
-0.17688,0,-0.034141,-0.034141,5.0056,0.36261
-0.17486,0,-0.033904,-8.8,4.9825,0
-0.17429,0,-0.032955,-8.8,4.9993,0
-0.18629,0,-0.031769,-0.031769,5.0218,0.38189
-0.18226,0,-0.030348,-0.030348,5.0071,0.37363
-0.18599,0,-0.029872,-8.8,4.9904,0
-0.19215,0,-0.030346,-0.030346,5.0079,0.3939
-0.2023,0,-0.029874,-8.8,4.9983,0
-0.21425,0,-0.027741,-0.027741,5.0293,0.43922
-0.22582,0,-0.024421,-0.024421,5.0078,0.46293
-0.22157,0,-0.023712,-8.8,4.9786,0
-0.22684,0,-0.019205,-8.8,4.9987,0
-0.23634,0,-0.019917,-0.019917,5.0184,0.4845
-0.23982,0,-0.025846,-8.8,4.9907,0
-0.25016,0,-0.027032,-0.027032,5.0115,0.51282
-0.25776,0,-0.026083,-8.8,4.9817,0
-0.26261,0,-0.029878,-0.029878,5.0055,0.53834
-0.26143,0,-0.031775,-8.8,4.9747,0
-0.26481,0,-0.029403,-8.8,4.9974,0
-0.27548,0,-0.030587,-0.030587,5.0079,0.56473
-0.2757,0,-0.03106,-8.8,4.9723,0
-0.28321,0,-0.028925,-8.8,4.9826,0
-0.2817,0,-0.030111,-8.8,4.9886,0
-0.27936,0,-0.030109,-0.030109,5.0099,0.5727
-0.28468,0,-0.031771,-8.8,4.9775,0
-0.28312,0,-0.033907,-0.033907,5.0015,0.58039
-0.29223,0,-0.033668,-8.8,4.9802,0
-0.3017,0,-0.032481,-8.8,4.9878,0
-0.29696,0,-0.033431,-8.8,4.9963,0
-0.30276,0,-0.033905,-0.033905,5.0062,0.62067
-0.30041,0,-0.036751,-8.8,4.9755,0
-0.30789,0,-0.035805,-8.8,4.9844,0
-0.30659,0,-0.032724,-8.8,4.9894,0
-0.31734,0,-0.036755,-8.8,4.9926,0
-0.31107,0,-0.035095,-0.035095,5.013,0.63769
-0.31437,0,-0.029876,-8.8,4.9737,0
-0.30841,0,-0.031299,-8.8,4.9922,0
-0.30961,0,-0.029401,-0.029401,5.015,0.63471
-0.30361,0,-0.023472,-8.8,4.9898,0
-0.3133,0,-0.023708,-0.023708,5.0108,0.64226
-0.31727,0,-0.024895,-8.8,4.9874,0
-0.31397,0,-0.024184,-0.024184,5.0003,0.64364
-0.31697,0,-0.025607,-8.8,4.9756,0
-0.30992,0,-0.025607,-8.8,4.9897,0
-0.31019,0,-0.028929,-0.028929,5.0103,0.63588
-0.31849,0,-0.029878,-8.8,4.9821,0
-0.31183,0,-0.030352,-0.030352,5,0.63926
-0.30967,0,-0.032486,-8.8,4.9648,0
-0.30846,0,-0.034858,-8.8,4.9777,0
-0.30244,0,-0.0097151,-8.8,4.9944,0
-0.30892,0,0.070208,0.070208,5.0084,0.63328
-0.29372,0.0070208,0.18715,-8.8,4.9829,0
-0.28304,0,0.29103,-8.8,4.9995,0
-0.25032,0,0.39815,0.39815,5.0085,0.51315
-0.21924,0.039815,0.47405,-8.8,4.9771,0
-0.17937,0,0.48782,-8.8,4.9965,0
-0.12094,0,0.46243,0.46243,5.0271,0.24792
-0.064763,0.046243,0.44631,0.44631,5.0236,0.22756
-0.021736,0.090874,0.42196,-8.8,5.0151,0
0.013383,0,0.39968,0.39968,5.0437,0
0.047744,0.039968,0.37477,0.37477,5.0369,0
0.075324,0.077445,0.34346,-8.8,5.036,0
0.10181,0,0.31476,0.31476,5.0814,0
0.14207,0.031476,0.28583,0.28583,5.093,0
0.17801,0.06006,0.25072,0.25072,5.1009,0
0.21132,0.085132,0.21016,0.21016,5.1027,0
0.2256,0.10615,0.16486,0.16486,5.1162,0
0.23808,0.12263,0.10817,0.10817,5.1373,0
0.2581,0.13345,0.046359,0.046359,5.1583,0
0.26385,0.13809,-0.030001,-0.030001,5.1716,0
0.26373,0.13509,-0.11727,-0.11727,5.181,0
0.24821,0.12336,-0.21119,-0.21119,5.2006,0
0.21787,0.10224,-0.2968,-0.2968,5.2108,0
0.19406,0.072561,-0.37445,-0.37445,5.2187,0
0.16544,0.035116,-0.42117,-0.42117,5.2327,0
0.12626,0,-0.44134,-0.44134,5.2432,0
0.085369,0,-0.43798,-0.43798,5.2574,0
0.035124,0,-0.42826,-0.42826,5.2743,0
-0.0076518,0,-0.41877,-0.41877,5.2846,0.015686
-0.051204,0,-0.40905,-0.40905,5.286,0.10497
-0.089809,0,-0.39743,-0.39743,5.288,0.18411
-0.12626,0,-0.38679,-0.38679,5.2845,0.25884
-0.16413,0,-0.3735,-0.3735,5.2788,0.33647
-0.19802,0,-0.34859,-0.34859,5.2643,0.40594
-0.2285,0,-0.27105,-0.27105,5.2423,0.46842
-0.24766,0,-0.16741,-0.16741,5.2099,0.5077
-0.26775,0,-0.054989,-0.054989,5.1908,0.54888
-0.27804,0,0.049596,0.049596,5.172,0.56999
-0.28058,0.0049596,0.14231,0.14231,5.1529,0.58536
-0.26789,0.019191,0.17765,0.17765,5.1233,0.58852
-0.25979,0.036957,0.17599,0.17599,5.0907,0.60834
-0.24883,0.054556,0.12334,0.12334,5.0615,0.62194
-0.23652,0.06689,0.040567,-8.8,5.0333,0
-0.23462,0,-0.048133,-0.048133,5.0378,0.48097
-0.24066,0,-0.14418,-0.14418,5.0141,0.49336
-0.24848,0,-0.23548,-8.8,4.9931,0
-0.26241,0,-0.2848,-0.2848,5.0057,0.53794
-0.29392,0,-0.29712,-8.8,4.9712,0
-0.31743,0,-0.2983,-8.8,4.9857,0
-0.35178,0,-0.29142,-0.29142,5.001,0.72116
-0.38053,0,-0.28834,-8.8,4.96,0
-0.40992,0,-0.2867,-8.8,4.9591,0
-0.43954,0,-0.28125,-8.8,4.9608,0
-0.46336,0,-0.27817,-8.8,4.9582,0
-0.49741,0,-0.27746,-8.8,4.9497,0
-0.53232,0,-0.27486,-8.8,4.9418,0
-0.56039,0,-0.27296,-8.8,4.9346,0
-0.58015,0,-0.27223,-8.8,4.9159,0
-0.61438,0,-0.25894,-8.8,4.9053,0
-0.64625,0,-0.21056,-8.8,4.8814,0
-0.67337,0,-0.15365,-8.8,4.868,0
-0.68092,0,-0.12115,-8.8,4.8531,0
-0.69501,0,-0.096731,-8.8,4.8207,0
-0.69619,0,-0.06259,-8.8,4.8025,0
-0.70393,0,-0.062353,-8.8,4.7813,0
-0.71442,0,-0.084397,-8.8,4.7489,0
-0.72943,0,-0.079889,-8.8,4.7287,0
-0.74252,0,-0.064954,-8.8,4.7067,0
-0.74722,0,-0.071596,-8.8,4.6676,0
-0.75083,0,-0.088893,-8.8,4.6381,0
-0.76869,0,-0.08462,-8.8,4.613,0
-0.78201,0,-0.075381,-8.8,4.5893,0
-0.78878,0,-0.077278,-8.8,4.5548,0
-0.79456,0,-0.088646,-8.8,4.5247,0
-0.80897,0,-0.08012,-8.8,4.4964,0
-0.81595,0,-0.072073,-8.8,4.4606,0
-0.81658,0,-0.077274,-8.8,4.4194,0
-0.83393,0,-0.083198,-8.8,4.3782,0
-0.83604,0,-0.073252,-8.8,4.3456,0
-0.83602,0,-0.072071,-8.8,4.3048,0
-0.85312,0,-0.077276,-8.8,4.2725,0
-0.86207,0,-0.076806,-8.8,4.2405,0
-0.86145,0,-0.068986,-8.8,4.2066,0
-0.86891,0,-0.066377,-8.8,4.156,0
-0.88234,0,-0.06993,-8.8,4.1029,0
-0.88554,0,-0.074203,-8.8,4.0537,0
-0.88416,0,-0.075399,-8.8,4.0026,0
-0.88808,0,-0.074213,-8.8,3.9494,0
-0.88858,0,-0.078946,-8.8,3.8995,0
-0.89041,0,-0.078476,-8.8,3.8446,0
-0.90394,0,-0.073733,-8.8,3.7914,0
-0.91906,0,-0.072302,-8.8,3.7396,0
-0.93301,0,-0.081073,-8.8,3.6959,0
-0.938,0,-0.081308,-8.8,3.6475,0
-0.94715,0,-0.072057,-8.8,3.5876,0
-0.94917,0,-0.046926,-8.8,3.5267,0
-0.94516,0,-0.021559,-8.8,3.4789,0
-0.94018,0,0.0021546,-8.8,3.4261,0
-0.94462,0,0.011866,-8.8,3.3726,0
-0.9473,0,0.0064098,-8.8,3.3199,0
-0.94124,0,-0.034617,-8.8,3.2645,0
-0.94932,0,-0.080857,-8.8,3.2085,0
-0.96707,0,-0.12592,-8.8,3.1653,0
-0.9799,0,-0.16812,-8.8,3.107,0
-1.0049,0,-0.18188,-8.8,3.0614,0
-1.0294,0,-0.15057,-8.8,3.0043,0
-1.0418,0,-0.12449,-8.8,2.9487,0
-1.0515,0,-0.10883,-8.8,2.8831,0
-1.0718,0,-0.081075,-8.8,2.8189,0
-1.0733,0,-0.061869,-8.8,2.758,0
-1.0845,0,-0.076808,-8.8,2.7022,0
-1.0978,0,-0.086994,-8.8,2.6425,0
-1.1052,0,-0.077978,-8.8,2.5749,0
-1.1172,0,-0.067318,-8.8,2.5157,0
-1.1275,0,-0.079409,-8.8,2.4377,0
-1.1295,0,-0.084152,-8.8,2.3692,0
-1.1375,0,-0.074203,-8.8,2.2951,0
-1.1454,0,-0.06829,-8.8,2.2243,0
-1.1533,0,-0.07895,-8.8,2.1614,0
-1.1649,0,-0.07848,-8.8,2.0908,0
-1.1774,0,-0.070895,-8.8,2.0222,0
-1.1762,0,0.024918,-8.8,1.9399,0
-1.1826,0,0.14042,-8.8,1.8657,0
-1.1743,0,0.2787,-8.8,1.8016,0
-1.1527,0,0.40962,-8.8,1.7261,0
-1.1129,0,0.52892,-8.8,1.6524,0
-1.0684,0,0.54625,-8.8,1.5808,0
-1.0177,0,0.53226,-8.8,1.5114,0
-0.97017,0,0.61478,-8.8,1.4526,0
-0.91377,0,0.83605,-8.8,1.3941,0
-0.83401,0,1.2195,-8.8,1.3493,0
-0.72035,0,1.6683,-8.8,1.3065,0
-0.54849,0,2.0235,-8.8,1.2882,0
-0.33907,0,2.159,-8.8,1.2904,0
-0.12979,0,2.0351,-8.8,1.3173,0
0.066935,0,1.6612,-8.8,1.3642,0
0.23268,0,1.1723,-8.8,1.4136,0
0.34115,0,0.75475,-8.8,1.4817,0
0.40871,0,0.44448,-8.8,1.5563,0
0.45428,0,0.26377,-8.8,1.6459,0
0.48257,0,0.176,-8.8,1.7287,0
0.49037,0,0.13591,-8.8,1.8245,0
0.50082,0,0.13922,-8.8,1.9112,0
0.5144,0,0.1608,-8.8,2.0049,0
0.53825,0,0.20918,-8.8,2.1022,0
0.55314,0,0.29242,-8.8,2.1923,0
0.58944,0,0.40604,-8.8,2.2987,0
0.63599,0,0.53581,-8.8,2.4005,0
0.68238,0,0.66481,-8.8,2.5046,0
0.73962,0,0.7706,-8.8,2.6218,0
0.81077,0,0.88188,-8.8,2.7387,0
0.89255,0,1.0154,-8.8,2.878,0
1.0017,0,1.1593,-8.8,3.0215,0
1.1172,0,1.3187,-8.8,3.176,0
1.242,0,1.4776,-8.8,3.3447,0
1.3844,0,1.5615,-8.8,3.5199,0
1.5334,0,1.5649,-8.8,3.7128,0
1.6995,0,1.4759,-8.8,3.9278,0
1.8431,0,1.3044,-8.8,4.1413,0
1.9664,0,1.0375,-8.8,4.3732,0
2.0676,0,0.74385,-8.8,4.6201,0
2.1451,0,0.46776,-8.8,4.8676,0
2.1995,0,0.18673,0.18673,5.1308,0
2.2245,0.018673,-0.08932,-0.08932,5.3479,0
2.2067,0.0097411,-0.33344,-0.33344,5.5637,0
2.1772,0,-0.56614,-0.56614,5.7904,0
2.1155,0,-0.84256,-0.84256,6.0092,0
2.0219,0,-1.1665,-1.1665,6.2287,0
1.9148,0,-1.5442,-1.5442,6.4281,0
1.7546,0,-2.0977,-2.0977,6.6205,0
1.5476,0,-2.694,-2.694,6.7944,0
1.2812,0,-3.3705,-3.3705,6.9409,0
0.9353,0,-3.9499,-3.9499,7.0607,0
0.5321,0,-4.3981,-4.3981,7.156,0
0.085913,0,-4.5866,-4.5866,7.2089,0
-0.37243,0,-4.4425,-4.4425,7.2199,0.76349
-0.82212,0,-3.5437,-3.5437,7.1881,1.6853
-1.1795,0,-2.3702,-2.3702,7.1079,2.4179
-1.4157,0,-1.1876,-1.1876,6.9962,2.9022
-1.5323,0,-0.17255,-0.17255,6.8463,3.1411
-1.5493,0,0.60082,0.60082,6.6989,3.176
-1.4968,0.060082,0.70779,0.70779,6.541,3.1916
-1.4205,0.13086,0.44852,0.44852,6.3835,3.1803
-1.3809,0.17571,0.14375,0.14375,6.2333,3.1911
-1.3621,0.19009,0.050784,0.050784,6.0733,3.182
-1.3477,0.19517,-0.011122,-0.011122,5.9082,3.163
-1.3475,0.19405,-0.023941,-0.023941,5.7564,3.1602
-1.355,0.19166,0.072338,0.072338,5.6111,3.1707
-1.3507,0.19889,0.15582,0.15582,5.453,3.1766
-1.3385,0.21448,0.2412,0.2412,5.2911,3.1835
-1.3088,0.2386,0.31047,0.31047,5.1407,3.1721
-1.2843,0.26964,0.38994,-8.8,4.9835,0
-1.241,0,0.44639,-8.8,4.8834,0
-1.1947,0,0.55666,-8.8,4.8037,0
-1.1367,0,0.7351,-8.8,4.7221,0
-1.0669,0,1.0352,-8.8,4.6647,0
-0.95438,0,1.4492,-8.8,4.6169,0
-0.81882,0,1.9258,-8.8,4.5659,0
-0.62992,0,2.3822,-8.8,4.5453,0
-0.39724,0,2.6482,-8.8,4.5323,0
-0.13064,0,2.7466,-8.8,4.552,0
0.14352,0,2.6855,-8.8,4.6021,0
0.41241,0,2.5368,-8.8,4.6692,0
0.66437,0,2.3705,-8.8,4.7762,0
0.90711,0,2.2411,-8.8,4.8995,0
1.1259,0,2.1251,2.1251,5.045,0
1.3373,0.21251,2.0269,2.0269,5.1485,0
1.5472,0.4152,1.9609,1.9609,5.2557,0
1.7505,0.61129,1.9104,1.9104,5.3788,0
1.9334,0.80233,1.8338,1.8338,5.4939,0
2.1143,0.98571,1.7639,4.9,5.615,11.886
2.2818,1.4757,1.6614,-8.8,5.7064,0
2.4528,0.59571,1.5071,1.5071,5.8394,0
2.6114,0.74642,1.2874,1.2874,6.0188,0
2.7381,0.87516,1.1385,1.1385,6.1955,0
2.8564,0.98901,1.0646,4.9,6.3749,14.894
2.96,1.479,1.0768,4.9,6.5364,16.741
3.0605,1.969,1.0123,4.1001,6.6748,12.805
3.1589,2.379,1.1587,2.1606,6.7609,1.1265
3.2824,2.5951,1.1749,1.6608,6.8251,0
3.4015,2.7612,1.0701,1.4079,6.8963,0
3.5047,2.902,0.95233,1.2305,6.9647,0
3.609,3.025,0.95087,1.1198,7.0175,0
3.7116,3.137,0.84282,1.0452,7.0811,0
3.7877,3.2415,0.90145,0.94665,7.1314,0
3.8805,3.3362,1.0693,0.90531,7.1867,0
3.9839,3.4267,1.256,0.89188,7.2391,0
4.1136,3.5159,1.5182,0.9234,7.2994,0
4.2571,3.6082,1.7611,0.96693,7.3588,0
4.426,3.7049,1.9811,1.037,7.431,0
4.6152,3.8086,2.1819,1.1168,7.5001,0
4.8302,3.9203,2.3613,1.2128,7.5863,0
5.0752,4.0416,2.479,1.3237,7.6795,0
5.3274,4.174,2.5402,1.4173,7.7874,0
5.5801,4.3157,2.5032,1.4886,7.9021,0
5.8213,4.4645,2.3415,1.5309,8.0286,0
6.0477,4.6176,2.0453,1.5487,8.1673,0
6.2576,4.7725,1.6491,1.5451,8.3058,0
6.4138,4.927,1.2644,1.4885,8.4453,0
6.5361,5.0759,0.97963,1.4132,8.5969,0
6.6425,5.2172,0.82153,1.3379,8.7456,0
6.7268,5.351,0.7814,1.2553,8.8838,0
6.8088,5.4765,0.88428,1.1857,9.0228,0
6.9067,5.5951,1.136,1.1402,9.1482,0
7.0184,5.7091,1.4482,1.1138,9.2731,0
7.1645,5.8205,1.6692,1.1221,9.4144,0
7.3364,5.9327,1.8454,1.1495,9.5481,0
7.5195,6.0476,2.1038,1.1833,9.6958,0
7.7228,6.166,2.3092,1.2288,9.8493,0.28518
7.9528,6.2889,2.3879,1.2882,10.001,0.42055
8.1881,6.4177,2.3842,1.3447,10.168,0.2747
8.4217,6.5522,2.4727,1.3944,10.358,0.49415
8.6758,6.6916,2.4502,1.4536,10.56,0.27427
8.9163,6.8369,2.3591,1.4937,10.755,0
9.1527,6.9863,2.295,1.5276,10.968,0
9.3778,7.1391,2.3625,1.5503,11.193,0
9.6134,7.2941,2.371,1.5777,11.422,0
9.8419,7.4519,2.3575,1.5987,11.668,0
10.077,7.6117,2.3406,1.6203,11.905,0
10.308,7.7738,2.3065,1.6379,12.15,0
10.547,7.9376,2.2772,1.6598,12.411,0
10.772,8.1035,2.2585,1.6715,12.683,0
10.991,8.2707,2.2564,1.6788,12.959,0
11.212,8.4386,2.2497,1.6855,13.23,0
11.435,8.6071,2.2364,1.6943,13.513,0
11.653,8.7765,2.2166,1.6995,13.796,0
11.875,8.9465,2.194,1.7064,14.08,0
12.096,9.1171,2.171,1.7127,14.368,0
12.316,9.2884,2.1465,1.7187,14.672,0
12.54,9.4603,2.1306,1.7279,14.984,0
12.747,9.6331,2.1138,1.7266,15.297,0
12.965,9.8057,2.1089,1.7321,15.62,0
13.176,9.9789,2.0863,1.7336,15.942,0
13.392,10.152,2.0579,1.7372,16.257,0
13.604,10.326,2.0198,1.7395,16.59,0
13.807,10.5,1.9848,1.7368,16.919,0
14.009,10.674,1.9027,1.7339,17.249,0
14.208,10.847,1.7329,1.7303,17.584,0
14.382,11.02,1.448,1.7149,17.927,0
14.534,11.192,1.0834,1.6895,18.266,0
14.651,11.361,0.68512,1.648,18.598,0
14.715,11.525,0.31187,1.5846,18.931,0
14.745,11.684,0.061798,1.5076,19.235,0
14.755,11.835,-0.072462,1.4274,19.532,0
14.757,11.977,-0.11789,1.3483,19.808,0
14.754,12.112,-0.11747,1.2725,20.07,0
14.736,12.239,-0.079826,1.195,20.324,0
14.722,12.359,-0.069201,1.1253,20.574,0
14.714,12.471,-0.065147,1.0626,20.813,0
14.717,12.578,-0.052501,1.0087,21.03,0
14.705,12.679,0.010331,0.9512,21.241,0
14.711,12.774,0.11344,0.90566,21.448,0
14.715,12.864,0.22902,0.86194,21.633,0
14.729,12.95,0.34664,0.82498,21.817,0
14.769,13.033,0.54622,0.80289,21.996,0
14.822,13.113,0.51647,0.78786,22.176,0
