8.002,8.002,-2.4339,0,0,30.161
7.7522,8.002,-2.8884,6.7,35.489,141.72
7.4622,8.672,-2.9689,6.7,35.418,152.28
7.1572,9.342,-2.9526,6.7,35.242,159.31
6.8713,10.012,-2.7836,6.7,34.977,160.58
6.5892,10.682,-2.4711,6.7,34.622,157.07
6.3498,11.352,-2.1572,-0.31512,34.169,56.468
6.1303,11.321,-1.9897,-0.33416,33.66,53.063
5.9399,11.287,-1.9676,-0.35222,33.133,53.43
5.7404,11.252,-1.9754,-0.37162,32.6,54.619
5.5392,11.215,-2.1723,-0.39242,32.038,61.029
5.3258,11.175,-2.3232,-0.41505,31.468,66.566
5.1023,11.134,-2.4157,-0.44009,30.865,70.545
4.8696,11.09,-2.5103,-0.46715,30.251,32.03
4.6147,11.043,-2.685,-0.49786,29.61,31.98
4.3437,10.993,-2.7532,-0.532,28.947,32.026
4.0609,10.94,-2.836,-0.56958,28.261,32.065
3.7834,10.883,-2.8805,-0.60909,27.565,32.091
3.4934,10.822,-2.835,-0.65266,26.85,32.131
3.2139,10.757,-2.72,-0.69935,26.099,32.129
2.9383,10.687,-2.5655,-0.74912,25.337,32.095
2.6872,10.612,-2.3329,-0.80083,24.553,32.023
2.4605,10.532,-1.9195,-0.8541,23.759,32.06
2.2768,10.447,-1.4032,-0.90759,22.946,32.336
2.1271,10.356,-0.91896,-0.96166,22.125,43.394
2.0306,10.26,-0.43002,-1.0133,21.305,34.614
1.9953,10.159,-0.028122,-1.0615,20.479,28.141
1.9838,10.052,0.15873,-1.109,19.666,24.917
1.9901,9.9415,0.14939,-1.1563,18.868,23.975
2.0012,9.8258,0.15324,-1.2048,18.086,22.838
2.0144,9.7054,0.15162,-1.2561,17.312,21.72
2.0271,9.5798,0.10993,-1.3096,16.553,20.997
2.0375,9.4488,0.070606,-1.367,15.802,20.204
2.0473,9.3121,-0.0056613,-1.4283,15.058,19.739
2.0539,9.1693,-0.21001,-1.4911,14.341,20.622
2.0276,9.0202,-0.45599,-1.5661,13.628,22.147
1.9851,8.8635,-0.68868,-1.6469,12.938,23.695
1.922,8.6989,-0.91533,-1.7381,12.258,25.33
1.8325,8.5251,-1.0716,-1.8415,11.593,17.808
1.727,8.3409,-1.1702,-1.9588,10.93,16.56
1.6105,8.145,-1.3561,-2.0864,10.282,15.43
1.4681,7.9364,-1.5698,-2.2366,9.6318,14.414
1.3092,7.7127,-1.8015,-2.4099,8.9804,13.515
1.1273,7.4717,-2.0362,-5.2,8.3358,6.3583
0.91842,6.9517,-2.126,-5.2,7.7129,5.909
0.70854,6.4317,-1.7619,-5.2,7.1247,4.5082
0.52824,5.9117,-1.2427,-8.8,6.5683,0
0.39664,5.0317,-0.77232,-8.8,6.0635,0
0.32802,4.1517,-0.30062,-8.8,5.6356,0
0.29648,3.2717,0.11724,-8.8,5.3051,0
0.31148,2.3917,0.10172,-8.8,5.0512,0
0.32662,1.5117,-0.059917,-8.8,4.8926,0
0.32703,0.63173,-0.12219,-8.8,4.8091,0
0.3181,0,-0.18003,-8.8,4.8147,0
0.2999,0,-0.23815,-8.8,4.898,0
0.26858,0,-0.20193,-8.8,4.9726,0
0.25304,0,-0.15368,-0.15368,5.0523,0
0.22782,0,-0.14044,-0.14044,5.0706,0
0.21779,0,-0.12357,-0.12357,5.1003,0
0.21494,0,-0.12571,-0.12571,5.131,0
0.20859,0,-0.14227,-0.14227,5.1612,0
0.19463,0,-0.14626,-0.14626,5.1899,0
0.17444,0,-0.13152,-0.13152,5.2068,0
0.16664,0,-0.11311,-0.11311,5.2206,0
0.15428,0,-0.085938,-0.085938,5.2311,0
0.14668,0,-0.016891,-0.016891,5.2499,0
0.13688,0,0.078727,0.078727,5.2736,0
0.13873,0.0078727,0.16219,0.16219,5.2892,0
0.16336,0.024092,0.23431,0.23431,5.3033,0
0.19243,0.047524,0.29544,0.29544,5.311,0
0.21876,0.077067,0.31607,0.31607,5.3265,0
0.2405,0.10867,0.25909,0.25909,5.3356,0
0.26296,0.13458,0.13905,0.13905,5.3435,0
0.26937,0.14849,0.023481,0.023481,5.3538,0
0.27211,0.15084,-0.10101,-0.10101,5.3562,0
0.26982,0.14074,-0.22216,-0.22216,5.3739,0
0.25666,0.11852,-0.30224,-0.30224,5.3812,0
0.23456,0.088296,-0.32797,-0.32797,5.3887,0
0.20978,0.055499,-0.35175,-0.35175,5.4037,0
0.17737,0.020324,-0.38352,-0.38352,5.4213,0
0.13228,0,-0.40723,-0.40723,5.4413,0
0.08212,0,-0.40472,-0.40472,5.462,0
0.043642,0,-0.40175,-0.40175,5.4662,0
0.0098848,0,-0.41207,-0.41207,5.4713,0
-0.03335,0,-0.42436,-0.42436,5.4763,0.068368
-0.079533,0,-0.41028,-0.41028,5.465,0.16304
-0.11238,0,-0.34633,-0.34633,5.4558,0.23039
-0.14257,0,-0.29977,-0.29977,5.445,0.29228
-0.16298,0,-0.23639,-0.23639,5.4223,0.33412
-0.19329,0,-0.16013,-0.16013,5.4111,0.39625
-0.20744,0,-0.12147,-0.12147,5.3974,0.42525
-0.21028,0,-0.13665,-0.13665,5.386,0.43108
-0.22252,0,-0.13623,-0.13623,5.3642,0.45616
-0.23041,0,-0.10796,-0.10796,5.3329,0.47234
-0.24173,0,-0.051623,-0.051623,5.3106,0.49555
-0.23973,0,0.018185,0.018185,5.2899,0.49144
-0.24363,0.0018185,0.086626,0.086626,5.2729,0.50316
-0.22772,0.010481,0.15395,0.15395,5.2508,0.48831
-0.21552,0.025876,0.18352,0.18352,5.2242,0.49487
-0.19337,0.044228,0.18893,0.18893,5.2039,0.48708
-0.17883,0.063122,0.19257,0.19257,5.179,0.49599
-0.15287,0.082378,0.19377,0.19377,5.1642,0.48226
-0.12654,0.10176,0.20026,0.20026,5.1362,0.468
-0.11328,0.12178,0.20297,0.20297,5.1124,0.48188
-0.092435,0.14208,0.19378,0.19378,5.0955,0.48075
-0.076977,0.16146,0.20618,-8.8,5.0642,0
-0.049578,0,0.22101,0.22101,5.0765,0.10163
-0.018577,0.022101,0.22453,0.22453,5.0694,0.083389
-0.0060629,0.044553,0.2262,0.2262,5.0716,0.10376
0.010675,0.067173,0.24083,0.24083,5.0667,0.11757
0.025285,0.091257,0.20167,0.20167,5.0554,0.13765
0.035468,0.11142,0.16468,-8.8,5.0452,0
0.052417,0,0.17632,0.17632,5.0852,0
0.063825,0.017632,0.19893,0.19893,5.0826,0
0.089099,0.037525,0.20309,0.20309,5.0797,0
0.10774,0.057833,0.21912,0.21912,5.0853,0
0.13679,0.079746,0.24074,0.24074,5.0909,0
0.15449,0.10382,0.31536,0.31536,5.0925,0
0.18189,0.13536,0.55959,0.55959,5.1055,0
0.23179,0.19131,0.95957,0.95957,5.1149,0
0.32714,0.28727,1.4206,-8.8,5.1203,0
0.46873,0,1.8957,1.8957,5.1675,0
0.66822,0.18957,2.2992,2.2992,5.2118,0
0.8921,0.4195,2.5368,2.5368,5.2623,0
1.144,0.67318,2.591,-8.8,5.3025,0
1.3984,0,2.5423,2.5423,5.4094,0
1.6543,0.25423,2.4253,2.4253,5.5502,0
1.9021,0.49675,2.3061,2.3061,5.6961,0
2.1311,0.72736,2.1529,2.1529,5.84,0
2.3545,0.94265,1.9722,4.9,5.9831,8.9509
2.5442,1.4327,1.8246,4.9,6.1135,11.449
2.7332,1.9227,1.6636,2.9699,6.2065,2.2306
2.8921,2.2196,1.4934,1.9569,6.2726,0
3.0514,2.4153,1.3007,1.624,6.3462,0
3.1767,2.5777,1.2303,1.3849,6.4136,0
3.3042,2.7162,1.1779,1.2556,6.4711,0
3.4178,2.8418,1.1124,1.1488,6.5236,0
3.5215,2.9567,0.97656,1.062,6.5761,0
3.6131,3.0629,1.0062,0.98162,6.6232,0
3.7158,3.161,1.0461,0.94673,6.6863,0
3.822,3.2557,1.0347,0.92603,6.7359,0
3.9184,3.3483,1.0011,0.89572,6.7882,0
4.0153,3.4379,1.0711,0.87479,6.8461,0
4.1127,3.5254,1.1529,0.85874,6.8955,0
4.2219,3.6112,1.1559,0.86384,6.9521,0
4.3316,3.6976,1.1711,0.86894,7.0132,0
4.4469,3.7845,1.1538,0.88004,7.0738,0
4.5664,3.8725,0.94904,0.89451,7.1404,0
4.6551,3.962,0.68987,0.86654,7.2004,0
4.7201,4.0486,0.47879,0.81749,7.2778,0
4.7655,4.1304,0.27311,0.7543,7.3485,0
4.7898,4.2058,0.21022,0.67792,7.4096,0
4.8132,4.2736,0.29463,0.61359,7.4604,0
4.8433,4.3349,0.28424,0.56822,7.517,0
4.8683,4.3918,0.27519,0.5241,7.5647,0
4.8926,4.4442,0.3161,0.48626,7.6114,0
4.9242,4.4928,0.33621,0.46219,7.6653,0
4.9489,4.539,0.45751,0.43365,7.704,0
4.9969,4.5824,0.63329,0.43333,7.7374,0
5.0517,4.6257,0.77408,0.44094,7.7877,0
5.1388,4.6698,0.82771,0.4803,7.8346,0
5.2278,4.7178,0.69487,0.5163,7.8831,0
5.2895,4.7695,0.40314,0.52006,7.936,0
5.3389,4.8215,0.066481,0.51078,7.9824,0
5.3435,4.8726,-0.27571,0.45931,8.031,1.2201
5.3141,4.9185,-0.57419,0.38129,8.0651,2.7468
5.2479,4.9566,-0.76708,0.27845,8.1079,3.8798
5.1628,4.9845,-0.87338,0.16939,8.1358,4.4625
5.0665,5.0014,-0.95427,0.061562,8.1506,4.8775
4.9801,5.0076,-1.1377,-0.0076004,8.1489,6.485
4.8668,5.0068,-1.1922,-0.038907,8.1337,7.3601
4.7414,5.0029,-1.2979,-0.072958,8.1109,8.8979
4.6071,4.9956,-1.4056,-0.10872,8.0872,10.622
4.4622,4.9847,-1.4952,-0.14704,8.0489,12.261
4.3064,4.97,-1.4991,-0.1888,7.9802,12.739
4.1651,4.9512,-1.53,-0.22596,7.9105,13.555
4.0037,4.9286,-1.5057,-0.26987,7.8156,13.585
3.8536,4.9016,-1.483,-0.31039,7.7173,13.581
3.7111,4.8705,-1.4733,-0.34899,7.6105,13.717
3.5568,4.8356,-1.4206,-0.39306,7.4795,13.23
3.4096,4.7963,-1.4708,-8.8,7.3501,0
3.2707,3.9163,-1.4542,-0.16658,7.2447,12.218
3.1241,3.8997,-1.4149,-0.2027,7.1682,12.08
2.9839,3.8794,-1.4556,-0.23723,7.0852,7.1067
2.8342,3.8557,-1.596,-0.27477,6.9919,7.3217
2.6714,3.8282,-1.647,-8.8,6.8822,0
2.5002,2.9482,-1.6492,-0.094278,6.8066,5.9097
2.3281,2.9388,-1.7791,-0.12958,6.7585,6.2829
2.1485,2.9258,-1.8267,-0.16698,6.6884,6.5268
1.9634,2.9091,-1.7234,-0.20623,6.6035,6.5135
1.7868,2.8885,-1.7629,-0.24468,6.5002,6.7162
1.6022,2.864,-1.8358,-8.8,6.3915,0
1.4161,1.984,-1.8268,-0.088457,6.3028,5.542
1.2306,1.9752,-1.981,-0.11749,6.2351,6.0846
1.027,1.9634,-2.1795,-0.14977,6.1603,6.7402
0.81285,1.9485,-2.1481,-0.18477,6.066,6.9582
0.60671,1.93,-2.2497,-8.8,5.9422,0
0.375,1.05,-2.2693,-0.059852,5.8468,6.2004
0.14855,1.044,-2.044,-0.080759,5.7654,6.1279
-0.061225,1.0359,-2.0789,-0.10072,5.6749,6.5728
-0.27863,1.0258,-2.1382,-0.12246,5.5628,7.0767
-0.4852,1.0136,-2.0821,-8.8,5.4249,0
-0.695,0.1336,-2.2049,-2.2049,5.3032,1.8656
-0.91002,0,-2.4851,-2.4851,5.2286,2.0325
-1.1557,0,-2.6663,-2.6663,5.1406,2.5362
-1.4261,0,-2.8111,-2.8111,5.0186,3.0904
-1.7058,0,-2.8796,-8.8,4.873,0
-1.9891,0,-3.0095,-8.8,4.7393,0
-2.2851,0,-3.1632,-8.8,4.5645,0
-2.6061,0,-3.1163,-8.8,4.3713,0
-2.9094,0,-3.1028,-8.8,4.1473,0
-3.2257,0,-3.1387,-8.8,3.8931,0
-3.5492,0,-3.0044,-8.8,3.5894,0
-3.8522,0,-2.731,-8.8,3.2721,0
-4.1183,0,-2.5413,-8.8,2.9245,0
-4.3761,0,-2.3647,-8.8,2.5508,0
-4.6054,0,-2.0561,-8.8,2.1398,0
-4.8064,0,-1.73,-8.8,1.7152,0
-4.9715,0,-1.4401,-11.202,1.2659,0
-5.1152,0,-1.0712,-17.055,0.81851,0
-5.2125,0,-0.81368,-35.558,0.391,0
-5.2848,0,-0.75032,-271.99,0.051484,0
-5.366,0,-0.73772,-17.06,0.88204,0
-5.4379,0,-0.81539,-35.017,0.43231,0
-5.5224,0,-0.94137,-223.1,0.068636,0
-5.6107,0,-1.0712,-25.801,0.63649,0
-5.7125,0,-1.196,-81.747,0.20256,0
-5.8251,0,-1.3645,-493.27,0.03449,0
-5.9712,0,-1.5004,-10.851,1.9066,0
-6.1153,0,-1.6539,-15.379,1.3624,0
-6.2813,0,-1.8016,-25.996,0.81536,0
-6.4685,0,-1.7963,-68.332,0.31443,0
-6.6461,0,-1.7194,9.8,1,37.997
-6.8162,0.98,-1.5814,-107.22,0.28769,0
-6.9661,0,-1.4026,-554.37,0.043878,0
-7.1164,0,-1.2121,-13.153,2.1205,0
-7.2418,0,-1.0921,-18.893,1.473,0
-7.345,0,-0.96974,-33.395,0.83189,0
-7.4512,0,-0.82078,-106.95,0.26157,0
-7.5417,0,-0.58362,-699.03,0.040717,0
-7.6049,0,-0.25565,-10.673,2.7758,0
-7.6295,0,0.1047,-14.005,2.0628,0
-7.6095,0,0.45429,-20.561,1.3777,0
-7.5586,0,0.74192,-38.456,0.72878,0
-7.4814,0,0.86087,-163.08,0.1707,0
-7.3922,0,0.90288,-111.52,0.24304,0
-7.3053,0,0.89459,-361.6,0.073613,0
-7.2159,0,0.88214,-21.639,1.156,0
-7.1315,0,0.88754,-45.28,0.5508,0
-7.0381,0,0.89524,-362.76,0.068108,0
-6.9567,0,0.88892,-19.7,1.1753,0
-6.862,0,0.89277,-39.333,0.58529,0
-6.7636,0,0.92397,-218.78,0.10411,0
-6.6634,0,0.94422,-41.118,0.5278,0
-6.5619,0,0.99602,-274.61,0.078117,0
-6.463,0,1.0285,-24.968,0.80336,0
-6.3547,0,1.0007,-70.839,0.28106,0
-6.2604,0,0.94109,-2188.5,0.0089506,0
-6.1748,0,0.9023,0.9023,10.327,12.825
-6.078,0.09023,0.84084,0.84084,9.7134,12.812
-5.9968,0.17431,0.7845,0.7845,9.088,12.818
-5.9271,0.25276,0.7214,0.7214,8.4694,12.836
-5.8613,0.3249,0.65453,0.65453,7.8596,12.849
-5.8013,0.39036,0.60672,0.60672,7.2411,12.86
-5.7491,0.45103,0.62756,0.62756,6.6153,12.877
-5.6923,0.51379,0.60883,0.60883,5.9887,12.889
-5.6266,0.57467,0.55825,0.55825,5.3586,12.88
-5.5743,0.63049,0.39035,-8.8,4.7433,0
-5.5339,0,0.14103,-8.8,4.1716,0
-5.5171,0,-0.15219,-8.8,3.6573,0
-5.5242,0,-0.39854,-8.8,3.1521,0
-5.5567,0,-0.66489,-8.8,2.6445,0
-5.6291,0,-0.86864,-8.8,2.1339,0
-5.7238,0,-1.0428,-11.274,1.601,0
-5.8252,0,-1.2337,-16.984,1.0772,0
-5.948,0,-1.4352,-31.884,0.58096,0
-6.0953,0,-1.5712,-140.74,0.13348,0
-6.2533,0,-1.6549,-93.47,0.21295,0
-6.414,0,-1.6239,-529.25,0.038985,0
-6.5702,0,-1.4558,-12.082,2.0312,0
-6.7146,0,-1.2403,-16.98,1.4323,0
-6.8433,0,-1.0876,-29.024,0.83815,0
-6.9594,0,-0.97876,-83.487,0.2935,0
-7.0658,0,-1.0249,-11863,0.0021044,0
-7.1718,0,-1.1947,7.8,58.6,33.769
-7.2977,0.78,-1.2866,7.8,57.836,35.819
-7.4303,1.56,-1.2179,7.8,56.983,37.546
-7.5508,2.34,-1.0781,7.8,56.031,39.098
-7.6569,3.12,-0.8776,7.8,55.001,40.494
-7.7501,3.9,-0.66511,7.8,53.881,41.837
-7.8229,4.68,-0.53046,7.8,52.674,43.302
-7.8661,5.46,-0.42243,7.8,51.389,44.763
-7.9091,6.24,-0.26048,6.7,50.024,43.798
-7.9375,6.91,-0.050221,6.7,48.576,44.788
-7.9469,7.58,0.18628,6.7,47.058,45.684
-7.924,8.25,0.39111,6.7,45.471,46.58
-7.8819,8.92,0.5629,6.7,43.826,47.507
-7.82,9.59,0.65677,6.7,42.119,48.556
-7.7505,10.26,0.68598,6.7,40.353,49.725
-7.6758,10.93,0.70159,6.7,38.515,50.913
-7.6058,11.6,0.71338,6.7,36.622,52.118
-7.5248,12.27,0.7246,-1.3235,34.679,36.443
-7.4545,12.138,0.73818,-1.4254,32.715,35.785
-7.3769,11.995,0.78703,-1.5396,30.771,34.991
-7.3073,11.841,0.84669,-1.6703,28.838,34.132
-7.2217,11.674,0.90389,-1.8165,26.937,33.187
-7.1412,11.492,0.93547,-1.9838,25.062,32.232
-7.0389,11.294,0.97865,-2.1745,23.207,31.124
-6.9381,11.077,0.96307,-2.3922,21.398,30.047
-6.8409,10.837,0.74556,-2.6454,19.622,29.282
-6.7604,10.573,0.068579,-2.9447,17.877,29.369
-6.7549,10.278,-1.2271,-3.3163,16.158,30.695
-6.8782,9.9468,-2.8133,-3.7916,14.474,32.602
-7.1624,9.5676,-4.2799,-4.4309,12.795,34.146
-7.5876,9.1245,-5.7802,-5.2975,11.124,35.441
-8.1722,8.5948,-6.9577,-6.5302,9.4417,35.438
-8.8618,7.9418,-7.5161,-25.715,7.7577,0
-9.6172,5.3703,-7.5537,-25.771,6.1651,0
-10.37,2.7932,-7.4118,-25.628,4.7557,0
-11.112,0.23039,-6.8515,-25.035,3.5374,0
-11.798,0,-6.0376,-34.028,2.4866,0
-12.407,0,-5.0719,-58.404,1.4432,0
-12.909,0,-4.1682,-183.41,0.46486,0
-13.322,0,-3.2407,-1252.6,0.071025,0
-13.645,0,-2.3732,-21.03,4.9899,0
-13.875,0,-1.579,-27.418,3.7252,0
-14.041,0,-0.91161,-40.885,2.4659,0
-14.137,0,-0.42644,-79.63,1.2617,0
-14.176,0,-0.27075,-396.96,0.25331,0
-14.194,0,-0.25562,-122.15,0.82643,0
-14.215,0,-0.29797,-4244.9,0.023802,0
-14.236,0,-0.36319,-0.36319,19.82,29.352
-14.265,0,-0.41024,-0.41024,18.403,29.41
-14.309,0,-0.39984,-0.39984,16.981,29.501
-14.35,0,-0.32487,-0.32487,15.559,29.584
-14.386,0,-0.14368,-0.14368,14.123,29.659
-14.404,0,0.10938,0.10938,12.692,29.694
-14.386,0.010938,0.41503,0.41503,11.256,29.68
-14.34,0.052441,0.72277,0.72277,9.8223,29.672
-14.262,0.12472,0.95765,0.95765,8.3781,29.659
-14.162,0.22048,1.0878,1.0878,6.9457,29.652
-14.053,0.32927,1.1342,1.1342,5.503,29.652
-13.948,0.44269,1.119,-24.416,4.0553,0
-13.83,0,1.049,-33.761,2.7471,0
-13.718,0,0.95072,-60.36,1.5347,0
-13.624,0,0.81005,-197.56,0.46781,0
-13.549,0,0.6477,-1002.8,0.091475,0
-13.475,0,0.45063,-23.784,3.7462,0
-13.432,0,0.24851,-35.651,2.5128,0
-13.399,0,0.013186,-66.316,1.3534,0
-13.405,0,-0.33534,-256.17,0.35117,0
-13.429,0,-0.64436,-310.24,0.29126,0
-13.503,0,-0.96101,-184.57,0.49649,0
-13.591,0,-1.1782,-1536.6,0.060151,0
-13.703,0,-1.2087,-1.2087,6.3858,28.258
-13.822,0,-1.0427,-1.0427,5.0188,28.503
-13.929,0,-0.86264,-27.546,3.6356,0
-14.006,0,-0.63229,-42.054,2.3679,0
-14.066,0,-0.48341,-85.016,1.1702,0
-14.105,0,-0.51799,-510.4,0.1951,0
-14.165,0,-0.58968,-75.763,1.3345,0
-14.225,0,-0.67421,-355.65,0.28501,0
-14.285,0,-0.71548,-160.92,0.63683,0
-14.355,0,-0.69462,-2.9178e+05,0.00035313,0
-14.433,0,-0.60263,7.8,1457.5,47.411
-14.486,0.78,-0.50038,7.8,1456,48.903
-14.54,1.56,-0.40515,7.8,1454.4,50.414
-14.577,2.34,-0.35065,7.8,1452.8,51.974
-14.615,3.12,-0.33797,7.8,1451,53.623
-14.639,3.9,-0.34468,7.8,1449.2,55.286
-14.681,4.68,-0.34182,7.8,1447.3,56.966
-14.717,5.46,-0.33292,7.8,1445.4,58.619
-14.744,6.24,-0.34285,6.7,1443.3,57.983
-14.787,6.91,-0.36,6.7,1441.2,59.481
-14.829,7.58,-0.35219,6.7,1439,60.924
-14.861,8.25,-0.35968,6.7,1436.7,62.379
-14.901,8.92,-0.31457,6.7,1434.3,63.739
-14.927,9.59,-0.1859,6.7,1431.9,64.897
-14.948,10.26,0.0071646,6.7,1429.5,65.907
-14.941,10.93,0.21023,6.7,1426.9,66.84
-14.921,11.6,0.4185,6.7,1424.3,67.735
-14.87,12.27,0.5714,4.8,1421.6,64.689
-14.821,12.75,0.65179,4.8,1418.9,65.404
-14.749,13.23,0.68593,4.8,1416.1,66.169
-14.679,13.71,0.6748,4.8,1413.3,67.032
-14.615,14.19,0.61258,4.8,1410.4,68.015
-14.548,14.67,0.47665,4.8,1407.5,69.149
-14.497,15.15,0.28525,4.8,1404.6,70.43
-14.478,15.63,0.079327,4.8,1401.6,71.808
-14.47,16.11,-0.13693,4.8,1398.6,73.229
-14.485,16.59,-0.29378,4.8,1395.5,74.574
-14.514,17.07,-0.36,4.8,1392.3,75.756
-14.557,17.55,-0.36946,4.8,1389.2,76.849
-14.599,18.03,-0.38094,4.8,1385.9,77.942
-14.628,18.51,-0.3618,4.8,1382.6,78.946
-14.656,18.99,-0.35176,4.8,1379.3,79.966
-14.699,19.47,-0.3583,4.8,1375.9,81.052
-14.739,19.95,-0.46756,4.8,1372.5,82.347
-14.79,20.43,-0.62088,4.8,1369,83.758
-14.854,20.91,-0.73573,4.8,1365.4,85.115
-14.932,21.39,-0.85155,4.8,1361.8,86.502
-15.012,21.87,-0.93764,4.8,1358.1,87.832
-15.105,22.35,-0.89181,4.8,1354.4,88.909
-15.203,22.83,-0.76971,4.8,1350.6,89.838
-15.289,23.31,-0.67071,4.8,1346.8,90.791
-15.361,23.79,-0.5926,4.8,1342.9,91.757
-15.425,24.27,-0.57005,4.8,1339,92.826
-15.489,24.75,-0.56475,4.8,1335,93.93
-15.544,25.23,-0.59967,4.8,1330.9,95.1
-15.597,25.71,-0.60088,4.8,1326.8,96.196
-15.653,26.19,-0.56385,4.8,1322.7,97.217
-15.71,26.67,-0.50146,4.8,1318.4,98.186
-15.764,27.15,-0.45664,4.8,1314.2,99.186
-15.813,27.63,-0.38602,4.8,1309.9,100.12
-15.845,28.11,-0.37458,4.8,1305.5,101.15
-15.876,28.59,-0.36623,4.8,1301.1,102.18
-15.919,29.07,-0.44592,-2,1296.6,89.129
-15.96,28.87,-0.58678,4.8,1292.1,103.39
-16.021,29.35,-0.72365,-2,1287.6,90.496
-16.09,29.15,-0.84253,-2,1283.1,90.477
-16.169,28.95,-0.95788,4.8,1278.5,104.76
-16.271,29.43,-0.93028,-2,1274,91.605
-16.361,29.23,-0.85449,-2,1269.5,91.221
-16.446,29.03,-0.84486,4.8,1264.9,105.25
-16.538,29.51,-0.83619,-2,1260.3,92.12
-16.617,29.31,-0.79105,-2,1255.7,91.778
-16.701,29.11,-0.74354,-2,1251.1,91.439
-16.774,28.91,-0.67428,4.8,1246.6,105.32
-16.834,29.39,-0.60126,-2,1242,91.986
-16.902,29.19,-0.59497,-2,1237.3,91.703
-16.955,28.99,-0.70873,4.8,1232.8,105.93
-17.028,29.47,-0.80882,-2,1228.1,92.986
-17.118,29.27,-0.79113,-2,1223.5,92.721
-17.2,29.07,-0.6087,-2,1218.9,92.096
-17.261,28.87,-0.3153,4.8,1214.2,105.48
-17.296,29.35,0.016844,-2,1209.6,91.553
-17.29,29.15,0.26948,-2,1204.9,90.6
-17.259,28.95,0.41382,4.8,1200.3,104.11
-17.222,29.43,0.36736,-2,1195.7,90.828
