1.1111,1.1111,-0.79635,0,0,2.0917
1.0287,1.1111,-0.88477,7.8,35.506,68.644
0.94183,1.8911,-0.85656,7.8,35.453,74.162
0.85191,2.6711,-0.8774,7.8,35.309,79.231
0.77399,3.4511,-0.89907,7.8,35.085,84.292
0.68684,4.2311,-0.88164,7.8,34.777,89.85
0.60603,5.0111,-0.87753,7.8,34.379,95.29
0.52231,5.7911,-0.86332,7.8,33.893,100.91
0.43063,6.5711,-0.8118,6.7,33.333,94.095
0.35786,7.2411,-0.74899,6.7,32.685,99.569
0.2752,7.9111,-0.72821,6.7,31.96,104.59
0.2024,8.5811,-0.74,-0.4545,31.15,32.41
0.13565,8.5357,-0.78339,-0.47399,30.309,32.02
0.063253,8.4883,-0.82553,-0.49508,29.465,31.636
-0.019583,8.4388,-0.84965,-0.51832,28.616,31.706
-0.10194,8.3869,-0.85234,-0.54292,27.771,31.723
-0.17736,8.3326,-0.8443,-0.56911,26.916,31.694
-0.26881,8.2757,-0.78065,-0.59788,26.07,31.571
-0.34565,8.2159,-0.65676,-0.62763,25.225,31.283
-0.4045,8.1532,-0.5442,-0.65884,24.364,30.973
-0.45456,8.0873,-0.41261,-0.69176,23.503,30.595
-0.49483,8.0181,-0.19857,-0.72577,22.655,30.014
-0.5093,7.9455,0.003706,-0.75978,21.813,29.399
-0.50934,7.8696,0.10587,-0.79565,20.964,28.953
-0.49533,7.79,0.22888,-0.83168,20.136,28.427
-0.4649,7.7068,0.37647,-0.86877,19.311,27.806
-0.43309,7.6199,0.37152,-0.90723,18.506,27.492
-0.39332,7.5292,0.27264,-0.94746,17.709,27.348
-0.37456,7.4345,0.23578,-0.99331,16.918,27.096
-0.36034,7.3351,0.23178,-1.0433,16.134,26.767
-0.3468,7.2308,0.16054,-1.0965,15.365,26.563
-0.32825,7.1212,0.16884,-1.1527,14.606,26.165
-0.30248,7.0059,0.27163,-1.2113,13.862,25.537
-0.27619,6.8848,0.38459,-1.2717,13.143,24.87
-0.23335,6.7576,0.38736,-1.3341,12.429,24.385
-0.18891,6.6242,0.39361,-1.4,11.73,23.869
-0.15867,6.4842,0.42671,-1.4686,11.066,23.306
-0.12393,6.3373,0.47864,-1.5432,10.403,22.668
-0.085122,6.183,0.56581,-1.6177,9.7666,21.932
-0.031703,6.0212,0.74289,-1.6879,9.1585,20.971
0.04,5.8524,0.95526,-1.7559,8.564,6.2467
0.12604,5.6768,1.1113,-1.8134,8.0059,5.3198
0.24436,5.4955,1.142,-8.8,7.4709,0
0.36153,4.6155,1.0158,-8.8,7.0025,0
0.46068,3.7355,0.80394,-8.8,6.6225,0
0.548,2.8555,0.59015,-8.8,6.3507,0
0.60801,1.9755,0.42114,-0.21986,6.1655,1.458
0.65792,1.9535,0.31748,-0.2133,6.0331,1.5633
0.69142,1.9322,0.2784,-8.8,5.9112,0
0.72868,1.0522,0.28286,-0.028854,5.8342,0.063718
0.74705,1.0493,0.28156,-0.02712,5.8026,0.032046
0.76763,1.0466,0.26664,-0.025147,5.7764,0.015917
0.79713,1.0441,0.248,-0.022376,5.7494,0
0.81869,1.0418,0.28038,-0.020361,5.7171,0
0.84368,1.0398,0.33167,-0.018009,5.6878,0
0.88659,1.038,0.34197,-0.013948,5.6703,0
0.92322,1.0366,0.33669,-0.010467,5.6583,0
0.95373,1.0356,0.32568,-0.0075571,5.6528,0
0.9899,1.0348,0.29837,-0.0041573,5.6415,0
1.0227,1.0344,0.27392,-0.001082,5.6445,0
1.0567,1.0343,0.26054,0.21296,5.6408,0
1.0762,1.0556,0.26121,0.18915,5.6449,0
1.1096,1.0745,0.28548,0.31264,5.6439,0
1.1369,1.1058,0.30099,0.26503,5.6566,0
1.1585,1.1323,0.3407,0.21424,5.6587,0
1.2002,1.1537,0.44925,0.3683,5.6544,0
1.2459,1.1905,0.49083,0.41584,5.6507,0
1.2867,1.2321,0.46109,0.38671,5.6493,0
1.334,1.2708,0.44686,0.42661,5.6614,0
1.3781,1.3134,0.42456,0.41322,5.6722,0
1.4153,1.3547,0.35833,-8.8,5.6774,0
1.45,0.47475,0.37968,0.37968,5.7238,0
1.4901,0.51271,0.47283,0.47283,5.8116,0
1.5426,0.56,0.50504,0.50504,5.9024,0
1.6017,0.6105,0.43097,0.43097,5.9914,0
1.6509,0.6536,0.36654,0.36654,6.0873,0
1.6922,0.69025,0.33758,0.33758,6.1947,0
1.7244,0.72401,0.35657,0.35657,6.2856,0
1.7507,0.75967,0.37272,0.37272,6.3913,0
1.7963,0.79694,0.37058,0.37058,6.4956,0
1.829,0.834,0.31426,0.31426,6.5923,0
1.8641,0.86542,0.24403,0.24403,6.6883,0
1.8787,0.88983,0.12892,4.9,6.7903,31.69
1.8882,1.3798,0.023334,3.5501,6.8746,22.277
1.8912,1.7348,0.0013122,0.74856,6.9111,2.242
1.8968,1.8097,0.013656,0.38937,6.9286,0.8709
1.8895,1.8486,-0.00073207,0.17686,6.9446,0.34988
1.893,1.8663,-0.078648,0.11368,6.9569,0.42975
1.8948,1.8777,-0.14656,0.07213,6.9628,0.53714
1.8824,1.8849,-0.18389,-0.00031297,6.9656,0.47955
1.8654,1.8849,-0.20293,-0.002433,6.9639,0.57592
1.8428,1.8846,-0.27249,-0.0052381,6.9572,0.86483
1.8129,1.8841,-0.33101,-0.0089345,6.9487,1.1601
1.7846,1.8832,-0.26824,-0.012358,6.9482,0.98137
1.7498,1.882,-0.19385,-0.016605,6.9367,0.79392
1.7261,1.8803,-0.17899,-0.019435,6.9194,0.7928
1.7161,1.8784,-0.1177,-0.020542,6.8946,0.61559
1.6949,1.8763,-0.013971,-0.023042,6.8768,0.36857
1.6839,1.874,-0.054777,-0.024227,6.8562,0.49188
1.683,1.8716,-0.14361,-0.024137,6.8335,0.75132
1.6617,1.8692,-0.11512,-0.026676,6.8092,0.70211
1.6433,1.8665,-0.082947,-0.028849,6.7807,0.63791
1.6374,1.8636,-0.1376,-0.029312,6.7632,0.81228
1.6293,1.8607,-0.20288,-0.030139,6.7346,1.046
1.6068,1.8577,-0.13731,-0.032765,6.7173,0.86415
1.6003,1.8544,-0.1049,-0.033335,6.691,0.7673
1.582,1.8511,-0.19889,-0.035388,6.6727,1.1166
1.5577,1.8475,-0.22207,-0.038279,6.6483,1.2508
1.5444,1.8437,-0.10289,-0.039649,6.6265,0.85604
1.5305,1.8397,-0.066529,-0.041197,6.5954,0.76448
1.5234,1.8356,-0.12286,-0.041752,6.5704,0.9473
1.5177,1.8314,-0.12845,-0.042148,6.5418,0.96836
1.4984,1.8272,-0.054129,-0.044347,6.5164,0.76636
1.4863,1.8228,-0.051432,-0.04563,6.4845,0.77343
1.483,1.8182,-0.10825,-0.045741,6.45,0.94627
1.4722,1.8137,-0.092805,-0.046762,6.4246,0.90929
1.4545,1.809,-0.020634,-0.048789,6.3945,0.71902
1.4467,1.8041,-0.044363,-0.049606,6.3509,0.79224
1.4448,1.7991,-0.12609,-0.049411,6.3221,1.0435
1.4334,1.7942,-0.16199,-0.050512,6.2955,1.1821
1.4119,1.7891,-0.10581,-0.053062,6.2661,1.024
1.3942,1.7838,-0.027943,-0.055073,6.2355,0.80707
1.387,1.7783,0.076471,-0.055581,6.204,0.53303
1.3937,1.7728,0.22624,-0.054299,6.1602,0.20928
1.4172,1.7673,0.34215,-0.050364,6.1318,0.0073244
1.4484,1.7623,0.38544,-0.045308,6.1081,0
1.4797,1.7578,0.41754,-0.040398,6.0737,0
1.5158,1.7537,0.42522,-0.034641,6.0564,0
1.5626,1.7503,0.41447,-0.027489,6.0274,0
1.6102,1.7475,0.44379,-0.020184,6.0074,0
1.6565,1.7455,0.46362,-0.01309,6.0008,0
1.6945,1.7442,0.52342,-0.0073119,5.999,0
1.752,1.7435,0.73978,0.035661,6.0024,0
1.8335,1.747,0.98699,0.36097,6.0046,0
1.936,1.7831,1.1574,0.61889,6.0262,0
2.0523,1.845,1.3329,0.79552,6.0532,0
2.1858,1.9246,1.4591,0.93728,6.0744,0
2.3327,2.0183,1.4413,1.0463,6.103,0
2.4804,2.1229,1.3401,1.0986,6.1356,0
2.605,2.2328,1.2863,1.0563,6.1676,0
2.7263,2.3384,1.1464,1.0233,6.1962,0
2.8329,2.4408,1.0307,0.96884,6.2365,0
2.9303,2.5376,0.90415,0.91334,6.2706,0
3.0172,2.629,0.82271,-8.8,6.311,0
3.0908,1.749,0.74725,4.9,6.3994,21.22
3.159,2.239,0.7421,2.7277,6.5112,5.992
3.224,2.5117,0.76694,1.7603,6.5839,1.3636
3.2943,2.6878,0.81413,1.3516,6.6552,0
3.3851,2.8229,0.82755,1.1631,6.7133,0
3.4593,2.9392,0.77784,1.0128,6.7663,0
3.5346,3.0405,0.7112,0.91571,6.8193,0
3.6072,3.1321,0.62412,0.84336,6.8693,0
3.6782,3.2164,0.53235,0.78879,6.9145,0
3.7389,3.2953,0.48087,0.73218,6.9629,0
3.7955,3.3685,0.55314,0.68238,6.997,0
3.8498,3.4368,0.62692,0.64104,7.0308,0
3.9157,3.5009,0.63472,0.6276,7.0733,0
3.9828,3.5636,0.63961,0.61853,7.1102,0
4.0558,3.6255,0.61571,0.62016,7.1523,0
4.1188,3.6875,0.54419,0.60754,7.1964,0
4.1676,3.7482,0.47847,0.5775,7.2343,0
4.2179,3.806,0.484,0.55565,7.2732,0
4.2637,3.8616,0.4555,0.53264,7.3216,0
4.3123,3.9148,0.4004,0.51749,7.3693,0
4.3597,3.9666,0.34937,0.50347,7.4147,0
4.4023,4.0169,0.33101,0.48603,7.462,0
4.4295,4.0655,0.20222,0.45189,7.499,0
4.4566,4.1107,0.24726,0.42332,7.5342,0
4.4763,4.153,0.58658,0.39039,7.5661,0
4.5395,4.1921,0.94089,0.41511,7.6079,0
4.6337,4.2336,1.2831,0.47216,7.6433,0
4.7639,4.2808,1.7192,0.56242,7.685,0.18234
4.9314,4.3371,1.9808,0.68158,7.7438,0.55489
5.1273,4.4052,2.0419,0.81327,7.813,0.31775
5.3336,4.4865,2.0405,0.93458,7.9012,0
5.5371,4.58,1.9446,1.0305,7.9908,0
5.7346,4.683,1.8403,1.1042,8.1005,0
5.9095,4.7935,2.0174,1.1414,8.2149,0
6.1178,4.9076,2.2131,1.206,8.3392,0
6.3428,5.0282,2.2725,1.2752,8.4678,0
6.5625,5.1557,2.2756,1.3283,8.61,0
6.7857,5.2886,2.3079,1.374,8.7473,0
7.0219,5.426,2.1834,1.4243,8.8947,0
7.2332,5.5684,1.8722,1.4463,9.0593,0
7.4266,5.713,1.7493,1.4491,9.223,0
7.6063,5.8579,1.9737,1.4429,9.4057,0
7.8019,6.0022,2.06,1.4499,9.5821,0
8.0116,6.1472,1.951,1.4667,9.7567,0
8.2107,6.2939,1.9847,1.4751,9.9486,0
8.4125,6.4414,2.067,1.4842,10.139,0
8.6122,6.5898,2.1033,1.4924,10.345,0
8.823,6.7391,2.2155,1.5082,10.556,0
9.0378,6.8899,2.3853,1.525,10.769,0
9.2679,7.0424,2.6262,1.5507,10.987,0.83989
9.5387,7.1975,2.9167,1.6027,11.219,2.0396
9.8345,7.3577,3.0207,1.6648,11.455,2.4292
10.131,7.5242,2.9261,1.7205,11.705,1.8943
10.419,7.6963,2.6788,1.7658,11.974,0.72369
10.693,7.8728,2.5096,1.7989,12.261,0.0012514
10.941,8.0527,2.3062,1.8099,12.541,0
11.175,8.2337,2.1672,1.8121,12.828,0
11.397,8.4149,2.3231,1.8087,13.132,0
11.632,8.5958,2.3669,1.8133,13.428,0
11.878,8.7771,1.9888,1.8254,13.743,0
12.078,8.9597,1.3487,1.8102,14.057,0
12.205,9.1407,0.60648,1.7534,14.36,0
12.269,9.316,-0.19373,1.6662,14.654,0
12.257,9.4826,-0.69845,1.5457,14.933,1.1891
12.18,9.6372,-0.94868,1.4009,15.203,3.2612
12.077,9.7773,-1.1283,1.2536,15.436,5.0505
11.971,9.9027,-1.2655,1.118,15.654,6.6202
11.837,10.014,-1.3919,0.97769,15.856,8.2528
11.696,10.112,-1.4808,0.84366,16.02,9.5246
11.547,10.197,-1.6482,0.71541,16.176,12.117
11.378,10.268,-1.719,0.58546,16.306,13.384
11.202,10.327,-1.6513,0.4597,16.409,12.392
11.045,10.373,-1.5468,0.35221,16.48,10.918
10.889,10.408,-1.5099,0.25155,16.542,10.51
10.739,10.433,-1.4629,0.15958,16.584,9.9805
10.596,10.449,-1.3638,0.076817,16.613,8.8163
10.453,10.457,-1.3715,-0.00075312,16.612,9.0314
10.323,10.457,-1.4558,-0.025223,16.614,10.626
10.177,10.454,-1.4931,-0.052576,16.597,11.721
10.022,10.449,-1.3419,-0.081297,16.562,10.284
9.8776,10.441,-1.1344,-0.10767,16.505,8.3478
9.7688,10.43,-1.0392,-0.12713,16.437,7.6906
9.6674,10.417,-0.99435,-0.14516,16.357,7.5384
9.5744,10.403,-0.86343,-0.16138,16.28,6.5669
9.4926,10.387,-0.73273,-0.17534,16.196,5.6663
9.4105,10.369,-0.70465,-0.18962,16.096,5.6291
9.3458,10.35,-0.5552,-0.20029,15.997,4.6591
9.2958,10.33,-0.39407,-0.20795,15.898,3.7155
9.2613,10.309,-0.22424,-0.21255,15.794,2.844
9.2426,10.288,-0.1295,-0.21404,15.682,2.4031
9.226,10.267,-0.11282,-0.21493,15.578,2.3156
9.2213,10.245,-0.11608,-0.21352,15.466,2.2848
9.2062,10.224,-0.000619,-0.21399,15.367,1.828
9.215,10.202,0.018772,-0.20954,15.261,1.6965
9.2175,10.181,0.0011797,-0.20626,15.165,1.7048
9.211,10.161,0.039896,-0.20491,15.069,1.5459
9.2147,10.14,0.018872,-0.20121,14.981,1.5627
9.2265,10.12,-0.030975,-0.19579,14.891,1.6628
9.2202,10.101,-0.01654,-0.19438,14.803,1.5834
9.2193,10.081,-0.049295,-0.1919,14.708,1.654
9.2207,10.062,-0.056571,-0.18868,14.625,1.6349
9.2122,10.043,0.0091121,-0.1879,14.534,1.3936
9.2101,10.024,-0.032453,-0.18567,14.443,1.4913
9.2133,10.006,-0.19398,-0.18198,14.365,2.0453
9.1986,9.9875,-0.23701,-0.18243,14.287,2.2165
9.1754,9.9693,-0.22286,-0.18481,14.213,2.1604
9.1558,9.9508,-0.26604,-0.18631,14.138,2.3484
9.1284,9.9322,-0.19084,-0.18957,14.066,2.0356
9.1181,9.9132,-0.035926,-0.18873,13.994,1.4431
9.1086,9.8943,0.0093517,-0.18799,13.91,1.2795
9.1022,9.8755,0.012961,-0.18651,13.825,1.2424
9.1081,9.8569,0.039021,-0.18177,13.754,1.1213
9.1202,9.8387,0.026742,-0.17556,13.683,1.1008
9.1223,9.8211,0.052956,-0.17174,13.619,0.99297
9.1278,9.804,0.1147,-0.16704,13.56,0.79958
9.1377,9.7873,0.13054,-0.16164,13.486,0.71911
9.1565,9.7711,0.11192,-0.15386,13.422,0.70413
9.1678,9.7557,0.12208,-0.14814,13.356,0.63811
9.1844,9.7409,0.1584,-0.14109,13.293,0.51337
9.208,9.7268,0.21061,-0.1323,13.233,0.36212
9.2261,9.7136,0.25951,-0.12489,13.185,0.24237
9.2566,9.7011,0.37193,-0.11426,13.147,0.058192
9.2916,9.6896,0.41346,-0.10261,13.114,0
9.3312,9.6794,0.26974,-0.090176,13.068,0.043158
9.3544,9.6704,0.13291,-0.082029,13.041,0.20505
9.3687,9.6622,0.16138,-0.076321,13.019,0.1237
9.3829,9.6545,0.17967,-0.07079,12.998,0.06419
9.3953,9.6475,0.19108,-0.065938,12.964,0.020174
9.4076,9.6409,0.25975,-0.061171,12.935,0
9.4318,9.6347,0.38613,-0.053283,12.921,0
9.4776,9.6294,0.38029,-0.039903,12.909,0
9.5145,9.6254,0.34504,-0.029216,12.886,0
9.5489,9.6225,0.39274,-0.019398,12.885,0
9.5866,9.6206,0.51107,-0.0089503,12.871,0
9.643,9.6197,0.52903,0.011118,12.872,0
9.6996,9.6208,0.47043,0.03753,12.869,0
9.7417,9.6245,0.45243,0.055859,12.887,0
9.7968,9.6301,0.43383,0.079488,12.908,0
9.8325,9.6381,0.38985,0.092785,12.936,0
9.8741,9.6473,0.39275,0.10824,12.967,0
9.9082,9.6582,0.42279,0.11931,12.987,0
9.9521,9.6701,0.38209,0.13451,13.011,0
9.9814,9.6836,0.33029,0.1421,13.046,0
10.012,9.6978,0.32167,0.14961,13.072,0
10.038,9.7127,0.28183,0.15473,13.097,0
10.061,9.7282,0.26732,0.15827,13.126,0
10.089,9.744,0.25391,0.16393,13.151,0
10.123,9.7604,0.18157,0.17222,13.179,0
10.135,9.7776,0.14531,0.16979,13.211,0
10.151,9.7946,0.078333,0.16896,13.241,0
10.149,9.8115,-0.036255,0.16013,13.285,0
10.148,9.8275,-0.060066,0.15191,13.325,0
10.151,9.8427,-0.062678,0.14585,13.347,0
10.152,9.8573,-0.11791,0.13935,13.376,0
10.136,9.8712,-0.13229,0.12535,13.4,0.040703
10.122,9.8838,-0.093709,0.11273,13.429,0
10.114,9.895,-0.075066,0.10362,13.448,0
10.114,9.9054,-0.028815,0.098528,13.473,0
10.116,9.9153,0.018621,0.094968,13.503,0
10.112,9.9248,-0.048765,0.088634,13.518,0
10.11,9.9336,-0.13249,0.083286,13.535,0.1353
10.092,9.942,-0.10084,0.07067,13.56,0.078627
10.086,9.949,-0.028915,0.064712,13.578,0
10.089,9.9555,-0.086194,0.063073,13.588,0.057933
10.081,9.9618,-0.04069,0.056453,13.591,0
10.074,9.9674,0.085785,0.050078,13.593,0
10.083,9.9725,0.076664,0.052029,13.601,0
10.093,9.9777,-0.033083,0.054155,13.604,0
10.089,9.9831,-0.050887,0.04999,13.607,0.00035467
10.075,9.9881,-0.13904,0.040866,13.615,0.24875
10.071,9.9922,-0.30436,0.036922,13.615,0.79965
10.038,9.9958,-0.46178,0.019659,13.614,1.5056
9.9947,9.9978,-0.7143,-0.0007697,13.609,2.966
9.9299,9.9977,-0.89786,-0.017026,13.602,4.4519
9.838,9.996,-1.0689,-0.039771,13.581,6.1978
9.7323,9.9921,-1.2973,-0.065542,13.555,8.9486
9.6067,9.9855,-1.3948,-0.095838,13.528,10.549
9.4675,9.9759,-1.4417,-0.12909,13.491,11.608
9.3298,9.963,-1.6424,-0.16185,13.424,15.044
9.1574,9.9468,-1.794,-0.20311,13.357,18.241
8.9734,9.9265,-1.8198,-0.24736,13.269,19.315
8.7978,9.9018,-1.7026,-0.2894,13.167,17.694
8.6359,9.8728,-1.2564,-0.32763,13.059,11.445
8.5158,9.8401,-0.67906,-0.35527,12.931,5.8913
8.4516,9.8045,-0.23413,-0.36766,12.8,3.1751
8.4306,9.7678,0.20283,-0.36845,12.662,1.5559
8.4534,9.7309,0.39617,-0.35711,12.521,1.0741
8.4939,9.6952,0.2304,-0.3403,12.391,1.264
8.518,9.6612,0.020611,-0.32777,12.272,1.7163
8.52,9.6284,0.042744,-0.32184,12.151,1.5803
8.5309,9.5962,0.037266,-0.31272,12.045,1.5175
8.5293,9.565,0.0099998,-0.307,11.948,1.5424
8.5317,9.5343,0.089715,-0.30061,11.841,1.2583
8.5319,9.5042,0.18497,-0.29447,11.745,0.98583
8.5529,9.4748,0.20126,-0.28233,11.642,0.87635
8.5642,9.4465,0.20804,-0.27277,11.553,0.80442
8.5906,9.4192,0.19782,-0.25861,11.465,0.74608
8.6029,9.3934,0.20974,-0.24854,11.393,0.67003
8.6213,9.3685,0.26357,-0.23678,11.32,0.52383
8.6512,9.3449,0.37975,-0.22141,11.252,0.31865
8.6965,9.3227,0.51776,-0.20163,11.176,0.16151
8.7479,9.3025,0.64891,-0.17977,11.115,0.091672
8.8062,9.2846,0.75251,-0.15569,11.073,0.076863
8.89,9.269,0.82583,-0.12402,11.024,0.062178
8.9764,9.2566,0.86192,-0.091922,10.999,0.028711
9.0621,9.2474,0.86349,-0.060932,10.974,0
9.1415,9.2413,0.86876,-0.032828,10.968,0
9.2193,9.238,0.90074,-0.0061598,10.972,0
9.3109,9.2374,0.89892,0.032471,10.966,0
9.4105,9.2407,0.8597,0.075182,10.986,0
9.4961,9.2482,0.85252,0.10975,11.004,0
9.5789,9.2592,0.86631,0.14163,11.035,0
9.6642,9.2733,0.82415,0.17333,11.081,0
9.7492,9.2907,0.7898,0.20343,11.127,0
9.8269,9.311,0.79061,0.22906,11.182,0
9.8995,9.3339,0.8139,0.25111,11.232,0
9.9805,9.359,0.8177,0.2759,11.288,0
10.064,9.3866,0.83387,0.30072,11.359,0
10.148,9.4167,0.86101,0.32514,11.433,0
10.232,9.4492,0.86634,0.3476,11.502,0
10.312,9.4839,0.77685,0.36798,11.583,0
10.38,9.5207,0.69539,0.38206,11.676,0
10.459,9.559,0.68259,0.40025,11.77,0
10.519,9.599,0.68159,0.40883,11.851,0
10.596,9.6399,0.62895,0.42511,11.954,0
10.662,9.6824,0.60455,0.43507,12.042,0
10.716,9.7259,0.61738,0.43945,12.132,0
10.769,9.7698,0.58215,0.44352,12.228,0
10.836,9.8142,0.5268,0.45285,12.321,0
10.886,9.8595,0.53481,0.45467,12.418,0
10.939,9.9049,0.58288,0.45805,12.53,0
11,9.9507,0.59443,0.46486,12.634,0
11.064,9.9972,0.57555,0.47219,12.731,0
11.117,10.044,0.48934,0.47447,12.833,0
11.175,10.092,0.47247,0.47903,12.945,0
11.229,10.14,0.52779,0.4811,13.045,0
11.287,10.188,0.47276,0.48558,13.159,0
11.342,10.236,0.4036,0.48843,13.277,0
11.374,10.285,0.45844,0.48046,13.38,0
11.413,10.333,0.47719,0.47592,13.48,0
11.461,10.381,0.38497,0.47536,13.581,0
11.507,10.428,0.37053,0.47487,13.695,0
11.541,10.476,0.39393,0.46803,13.794,0
11.589,10.523,0.36654,0.46837,13.894,0
11.619,10.57,0.32813,0.46063,13.999,0
11.646,10.616,0.33634,0.45138,14.094,0
11.682,10.661,0.29148,0.44727,14.194,0
11.714,10.706,0.27109,0.4413,14.291,0
11.746,10.75,0.34242,0.43553,14.388,0
11.771,10.793,0.35524,0.42725,14.496,0
11.809,10.836,0.30975,0.42492,14.589,0
11.846,10.878,0.38085,0.42247,14.687,0
11.889,10.921,0.43618,0.42247,14.78,0
11.941,10.963,0.42392,0.42616,14.869,0
11.98,11.006,0.42201,0.42443,14.973,0
12.017,11.048,0.39319,0.42164,15.063,0
12.066,11.09,0.39516,0.42454,15.17,0
12.103,11.133,0.42669,0.42212,15.272,0
12.142,11.175,0.4008,0.41999,15.363,0
12.185,11.217,0.38306,0.42024,15.456,0
12.226,11.259,0.41354,0.41982,15.562,0
12.26,11.301,0.37913,0.41585,15.651,0
12.306,11.342,0.31815,0.41717,15.737,0
12.34,11.384,0.25367,0.41328,15.83,0
12.368,11.425,0.2218,0.40715,15.919,0
12.397,11.466,0.22444,0.40155,16.007,0
12.411,11.506,0.2051,0.38991,16.095,0
12.425,11.545,0.18815,0.37918,16.189,0
12.435,11.583,0.1661,0.36678,16.276,0
12.443,11.62,0.16184,0.35414,16.352,0
12.461,11.655,0.1807,0.34636,16.426,0
12.472,11.69,0.16307,0.33568,16.497,0
12.481,11.724,0.15656,0.32466,16.57,0
12.499,11.756,0.14937,0.31874,16.649,0
12.511,11.788,0.14205,0.30965,16.721,0
12.532,11.819,0.10912,0.30549,16.801,0
12.537,11.849,0.1258,0.29428,16.872,0
12.546,11.879,0.14398,0.28557,16.946,0
12.555,11.907,0.187,0.27726,17.016,0
12.579,11.935,0.1698,0.27518,17.075,0
12.595,11.963,0.12327,0.26998,17.13,0
12.606,11.99,0.12456,0.26318,17.189,0
12.619,12.016,0.12044,0.25706,17.243,0
12.638,12.042,0.089673,0.25411,17.302,0
12.648,12.067,0.11648,0.24757,17.354,0
12.67,12.092,0.16912,0.24612,17.411,0
12.68,12.116,0.18117,0.23986,17.466,0
12.702,12.14,0.17442,0.23849,17.515,0
12.726,12.164,0.17596,0.23841,17.563,0
12.743,12.188,0.13556,0.23568,17.616,0
12.754,12.212,0.085519,0.23,17.665,0
12.77,12.235,0.081185,0.22688,17.722,0
12.77,12.257,-0.026941,0.21722,17.773,0
12.765,12.279,0.19977,0.20568,17.816,0
