6.1111,6.1111,-2.2017,0,0,23.875
5.8931,6.1111,-2.2491,6.7,35.494,119.28
5.6708,6.7811,-2.1774,6.7,35.423,123.97
5.4502,7.4511,-2.1608,6.7,35.273,130.41
5.2336,8.1211,-2.0973,6.7,35.022,135.33
5.0278,8.7911,-2.0718,6.7,34.699,141.36
4.8166,9.4611,-2.0319,6.7,34.287,146.99
4.6045,10.131,-1.9679,-0.31391,33.771,55.312
4.4058,10.1,-1.9178,-0.33153,33.2,55.028
4.2233,10.067,-1.8895,-0.349,32.621,55.188
4.0314,10.032,-1.8455,-0.36786,32.036,54.994
3.8375,9.9949,-1.8191,-0.38787,31.438,55.239
3.6605,9.9561,-1.8014,-0.40798,30.824,30.411
3.4734,9.9153,-1.7677,-0.43032,30.181,30.472
3.2928,9.8723,-1.7506,-0.45361,29.525,30.479
3.1176,9.8269,-1.7339,-0.47807,28.854,30.454
2.9446,9.7791,-1.7212,-0.50386,28.174,30.398
2.7656,9.7287,-1.7186,-0.53181,27.484,30.313
2.598,9.6755,-1.7302,-0.56107,26.774,30.166
2.4295,9.6194,-1.7264,-0.59223,26.06,30.015
2.2539,9.5602,-1.7154,-0.62659,25.328,29.849
2.0815,9.4975,-1.6995,-0.66285,24.595,29.654
1.9163,9.4313,-1.6531,-0.70167,23.843,29.439
1.7508,9.3611,-1.6164,-0.74317,23.091,29.178
1.5842,9.2868,-1.6006,-0.78847,22.324,28.852
1.4234,9.2079,-1.5744,-0.83729,21.544,28.48
1.2668,9.1242,-1.5162,-0.88878,20.772,28.086
1.1148,9.0353,-1.4588,-0.94521,19.98,27.622
0.97468,8.9408,-1.3803,-1.005,19.185,27.099
0.8417,8.8403,-1.2748,-1.0689,18.391,26.527
0.72246,8.7334,-1.1539,-1.136,17.6,25.886
0.61484,8.6198,-1.058,-1.2096,16.791,25.123
0.51713,8.4988,-0.96413,-1.2883,15.985,24.265
0.41409,8.37,-0.88427,-1.3754,15.181,23.31
0.32642,8.2325,-0.79994,-1.4657,14.395,22.267
0.24383,8.0859,-0.71956,-1.5632,13.614,21.122
0.17752,7.9296,-0.6308,-1.6672,12.837,19.865
0.12288,7.7629,-0.5291,-1.776,12.076,18.518
0.067908,7.5853,-0.40714,-1.895,11.325,17.067
0.031031,7.3958,-0.30042,-2.0222,10.576,15.482
0.0006954,7.1935,-0.21587,-2.1554,9.8504,13.823
-0.019592,6.978,-0.14803,-2.2965,9.1386,12.984
-0.041275,6.7484,-0.098928,-2.444,8.4536,12.144
-0.056397,6.504,-0.055331,-5.2,7.7919,5.7916
-0.059384,5.984,-0.012562,-8.8,7.1546,0
-0.059333,5.104,0.023965,-8.8,6.5934,0
-0.048419,4.224,0.056631,-8.8,6.1115,0
-0.04318,3.344,0.075973,-8.8,5.7343,0
-0.029861,2.464,0.081965,-8.8,5.4378,0
-0.012183,1.584,0.0765,-8.8,5.2262,0
-0.006684,0.70396,0.074937,-8.8,5.1096,0
0.0035505,0,0.068406,0.068406,5.076,0
0.012719,0.0068406,0.066581,0.066581,5.0817,0
0.015434,0.013499,0.060856,0.060856,5.0811,0
0.017776,0.019584,0.057457,0.057457,5.0839,0.0037094
0.027046,0.02533,0.04805,0.04805,5.0805,0
0.027028,0.030135,0.042065,0.042065,5.0903,0.0063755
0.032834,0.034342,0.039449,0.039449,5.0922,0.003091
0.036182,0.038287,0.038108,0.038108,5.0861,0.0043174
0.032162,0.042097,0.032339,0.032339,5.0772,0.020425
0.03978,0.045331,0.032625,0.032625,5.0803,0.011399
0.047828,0.048594,0.036511,0.036511,5.0826,0.001571
0.049416,0.052245,0.036132,0.036132,5.0745,0.0058048
0.050803,0.055858,0.035063,0.035063,5.084,0.010377
0.04815,0.059364,0.03927,0.03927,5.0932,0.023063
0.048109,0.063291,0.037418,0.037418,5.0944,0.031261
0.05821,0.067033,0.030898,0.030898,5.1005,0.018134
0.06384,0.070123,0.016652,0.016652,5.0982,0.012904
0.069617,0.071788,0.015928,0.015928,5.0926,0.0044546
0.061771,0.073381,0.014334,0.014334,5.0889,0.023882
0.065007,0.074815,0.015763,0.015763,5.0831,0.020162
0.071772,0.076391,0.021534,0.021534,5.0877,0.0094821
0.073245,0.078544,0.033802,0.033802,5.0789,0.010879
0.074293,0.081924,0.034816,0.034816,5.084,0.015678
0.083555,0.085406,0.022051,0.022051,5.0909,0.0037961
0.076474,0.087611,0.017779,0.017779,5.0977,0.022905
0.08324,0.089389,0.0099278,0.0099278,5.093,0.012628
0.093623,0.090382,0.0054771,0.0054771,5.0992,0
0.088997,0.090929,0.0041887,0.0041887,5.1046,0.0039639
0.095048,0.091348,0.018021,0.018021,5.0961,0
0.10377,0.09315,0.032876,0.032876,5.0967,0
0.10006,0.096438,0.053234,0.053234,5.0955,0
0.10823,0.10176,0.069416,0.069416,5.0938,0
0.11737,0.1087,0.083249,0.083249,5.0917,0
0.11808,0.11703,0.098646,0.098646,5.0932,0
0.13784,0.12689,0.12108,0.12108,5.0979,0
0.15033,0.139,0.14509,0.14509,5.106,0
0.16378,0.15351,0.16861,0.16861,5.1111,0
0.18781,0.17037,0.18063,0.18063,5.116,0
0.19949,0.18843,0.1981,0.1981,5.1115,0
0.21737,0.20824,0.22482,0.22482,5.1165,0
0.23756,0.23073,0.24936,0.24936,5.1203,0
0.25512,0.25566,0.27204,-8.8,5.1119,0
0.29194,0,0.30176,0.30176,5.1519,0
0.31219,0.030176,0.31795,0.31795,5.1873,0
0.34669,0.06197,0.30823,0.30823,5.2224,0
0.37501,0.092794,0.29087,0.29087,5.2607,0
0.41281,0.12188,0.2757,0.2757,5.2929,0
0.44438,0.14945,0.26729,0.26729,5.3308,0
0.46308,0.17618,0.26281,0.26281,5.3696,0
0.48762,0.20246,0.26016,0.26016,5.4012,0
0.52059,0.22848,0.25082,0.25082,5.4223,0
0.53612,0.25356,0.25258,0.25258,5.4516,0
0.55369,0.27882,0.25108,0.25108,5.4709,0
0.58843,0.30392,0.2462,0.2462,5.4943,0
0.62188,0.32854,0.24086,0.24086,5.5271,0
0.65593,0.35263,0.24304,0.24304,5.5508,0
0.68571,0.37693,0.23073,0.23073,5.5869,0
0.71472,0.40001,0.22844,0.22844,5.6158,0
0.73938,0.42285,0.22688,0.22688,5.6524,0
0.75789,0.44554,0.22337,0.22337,5.6768,0
0.78054,0.46788,0.21948,0.21948,5.7062,0
0.81072,0.48982,0.218,0.218,5.7319,0
0.82789,0.51162,0.19729,0.19729,5.7704,0
0.84677,0.53135,0.19319,0.19319,5.8078,0
0.86103,0.55067,0.17554,0.17554,5.8298,0
0.88403,0.56822,0.1601,0.1601,5.87,0
0.90678,0.58424,0.16815,0.16815,5.8967,0
0.92366,0.60105,0.2412,0.2412,5.9355,0
0.94256,0.62517,0.37002,0.37002,5.9698,0
0.97485,0.66217,0.57143,0.57143,5.9957,0
1.0417,0.71932,0.79596,0.79596,6.0367,0
1.1262,0.79891,0.99616,0.99616,6.0635,0
1.2245,0.89853,1.1299,4.1912,6.1031,16.163
1.3298,1.3176,1.187,0.082458,6.1159,0.21284
1.4507,1.3259,1.1845,0.84015,6.1224,0
1.5663,1.4099,1.1701,0.95308,6.1404,0
1.6822,1.5052,1.1849,0.96844,6.155,0
1.7915,1.6021,1.2044,0.93615,6.1679,0
1.9079,1.6957,1.2212,0.95646,6.1866,0
2.0291,1.7913,1.2382,0.98122,6.2113,0
2.1582,1.8894,1.2436,1.0193,6.2454,0
2.2744,1.9914,1.2345,0.98796,6.277,0
2.4032,2.0902,1.2258,1.012,6.3075,0
2.5357,2.1914,1.2221,1.0327,6.3356,0
2.6658,2.2946,1.2444,1.0347,6.3617,0
2.7875,2.3981,1.2719,1.0131,6.3947,0
2.9057,2.4994,1.2847,0.99188,6.4339,0
3.038,2.5986,1.3053,1.011,6.4767,0
3.1621,2.6997,1.3409,1.0044,6.5219,0
3.3037,2.8002,1.3364,1.0368,6.5768,0
3.4343,2.9038,1.326,1.0356,6.6325,0
3.5615,3.0074,1.3187,1.0283,6.6904,0
3.6974,3.1102,1.2792,1.0388,6.7542,0
3.8308,3.2141,1.2301,1.0423,6.824,0
3.9461,3.3183,1.1975,1.0138,6.8836,0
4.0653,3.4197,1.148,1,6.9497,0
4.19,3.5197,1.0878,0.99824,7.0189,0
4.2893,3.6195,1.0559,0.95919,7.0793,0
4.3972,3.7155,1.0188,0.94339,7.1538,0
4.4953,3.8098,0.96666,0.91668,7.2162,0
4.6012,3.9015,0.92699,0.90591,7.2761,0
4.6861,3.9921,0.88744,0.87289,7.3529,0
4.7753,4.0793,0.87765,0.85125,7.4219,0
4.8667,4.1645,0.87081,0.83593,7.4828,0
4.9559,4.2481,0.89975,0.82141,7.5476,0
5.0451,4.3302,0.92028,0.81096,7.6268,0
5.131,4.4113,0.97715,0.79813,7.6982,0
5.2387,4.4911,0.98785,0.8107,7.7645,0
5.3475,4.5722,0.9815,0.82363,7.8462,0
5.4395,4.6546,0.94067,0.81666,7.9247,0
5.5249,4.7362,0.94223,0.80375,7.9994,0
5.6116,4.8166,0.90562,0.79442,8.0762,0
5.6993,4.896,0.8245,0.788,8.1572,0
5.7858,4.9748,0.81133,0.78056,8.2279,0
5.8642,5.0529,0.85499,0.76836,8.3184,0
5.9526,5.1297,0.88263,0.76656,8.4007,0
6.0417,5.2064,0.89955,0.76655,8.4929,0
6.1365,5.283,0.97065,0.7705,8.5706,0
6.2347,5.3601,0.98935,0.77792,8.6604,0
6.3405,5.4379,0.94111,0.79165,8.7579,0
6.4391,5.517,0.86487,0.79666,8.8484,0
6.5183,5.5967,0.82557,0.78511,8.9469,0
6.5983,5.6752,0.83021,0.77589,9.0464,0
6.6899,5.7528,0.81766,0.77742,9.144,0
6.7742,5.8306,0.84125,0.77197,9.2313,0
6.8659,5.9077,0.86621,0.77423,9.3315,0
6.9456,5.9852,0.86996,0.76596,9.4232,0
7.0285,6.0618,0.85287,0.76174,9.5198,0
7.1223,6.1379,0.82867,0.76667,9.6198,0
7.2068,6.2146,0.81819,0.76349,9.7138,0
7.2898,6.291,0.8108,0.76003,9.8142,0
7.3679,6.367,0.80105,0.75256,9.9043,0
7.4544,6.4422,0.81304,0.75264,9.9993,0
7.5332,6.5175,0.83552,0.74759,10.103,0
7.6257,6.5922,0.8274,0.7526,10.199,0
7.7148,6.6675,0.84156,0.75478,10.298,0
7.8029,6.743,0.84081,0.75628,10.4,0
7.8804,6.8186,0.81402,0.75095,10.515,0
7.9588,6.8937,0.82052,0.74642,10.624,0
8.0316,6.9683,0.77421,0.73871,10.736,0
8.1099,7.0422,0.73396,0.73584,10.851,0
8.1868,7.1158,0.73073,0.73219,10.965,0
8.2648,7.189,0.69738,0.72961,11.077,0
8.3359,7.262,0.66568,0.7226,11.19,0
8.4004,7.3342,0.72411,0.71189,11.302,0
8.4753,7.4054,0.72426,0.70886,11.409,0
8.5515,7.4763,0.65172,0.70702,11.516,0
8.6225,7.547,0.57598,0.7023,11.629,0
8.6719,7.6172,0.48274,0.68399,11.743,0
8.719,7.6856,0.36769,0.66515,11.841,0
8.7504,7.7522,0.30481,0.63833,11.945,0
8.7822,7.816,0.25941,0.61357,12.036,0
8.8098,7.8774,0.21927,0.58873,12.135,0
8.8325,7.9362,0.16539,0.56269,12.228,0
8.8495,7.9925,0.1201,0.5355,12.325,0
8.8539,8.046,0.077713,0.50239,12.415,0
8.8589,8.0963,0.099157,0.47174,12.486,0
8.8639,8.1435,0.11406,0.44356,12.555,0
8.8725,8.1878,0.12672,0.41998,12.632,0
8.894,8.2298,0.12724,0.40569,12.694,0
8.8992,8.2704,0.11334,0.38254,12.752,0
8.9058,8.3086,0.082281,0.36197,12.811,0
8.9069,8.3448,0.065444,0.33966,12.871,0
8.9104,8.3788,0.073173,0.32018,12.923,0
8.9143,8.4108,0.082185,0.30234,12.971,0
8.9214,8.441,0.10133,0.28755,13.014,0
8.9309,8.4698,0.10599,0.27538,13.061,0
8.9339,8.4973,0.10379,0.26012,13.107,0
8.9471,8.5234,0.089544,0.25185,13.144,0
8.9629,8.5485,0.07043,0.2457,13.183,0
8.9759,8.5731,0.046659,0.23828,13.221,0
8.9784,8.5969,0.042095,0.22524,13.26,0
8.9779,8.6195,0.041638,0.21121,13.297,0
8.9867,8.6406,0.051782,0.20362,13.334,0
8.9914,8.6609,0.04542,0.19421,13.376,0
9.0052,8.6804,0.029168,0.19067,13.416,0
9.0096,8.6994,0.012515,0.18171,13.439,0
9.0015,8.7176,0.0040717,0.16599,13.462,0
9.004,8.7342,-0.0094197,0.15751,13.487,0
8.9962,8.75,-0.028527,0.14364,13.52,0
9.0002,8.7643,-0.046898,0.13747,13.55,0
9.0012,8.7781,-0.085416,0.12995,13.579,0.023965
8.9982,8.7911,-0.14366,0.12057,13.607,0.19893
8.9867,8.8031,-0.18184,0.10668,13.618,0.33232
8.9757,8.8138,-0.17942,0.093944,13.628,0.34029
8.9498,8.8232,-0.18342,0.073461,13.653,0.37883
8.9242,8.8305,-0.21563,0.054359,13.673,0.50636
8.8989,8.836,-0.18944,0.036491,13.672,0.44461
8.8786,8.8396,-0.1952,0.022597,13.679,0.48044
8.8548,8.8419,-0.20931,0.007515,13.683,0.54457
8.8406,8.8426,-0.26091,-0.0004461,13.679,0.73139
8.8069,8.8426,-0.26863,-0.0077783,13.682,0.825
8.7855,8.8418,-0.3024,-0.012272,13.671,0.99151
8.7531,8.8406,-0.29316,-0.019078,13.666,1.0194
8.7316,8.8387,-0.29537,-0.023403,13.648,1.0675
8.7068,8.8363,-0.23916,-0.028335,13.635,0.90375
8.6914,8.8335,-0.21297,-0.031109,13.626,0.83663
8.6701,8.8304,-0.19163,-0.035116,13.619,0.79934
8.6469,8.8269,-0.25425,-0.039475,13.606,1.0584
8.6145,8.8229,-0.32851,-0.045841,13.58,1.4098
8.5911,8.8183,-0.4545,-0.05004,13.566,2.0291
8.5445,8.8133,-0.55717,-0.059316,13.544,2.6769
8.4799,8.8074,-0.63368,-0.072455,13.516,3.2839
8.4218,8.8002,-0.66999,-0.084102,13.471,3.6494
8.3592,8.7917,-0.70242,-0.096593,13.424,4.0109
8.289,8.7821,-0.6742,-0.1106,13.379,3.9737
8.2233,8.771,-0.59965,-0.12341,13.331,3.6187
8.1665,8.7587,-0.56842,-0.13412,13.277,3.5299
8.1103,8.7453,-0.50553,-0.14464,13.218,3.2509
8.0559,8.7308,-0.43647,-0.15477,13.15,2.9499
8.0122,8.7153,-0.38122,-0.16253,13.071,2.7157
7.9772,8.6991,-0.35624,-0.16792,13.006,2.6262
7.9467,8.6823,-0.30169,-0.17227,12.937,2.3867
7.9103,8.6651,-0.26191,-0.17814,12.859,2.2394
7.8856,8.6472,-0.209,-0.18125,12.777,2.0188
7.8675,8.6291,-0.16142,-0.18281,12.693,1.821
7.8537,8.6108,-0.10423,-0.18307,12.62,1.5944
7.8455,8.5925,-0.048371,-0.1818,12.553,1.3815
7.8484,8.5744,0.063173,-0.17815,12.472,1.0117
7.8573,8.5565,0.18911,-0.17296,12.395,0.67365
7.8738,8.5392,0.34317,-0.16581,12.325,0.37317
7.9155,8.5227,0.43452,-0.15221,12.263,0.20454
7.9612,8.5074,0.52364,-0.13791,12.196,0.082423
8.0118,8.4936,0.55685,-0.12238,12.139,0.005509
8.0649,8.4814,0.59326,-0.10627,12.094,0
8.1203,8.4708,0.61954,-0.089731,12.061,0
8.1875,8.4618,0.71209,-0.070427,12.03,0
8.2541,8.4548,0.76357,-0.051628,12.009,0
8.3282,8.4496,0.78878,-0.031308,11.986,0
8.4041,8.4465,0.75398,-0.010962,11.969,0
8.4763,8.4454,0.7186,0.017168,11.975,0
8.558,8.4471,0.66704,0.061589,11.979,0
8.6239,8.4533,0.65282,0.09472,11.986,0
8.6973,8.4627,0.66553,0.13025,12.015,0
8.7658,8.4757,0.67599,0.16105,12.049,0
8.8423,8.4919,0.6539,0.1943,12.075,0
8.9133,8.5113,0.63362,0.22272,12.116,0
8.9738,8.5336,0.60562,0.24356,12.156,0
9.0325,8.5579,0.55098,0.26205,12.194,0
9.0925,8.5841,0.48421,0.28025,12.243,0
9.1352,8.6121,0.41386,0.28785,12.293,0
9.1835,8.6409,0.38502,0.29823,12.354,0
9.2274,8.6707,0.39735,0.30537,12.407,0
9.2769,8.7013,0.37688,0.3151,12.459,0
9.3179,8.7328,0.33723,0.31949,12.509,0
9.3547,8.7647,0.3632,0.32159,12.571,0
9.3928,8.7969,0.35642,0.32422,12.629,0
9.4239,8.8293,0.28144,0.32299,12.696,0
9.456,8.8616,0.23336,0.32224,12.754,0
9.4863,8.8938,0.2262,0.32059,12.813,0
9.5178,8.9259,0.18416,0.31961,12.871,0
9.5305,8.9579,0.12605,0.3085,12.924,0
9.5425,8.9887,0.065326,0.29763,12.972,0
9.5501,9.0185,-0.036649,0.28523,13.027,0
9.5446,9.047,-0.17115,0.26659,13.084,0
9.5282,9.0737,-0.72448,0.2431,13.129,2.6855
9.4642,9.098,-1.6286,0.19551,13.17,12.384
9.3018,9.1175,-2.7858,0.098127,13.189,42.168
9.0255,9.1273,-4.0642,-0.02438,13.192,136.35
8.6152,9.1249,-5.3745,-0.12229,13.17,19.54
8.0708,9.1127,-6.2551,-0.252,13.094,21.056
7.446,9.0875,-6.7031,-0.40291,12.954,22.164
6.7657,9.0472,-6.7648,-0.57222,12.749,22.733
6.0858,8.99,-6.4949,-0.74851,12.488,22.719
5.4335,8.9151,-6.0428,-0.92858,12.165,22.291
4.8319,8.8222,-5.8453,-1.1075,11.794,22.109
4.2431,8.7115,-5.774,-1.298,11.378,22.013
3.6615,8.5817,-5.6537,-1.5095,10.9,21.701
3.0954,8.4308,-5.2435,-1.7371,10.393,20.752
2.5806,8.257,-4.696,-1.9783,9.8379,19.347
2.1176,8.0592,-3.9238,-2.2334,9.249,17.317
1.7257,7.8359,-3.2065,-5.3643,8.6511,7.9918
1.4085,7.2994,-2.5276,-5.2,8.0505,6.461
1.1609,6.7794,-2.1026,-5.2,7.4707,5.0094
0.95111,6.2594,-2.0944,-5.2,6.9177,4.3564
0.74009,5.7394,-2.3128,-8.8,6.4113,0
0.51,4.8594,-2.4971,-8.8,5.9389,0
0.25457,3.9794,-2.7475,-8.8,5.5427,0
-0.018638,3.0994,-2.9473,-8.8,5.1907,0
-0.31486,2.2194,-2.8338,-8.8,4.9155,0
-0.60418,1.3394,-2.3816,-8.8,4.6948,0
-0.84661,0.45944,-1.6186,-8.8,4.5239,0
-1.0026,0,-0.87673,-8.8,4.4288,0
-1.0852,0,-0.45714,-8.8,4.374,0
-1.1215,0,-0.2116,-8.8,4.3067,0
-1.139,0,-0.025183,-8.8,4.229,0
-1.1412,0,-0.096997,-8.8,4.1673,0
-1.1425,0,-0.20537,-8.8,4.1021,0
-1.1693,0,-0.21042,-8.8,4.0352,0
-1.1835,0,-0.036648,-8.8,3.9539,0
-1.1816,0,0.10014,-8.8,3.8707,0
-1.1769,0,0.2517,-8.8,3.7922,0
-1.1514,0,0.39865,-8.8,3.7291,0
-1.111,0,0.51982,-8.8,3.654,0
-1.0679,0,0.48266,-8.8,3.588,0
-1.0227,0,0.41499,-8.8,3.5292,0
-0.97882,0,0.34174,-8.8,3.4661,0
-0.93659,0,0.27293,-8.8,3.4147,0
-0.91805,0,0.2077,-8.8,3.363,0
-0.90301,0,0.1394,-8.8,3.3077,0
-0.89872,0,0.092924,-8.8,3.2692,0
-0.87979,0,0.10681,-8.8,3.2252,0
-0.8732,0,0.26069,-8.8,3.1736,0
-0.85216,0,0.50252,-8.8,3.1355,0
-0.7984,0,0.72308,-8.8,3.0903,0
-0.72918,0,0.86925,-8.8,3.0559,0
-0.64267,0,0.86863,-8.8,3.0358,0
-0.56477,0,0.66091,-8.8,3.0133,0
-0.50539,0,0.34024,-8.8,3.003,0
-0.47269,0,-0.0060705,-8.8,3.0047,0
-0.47424,0,-0.34174,-8.8,3.0097,0
-0.5028,0,-0.59888,-8.8,2.9984,0
-0.57063,0,-0.70536,-8.8,2.9809,0
-0.64029,0,-0.61787,-8.8,2.9555,0
-0.69827,0,-0.32034,-8.8,2.9268,0
-0.73831,0,0.15055,-8.8,2.8946,0
-0.72766,0,0.7531,-8.8,2.8616,0
-0.64895,0,1.3453,-8.8,2.8424,0
-0.51543,0,1.7576,-8.8,2.8317,0
-0.33405,0,2.0181,-8.8,2.8267,0
-0.13031,0,2.141,-8.8,2.8565,0
0.081783,0,2.1706,-8.8,2.9005,0
0.29501,0,2.1441,-8.8,2.9545,0
0.51841,0,2.1288,-8.8,3.046,0
0.72563,0,2.1125,-8.8,3.1521,0
0.939,0,2.1168,-8.8,3.2799,0
1.1472,0,2.0931,-8.8,3.4315,0
1.3602,0,2.0308,-8.8,3.5962,0
1.5612,0,1.9698,-8.8,3.7899,0
1.7502,0,1.8987,-8.8,3.9987,0
1.9459,0,1.8077,-8.8,4.2206,0
2.1358,0,1.7311,-8.8,4.4761,0
2.3002,0,1.6773,-8.8,4.7362,0
2.4656,0,1.5986,1.5986,5.0136,0
2.6336,0.15986,1.5563,1.5563,5.2587,0
2.7985,0.31549,1.5227,1.5227,5.5018,0
2.9419,0.46776,1.4318,1.4318,5.7475,0
3.0818,0.61094,1.3761,1.3761,5.9993,0
3.2254,0.74856,1.2795,1.2795,6.2429,0
3.3615,0.8765,1.2167,1.2167,6.482,0
3.4883,0.99817,1.179,4.9,6.731,10.724
3.6159,1.4882,1.1951,4.9,6.9528,12.313
3.7399,1.9782,1.1512,4.9,7.1535,14.545
3.8551,2.4682,1.1698,3.8765,7.3163,8.3921
3.9808,2.8558,1.1662,2.5003,7.436,1.4639
4.1018,3.1059,1.1566,1.9461,7.5319,0
4.2155,3.3005,1.1158,1.6356,7.6374,0
4.3308,3.464,1.1062,1.4433,7.7227,0
4.4513,3.6084,1.1288,1.3228,7.7999,0
4.573,3.7406,1.095,1.2421,7.8861,0
4.6881,3.8648,1.056,1.1739,7.967,0
4.8004,3.9822,1.0167,1.1195,8.046,0
4.9043,4.0942,0.95504,1.0686,8.1337,0
4.9928,4.201,0.86445,1.0102,8.2231,0
5.0741,4.3021,0.77953,0.95414,8.2952,0
5.1501,4.3975,0.70792,0.90444,8.376,0
5.2232,4.4879,0.68485,0.86019,8.4435,0
5.2942,4.5739,0.69353,0.82345,8.5261,0
5.3689,4.6563,0.71053,0.79697,8.601,0
5.4303,4.736,0.74746,0.76008,8.6692,0
5.4961,4.812,0.75455,0.73522,8.7485,0
5.5749,4.8855,0.72005,0.72797,8.8258,0
5.6431,4.9583,0.69509,0.71052,8.8955,0
5.704,5.0294,0.66805,0.68817,8.9641,0
5.7665,5.0982,0.63836,0.6714,9.0396,0
5.8309,5.1653,0.63055,0.65873,9.109,0
5.8914,5.2312,0.62934,0.64441,9.1835,0
5.9575,5.2956,0.6078,0.63749,9.2589,0
6.0169,5.3594,0.57778,0.6246,9.3231,0
6.0748,5.4218,0.56804,0.61192,9.3837,0
6.1313,5.483,0.54004,0.59948,9.4409,0
6.1827,5.543,0.51076,0.58473,9.5102,0
6.2421,5.6015,0.46905,0.57936,9.5827,0
6.2835,5.6594,0.37505,0.5584,9.6529,0
6.3143,5.7152,0.22035,0.53058,9.721,0
6.3292,5.7683,0.10838,0.49135,9.7705,0
6.3471,5.8174,0.0016077,0.45955,9.8212,0
6.3494,5.8634,-0.1033,0.41841,9.8798,0.29967
6.3475,5.9052,-0.15962,0.37804,9.9323,0.482
6.3406,5.943,-0.17194,0.33735,9.9683,0.50498
6.3204,5.9768,-0.19935,0.28963,10.001,0.58499
6.3077,6.0057,-0.22766,0.25336,10.039,0.67642
6.2857,6.0311,-0.25037,0.21281,10.075,0.74734
6.2563,6.0523,-0.25526,0.16984,10.1,0.74958
6.2399,6.0693,-0.25665,0.14168,10.122,0.74506
6.2221,6.0835,-0.28962,0.11491,10.144,0.86291
6.1885,6.095,-0.3274,0.077299,10.148,0.99956
6.148,6.1027,-0.32537,0.037433,10.165,0.97735
6.1084,6.1065,-0.3047,0.0015734,10.163,0.88687
6.0843,6.1066,-0.29143,-0.0053129,10.168,0.88001
6.0475,6.1061,-0.2937,-0.013979,10.158,0.95864
6.0172,6.1047,-0.28674,-0.020887,10.15,0.98828
5.9901,6.1026,-0.30436,-0.026926,10.137,1.1047
5.9616,6.0999,-0.31628,-0.033177,10.118,1.2024
5.9377,6.0966,-0.33452,-0.038222,10.1,1.3178
5.8984,6.0928,-0.31728,-0.046924,10.073,1.3173
5.8665,6.0881,-0.30885,-0.053577,10.056,1.3367
5.8294,6.0827,-0.30978,-0.061373,10.04,1.4035
