0,0,0.76934,0,0,0
0.070969,0,0.79451,7.8,35.506,58.704
0.151,0.78,0.76178,7.8,35.473,63.922
0.22514,1.56,0.74808,7.8,35.381,68.901
0.30948,2.34,0.73564,7.8,35.215,73.838
0.37477,3.12,0.75331,7.8,34.971,78.376
0.44015,3.9,0.73489,7.8,34.67,83.637
0.50616,4.68,0.76101,7.8,34.294,88.058
0.57902,5.46,0.79246,7.8,33.837,92.342
0.66538,6.24,0.85677,6.7,33.309,82.642
0.75782,6.91,0.9648,6.7,32.718,84.533
0.85926,7.58,1.1481,6.7,32.067,84.958
0.97186,8.25,1.3389,6.7,31.364,85.204
1.1034,8.92,1.4335,-0.45509,30.609,16.843
1.2455,8.8745,1.402,-0.46068,29.839,16.252
1.3895,8.8284,1.2677,-0.46581,29.091,16.421
1.5239,8.7818,1.0347,-0.47133,28.357,17.439
1.6343,8.7347,0.72876,-0.4785,27.63,19.337
1.7001,8.6869,0.49299,-0.48849,26.924,20.989
1.7429,8.638,0.36111,-0.5002,26.231,21.794
1.7882,8.588,0.23196,-0.51199,25.549,22.596
1.8065,8.5368,0.15087,-0.52634,24.871,23.01
1.8164,8.4842,0.11293,-0.54177,24.203,22.971
1.8307,8.43,0.0668,-0.55726,23.546,22.994
1.8378,8.3743,-0.0037672,-0.57453,22.881,23.321
1.8421,8.3168,0.058252,-0.59286,22.221,22.106
1.8532,8.2575,0.14456,-0.61105,21.572,20.625
1.8698,8.1964,0.24015,-0.6292,20.935,19.08
1.8877,8.1335,0.3559,-0.64816,20.299,17.403
1.9273,8.0687,0.47332,-0.66515,19.677,15.726
1.9708,8.0022,0.49011,-0.68236,19.06,14.959
2.02,7.9339,0.51167,-0.69905,18.457,14.142
2.0616,7.864,0.57946,-0.71655,17.87,13.014
2.1251,7.7924,0.71043,-0.73131,17.296,11.435
2.2036,7.7192,0.907,-0.74448,16.727,9.5775
2.292,7.6448,1.1395,-0.75427,16.194,7.8132
2.4128,7.5694,1.3253,-0.75836,15.677,6.4875
2.5421,7.4935,1.4722,-0.76112,15.162,5.5099
2.6805,7.4174,1.5382,-0.75984,14.677,4.8822
2.8382,7.3414,1.5776,-0.75247,14.222,4.3641
3.004,7.2662,1.5635,-0.74163,13.784,3.9772
3.1673,7.192,1.5406,-0.72926,13.36,3.6371
3.3233,7.1191,1.4909,-0.71415,12.972,3.3595
3.4822,7.0477,1.4705,-0.6967,12.594,3.0702
3.6197,6.978,1.4156,-0.67931,12.253,2.8479
3.7682,6.9101,1.362,-0.65783,11.923,2.6201
3.907,6.8443,1.2959,-0.63515,11.62,2.4155
4.0297,6.7808,1.2148,-0.61333,11.337,2.2372
4.142,6.7194,1.1175,-0.59119,11.077,2.0801
4.2478,6.6603,1.0017,-0.56908,10.828,1.9469
4.3512,6.6034,0.91298,-0.54487,10.604,1.8098
4.4336,6.5489,0.83961,-0.52462,10.389,1.6929
4.5076,6.4965,0.79781,-0.5047,10.191,1.5661
4.5937,6.446,0.71078,-0.48106,9.9984,1.4662
4.6663,6.3979,0.64467,-0.45919,9.8244,1.3726
4.7313,6.352,0.56012,-0.43865,9.6577,1.3172
4.7878,6.3081,0.48542,-0.41946,9.5029,1.2737
4.8408,6.2662,0.40872,-0.40084,9.3526,1.2499
4.8832,6.2261,0.29223,-0.38482,9.2078,1.3313
4.913,6.1876,0.12231,-0.37217,9.067,1.612
4.9196,6.1504,-0.047207,-0.36592,8.933,2.0453
4.9104,6.1138,-0.27797,-0.36373,8.8093,2.9186
4.8887,6.0774,-0.52129,-0.36553,8.6842,4.1854
4.8354,6.0409,-0.73338,-0.37738,8.5565,5.6513
4.7579,6.0031,-0.90163,-0.39686,8.4297,7.0948
4.6752,5.9634,-1.0983,-0.41727,8.3113,9.0796
4.5655,5.9217,-1.2089,-0.44701,8.1863,10.423
4.4459,5.877,-1.3259,-0.4814,8.0458,11.968
4.3232,5.8289,-1.4161,-8.8,7.8987,0
4.1742,4.9489,-1.5211,-0.22811,7.7937,13.33
4.015,4.9261,-1.6172,-0.27214,7.703,15.198
3.8532,4.8988,-1.7296,-0.31746,7.5996,17.461
3.684,4.8671,-1.7832,-0.36521,7.4917,18.796
3.5038,4.8306,-1.817,-8.8,7.3754,0
3.3222,3.9506,-1.795,-0.16247,7.2763,7.4732
3.1477,3.9343,-1.7553,-0.20553,7.2108,7.507
2.9658,3.9138,-1.6734,-0.25143,7.1212,7.4716
2.7896,3.8886,-1.6105,-0.29712,7.0096,7.4354
2.6357,3.8589,-1.5206,-8.8,6.8863,0
2.486,2.9789,-1.4193,-0.10485,6.8087,5.6409
2.3365,2.9684,-1.3304,-0.13553,6.7588,5.6368
2.1949,2.9549,-1.3127,-0.16505,6.6876,5.7171
2.0729,2.9384,-1.326,-0.19046,6.6102,5.8147
1.9401,2.9193,-1.3071,-0.21953,6.5082,5.8623
1.8072,2.8974,-1.3615,-8.8,6.3996,0
1.6764,2.0174,-1.4047,-0.053629,6.3344,4.4657
1.5303,2.012,-1.4221,-0.076189,6.3019,4.6905
1.3835,2.0044,-1.3922,-0.099474,6.2378,4.8234
1.249,1.9945,-1.4665,-0.12094,6.1701,5.1222
1.1123,1.9824,-1.5468,-0.14303,6.0966,5.4328
0.94809,1.9681,-1.6049,-0.17046,6.0075,5.7369
0.77833,1.951,-1.6429,-8.8,5.8936,0
0.62356,1.071,-1.7243,-0.040874,5.8173,4.6866
0.44228,1.0669,-1.7819,-0.057534,5.7738,5.1146
0.27323,1.0612,-1.7966,-0.073434,5.7126,5.4295
0.093267,1.0538,-1.7601,-0.091061,5.6282,5.654
-0.091665,1.0447,-1.7923,-8.8,5.5222,0
-0.26226,0.16472,-1.8379,-1.8379,5.4448,1.0531
-0.44181,0,-1.8727,-1.8727,5.3969,1.0835
-0.63235,0,-1.9107,-1.9107,5.3453,1.4741
-0.81953,0,-2.0037,-2.0037,5.2797,1.8578
-1.0108,0,-2.0312,-2.0312,5.196,2.2499
-1.2105,0,-1.9903,-1.9903,5.0885,2.6594
-1.4177,0,-1.8973,-8.8,4.9639,0
-1.5979,0,-1.785,-8.8,4.8516,0
-1.7831,0,-1.6339,-8.8,4.7291,0
-1.9562,0,-1.4495,-8.8,4.5827,0
-2.1045,0,-1.2295,-8.8,4.4151,0
-2.2258,0,-0.99667,-8.8,4.2377,0
-2.3177,0,-0.73694,-8.8,4.0525,0
-2.3816,0,-0.47934,-8.8,3.8529,0
-2.4274,0,-0.19028,-8.8,3.6616,0
-2.4466,0,0.11497,-8.8,3.4679,0
-2.4271,0,0.4156,-8.8,3.2688,0
-2.3916,0,0.66606,-8.8,3.0652,0
-2.3311,0,0.82795,-8.8,2.874,0
-2.2513,0,0.8757,-8.8,2.6921,0
-2.1685,0,0.84794,-8.8,2.524,0
-2.0908,0,0.7853,-8.8,2.3566,0
-2.0045,0,0.72086,-8.8,2.1943,0
-1.9327,0,0.69287,-8.8,2.0322,0
-1.8656,0,0.68351,-8.8,1.883,0
-1.7883,0,0.63862,-8.8,1.7342,0
-1.7302,0,0.55014,-8.8,1.6062,0
-1.6782,0,0.45497,-8.8,1.4857,0
-1.635,0,0.36627,-8.8,1.3557,0
-1.5943,0,0.28165,-8.8,1.2314,0
-1.5628,0,0.22449,-8.8,1.1191,0
-1.5377,0,0.19318,-8.8,1.0089,0
-1.5138,0,0.13546,-8.8,0.90154,0
-1.5023,0,0.077886,-8.8,0.79398,0
-1.4927,0,0.045433,-8.8,0.69621,0
-1.488,0,0.022886,-8.8,0.58433,0
-1.4797,0,-0.0071528,-8.8,0.48785,0
-1.4876,0,-0.0042393,-8.8,0.37828,0
-1.4964,0,0.13227,-8.8,0.28152,0
-1.4733,0,0.31823,-8.8,0.17456,0
-1.4456,0,0.48321,-12.663,0.079483,0
-1.3935,0,0.63266,-375.07,0.0025843,0
-1.3289,0,0.78287,-8.8,1.7453,0
-1.2427,0,0.79867,-8.8,1.6698,0
-1.1613,0,0.76238,-8.8,1.6007,0
-1.0762,0,0.74278,-8.8,1.5421,0
-1.0097,0,0.74053,-8.8,1.4884,0
-0.94481,0,0.74365,-8.8,1.4271,0
-0.87727,0,0.76661,-8.8,1.3832,0
-0.79337,0,0.80488,-8.8,1.3412,0
-0.71185,0,0.86479,-8.8,1.303,0
-0.63183,0,0.94606,-8.8,1.283,0
-0.53313,0,1.0272,-8.8,1.2662,0
-0.42969,0,1.0845,-8.8,1.254,0
-0.32896,0,1.1241,-8.8,1.2688,0
-0.2136,0,1.1404,-8.8,1.291,0
-0.10336,0,1.0886,-8.8,1.3171,0
0.000507,0,1.004,-8.8,1.3599,0
0.10509,0,0.92056,-8.8,1.4085,0
0.20581,0,0.82451,-8.8,1.4622,0
0.29689,0,0.70728,-8.8,1.5235,0
0.35836,0,0.63666,-8.8,1.5929,0
0.42303,0,0.58678,-8.8,1.6673,0
0.48743,0,0.54883,-8.8,1.7535,0
0.53555,0,0.50849,-8.8,1.8459,0
0.58526,0,0.4744,-8.8,1.9559,0
0.63216,0,0.43342,-8.8,2.0524,0
0.67563,0,0.3991,-8.8,2.1519,0
0.71965,0,0.37911,-8.8,2.2632,0
0.76039,0,0.41503,-8.8,2.3868,0
0.80313,0,0.50628,-8.8,2.5066,0
0.85673,0,0.61004,-8.8,2.6323,0
0.92091,0,0.68136,-8.8,2.7554,0
0.98789,0,0.73085,-8.8,2.897,0
1.0676,0,0.75484,-8.8,3.0475,0
1.136,0,0.74213,-8.8,3.1951,0
1.2147,0,0.71208,-8.8,3.366,0
1.2813,0,0.71856,-8.8,3.5265,0
1.3548,0,0.74617,-8.8,3.7005,0
1.4385,0,0.74197,-8.8,3.8789,0
1.5073,0,0.71963,-8.8,4.0772,0
1.5818,0,0.72953,-8.8,4.2766,0
1.6486,0,0.7508,-8.8,4.4736,0
1.7233,0,0.74908,-8.8,4.6925,0
1.8047,0,0.74388,-8.8,4.915,0
1.8728,0,0.74827,0.74827,5.1362,0
1.943,0.074827,0.74544,0.74544,5.3156,0
2.0115,0.14937,0.73012,0.73012,5.5001,0
2.0747,0.22238,0.72243,0.72243,5.6948,0
2.1452,0.29463,0.72264,0.72264,5.8846,0
2.2181,0.36689,0.7274,0.7274,6.076,0
2.2877,0.43963,0.73349,0.73349,6.2617,0
2.3573,0.51298,0.75113,0.75113,6.4398,0
2.438,0.58809,0.76675,0.76675,6.6291,0
2.5243,0.66477,0.78055,0.78055,6.8098,0
2.605,0.74282,0.78545,0.78545,6.9946,0
2.6803,0.82137,0.79431,0.79431,7.1713,0
2.7571,0.9008,0.79035,4.9,7.3525,17.917
2.8272,1.3908,0.78826,4.9,7.5096,20.212
2.9083,1.8808,0.77136,4.6932,7.6295,20.764
2.9913,2.3501,0.7597,2.0364,7.704,2.938
3.0616,2.5538,0.74272,1.4134,7.7624,0.69706
3.1314,2.6951,0.73189,1.1165,7.8148,0
3.2011,2.8067,0.72247,0.94836,7.8641,0
3.2795,2.9016,0.721,0.86372,7.9043,0
3.357,2.988,0.71943,0.80683,7.947,0
3.4193,3.0686,0.70391,0.73659,7.9858,0
3.484,3.1423,0.70111,0.69179,8.0114,0
3.5525,3.2115,0.69795,0.66763,8.0371,0
3.6311,3.2782,0.7079,0.66946,8.0641,0
3.7005,3.3452,0.69379,0.65454,8.1035,0
3.7629,3.4106,0.69822,0.6313,8.1454,0
3.8395,3.4738,0.70638,0.63835,8.185,0
3.9167,3.5376,0.70379,0.64431,8.2202,0
3.9849,3.602,0.69669,0.63447,8.2644,0
4.0565,3.6655,0.70562,0.6317,8.2989,0
4.1366,3.7287,0.71963,0.64305,8.3368,0
4.2,3.793,0.72002,0.62678,8.3853,0
4.2819,3.8556,0.71781,0.64159,8.4282,0
4.3509,3.9198,0.71917,0.63365,8.4655,0
4.4297,3.9832,0.7337,0.64183,8.5075,0
4.5092,4.0473,0.73981,0.64964,8.5562,0
4.5916,4.1123,0.73558,0.65971,8.6033,0
4.6552,4.1783,0.7387,0.64229,8.6484,0
4.7216,4.2425,0.73845,0.63247,8.7038,0
4.7915,4.3058,0.73534,0.62811,8.7425,0
4.8734,4.3686,0.73457,0.64046,8.792,0
4.9558,4.4326,0.73459,0.65105,8.8417,0
5.0276,4.4977,0.7355,0.64651,8.8889,0
5.1095,4.5624,0.73984,0.65503,8.9376,0
5.1863,4.6279,0.74144,0.6564,8.9917,0
5.2611,4.6935,0.7379,0.65544,9.0505,0
5.3404,4.7591,0.73772,0.65947,9.1047,0
5.4238,4.825,0.73783,0.66798,9.1697,0
5.496,4.8918,0.73314,0.66274,9.233,0
5.5635,4.9581,0.73338,0.65288,9.2897,0
5.6292,5.0234,0.73567,0.64289,9.3503,0
5.7053,5.0876,0.73414,0.64486,9.4019,0
5.7798,5.1521,0.73184,0.64589,9.4714,0
5.8531,5.2167,0.73582,0.645,9.5313,0
5.9291,5.2812,0.73588,0.64666,9.5879,0
6.0092,5.3459,0.73471,0.65246,9.6484,0
6.0751,5.4111,0.73426,0.64361,9.7095,0
6.1565,5.4755,0.74454,0.65127,9.7787,0
6.2408,5.5406,0.76616,0.66114,9.8555,0
6.3218,5.6067,0.78388,0.66607,9.9244,0
6.3938,5.6733,0.7895,0.66221,9.9964,0
6.4792,5.7396,0.79936,0.67136,10.073,0
6.5634,5.8067,0.80481,0.67821,10.15,0
6.6504,5.8745,0.83517,0.68707,10.234,0
6.7354,5.9432,0.88918,0.69245,10.308,0
6.825,6.0125,0.95747,0.70103,10.381,0
6.927,6.0826,1.0168,0.71959,10.463,0
7.0193,6.1545,1.067,0.72834,10.557,0
7.1192,6.2274,1.0794,0.74229,10.65,0
7.2342,6.3016,1.0717,0.76734,10.749,0
7.332,6.3783,0.91614,0.7746,10.838,0
7.4253,6.4558,0.67135,0.77767,10.932,0
7.4942,6.5336,0.41788,0.76115,11.027,0
7.5313,6.6097,0.17285,0.72182,11.124,0
7.5483,6.6819,0.097866,0.67141,11.216,0
7.5522,6.749,0.25869,0.61604,11.299,0
7.5732,6.8106,0.47365,0.57944,11.373,0
7.6157,6.8685,0.67436,0.56318,11.451,0
7.675,6.9249,0.88889,0.56146,11.536,0
7.7691,6.981,0.89872,0.58582,11.622,0
7.8684,7.0396,0.81461,0.61107,11.697,0
7.9464,7.1007,0.77728,0.61886,11.789,0
8.0177,7.1626,0.76225,0.62066,11.873,0
8.0856,7.2247,0.74279,0.62006,11.961,0
8.1684,7.2867,0.751,0.63013,12.05,0
8.2458,7.3497,0.75579,0.63521,12.134,0
8.3134,7.4132,0.75695,0.63305,12.223,0
8.3791,7.4765,0.76142,0.62972,12.309,0
8.4486,7.5395,0.74653,0.62925,12.393,0
8.5294,7.6024,0.74135,0.63677,12.48,0
8.5947,7.6661,0.75139,0.63366,12.583,0
8.6726,7.7294,0.75688,0.63931,12.683,0
8.7419,7.7934,0.75291,0.63845,12.78,0
8.818,7.8572,0.75453,0.64214,12.875,0
8.9011,7.9214,0.75924,0.64996,12.965,0
8.9868,7.9864,0.75591,0.65942,13.07,0
9.0714,8.0524,0.7503,0.66661,13.16,0
9.1426,8.119,0.75367,0.66466,13.255,0
9.2169,8.1855,0.75469,0.66512,13.355,0
9.3015,8.252,0.75488,0.67223,13.456,0
9.3807,8.3192,0.75153,0.67535,13.561,0
9.4542,8.3868,0.75614,0.67434,13.658,0
9.5365,8.4542,0.75777,0.67965,13.772,0
9.6075,8.5222,0.7579,0.67727,13.882,0
9.6816,8.5899,0.80104,0.67667,13.984,0
9.7576,8.6576,0.85146,0.67756,14.091,0
9.8513,8.7253,0.90026,0.68912,14.196,0
9.9412,8.7942,0.93505,0.69753,14.306,0
10.038,8.864,1.0082,0.70951,14.413,0
10.145,8.9349,1.2313,0.72673,14.525,0
10.269,9.0076,1.7162,0.75301,14.648,0.16423
10.448,9.0829,2.3491,0.80957,14.779,2.5857
10.676,9.1639,3.0965,0.89101,14.919,6.362
10.989,9.253,3.8624,1.0167,15.082,10.924
11.377,9.3546,4.3863,1.1753,15.263,14.187
11.819,9.4722,4.5983,1.3529,15.487,15.207
12.276,9.6075,4.5224,1.5252,15.748,14.101
12.719,9.76,4.2704,1.673,16.023,11.861
13.137,9.9273,3.9138,1.7936,16.33,9.102
13.529,10.107,3.4826,1.8897,16.66,6.1249
13.885,10.296,2.5985,1.9561,17.001,1.0668
14.148,10.491,1.5236,1.9676,17.36,0
14.303,10.688,0.33828,1.9207,17.724,0
14.342,10.88,-0.99716,1.8177,18.083,2.5251
14.235,11.062,-2.4166,1.6474,18.42,27.774
13.988,11.227,-3.3747,1.4186,18.71,70.243
13.653,11.368,-3.9736,1.1628,18.958,122.54
13.259,11.485,-4.2671,0.89648,19.165,163.64
12.832,11.574,-4.1481,0.63142,19.309,146.47
12.42,11.637,-3.4051,0.39099,19.414,73.695
12.077,11.677,-2.1667,0.19983,19.481,22.67
11.86,11.697,-0.88088,0.081479,19.508,3.983
11.77,11.705,0.23145,0.03265,19.52,0
11.791,11.708,1.1089,0.041475,19.52,0.19632
11.898,11.712,1.6085,0.09221,19.529,1.5612
12.05,11.721,1.6128,0.16318,19.554,1.4236
12.204,11.738,1.5296,0.23191,19.591,0.98401
12.363,11.761,1.5385,0.29892,19.652,0.87098
12.523,11.791,1.7178,0.36278,19.709,1.3877
12.696,11.827,1.9956,0.4298,19.782,2.4061
12.901,11.87,2.4142,0.50936,19.875,4.2918
13.15,11.921,2.9435,0.60575,19.991,7.1424
13.437,11.982,3.4523,0.7154,20.126,10.258
13.778,12.053,3.7826,0.84558,20.287,12.351
14.16,12.138,3.7463,0.98807,20.477,11.813
14.539,12.236,3.4399,1.1202,20.693,9.4011
14.891,12.348,2.8507,1.2317,20.943,5.3713
15.167,12.472,2.1483,1.2981,21.197,1.4084
15.385,12.601,1.5224,1.3323,21.467,0
15.539,12.735,1.1978,1.3338,21.74,0
15.659,12.868,1.0476,1.32,22.028,0
15.76,13,0.93297,1.2982,22.316,0
15.851,13.13,0.80502,1.2725,22.592,0
15.921,13.257,0.69339,1.2391,22.86,0
15.997,13.381,0.48263,1.21,23.119,0
16.049,13.502,0.29405,1.1719,23.379,0
16.085,13.619,0.40252,1.129,23.624,0
16.123,13.732,0.80177,1.0897,23.869,0
16.207,13.841,1.3411,1.0736,24.113,0
16.337,13.948,2.0424,1.0798,24.36,1.7068
16.537,14.056,2.802,1.1168,24.604,5.9685
16.822,14.168,3.4458,1.19,24.857,10.287
17.166,14.287,3.9023,1.286,25.139,13.672
17.55,14.416,4.0867,1.3935,25.434,15.106
17.964,14.555,4.0905,1.5091,25.769,15.122
18.372,14.706,4.0255,1.6145,26.123,14.617
18.781,14.867,3.955,1.7139,26.493,14.103
19.168,15.039,3.9059,1.7976,26.889,13.793
19.562,15.219,3.8614,1.8795,27.308,13.541
19.946,15.406,3.7754,1.9528,27.762,12.964
20.321,15.602,3.6409,2.0173,28.222,12.032
20.678,15.803,3.4279,2.0703,28.706,10.5
21.015,16.011,3.1622,2.111,29.191,8.6251
21.322,16.222,2.9537,2.1369,29.69,7.2366
21.62,16.435,2.796,2.1575,30.196,6.2537
21.905,16.651,2.6539,2.1718,30.713,5.4016
22.174,16.868,2.552,2.1784,31.231,4.8496
22.434,17.086,2.4322,2.182,31.767,4.1709
22.673,17.304,2.3192,2.1765,32.297,3.5577
22.901,17.522,2.2634,2.1672,32.833,3.3301
23.136,17.739,2.3051,2.1611,33.37,3.7578
23.365,17.955,2.3308,2.1538,33.91,4.0809
23.599,18.17,2.347,2.1491,34.461,4.333
23.831,18.385,2.3464,2.1434,35.003,4.4737
24.073,18.599,2.1833,2.1429,35.557,3.4765
24.293,18.814,1.813,2.133,36.101,1.18
24.484,19.027,1.6433,2.1127,36.646,0.26078
24.653,19.238,1.6877,2.0849,37.183,0.63878
24.82,19.447,1.7821,2.0579,37.714,1.3303
24.991,19.653,1.9969,2.0342,38.248,2.829
25.182,19.856,2.2722,2.0197,38.785,4.848
25.4,20.058,2.3039,2.016,39.313,5.2019
25.621,20.26,2.184,2.0137,39.846,4.4606
25.833,20.461,2.0424,2.0086,40.383,3.577
26.034,20.662,1.8773,1.9995,40.921,2.5552
26.23,20.862,1.7767,1.9894,41.464,1.9836
26.416,21.061,1.7718,1.9758,42,2.0411
26.585,21.258,1.7525,1.9566,42.537,1.9975
26.751,21.454,1.6588,1.9376,43.071,1.4706
26.916,21.648,1.59,1.9195,43.608,1.1076
27.076,21.84,1.5255,1.8997,44.126,0.78108
27.219,22.03,1.4428,1.8754,44.649,0.34357
27.359,22.217,1.3994,1.8507,45.161,0.14798
27.508,22.402,1.4524,1.8306,45.669,0.52468
27.65,22.585,1.5328,1.8092,46.184,1.0689
27.797,22.766,1.5711,1.7908,46.693,1.3619
27.961,22.945,1.6189,1.7793,47.203,1.7216
28.125,23.123,1.6587,1.7682,47.706,2.0366
28.292,23.3,1.6542,1.7588,48.209,2.0663
28.461,23.476,1.6494,1.7501,48.699,2.0984
28.627,23.651,1.6913,1.7414,49.204,2.4289
28.792,23.825,1.7002,1.7325,49.707,2.5431
28.971,23.998,1.6678,1.7289,50.206,2.3918
29.146,24.171,1.6477,1.724,50.698,2.3219
29.302,24.344,1.6249,1.7132,51.201,2.2206
29.46,24.515,1.5702,1.703,51.688,1.9173
29.613,24.685,1.5203,1.6913,52.173,1.6455
29.774,24.854,1.4798,1.6834,52.662,1.438
29.92,25.023,1.4037,1.6707,53.155,1.0024
30.064,25.19,1.3069,1.6581,53.652,0.45169
30.194,25.356,1.214,1.6413,54.14,0
30.308,25.52,1.0979,1.6198,54.629,0
30.416,25.682,0.96763,4.8,55.107,1.8082
30.518,26.162,0.86411,1.4349,55.552,0
30.61,26.305,0.86927,4.8,55.989,4.3555
30.688,26.785,0.92121,1.2527,56.401,0
30.774,26.91,0.9624,4.8,56.791,5.5511
30.88,27.39,1.0318,1.0918,57.149,0
30.992,27.5,1.1436,4.8,57.496,5.7304
31.109,27.98,1.1634,0.95509,57.83,0.21278
31.228,28.075,1.1375,0.96146,58.146,0.098739
31.338,28.171,1.154,4.8,58.454,7.0839
31.444,28.651,1.1539,0.83067,58.753,0.22168
31.555,28.734,1.0756,0.83864,59.035,0
31.671,28.818,0.93382,4.8,59.319,10.498
31.757,29.298,0.77319,0.71352,59.588,0
31.828,29.37,0.65717,0.71305,59.835,0
31.895,29.441,0.60984,-2,60.072,75.144
31.951,29.241,0.65794,-2,60.339,86.719
32.017,29.041,0.88277,4.8,60.624,10.386
32.099,29.521,1.1387,-2,60.906,85.255
32.222,29.321,1.3853,-2,61.18,101
32.363,29.121,1.6003,-2,61.48,118.52
32.531,28.921,1.722,4.8,61.829,1.3304
32.699,29.401,1.7628,-2,62.173,122.26
32.879,29.201,1.7923,-2,62.527,142.84
33.064,29.001,1.8081,4.8,62.921,0
33.236,29.481,1.7846,-2,63.304,147.38
33.424,29.281,1.8246,-2,63.697,173.05
33.597,29.081,1.7981,-2,64.129,203.42
33.78,28.881,1.7968,4.8,64.592,0
33.96,29.361,1.8043,-2,65.06,210.86
34.146,29.161,1.8141,-2,65.532,250.67
34.335,28.961,1.7966,4.8,66.041,0
34.519,29.441,1.793,-2,66.573,262.64
34.707,29.241,1.7838,-2,67.105,317.99
34.895,29.041,1.7468,4.8,67.678,0
35.075,29.521,1.7312,-2,68.25,337.47
35.251,29.321,1.6896,-2,68.819,421.35
35.422,29.121,1.617,-2,69.434,552.04
35.59,28.921,1.5264,4.8,70.072,0
35.741,29.401,1.4199,-2,70.723,646.89
35.885,29.201,1.276,-2,71.377,1047.6
36.016,29.001,1.1491,4.8,72.066,0
36.139,29.481,1.0766,-2,72.747,1412.9
36.255,29.281,1.0448,-2,73.428,3207.2
36.366,29.081,1.0565,-2,74.132,46812
36.469,28.881,1.1088,4.8,74.885,0
36.576,29.361,1.1829,-2,75.623,3683
36.685,29.161,1.2781,-2,76.365,8325.4
36.81,28.961,1.3156,4.8,77.126,0
