0,0,-0.44607,0,0,0.9373
-0.043347,0,-0.49198,7.8,35.491,17.512
-0.08773,0.78,-0.53359,7.8,35.436,19.29
-0.14762,1.56,-0.52726,7.8,35.304,20.998
-0.21021,2.34,-0.58859,7.8,35.097,22.854
-0.27092,3.12,-0.61219,7.8,34.797,24.628
-0.33398,3.9,-0.60843,7.8,34.424,26.348
-0.38763,4.68,-0.6116,7.8,33.967,28.064
-0.44058,5.46,-0.66958,7.8,33.421,29.893
-0.50921,6.24,-0.67471,6.7,32.79,29.332
-0.57712,6.91,-0.64059,6.7,32.082,30.773
-0.63834,7.58,-0.67773,6.7,31.296,32.35
-0.71411,8.25,-0.69303,-0.48395,30.445,18.816
-0.78291,8.2016,-0.66896,-0.50662,29.539,18.759
-0.84515,8.1509,-0.58238,-0.53039,28.635,18.551
-0.90822,8.0979,-0.55756,-0.55579,27.735,18.466
-0.95984,8.0423,-0.45883,-0.58232,26.834,18.195
-1.0036,7.9841,-0.30115,-0.61047,25.928,17.775
-1.0331,7.923,-0.22876,-0.63942,25.03,17.497
-1.0598,7.8591,-0.18768,-0.67002,24.142,17.27
-1.0705,7.7921,-0.085483,-0.70203,23.248,16.873
-1.0741,7.7219,-0.00022673,-0.73588,22.358,16.486
-1.0651,7.6483,0.014139,-0.77058,21.483,16.214
-1.0618,7.5713,0.083951,-0.80827,20.616,15.823
-1.0569,7.4904,0.22739,-0.84833,19.76,15.262
-1.0425,7.4056,0.20679,-0.89055,18.91,15.013
-1.0299,7.3165,0.1298,-0.93644,18.066,14.87
-1.023,7.2229,0.13741,-0.98671,17.228,14.542
-1.001,7.1242,0.14132,-1.0389,16.402,14.177
-0.98803,7.0203,0.11646,-1.0964,15.585,13.869
-0.98236,6.9107,0.15128,-1.1574,14.797,13.431
-0.96082,6.795,0.28172,-1.2202,14.023,12.743
-0.93508,6.6729,0.33118,-1.2869,13.262,12.197
-0.90531,6.5442,0.36471,-1.3573,12.518,11.653
-0.86372,6.4085,0.36825,-1.43,11.789,11.129
-0.82892,6.2655,0.42563,-1.509,11.077,10.478
-0.77641,6.1146,0.41803,-1.5918,10.37,9.9035
-0.72797,5.9554,0.43584,-1.6755,9.6988,9.2645
-0.68209,5.7879,0.47633,-1.7686,9.0329,8.5462
-0.62989,5.611,0.47209,-1.8584,8.4039,7.8968
-0.58206,5.4252,0.40895,-1.9551,7.7896,7.3474
-0.55062,5.2297,0.38899,-8.8,7.2082,0
-0.52049,4.3497,0.28642,-8.8,6.6689,0
-0.48583,3.4697,0.25163,-8.8,6.2184,0
-0.45636,2.5897,0.25966,-8.8,5.8646,0
-0.4283,1.7097,0.2552,-8.8,5.6045,0
-0.40253,0.82966,0.17458,0.17458,5.4378,2.526
-0.38322,0.84712,0.10735,-8.8,5.3196,0
-0.36898,0,-0.0071726,-0.0071726,5.2359,0.75642
-0.36168,0,-0.14358,-0.14358,5.1893,0.74145
-0.36821,0,-0.19685,-0.19685,5.1591,0.75482
-0.39163,0,-0.21937,-0.21937,5.1177,0.80284
-0.41508,0,-0.22689,-0.22689,5.0812,0.85092
-0.4386,0,-0.22177,-0.22177,5.0457,0.89914
-0.45408,0,-0.2519,-0.2519,5.0005,0.93087
-0.48775,0,-0.33785,-8.8,4.9635,0
-0.51167,0,-0.38898,-8.8,4.9626,0
-0.55999,0,-0.4008,-8.8,4.9557,0
-0.60592,0,-0.43495,-8.8,4.9411,0
-0.65799,0,-0.44952,-8.8,4.9234,0
-0.69397,0,-0.40634,-8.8,4.9002,0
-0.73888,0,-0.42484,-8.8,4.8628,0
-0.78507,0,-0.45256,-8.8,4.8235,0
-0.82451,0,-0.47175,-8.8,4.7781,0
-0.87749,0,-0.46984,-8.8,4.7317,0
-0.92272,0,-0.46884,-8.8,4.6944,0
-0.97491,0,-0.38963,-8.8,4.6469,0
-1.0137,0,-0.33097,-8.8,4.5936,0
-1.0403,0,-0.29342,-8.8,4.5429,0
-1.0747,0,-0.17777,-8.8,4.4802,0
-1.0898,0,-0.092258,-8.8,4.408,0
-1.1047,0,-0.072861,-8.8,4.3333,0
-1.1028,0,-0.022913,-8.8,4.2645,0
-1.1127,0,0.062931,-8.8,4.2013,0
-1.106,0,0.054401,-8.8,4.1297,0
-1.0956,0,0.057985,-8.8,4.0719,0
-1.0886,0,0.1009,-8.8,4.0029,0
-1.0782,0,0.1365,-8.8,3.9435,0
-1.0731,0,0.14443,-8.8,3.8898,0
-1.0514,0,0.14943,-8.8,3.8363,0
-1.0286,0,0.12172,-8.8,3.767,0
-1.023,0,0.086258,-8.8,3.7052,0
-1.0215,0,0.019011,-8.8,3.6413,0
-1.0218,0,-0.029128,-8.8,3.5888,0
-1.032,0,-0.10193,-8.8,3.5247,0
-1.0401,0,-0.14424,-8.8,3.4604,0
-1.0479,0,-0.19376,-8.8,3.3967,0
-1.0723,0,-0.22661,-8.8,3.3438,0
-1.0898,0,-0.26804,-8.8,3.2804,0
-1.1221,0,-0.29656,-8.8,3.2058,0
-1.1563,0,-0.31527,-8.8,3.1367,0
-1.179,0,-0.34628,-8.8,3.0695,0
-1.221,0,-0.35506,-8.8,3.0025,0
-1.2646,0,-0.36609,-8.8,2.9241,0
-1.2929,0,-0.37652,-8.8,2.833,0
-1.3336,0,-0.43958,-8.8,2.752,0
-1.3804,0,-0.47087,-8.8,2.669,0
-1.4237,0,-0.49889,-8.8,2.579,0
-1.4762,0,-0.50159,-8.8,2.4771,0
-1.5261,0,-0.43398,-8.8,2.3639,0
-1.5629,0,-0.3363,-8.8,2.2601,0
-1.6043,0,-0.2326,-8.8,2.1477,0
-1.6282,0,-0.11619,-8.8,2.0389,0
-1.6321,0,-0.014743,-8.8,1.921,0
-1.6243,0,0.053709,-8.8,1.7967,0
-1.6165,0,0.092888,-8.8,1.6719,0
-1.5995,0,0.12773,-8.8,1.5462,0
-1.5789,0,0.15179,-8.8,1.4298,0
-1.5601,0,0.14585,-8.8,1.3086,0
-1.5478,0,0.12249,-8.8,1.1925,0
-1.5428,0,0.14225,-8.8,1.0907,0
-1.5303,0,0.15928,-8.8,0.98879,0
-1.5235,0,0.14002,-8.8,0.87797,0
-1.5075,0,0.13951,-8.8,0.77743,0
-1.4938,0,0.14707,-8.8,0.67437,0
-1.4873,0,0.13191,-8.8,0.57588,0
-1.4664,0,0.10019,-8.8,0.48156,0
-1.4573,0,0.10139,-8.8,0.37408,0
-1.443,0,0.097261,-8.8,0.26444,0
-1.4295,0,0.084395,-8.8,0.16555,0
-1.4112,0,0.073244,-14.445,0.068586,0
-1.4043,0,0.075275,9.8,1,23.313
-1.4039,0.98,0.081584,-8.8,0.81705,0
-1.4026,0.1,0.093844,-8.8,0.63272,0
-1.3862,0,0.082172,-8.8,0.52226,0
-1.3729,0,0.094667,-8.8,0.43211,0
-1.3617,0,0.088966,-8.8,0.33192,0
-1.3455,0,0.067677,-8.8,0.24689,0
-1.3293,0,0.036141,-8.8,0.15509,0
-1.3168,0,0.023942,-11.779,0.073457,0
-1.3099,0,0.031234,-184.49,0.0046493,0
-1.3098,0,0.051135,-8.8,0.79929,0
-1.3095,0,0.11245,-8.8,0.71779,0
-1.2926,0,0.18533,-8.8,0.64002,0
-1.2815,0,0.26083,-8.8,0.54771,0
-1.2557,0,0.34069,-8.8,0.4672,0
-1.218,0,0.40552,-8.8,0.37747,0
-1.169,0,0.48105,-8.8,0.29827,0
-1.1109,0,0.54937,-8.8,0.2203,0
-1.0633,0,0.57367,-8.8,0.15575,0
-1.0073,0,0.53682,-8.8,0.091329,0
-0.94678,0,0.52282,-10.577,0.04038,0
-0.88726,0,0.49163,9.8,1,21.378
-0.83588,0.98,0.481,-8.8,0.86905,0
-0.78497,0.1,0.55299,-8.8,0.73303,0
-0.73111,0,0.64093,-8.8,0.68901,0
-0.65805,0,0.72159,-8.8,0.66733,0
-0.58432,0,0.78073,-8.8,0.64013,0
-0.50912,0,0.79905,-8.8,0.62025,0
-0.4214,0,0.78386,-8.8,0.61948,0
-0.34465,0,0.80624,-8.8,0.63421,0
-0.26682,0,0.79276,-8.8,0.64836,0
-0.19497,0,0.74229,-8.8,0.67433,0
-0.12409,0,0.67748,-8.8,0.71074,0
-0.052517,0,0.58728,-8.8,0.75419,0
0.009851,0,0.44031,-8.8,0.78651,0
0.058083,0,0.33102,-8.8,0.82503,0
0.087783,0,0.25504,-8.8,0.88065,0
0.10933,0,0.19912,-8.8,0.94217,0
0.13147,0,0.19073,-8.8,1.0059,0
0.14504,0,0.23433,-8.8,1.0669,0
0.16842,0,0.25445,-8.8,1.1233,0
0.19257,0,0.24573,-8.8,1.1825,0
0.22025,0,0.23695,-8.8,1.2438,0
0.24257,0,0.18482,-8.8,1.3117,0
0.26901,0,0.10007,-8.8,1.3832,0
0.28246,0,-0.00044885,-8.8,1.4525,0
0.28836,0,-0.089182,-8.8,1.516,0
0.28543,0,-0.15797,-8.8,1.5948,0
0.27111,0,-0.21735,-8.8,1.6698,0
0.24834,0,-0.27055,-8.8,1.7416,0
0.21295,0,-0.28133,-8.8,1.8034,0
0.18428,0,-0.28887,-8.8,1.8623,0
0.15296,0,-0.33718,-8.8,1.9151,0
0.12131,0,-0.36759,-8.8,1.9704,0
0.088771,0,-0.30574,-8.8,2.0221,0
0.063168,0,-0.26118,-8.8,2.0827,0
0.035761,0,-0.19385,-8.8,2.1354,0
0.023656,0,-0.10557,-8.8,2.1794,0
0.008581,0,0.020665,-8.8,2.2177,0
0.019782,0,0.077294,-8.8,2.2704,0
0.02385,0,0.12413,-8.8,2.3146,0
0.045045,0,0.15727,-8.8,2.3631,0
0.052456,0,0.15063,-8.8,2.4212,0
0.072542,0,0.060072,-8.8,2.4672,0
0.081165,0,-0.04485,-8.8,2.5245,0
0.079622,0,-0.11002,-8.8,2.5764,0
0.066858,0,-0.19563,-8.8,2.6361,0
0.05302,0,-0.25247,-8.8,2.6848,0
0.02525,0,-0.26125,-8.8,2.7261,0
-4.6999e-05,0,-0.27162,-8.8,2.7693,0
-0.021813,0,-0.33693,-8.8,2.815,0
-0.051699,0,-0.37553,-8.8,2.8493,0
-0.0992,0,-0.40314,-8.8,2.8793,0
-0.14033,0,-0.44578,-8.8,2.9154,0
-0.17526,0,-0.484,-8.8,2.9394,0
-0.23201,0,-0.48974,-8.8,2.9544,0
-0.28236,0,-0.50702,-8.8,2.9756,0
-0.33605,0,-0.51684,-8.8,2.9821,0
-0.3895,0,-0.45462,-8.8,2.9884,0
-0.43012,0,-0.38369,-8.8,2.9832,0
-0.4705,0,-0.33082,-8.8,2.9773,0
-0.49625,0,-0.2321,-8.8,2.98,0
-0.51392,0,-0.13543,-8.8,2.9761,0
-0.53721,0,-0.10193,-8.8,2.9602,0
-0.55363,0,-0.09132,-8.8,2.9429,0
-0.57271,0,-0.027694,-8.8,2.9355,0
-0.57538,0,-0.036501,-8.8,2.9131,0
-0.57356,0,-0.019652,-8.8,2.9047,0
-0.57643,0,0.011719,-8.8,2.8888,0
-0.57679,0,0.053063,-8.8,2.874,0
-0.57271,0,0.047805,-8.8,2.8544,0
-0.57101,0,0.043353,-8.8,2.8474,0
-0.56612,0,0.004691,-8.8,2.8257,0
-0.57382,0,-0.057487,-8.8,2.8193,0
-0.58819,0,-0.12457,-8.8,2.7964,0
-0.59279,0,-0.2333,-8.8,2.7859,0
-0.62415,0,-0.39871,-8.8,2.7697,0
-0.67275,0,-0.63334,-8.8,2.7462,0
-0.72783,0,-0.92516,-8.8,2.7107,0
-0.82099,0,-1.2225,-8.8,2.6741,0
-0.94913,0,-1.4732,-8.8,2.6348,0
-1.0989,0,-1.667,-8.8,2.5698,0
-1.2743,0,-1.7746,-8.8,2.5022,0
-1.4612,0,-1.8476,-8.8,2.4,0
-1.6439,0,-1.9272,-8.8,2.281,0
-1.8414,0,-1.987,-8.8,2.1552,0
-2.037,0,-2.0343,-8.8,2.0034,0
-2.2368,0,-2.1133,-8.8,1.8334,0
-2.4533,0,-2.1582,-8.8,1.648,0
-2.6668,0,-2.1875,-8.8,1.4349,0
-2.8928,0,-2.2412,-8.8,1.201,0
-3.1164,0,-2.2883,-8.8,0.94848,0
-3.3516,0,-2.3276,-10.834,0.66026,0
-3.5858,0,-2.3719,-19.946,0.36583,0
-3.8158,0,-2.3852,-74.745,0.10061,0
-4.0598,0,-2.408,-109.23,0.077148,0
-4.2923,0,-2.465,-46.501,0.20919,0
-4.5459,0,-2.5084,9.8,1,35.182
-4.7919,0.98,-2.5184,-36.569,0.4892,0
-5.0515,0,-2.5469,-178.75,0.07241,0
-5.3076,0,-2.5388,-34.016,0.44748,0
-5.5665,0,-2.4809,-200.6,0.0782,0
-5.821,0,-2.3409,-35.559,0.51002,0
-6.0615,0,-2.1271,-202.57,0.091652,0
-6.2717,0,-1.7972,-42.868,0.47886,0
-6.4449,0,-1.4684,-313.91,0.066472,0
-6.6016,0,-1.153,-23.235,0.98679,0
-6.7099,0,-0.9235,-52.497,0.43649,0
-6.8036,0,-0.79116,-708.38,0.032709,0
-6.8818,0,-0.77089,-8.9858,2.8825,0
-6.9599,0,-0.74408,-11.626,2.2257,0
-7.0426,0,-0.68984,-16.372,1.5814,0
-7.1085,0,-0.60171,-27.287,0.94679,0
-7.165,0,-0.53671,-71.46,0.36192,0
-7.2249,0,-0.49393,-2814.9,0.0092737,0
-7.2672,0,-0.4658,-0.4658,13.359,14.898
-7.3125,0,-0.47716,-0.47716,12.631,14.991
-7.3609,0,-0.4859,-0.4859,11.901,15.09
-7.401,0,-0.5036,-0.5036,11.17,15.172
-7.4522,0,-0.49766,-0.49766,10.436,15.277
-7.4968,0,-0.50841,-0.50841,9.6829,15.369
-7.5445,0,-0.48614,-0.48614,8.9246,15.466
-7.5921,0,-0.4875,-0.4875,8.1748,15.564
-7.6486,0,-0.4857,-0.4857,7.4146,15.68
-7.6936,0,-0.46984,-0.46984,6.6566,15.772
-7.7498,0,-0.45116,-0.45116,5.8969,15.887
-7.8044,0,-0.42784,-0.42784,5.1159,15.999
-7.8486,0,-0.44067,-8.8,4.3277,0
-7.8976,0,-0.40748,-9.131,3.575,0
-7.931,0,-0.42442,-11.534,2.831,0
-7.9674,0,-0.41631,-15.558,2.0962,0
-8.0021,0,-0.44645,-23.845,1.3683,0
-8.0464,0,-0.44959,-47.944,0.6816,0
-8.0908,0,-0.4533,-313.68,0.10449,0
-8.1359,0,-0.43847,-38.69,0.86522,0
-8.1868,0,-0.46936,-135.43,0.2483,0
-8.2357,0,-0.46769,-300.52,0.11302,0
-8.2798,0,-0.44832,-43.635,0.79371,0
-8.32,0,-0.4516,-190.2,0.1824,0
-8.3627,0,-0.45833,-119.31,0.29422,0
-8.4007,0,-0.4437,-694.96,0.050807,0
-8.4502,0,-0.42169,-13.752,2.6784,0
-8.4942,0,-0.41954,-19.464,1.8943,0
-8.5318,0,-0.41135,-32.08,1.1493,0
-8.5764,0,-0.33978,-81.128,0.45523,0
-8.6091,0,-0.23186,-4431.1,0.0083638,0
-8.6304,0,-0.11452,7.8,21.308,34.323
-8.6498,0.78,0.016234,0.016234,20.396,19.331
-8.6404,0.78162,0.15929,0.15929,19.451,19.315
-8.6248,0.79755,0.24009,0.24009,18.519,19.316
-8.5942,0.82156,0.24224,0.24224,17.577,19.302
-8.5743,0.84579,0.16931,0.16931,16.631,19.311
-8.5665,0.86272,0.10386,0.10386,15.699,19.33
-8.561,0.8731,-0.0098979,-0.0098979,14.762,19.34
-8.5577,0.87211,-0.10519,-0.10519,13.811,19.331
-8.5717,0.86159,-0.1613,-0.1613,12.871,19.338
-8.597,0.84546,-0.17873,-0.17873,11.921,19.357
-8.6123,0.82759,-0.22396,-0.22396,10.979,19.352
-8.6392,0.80519,-0.23239,-0.23239,10.03,19.361
-8.6545,0.78196,-0.26308,-0.26308,9.0835,19.345
-8.6752,0.75565,-0.30741,-0.30741,8.1356,19.333
-8.7105,0.72491,-0.31736,-0.31736,7.1998,19.343
-8.74,0.69317,-0.34209,-0.34209,6.2602,19.338
-8.779,0.65896,-0.3525,-8.8,5.3149,1.5976
-8.8061,0,-0.36528,-9.1519,4.4128,0
-8.8344,0,-0.35931,-11.27,3.5765,0
-8.8691,0,-0.37676,-14.663,2.753,0
-8.8983,0,-0.36081,-20.77,1.9398,0
-8.9403,0,-0.42557,-35.351,1.1443,0
-8.9867,0,-0.66952,-96.473,0.42149,0
-9.0573,0,-1.2808,9.8,1,41.851
-9.1814,0.98,-2.1488,-1317.8,0.03924,0
-9.3904,0,-3.1295,-3.1295,5.6016,19.25
-9.7092,0,-4.2063,-14.323,4.6592,0
-10.123,0,-5.2551,-18.987,3.7314,0
-10.655,0,-5.985,-26.312,2.7927,0
-11.258,0,-6.3416,-40.871,1.8353,0
-11.886,0,-6.4717,-86.001,0.88819,0
-12.524,0,-6.3724,-793.26,0.099664,0
-13.155,0,-5.9474,-37.019,2.7847,0
-13.751,0,-5.4312,-63.625,1.6247,0
-14.296,0,-4.9514,-193.91,0.54075,0
-14.796,0,-4.4846,-2200.9,0.049837,0
-15.248,0,-4.0854,-4.0854,9.548,31.258
-15.648,0,-3.8327,-3.8327,8.0302,32.078
-16.029,0,-3.5258,-3.5258,6.467,32.859
-16.387,0,-3.1231,-30.678,4.8729,0
-16.701,0,-2.6312,-44.012,3.3703,0
-16.973,0,-2.0245,-77.384,1.9113,0
-17.175,0,-1.4411,-251.33,0.59025,0
-17.325,0,-0.96806,-1140.3,0.13173,0
-17.416,0,-0.69704,-37.634,4.1056,0
-17.489,0,-0.61813,-60.616,2.5489,0
-17.555,0,-0.64955,-141.69,1.0925,0
-17.626,0,-0.67434,-4568.7,0.034007,0
-17.692,0,-0.67257,7.8,21.104,54.072
-17.767,0.78,-0.6273,-0.6273,19.288,38.021
-17.825,0.71727,-0.54097,-0.54097,17.43,38.011
-17.882,0.66317,-0.39565,-0.39565,15.578,38.018
-17.929,0.62361,-0.154,-0.154,13.731,38.032
-17.936,0.60821,0.11207,0.11207,11.883,38.015
-17.919,0.61942,0.44136,0.44136,10.03,38.004
-17.865,0.66355,0.80618,0.80618,8.1702,37.984
-17.777,0.74417,1.1758,1.1758,6.3073,37.968
-17.659,0.86175,1.4797,-37.04,4.4527,0
-17.513,0,1.8039,-53.265,2.7846,0
-17.337,0,2.0494,-113.66,1.2988,0
-17.129,0,2.1789,-1045.2,0.14006,0
-16.903,0,2.1141,-36.973,3.6547,0
-16.7,0,1.8477,-62.858,2.155,0
-16.508,0,1.387,-166.87,0.80983,0
-16.373,0,0.92485,-41565,0.0032249,0
-16.286,0,0.50781,7.8,206.2,48.71
-16.228,0.78,0.18716,7.8,204.54,50.862
-16.219,1.56,0.0051346,7.8,202.79,52.826
-16.224,2.34,-0.059782,7.8,200.97,54.572
-16.24,3.12,-0.12512,7.8,199.08,56.34
-16.254,3.9,-0.19037,7.8,197.1,58.106
-16.27,4.68,-0.20121,7.8,195.05,59.759
-16.281,5.46,-0.12097,7.8,192.92,61.212
-16.294,6.24,0.073015,6.7,190.71,60.12
-16.289,6.91,0.29482,6.7,188.43,61.017
-16.264,7.58,0.4791,6.7,186.07,61.952
-16.206,8.25,0.57078,6.7,183.65,63.015
-16.148,8.92,0.55291,6.7,181.19,64.306
-16.099,9.59,0.41831,6.7,178.65,65.862
-16.062,10.26,0.21831,6.7,176.05,67.58
-16.039,10.93,0.037404,6.7,173.38,69.287
-16.031,11.6,-0.082368,6.7,170.65,70.894
-16.049,12.27,-0.16665,4.8,167.86,68.489
-16.058,12.75,-0.22217,4.8,165,69.61
-16.076,13.23,-0.23964,4.8,162.09,70.667
-16.099,13.71,-0.2624,4.8,159.13,71.746
-16.13,14.19,-0.30413,4.8,156.12,72.881
-16.154,14.67,-0.35411,4.8,153.06,74.019
-16.193,15.15,-0.39098,4.8,149.95,75.16
-16.23,15.63,-0.43747,4.8,146.79,76.318
-16.282,16.11,-0.47573,4.8,143.57,77.489
-16.323,16.59,-0.48487,4.8,140.31,78.576
-16.371,17.07,-0.46629,4.8,136.99,79.62
-16.421,17.55,-0.44676,4.8,133.62,80.665
-16.467,18.03,-0.43237,4.8,130.19,81.714
-16.51,18.51,-0.40645,4.8,126.72,82.731
-16.56,18.99,-0.35142,4.8,123.19,83.703
-16.598,19.47,-0.23698,4.8,119.61,84.523
-16.615,19.95,-0.079353,4.8,115.97,85.21
-16.622,20.43,0.11096,4.8,112.28,85.81
-16.619,20.91,0.30205,4.8,108.54,86.385
-16.581,21.39,0.48177,4.8,104.76,86.915
-16.523,21.87,0.65271,4.8,100.94,87.421
-16.463,22.35,0.78993,4.8,97.078,87.992
-16.385,22.83,0.78441,4.8,93.183,88.828
-16.301,23.31,0.665,4.8,89.235,89.891
-16.231,23.79,0.51458,4.8,85.248,91.048
-16.171,24.27,0.29261,4.8,81.233,92.375
-16.135,24.75,0.0030894,4.8,77.173,93.893
-16.141,25.23,-0.087926,4.8,73.067,95.081
-16.152,25.71,-0.084441,4.8,68.906,96.081
-16.154,26.19,-0.14102,4.8,64.697,97.188
-16.162,26.67,-0.18355,4.8,60.44,98.277
-16.175,27.15,-0.12612,-3.0857,56.131,82.597
-16.195,26.841,-0.12467,-3.4554,51.81,81.225
-16.203,26.496,-0.082343,-3.8993,47.517,79.513
-16.219,26.106,0.048243,-4.4402,43.264,77.336
-16.218,25.662,0.13711,-5.1069,39.052,74.835
-16.21,25.151,0.12818,-5.942,34.897,72.035
-16.192,24.557,0.094188,-7.0165,30.783,68.593
-16.181,23.855,0.034192,-7.84,26.75,65.529
-16.181,23.071,-0.067695,-7.84,22.793,64.137
-16.192,22.287,-0.1308,-7.84,18.904,62.684
-16.205,21.503,-0.15408,-47.282,15.086,0
-16.229,16.775,-0.19845,-47.317,11.559,0
-16.247,12.043,-0.22676,-47.313,8.4986,0
-16.274,7.3121,-0.24826,-47.329,5.9081,0
-16.302,2.5792,-0.28951,-47.36,3.7871,0
-16.327,0,-0.31263,-63.036,2.1251,0
-16.354,0,-0.30494,-165.57,0.80918,0
-16.377,0,-0.30972,-32760,0.0040934,0
-16.409,0,-0.28606,7.8,162.16,50.628
-16.445,0.78,-0.18709,7.8,160.47,52.093
-16.457,1.56,-0.02863,7.8,158.7,53.385
-16.469,2.34,0.15189,7.8,156.86,54.629
-16.446,3.12,0.32129,7.8,154.95,55.824
-16.414,3.9,0.4742,7.8,152.96,57.036
-16.362,4.68,0.60834,7.8,150.9,58.248
-16.304,5.46,0.68491,7.8,148.75,59.566
-16.228,6.24,0.72727,6.7,146.54,58.609
-16.145,6.91,0.77907,6.7,144.27,59.704
-16.066,7.58,0.84273,6.7,141.93,60.781
-15.989,8.25,0.87863,6.7,139.54,61.921
-15.896,8.92,0.89969,6.7,137.08,63.061
-15.804,9.59,0.91049,6.7,134.57,64.223
-15.715,10.26,0.9185,6.7,131.99,65.397
-15.626,10.93,0.92687,6.7,129.36,66.571
-15.524,11.6,0.91151,6.7,126.68,67.767
-15.435,12.27,0.86084,4.8,123.93,65.073
-15.355,12.75,0.84156,4.8,121.13,65.933
-15.272,13.23,0.77893,4.8,118.31,66.878
-15.185,13.71,0.62717,4.8,115.45,68.002
-15.121,14.19,0.46809,4.8,112.54,69.19
-15.084,14.67,0.3387,4.8,109.59,70.369
-15.058,15.15,0.2182,4.8,106.59,71.553
-15.042,15.63,0.1339,4.8,103.55,72.683
-15.022,16.11,0.12648,4.8,100.47,73.641
-15.015,16.59,0.16538,4.8,97.325,74.528
-15,17.07,0.2392,4.8,94.135,75.326
-14.977,17.55,0.32834,4.8,90.91,76.076
-14.941,18.03,0.43415,4.8,87.638,76.765
-14.895,18.51,0.56927,4.8,84.317,77.371
-14.841,18.99,0.70775,4.8,80.951,77.953
-14.762,19.47,0.80907,4.8,77.554,78.562
-14.675,19.95,0.86352,4.8,74.103,79.253
-14.597,20.43,0.89284,4.8,70.624,80.016
-14.501,20.91,0.90038,4.8,67.104,80.786
-14.406,21.39,0.88651,4.8,63.546,81.604
-14.311,21.87,0.86881,4.8,59.953,82.432
-14.225,22.35,0.89552,4.8,56.318,83.183
