9.4444,9.4444,1.9031,0,0,2.929
9.626,9.4444,1.8144,6.7,35.504,31.367
9.7981,10.114,1.6397,6.7,35.494,36.448
9.9553,10.784,1.5351,6.7,35.444,40.889
10.116,11.454,1.4524,-0.080551,35.337,0.9542
10.268,11.446,1.3814,-0.071301,35.206,0.81574
10.398,11.439,1.3093,-0.063328,35.09,0.68596
10.538,11.433,1.2337,-0.054625,34.991,0.5483
10.664,11.427,1.1445,-0.046786,34.904,0.40302
10.772,11.423,1.0239,-0.039992,34.828,0.24028
10.872,11.419,0.93215,-0.033705,34.76,0.1135
10.964,11.415,0.90982,-0.02789,34.708,0.042705
11.047,11.413,0.89142,-0.022643,34.672,0
11.134,11.41,0.8745,-0.017088,34.648,0
11.214,11.409,0.86192,-0.01203,34.634,0
11.306,11.407,0.84215,-0.0063111,34.612,0
11.385,11.407,0.79569,-0.0013339,34.606,0
11.457,11.407,0.76366,0.043619,34.613,0
11.534,11.411,0.71144,0.10622,34.617,0
11.61,11.422,0.64605,0.16279,34.635,0
11.675,11.438,0.60042,0.20416,34.647,0
11.729,11.458,0.5455,0.23242,34.669,0
11.782,11.482,0.48774,0.25767,34.69,0
11.829,11.507,0.45834,0.27449,34.719,0
11.88,11.535,0.47227,0.29395,34.744,0
11.936,11.564,0.47624,0.31527,34.775,0
11.977,11.596,0.48177,0.3224,34.818,0
12.033,11.628,0.48403,0.34103,34.855,0
12.078,11.662,0.47497,0.34935,34.896,0
12.118,11.697,0.48468,0.35176,34.946,0
12.163,11.732,0.47686,0.35909,34.992,0
12.203,11.768,0.45971,0.36077,35.037,0
12.245,11.804,0.42572,0.36475,35.087,0
12.295,11.841,0.41549,0.37387,35.137,0
12.328,11.878,0.35354,0.36867,35.183,0
12.358,11.915,0.30114,0.36197,35.236,0
12.383,11.951,0.2488,0.35157,35.281,0
12.413,11.986,0.21502,0.34583,35.317,0
12.436,12.021,0.1536,0.33535,35.352,0
12.459,12.054,0.070662,0.32579,35.399,0
12.47,12.087,-0.064822,0.30702,35.439,0.081203
12.458,12.118,-0.23939,0.27197,35.471,0.68216
12.437,12.145,-0.43146,0.23247,35.502,1.5198
12.391,12.168,-0.6053,0.17733,35.523,2.4376
12.332,12.186,-0.73171,0.11575,35.546,3.1904
12.251,12.197,-0.85705,0.042592,35.561,4.0109
12.158,12.202,-0.97438,-0.0027875,35.554,5.0793
12.067,12.201,-1.0605,-0.0085655,35.549,6.2474
11.968,12.201,-1.1782,-0.014873,35.527,7.8982
11.846,12.199,-1.3189,-0.022572,35.504,10.132
11.718,12.197,-1.4128,-0.030655,35.471,12.021
11.581,12.194,-1.496,-0.03929,35.409,13.94
11.425,12.19,-1.5743,-0.049221,35.342,16.018
11.268,12.185,-1.5923,-0.059238,35.252,17.183
11.099,12.179,-1.5938,-0.070067,35.149,18.148
10.942,12.172,-1.548,-0.080136,35.042,18.234
10.792,12.164,-1.4308,-0.089838,34.915,17.13
10.647,12.155,-1.3797,-0.099398,34.765,17.087
10.516,12.145,-1.2608,-0.10807,34.609,15.968
10.385,12.134,-1.0933,-0.11689,34.443,14.295
10.284,12.123,-0.94065,-0.12377,34.263,12.829
10.2,12.11,-0.8167,-0.12963,34.074,11.743
10.123,12.097,-0.65026,-0.13506,33.88,10.285
10.057,12.084,-0.40738,-0.13985,33.686,8.292
10.006,12.07,-0.17968,-0.14368,33.474,6.6808
9.9804,12.055,-0.024544,-0.14578,33.266,5.6939
9.9788,12.041,0.13968,-0.14612,33.067,4.7098
9.9953,12.026,0.32749,-0.14516,32.868,3.7179
10.032,12.012,0.34282,-0.14279,32.667,3.5106
10.068,11.997,0.38512,-0.14034,32.471,3.2036
10.106,11.983,0.51683,-0.13767,32.287,2.6108
10.157,11.97,0.52475,-0.13401,32.107,2.4352
10.208,11.956,0.43223,-0.13022,31.938,2.5761
10.246,11.943,0.31222,-0.12735,31.774,2.8727
10.274,11.93,0.17099,-0.12512,31.617,3.3347
10.296,11.918,-0.14679,-0.1234,31.457,4.8686
10.28,11.906,-0.36745,-0.12468,31.29,6.3442
10.246,11.893,-0.40438,-0.12719,31.132,6.6906
10.212,11.88,-0.47795,-0.12992,30.959,7.3431
10.168,11.867,-0.7415,-0.13338,30.784,9.8392
10.092,11.854,-0.89907,-0.13944,30.613,11.792
10.009,11.84,-1.0134,-0.14612,30.432,13.463
9.9148,11.825,-1.1621,-0.15392,30.236,15.794
9.8083,11.81,-1.289,-0.16272,30.045,18.094
9.6791,11.794,-1.3182,-0.17366,29.834,19.133
9.548,11.776,-1.3099,-0.18499,29.61,19.595
9.4247,11.758,-1.275,-0.19581,29.385,19.59
9.293,11.738,-1.2189,-0.20771,29.139,19.302
9.1719,11.718,-1.1505,-0.21882,28.896,18.781
9.0653,11.696,-1.0613,-0.22908,28.633,17.909
8.9683,11.673,-0.96011,-0.23873,28.364,16.871
8.8779,11.649,-0.87357,-0.24813,28.081,16.042
8.7847,11.624,-0.85436,-0.2578,27.807,16.095
8.7055,11.598,-0.80232,-0.26646,27.526,15.667
8.62,11.572,-0.7045,-0.27595,27.238,14.738
8.5495,11.544,-0.65576,-0.28437,26.939,14.336
8.4843,11.516,-0.66001,-0.29238,26.643,14.51
8.4199,11.486,-0.72674,-0.30048,26.345,15.401
8.3472,11.456,-0.81544,-0.30975,26.037,16.635
8.2671,11.425,-0.88645,-0.32008,25.723,17.73
8.1779,11.393,-0.90923,-0.33161,25.405,18.251
8.0919,11.36,-0.90995,-0.34332,25.076,18.454
7.9994,11.326,-0.85035,-0.35576,24.756,17.88
7.9077,11.29,-0.8018,-0.36885,24.416,17.449
7.8315,11.253,-0.76965,-0.38055,24.074,17.154
7.7457,11.215,-0.80248,-0.39345,23.739,17.718
7.6711,11.176,-1.0156,-0.4055,23.399,20.71
7.5739,11.135,-1.2833,-0.42092,23.044,25.094
7.4436,11.093,-1.6094,-0.44115,22.676,31.495
7.281,11.049,-1.8209,-0.46616,22.301,36.572
7.1002,11.003,-1.834,-0.49487,21.908,37.482
6.92,10.953,-1.6739,-0.52444,21.514,34.509
6.748,10.901,-1.5644,-0.55446,21.105,32.715
6.6012,10.845,-1.3564,-0.58225,20.692,29.035
6.4585,10.787,-1.1404,-0.61068,20.272,25.564
6.3519,10.726,-0.90249,-0.63533,19.844,21.969
6.2633,10.662,-0.62982,-0.65881,19.404,18.286
6.2037,10.597,-0.21487,-0.67893,18.96,13.602
6.1792,10.529,0.20005,-0.69401,18.519,9.8804
6.1994,10.459,0.49361,-0.70121,18.094,7.6526
6.2509,10.389,0.64733,-0.70339,17.668,6.456
6.3221,10.319,0.78003,-0.70033,17.268,5.4805
6.3938,10.249,0.86282,-0.69581,16.885,4.8148
6.4745,10.179,0.94564,-0.6892,16.505,4.213
6.5749,10.11,1.0067,-0.67662,16.152,3.7137
6.6809,10.043,1.0164,-0.66198,15.806,3.3675
6.7852,9.9764,1.0617,-0.64521,15.488,2.9968
6.885,9.9119,1.1041,-0.62811,15.181,2.6861
6.9976,9.8491,1.1454,-0.60716,14.883,2.4057
7.1214,9.7884,1.0974,-0.58149,14.612,2.209
7.2234,9.7302,1.0624,-0.55891,14.36,2.0358
7.3268,9.6743,1.0263,-0.53442,14.126,1.8676
7.4206,9.6209,1.0033,-0.51134,13.9,1.7095
7.5196,9.5697,0.94036,-0.48554,13.694,1.5676
7.6091,9.5212,0.96608,-0.46155,13.492,1.4094
7.7105,9.475,0.97429,-0.43337,13.308,1.2608
7.8139,9.4317,0.96698,-0.40424,13.131,1.122
7.9027,9.3913,1.0149,-0.37789,12.969,1.0258
8.0034,9.3535,1.1016,-0.34786,12.819,0.9832
8.1081,9.3187,1.1013,-0.31549,12.7,0.88964
8.2153,9.2871,1.0858,-0.28218,12.594,0.78332
8.3244,9.2589,1.0797,-0.24869,12.487,0.69153
8.4407,9.2341,1.0265,-0.21304,12.397,0.53759
8.5479,9.2128,0.93792,-0.17968,12.33,0.35007
8.6488,9.1948,0.91491,-0.14847,12.269,0.2439
8.7346,9.1799,0.93513,-0.1217,12.219,0.20203
8.8308,9.1678,0.92948,-0.092557,12.171,0.12668
8.9218,9.1585,0.90766,-0.065158,12.147,0.034561
9.0151,9.152,0.89629,-0.037702,12.135,0
9.0993,9.1482,0.86507,-0.013492,12.122,0
9.1795,9.1469,0.81296,0.016021,12.112,0
9.2651,9.1485,0.72521,0.057248,12.116,0
9.3347,9.1542,0.61552,0.088642,12.127,0
9.394,9.1631,0.46496,0.11344,12.154,0
9.4353,9.1744,0.37805,0.12818,12.185,0
9.4657,9.1872,0.30914,0.13674,12.211,0
9.5002,9.2009,0.23749,0.14691,12.237,0
9.5319,9.2156,0.13495,0.15514,12.267,0
9.5425,9.2311,0.048127,0.1526,12.294,0
9.5388,9.2464,-0.057244,0.1433,12.33,0
9.5404,9.2607,-0.19587,0.13695,12.354,0.22625
9.53,9.2744,-0.3297,0.12504,12.377,0.72172
9.4925,9.2869,-0.40972,0.1005,12.4,1.1048
9.4427,9.297,-0.43214,0.071222,12.416,1.2657
9.4077,9.3041,-0.44571,0.050615,12.425,1.3707
9.3646,9.3091,-0.46221,0.027059,12.428,1.4971
9.3266,9.3118,-0.43816,0.0071902,12.43,1.4269
9.2763,9.3126,-0.34663,-0.0097982,12.42,1.1173
9.2407,9.3116,-0.28766,-0.019188,12.406,0.95148
9.2086,9.3097,-0.27145,-0.027404,12.392,0.9459
9.1729,9.3069,-0.32508,-0.036393,12.378,1.2129
9.1409,9.3033,-0.44198,-0.044206,12.356,1.7822
9.0886,9.2989,-0.59169,-0.057366,12.335,2.6747
9.0229,9.2931,-0.75842,-0.073873,12.315,3.886
8.9466,9.2857,-0.81229,-0.092974,12.287,4.4455
8.8636,9.2764,-0.75197,-0.11365,12.247,4.1742
8.7965,9.2651,-0.71312,-0.1295,12.209,4.0273
8.726,9.2521,-0.70909,-0.14629,12.153,4.1283
8.649,9.2375,-0.56848,-0.16447,12.103,3.3463
8.5923,9.221,-0.43754,-0.17673,12.047,2.6863
8.5451,9.2034,-0.51804,-0.18633,11.981,3.1853
8.5021,9.1847,-0.47802,-0.19481,11.907,3.0012
8.4572,9.1653,-0.37585,-0.20375,11.83,2.5102
8.4269,9.1449,-0.37206,-0.20827,11.755,2.503
8.383,9.1241,-0.438,-0.21682,11.677,2.8765
8.3362,9.1024,-0.27468,-0.22596,11.602,2.1289
8.3104,9.0798,-0.29813,-0.22897,11.52,2.2294
8.2821,9.0569,-0.39587,-0.23242,11.446,2.6966
8.2381,9.0336,-0.42147,-0.24051,11.373,2.8592
8.2024,9.0096,-0.48546,-0.246,11.298,3.2201
8.1467,8.985,-0.72442,-0.25803,11.21,4.8149
8.0722,8.9592,-0.95044,-0.27576,11.121,6.7637
7.9859,8.9316,-1.1148,-0.2973,11.025,8.504
7.8754,8.9019,-1.2661,-0.32679,10.917,10.397
7.7514,8.8692,-1.2168,-0.36022,10.81,10.003
7.6383,8.8332,-0.84398,-0.39051,10.69,6.4057
7.5449,8.7941,-0.26884,-0.4147,10.559,2.7973
7.5124,8.7527,0.25812,-0.41805,10.429,1.1335
7.533,8.7109,0.69084,-0.40326,10.299,0.70611
7.605,8.6705,0.99219,-0.36984,10.183,0.81509
7.7015,8.6335,1.2053,-0.32762,10.077,1.0751
7.8194,8.6008,1.3597,-0.27721,9.9956,1.3439
7.9589,8.5731,1.5587,-0.21943,9.9319,1.8364
8.1068,8.5511,1.7276,-0.15954,9.8852,2.353
8.2884,8.5352,1.8563,-0.089042,9.8452,2.7946
8.4835,8.5263,1.8895,-0.015447,9.8242,2.8807
8.6651,8.5247,1.8836,0.064456,9.8379,2.7267
8.8544,8.5312,1.8426,0.14849,9.8608,2.3974
9.0322,8.546,1.8271,0.22338,9.8941,2.1931
9.2212,8.5684,1.8098,0.29996,9.9427,1.9788
9.4019,8.5983,1.7881,0.36913,10.006,1.7606
9.5847,8.6353,1.7591,0.43673,10.101,1.5133
9.7568,8.6789,1.7149,0.49558,10.192,1.2252
9.9327,8.7285,1.6115,0.55366,10.301,0.71481
10.097,8.7839,1.4847,0.60413,10.433,0.15947
10.239,8.8443,1.339,0.64129,10.559,0
10.371,8.9084,1.2005,0.673,10.71,0
10.486,8.9757,1.076,0.69492,10.862,0
10.599,9.0452,1.031,0.7143,11.012,0
10.7,9.1166,0.9889,0.72738,11.165,0
10.789,9.1894,0.95344,0.7343,11.324,0
10.884,9.2628,0.86801,0.74364,11.484,0
10.98,9.3372,0.73005,0.75272,11.644,0
11.049,9.4124,0.60137,0.74885,11.803,0
11.116,9.4873,0.49251,0.74445,11.966,0
11.161,9.5618,0.41816,0.73033,12.131,0
11.211,9.6348,0.36665,0.71933,12.294,0
11.25,9.7067,0.30107,0.70366,12.453,0
11.274,9.7771,0.21296,0.68161,12.603,0
11.29,9.8452,0.12348,0.65672,12.744,0
11.306,9.9109,0.020218,0.63258,12.876,0
11.307,9.9742,-0.066878,0.60416,13.019,0
11.307,10.035,-0.12098,0.57638,13.155,0
11.3,10.092,-0.17576,0.54618,13.277,0
11.278,10.147,-0.25113,0.5106,13.387,0
11.262,10.198,-0.35058,0.47963,13.496,0
11.22,10.246,-0.46502,0.4389,13.595,0.40665
11.174,10.29,-0.57539,0.39753,13.683,1.0556
11.113,10.33,-0.6894,0.35168,13.762,1.8265
11.042,10.365,-0.71539,0.30367,13.826,2.1172
10.966,10.395,-0.86763,0.25547,13.882,3.3022
10.883,10.421,-1.1233,0.20698,13.927,5.6418
10.777,10.441,-1.1095,0.15005,13.967,5.6784
10.662,10.456,-1.1306,0.091783,13.996,6.0603
10.554,10.465,-1.218,0.039526,14.007,7.1208
10.434,10.469,-1.1608,-0.008803,14.007,6.7471
10.311,10.469,-0.98329,-0.039619,13.992,5.4101
10.214,10.465,-1.0485,-0.063275,13.965,6.2677
10.118,10.458,-0.85311,-0.086063,13.939,4.8127
10.037,10.45,-0.60684,-0.10487,13.906,3.2565
9.9714,10.439,-0.38913,-0.1193,13.86,2.1776
9.9405,10.427,-0.17734,-0.12463,13.815,1.3216
9.9311,10.415,0.040537,-0.12454,13.758,0.65695
9.9292,10.402,0.036716,-0.12227,13.717,0.64851
9.9391,10.39,0.017179,-0.11711,13.667,0.66045
9.9344,10.378,0.070324,-0.11581,13.619,0.52129
9.9368,10.367,0.099951,-0.11256,13.58,0.4349
9.9456,10.356,0.029295,-0.10769,13.542,0.56236
9.9397,10.345,-0.13627,-0.10674,13.508,1.0229
9.9289,10.334,-0.29849,-0.10717,13.469,1.6257
9.9076,10.323,-0.32693,-0.11044,13.424,1.7659
9.8752,10.312,-0.37305,-0.11658,13.383,2.0148
9.8353,10.301,-0.51171,-0.12475,13.33,2.7805
9.7914,10.288,-0.57363,-0.13376,13.285,3.2061
9.7412,10.275,-0.63168,-0.14439,13.234,3.6484
9.6717,10.26,-0.81194,-0.15998,13.186,5.0664
9.5814,10.244,-0.88894,-0.18119,13.128,5.8807
9.5004,10.226,-0.79912,-0.19999,13.049,5.2899
9.4214,10.206,-0.64182,-0.21804,12.967,4.2647
9.3617,10.184,-0.41033,-0.23018,12.894,2.9449
9.3225,10.161,-0.18946,-0.23687,12.803,1.9482
9.3096,10.138,0.010427,-0.23562,12.725,1.2413
9.3071,10.114,0.22534,-0.23164,12.638,0.70374
9.326,10.091,0.42431,-0.22123,12.562,0.38129
9.3751,10.069,0.6108,-0.20233,12.48,0.21567
9.441,10.049,0.81325,-0.17826,12.419,0.21089
9.519,10.031,0.9915,-0.15079,12.372,0.34098
9.6168,10.016,1.1311,-0.11797,12.333,0.51802
9.7304,10.004,1.1763,-0.08105,12.308,0.55467
9.857,9.9959,1.0969,-0.041229,12.288,0.32168
9.9686,9.9918,0.98583,-0.0068794,12.273,0.043587
10.066,9.9911,0.8884,0.032186,12.27,0
10.164,9.9943,0.83202,0.072629,12.278,0
10.242,10.002,0.83961,0.10297,12.289,0
10.333,10.012,0.88524,0.13782,12.322,0
10.425,10.026,0.86553,0.17149,12.355,0
10.505,10.043,0.79968,0.19833,12.408,0
10.583,10.063,0.69896,0.22361,12.465,0
10.645,10.085,0.5763,0.24063,12.51,0
10.7,10.109,0.49021,0.25355,12.558,0
10.742,10.134,0.45293,0.26076,12.619,0
10.783,10.16,0.4331,0.26723,12.674,0
10.823,10.187,0.45565,0.27272,12.74,0
10.865,10.214,0.54417,0.27937,12.814,0
10.914,10.242,0.51367,0.28833,12.879,0
10.97,10.271,0.44918,0.30035,12.953,0
11.014,10.301,0.37925,0.30594,13.014,0
11.048,10.332,0.26271,0.30749,13.08,0
11.07,10.363,0.062504,0.30336,13.142,0
11.07,10.393,-0.057011,0.29018,13.216,0
11.071,10.422,-0.16034,0.27846,13.288,0
11.056,10.45,-0.10495,0.25992,13.346,0
11.051,10.476,-0.016093,0.24618,13.398,0
11.049,10.5,0.047577,0.23478,13.45,0
11.044,10.524,0.051448,0.22265,13.509,0
11.043,10.546,0.029784,0.21274,13.561,0
11.052,10.567,-0.048836,0.20731,13.613,0
11.052,10.588,0.040218,0.19868,13.658,0
11.065,10.608,-0.14258,0.19547,13.705,0
11.059,10.628,-0.61643,0.18475,13.75,1.7828
11.006,10.646,-0.83596,0.154,13.785,3.2913
10.931,10.661,-1.1863,0.11509,13.825,6.4958
10.803,10.673,-1.7425,0.055577,13.836,14.202
10.632,10.679,-1.6199,-0.012102,13.847,12.604
10.476,10.677,-0.79443,-0.052704,13.825,3.9933
10.395,10.672,-0.080912,-0.073019,13.791,0.63667
10.382,10.665,0.54108,-0.074634,13.758,0
10.438,10.657,1.092,-0.058049,13.742,0.33143
10.544,10.651,1.3615,-0.028398,13.717,0.95803
10.687,10.649,1.2537,0.016184,13.706,0.61066
10.82,10.65,1.0325,0.072102,13.724,0
10.928,10.657,0.97364,0.11512,13.736,0
11.026,10.669,0.99298,0.15176,13.763,0
11.121,10.684,0.96968,0.18577,13.799,0
11.226,10.703,0.9922,0.22258,13.845,0
11.322,10.725,0.99876,0.2541,13.896,0
11.417,10.75,0.97866,0.28361,13.965,0
11.516,10.779,1.004,0.3137,14.033,0
11.623,10.81,0.99603,0.34611,14.117,0
11.721,10.845,0.98288,0.37331,14.202,0
11.827,10.882,0.99554,0.40228,14.298,0
11.922,10.922,0.99849,0.42561,14.393,0
12.026,10.965,0.9857,0.45182,14.496,0
12.123,11.01,0.99745,0.47387,14.61,0
12.216,11.057,0.9946,0.49321,14.72,0
12.32,11.107,0.99048,0.51594,14.829,0
12.419,11.158,0.98768,0.53569,14.943,0
12.515,11.212,0.99095,0.55317,15.07,0
12.616,11.267,0.99244,0.57268,15.207,0
12.71,11.324,0.99684,0.58778,15.337,0
12.809,11.383,0.99142,0.60487,15.484,0
12.901,11.444,1.0013,0.61754,15.622,0
13.003,11.506,1.0063,0.63369,15.761,0
13.11,11.569,1.0041,0.65201,15.922,0
13.212,11.634,0.99944,0.6674,16.076,0
13.304,11.701,1.003,0.67752,16.245,0
13.405,11.769,0.9959,0.69085,16.398,0
13.511,11.838,0.99862,0.70616,16.569,0
13.62,11.908,1.0743,0.72161,16.735,0
13.728,11.98,1.169,0.73587,16.905,0
13.842,12.054,1.2753,0.75213,17.085,0
13.978,12.129,1.3724,0.77705,17.269,0
14.113,12.207,1.4338,0.80019,17.452,0
14.265,12.287,1.4259,0.82968,17.653,0
14.401,12.37,1.4304,0.85087,17.847,0
14.538,12.455,1.4737,0.87138,18.055,0
14.69,12.542,1.5688,0.8976,18.269,0.23996
14.837,12.632,1.729,0.92015,18.485,0.9074
15.013,12.724,1.913,0.95416,18.717,1.7413
15.204,12.819,2.079,0.99331,18.96,2.5554
15.408,12.919,2.188,1.0349,19.199,3.1182
15.631,13.022,2.2259,1.0831,19.456,3.297
15.861,13.13,2.1904,1.1319,19.732,3.0627
16.073,13.244,2.0975,1.1708,20.009,2.5255
16.276,13.361,1.9492,1.2034,20.291,1.7164
16.47,13.481,1.7749,1.2315,20.59,0.81725
16.645,13.604,1.576,1.2497,20.886,0
16.797,13.729,1.2848,1.2583,21.201,0
16.916,13.855,0.92062,1.2528,21.51,0
17.01,13.98,0.57803,1.2362,21.806,0
17.076,14.104,0.32428,1.2097,22.106,0
17.106,14.225,0.12409,1.1694,22.391,0
17.114,14.342,-0.0030182,1.1229,22.682,0
17.12,14.454,-0.14829,1.0775,22.963,0
17.106,14.562,-0.2851,1.0256,23.215,0
17.08,14.664,-0.36959,0.97113,23.454,0
17.049,14.762,-0.47038,0.91756,23.681,0
16.996,14.853,-0.55875,0.85771,23.907,0
16.942,14.939,-0.52247,0.80023,24.109,0
16.881,15.019,-0.44355,0.7424,24.301,0
16.837,15.093,-0.48425,0.69392,24.473,0
16.787,15.163,-0.59194,0.64512,24.64,0
16.73,15.227,-0.76916,0.59609,24.802,0.98314
16.645,15.287,-0.86269,0.53811,24.944,1.812
16.565,15.341,-0.8681,0.48455,25.066,2.0576
16.488,15.389,-0.86198,0.43417,25.19,2.2143
16.396,15.433,-0.84613,0.3805,25.297,2.3171
16.319,15.471,-0.73695,0.33469,25.39,1.7787
16.237,15.504,-0.53719,0.28887,25.473,0.8509
16.189,15.533,-0.16364,0.25862,25.54,0
16.166,15.559,0.292,0.23907,25.606,0
16.186,15.583,0.82104,0.23731,25.659,0
16.275,15.606,1.3612,0.26312,25.718,0.53324
16.422,15.633,1.6129,0.31013,25.79,1.3712
16.586,15.664,1.5624,0.36257,25.872,1.1095
16.747,15.7,1.4859,0.41122,25.979,0.757
16.898,15.741,1.5144,0.45417,26.093,0.80919
17.049,15.787,1.498,0.49559,26.221,0.69452
17.207,15.836,1.4663,0.53785,26.35,0.52127
17.345,15.89,1.5241,0.57028,26.489,0.70738
17.5,15.947,1.4923,0.6079,26.639,0.5384
17.649,16.008,1.4211,0.64169,26.794,0.22421
17.782,16.072,1.4757,0.66773,26.956,0.40741
17.926,16.139,1.6623,0.69713,27.131,1.1642
18.086,16.208,1.7702,0.73133,27.318,1.6319
18.265,16.282,1.8175,0.77192,27.509,1.832
18.449,16.359,1.7868,0.81221,27.718,1.6567
18.626,16.44,1.7231,0.84844,27.928,1.33
18.792,16.525,1.6525,0.8785,28.16,0.97956
18.958,16.613,1.5972,0.9074,28.387,0.70949
19.122,16.703,1.6448,0.93413,28.628,0.91501
19.294,16.797,1.7044,0.96272,28.869,1.1883
19.46,16.893,1.7051,0.98816,29.127,1.1839
19.631,16.992,1.7224,1.0141,29.383,1.2651
19.794,17.093,1.7614,1.0358,29.65,1.4618
19.978,17.197,1.777,1.0645,29.928,1.5395
20.152,17.303,1.705,1.0884,30.211,1.1735
20.328,17.412,1.6138,1.1122,30.508,0.71956
20.493,17.523,1.4761,1.13,30.802,0.068701
20.649,17.636,1.2579,1.1438,31.091,0
20.772,17.751,1.0647,1.1441,31.385,0
20.881,17.865,0.99889,1.1399,31.691,0
20.979,17.979,0.94282,1.1313,31.988,0
21.066,18.092,0.87684,1.119,32.293,0
21.146,18.204,0.81744,1.1043,32.584,0
21.235,18.315,0.69256,1.0939,32.869,0
21.299,18.424,0.54462,1.0746,33.158,0
21.359,18.531,0.47732,1.0545,33.436,0
21.412,18.637,0.42673,1.0326,33.715,0
21.453,18.74,0.37865,1.0072,33.984,0
21.489,18.841,0.39082,0.98155,34.252,0
21.519,18.939,0.40065,0.95404,34.507,0
21.549,19.034,0.37423,0.92845,34.767,0
21.585,19.127,0.39633,0.90562,35.009,0
21.626,19.218,0.47342,0.88549,35.243,0
21.673,19.306,0.50016,0.86883,35.482,0
21.718,19.393,0.50847,0.85208,35.719,0
21.762,19.478,0.51219,0.83562,35.95,0
21.815,19.562,0.5142,0.82344,36.184,0
21.863,19.644,0.45779,0.80951,36.401,0
21.912,19.725,0.47218,0.79679,36.627,0
21.959,19.805,0.47654,0.7836,36.843,0
22.014,19.883,0.43585,0.77398,37.05,0
22.063,19.961,0.28932,0.76225,37.254,0
22.083,20.037,0.26836,0.74099,37.459,0
22.109,20.111,-0.14567,0.7225,37.658,0
