0,0,1.277,0,0,0
0.12506,0,1.482,7.8,35.498,47.232
0.27485,0.78,1.396,7.8,35.478,52.474
0.40584,1.56,1.4501,7.8,35.401,55.713
0.5552,2.34,1.4705,7.8,35.253,59.393
0.69995,3.12,1.5512,7.8,35.042,62.139
0.84916,3.9,1.5289,7.8,34.767,66.565
1.0008,4.68,1.4646,7.8,34.423,71.745
1.152,5.46,1.4428,7.8,34.029,76.264
1.2969,6.24,1.4243,6.7,33.561,68.277
1.4311,6.91,1.3751,6.7,33.03,72.613
1.5689,7.58,1.3768,6.7,32.462,76.087
1.7104,8.25,1.4103,6.7,31.844,78.994
1.8606,8.92,1.4063,-0.39904,31.162,14.279
2.0065,8.8801,1.3771,-0.4015,30.458,13.722
2.1483,8.8399,1.4023,-0.40384,29.774,12.836
2.2918,8.7996,1.4272,-0.4056,29.11,11.977
2.4416,8.759,1.3834,-0.40639,28.472,11.531
2.5809,8.7184,1.3686,-0.40742,27.849,10.955
2.7146,8.6776,1.3568,-0.40821,27.251,10.394
2.8418,8.6368,1.3057,-0.40897,26.671,10.079
2.9823,8.5959,1.2632,-0.40851,26.098,9.6779
3.1117,8.5551,1.2209,-0.40841,25.539,9.3153
3.2388,8.5142,1.1757,-0.40762,25.01,8.9806
3.3638,8.4734,1.0897,-0.4068,24.484,8.8705
3.4821,8.4328,0.99254,-0.40603,23.971,8.8467
3.5724,8.3922,0.93979,-0.40658,23.491,8.6737
3.6691,8.3515,0.88988,-0.40618,23.024,8.4667
3.758,8.3109,0.83964,-0.40606,22.568,8.2883
3.8413,8.2703,0.83194,-0.40604,22.123,7.898
3.9292,8.2297,0.83881,-0.40499,21.696,7.4291
4.0057,8.1892,0.82206,-0.40494,21.269,7.1228
4.0912,8.1487,0.82653,-0.4037,20.85,6.6938
4.1723,8.1083,0.80053,-0.40213,20.451,6.4331
4.248,8.0681,0.78222,-0.40061,20.064,6.1564
4.3243,8.028,0.76693,-0.39886,19.68,5.869
4.3926,7.9882,0.77675,-0.39747,19.307,5.5012
4.4623,7.9484,0.76288,-0.39495,18.96,5.2423
4.534,7.9089,0.75693,-0.39186,18.619,4.9528
4.6051,7.8697,0.73457,-0.38815,18.294,4.737
4.6885,7.8309,0.76571,-0.3828,17.968,4.3002
4.771,7.7926,0.7685,-0.37677,17.66,3.988
4.8536,7.755,0.80881,-0.36984,17.37,3.5751
4.9293,7.718,0.8634,-0.36355,17.081,3.1716
5.0209,7.6816,0.91692,-0.35462,16.802,2.7839
5.1105,7.6462,0.93738,-0.34518,16.538,2.507
5.2065,7.6116,0.9483,-0.33398,16.292,2.2585
5.3092,7.5782,0.90619,-0.32123,16.056,2.1003
5.3932,7.5461,0.88157,-0.31054,15.831,1.9474
5.4792,7.5151,0.89003,-0.29907,15.614,1.7496
5.5743,7.4852,0.857,-0.28529,15.422,1.604
5.657,7.4566,0.83614,-0.27274,15.244,1.4652
5.7405,7.4294,0.85041,-0.25984,15.069,1.2931
5.8325,7.4034,0.84677,-0.24522,14.903,1.1394
5.9219,7.3788,0.82524,-0.23043,14.754,1.0105
6.0036,7.3558,0.84593,-0.21656,14.612,0.87061
6.0901,7.3341,0.88382,-0.2015,14.484,0.73745
6.1802,7.314,0.93427,-0.18541,14.375,0.62721
6.2789,7.2955,0.97538,-0.16784,14.267,0.53854
6.3791,7.2787,0.99251,-0.14974,14.176,0.46017
6.485,7.2637,0.99132,-0.13046,14.101,0.37763
6.5922,7.2507,1.0011,-0.11113,14.022,0.31407
6.6847,7.2395,0.99306,-0.094081,13.969,0.24912
6.7907,7.2301,0.97746,-0.074853,13.918,0.17294
6.893,7.2226,0.98461,-0.056285,13.888,0.13335
6.9999,7.217,0.99551,-0.037143,13.865,0.10784
7.106,7.2133,0.98447,-0.018383,13.851,0.05567
7.2028,7.2115,0.95462,-0.001492,13.839,0
7.2925,7.2113,0.92136,0.066798,13.845,0
7.3806,7.218,0.91646,0.13359,13.848,0
7.4634,7.2314,0.89897,0.19037,13.869,0
7.5601,7.2504,0.83289,0.25349,13.903,0
7.6472,7.2757,0.82079,0.30288,13.937,0
7.7297,7.306,0.8283,0.34412,13.982,0
7.8087,7.3404,0.7643,0.37836,14.023,0
7.8895,7.3783,0.70593,0.41049,14.062,0
7.9595,7.4193,0.67496,0.43102,14.109,0
8.0237,7.4624,0.57899,0.44534,14.173,0
8.0882,7.507,0.46345,0.45813,14.225,0
8.1431,7.5528,0.35015,0.46214,14.279,0
8.1796,7.599,0.26694,0.45133,14.33,0
8.216,7.6441,0.21428,0.44186,14.391,0
8.2425,7.6883,0.1694,0.42573,14.454,0
8.2606,7.7309,0.14681,0.40481,14.518,0
8.2774,7.7714,0.22544,0.38457,14.571,0
8.2953,7.8098,0.28375,0.36687,14.612,0
8.3261,7.8465,0.32767,0.36066,14.661,0
8.3684,7.8826,0.37233,0.36382,14.717,0
8.4048,7.919,0.44448,0.36207,14.764,0
8.4562,7.9552,0.44731,0.37183,14.821,0
8.4955,7.9923,0.45545,0.37181,14.881,0
8.551,8.0295,0.4723,0.38359,14.936,0
8.5957,8.0679,0.47027,0.38629,14.982,0
8.6416,8.1065,0.46179,0.38963,15.031,0
8.6812,8.1455,0.48361,0.38807,15.081,0
8.7335,8.1843,0.46795,0.39611,15.139,0
8.7711,8.2239,0.47648,0.39264,15.189,0
8.8168,8.2632,0.54918,0.39553,15.252,0
8.8665,8.3027,0.56508,0.40077,15.303,0
8.9169,8.3428,0.58443,0.40612,15.358,0
8.9665,8.3834,0.61322,0.41045,15.412,0
9.0355,8.4244,0.61269,0.42784,15.462,0
9.0942,8.4672,0.63177,0.43694,15.526,0
9.1649,8.5109,0.69739,0.45354,15.592,0
9.24,8.5563,0.75111,0.47151,15.649,0
9.323,8.6034,0.83506,0.4938,15.725,0
9.4032,8.6528,0.92626,0.51207,15.794,0
9.4901,8.704,1.0005,0.53351,15.873,0
9.589,8.7574,1.0585,0.56127,15.954,0
9.6982,8.8135,1.1469,0.59367,16.043,0
9.8214,8.8729,1.2332,0.63257,16.133,0
9.9459,8.9361,1.308,0.66903,16.23,0
10.08,9.003,1.3452,0.70926,16.341,0
10.218,9.0739,1.3877,0.74837,16.46,0
10.36,9.1488,1.3726,0.78603,16.58,0
10.488,9.2274,1.3416,0.81187,16.7,0
10.62,9.3086,1.3365,0.83806,16.824,0
10.76,9.3924,1.3592,0.86726,16.965,0
10.902,9.4791,1.3923,0.89462,17.1,0
11.035,9.5686,1.4242,0.91472,17.246,0
11.187,9.66,1.4599,0.94421,17.387,0
11.334,9.7545,1.4771,0.9687,17.539,0
11.491,9.8513,1.5132,0.99769,17.705,0
11.634,9.9511,1.5337,1.0151,17.87,0
11.792,10.053,1.5395,1.0401,18.036,0
11.937,10.157,1.5457,1.0559,18.218,0
12.097,10.262,1.5435,1.0789,18.399,0
12.248,10.37,1.51,1.0943,18.579,0
12.408,10.48,1.4756,1.1142,18.766,0
12.547,10.591,1.4954,1.1204,18.953,0
12.688,10.703,1.5029,1.1281,19.16,0
12.833,10.816,1.4915,1.1366,19.354,0
12.973,10.929,1.4942,1.1418,19.56,0
13.12,11.044,1.5212,1.1503,19.756,0
13.281,11.159,1.5276,1.1668,19.966,0
13.434,11.275,1.4955,1.1772,20.172,0
13.577,11.393,1.4836,1.1815,20.387,0
13.72,11.511,1.4485,1.1858,20.605,0
13.865,11.63,1.3596,1.1904,20.824,0
13.992,11.749,1.2944,1.186,21.053,0
14.129,11.867,1.2644,1.1868,21.273,0
14.263,11.986,1.2163,1.1866,21.501,0
14.389,12.105,1.2067,1.1817,21.724,0
14.511,12.223,1.2197,1.176,21.959,0
14.629,12.341,1.1926,1.168,22.183,0
14.756,12.457,1.207,1.1657,22.417,0
14.868,12.574,1.2547,1.1554,22.639,0
14.994,12.689,1.2836,1.1536,22.87,0
15.131,12.805,1.2989,1.1571,23.101,0
15.261,12.921,1.3514,1.1574,23.337,0
15.392,13.036,1.3853,1.1581,23.571,0
15.53,13.152,1.3796,1.1621,23.813,0
15.673,13.268,1.3625,1.169,24.058,0
15.807,13.385,1.4033,1.1698,24.29,0
15.948,13.502,1.3903,1.1748,24.529,0
16.078,13.62,1.3257,1.1744,24.778,0
16.218,13.737,1.2904,1.1784,25.022,0
16.353,13.855,1.2747,1.1799,25.27,0
16.471,13.973,1.1762,1.1733,25.513,0
16.598,14.09,1.1143,1.1718,25.769,0
16.705,14.207,1.1173,1.1609,26.017,0
16.82,14.324,1.098,1.1544,26.258,0
16.926,14.439,1.025,1.1442,26.506,0
17.023,14.553,1.0846,1.1305,26.753,0
17.137,14.666,1.169,1.1259,27.007,0
17.259,14.779,1.2699,1.1249,27.248,0
17.383,14.892,1.3422,1.1248,27.502,0
17.509,15.004,1.4526,1.1258,27.75,0
17.646,15.117,1.4727,1.1321,28.009,0
17.785,15.23,1.4655,1.1383,28.259,0
17.925,15.344,1.4233,1.1454,28.519,0
18.073,15.458,1.4141,1.1553,28.784,0
18.211,15.574,1.3673,1.1602,29.052,0
18.344,15.69,1.3097,1.1627,29.322,0
18.478,15.806,1.2687,1.1653,29.583,0
18.614,15.923,1.2223,1.1686,29.845,0
18.732,16.039,1.1531,1.1645,30.12,0
18.855,16.156,1.132,1.1628,30.397,0
18.966,16.272,1.1563,1.1553,30.658,0
19.09,16.388,1.1748,1.1547,30.935,0
19.203,16.503,1.1701,1.1491,31.207,0
19.328,16.618,1.1867,1.149,31.483,0
19.444,16.733,1.1706,1.1454,31.759,0
19.57,16.847,1.0895,1.1458,32.03,0
19.679,16.962,1.0295,1.1388,32.3,0
19.776,17.076,0.96403,1.1279,32.575,0
19.881,17.189,0.89846,1.1202,32.837,0
19.962,17.301,0.83423,1.1035,33.115,0
20.048,17.411,0.81905,1.0898,33.381,0
20.121,17.52,0.76866,1.0709,33.635,0
20.205,17.627,0.69889,1.0576,33.897,0
20.283,17.733,0.64327,1.0429,34.157,0
20.343,17.837,0.60923,1.0218,34.418,0
20.413,17.939,0.54867,1.0057,34.665,0
20.46,18.04,0.47767,0.98095,34.919,0
20.504,18.138,0.46145,0.95624,35.153,0
20.542,18.234,0.41382,0.93034,35.387,0
20.592,18.327,0.36992,0.91038,35.613,0
20.635,18.418,0.33241,0.88858,35.836,0
20.676,18.507,0.32619,0.86727,36.056,0
20.71,18.593,0.3015,0.84414,36.278,0
20.744,18.678,0.29622,0.82219,36.496,0
20.775,18.76,0.2448,0.79988,36.696,0
20.805,18.84,0.22741,0.77814,36.895,0
20.824,18.918,0.18205,0.75297,37.089,0
20.84,18.993,0.14062,0.72798,37.271,0
20.863,19.066,0.10186,0.70683,37.444,0
20.875,19.137,0.11993,0.68264,37.628,0
20.884,19.205,0.076178,0.65806,37.807,0
20.895,19.271,0.033323,0.6355,37.974,0
20.907,19.334,-0.0072403,0.6139,38.124,0
20.909,19.396,-0.04116,0.5899,38.27,0
20.909,19.455,-0.080996,0.56575,38.413,0
20.909,19.511,-0.11895,0.54294,38.55,0
20.889,19.565,-0.10151,0.51301,38.68,0
20.878,19.617,-0.024952,0.48849,38.809,0
20.87,19.666,0.050697,0.46571,38.936,0
20.868,19.712,0.18621,0.44628,39.045,0
20.894,19.757,0.35597,0.43858,39.155,0
20.933,19.801,0.49026,0.4361,39.258,0
20.974,19.844,0.52892,0.43461,39.365,0
21.028,19.888,0.60588,0.43821,39.48,0
21.099,19.931,0.60376,0.44801,39.603,0
21.167,19.976,0.63026,0.45636,39.714,0
21.235,20.022,0.62682,0.46463,39.833,0
21.288,20.068,0.67835,0.4666,39.955,0
21.357,20.115,0.67465,0.47475,40.082,0
21.419,20.163,0.72944,0.47936,40.202,0
21.483,20.21,0.77357,0.4851,40.333,0
21.559,20.259,0.82558,0.49481,40.458,0
21.641,20.308,0.8763,0.50669,40.591,0
21.737,20.359,0.94739,0.52317,40.72,0
21.827,20.411,0.924,0.53687,40.864,0
21.921,20.465,0.8361,0.55158,41.003,0
21.999,20.52,0.81393,0.55961,41.154,0
22.088,20.576,0.85249,0.57112,41.307,0
22.163,20.633,0.90085,0.57726,41.455,0
22.258,20.691,0.94966,0.59075,41.618,0
22.357,20.75,1.0133,0.60493,41.787,0
22.467,20.811,1.026,0.62277,41.945,0
22.568,20.873,0.98774,0.63648,42.12,0
22.662,20.937,0.96098,0.64678,42.301,0
22.762,21.001,1.0333,0.65916,42.483,0
22.87,21.067,1.1553,0.67419,42.67,0
22.993,21.135,1.2272,0.69381,42.856,0
23.107,21.204,1.2407,0.70959,43.053,0
23.225,21.275,1.2692,0.72584,43.239,0
23.345,21.348,1.2827,0.74229,43.432,0
23.466,21.422,1.3037,0.75833,43.631,0
23.599,21.498,1.3838,0.7783,43.832,0.10419
23.73,21.575,1.4614,0.79652,44.038,0.42117
23.87,21.655,1.4494,0.81689,44.247,0.36291
24.012,21.737,1.424,0.83785,44.464,0.24695
24.161,21.821,1.4021,0.85997,44.687,0.14603
24.308,21.907,1.357,0.8807,44.928,0
24.445,21.995,1.3315,0.89704,45.165,0
24.579,22.084,1.3007,0.91126,45.402,0
24.715,22.175,1.1952,0.92577,45.661,0
24.838,22.268,1.038,0.93501,45.914,0
24.935,22.362,0.90925,0.93479,46.179,0
25.023,22.455,0.78691,0.93084,46.435,0
25.107,22.548,0.67257,0.9256,46.683,0
25.172,22.641,0.57704,0.91381,46.945,0
25.224,22.732,0.52755,0.89766,47.197,0
25.28,22.822,0.50727,0.88399,47.437,0
25.328,22.91,0.53851,0.86747,47.678,0
25.387,22.997,0.62762,0.85586,47.91,0
25.44,23.083,0.69916,0.84263,48.15,0
25.512,23.167,0.65309,0.83711,48.394,0
25.584,23.25,0.5691,0.83162,48.635,0
25.643,23.334,0.43518,0.82158,48.873,0
25.682,23.416,0.31808,0.80488,49.097,0
25.714,23.496,0.24171,0.7863,49.324,0
25.73,23.575,0.22654,0.76289,49.544,0
25.762,23.651,0.20064,0.74604,49.755,0
25.777,23.726,0.14954,0.72394,49.972,0
25.788,23.798,0.030298,0.7012,50.183,0
25.795,23.868,-0.042167,0.67816,50.38,0
25.798,23.936,-0.078198,0.6544,50.565,0
25.791,24.002,-0.071377,0.62799,50.748,0
25.776,24.064,-0.015655,0.59999,50.921,0
25.785,24.124,0.062655,0.58113,51.085,0
25.794,24.182,0.09595,0.56348,51.247,0
25.797,24.239,0.054404,0.5442,51.396,0
25.802,24.293,-0.05381,0.52614,51.554,0
25.788,24.346,-0.19676,0.50259,51.698,0
25.767,24.396,-0.33654,0.47716,51.829,0
25.727,24.444,-0.43906,0.4462,51.97,0
25.677,24.488,-0.44875,0.41286,52.092,0
25.625,24.53,-0.42536,0.37996,52.202,0
25.576,24.568,-0.38895,0.34966,52.3,0
25.529,24.603,-0.30413,0.32098,52.394,0
25.502,24.635,-0.29833,0.30019,52.492,0
25.466,24.665,-0.41603,0.27728,52.566,0.067989
25.415,24.693,-0.53929,0.24979,52.633,0.7173
25.356,24.718,-0.6427,0.22077,52.701,1.382
25.292,24.74,-0.88448,0.19068,52.763,3.0826
25.198,24.759,-1.0566,0.15182,52.812,4.704
25.1,24.774,-1.102,0.11254,52.851,5.3591
24.986,24.785,-1.0422,0.069484,52.882,5.0742
24.89,24.792,-0.96533,0.033623,52.902,4.6234
24.786,24.795,-0.73192,-0.0006843,52.905,3.1072
24.708,24.795,-0.47067,-0.0062357,52.905,1.8522
24.651,24.795,-0.093219,-0.010208,52.891,0.52728
24.651,24.794,0.32984,-0.010166,52.871,0
24.685,24.793,0.78588,-0.0076741,52.85,0
24.772,24.792,1.3483,-0.0014386,52.846,0.8928
24.915,24.792,2.0075,0.042625,52.843,3.3828
25.109,24.796,2.6979,0.10775,52.864,7.0785
25.388,24.807,3.0923,0.20029,52.909,9.699
25.691,24.827,3.4935,0.29796,52.984,12.707
26.04,24.857,3.6367,0.40784,53.097,14.042
26.411,24.897,3.1348,0.5214,53.235,10.58
26.727,24.95,2.1964,0.61203,53.401,4.5688
26.94,25.011,1.5986,0.6637,53.596,1.4225
27.103,25.077,1.2988,0.69591,53.789,0.10305
27.239,25.147,1.0164,0.71786,53.997,0
27.343,25.219,0.86859,0.72809,54.214,0
27.434,25.291,0.96157,4.8,54.429,13.731
27.54,25.771,0.96805,0.58849,54.62,0
27.634,25.83,0.67614,0.59983,54.804,0
27.697,25.89,0.48039,0.60013,54.99,0
27.739,25.95,0.66471,0.59357,55.167,0
27.807,26.01,0.90683,0.59602,55.352,0
27.904,26.069,1.0489,4.8,55.537,14.392
28.003,26.549,1.1321,0.46854,55.704,0
28.114,26.596,1.2071,0.48883,55.85,0.048348
28.242,26.645,1.2767,0.51388,56.012,0.30004
28.377,26.696,1.2986,0.54064,56.179,0.3804
28.503,26.75,1.3218,0.5634,56.345,0.47282
28.643,26.807,1.3611,4.8,56.533,11.402
28.778,27.287,1.4313,0.46648,56.708,1.0129
28.919,27.333,1.4809,0.49584,56.871,1.2375
29.073,27.383,1.5086,0.52793,57.027,1.3791
29.221,27.436,1.5043,0.55745,57.198,1.3781
29.379,27.491,1.512,0.58914,57.372,1.4371
29.539,27.55,1.5047,4.8,57.573,9.4606
29.682,28.03,1.4686,0.50202,57.755,1.286
29.833,28.081,1.4304,0.53239,57.93,1.1349
29.98,28.134,1.4296,0.56046,58.102,1.1527
30.113,28.19,1.4143,0.58356,58.283,1.1019
30.256,28.248,1.3978,4.8,58.486,10.279
30.4,28.728,1.4281,0.49436,58.669,1.1976
30.543,28.778,1.4808,0.52191,58.832,1.4677
30.683,28.83,1.4912,0.54775,59.005,1.5478
30.836,28.885,1.4566,0.57662,59.195,1.418
30.986,28.942,1.405,4.8,59.388,10.053
31.136,29.422,1.3715,0.49366,59.577,1.0411
31.282,29.472,1.3617,0.52138,59.751,1.0258
31.411,29.524,1.3878,0.5436,59.937,1.1711
31.543,29.578,1.4449,0.56564,60.126,1.4722
31.693,29.635,1.5017,-2,60.332,71.555
31.852,29.435,1.5454,-2,60.559,83.614
32.003,29.235,1.5894,-2,60.815,97.228
32.156,29.035,1.6489,4.8,61.12,3.6164
32.33,29.515,1.7069,-2,61.415,100.23
32.498,29.315,1.7471,-2,61.721,116.6
32.666,29.115,1.7726,-2,62.066,135.55
32.846,28.915,1.7832,4.8,62.45,0
33.032,29.395,1.7579,-2,62.831,140.4
33.206,29.195,1.7109,-2,63.204,164.29
33.376,28.995,1.6949,4.8,63.633,0
33.551,29.475,1.679,-2,64.056,169.2
33.717,29.275,1.6523,-2,64.474,199.48
33.887,29.075,1.6444,-2,64.939,237.2
34.042,28.875,1.6635,4.8,65.432,0
34.208,29.355,1.6834,-2,65.929,240.4
34.371,29.155,1.7188,-2,66.441,284.87
34.552,28.955,1.7779,4.8,66.977,0
34.722,29.435,1.8263,-2,67.519,288.39
34.91,29.235,1.8543,-2,68.064,347.39
35.095,29.035,1.8575,4.8,68.645,0
35.287,29.515,1.8277,-2,69.244,368.11
35.464,29.315,1.7851,-2,69.84,461.52
35.65,29.115,1.7398,-2,70.466,604.37
35.832,28.915,1.717,4.8,71.132,0
36.012,29.395,1.6959,-2,71.816,658.77
36.18,29.195,1.6818,-2,72.506,900.65
36.339,28.995,1.6659,4.8,73.227,0
36.509,29.475,1.6763,-2,73.953,946.95
36.683,29.275,1.6987,-2,74.682,1373.3
36.856,29.075,1.7198,-2,75.449,2291.5
37.031,28.875,1.7459,4.8,76.253,0
37.211,29.355,1.7782,-2,77.05,2273.9
37.389,29.155,1.7912,-2,77.847,5735.9
37.57,28.955,1.782,4.8,78.685,0
37.75,29.435,1.7586,-2,79.53,11884
37.918,29.235,1.7378,-2,80.38,0
38.099,29.035,1.7058,4.8,81.266,0
38.265,29.515,1.6839,-2,82.15,0
38.437,29.315,1.6704,-2,83.049,0
38.606,29.115,1.6728,-2,83.988,0
38.78,28.915,1.6836,4.8,84.956,0
38.949,29.395,1.7141,-2,85.935,0
39.125,29.195,1.7181,-2,86.903,0
39.303,28.995,1.7169,4.8,87.905,0
39.482,29.475,1.7187,-2,88.916,0
39.644,29.275,1.6974,-2,89.937,0
39.814,29.075,1.6588,-2,90.987,0
39.974,28.875,1.6329,4.8,92.082,0
40.132,29.355,1.6057,-2,93.183,0
40.286,29.155,1.5868,-2,94.282,0
40.445,28.955,1.5815,4.8,95.423,0
40.605,29.435,1.5771,-2,96.561,0
40.765,29.235,1.5851,-2,97.695,0
40.917,29.035,1.5933,4.8,98.869,0
41.077,29.515,1.6112,-2,100.04,0
41.232,29.315,1.6636,-2,101.22,0
41.39,29.115,1.7421,-2,102.43,0
41.556,28.915,1.7998,4.8,103.67,5.3668
41.737,29.395,1.8467,-2,104.92,0
41.926,29.195,1.8855,-2,106.17,0
42.113,28.995,1.8742,4.8,107.47,10.455
42.304,29.475,1.8376,-2,108.77,0
42.482,29.275,1.8058,-2,110.08,0
42.671,29.075,1.7788,-2,111.41,0
42.85,28.875,1.7446,4.8,112.78,19.026
43.035,29.355,1.7232,-2,114.16,0
43.21,29.155,1.6988,-2,115.54,0
43.372,28.955,1.686,4.8,116.97,24.81
43.541,29.435,1.6681,-2,118.38,0
43.708,29.235,1.6473,-2,119.82,0
43.867,29.035,1.6389,4.8,121.29,31.373
44.022,29.515,1.6113,-2,122.75,0
44.176,29.315,1.6008,-2,124.22,0
44.335,29.115,1.6088,-2,125.73,0
44.494,28.915,1.5998,4.8,127.26,47.042
44.663,29.395,1.5864,-2,128.8,0
44.83,29.195,1.6171,-2,130.35,0
44.999,28.995,1.6191,4.8,131.93,58.883
45.159,29.475,1.5785,-2,133.52,0
45.308,29.275,1.5744,-2,135.1,0
45.466,29.075,1.5779,-2,136.72,0
45.632,28.875,1.5704,4.8,138.38,84.734
45.799,29.355,1.5394,-2,140.03,0
45.961,29.155,1.535,-2,141.7,0
46.107,28.955,1.5536,4.8,143.4,102.49
46.27,29.435,1.552,-2,145.09,0
46.433,29.235,1.5176,-2,146.78,0
46.578,29.035,1.5297,4.8,148.52,123.81
46.724,29.515,1.5871,-2,150.25,0
46.88,29.315,1.602,-2,151.99,0
47.039,29.115,1.5927,-2,153.77,0
47.2,28.915,1.6107,4.8,155.58,177.3
47.361,29.395,1.6099,-2,157.4,0
47.523,29.195,1.5715,-2,159.21,0
47.677,28.995,1.5553,4.8,161.07,218.18
47.825,29.475,1.5708,-2,162.91,0
47.985,29.275,1.5731,-2,164.76,0
48.132,29.075,1.5997,-2,166.66,0
48.302,28.875,1.6404,4.8,168.59,319.74
48.467,29.355,1.672,-2,170.52,0
48.627,29.155,1.6919,-2,172.45,0
48.797,28.955,1.6882,4.8,174.42,400.52
48.975,29.435,1.6757,-2,176.38,0
49.152,29.235,1.6498,-2,178.36,0
49.318,29.035,1.5976,4.8,180.37,560.79
49.473,29.515,1.5577,-2,182.37,0
49.62,29.315,1.5719,-2,184.38,0
49.783,29.115,1.5753,-2,186.44,0
49.944,28.915,1.5614,4.8,188.53,1129.3
50.098,29.395,1.5811,-2,190.62,0
50.254,29.195,1.6387,-2,192.71,0
50.421,28.995,1.6075,4.8,194.84,1774.9
50.589,29.475,1.5457,-2,196.97,0
50.749,29.275,1.5249,-2,199.1,0
50.903,29.075,1.5394,-2,201.27,0
51.066,28.875,1.4364,4.8,203.47,0
51.217,29.355,1.7031,-2,205.67,0
