0,0,0.0057119,0,0,0
0.00046593,0,-0.015434,7.8,35.492,74
-0.0094079,0.78,0.0039935,7.8,35.456,75.579
-0.012907,1.56,0.0061759,7.8,35.334,77.18
-0.012202,2.34,0.01017,7.8,35.135,78.769
-0.0051824,3.12,0.0089304,7.8,34.858,80.357
-0.013119,3.9,0.0063388,7.8,34.515,81.977
-0.020128,4.68,0.00060222,7.8,34.081,83.603
-0.026407,5.46,-0.0046335,7.8,33.569,85.226
-0.020541,6.24,-0.0024305,6.7,32.989,84.497
-0.026979,6.91,-0.0031358,6.7,32.329,85.885
-0.03187,7.58,-0.0012467,6.7,31.601,87.264
-0.030463,8.25,-0.0017139,-0.43825,30.814,73.637
-0.021237,8.2062,-0.0026609,-0.45266,29.994,73.5
-0.01448,8.1609,-0.0076787,-0.46782,29.182,73.372
-0.010688,8.1141,-0.010728,-0.48404,28.371,73.24
-0.020188,8.0657,-0.014722,-0.50183,27.568,73.132
-0.031598,8.0155,-0.015665,-0.52091,26.764,73.014
-0.029854,7.9635,-0.015898,-0.54057,25.952,72.863
-0.036818,7.9094,-0.01637,-0.56135,25.163,72.724
-0.031983,7.8533,-0.012377,-0.58269,24.372,72.545
-0.031411,7.795,-0.0088562,-0.60527,23.594,72.37
-0.029477,7.7345,-0.0046234,-0.62906,22.82,72.183
-0.02403,7.6716,-0.0034517,-0.65407,22.05,71.988
-0.031993,7.6061,-0.0041621,-0.68182,21.285,71.813
-0.041086,7.538,-0.0043137,-0.71118,20.529,71.631
-0.037357,7.4668,-0.0036087,-0.74117,19.778,71.413
-0.02964,7.3927,-0.0073736,-0.7732,19.025,71.186
-0.02689,7.3154,-0.0059532,-0.80768,18.281,70.946
-0.034574,7.2346,-0.0028913,-0.84498,17.552,70.711
-0.032825,7.1501,-0.00031159,-0.88442,16.821,70.446
-0.039358,7.0617,-0.001251,-0.92634,16.11,70.192
-0.033023,6.9691,0.00087133,-0.96961,15.404,69.894
-0.02493,6.8721,0.0021128,-1.0151,14.709,69.58
-0.021942,6.7706,0.0023437,-1.0634,14.032,69.264
-0.016546,6.6643,-0.0022072,-1.1164,13.349,68.933
-0.019514,6.5526,0.004929,-1.1736,12.682,68.575
-0.015094,6.4353,0.0079841,-1.2316,12.034,68.198
-0.021436,6.3121,0.008929,-1.2967,11.391,67.819
-0.013628,6.1824,0.0089339,-1.3629,10.759,67.398
-0.011908,6.0461,0.013704,-1.4315,10.153,66.961
-0.0098215,5.903,0.0061009,-1.5065,9.5487,66.522
-0.011504,5.7523,0.0002223,-1.5848,8.9648,66.064
-0.0021976,5.5939,0.002269,-1.6652,8.3907,65.547
0.0030821,5.4273,0.0056102,-1.747,7.8412,9.1244
-0.0005869,5.2526,0.001318,-8.8,7.3102,0
0.0050575,4.3726,0.0043706,-8.8,6.8316,0
0.0057365,3.4926,0.0090714,-8.8,6.4443,0
0.016596,2.6126,0.0063096,-8.8,6.1489,0
0.0167,1.7326,-0.0019669,-0.25546,5.9281,3.7488
0.018664,1.7071,-0.0047891,-8.8,5.7651,0
0.022003,0.82708,-0.010194,-0.010194,5.6366,2.0103
0.022448,0.82606,-0.013251,-0.013251,5.5469,1.9972
0.020171,0.82474,-0.012141,-0.012141,5.4595,2.0002
0.026239,0.82353,-0.0039157,-8.8,5.3853,0
0.017807,0,-0.00062683,-0.00062683,5.3424,0
0.0144,0,0.001961,0.001961,5.3447,0
0.020035,0.0001961,-0.0013286,-0.0013286,5.34,0
0.013822,6.3231e-05,-0.0041472,-0.0041472,5.3422,0
0.0090473,0,-0.0062672,-0.0062672,5.3395,0
0.0093403,0,-0.0053276,-0.0053276,5.3382,0
0.0060609,0,-0.0027442,-0.0027442,5.3445,0
0.0028077,0,0.0047826,0.0047826,5.3443,0
0.0069123,0.00047826,0.006663,0.006663,5.3399,0
0.010683,0.0011446,0.0080761,0.0080761,5.3379,0
0.010943,0.0019522,0.006431,0.006431,5.3468,0
0.007419,0.0025953,0.0024347,0.0024347,5.3552,0
0.016175,0.0028387,-0.0029796,-0.0029796,5.352,0
0.023823,0.0025408,-0.0039204,-0.0039204,5.354,0
0.024145,0.0021487,-0.0050994,-0.0050994,5.3592,0
0.030023,0.0016388,-0.0011007,-0.0011007,5.3621,0
0.026054,0.0015287,-0.00016041,-0.00016041,5.3695,0
0.019951,0.0015127,0.00031366,0.00031366,5.3671,0
0.023841,0.0015441,-0.0036816,-0.0036816,5.364,0
0.019796,0.0011759,-0.010026,-0.010026,5.3622,0
0.01503,0.00017332,-0.014261,-0.014261,5.3716,0
0.023452,0,-0.012147,-0.012147,5.3726,0
0.02917,0,-0.0079115,-0.0079115,5.3778,0
0.030487,0,-0.0046229,-0.0046229,5.3828,0
0.035179,0,0.0019619,0.0019619,5.3789,0
0.026311,0.00019619,0.0026725,0.0026725,5.3817,0
0.029913,0.00046343,0.0036143,0.0036143,5.389,0
0.029465,0.00082486,0.0029081,0.0029081,5.3856,0
0.032642,0.0011157,0.0033821,0.0033821,5.3846,0
0.025892,0.0014539,0.0024335,0.0024335,5.3826,0
0.034647,0.0016972,0.01192,0.01192,5.3947,0
0.026166,0.0028892,0.012866,0.012866,5.4051,0
0.026416,0.0041758,0.014739,0.014739,5.4012,0
0.02339,0.0056497,0.013087,0.013087,5.4088,0
0.018548,0.0069584,0.016232,0.016232,5.4106,0
0.012013,0.0085816,0.0060349,0.0060349,5.4189,0
0.020969,0.0091851,0.007438,0.007438,5.413,0
0.022992,0.0099289,0.0062646,0.0062646,5.4116,0
0.032805,0.010555,0.011441,0.011441,5.4106,0
0.040896,0.011699,0.0073658,0.0073658,5.4131,0
0.033284,0.012436,0.012415,0.012415,5.4121,0
0.035786,0.013677,0.0079528,0.0079528,5.4219,0
0.035016,0.014473,0.0080199,0.0080199,5.4279,0
0.028409,0.015275,0.0014358,0.0014358,5.4333,0
0.034148,0.015418,0.0016653,0.0016653,5.4266,0
0.025272,0.015585,0.0047131,0.0047131,5.423,0
0.02235,0.016056,0.0061297,0.0061297,5.4298,0
0.015611,0.016669,-0.0045264,-0.0045264,5.4305,0.0021696
0.019479,0.016217,-0.0019523,-0.0019523,5.4229,0
0.023737,0.016021,-0.0064068,-0.0064068,5.4267,0
0.021174,0.015381,-0.011453,-0.011453,5.4284,0
0.017564,0.014235,-0.010051,-0.010051,5.4286,0
0.0076118,0.01323,0.00088168,0.00088168,5.4275,0.011536
0.00020142,0.013318,0.0013577,0.0013577,5.4276,0.026992
-0.0092579,0.013454,0.010994,0.010994,5.4192,0.046662
-0.0053244,0.014553,0.0095939,0.0095939,5.4116,0.040852
-0.0051301,0.015513,0.0037089,0.0037089,5.4112,0.042421
-0.012582,0.015884,-0.00039439,-0.00039439,5.4165,0.058457
-0.0089447,0.015844,0.00031744,0.00031744,5.4188,0.05092
-0.01619,0.015876,-0.0074457,-0.0074457,5.4253,0.065839
-0.013449,0.015131,-0.0074445,-0.0074445,5.4143,0.058692
-0.021573,0.014387,-0.0022719,-0.0022719,5.4164,0.07382
-0.015121,0.01416,0.001017,0.001017,5.4081,0.060128
-0.014643,0.014262,-0.00015961,-0.00015961,5.4067,0.059357
-0.022282,0.014246,0.00077314,0.00077314,5.4062,0.074985
-0.012528,0.014323,0.0021826,0.0021826,5.4076,0.055148
-0.015197,0.014541,0.00054836,0.00054836,5.4102,0.061065
-0.0058407,0.014596,-0.004854,-0.004854,5.4109,0.041998
-0.0021728,0.014111,-0.0034446,-0.0034446,5.4094,0.033484
-0.0057848,0.013766,-0.0027396,-0.0027396,5.4078,0.040182
0.0012365,0.013492,-0.0062731,-0.0062731,5.3987,0.025124
0.0087641,0.012865,-0.0034481,-0.0034481,5.3995,0.0084165
0.0010518,0.01252,-0.0010986,-0.0010986,5.4051,0.023573
0.006733,0.01241,-0.00086472,-0.00086472,5.3996,0.011657
0.011558,0.012324,0.0010193,0.0010193,5.4033,0.0015697
0.02094,0.012426,0.0038513,0.0038513,5.4089,0
0.021681,0.012811,-0.0029725,-0.0029725,5.4026,0
0.027241,0.012513,-0.0039274,-0.0039274,5.4116,0
0.036301,0.012121,-0.0038367,-0.0038367,5.4132,0
0.040109,0.011737,-0.0040137,-0.0040137,5.4211,0
0.044695,0.011336,-0.0051982,-0.0051982,5.4212,0
0.040283,0.010816,-0.00073878,-0.00073878,5.4287,0
0.048135,0.010742,0.0037407,0.0037407,5.4303,0
0.052024,0.011116,0.002946,0.002946,5.4286,0
0.059619,0.011411,0.0024185,0.0024185,5.4414,0
0.065983,0.011653,0.0026465,0.0026465,5.4469,0
0.066325,0.011917,-0.00017763,-0.00017763,5.4606,0
0.063221,0.011899,-0.0037996,-0.0037996,5.4588,0
0.059946,0.011519,-0.0042691,-0.0042691,5.4733,0
0.05258,0.011093,-0.0020877,-0.0020877,5.4758,0
0.042457,0.010884,0.0011072,0.0011072,5.4879,0
0.03877,0.010994,0.0058134,0.0058134,5.4867,0
0.037661,0.011576,0.0080359,0.0080359,5.4827,0
0.044891,0.012379,0.011313,0.011313,5.4899,0
0.049529,0.013511,0.013817,0.013817,5.4936,0
0.044876,0.014892,0.0057169,0.0057169,5.4974,0
0.050749,0.015464,0.0032698,0.0032698,5.507,0
0.042924,0.015791,0.0021052,0.0021052,5.5145,0
0.05027,0.016002,-0.0016591,-0.0016591,5.5256,0
0.05496,0.015836,-0.01694,-0.01694,5.5327,0
0.061331,0.014142,-0.0082339,-0.0082339,5.5347,0
0.062949,0.013318,-0.014512,-0.014512,5.5352,0
0.058305,0.011867,-0.016412,-0.016412,5.5467,0
0.062564,0.010226,-0.015477,-0.015477,5.559,0
0.053575,0.0086782,-0.0030768,-0.0030768,5.5712,0
0.04678,0.0083706,-0.0031171,-0.0031171,5.5694,0
0.050868,0.0080589,0.0041955,0.0041955,5.5776,0
0.04496,0.0084784,0.0032405,0.0032405,5.5903,0
0.040969,0.0088025,0.0023384,0.0023384,5.6033,0
0.048067,0.0090363,0.0012229,0.0012229,5.6023,0
0.052145,0.0091586,0.0012915,0.0012915,5.6032,0
0.050644,0.0092877,-0.0029328,-0.0029328,5.609,0
0.053591,0.0089945,-0.0026931,-0.0026931,5.6166,0
0.045279,0.0087251,-0.0060965,-0.0060965,5.6132,0
0.040097,0.0081155,-0.0081973,-0.0081973,5.6148,0
0.044389,0.0072958,-0.015545,-0.015545,5.6118,0
0.051637,0.0057412,-0.014368,-0.014368,5.613,0
0.057972,0.0043044,-0.01531,-0.01531,5.6234,0
0.049281,0.0027735,-0.0085642,-0.0085642,5.6238,0
0.03888,0.001917,-0.0033332,-0.0033332,5.6339,0
0.036814,0.0015837,0.094368,0.094368,5.6423,0
0.050616,0.011021,0.22886,0.22886,5.6405,0
0.074972,0.033906,0.38327,0.38327,5.6365,0
0.10442,0.072233,0.52427,0.52427,5.6338,0
0.15828,0.12466,0.64519,0.64519,5.6378,0
0.21385,0.18918,0.75815,0.75815,5.6389,0
0.29377,0.26499,1.1865,1.1865,5.6428,0
0.40774,0.38364,1.796,1.796,5.6434,0
0.58157,0.56324,2.567,2.567,5.6395,0
0.84305,0.81994,3.2501,3.2501,5.6508,0
1.1631,1.1449,3.5644,0.14527,5.6605,11.028
1.5113,1.1595,3.0095,2.7687,5.6712,0
1.8066,1.4363,1.4422,-8.8,5.7078,0
1.9566,0.55634,-0.59776,-0.59776,5.8051,0
1.9063,0.49657,-2.5794,-2.5794,5.9385,0
1.6545,0.23863,-4.0469,-4.0469,6.0863,0
1.2476,0,-4.4911,-4.4911,6.2258,0
0.80456,0,-3.5403,-3.5403,6.3593,0
0.4593,0,-2.1539,-2.1539,6.4389,0
0.23746,0,-0.84928,-0.84928,6.4898,0
0.15655,0,0.26076,0.26076,6.5044,0
0.18261,0.026076,0.74746,0.74746,6.5186,0
0.2536,0.10082,0.50765,0.50765,6.5246,0
0.30688,0.15159,0.18357,0.18357,6.5304,0
0.32761,0.16994,0.034051,0.034051,6.5488,0
0.33056,0.17335,-0.12645,-0.12645,6.5631,0
0.32095,0.16071,-0.14039,-0.14039,6.5779,0
0.31023,0.14667,0.039018,0.039018,6.5899,0
0.30979,0.15057,0.22925,0.22925,6.6074,0
0.33866,0.17349,0.38566,0.38566,6.6304,0
0.37762,0.21206,0.51489,0.51489,6.6377,0
0.42959,0.26355,0.6138,0.6138,6.6642,0
0.49682,0.32493,0.65569,0.65569,6.6884,0
0.57018,0.3905,0.64438,0.64438,6.6967,0
0.63977,0.45493,0.62768,0.62768,6.7199,0
0.69718,0.5177,0.62835,0.62835,6.7318,0
0.76746,0.58054,0.76775,0.76775,6.7579,0
0.84053,0.65731,1.0338,1.0338,6.7728,0
0.95248,0.7607,1.4249,1.4249,6.7838,0
1.1045,0.90319,1.8092,2.8267,6.8018,2.8591
1.2765,1.1859,2.1058,0.80985,6.8213,0.08247
1.4926,1.2668,2.1724,1.8076,6.8288,0
1.7085,1.4476,2.1408,1.6752,6.8446,0
1.9244,1.6151,2.0642,1.6605,6.8753,0
2.1297,1.7812,2.1039,1.5964,6.9107,0
2.3315,1.9408,2.19,1.5585,6.9504,0
2.5449,2.0967,2.1667,1.5798,6.9912,0
2.7676,2.2546,1.9142,1.6127,7.0457,0
2.9661,2.4159,1.3759,1.5514,7.0977,0
3.1031,2.5711,0.62429,1.3619,7.1565,0.88996
3.1704,2.7072,-0.14141,1.0957,7.216,3.8691
3.1596,2.8168,-0.79482,0.76315,7.2594,7.4712
3.0717,2.8931,-1.4712,0.38119,7.2805,13.123
2.9229,2.9313,-2.1149,-0.0015619,7.2947,6.1487
2.7179,2.9311,-2.6977,-0.03992,7.277,7.4081
2.4447,2.9271,-3.1889,-0.09089,7.2438,8.6526
2.1248,2.918,-3.551,-0.15147,7.1709,9.7431
1.7626,2.9029,-3.7015,-0.22181,7.0669,10.486
1.3883,2.8807,-3.6979,-0.29694,6.9357,10.93
1.0276,2.851,-3.6997,-0.37273,6.777,11.342
0.65818,2.8137,-3.7431,-0.45635,6.5776,11.821
0.28464,2.7681,-3.8076,-8.8,6.3459,0
-0.095913,1.8881,-3.8739,-0.30808,6.113,11.56
-0.48747,1.8573,-3.9561,-8.8,5.9064,0
-0.88401,0.97728,-3.9945,-0.15969,5.6912,11.874
-1.2858,0.96131,-3.7814,-0.20103,5.4891,12.13
-1.665,0.9412,-3.507,-8.8,5.252,0
-2.0239,0.061204,-3.3013,-8.8,5.0148,0
-2.3588,0,-3.15,-8.8,4.8296,0
-2.665,0,-3.0414,-8.8,4.6292,0
-2.9608,0,-3.3057,-8.8,4.3941,0
-3.3008,0,-3.6498,-8.8,4.1186,0
-3.661,0,-3.9072,-8.8,3.8092,0
-4.0488,0,-4.0965,-8.8,3.4685,0
-4.4601,0,-4.3777,-8.8,3.0888,0
-4.8893,0,-4.5076,-8.9964,2.6627,0.59094
-5.3321,0,-4.4579,-10.953,2.1888,0
-5.7688,0,-4.3176,-14.223,1.6799,0
-6.2012,0,-4.0417,-20.67,1.1563,0
-6.6087,0,-3.6489,-38.612,0.62458,0
-6.9825,0,-3.3243,-171.3,0.14513,0
-7.3237,0,-3.2232,-96.096,0.28877,0
-7.6436,0,-3.1663,-1830.6,0.015985,0
-7.9593,0,-2.7579,-2.7579,8.3969,16.317
-8.2449,0,-1.7401,-1.7401,7.6098,16.902
-8.4136,0,-0.67836,-0.67836,6.7801,17.248
-8.4769,0,0.41398,0.41398,5.931,17.378
-8.4381,0.041398,1.4786,1.4786,5.092,17.383
-8.2959,0.18926,1.9385,-8.8,4.25,0
-8.0942,0,1.7922,-8.8,3.4612,0
-7.915,0,1.6573,-9.9271,2.704,0
-7.7508,0,1.5144,-13.739,1.9692,0
-7.5915,0,1.333,-21.367,1.2694,0
-7.4571,0,1.2183,-43.179,0.62627,0
-7.3424,0,1.0463,-286.16,0.093854,0
-7.2418,0,0.75677,-31.848,0.80423,0
-7.1612,0,0.44447,-102,0.2503,0
-7.1119,0,0.10316,-567.14,0.044584,0
-7.111,0,-0.15939,-11.823,2.1677,0
-7.1305,0,-0.36796,-17.259,1.505,0
-7.161,0,-0.48195,-29.69,0.87786,0
-7.202,0,-0.57347,-82.781,0.31547,0
-7.2544,0,-0.60881,-19370,0.0013585,0
-7.306,0,-0.65919,7.8,96.124,32.752
-7.363,0.78,-0.67231,7.8,95.352,34.496
-7.4361,1.56,-0.74633,7.8,94.501,36.4
-7.5118,2.34,-0.79309,7.8,93.556,38.252
-7.5831,3.12,-0.8382,7.8,92.535,40.092
-7.674,3.9,-0.89848,7.8,91.415,42.004
-7.7638,4.68,-0.98726,7.8,90.21,43.974
-7.8557,5.46,-0.9594,7.8,88.925,45.703
-7.9469,6.24,-0.89318,6.7,87.556,45.038
-8.0388,6.91,-0.87749,6.7,86.104,46.567
-8.1256,7.58,-0.86682,6.7,84.574,48.096
-8.2115,8.25,-0.91703,6.7,82.957,49.751
-8.3003,8.92,-1.0442,6.7,81.264,51.574
-8.3996,9.59,-1.1681,6.7,79.509,53.411
-8.5261,10.26,-1.2241,6.7,77.672,55.162
-8.6581,10.93,-1.2608,6.7,75.751,56.883
-8.7843,11.6,-1.2601,6.7,73.761,58.514
-8.92,12.27,-1.213,4.8,71.683,56.074
-9.0432,12.75,-1.223,4.8,69.526,57.332
-9.1706,13.23,-1.2588,4.8,67.317,58.652
-9.2999,13.71,-1.359,4.8,65.043,60.112
-9.4406,14.19,-1.5015,4.8,62.711,61.684
-9.59,14.67,-1.7422,4.8,60.321,63.48
-9.7669,15.15,-2.0127,4.8,57.864,65.395
-9.9748,15.63,-2.2807,4.8,55.339,67.368
-10.211,16.11,-2.5261,4.8,52.752,69.351
-10.462,16.59,-2.7225,4.8,50.081,71.263
-10.742,17.07,-2.8772,4.8,47.34,73.146
-11.03,17.55,-2.9873,4.8,44.517,74.952
-11.321,18.03,-3.0341,-2.201,41.618,61.921
-11.624,17.81,-3.0005,-2.4586,38.672,61.478
-11.915,17.564,-2.9053,-2.7652,35.72,60.726
-12.215,17.288,-2.7472,-3.1365,32.768,59.661
-12.481,16.974,-2.5659,-3.5865,29.822,58.239
