20,20,0.3394,0,0,0
20.036,20,0.29023,0.012576,35.512,0
20.059,20.001,0.3606,0.019991,35.522,0
20.1,20.003,0.36674,0.03349,35.522,0
20.132,20.007,0.3411,0.043298,35.535,0
20.165,20.011,0.26887,0.053343,35.555,0
20.186,20.016,0.16456,0.058915,35.58,0
20.195,20.022,0.02003,0.059999,35.603,0
20.205,20.028,-0.1328,0.061243,35.619,0.075483
20.184,20.034,-0.25714,0.051776,35.639,0.48999
20.164,20.039,-0.38545,0.043007,35.65,1.0114
20.125,20.044,-0.45888,0.028188,35.664,1.4036
20.086,20.047,-0.50209,0.01366,35.673,1.681
20.029,20.048,-0.54126,-0.0020199,35.675,2.0018
19.985,20.048,-0.53684,-0.0068599,35.661,2.1079
19.938,20.047,-0.56422,-0.011821,35.644,2.3928
19.887,20.046,-0.58296,-0.017236,35.621,2.6508
19.833,20.044,-0.59273,-0.022955,35.608,2.8707
19.772,20.042,-0.62202,-0.029363,35.588,3.2367
19.713,20.039,-0.67315,-0.035538,35.562,3.7567
19.641,20.035,-0.64528,-0.043027,35.519,3.7934
19.569,20.031,-0.60142,-0.050532,35.479,3.7247
19.499,20.026,-0.49226,-0.057751,35.433,3.2484
19.457,20.02,-0.36175,-0.061848,35.38,2.6298
19.423,20.014,-0.20137,-0.064984,35.324,1.9451
19.402,20.008,-0.05124,-0.066779,35.272,1.3988
19.393,20.001,0.083022,-0.067137,35.217,0.9808
19.41,19.994,0.14676,-0.064656,35.166,0.76565
19.422,19.988,0.23367,-0.062858,35.099,0.53852
19.439,19.981,0.28141,-0.060386,35.038,0.40775
19.465,19.975,0.33965,-0.056971,34.981,0.26336
19.499,19.97,0.37594,-0.052666,34.927,0.15545
19.534,19.964,0.4125,-0.048211,34.88,0.057713
19.582,19.96,0.4276,-0.042336,34.844,0
19.617,19.955,0.45336,-0.038049,34.812,0
19.654,19.952,0.45979,-0.03349,34.78,0
19.702,19.948,0.45768,-0.027684,34.747,0
19.744,19.945,0.44648,-0.022754,34.72,0
19.791,19.943,0.46568,-0.017224,34.693,0
19.843,19.941,0.45819,-0.011074,34.676,0
19.883,19.94,0.44109,-0.0064886,34.676,0
19.922,19.94,0.4275,-0.0020377,34.668,0
19.959,19.939,0.46009,0.0067375,34.67,0
19.999,19.94,0.46091,0.01993,34.684,0
20.036,19.942,0.47559,0.032078,34.684,0
20.079,19.945,0.48185,0.045596,34.688,0
20.124,19.95,0.49955,0.0594,34.696,0
20.168,19.956,0.47611,0.072134,34.718,0
20.216,19.963,0.47158,0.086267,34.748,0
20.269,19.972,0.45769,0.10126,34.768,0
20.305,19.982,0.46425,0.11012,34.804,0
20.346,19.993,0.45106,0.12031,34.833,0
20.399,20.005,0.42138,0.13422,34.868,0
20.447,20.018,0.39758,0.14603,34.902,0
20.485,20.033,0.39199,0.1539,34.946,0
20.515,20.048,0.36137,0.15884,35.002,0
20.558,20.064,0.37416,0.168,35.045,0
20.599,20.081,0.38397,0.1763,35.088,0
20.64,20.099,0.36208,0.18436,35.144,0
20.675,20.117,0.32634,0.18983,35.201,0
20.701,20.136,0.28898,0.19225,35.257,0
20.725,20.155,0.20126,0.19386,35.317,0
20.738,20.175,0.14955,0.19153,35.367,0
20.749,20.194,0.12375,0.18892,35.414,0
20.768,20.213,0.098032,0.18858,35.46,0
20.781,20.232,0.083688,0.18669,35.52,0
20.782,20.25,0.045239,0.18072,35.57,0
20.794,20.268,-0.0086858,0.17868,35.623,0
20.79,20.286,-0.083533,0.17108,35.669,0
20.776,20.303,-0.16609,0.16058,35.717,0
20.757,20.319,-0.24094,0.14873,35.758,0.0028375
20.736,20.334,-0.26617,0.13647,35.793,0.1353
20.708,20.348,-0.3085,0.12232,35.829,0.34061
20.675,20.36,-0.30875,0.10675,35.853,0.41168
20.641,20.371,-0.26286,0.091479,35.885,0.32321
20.611,20.38,-0.19337,0.078438,35.904,0.16297
20.595,20.388,-0.12339,0.070153,35.917,0.0044432
20.586,20.395,-0.043222,0.064879,35.943,0
20.581,20.401,0.0073603,0.060961,35.962,0
20.584,20.407,0.019487,0.059729,35.97,0
20.581,20.413,0.019212,0.0568,35.983,0
20.591,20.419,0.015873,0.058327,35.999,0
20.584,20.425,0.058029,0.054068,36.015,0
20.592,20.43,0.087629,0.054665,36.023,0
20.603,20.436,0.10701,0.056681,36.043,0
20.605,20.441,0.10901,0.055439,36.05,0
20.611,20.447,0.099917,0.055705,36.062,0
20.614,20.452,0.062661,0.054799,36.078,0
20.619,20.458,0.039613,0.054611,36.095,0
20.624,20.463,0.03703,0.054275,36.115,0
20.631,20.469,0.054607,0.054878,36.128,0
20.641,20.474,0.07321,0.05632,36.146,0
20.645,20.48,0.059121,0.055917,36.173,0
20.647,20.486,0.033011,0.05453,36.18,0
20.655,20.491,0.0024441,0.05533,36.196,0
20.66,20.497,-0.045484,0.055272,36.203,0
20.662,20.502,-0.058049,0.054195,36.225,0
20.665,20.507,-0.061297,0.053407,36.241,0
20.65,20.513,-0.071593,0.046352,36.254,0
20.645,20.517,-0.014896,0.04328,36.275,0
20.638,20.522,0.0084381,0.039359,36.279,0
20.639,20.526,0.033932,0.0382,36.299,0
20.64,20.53,0.16167,0.037375,36.304,0
20.652,20.533,0.29281,0.040018,36.32,0
20.673,20.537,0.34797,0.045914,36.333,0
20.715,20.542,0.42169,0.058708,36.352,0
20.755,20.548,0.44988,0.070053,36.364,0
20.793,20.555,0.3969,0.080599,36.38,0
20.825,20.563,0.37726,0.088645,36.406,0
20.86,20.572,0.3957,0.097584,36.431,0
20.89,20.581,0.43616,0.10432,36.465,0
20.938,20.592,0.46572,0.11698,36.503,0
20.982,20.604,0.4635,0.12792,36.539,0
21.029,20.616,0.45153,0.13956,36.577,0
21.075,20.63,0.40956,0.15022,36.613,0
21.112,20.645,0.41288,0.15766,36.667,0
21.147,20.661,0.43218,0.16438,36.724,0
21.193,20.678,0.44516,0.1743,36.768,0
21.23,20.695,0.44878,0.18079,36.829,0
21.268,20.713,0.47207,0.18735,36.88,0
21.317,20.732,0.40595,0.1979,36.946,0
21.352,20.752,0.35141,0.20287,37.001,0
21.389,20.772,0.38191,0.20829,37.053,0
21.435,20.793,0.39511,0.21685,37.108,0
21.474,20.814,0.35382,0.2225,37.17,0
21.513,20.837,0.36767,0.22806,37.235,0
21.559,20.859,0.37351,0.23613,37.312,0
21.606,20.883,0.31921,0.24389,37.373,0
21.644,20.907,0.31181,0.24837,37.455,0
21.678,20.932,0.26372,0.25155,37.525,0
21.714,20.957,0.18514,0.25499,37.6,0
21.725,20.983,0.093209,0.24993,37.668,0
21.735,21.008,-0.010039,0.24474,37.735,0
21.738,21.032,-0.1863,0.2377,37.807,0
21.717,21.056,-0.33103,0.2224,37.875,0
21.691,21.078,-0.41592,0.20603,37.947,0.3409
21.646,21.099,-0.49967,0.18415,38.001,0.80131
21.599,21.117,-0.59098,0.16201,38.06,1.3575
21.543,21.134,-0.61221,0.13766,38.097,1.5976
21.482,21.147,-0.64152,0.11241,38.133,1.8946
21.409,21.159,-0.67838,0.084049,38.161,2.2641
21.335,21.167,-0.70397,0.056498,38.19,2.574
21.258,21.173,-0.65437,0.028534,38.202,2.427
21.191,21.176,-0.64334,0.0051228,38.197,2.4904
21.129,21.176,-0.61032,-0.0048392,38.195,2.4708
21.064,21.176,-0.62389,-0.011516,38.18,2.7534
21,21.174,-0.63512,-0.01793,38.159,3.0202
20.929,21.173,-0.69481,-0.025112,38.14,3.6384
20.861,21.17,-0.72277,-0.031905,38.111,4.0572
20.782,21.167,-0.67313,-0.039788,38.078,3.968
20.705,21.163,-0.54223,-0.047388,38.027,3.3502
20.653,21.158,-0.40041,-0.052403,37.984,2.6815
20.618,21.153,-0.30921,-0.055534,37.938,2.3018
20.593,21.147,-0.14924,-0.057655,37.887,1.6521
20.57,21.142,-0.04166,-0.059541,37.84,1.2987
20.566,21.136,0.019335,-0.059461,37.786,1.0969
20.564,21.13,0.055908,-0.059217,37.725,0.97978
20.561,21.124,0.118,-0.059024,37.677,0.80457
20.581,21.118,0.071887,-0.056441,37.63,0.87467
20.592,21.112,0.035927,-0.054756,37.575,0.93979
20.587,21.107,-0.042781,-0.054814,37.515,1.1816
20.586,21.101,-0.12968,-0.054474,37.469,1.478
20.565,21.096,-0.16558,-0.056239,37.409,1.6544
20.552,21.09,-0.20729,-0.057192,37.347,1.8446
20.54,21.085,-0.25178,-0.057986,37.283,2.0542
20.514,21.079,-0.24838,-0.060315,37.221,2.0928
20.482,21.073,-0.21244,-0.063171,37.166,2.0002
20.459,21.066,-0.21004,-0.06513,37.11,2.0337
20.44,21.06,-0.15292,-0.066552,37.054,1.8227
20.435,21.053,-0.074478,-0.066635,36.984,1.5172
20.419,21.047,-0.0085344,-0.067782,36.913,1.3081
20.421,21.04,0.093912,-0.066951,36.858,0.97671
20.431,21.033,0.20111,-0.065311,36.806,0.67627
20.46,21.027,0.2703,-0.061572,36.741,0.47048
20.491,21.02,0.26219,-0.057728,36.679,0.42212
20.511,21.015,0.25756,-0.054999,36.621,0.38551
20.537,21.009,0.23147,-0.05168,36.58,0.37961
20.556,21.004,0.23037,-0.049057,36.541,0.33914
20.576,20.999,0.216,-0.046415,36.496,0.3226
20.605,20.994,0.2972,-0.042855,36.456,0.13674
20.643,20.99,0.26045,-0.038283,36.417,0.12406
20.674,20.986,0.25222,-0.034468,36.377,0.080663
20.695,20.983,0.2276,-0.031808,36.348,0.078888
20.721,20.98,0.24458,-0.028619,36.316,0.007693
20.754,20.977,0.19999,-0.024644,36.291,0.01661
20.776,20.974,0.26061,-0.022003,36.274,0
20.803,20.972,0.23904,-0.018769,36.252,0
20.819,20.97,0.23935,-0.016783,36.23,0
20.834,20.969,0.20808,-0.014884,36.223,0
20.864,20.967,0.19799,-0.0114,36.22,0
20.884,20.966,0.19581,-0.009086,36.219,0
20.904,20.965,0.2289,-0.0067289,36.215,0
20.929,20.964,0.22821,-0.0039337,36.204,0
20.956,20.964,0.21265,-0.00087901,36.197,0
20.985,20.964,0.17714,0.0068972,36.203,0
21.005,20.965,0.12134,0.013262,36.204,0
21.02,20.966,0.061808,0.017553,36.206,0
21.019,20.968,0.022929,0.01686,36.207,0
21.023,20.969,-0.0076933,0.017613,36.207,0
21.029,20.971,-0.01907,0.01893,36.214,0
21.024,20.973,-0.025695,0.01667,36.215,0
21.019,20.975,-0.047315,0.014602,36.226,0.042254
21.022,20.976,-0.060105,0.014793,36.222,0.071315
21.011,20.978,-0.050692,0.010747,36.22,0.066644
21.002,20.979,-0.044803,0.0074901,36.23,0.066999
21.001,20.979,-0.036244,0.0070773,36.237,0.049183
21,20.98,-0.010839,0.0065915,36.23,0
21.002,20.981,-0.01442,0.0068689,36.228,0.0017778
20.998,20.981,-0.00095762,0.0055306,36.23,0
20.996,20.982,0.044017,0.0046046,36.239,0
21.004,20.982,0.090516,0.0069356,36.241,0
21.013,20.983,0.10628,0.0096008,36.238,0
21.017,20.984,0.15345,0.01061,36.251,0
21.035,20.985,0.18473,0.016078,36.248,0
21.045,20.987,0.19403,0.01881,36.244,0
21.065,20.989,0.18734,0.024724,36.249,0
21.08,20.991,0.19949,0.028802,36.266,0
21.1,20.994,0.1983,0.03459,36.27,0
21.129,20.997,0.19738,0.042856,36.283,0
21.154,21.002,0.18036,0.049536,36.3,0
21.165,21.007,0.1616,0.05146,36.324,0
21.187,21.012,0.17142,0.057081,36.342,0
21.196,21.018,0.16489,0.058093,36.353,0
21.205,21.023,0.17187,0.059115,36.371,0
21.232,21.029,0.1403,0.066037,36.397,0
21.243,21.036,0.1713,0.067314,36.417,0
21.259,21.043,0.1744,0.070361,36.429,0
21.267,21.05,0.15275,0.070828,36.443,0
21.282,21.057,0.10839,0.073174,36.456,0
21.301,21.064,0.10203,0.076968,36.487,0
21.313,21.072,0.027238,0.078489,36.513,0
21.318,21.08,-0.080791,0.077666,36.546,0
21.315,21.087,-0.20522,0.074065,36.569,0.19472
21.288,21.095,-0.31899,0.062992,36.583,0.62716
21.26,21.101,-0.40636,0.051547,36.606,1.0309
21.221,21.106,-0.50376,0.037456,36.62,1.5506
21.162,21.11,-0.55962,0.016794,36.638,1.9506
21.108,21.112,-0.57722,-0.00036403,36.647,2.1506
21.05,21.112,-0.60398,-0.0067116,36.653,2.4753
20.982,21.111,-0.63635,-0.014175,36.642,2.8791
20.925,21.11,-0.64349,-0.020232,36.62,3.0979
20.855,21.108,-0.64545,-0.02778,36.608,3.3308
20.797,21.105,-0.65956,-0.033854,36.581,3.6024
20.727,21.101,-0.66796,-0.041221,36.554,3.8796
20.67,21.097,-0.68361,-0.04716,36.515,4.1677
20.602,21.093,-0.70054,-0.054207,36.462,4.5042
20.528,21.087,-0.69649,-0.061888,36.409,4.7105
20.453,21.081,-0.58236,-0.069676,36.348,4.1354
20.386,21.074,-0.47891,-0.076559,36.28,3.6613
20.331,21.066,-0.3403,-0.082071,36.204,3.0056
20.298,21.058,-0.15932,-0.085107,36.133,2.1965
20.289,21.05,-0.0028788,-0.085397,36.05,1.5823
20.281,21.041,0.031341,-0.08565,35.969,1.4641
20.287,21.032,0.07483,-0.084239,35.9,1.292
20.287,21.024,0.07016,-0.083482,35.835,1.2872
20.297,21.016,-0.016447,-0.081752,35.755,1.5318
20.301,21.008,-0.15312,-0.080534,35.692,2.0268
20.277,20.999,-0.2744,-0.082509,35.627,2.6207
20.253,20.991,-0.40572,-0.084568,35.56,3.3675
20.207,20.983,-0.51979,-0.089152,35.489,4.1868
20.163,20.974,-0.58474,-0.093429,35.415,4.7429
20.106,20.964,-0.61007,-0.099232,35.328,5.0836
20.042,20.955,-0.61273,-0.10593,35.24,5.2888
19.987,20.944,-0.64102,-0.11146,35.155,5.6554
19.93,20.933,-0.62282,-0.11733,35.051,5.674
19.876,20.921,-0.64151,-0.12281,34.941,5.9638
19.818,20.909,-0.66129,-0.12883,34.826,6.282
19.752,20.896,-0.6595,-0.13568,34.714,6.4532
19.68,20.882,-0.64164,-0.14327,34.601,6.5137
19.62,20.868,-0.68138,-0.14948,34.476,7.0048
19.557,20.853,-0.69196,-0.15623,34.34,7.27
19.494,20.837,-0.69574,-0.1628,34.207,7.4714
19.429,20.821,-0.71019,-0.16959,34.074,7.7735
19.353,20.804,-0.69583,-0.17797,33.923,7.8603
19.281,20.786,-0.61543,-0.18572,33.784,7.3555
19.222,20.768,-0.50727,-0.19192,33.635,6.6157
19.163,20.749,-0.38873,-0.19829,33.472,5.8663
19.127,20.729,-0.27911,-0.20163,33.317,5.1738
19.1,20.709,-0.17276,-0.20385,33.151,4.5381
19.076,20.688,-0.12235,-0.20575,32.998,4.2602
19.063,20.668,-0.077219,-0.20605,32.845,3.9885
19.054,20.647,-0.032843,-0.20601,32.688,3.7255
19.057,20.627,0.030423,-0.20435,32.537,3.357
19.056,20.606,0.052045,-0.20317,32.385,3.2042
19.057,20.586,0.076273,-0.20179,32.224,3.0389
19.055,20.566,0.095558,-0.20075,32.067,2.9068
19.072,20.546,0.12276,-0.19723,31.909,2.7026
19.089,20.526,0.14549,-0.19362,31.758,2.5241
19.094,20.506,0.19688,-0.19157,31.618,2.28
19.12,20.487,0.23828,-0.1866,31.477,2.0396
19.137,20.469,0.26039,-0.18289,31.338,1.8924
19.172,20.45,0.27411,-0.17661,31.205,1.7392
19.203,20.433,0.26529,-0.17082,31.08,1.6629
19.234,20.416,0.2768,-0.16503,30.966,1.5339
19.265,20.399,0.24115,-0.1592,30.858,1.5362
19.282,20.383,0.1824,-0.15539,30.744,1.6379
19.294,20.368,0.10244,-0.15224,30.63,1.8311
19.313,20.352,0.01177,-0.14821,30.523,2.0766
19.312,20.338,-0.11756,-0.14679,30.426,2.569
19.309,20.323,-0.29225,-0.14593,30.316,3.3944
19.286,20.308,-0.42209,-0.14783,30.214,4.1695
19.24,20.294,-0.50149,-0.15311,30.12,4.7792
19.186,20.278,-0.61365,-0.15947,30.015,5.7048
19.125,20.262,-0.75667,-0.16687,29.902,7.0187
19.047,20.246,-0.97839,-0.17688,29.788,9.3798
18.948,20.228,-1.4081,-0.19006,29.661,15.149
18.81,20.209,-2.0183,-0.209,29.537,27.118
18.614,20.188,-2.7139,-0.23673,29.394,48.534
18.342,20.164,-3.4235,-0.27636,29.221,83.533
18.005,20.137,-3.9795,-0.3265,29.018,125.36
17.61,20.104,-4.3416,-0.38668,28.78,161.82
17.173,20.065,-4.5711,-0.45426,28.518,188.48
16.726,20.02,-4.6774,-0.52567,28.202,200.6
16.265,19.967,-4.7322,-0.60124,27.857,205.88
15.801,19.907,-4.7625,-0.68028,27.465,208.09
15.32,19.839,-4.815,-0.76576,27.032,213.27
14.833,19.763,-4.835,-0.85664,26.554,214.44
14.341,19.677,-4.8604,-0.95276,26.047,216.49
13.865,19.582,-4.8787,-1.0524,25.491,217.93
13.369,19.476,-4.9195,-1.1613,24.906,222.2
12.877,19.36,-4.9849,-1.2781,24.271,229.67
12.387,19.233,-5.0639,-1.4037,23.599,239.17
11.889,19.092,-5.1313,-1.5391,22.906,247.6
11.369,18.938,-5.2054,-1.6914,22.175,257.4
10.84,18.769,-5.2317,-1.8617,21.394,261.29
10.324,18.583,-5.2523,-2.0439,20.588,41.94
9.7893,18.379,-5.2783,-2.2494,19.749,40.793
9.2686,18.154,-5.313,-2.4761,18.867,39.449
8.7366,17.906,-5.4376,-2.7301,17.963,37.972
8.1836,17.633,-5.5856,-3.0235,17.024,36.338
7.6155,17.331,-5.7566,-3.356,16.069,34.581
7.0451,16.995,-5.9499,-3.7348,15.086,32.684
6.4424,16.622,-6.2435,-4.1833,14.073,30.774
5.8275,16.203,-6.4,-10.527,13.044,12.599
5.1791,15.151,-6.5566,-10.693,12.02,11.751
4.5261,14.081,-6.7142,-10.849,11.042,10.901
3.8485,12.996,-6.8617,-10.999,10.114,10.06
3.1652,11.897,-6.8646,-11.001,9.2153,9.2077
2.4696,10.796,-6.8896,-11.034,8.365,8.3616
1.7729,9.693,-6.8686,-11.023,7.5493,7.5064
1.0953,8.5907,-6.6563,-10.801,6.7775,6.6565
0.42474,7.5106,-6.2965,-10.452,6.0415,5.7945
-0.20863,6.4654,-5.8707,-10.038,5.3443,4.9252
-0.80249,5.4616,-5.4001,-9.5721,4.7027,4.075
-1.3395,4.5044,-4.9213,-9.0935,4.0926,3.213
-1.8319,3.5951,-4.5113,-8.8,3.5273,2.1136
-2.2846,2.7151,-4.2124,-8.8,3.0033,0.60953
-2.7144,1.8351,-3.9869,-8.8,2.5186,0
-3.1086,0.95506,-3.7497,-8.8,2.081,0
-3.4788,0.075055,-3.5348,-8.8,1.6921,0
-3.8361,0,-2.9531,-8.8,1.3533,0
-4.134,0,-1.9614,-10.431,1.0089,0
-4.3254,0,-1.125,-15.804,0.63729,0
-4.4358,0,-0.61859,-35.718,0.2803,0
-4.5006,0,-0.12517,-4216.2,0.0024022,0
-4.5037,0,0.10192,7.8,20.629,25.408
-4.4986,0.78,-0.14645,-0.14645,20.148,10.821
-4.5038,0.76536,-0.34975,-0.34975,19.625,10.802
-4.5445,0.73038,-0.26241,-0.26241,19.108,10.813
-4.5625,0.70414,-0.15455,-0.15455,18.576,10.797
-4.5774,0.68868,-0.21693,-0.21693,18.043,10.796
-4.595,0.66699,-0.26952,-0.26952,17.511,10.787
-4.6232,0.64004,-0.22797,-0.22797,16.985,10.79
-4.6481,0.61724,-0.20136,-0.20136,16.468,10.794
-4.6756,0.59711,-0.22909,-0.22909,15.946,10.809
-4.7052,0.5742,-0.24855,-0.24855,15.41,10.823
-4.7375,0.54934,-0.2322,-0.2322,14.876,10.838
-4.7581,0.52612,-0.22212,-0.22212,14.34,10.833
-4.7718,0.50391,-0.23408,-0.23408,13.82,10.815
-4.8001,0.4805,-0.23726,-0.23726,13.283,10.825
-4.8231,0.45678,-0.22646,-0.22646,12.756,10.824
-4.849,0.43413,-0.22459,-0.22459,12.219,10.831
-4.8803,0.41167,-0.23374,-0.23374,11.683,10.849
-4.8977,0.3883,-0.22585,-0.22585,11.147,10.836
-4.9273,0.36571,-0.2203,-0.2203,10.618,10.851
-4.9586,0.34368,-0.22837,-0.22837,10.086,10.87
-4.979,0.32085,-0.22957,-0.22957,9.5519,10.865
-4.9979,0.29789,-0.22358,-0.22358,9.012,10.856
-5.0123,0.27553,-0.23136,-0.23136,8.4917,10.84
-5.035,0.25239,-0.23339,-0.23339,7.9564,10.839
-5.0658,0.22905,-0.22822,-0.22822,7.4298,10.854
-5.097,0.20623,-0.22858,-0.22858,6.8929,10.872
-5.1266,0.18337,-0.23067,-0.23067,6.362,10.886
-5.1451,0.16031,-0.22885,-0.22885,5.8279,10.876
-5.1773,0.13742,-0.23027,-0.23027,5.2965,10.895
-5.2014,0.1144,-0.23403,-8.8,4.7648,0
-5.2215,0,-0.23455,-8.8,4.2755,0
-5.2388,0,-0.23574,-8.8,3.7958,0
-5.2659,0,-0.23841,-8.8,3.3176,0
-5.2974,0,-0.24105,-8.8,2.8437,0
-5.3312,0,-0.23971,-8.8,2.3612,0
-5.3518,0,-0.2419,-8.8,1.877,0
-5.3763,0,-0.24479,-10.706,1.3816,0
-5.4088,0,-0.24098,-16.449,0.90248,0
-5.4246,0,-0.23948,-33.016,0.44889,0
-5.4557,0,-0.2398,-215.27,0.069208,0
-5.4766,0,-0.23845,-25.552,0.59243,0
-5.495,0,-0.2321,-88.702,0.17065,0
-5.517,0,-0.23348,-249.83,0.060974,0
-5.5388,0,-0.23279,-20.292,0.76467,0
-5.5702,0,-0.231,-50.489,0.30868,0
-5.6027,0,-0.23101,-18177,0.00086348,0
-5.6229,0,-0.23466,7.8,90.323,28.41
-5.6426,0.78,-0.23244,7.8,89.727,30.045
-5.6563,1.56,-0.23554,7.8,89.039,31.678
-5.6826,2.34,-0.23638,7.8,88.27,33.333
-5.7134,3.12,-0.23506,7.8,87.426,34.992
-5.737,3.9,-0.23403,7.8,86.503,36.637
-5.7655,4.68,-0.23644,7.8,85.49,38.3
-5.7903,5.46,-0.23295,7.8,84.409,39.942
-5.822,6.24,-0.23424,6.7,83.241,39.298
-5.8534,6.91,-0.23684,6.7,81.999,40.741
-5.8738,7.58,-0.23726,6.7,80.679,42.157
-5.8951,8.25,-0.2351,6.7,79.299,43.57
-5.9168,8.92,-0.23331,6.7,77.848,44.984
-5.9303,9.59,-0.23396,6.7,76.328,46.387
-5.955,10.26,-0.23141,6.7,74.736,47.805
-5.9773,10.93,-0.23122,6.7,73.087,49.224
-5.9936,11.6,-0.2345,6.7,71.354,50.638
-6.0098,12.27,-0.23736,4.8,69.567,48.058
-6.043,12.75,-0.23455,4.8,67.717,49.105
-6.0624,13.23,-0.23303,4.8,65.815,50.125
-6.0928,13.71,-0.23431,4.8,63.862,51.174
-6.1256,14.19,-0.23105,4.8,61.862,52.219
-6.1476,14.67,-0.22755,4.8,59.806,53.24
-6.1688,15.15,-0.22823,4.8,57.706,54.269
-6.1911,15.63,-0.22993,4.8,55.557,55.302
-6.2041,16.11,-0.23012,4.8,53.353,56.314
-6.231,16.59,-0.23185,4.8,51.104,57.356
-6.245,17.07,-0.23121,4.8,48.79,58.368
-6.2628,17.55,-0.23377,4.8,46.426,59.393
-6.2903,18.03,-0.22993,-1.6628,44.015,46.846
-6.3086,17.864,-0.22583,-1.7972,41.582,46.252
-6.3305,17.684,-0.22561,-1.9494,39.166,45.608
-6.3507,17.489,-0.23,-2.1219,36.771,44.896
-6.3812,17.277,-0.22877,-2.3192,34.406,44.107
-6.4034,17.045,-0.23133,-2.5466,32.05,43.204
-6.4257,16.79,-0.23307,-2.8096,29.721,42.179
-6.4426,16.509,-0.23352,-3.1179,27.405,40.991
-6.4622,16.198,-0.22889,-3.4825,25.115,39.616
-6.4837,15.849,-0.23035,-3.915,22.862,38.04
-6.5052,15.458,-0.23143,-4.4333,20.649,36.195
-6.5198,15.014,-0.22814,-5.06,18.477,33.992
-6.5427,14.508,-0.22662,-5.8304,16.354,31.38
-6.5726,13.925,-0.22816,-6.8026,14.268,28.206
-6.6027,13.245,-0.22253,-7.84,12.257,24.682
-6.6336,12.461,-0.22075,-17.918,10.301,1.9581
-6.65,10.669,-0.22442,-17.925,8.4732,0
-6.6657,8.8769,-0.2238,-17.922,6.825,0
-6.6836,7.0847,-0.22162,-17.923,5.3544,0
-6.7034,5.2924,-0.22141,-17.876,4.0753,0
-6.7296,3.5048,-0.21885,-17.839,2.9722,0
-6.7479,1.7208,-0.21864,-17.908,2.0272,0
-6.7724,0,-0.21885,-18.297,1.2685,0
-6.7854,0,-0.21755,-33.793,0.68565,0
-6.8045,0,-0.22467,-139.99,0.16563,0
-6.8294,0,-0.22745,-133.68,0.17474,0
-6.8538,0,-0.22487,-141.76,0.16595,0
-6.871,0,-0.22475,-123.49,0.19151,0
-6.8921,0,-0.22737,-186.8,0.1273,0
-6.919,0,-0.22179,-64.212,0.37406,0
-6.9403,0,-0.22156,9.8,1,35.285
-6.9644,0.98,-0.22176,-122.22,0.25866,0
-6.9919,0,-0.22295,-361.22,0.06771,0
-7.0101,0,-0.22029,-21.226,1.1697,0
-7.0375,0,-0.22723,-42.67,0.58346,0
-7.0664,0,-0.22788,-303.73,0.082262,0
-7.0851,0,-0.22328,-28.049,0.90201,0
-7.1026,0,-0.22394,-76.599,0.33026,0
-7.1307,0,-0.22747,9.8,1,35.688
-7.1633,0.98,-0.21873,-144.31,0.2301,0
-7.1874,0,-0.21914,-190.02,0.13609,0
-7.2174,0,-0.22481,-71.43,0.36578,0
-7.2314,0,-0.22301,-4436.5,0.0058938,0
-7.2446,0,-0.21951,7.8,21.473,31.702
-7.2567,0.78,-0.22389,-0.22389,20.711,16.475
-7.2775,0.75761,-0.20887,-0.20887,19.905,16.472
-7.2983,0.73672,-0.23522,-0.23522,19.107,16.472
