17.222,17.222,-0.23568,0,0,0.64077
17.196,17.222,-0.24687,-0.0024239,35.503,0.74048
17.181,17.222,-0.3922,-0.0037727,35.5,1.3469
17.135,17.222,-0.47555,-0.0080718,35.491,1.8659
17.079,17.221,-0.54269,-0.013188,35.478,2.3832
17.028,17.219,-0.57239,-0.01779,35.466,2.7061
16.967,17.218,-0.56495,-0.023277,35.447,2.8482
16.91,17.215,-0.55872,-0.028466,35.41,2.9869
16.851,17.213,-0.5439,-0.033672,35.379,3.0747
16.792,17.209,-0.54477,-0.038977,35.345,3.2605
16.73,17.205,-0.54983,-0.044426,35.302,3.4784
16.67,17.201,-0.56598,-0.049734,35.245,3.764
16.611,17.196,-0.59023,-0.054945,35.197,4.1074
16.556,17.19,-0.5927,-0.059716,35.136,4.2918
16.499,17.184,-0.581,-0.064721,35.078,4.3877
16.446,17.178,-0.58213,-0.069277,35.009,4.5539
16.394,17.171,-0.58943,-0.073786,34.94,4.7625
16.331,17.164,-0.59821,-0.079269,34.866,5.0188
16.276,17.156,-0.6066,-0.084002,34.787,5.2458
16.218,17.147,-0.61789,-0.089136,34.689,5.5081
16.154,17.138,-0.61972,-0.094823,34.597,5.722
16.087,17.129,-0.62693,-0.10074,34.502,5.986
16.016,17.119,-0.6292,-0.10715,34.394,6.2278
15.961,17.108,-0.65791,-0.1119,34.278,6.6203
15.887,17.097,-0.69488,-0.11862,34.168,7.1721
15.824,17.085,-0.74973,-0.12426,34.04,7.855
15.743,17.073,-0.8093,-0.13181,33.908,8.6923
15.665,17.059,-0.88231,-0.13897,33.779,9.6924
15.575,17.046,-0.9321,-0.14752,33.627,10.545
15.476,17.031,-0.98428,-0.15703,33.471,11.495
15.383,17.015,-1.0156,-0.16597,33.309,12.201
15.276,16.998,-1.0431,-0.17651,33.135,12.936
15.168,16.981,-1.0503,-0.18726,32.955,13.433
15.064,16.962,-1.0664,-0.19771,32.77,14.022
14.947,16.942,-1.0891,-0.20965,32.568,14.754
14.83,16.921,-1.0989,-0.22167,32.371,15.323
14.717,16.899,-1.1011,-0.23343,32.164,15.767
14.609,16.876,-1.1176,-0.24484,31.949,16.376
14.496,16.851,-1.1198,-0.25703,31.721,16.809
14.384,16.826,-1.1086,-0.26927,31.488,17.043
14.27,16.799,-1.1205,-0.28214,31.232,17.597
14.157,16.771,-1.1179,-0.29499,30.977,17.935
14.05,16.741,-1.1167,-0.30733,30.721,18.257
13.948,16.71,-1.1074,-0.31954,30.449,18.431
13.841,16.678,-1.0996,-0.3327,30.166,18.639
13.731,16.645,-1.0987,-0.34646,29.871,18.945
13.617,16.61,-1.087,-0.36101,29.572,19.104
13.507,16.574,-1.0048,-0.37536,29.273,18.247
13.405,16.537,-0.93777,-0.38918,28.956,17.579
13.303,16.498,-0.86056,-0.4033,28.637,16.8
13.22,16.458,-0.75291,-0.41533,28.314,15.6
13.138,16.416,-0.6657,-0.4277,27.981,14.695
13.079,16.373,-0.64138,-0.43712,27.649,14.425
13.005,16.33,-0.61637,-0.44853,27.322,14.207
12.944,16.285,-0.605,-0.45863,26.989,14.082
12.875,16.239,-0.59397,-0.46997,26.651,13.982
12.81,16.192,-0.60023,-0.48097,26.317,14.051
12.748,16.144,-0.59541,-0.49171,25.981,13.978
12.683,16.095,-0.58164,-0.50334,25.637,13.814
12.628,16.044,-0.57801,-0.5134,25.301,13.714
12.577,15.993,-0.58064,-0.52344,24.95,13.653
12.514,15.941,-0.57506,-0.53548,24.603,13.549
12.449,15.887,-0.5712,-0.54778,24.264,13.464
12.39,15.832,-0.57915,-0.55933,23.921,13.47
12.34,15.776,-0.58575,-0.57014,23.566,13.42
12.291,15.719,-0.59285,-0.58085,23.216,13.365
12.233,15.661,-0.58326,-0.59247,22.881,13.165
12.184,15.602,-0.56474,-0.60336,22.534,12.833
12.127,15.542,-0.53559,-0.61534,22.197,12.423
12.075,15.48,-0.43767,-0.62674,21.858,11.345
12.027,15.417,-0.31425,-0.63786,21.511,10.102
11.987,15.354,-0.14235,-0.6477,21.165,8.583
11.964,15.289,0.057589,-0.65388,20.826,7.0393
11.962,15.223,0.27037,-0.65522,20.501,5.6368
11.983,15.158,0.433,-0.65191,20.175,4.6578
12.017,15.093,0.57256,-0.64512,19.862,3.905
12.072,15.028,0.65108,-0.63302,19.561,3.4123
12.143,14.965,0.70151,-0.61598,19.281,3.0245
12.214,14.903,0.74162,-0.59881,18.999,2.699
12.287,14.843,0.77197,-0.57964,18.74,2.4224
12.374,14.785,0.81025,-0.55668,18.491,2.1439
12.461,14.73,0.84623,-0.53246,18.258,1.901
12.536,14.677,0.86996,-0.51077,18.034,1.7135
12.616,14.625,0.88136,-0.48736,17.817,1.5472
12.695,14.577,0.88167,-0.46341,17.613,1.4007
12.791,14.53,0.86081,-0.43429,17.433,1.2528
12.876,14.487,0.83481,-0.40724,17.268,1.1228
12.957,14.446,0.81666,-0.38083,17.118,0.99918
13.043,14.408,0.79048,-0.35279,16.979,0.87553
13.122,14.373,0.76897,-0.32667,16.847,0.76219
13.196,14.34,0.76218,-0.30136,16.733,0.65559
13.276,14.31,0.78327,-0.27427,16.633,0.55075
13.358,14.283,0.78747,-0.24736,16.533,0.45221
13.433,14.258,0.81503,-0.22218,16.446,0.37637
13.524,14.236,0.84578,-0.19294,16.366,0.3029
13.605,14.216,0.86814,-0.16653,16.301,0.24426
13.698,14.2,0.8697,-0.13753,16.236,0.16641
13.788,14.186,0.89441,-0.10935,16.198,0.12154
13.871,14.175,0.90097,-0.083613,16.167,0.067912
13.963,14.167,0.9184,-0.056165,16.134,0.029833
14.046,14.161,0.93326,-0.031857,16.116,0.0010116
14.139,14.158,0.95688,-0.0051803,16.118,0
14.244,14.157,0.97657,0.026435,16.126,0
14.339,14.16,0.97188,0.054729,16.139,0
14.442,14.165,0.99473,0.08472,16.169,0
14.532,14.174,1.0037,0.10968,16.195,0
14.626,14.185,1.0045,0.13516,16.236,0
14.735,14.198,0.97358,0.16451,16.293,0
14.835,14.215,0.98888,0.19039,16.342,0
14.926,14.234,0.92531,0.21278,16.417,0
15.018,14.255,0.91767,0.23503,16.493,0
15.111,14.279,0.90438,0.25674,16.565,0
15.204,14.304,0.89824,0.27785,16.648,0
15.291,14.332,0.86261,0.29687,16.75,0
15.373,14.362,0.86899,0.31346,16.84,0
15.451,14.393,0.83518,0.3284,16.943,0
15.53,14.426,0.80067,0.34345,17.057,0
15.602,14.46,0.8042,0.35602,17.177,0
15.68,14.496,0.8038,0.37023,17.296,0
15.755,14.533,0.80999,0.38273,17.416,0
15.842,14.571,0.82241,0.39884,17.543,0
15.916,14.611,0.83733,0.41004,17.664,0
15.993,14.652,0.82828,0.42235,17.795,0
16.081,14.694,0.8348,0.43755,17.94,0
16.174,14.738,0.83721,0.45412,18.084,0
16.257,14.784,0.83175,0.46731,18.239,0
16.339,14.83,0.82602,0.47904,18.38,0
16.413,14.878,0.81891,0.48828,18.533,0
16.489,14.927,0.82066,0.49804,18.686,0
16.573,14.977,0.82238,0.51006,18.852,0
16.647,15.028,0.85607,0.51863,19.018,0
16.734,15.08,0.8598,0.53055,19.175,0
16.817,15.133,0.89216,0.54137,19.344,0
16.905,15.187,0.91943,0.55312,19.509,0
17.004,15.242,0.94319,0.56804,19.679,0
17.1,15.299,0.92943,0.58148,19.851,0
17.202,15.357,0.95285,0.59716,20.043,0
17.294,15.417,0.95077,0.60849,20.23,0
17.395,15.478,0.93603,0.6227,20.424,0
17.496,15.54,0.9081,0.6363,20.618,0
17.587,15.604,0.9102,0.64622,20.812,0
17.683,15.668,0.91363,0.6575,21.01,0
17.783,15.734,0.93031,0.66969,21.206,0
17.882,15.801,0.92441,0.68104,21.41,0
17.975,15.869,0.93484,0.69054,21.629,0
18.074,15.938,0.92017,0.70156,21.85,0
18.176,16.008,0.91722,0.71296,22.064,0
18.269,16.08,0.89017,0.72135,22.29,0
18.355,16.152,0.89278,0.72652,22.506,0
18.45,16.224,0.8873,0.73477,22.728,0
18.541,16.298,0.8845,0.74133,22.947,0
18.631,16.372,0.85756,0.74757,23.17,0
18.708,16.447,0.8287,0.74887,23.395,0
18.787,16.522,0.81168,0.7514,23.631,0
18.873,16.597,0.78602,0.75538,23.85,0
18.949,16.672,0.783,0.75617,24.077,0
19.028,16.748,0.80239,0.75774,24.3,0
19.101,16.824,0.80263,0.75751,24.53,0
19.173,16.899,0.80418,0.75655,24.75,0
19.249,16.975,0.81611,0.75709,24.976,0
19.321,17.051,0.81017,0.75626,25.198,0
19.401,17.126,0.78157,0.758,25.416,0
19.486,17.202,0.78586,0.76136,25.643,0
19.569,17.278,0.7766,0.76452,25.881,0
19.639,17.355,0.76254,0.76256,26.113,0
19.709,17.431,0.74284,0.76071,26.339,0
19.777,17.507,0.73813,0.75859,26.574,0
19.843,17.583,0.73238,0.75569,26.798,0
19.914,17.659,0.71706,0.75434,27.029,0
19.981,17.734,0.70029,0.75194,27.256,0
20.05,17.809,0.68758,0.75008,27.489,0
20.124,17.884,0.65878,0.74955,27.703,0
20.188,17.959,0.60773,0.74631,27.934,0
20.251,18.034,0.56885,0.7422,28.148,0
20.313,18.108,0.50926,0.73801,28.362,0
20.355,18.182,0.42055,0.72773,28.59,0
20.39,18.255,0.33253,0.71488,28.803,0
20.423,18.326,0.23091,0.70213,29.018,0
20.444,18.396,0.098068,0.68581,29.232,0
20.452,18.465,-0.031123,0.66548,29.436,0
20.448,18.531,-0.1416,0.64176,29.625,0
20.435,18.596,-0.24672,0.61582,29.812,0
20.409,18.657,-0.35546,0.58643,29.988,0
20.374,18.716,-0.44653,0.55468,30.15,0
20.338,18.771,-0.50359,0.52411,30.32,0
20.287,18.824,-0.54918,0.48938,30.468,0
20.237,18.873,-0.58174,0.45618,30.607,0
20.184,18.918,-0.59121,0.42305,30.732,0
20.133,18.961,-0.57685,0.39179,30.851,0.088667
20.071,19,-0.57772,0.35792,30.963,0.26336
20.009,19.036,-0.57271,0.32501,31.064,0.40703
19.948,19.068,-0.57638,0.29383,31.164,0.584
19.895,19.097,-0.57694,0.26652,31.255,0.72765
19.838,19.124,-0.58086,0.23846,31.323,0.89145
19.776,19.148,-0.58457,0.20952,31.39,1.0608
19.709,19.169,-0.59109,0.18035,31.449,1.2475
19.655,19.187,-0.59368,0.15623,31.491,1.3883
19.602,19.203,-0.5723,0.13332,31.537,1.3996
19.54,19.216,-0.52954,0.10815,31.571,1.3173
19.492,19.227,-0.47595,0.08852,31.603,1.1642
19.452,19.236,-0.41844,0.07204,31.627,0.99211
19.408,19.243,-0.3401,0.055151,31.655,0.75714
19.368,19.248,-0.25779,0.039945,31.664,0.53129
19.347,19.252,-0.17351,0.031576,31.685,0.30253
19.33,19.255,-0.066355,0.024832,31.697,0.046667
19.321,19.258,0.037366,0.020938,31.712,0
19.321,19.26,0.12739,0.020396,31.719,0
19.334,19.262,0.20231,0.024102,31.72,0
19.35,19.264,0.24325,0.028518,31.736,0
19.379,19.267,0.25253,0.037155,31.739,0
19.405,19.271,0.26845,0.044761,31.749,0
19.425,19.275,0.28103,0.049936,31.764,0
19.456,19.28,0.26681,0.05857,31.779,0
19.491,19.286,0.27694,0.068119,31.798,0
19.516,19.293,0.2696,0.074291,31.823,0
19.551,19.301,0.23611,0.083669,31.847,0
19.571,19.309,0.21083,0.087312,31.882,0
19.585,19.318,0.20748,0.089212,31.903,0
19.601,19.327,0.18859,0.091408,31.923,0
19.626,19.336,0.19596,0.096954,31.95,0
19.637,19.345,0.20253,0.097145,31.981,0
19.66,19.355,0.19209,0.1017,32.016,0
19.672,19.365,0.15881,0.10242,32.042,0
19.688,19.376,0.14297,0.10411,32.077,0
19.712,19.386,0.11652,0.10866,32.104,0
19.717,19.397,0.09288,0.10687,32.13,0
19.733,19.408,0.092605,0.10838,32.164,0
19.749,19.418,0.11317,0.1102,32.194,0
19.763,19.429,0.11303,0.11136,32.23,0
19.768,19.441,0.11223,0.1092,32.265,0
19.779,19.451,0.090155,0.10938,32.292,0
19.783,19.462,0.063469,0.10693,32.328,0
19.78,19.473,0.028053,0.10247,32.365,0
19.777,19.483,-0.013853,0.097818,32.398,0
19.77,19.493,-0.043027,0.092465,32.435,0
19.769,19.502,-0.065068,0.088798,32.454,0
19.754,19.511,-0.088345,0.080949,32.481,0
19.753,19.519,-0.09025,0.077859,32.501,0
19.743,19.527,-0.090658,0.071839,32.516,0
19.728,19.534,-0.1089,0.064724,32.544,0
19.715,19.541,-0.097794,0.058,32.57,0
19.705,19.547,-0.10477,0.052815,32.577,0.0229
19.693,19.552,-0.15803,0.046915,32.599,0.19039
19.685,19.557,-0.21716,0.042913,32.61,0.38464
19.666,19.561,-0.29095,0.035157,32.614,0.66926
19.641,19.564,-0.36062,0.025422,32.624,0.98156
19.608,19.567,-0.44556,0.013559,32.639,1.4068
19.564,19.568,-0.48624,-0.00053432,32.65,1.6812
19.521,19.568,-0.53069,-0.0058192,32.641,2.0266
19.46,19.568,-0.52379,-0.013123,32.638,2.1592
19.41,19.566,-0.54403,-0.019119,32.631,2.4104
19.359,19.564,-0.54508,-0.025182,32.621,2.561
19.304,19.562,-0.55819,-0.031572,32.593,2.79
19.241,19.559,-0.55048,-0.038994,32.559,2.9245
19.196,19.555,-0.56478,-0.044131,32.523,3.1349
19.132,19.55,-0.56322,-0.051498,32.483,3.3062
19.079,19.545,-0.5719,-0.057575,32.432,3.5092
19.023,19.539,-0.57218,-0.063854,32.392,3.6668
18.969,19.533,-0.5794,-0.069971,32.331,3.8638
18.906,19.526,-0.58016,-0.077064,32.278,4.0455
18.849,19.518,-0.57793,-0.083487,32.206,4.1878
18.8,19.51,-0.58246,-0.088881,32.127,4.3481
18.743,19.501,-0.57226,-0.095158,32.058,4.4316
18.693,19.492,-0.56887,-0.10061,31.978,4.5378
18.635,19.482,-0.57279,-0.10702,31.898,4.7187
18.575,19.471,-0.5756,-0.11377,31.809,4.8994
18.52,19.459,-0.56777,-0.11969,31.726,4.9834
18.455,19.448,-0.57429,-0.12705,31.632,5.2046
18.403,19.435,-0.57438,-0.13258,31.534,5.3305
18.341,19.422,-0.56408,-0.13952,31.43,5.414
18.287,19.408,-0.55362,-0.14542,31.325,5.468
18.235,19.393,-0.55031,-0.15098,31.22,5.5635
18.175,19.378,-0.55722,-0.15775,31.093,5.7593
18.114,19.362,-0.55378,-0.16471,30.966,5.8811
18.064,19.346,-0.55814,-0.16996,30.845,6.0187
18.016,19.329,-0.56348,-0.17518,30.712,6.1581
17.962,19.311,-0.55474,-0.1812,30.578,6.2079
17.897,19.293,-0.54677,-0.18873,30.434,6.2962
17.843,19.274,-0.54977,-0.19488,30.288,6.4313
17.785,19.255,-0.55399,-0.20148,30.148,6.5875
17.721,19.235,-0.54935,-0.20889,30,6.6895
17.672,19.214,-0.57112,-0.21434,29.839,6.9471
17.619,19.192,-0.60831,-0.22032,29.69,7.3533
17.565,19.17,-0.63881,-0.22652,29.531,7.7132
17.51,19.148,-0.70388,-0.23298,29.363,8.3953
17.438,19.124,-0.77125,-0.24188,29.194,9.1959
17.369,19.1,-0.82202,-0.2505,29.019,9.8561
17.285,19.075,-0.85579,-0.26119,28.848,10.416
17.194,19.049,-0.89579,-0.27299,28.67,11.079
17.1,19.022,-0.91567,-0.28538,28.487,11.542
17.016,18.993,-0.94117,-0.2965,28.287,12.026
16.926,18.963,-0.96801,-0.3086,28.095,12.559
16.834,18.933,-0.98824,-0.32137,27.879,13.017
16.742,18.9,-1.0114,-0.33418,27.657,13.506
16.639,18.867,-1.0153,-0.34896,27.435,13.806
16.538,18.832,-1.0251,-0.36343,27.218,14.167
16.442,18.796,-1.0304,-0.37732,26.987,14.437
16.336,18.758,-1.0451,-0.39337,26.741,14.861
16.235,18.719,-1.0816,-0.4087,26.487,15.536
16.127,18.678,-1.0581,-0.42561,26.231,15.452
16.021,18.635,-1.0381,-0.44248,25.964,15.393
15.916,18.591,-0.98707,-0.45912,25.709,14.931
15.823,18.545,-0.98557,-0.4743,25.43,15.031
15.73,18.498,-0.96045,-0.48937,25.163,14.831
15.627,18.449,-1.0039,-0.50703,24.876,15.517
15.522,18.398,-1.0052,-0.52546,24.582,15.667
15.425,18.346,-1.046,-0.54249,24.29,16.288
15.313,18.291,-1.0529,-0.56259,24,16.521
15.215,18.235,-1.0793,-0.5806,23.696,16.939
15.102,18.177,-1.1317,-0.60216,23.385,17.771
14.997,18.117,-1.2584,-0.62211,23.078,19.685
14.869,18.055,-1.3934,-0.64729,22.767,21.975
14.726,17.99,-1.5478,-0.67663,22.44,24.844
14.573,17.922,-1.6894,-0.70888,22.103,27.74
14.397,17.851,-1.7801,-0.74721,21.756,29.864
14.221,17.777,-1.8628,-0.78662,21.402,31.88
14.035,17.698,-1.9498,-0.82998,21.035,34.088
13.835,17.615,-2.0492,-0.87793,20.658,36.719
13.634,17.527,-2.1871,-0.92801,20.269,40.464
13.411,17.434,-2.3712,-0.98556,19.868,45.906
13.172,17.336,-2.5267,-1.0497,19.452,50.993
12.925,17.231,-2.6657,-1.1191,19.021,55.896
12.658,17.119,-2.76,-1.1957,18.59,59.503
12.392,16.999,-2.7954,-1.2773,18.131,60.86
12.103,16.872,-2.7981,-1.3701,17.653,60.927
11.82,16.735,-2.8629,-1.4658,17.167,63.29
11.538,16.588,-3.0054,-1.566,16.67,68.949
11.241,16.431,-3.2421,-1.6765,16.162,79.787
10.923,16.264,-3.5433,-1.8017,15.637,96.512
10.562,16.084,-3.9065,-1.9518,15.09,122.63
10.168,15.888,-4.2244,-2.1227,14.535,153.42
9.7401,15.676,-4.4938,-2.3228,13.952,189.48
9.2862,15.444,-4.6802,-2.5488,13.354,27.716
8.8258,15.189,-4.7705,-2.7975,12.736,26.282
8.3427,14.909,-4.8525,-6.6351,12.095,9.9159
7.8497,14.246,-5.0035,-6.7911,11.442,9.3678
7.3545,13.567,-5.3136,-7.0989,10.807,8.9833
6.8307,12.857,-5.6781,-7.4604,10.187,8.6081
6.2586,12.111,-6.135,-7.9206,9.5895,8.2447
5.6487,11.319,-6.5284,-8.3114,9.0148,7.8766
4.9876,10.487,-6.6445,-8.4315,8.4634,7.5197
4.3323,9.6443,-6.3075,-8.0888,7.9202,7.1465
3.7108,8.8354,-5.7569,-7.5313,7.4002,6.777
3.1387,8.0823,-5.0848,-6.8548,6.9037,6.4152
2.6206,7.3968,-4.2736,-6.0531,6.4095,6.0519
2.1897,6.7915,-3.5138,-5.2947,5.9456,5.6917
1.8308,6.262,-2.9068,-5.2,5.4963,4.2654
1.5384,5.742,-2.2571,-8.8,5.0604,0
1.3139,4.862,-1.5752,-8.8,4.663,0
1.1626,3.982,-1.0304,-8.8,4.3363,0
1.0545,3.102,-0.60904,-8.8,4.0941,0
0.99982,2.222,-0.26315,-8.8,3.926,0
0.97516,1.342,0.072452,-8.8,3.8544,0
0.991,0.462,0.49606,-8.8,3.869,0
1.0477,0,1.0962,-8.8,3.9629,0
1.157,0,1.7476,-8.8,4.1163,0
1.3224,0,2.3718,-8.8,4.2758,0
1.553,0,2.8072,-8.8,4.4571,0
1.8269,0,3.0807,-8.8,4.6764,1.2973
2.1294,0,3.1948,-8.8,4.9163,4.8386
2.442,0,3.2875,3.2875,5.1953,0
2.7673,0.32875,3.3767,3.3767,5.4466,0
3.1147,0.66642,3.482,3.482,5.6861,0
3.455,1.0146,3.5186,4.9,5.9268,0
3.8131,1.5046,3.4791,4.9,6.1656,0
4.1696,1.9946,3.3738,4.9,6.3798,0
4.5026,2.4846,3.2599,4.9,6.596,0
4.829,2.9746,3.1611,3.5499,6.7871,0
5.1436,3.3296,3.0844,2.9455,6.9699,0
5.4428,3.6242,3.051,2.6229,7.1525,0
5.7485,3.8864,3.0189,2.4433,7.3329,0
6.0505,4.1308,2.9397,2.3289,7.5277,0
6.353,4.3637,2.8619,2.2507,7.7149,0
6.6332,4.5887,2.7958,2.1786,7.9264,0
6.9047,4.8066,2.7057,2.1158,8.1279,0
7.1841,5.0182,2.6437,2.0795,8.3387,0
7.4388,5.2261,2.6444,2.0295,8.5487,0
7.6938,5.4291,2.5978,1.9963,8.7812,0
7.9605,5.6287,2.5493,1.98,9.0101,0
8.2213,5.8267,2.4941,1.9652,9.2527,0
8.473,6.0232,2.4392,1.9476,9.5022,0
8.71,6.218,2.3935,1.9205,9.7402,0
8.9395,6.41,2.3777,1.8967,9.9996,0
9.1741,6.5997,2.337,1.8797,10.251,0
9.4106,6.7877,2.2944,1.8697,10.518,0
9.6308,6.9746,2.2347,1.8511,10.79,0
9.8512,7.1597,2.1317,1.8351,11.059,0
10.055,7.3433,2.0001,1.8115,11.334,0
10.265,7.5244,1.772,1.7961,11.613,0
10.438,7.704,1.6315,1.7583,11.885,0
10.6,7.8798,1.4785,1.7186,12.152,0
10.739,8.0517,1.2908,1.6711,12.428,0
10.871,8.2188,1.0711,1.6235,12.691,0
10.975,8.3812,0.87933,1.5657,12.962,0
11.061,8.5377,0.56491,1.5027,13.219,0
11.125,8.688,0.20759,1.4331,13.464,0
11.153,8.8313,-0.074277,1.3487,13.698,0
11.142,8.9662,-0.33428,1.2507,13.923,0
11.103,9.0912,-0.60622,1.1455,14.142,1.1579
11.04,9.2058,-0.85294,1.0349,14.326,3.0027
10.948,9.3093,-1.0894,0.91644,14.491,5.2015
10.845,9.4009,-1.3942,0.80251,14.648,8.7607
10.714,9.4812,-1.6807,0.68092,14.788,13.015
10.551,9.5493,-1.8476,0.55043,14.901,15.989
10.364,9.6043,-1.8832,0.41604,14.993,16.715
10.172,9.6459,-1.7795,0.28706,15.055,14.869
9.9858,9.6746,-1.5341,0.1693,15.097,11.038
9.8241,9.6916,-1.2043,0.071992,15.117,7.0226
9.7045,9.6988,-0.83468,0.0030993,15.117,3.7867
9.627,9.6991,-0.42885,-0.014719,15.114,1.5627
9.5906,9.6976,-0.080407,-0.021886,15.095,0.37334
9.584,9.6954,0.25737,-0.022811,15.082,0
9.6195,9.6931,0.6604,-0.015103,15.067,0
9.6918,9.6916,1.09,0.00010524,15.055,0.24207
9.7932,9.6916,1.5032,0.05497,15.064,1.2637
9.9435,9.6971,2.0764,0.13331,15.073,3.3644
10.149,9.7105,2.5905,0.23748,15.112,5.7145
10.408,9.7342,3.0016,0.36426,15.169,7.7802
10.71,9.7706,3.352,0.50679,15.24,9.6246
11.046,9.8213,3.4395,0.65965,15.353,9.7704
11.397,9.8873,3.2359,0.81012,15.482,8.0173
11.722,9.9683,3.0035,0.9365,15.64,6.2429
12.019,10.062,2.6837,1.0403,15.83,4.1436
12.294,10.166,2.2998,1.1241,16.029,1.978
12.523,10.278,2.0189,1.1781,16.248,0.6032
12.727,10.396,1.8687,1.216,16.481,0
12.912,10.518,1.6927,1.24,16.709,0
13.085,10.642,1.505,1.2573,16.958,0
13.242,10.768,1.3046,1.2644,17.195,0
13.373,10.894,1.1183,1.2581,17.448,0
13.477,11.02,0.8924,1.239,17.699,0
13.566,11.144,0.71754,1.2131,17.937,0
13.629,11.265,0.55452,1.1759,18.166,0
13.685,11.383,0.3772,1.1388,18.399,0
13.727,11.496,0.3104,1.0968,18.623,0
13.751,11.606,0.36648,1.0488,18.842,0
13.781,11.711,0.37113,1.0073,19.058,0
13.809,11.812,0.37026,0.96663,19.252,0
13.847,11.908,0.3768,0.93358,19.444,0
13.874,12.002,0.42026,0.89801,19.632,0
13.926,12.092,0.45165,0.87617,19.823,0
13.963,12.179,0.50051,0.84898,20.011,0
14.009,12.264,0.62584,0.82687,20.178,0
14.063,12.347,0.97729,0.81064,20.357,0
14.167,12.428,1.4018,0.81885,20.537,0
14.314,12.51,1.7131,0.84691,20.716,0.49052
14.484,12.594,2.0365,0.88387,20.897,1.848
14.689,12.683,2.4064,0.93529,21.097,3.6597
14.935,12.776,2.6156,1.0029,21.3,4.7506
15.203,12.877,2.6004,1.0769,21.529,4.5609
15.457,12.984,2.5542,1.1398,21.769,4.2175
15.71,13.098,2.5267,1.1992,22.03,3.9925
15.959,13.218,2.4319,1.2529,22.299,3.3998
16.193,13.343,2.3313,1.2968,22.581,2.8062
16.422,13.473,2.2118,1.3356,22.874,2.1365
16.636,13.607,2.1348,1.3654,23.174,1.7248
16.844,13.743,2.006,1.3908,23.481,1.0684
17.045,13.882,1.8556,1.4116,23.797,0.34415
17.229,14.023,1.6704,1.4237,24.118,0
17.402,14.166,1.473,1.4302,24.444,0
17.544,14.309,1.2481,1.4223,24.767,0
17.662,14.451,1.0259,1.405,25.096,0
17.771,14.592,0.79995,1.3846,25.421,0
17.856,14.73,0.58643,1.3553,25.745,0
17.912,14.866,0.409,1.3147,26.051,0
17.949,14.997,0.24739,1.2684,26.358,0
17.982,15.124,0.10055,1.2228,26.65,0
17.993,15.246,-0.0074459,1.17,26.923,0
17.997,15.363,-0.06341,1.1172,27.188,0
17.982,15.475,-0.059644,1.0598,27.452,0
17.976,15.581,-0.0079757,1.0087,27.688,0
17.976,15.682,0.076387,0.9631,27.924,0
17.99,15.778,0.14955,0.92582,28.152,0
17.997,15.871,0.16498,0.8874,28.37,0
18.004,15.959,0.11898,0.85112,28.581,0
18.017,16.045,0.025587,0.81862,28.779,0
18.017,16.126,-0.096549,0.78295,28.977,0
18.015,16.205,-0.22233,0.74747,29.153,0
17.999,16.279,-0.33725,0.70878,29.339,0
