17.778,17.778,0.5429,0,0,0
17.84,17.778,0.58777,0.02635,35.508,0
17.891,17.78,0.51489,0.046527,35.509,0
17.946,17.785,0.49354,0.067824,35.532,0
18.004,17.792,0.42167,0.089299,35.542,0
18.053,17.801,0.32357,0.10645,35.559,0
18.087,17.811,0.20693,0.11595,35.592,0
18.1,17.823,0.083887,0.1167,35.629,0
18.105,17.835,0.0074004,0.11395,35.648,0
18.096,17.846,-0.0019448,0.10527,35.684,0
18.101,17.857,0.053808,0.10297,35.711,0
18.116,17.867,0.14685,0.10463,35.743,0
18.125,17.877,0.2683,0.10427,35.773,0
18.149,17.888,0.32816,0.10986,35.808,0
18.182,17.899,0.34798,0.11907,35.832,0
18.224,17.911,0.34738,0.13169,35.857,0
18.265,17.924,0.35453,0.14343,35.886,0
18.297,17.938,0.32967,0.15048,35.916,0
18.337,17.953,0.32168,0.16107,35.951,0
18.379,17.969,0.34685,0.17172,35.999,0
18.414,17.987,0.35074,0.17893,36.035,0
18.441,18.004,0.3374,0.18262,36.076,0
18.476,18.023,0.3461,0.18969,36.12,0
18.509,18.042,0.34932,0.19528,36.175,0
18.541,18.061,0.30626,0.20068,36.218,0
18.564,18.081,0.25741,0.20178,36.276,0
18.583,18.101,0.18134,0.20098,36.325,0
18.608,18.122,0.074745,0.20302,36.371,0
18.607,18.142,-0.041244,0.19388,36.421,0
18.597,18.161,-0.14038,0.18149,36.47,0
18.593,18.179,-0.24106,0.17204,36.512,0.1392
18.569,18.197,-0.28514,0.1551,36.549,0.33853
18.536,18.212,-0.30834,0.13473,36.59,0.48374
18.508,18.226,-0.27944,0.11731,36.625,0.43338
18.475,18.237,-0.25195,0.098912,36.644,0.39463
18.447,18.247,-0.19751,0.082881,36.658,0.26753
18.422,18.255,-0.15892,0.069257,36.677,0.19336
18.408,18.262,-0.12721,0.060563,36.688,0.13044
18.388,18.268,-0.11281,0.049398,36.698,0.12463
18.376,18.273,-0.070767,0.042617,36.708,0.037839
18.379,18.278,-0.047456,0.041985,36.724,0
18.365,18.282,-0.016077,0.034346,36.742,0
18.356,18.285,0.0029315,0.029331,36.744,0
18.351,18.288,-0.014687,0.026211,36.758,0
18.354,18.291,-0.067395,0.02624,36.755,0.077051
18.345,18.293,-0.11894,0.021292,36.768,0.2235
18.324,18.296,-0.18393,0.011763,36.766,0.43894
18.314,18.297,-0.24275,0.0070153,36.762,0.64319
18.293,18.297,-0.2759,-0.00037891,36.767,0.79036
18.261,18.297,-0.27365,-0.0033901,36.757,0.86021
18.226,18.297,-0.28798,-0.0066357,36.746,0.99889
18.204,18.296,-0.28028,-0.0086846,36.745,1.024
18.169,18.296,-0.26757,-0.011873,36.735,1.0602
18.15,18.294,-0.27809,-0.013482,36.728,1.1435
18.131,18.293,-0.30762,-0.015208,36.719,1.3086
18.108,18.291,-0.30132,-0.01722,36.698,1.3379
18.07,18.29,-0.32628,-0.020593,36.669,1.537
18.03,18.288,-0.34552,-0.02422,36.65,1.7259
17.994,18.285,-0.33446,-0.027399,36.616,1.7669
17.962,18.283,-0.33413,-0.030221,36.576,1.8458
17.922,18.28,-0.34148,-0.033696,36.544,1.9804
17.881,18.276,-0.35135,-0.037283,36.509,2.1324
17.844,18.272,-0.33368,-0.040561,36.462,2.1425
17.807,18.268,-0.3382,-0.043699,36.423,2.2557
17.776,18.264,-0.32191,-0.046309,36.37,2.2511
17.745,18.259,-0.24672,-0.048958,36.314,1.9758
17.719,18.254,-0.13945,-0.051138,36.256,1.5858
17.711,18.249,-0.072961,-0.051449,36.2,1.3447
17.704,18.244,-0.0020496,-0.051757,36.146,1.1127
17.699,18.239,0.064491,-0.05185,36.089,0.9136
17.704,18.234,0.077178,-0.051031,36.038,0.85796
17.703,18.229,0.077158,-0.050682,35.988,0.84797
17.717,18.224,0.086703,-0.048954,35.934,0.78281
17.718,18.219,0.094932,-0.048517,35.88,0.74957
17.733,18.214,0.10245,-0.046673,35.831,0.68983
17.741,18.209,0.10046,-0.045524,35.789,0.66938
17.744,18.205,0.089525,-0.04489,35.738,0.68165
17.746,18.2,0.071702,-0.044319,35.683,0.7133
17.757,18.196,0.026905,-0.042949,35.638,0.80366
17.757,18.192,-0.049693,-0.04264,35.586,1.0242
17.756,18.187,-0.15418,-0.042323,35.547,1.3774
17.737,18.183,-0.25901,-0.043905,35.498,1.8414
17.704,18.179,-0.36066,-0.046802,35.46,2.3986
17.674,18.174,-0.43128,-0.049384,35.413,2.8454
17.63,18.169,-0.41727,-0.053356,35.355,2.885
17.586,18.164,-0.37466,-0.057266,35.303,2.768
17.558,18.158,-0.32435,-0.059596,35.252,2.5714
17.525,18.152,-0.26239,-0.062412,35.197,2.3438
17.492,18.146,-0.19733,-0.065248,35.139,2.119
17.475,18.139,-0.19523,-0.066458,35.072,2.1363
17.457,18.133,-0.1659,-0.067839,34.995,2.0387
17.442,18.126,-0.12143,-0.068852,34.923,1.874
17.432,18.119,-0.083655,-0.069376,34.847,1.732
17.433,18.112,-0.043365,-0.068775,34.784,1.5627
17.435,18.105,0.019533,-0.068122,34.715,1.3267
17.441,18.098,0.062045,-0.066977,34.656,1.164
17.451,18.092,0.08258,-0.065434,34.597,1.0669
17.463,18.085,0.11139,-0.063702,34.524,0.94606
17.483,18.079,0.13474,-0.061159,34.464,0.83067
17.498,18.073,0.12927,-0.059086,34.412,0.80143
17.517,18.067,0.10029,-0.056707,34.347,0.82621
17.53,18.061,0.031379,-0.054843,34.301,0.97811
17.532,18.055,-0.035367,-0.054246,34.252,1.17
17.533,18.05,-0.12297,-0.053659,34.197,1.4599
17.521,18.045,-0.21439,-0.054518,34.143,1.8417
17.498,18.039,-0.2699,-0.056408,34.091,2.1319
17.47,18.034,-0.29088,-0.058898,34.033,2.291
17.439,18.028,-0.3215,-0.061707,33.976,2.511
17.412,18.022,-0.33633,-0.064086,33.915,2.6454
17.374,18.015,-0.33622,-0.067501,33.861,2.7335
17.337,18.008,-0.35639,-0.070889,33.805,2.9282
17.305,18.001,-0.32684,-0.073643,33.74,2.8412
17.263,17.994,-0.32914,-0.077639,33.663,2.9547
17.237,17.986,-0.34502,-0.079725,33.596,3.0903
17.209,17.978,-0.33412,-0.082144,33.517,3.0891
17.182,17.97,-0.32065,-0.084512,33.44,3.0727
17.159,17.962,-0.39098,-0.086325,33.356,3.5054
17.112,17.953,-0.45221,-0.090756,33.275,3.9929
17.059,17.944,-0.50876,-0.095871,33.184,4.5004
17.007,17.934,-0.5935,-0.10091,33.096,5.2408
16.951,17.924,-0.69195,-0.10639,32.995,6.1664
16.874,17.913,-0.76378,-0.11413,32.897,7.0212
16.796,17.902,-0.83255,-0.12195,32.796,7.9041
16.716,17.89,-0.89705,-0.13012,32.672,8.8015
16.628,17.877,-0.93566,-0.13921,32.549,9.5052
16.541,17.863,-0.92376,-0.14816,32.419,9.6778
16.45,17.848,-0.89639,-0.15764,32.289,9.703
16.358,17.832,-0.84542,-0.16739,32.139,9.4846
16.28,17.816,-0.78129,-0.17538,31.998,9.0833
16.207,17.798,-0.75217,-0.183,31.839,9.0117
16.142,17.78,-0.80425,-0.18975,31.686,9.7061
16.059,17.761,-0.88138,-0.19854,31.529,10.765
15.98,17.741,-0.97895,-0.20702,31.357,12.1
15.887,17.72,-1.0547,-0.21723,31.184,13.32
15.79,17.699,-1.0612,-0.22818,30.987,13.721
15.688,17.676,-0.99453,-0.24,30.784,13.232
15.59,17.652,-0.89941,-0.25115,30.585,12.407
15.503,17.627,-0.7754,-0.26122,30.378,11.279
15.428,17.6,-0.66496,-0.27005,30.161,10.329
15.37,17.573,-0.60085,-0.27664,29.949,9.8115
15.303,17.546,-0.5915,-0.28435,29.735,9.8492
15.247,17.517,-0.66857,-0.29088,29.517,10.679
15.173,17.488,-0.84571,-0.29998,29.285,12.72
15.089,17.458,-1.0679,-0.31075,29.042,15.655
14.972,17.427,-1.2934,-0.32578,28.802,19.246
14.84,17.395,-1.4402,-0.34315,28.553,22.074
14.692,17.36,-1.4395,-0.36317,28.293,22.582
14.549,17.324,-1.2916,-0.38282,28.021,20.611
14.426,17.286,-1.065,-0.40014,27.739,17.599
14.326,17.246,-0.82059,-0.41484,27.44,14.666
14.249,17.204,-0.6417,-0.42639,27.144,12.748
14.187,17.162,-0.52963,-0.43567,26.855,11.63
14.129,17.118,-0.49326,-0.44455,26.564,11.279
14.086,17.074,-0.50516,-0.45166,26.258,11.331
14.029,17.028,-0.53107,-0.46065,25.965,11.569
13.978,16.982,-0.54917,-0.46863,25.674,11.706
13.933,16.935,-0.57628,-0.47629,25.369,11.905
13.867,16.888,-0.56896,-0.48693,25.076,11.835
13.813,16.839,-0.53402,-0.49579,24.782,11.446
13.753,16.79,-0.50229,-0.50634,24.47,11.109
13.698,16.739,-0.46547,-0.51605,24.166,10.715
13.652,16.687,-0.42464,-0.52391,23.869,10.259
13.6,16.635,-0.39575,-0.53285,23.576,9.9384
13.558,16.582,-0.37951,-0.54047,23.273,9.6928
13.524,16.528,-0.38498,-0.54622,22.981,9.6059
13.492,16.473,-0.38595,-0.55196,22.681,9.469
13.449,16.418,-0.3653,-0.55969,22.39,9.1919
13.409,16.362,-0.36782,-0.56656,22.102,9.0927
13.371,16.305,-0.40444,-0.57386,21.798,9.2606
13.327,16.248,-0.42538,-0.58226,21.496,9.3142
13.286,16.19,-0.44095,-0.59013,21.197,9.312
13.238,16.131,-0.47748,-0.59939,20.899,9.5057
13.182,16.071,-0.50026,-0.60998,20.608,9.6051
13.13,16.01,-0.49407,-0.62017,20.316,9.4377
13.088,15.948,-0.50621,-0.62813,20.023,9.3924
13.031,15.885,-0.51298,-0.63856,19.747,9.3461
12.975,15.821,-0.50283,-0.64955,19.46,9.1437
12.923,15.756,-0.47809,-0.6593,19.183,8.8115
12.873,15.69,-0.44678,-0.66847,18.904,8.4209
12.837,15.623,-0.40912,-0.6744,18.624,7.9503
12.802,15.556,-0.39587,-0.67974,18.355,7.6804
12.766,15.488,-0.41659,-0.68563,18.077,7.6601
12.728,15.419,-0.48049,-0.69208,17.802,7.9783
12.678,15.35,-0.53322,-0.70147,17.529,8.2499
12.618,15.28,-0.5237,-0.71259,17.272,8.0519
12.567,15.209,-0.5047,-0.72158,17.008,7.7516
12.517,15.136,-0.45526,-0.73095,16.735,7.2201
12.48,15.063,-0.39543,-0.73576,16.48,6.6203
12.439,14.99,-0.35764,-0.74089,16.232,6.2067
12.409,14.916,-0.37617,-0.74393,15.969,6.1377
12.371,14.841,-0.36572,-0.74831,15.721,5.9045
12.327,14.766,-0.3537,-0.75374,15.483,5.6814
12.297,14.691,-0.32581,-0.75474,15.245,5.3385
12.268,14.616,-0.29705,-0.75504,15.008,5.0004
12.243,14.54,-0.2639,-0.75411,14.774,4.6473
12.208,14.465,-0.26734,-0.75583,14.546,4.5178
12.191,14.389,-0.27831,-0.75094,14.323,4.3992
12.157,14.314,-0.28505,-0.75107,14.11,4.294
12.138,14.239,-0.28827,-0.74643,13.893,4.1454
12.118,14.164,-0.28076,-0.74041,13.692,3.9547
12.095,14.09,-0.28584,-0.7362,13.484,3.8315
12.069,14.017,-0.29626,-0.73272,13.281,3.7431
12.038,13.943,-0.29989,-0.72949,13.093,3.6359
12.013,13.87,-0.29629,-0.72488,12.901,3.4888
11.992,13.798,-0.29652,-0.71716,12.721,3.3601
11.957,13.726,-0.28921,-0.71522,12.54,3.2204
11.924,13.655,-0.28246,-0.71179,12.367,3.0865
11.891,13.583,-0.27,-0.7083,12.197,2.9346
11.865,13.513,-0.27955,-0.70101,12.032,2.8681
11.832,13.443,-0.29278,-0.69635,11.876,2.8322
11.809,13.373,-0.28181,-0.68704,11.72,2.6854
11.791,13.304,-0.21768,-4.4,11.57,151.26
11.762,12.864,-0.19024,-0.48286,11.448,1.799
11.737,12.816,-0.057689,-4.4,11.345,206.24
11.722,12.376,0.15863,-0.28248,11.257,0.44998
11.734,12.348,0.35534,-0.26683,11.2,0.19736
11.778,12.321,0.52117,-4.4,11.144,246.94
11.824,11.881,0.73022,-0.023885,11.106,0
11.894,11.879,0.82672,0.0044236,11.103,0
11.971,11.879,0.82607,0.027099,11.107,0
12.058,11.882,0.82426,0.051936,11.121,0
12.134,11.887,0.82229,0.072601,11.141,0
12.221,11.894,0.81114,0.096315,11.166,0
12.299,11.904,0.81441,0.11663,11.195,0
12.38,11.916,0.823,0.13739,11.241,0
12.461,11.929,0.82827,0.15727,11.286,0
12.54,11.945,0.80016,0.17638,11.337,0
12.629,11.963,0.76208,0.1983,11.408,0
12.713,11.982,0.72053,0.21788,11.482,0
12.788,12.004,0.68809,0.23449,11.558,0
12.866,12.028,0.65724,0.25171,11.648,0
12.934,12.053,0.62662,0.26506,11.725,0
12.999,12.079,0.59647,0.27751,11.807,0
13.067,12.107,0.55886,0.29047,11.9,0
13.114,12.136,0.52241,0.29705,12.002,0
13.162,12.166,0.49816,0.30391,12.111,0
13.218,12.196,0.49021,0.31287,12.22,0
13.262,12.228,0.47356,0.31747,12.317,0
13.3,12.259,0.47439,0.32039,12.42,0
13.357,12.291,0.4659,0.32929,12.534,0
13.406,12.324,0.45506,0.33575,12.65,0
13.444,12.358,0.43616,0.33769,12.749,0
13.483,12.392,0.42129,0.34039,12.853,0
13.532,12.426,0.41349,0.34605,12.961,0
13.568,12.46,0.40237,0.3473,13.067,0
13.614,12.495,0.39141,0.35198,13.185,0
13.662,12.53,0.38245,0.35688,13.291,0
13.696,12.566,0.36449,0.35731,13.406,0
13.738,12.602,0.28193,0.36049,13.519,0
13.765,12.638,0.15958,0.35858,13.638,0
13.771,12.673,0.028555,0.35008,13.746,0
13.778,12.709,-0.097314,0.34196,13.863,0
13.759,12.743,-0.19605,0.32565,13.959,0
13.737,12.775,-0.2343,0.30873,14.064,0
13.722,12.806,-0.23888,0.29469,14.16,0
13.703,12.836,-0.22885,0.27961,14.249,0
13.689,12.864,-0.18873,0.2665,14.342,0
13.678,12.89,-0.20265,0.25477,14.416,0
13.653,12.916,-0.26017,0.23867,14.485,0
13.631,12.94,-0.28209,0.22415,14.554,0
13.607,12.962,-0.301,0.20949,14.628,0
13.572,12.983,-0.33962,0.19121,14.685,0.070557
13.529,13.002,-0.36447,0.17117,14.736,0.25817
13.501,13.019,-0.3501,0.15682,14.791,0.27819
13.476,13.035,-0.4455,0.14352,14.828,0.72008
13.431,13.049,-0.61337,0.12422,14.871,1.6334
13.374,13.062,-0.84973,0.1019,14.903,3.254
13.287,13.072,-1.108,0.070047,14.936,5.6224
13.17,13.079,-1.4146,0.029854,14.953,9.3243
13.023,13.082,-1.6299,-0.016924,14.951,12.786
12.863,13.08,-1.7544,-0.062401,14.93,15.341
12.695,13.074,-1.8029,-0.10941,14.898,16.738
12.511,13.063,-1.771,-0.1601,14.844,16.73
12.342,13.047,-1.6715,-0.20568,14.785,15.501
12.177,13.026,-1.5689,-0.24918,14.717,14.294
12.015,13.001,-1.4898,-0.29201,14.621,13.498
11.856,12.972,-1.4179,-0.33346,14.518,12.826
11.715,12.939,-1.3622,-0.36944,14.398,12.337
11.581,12.902,-1.2991,-0.4031,14.277,11.741
11.455,12.862,-1.191,-0.43505,14.137,10.597
11.34,12.818,-1.0553,-0.4633,13.988,9.2099
11.237,12.772,-0.91752,-0.48764,13.84,7.9217
11.15,12.723,-0.80757,-0.50735,13.681,6.9704
11.068,12.672,-0.73152,-0.52488,13.529,6.3633
11.002,12.62,-0.72146,-0.53797,13.359,6.2531
10.928,12.566,-0.76663,-0.55311,13.203,6.6007
10.845,12.511,-0.84438,-0.57151,13.037,7.2474
10.759,12.454,-0.90269,-0.59091,12.87,7.7561
10.673,12.394,-0.95483,-0.6101,12.703,8.2222
10.579,12.333,-0.97032,-0.63227,12.535,8.3568
10.492,12.27,-0.93332,-0.65257,12.359,7.9659
10.393,12.205,-0.87283,-0.67689,12.183,7.3942
10.31,12.137,-0.83542,-0.69516,12.003,7.0081
10.219,12.068,-0.7936,-0.71769,11.813,6.6022
10.14,11.996,-0.78966,-0.73495,11.627,6.4853
10.054,11.922,-0.83608,-0.75536,11.437,6.7741
9.9702,11.847,-0.9122,-0.77495,11.243,7.3138
9.8756,11.769,-0.97559,-0.79761,11.062,7.7919
9.7813,11.69,-1.0762,-0.82186,10.865,8.6369
9.6725,11.608,-1.1625,-5.2,10.683,0
9.5477,11.088,-1.2797,-5.2,10.503,0
9.419,10.568,-1.5238,-0.4798,10.359,13.032
9.2764,10.52,-1.9497,-5.2,10.243,0
9.0893,9.9995,-2.5525,-0.37181,10.129,35.798
8.8344,9.9624,-3.2304,-0.46708,10.021,65.63
8.5203,9.9156,-3.8172,-5.2,9.9027,0
8.1297,9.3956,-4.1814,-0.51226,9.7794,18.19
7.7153,9.3444,-4.4367,-5.2,9.627,1.7359
7.2665,8.8244,-4.6643,-0.6216,9.4666,17.78
6.7907,8.7623,-4.8865,-5.2,9.284,3.3828
6.3076,8.2423,-5.1676,-5.3733,9.0971,3.5337
5.7904,7.7049,-5.541,-0.729,8.9111,17.77
5.2303,7.632,-5.9251,-6.2565,8.7035,4.2272
4.6382,7.0064,-6.1157,-6.447,8.4653,4.1588
4.0182,6.3617,-6.2414,-0.8256,8.2401,18.162
3.3989,6.2791,-6.3819,-6.9019,7.9767,4.8118
2.7577,5.5889,-6.0592,-8.8,7.6877,0.045045
2.161,4.7089,-5.4329,-0.77133,7.4186,16.032
1.6094,4.6318,-4.7496,-8.8,7.1454,0
1.1406,3.7518,-4.0378,-8.8,6.8681,0
0.73022,2.8718,-3.2823,-0.45751,6.6298,10.901
0.41187,2.8261,-2.9206,-8.8,6.4064,0
0.12827,1.9461,-2.7137,-0.28477,6.202,9.1603
-0.13687,1.9176,-2.5354,-0.33463,5.999,9.1661
-0.38717,1.8841,-2.2082,-8.8,5.7898,0
-0.60525,1.0041,-1.6901,-0.14602,5.5998,6.8738
-0.7644,0.98952,-1.1378,-8.8,5.4358,0
-0.88017,0.10952,-0.6358,-0.6358,5.2935,2.359
-0.93631,0.045935,-0.17318,-0.17318,5.1977,2.3438
-0.94565,0.028618,0.11202,0.11202,5.0997,2.3274
-0.93292,0.03982,0.20767,-8.8,5.0085,0
-0.91906,0,0.22135,-8.8,4.9612,0
-0.90683,0,0.22093,-8.8,4.9217,0
-0.88277,0,0.21949,-8.8,4.8776,0
-0.86398,0,0.2256,-8.8,4.8327,0
-0.8403,0,0.22712,-8.8,4.7887,0
-0.8111,0,0.23273,-8.8,4.7413,0
-0.78978,0,0.32339,-8.8,4.7048,0
-0.76123,0,0.50769,-8.8,4.6797,0
-0.70438,0,0.82631,-8.8,4.6439,0
-0.62156,0,1.2605,-8.8,4.6194,0
-0.4858,0,1.7505,-8.8,4.5994,0
-0.3126,0,2.2113,-8.8,4.6009,0
-0.091638,0,2.6032,-8.8,4.623,0
0.16483,0,2.8854,-8.8,4.6618,0
0.4579,0,3.0401,-8.8,4.7346,0
0.76389,0,3.1143,-8.8,4.8303,0
1.0744,0,3.1213,-8.8,4.9673,0
1.3783,0,3.0772,3.0772,5.1346,0
1.6814,0.30772,3.0022,3.0022,5.2635,0
1.9796,0.60794,2.8811,2.8811,5.3963,0
2.263,0.89605,2.7519,4.9,5.5249,4.0608
2.5437,1.3861,2.6643,-8.8,5.6414,6.0584
2.802,0.50605,2.6059,2.6059,5.8135,0
3.0719,0.76664,2.5348,2.5348,6.0362,0
3.3287,1.0201,2.4932,4.9,6.2665,2.1916
3.574,1.5101,2.4331,4.9,6.4863,3.3634
3.827,2.0001,2.3026,4.9,6.6736,5.0005
4.0568,2.4901,2.1729,4.0697,6.851,2.3417
4.2723,2.8971,2.0921,2.8288,7.0024,0
4.4755,3.18,2.0151,2.3196,7.136,0
4.6743,3.4119,2.0238,2.0435,7.2721,0
4.8685,3.6163,2.0278,1.8683,7.4005,0
5.0754,3.8031,2.0126,1.7729,7.5326,0
5.2825,3.9804,1.962,1.7069,7.661,0
5.4724,4.1511,1.9248,1.6389,7.7896,0
5.6605,4.315,1.8617,1.5873,7.9174,0
5.854,4.4737,1.8436,1.5568,8.0558,0
6.0483,4.6294,1.8343,1.5352,8.1981,0
6.2376,4.7829,1.8259,1.5141,8.3444,0
6.4128,4.9343,1.8189,1.4826,8.4844,0
6.6007,5.0826,1.8041,1.4728,8.6418,0
6.7908,5.2299,1.7842,1.4658,8.7902,0
6.9619,5.3765,1.7514,1.4457,8.9568,0
7.1273,5.521,1.6967,1.4233,9.1162,0
7.2966,5.6634,1.5783,1.4092,9.2799,0
7.455,5.8043,1.4479,1.3877,9.4382,0
7.6012,5.943,1.3868,1.3621,9.6134,0
7.7371,6.0793,1.3861,1.331,9.7759,0
7.8677,6.2124,1.4526,1.3005,9.9364,0
8.0206,6.3424,1.5147,1.2926,10.103,0
8.1754,6.4717,1.5705,1.2878,10.273,0
8.3271,6.6005,1.5642,1.2817,10.445,0
8.483,6.7286,1.5329,1.2799,10.62,0
8.6357,6.8566,1.4505,1.277,10.803,0
8.7873,6.9843,1.4412,1.2734,10.982,0
8.9227,7.1117,1.4561,1.2584,11.154,0
9.0699,7.2375,1.4801,1.2544,11.337,0
9.2103,7.3629,1.5029,1.2475,11.529,0
9.3555,7.4877,1.5624,1.2433,11.708,0
9.5067,7.612,1.6107,1.2447,11.898,0
9.6632,7.7365,1.6336,1.249,12.084,0
9.8326,7.8614,1.623,1.2617,12.276,0
10.005,7.9875,1.5956,1.2745,12.467,0
10.171,8.115,1.5552,1.2833,12.664,0
10.33,8.2433,1.5609,1.2872,12.871,0
10.492,8.372,1.5886,1.2921,13.076,0
10.652,8.5012,1.6597,1.2957,13.286,0
10.808,8.6308,1.7146,1.2979,13.507,0
10.977,8.7606,1.7409,1.308,13.728,0
11.149,8.8914,1.7152,1.319,13.957,0
11.311,9.0233,1.6846,1.3236,14.191,0
11.479,9.1557,1.6439,1.3304,14.422,0
11.651,9.2887,1.6247,1.3403,14.662,0
11.808,9.4227,1.612,1.3403,14.899,0
11.964,9.5568,1.6044,1.3395,15.129,0
12.122,9.6907,1.5943,1.3409,15.38,0
12.281,9.8248,1.6009,1.3434,15.633,0
12.435,9.9591,1.5972,1.3419,15.87,0
12.587,10.093,1.596,1.3403,16.123,0
12.748,10.227,1.5943,1.344,16.378,0
12.906,10.362,1.5845,1.345,16.627,0
13.073,10.496,1.5436,1.3515,16.881,0
13.229,10.631,1.5187,1.3513,17.132,0
13.382,10.767,1.5079,1.3503,17.394,0
13.532,10.902,1.4954,1.3477,17.656,0
13.685,11.036,1.5003,1.3468,17.915,0
13.826,11.171,1.5153,1.3402,18.178,0
13.969,11.305,1.493,1.3346,18.434,0
14.118,11.439,1.4616,1.3328,18.691,0
14.264,11.572,1.4586,1.3302,18.963,0
14.406,11.705,1.4427,1.3269,19.24,0
14.557,11.837,1.4071,1.3276,19.514,0
14.704,11.97,1.3903,1.3259,19.786,0
14.841,12.103,1.3924,1.3199,20.059,0
14.975,12.235,1.3742,1.3133,20.341,0
15.111,12.366,1.3595,1.3076,20.608,0
15.257,12.497,1.3537,1.3074,20.891,0
15.4,12.628,1.353,1.3061,21.171,0
15.542,12.758,1.3269,1.3044,21.452,0
15.668,12.889,1.3147,1.2953,21.731,0
15.796,13.018,1.2981,1.2875,22.011,0
15.935,13.147,1.2879,1.2852,22.282,0
16.058,13.276,1.2645,1.2764,22.57,0
16.175,13.403,1.2491,1.2647,22.841,0
16.304,13.53,1.2419,1.2595,23.115,0
16.427,13.656,1.2243,1.2522,23.39,0
16.541,13.781,1.2153,1.2407,23.664,0
16.657,13.905,1.2079,1.2314,23.942,0
16.785,14.028,1.2136,1.2283,24.218,0
16.898,14.151,1.2058,1.219,24.503,0
17.012,14.273,1.2031,1.21,24.783,0
17.127,14.394,1.1947,1.2023,25.061,0
17.25,14.514,1.1945,1.1984,25.332,0
17.377,14.634,1.1615,1.1969,25.611,0
17.5,14.753,1.1237,1.1935,25.886,0
17.618,14.873,1.1034,1.1882,26.17,0
17.719,14.992,1.0914,1.1753,26.435,0
17.827,15.109,1.075,1.1667,26.706,0
17.935,15.226,1.1294,1.1584,26.976,0
18.048,15.342,1.0729,1.1526,27.242,0
