17.5,17.5,-0.73715,0,0,3.1082
17.419,17.5,-0.81691,-0.0076848,35.495,3.9505
17.333,17.499,-0.70585,-0.015751,35.476,3.463
17.26,17.498,-0.6651,-0.02248,35.453,3.431
17.194,17.495,-0.6332,-0.028491,35.428,3.4335
17.14,17.493,-0.65439,-0.033437,35.402,3.7482
17.077,17.489,-0.64471,-0.03916,35.356,3.8852
17.007,17.485,-0.64983,-0.045538,35.318,4.1483
16.933,17.481,-0.68538,-0.052245,35.27,4.6463
16.87,17.476,-0.68901,-0.057833,35.217,4.878
16.805,17.47,-0.69306,-0.063696,35.151,5.1231
16.735,17.463,-0.6922,-0.069987,35.08,5.3472
16.668,17.456,-0.69869,-0.075987,35.004,5.6176
16.602,17.449,-0.68828,-0.081864,34.916,5.7477
16.529,17.441,-0.65605,-0.088517,34.827,5.7328
16.455,17.432,-0.65065,-0.095234,34.726,5.9275
16.398,17.422,-0.67926,-0.10028,34.627,6.3329
16.335,17.412,-0.67916,-0.10587,34.527,6.5278
16.26,17.402,-0.66528,-0.11267,34.425,6.6532
16.186,17.39,-0.71807,-0.11944,34.31,7.3427
16.117,17.378,-0.72247,-0.12573,34.187,7.6001
16.045,17.366,-0.67168,-0.13234,34.068,7.3811
15.971,17.353,-0.67826,-0.13921,33.933,7.6686
15.898,17.339,-0.70175,-0.1461,33.785,8.1046
15.829,17.324,-0.70744,-0.15262,33.635,8.3663
15.761,17.309,-0.63152,-0.15903,33.479,7.8813
15.689,17.293,-0.55049,-0.16596,33.312,7.3951
15.634,17.276,-0.52279,-0.17115,33.147,7.3018
15.584,17.259,-0.4871,-0.17581,32.985,7.1267
15.528,17.242,-0.42067,-0.18129,32.812,6.7422
15.488,17.223,-0.43232,-0.18501,32.64,6.9007
15.44,17.205,-0.4829,-0.18956,32.469,7.3965
15.395,17.186,-0.44479,-0.19378,32.295,7.1756
15.353,17.167,-0.38847,-0.19773,32.12,6.8119
15.321,17.147,-0.31843,-0.20076,31.939,6.3345
15.298,17.127,-0.29235,-0.20276,31.752,6.1497
15.265,17.107,-0.24843,-0.20572,31.575,5.8805
15.24,17.086,-0.17539,-0.20806,31.388,5.4135
15.223,17.065,-0.14881,-0.20932,31.206,5.2267
15.201,17.044,-0.12848,-0.21137,31.013,5.0982
15.191,17.023,-0.076055,-0.21175,30.832,4.7475
15.193,17.002,-0.047481,-0.21101,30.642,4.5126
15.196,16.981,-0.03968,-0.20997,30.455,4.3898
15.19,16.96,-0.00013674,-0.21009,30.273,4.1329
15.196,16.939,-0.027944,-0.2086,30.096,4.1922
15.193,16.918,-0.022777,-0.20798,29.932,4.1055
15.19,16.897,0.012554,-0.20756,29.764,3.8714
15.193,16.876,0.04716,-0.20625,29.598,3.6317
15.19,16.856,0.04771,-0.20561,29.44,3.5751
15.205,16.835,0.11617,-0.20287,29.276,3.1713
15.211,16.815,0.1439,-0.20116,29.111,2.9827
15.227,16.795,0.13817,-0.19811,28.959,2.9125
15.238,16.775,0.1265,-0.19558,28.81,2.878
15.249,16.755,0.15803,-0.19302,28.667,2.6748
15.269,16.736,0.16701,-0.18937,28.52,2.5438
15.287,16.717,0.17615,-0.18598,28.369,2.4193
15.309,16.699,0.19689,-0.18198,28.234,2.2512
15.327,16.68,0.22226,-0.17839,28.102,2.0819
15.35,16.663,0.21623,-0.17416,27.966,2.0087
15.366,16.645,0.20371,-0.17088,27.831,1.9732
15.396,16.628,0.20986,-0.16567,27.71,1.851
15.422,16.611,0.20785,-0.16081,27.595,1.7639
15.444,16.595,0.19206,-0.15655,27.484,1.7301
15.464,16.58,0.20925,-0.15263,27.363,1.6013
15.477,16.564,0.23477,-0.14964,27.25,1.4692
15.503,16.549,0.23197,-0.14493,27.134,1.3942
15.534,16.535,0.25593,-0.13933,27.025,1.2401
15.558,16.521,0.29367,-0.13478,26.924,1.0773
15.581,16.508,0.31631,-0.13037,26.83,0.96137
15.606,16.495,0.32834,-0.12553,26.741,0.86815
15.63,16.482,0.36325,-0.12096,26.646,0.73891
15.667,16.47,0.38672,-0.11443,26.568,0.61892
15.701,16.458,0.39096,-0.10855,26.487,0.54186
15.738,16.448,0.37132,-0.10205,26.414,0.49695
15.773,16.437,0.37243,-0.095785,26.352,0.42473
15.817,16.428,0.36301,-0.088409,26.296,0.35792
15.852,16.419,0.35635,-0.082248,26.232,0.30016
15.89,16.411,0.36108,-0.075752,26.184,0.22604
15.923,16.403,0.38057,-0.069988,26.139,0.14444
15.964,16.396,0.38538,-0.063107,26.097,0.072759
16.001,16.39,0.39698,-0.057049,26.051,0.0046059
16.044,16.384,0.40238,-0.049928,26.011,0
16.086,16.379,0.41401,-0.043135,25.984,0
16.122,16.375,0.41126,-0.037278,25.956,0
16.156,16.371,0.39912,-0.031725,25.94,0
16.194,16.368,0.40482,-0.025622,25.919,0
16.237,16.365,0.40431,-0.018982,25.913,0
16.275,16.363,0.39826,-0.013089,25.903,0
16.313,16.362,0.38682,-0.0073173,25.902,0
16.358,16.361,0.37966,-0.0005271,25.904,0
16.388,16.361,0.348,0.0096768,25.913,0
16.42,16.362,0.31557,0.020934,25.913,0
16.457,16.364,0.28239,0.033963,25.917,0
16.481,16.368,0.28303,0.041406,25.922,0
16.515,16.372,0.28057,0.052389,25.94,0
16.543,16.377,0.28866,0.060542,25.949,0
16.569,16.383,0.29268,0.068052,25.971,0
16.605,16.39,0.30633,0.07854,25.992,0
16.627,16.398,0.30774,0.083672,26.021,0
16.653,16.406,0.29393,0.090175,26.053,0
16.682,16.415,0.29797,0.097603,26.072,0
16.715,16.425,0.30924,0.10603,26.095,0
16.755,16.436,0.31738,0.11672,26.116,0
16.784,16.447,0.33354,0.12322,26.155,0
16.814,16.46,0.35838,0.12944,26.186,0
16.859,16.473,0.36298,0.14112,26.214,0
16.894,16.487,0.33218,0.14863,26.246,0
16.923,16.502,0.27353,0.15405,26.291,0
16.96,16.517,0.16142,0.16189,26.33,0
16.974,16.533,0.069608,0.16093,26.37,0
16.975,16.549,-0.051439,0.15553,26.42,0
16.975,16.565,-0.15381,0.14964,26.467,0
16.95,16.58,-0.23291,0.13538,26.509,0.10697
16.931,16.593,-0.29377,0.12347,26.544,0.35364
16.902,16.606,-0.34703,0.10805,26.582,0.60975
16.858,16.617,-0.38703,0.088126,26.606,0.84959
16.819,16.625,-0.43724,0.070879,26.637,1.1363
16.771,16.632,-0.46921,0.050502,26.662,1.3692
16.727,16.637,-0.47823,0.032543,26.68,1.4894
16.67,16.641,-0.51371,0.010777,26.679,1.7584
16.629,16.642,-0.54209,-0.0018762,26.676,1.9879
16.57,16.642,-0.54128,-0.010278,26.663,2.144
16.516,16.641,-0.54609,-0.017797,26.656,2.3151
16.461,16.639,-0.55716,-0.025481,26.635,2.5267
16.396,16.636,-0.53951,-0.034496,26.616,2.6034
16.341,16.633,-0.54249,-0.042019,26.589,2.7677
16.28,16.629,-0.53349,-0.050311,26.561,2.8784
16.233,16.624,-0.5279,-0.056437,26.524,2.9649
16.183,16.618,-0.52573,-0.062942,26.474,3.0775
16.132,16.612,-0.53886,-0.069731,26.422,3.2875
16.084,16.605,-0.53281,-0.075747,26.379,3.3677
16.033,16.597,-0.54288,-0.082356,26.329,3.5582
15.978,16.589,-0.55422,-0.089425,26.261,3.7659
15.921,16.58,-0.55878,-0.096943,26.192,3.9405
15.859,16.57,-0.55905,-0.10496,26.115,4.0963
15.81,16.56,-0.57328,-0.11111,26.044,4.3075
15.763,16.549,-0.58413,-0.11706,25.959,4.4912
15.702,16.537,-0.60757,-0.12504,25.869,4.8068
15.64,16.524,-0.64429,-0.13312,25.777,5.229
15.568,16.511,-0.67515,-0.14274,25.676,5.6511
15.495,16.497,-0.74482,-0.15252,25.57,6.4062
15.417,16.482,-0.8605,-0.16299,25.466,7.6484
15.333,16.465,-0.97927,-0.17448,25.351,9.0709
15.239,16.448,-1.0802,-0.18754,25.226,10.464
15.14,16.429,-1.185,-0.20125,25.104,12.036
15.013,16.409,-1.2452,-0.21958,24.979,13.253
14.893,16.387,-1.2446,-0.23693,24.829,13.642
14.776,16.363,-1.2251,-0.25389,24.676,13.758
14.651,16.338,-1.2361,-0.27252,24.504,14.304
14.52,16.311,-1.2429,-0.29211,24.331,14.812
14.389,16.281,-1.2258,-0.31202,24.149,14.981
14.264,16.25,-1.2547,-0.33142,23.947,15.747
14.135,16.217,-1.2763,-0.35172,23.735,16.422
13.998,16.182,-1.265,-0.3738,23.514,16.649
13.877,16.145,-1.2608,-0.39347,23.283,16.891
13.751,16.105,-1.3049,-0.4144,23.048,17.857
13.622,16.064,-1.3638,-0.43586,22.815,19.078
13.489,16.02,-1.4509,-0.45845,22.572,20.807
13.351,15.974,-1.597,-0.48282,22.315,23.702
13.189,15.926,-1.7639,-0.51209,22.049,27.376
13.012,15.875,-1.8674,-0.54508,21.771,30.056
12.819,15.82,-1.9519,-0.58213,21.478,32.491
12.617,15.762,-2.0326,-0.62181,21.18,34.956
12.411,15.7,-2.0838,-0.66394,20.86,36.746
12.193,15.634,-2.1403,-0.71036,20.52,38.719
11.979,15.562,-2.2493,-0.75764,20.167,42.119
11.755,15.487,-2.3666,-0.80891,19.8,45.946
11.521,15.406,-2.5246,-0.86454,19.42,51.324
11.259,15.319,-2.6828,-0.92986,19.016,57.23
10.996,15.226,-2.8435,-0.99844,18.596,63.669
10.721,15.127,-2.9938,-1.0725,18.173,70.224
10.413,15.019,-3.1271,-1.1592,17.729,76.571
10.096,14.903,-3.1746,-1.2549,17.253,79.063
9.7774,14.778,-3.2415,-1.3555,16.769,82.459
9.4532,14.642,-3.2965,-1.465,16.262,85.236
9.1213,14.496,-3.339,-1.585,15.734,87.302
8.7889,14.337,-3.3453,-1.7129,15.194,87.292
8.4461,14.166,-3.3633,-1.8554,14.63,87.745
8.1076,13.981,-3.3782,-2.0077,14.05,87.811
7.7621,13.78,-3.3682,-2.1725,13.465,86.304
7.4312,13.563,-3.3703,-2.3489,12.854,85.15
7.0862,13.328,-3.4018,-2.5483,12.227,85.508
6.7469,13.073,-3.3324,-2.7617,11.593,21.482
6.4082,12.797,-3.0889,-4.9528,10.948,49.211
6.0947,12.301,-2.7607,-4.629,10.31,25.479
5.8187,11.838,-2.3384,-5.2,9.7065,6.4333
5.577,11.318,-1.8573,-5.2,9.1215,8.7562
5.3943,10.798,-1.4287,-5.2,8.5596,17.839
5.2565,10.278,-1.1033,-5.2,8.034,21.23
5.15,9.7584,-0.84405,-5.2,7.5599,21.59
5.0662,9.2384,-0.65049,-5.2,7.1124,21.567
4.9919,8.7184,-0.52124,-5.2,6.7154,20.925
4.9416,8.1984,-0.47643,-5.2,6.368,19.635
4.9016,7.6784,-0.44397,-5.2,6.0649,18.367
4.855,7.1584,-0.44665,-5.2,5.8097,16.587
4.8011,6.6384,-0.44459,-5.2,5.5993,14.789
4.7561,6.1184,-0.45477,-5.2,5.4336,12.993
4.7015,5.5984,-0.46232,-8.8,5.316,3.5639
4.6639,4.7184,-0.32724,-8.8,5.2752,2.8522
4.6281,3.8384,-0.16577,-8.8,5.3209,2.4723
4.6205,2.9584,0.049867,-8.8,5.4479,3.1088
4.6242,2.0784,0.29509,-8.8,5.6559,4.2847
4.6469,1.1984,0.63404,4.9,5.9543,11.311
4.7155,1.6884,0.81054,4.9,6.2725,11.64
4.7968,2.1784,1.0135,4.9,6.5524,11.663
4.9,2.6684,1.1434,4.9,6.7862,12.302
5.0094,3.1584,1.2078,3.2946,6.9993,2.6596
5.1275,3.4879,1.1187,2.5269,7.1713,0.19839
5.2374,3.7406,1.1457,2.092,7.3265,0
5.3462,3.9498,1.1921,1.8137,7.4728,0
5.4723,4.1311,1.1913,1.644,7.6177,0
5.5951,4.2955,1.2585,1.5168,7.7576,0
5.7138,4.4472,1.4025,1.4144,7.8785,0
5.8596,4.5887,1.4028,1.3668,8.0085,0
6.0048,4.7254,1.3843,1.3272,8.1259,0
6.149,4.8581,1.385,1.2957,8.2476,0
6.2824,4.9876,1.3743,1.2612,8.3784,0
6.4106,5.1138,1.3664,1.2287,8.5118,0
6.5451,5.2366,1.3611,1.2086,8.6492,0
6.6785,5.3575,1.3315,1.1895,8.7727,0
6.8183,5.4764,1.3269,1.1801,8.9026,0
6.9568,5.5945,1.32,1.1713,9.0333,0
7.0789,5.7116,1.312,1.1499,9.1613,0
7.2051,5.8266,1.3158,1.1367,9.302,0
7.3393,5.9402,1.3132,1.1321,9.4431,0
7.4733,6.0535,1.3083,1.1275,9.5789,0
7.6139,6.1662,1.2816,1.1286,9.7135,0
7.7357,6.2791,1.2402,1.1172,9.8672,0
7.8652,6.3908,1.193,1.1123,10.012,0
7.9854,6.502,1.1233,1.102,10.164,0
8.0964,6.6122,1.0639,1.0858,10.31,0
8.195,6.7208,0.96726,1.063,10.458,0
8.2906,6.8271,0.81753,1.041,10.608,0
8.3712,6.9312,0.68213,1.0106,10.75,0
8.4411,7.0323,0.50977,0.97644,10.891,0
8.4963,7.1299,0.32745,0.9363,11.034,0
8.5191,7.2235,0.19845,0.87799,11.169,0
8.5466,7.3113,0.16538,0.82898,11.3,0
8.559,7.3942,0.12035,0.7738,11.41,0
8.562,7.4716,0.13963,0.71833,11.527,0
8.5845,7.5434,0.18129,0.68035,11.63,0
8.6096,7.6115,0.24833,0.64743,11.728,0
8.625,7.6762,0.28755,0.61107,11.821,0
8.6623,7.7373,0.34525,0.59239,11.923,0
8.6934,7.7966,0.40194,0.57118,12.02,0
8.7325,7.8537,0.45192,0.55653,12.108,0
8.7867,7.9093,0.48598,0.55304,12.205,0
8.8381,7.9646,0.50903,0.54781,12.296,0
8.8834,8.0194,0.53694,0.53881,12.376,0
8.9309,8.0733,0.55457,0.53219,12.464,0
8.9813,8.1265,0.54575,0.52814,12.557,0
9.0262,8.1793,0.55072,0.52094,12.648,0
9.0725,8.2314,0.56213,0.51487,12.73,0
9.1369,8.2829,0.57302,0.52068,12.821,0
9.1973,8.335,0.57802,0.5235,12.911,0
9.248,8.3873,0.57593,0.52001,12.992,0
9.3057,8.4393,0.58453,0.52132,13.084,0
9.3681,8.4915,0.60129,0.5249,13.164,0
9.4323,8.544,0.58607,0.52995,13.262,0
9.4905,8.597,0.58763,0.53069,13.349,0
9.5413,8.65,0.60718,0.52708,13.439,0
9.5959,8.7027,0.52616,0.52615,13.534,0
9.6552,8.7553,0.33139,0.52773,13.619,0
9.6789,8.8081,0.14257,0.50847,13.707,0
9.6982,8.859,-0.0702,0.48796,13.789,0
9.7011,8.9078,-0.2761,0.45937,13.867,0.23439
9.6683,8.9537,-0.41131,0.41196,13.933,0.86533
9.6279,8.9949,-0.43557,0.36348,13.992,1.0258
9.5756,9.0312,-0.39903,0.3117,14.053,0.9064
9.5457,9.0624,-0.29107,0.27592,14.098,0.48842
9.5222,9.09,-0.22743,0.24632,14.15,0.28892
9.499,9.1146,-0.10877,0.21877,14.201,0
9.4821,9.1365,0.02436,0.19624,14.228,0
9.4792,9.1561,0.1505,0.18307,14.254,0
9.4879,9.1744,0.21146,0.17729,14.276,0
9.5115,9.1922,0.32955,0.18047,14.315,0
9.5506,9.2102,0.39396,0.19207,14.342,0
9.5832,9.2294,0.43362,0.1993,14.374,0
9.6214,9.2494,0.40153,0.2093,14.407,0
9.6538,9.2703,0.36922,0.21536,14.439,0
9.6902,9.2918,0.27918,0.22351,14.486,0
9.7252,9.3142,0.17472,0.23015,14.52,0
9.7508,9.3372,0.084706,0.23114,14.557,0
9.7565,9.3603,0.0056238,0.22103,14.595,0
9.7534,9.3824,-0.061441,0.20665,14.637,0
9.7494,9.4031,-0.05572,0.19257,14.669,0
9.7515,9.4223,-0.065205,0.18273,14.695,0
9.7464,9.4406,-0.077611,0.16947,14.72,0
9.7443,9.4576,-0.056018,0.15873,14.754,0
9.7401,9.4734,-0.053399,0.14744,14.775,0
9.7269,9.4882,-0.054987,0.13178,14.793,0
9.7207,9.5013,-0.029216,0.12098,14.82,0
9.7085,9.5134,-0.040524,0.10758,14.85,0
9.7104,9.5242,-0.03959,0.10257,14.866,0
9.7106,9.5345,-0.021554,0.096919,14.874,0
9.7164,9.5442,-0.043607,0.094759,14.898,0
9.7047,9.5536,-0.082802,0.083083,14.919,0.060416
9.7038,9.5619,-0.066588,0.077972,14.933,0.027267
9.6897,9.5697,-0.072844,0.065842,14.942,0.061905
9.6776,9.5763,-0.12228,0.055609,14.963,0.20852
9.6666,9.5819,-0.18546,0.046452,14.965,0.40799
9.6507,9.5865,-0.23679,0.035162,14.971,0.59167
9.637,9.59,-0.40846,0.025727,14.981,1.2728
9.5895,9.5926,-0.51322,-0.00063972,14.988,1.8108
9.5449,9.5925,-0.69283,-0.0097563,14.981,2.9481
9.4677,9.5916,-0.85147,-0.025351,14.98,4.275
9.3894,9.589,-1.4385,-0.040932,14.963,10.627
9.2358,9.5849,-2.0251,-0.071835,14.928,21.414
9.03,9.5778,-2.7758,-0.11314,14.885,44.554
8.7554,9.5664,-3.3997,-0.16866,14.813,77.028
8.4205,9.5496,-3.9801,-0.2368,14.72,124.86
8.0293,9.5259,-4.0866,-0.31748,14.595,19.944
7.6202,9.4942,-4.0543,-0.40392,14.423,20.13
7.2139,9.4538,-3.8869,-0.49204,14.218,20.169
6.8195,9.4046,-3.7109,-0.58122,13.972,20.136
6.4539,9.3464,-3.5747,-0.66829,13.688,20.052
6.0869,9.2796,-3.5713,-0.75975,13.382,20.011
5.7389,9.2036,-3.859,-0.85228,13.045,20.169
5.3609,9.1184,-4.4074,-0.95962,12.675,20.67
4.917,9.0224,-4.9425,-1.0921,12.28,21.297
4.4141,8.9132,-5.3743,-1.2515,11.857,21.867
3.873,8.7881,-5.6686,-1.4393,11.387,22.227
3.3127,8.6441,-5.7337,-1.6565,10.868,22.138
2.7307,8.4785,-5.6768,-1.9088,10.307,21.738
2.16,8.2876,-5.7909,-2.1894,9.7139,21.537
1.583,8.0687,-6.093,-2.5112,9.0915,21.633
0.97352,7.8176,-6.4805,-9.2612,8.4225,8.1874
0.3288,6.8914,-6.5753,-9.3565,7.7427,7.6094
-0.32217,5.9558,-6.1572,-8.9295,7.1082,7.0444
-0.93718,5.0628,-5.599,-8.8,6.496,5.5738
-1.4897,4.1828,-4.9543,-8.8,5.9023,3.548
-1.9892,3.3028,-4.2916,-8.8,5.3528,1.3754
-2.4094,2.4228,-3.9367,-8.8,4.8501,0
-2.8096,1.5428,-3.9304,-8.8,4.3957,0
-3.2004,0.66284,-3.8007,-8.8,3.99,0
-3.5794,0,-3.4692,-8.8,3.62,0
-3.9313,0,-3.0481,-8.8,3.2975,0
-4.239,0,-2.5762,-8.8,2.9388,0
-4.4932,0,-2.137,-8.8,2.5455,0
-4.7131,0,-1.7472,-8.8,2.1247,0
-4.8857,0,-1.5028,-8.8,1.6839,0
-5.0448,0,-1.286,-11.597,1.2342,0
-5.1762,0,-1.0721,-18.171,0.78347,0
-5.2782,0,-0.88819,-41.192,0.34561,0
-5.3638,0,-0.79253,-1413.4,0.010183,0
-5.435,0,-0.74848,-0.74848,6.5441,11.142
-5.5151,0,-0.70278,-0.70278,6.0052,11.306
-5.5908,0,-0.57569,-0.57569,5.4535,11.461
-5.6553,0,-0.44422,-8.8,4.9031,0
-5.7006,0,-0.32997,-8.8,4.3856,0
-5.7324,0,-0.22881,-8.8,3.8537,0
-5.7454,0,-0.15056,-8.8,3.3236,0
-5.7586,0,-0.16758,-8.8,2.794,0
-5.7754,0,-0.2029,-8.8,2.265,0
-5.7873,0,-0.20443,-9.9019,1.7269,0
-5.8158,0,-0.19063,-14.321,1.1969,0
-5.8297,0,-0.19804,-25.295,0.67708,0
-5.8565,0,-0.20474,-75.162,0.22879,0
-5.8733,0,-0.19145,-1082.1,0.015942,0
-5.8833,0,-0.1966,-8.8,4.8382,0
-5.9091,0,-0.20549,-8.8,4.2973,0
-5.9288,0,-0.20151,-8.8,3.7499,0
-5.9445,0,-0.20098,-8.8,3.2004,0
-5.9695,0,-0.20597,-8.8,2.6558,0
-5.981,0,-0.2033,-8.8,2.1036,0
-6.0002,0,-0.19772,-11.838,1.5464,0
-6.016,0,-0.19786,-18.145,1.0083,0
-6.0395,0,-0.19984,-36.994,0.49567,0
-6.0535,0,-0.1973,-218.41,0.083967,0
-6.0637,0,-0.19819,-31.976,0.57853,0
-6.0862,0,-0.20091,-150,0.12364,0
-6.1162,0,-0.20342,-73.328,0.25578,0
-6.1364,0,-0.20183,-1560.1,0.01207,0
-6.1478,0,-0.20832,-0.20832,7.2002,12.603
-6.1742,0,-0.208,-0.208,6.5924,12.657
-6.1975,0,-0.21104,-0.21104,5.9654,12.705
-6.2245,0,-0.2093,-0.2093,5.3526,12.76
-6.2542,0,-0.20651,-8.8,4.739,0
-6.2836,0,-0.20336,-8.8,4.1663,0
-6.3061,0,-0.20543,-8.8,3.5767,0
-6.3294,0,-0.20416,-8.8,2.994,0
-6.3552,0,-0.20713,-8.8,2.3984,0
-6.3736,0,-0.20991,-11.438,1.809,0
-6.3869,0,-0.20897,-16.932,1.2196,0
-6.4122,0,-0.20374,-31.288,0.66137,0
-6.4313,0,-0.20308,-121.07,0.17111,0
-6.4481,0,-0.19749,-166.66,0.12489,0
-6.4609,0,-0.19843,-65.022,0.32198,0
-6.4907,0,-0.19666,-9144.6,0.0023036,0
-6.5006,0,-0.19789,7.8,45.084,30.132
-6.5293,0.78,-0.19712,7.8,44.403,31.788
-6.5429,1.56,-0.19815,7.8,43.64,33.417
-6.5559,2.34,-0.19535,7.8,42.8,35.037
-6.5693,3.12,-0.1971,7.8,41.875,36.667
-6.5905,3.9,-0.19581,7.8,40.872,38.307
-6.6153,4.68,-0.19483,7.8,39.778,39.955
-6.6269,5.46,-0.1946,7.8,38.604,41.577
-6.65,6.24,-0.19626,6.7,37.349,40.915
-6.6774,6.91,-0.19592,6.7,36.016,42.344
-6.7026,7.58,-0.19713,6.7,34.628,43.772
-6.7213,8.25,-0.19606,6.7,33.175,45.181
-6.7461,8.92,-0.1927,-0.86372,31.637,30.706
-6.7617,8.8336,-0.19224,-0.92538,30.067,30.43
-6.7788,8.7411,-0.19335,-0.99441,28.502,30.133
-6.8036,8.6416,-0.19331,-1.0714,26.961,29.818
-6.8162,8.5345,-0.1944,-1.1578,25.419,29.445
-6.8307,8.4187,-0.19928,-1.2551,23.894,29.043
-6.8564,8.2932,-0.20076,-1.3671,22.377,28.606
-6.877,8.1565,-0.1989,-1.495,20.869,28.095
-6.9047,8.007,-0.19968,-1.6429,19.376,27.536
-6.9199,7.8427,-0.20217,-1.8155,17.883,26.873
-6.9328,7.6612,-0.2011,-2.0175,16.405,26.101
-6.957,7.4594,-0.19655,-2.2577,14.947,25.223
-6.984,7.2336,-0.19557,-2.54,13.526,24.22
-6.999,6.9796,-0.19307,-2.885,12.107,23
-7.0277,6.6912,-0.1929,-3.3017,10.73,21.591
-7.0501,6.361,-0.19272,-3.8252,9.3645,19.86
-7.0652,5.9785,-0.19614,-4.4823,8.0319,17.733
-7.0792,5.5302,-0.19798,-11.993,6.7402,1.0656
-7.0923,4.331,-0.19368,-11.973,5.5392,0
-7.1109,3.1337,-0.17409,-11.951,4.4558,0
-7.1257,1.9386,-0.12962,-11.88,3.4961,0
-7.1348,0.75058,-0.060711,-11.776,2.6537,0
-7.1491,0,0.029798,-13.225,1.928,0
-7.1526,0,0.13722,-19.909,1.276,0
-7.147,0,0.27967,-37.855,0.66972,0
-7.1276,0,0.42347,-181.54,0.1396,0
-7.094,0,0.58479,-74.543,0.33492,0
-7.0353,0,0.73359,-5022.4,0.0049268,0
-6.9633,0,0.86199,7.8,24.418,28.853
-6.8706,0.78,0.97772,7.8,23.68,30.019
-6.78,1.56,1.0889,7.8,22.889,31.199
-6.6792,2.34,1.1959,-0.21297,22.029,15.529
-6.5535,2.3187,1.3169,-0.22211,21.135,14.954
-6.4295,2.2965,1.4506,-0.23196,20.252,14.353
-6.2902,2.2733,1.5891,-0.24201,19.385,13.707
-6.1294,2.2491,1.6976,-0.25203,18.535,13.079
-5.9656,2.2239,1.7856,-0.26253,17.704,12.485
-5.7845,2.1976,1.8398,-0.27283,16.897,11.924
-5.5922,2.1704,1.9167,-0.28294,16.119,11.291
-5.3986,2.1421,1.9442,-0.29361,15.354,10.756
-5.2135,2.1127,2.0675,-0.30468,14.621,10.034
-5.01,2.0822,2.0116,-0.31584,13.894,9.6485
