23.157,23.157,-1.8949,0,35.5,17.179
23.157,23.157,0,-0.025194,35.5,0
23.157,23.154,0,-0.050417,35.5,0
23.157,23.149,0,-0.074573,35.501,0
23.157,23.142,0,-0.097186,35.502,0
23.157,23.132,0,-0.12081,35.504,0
23.157,23.12,0,-0.14346,35.507,0
21.832,23.106,-1.8125,-0.16591,35.024,22.36
21.832,23.089,0,-0.18852,34.898,2.5967
21.832,23.07,0,-0.20951,34.773,2.4589
21.832,23.049,0,-0.23183,34.65,2.3138
21.832,23.026,0,-0.25409,34.53,2.167
21.832,23.001,0,-0.27489,34.412,2.0239
21.832,22.973,0,-0.2957,34.296,1.8798
21.832,22.943,0,-0.31848,34.183,1.7292
21.832,22.912,0,-0.33991,34.074,1.583
21.832,22.878,0,-0.36059,33.968,1.44
21.832,22.842,0,-0.38242,33.865,1.2955
21.832,22.803,0,-0.4068,33.766,1.1472
21.832,22.763,0,-0.4288,33.671,1.0081
21.832,22.72,0,-0.45315,33.58,0.86843
19.483,22.674,-1.6784,-0.47678,31.844,29.251
19.321,22.627,-1.6959,-0.50132,31.51,30.107
19.321,22.577,0,-0.52924,31.182,7.8675
19.321,22.524,0,-0.55709,30.859,7.4921
19.321,22.468,0,-0.58361,30.541,7.1217
19.321,22.41,0,-0.61312,30.23,6.7331
19.321,22.348,0,-0.64247,29.924,6.3446
19.321,22.284,0,-0.67054,29.624,5.9632
19.321,22.217,0,-0.70246,29.331,5.5639
19.321,22.147,0,-0.73452,29.045,5.1672
19.321,22.073,0,-0.76693,28.767,4.7735
19.321,21.997,0,-0.8008,28.495,4.3801
19.321,21.917,0,-0.83363,28.232,3.9997
19.321,21.833,0,-0.86754,27.976,3.6259
19.321,21.746,0,-0.90379,27.729,3.2576
19.321,21.656,0,-0.94089,27.491,2.9038
19.321,21.562,0,-0.98317,27.263,2.557
19.321,21.464,0,-1.0242,27.044,2.2406
19.321,21.361,0,-1.0698,26.834,1.9482
19.321,21.254,0,-1.1123,26.636,1.7002
19.321,21.143,0,-1.1563,26.448,1.4959
19.321,21.027,0,-1.2064,26.272,1.3452
15.785,20.907,-1.6781,-1.2561,22.361,33.221
15.785,20.781,0,-1.3064,21.855,10.097
15.785,20.651,0,-1.3586,21.362,9.2562
15.785,20.515,0,-1.4118,20.882,8.4279
15.785,20.373,0,-1.4676,20.416,7.6101
15.785,20.227,0,-1.5284,19.965,6.7992
15.785,20.074,0,-1.5856,19.528,6.045
15.785,19.915,0,-1.6507,19.107,5.3097
14.451,19.75,-1.6589,-1.7181,18.189,28.438
14.451,19.578,0,-1.7864,17.668,7.8742
14.451,19.4,0,-1.8566,17.164,6.9427
14.451,19.214,0,-1.9319,16.678,6.0606
14.451,19.021,0,-2.0066,16.212,5.2702
14.451,18.82,0,-2.0852,15.765,4.58
14.451,18.612,0,-2.1557,15.338,4.0404
14.451,18.396,0,-2.232,14.933,3.6519
14.451,18.173,0,-4.4,14.55,35.43
14.451,17.733,0,-4.4,14.2,45.758
14.451,17.293,0,-4.4,13.893,59.528
14.451,16.853,0,-4.4,13.631,78.211
14.451,16.413,0,-4.4,13.413,104.26
14.451,15.973,0,-4.4,13.239,142.08
14.451,15.533,0,-4.4,13.109,200.48
14.451,15.093,0,-4.4,13.023,299.94
14.451,14.653,0,-4.4,12.981,501.67
14.451,14.213,0,-4.4,12.982,1108.6
14.451,13.773,0,-4.4,13.028,97310
14.451,13.333,0,-4.4,13.118,0
11.234,12.893,-1.5169,-4.4,9.9417,0
11.234,12.453,0,-4.4,9.7978,179.18
11.234,12.013,0,-5.2,9.6979,0
10.782,11.493,-1.5014,-5.2,9.5786,0
10.782,10.973,0,-5.2,9.5336,0
10.782,10.453,0,-5.2,9.5405,0
10.782,9.933,0,-5.2,9.5995,0
10.782,9.413,0,-5.2,9.7104,0
10.782,8.893,0,0.47682,9.8734,0
10.782,8.9407,0,0.3879,10.06,0
9.717,8.9795,-1.5311,0.31123,9.8665,9.8857
9.717,9.0106,0,0.23512,9.9387,0
9.717,9.0341,0,0.15718,10.008,0
9.717,9.0498,0,0.086798,10.076,0
9.717,9.0585,0,0.018799,10.142,0
8.9406,9.0604,-1.5398,-0.044824,10.014,11.521
8.9406,9.0559,0,-0.10232,10.002,0.026801
8.9406,9.0457,0,-0.15938,9.9913,0
8.9406,9.0297,0,-0.20881,9.9816,0
8.9406,9.0089,0,-0.25838,9.9737,0
8.9406,8.983,0,-0.3127,9.9682,0
8.9406,8.9517,0,-0.36474,9.9655,0
8.9406,8.9153,0,-0.41428,9.9662,0
8.9406,8.8738,0,-0.46174,9.9708,0
8.9406,8.8277,0,-5.2,9.9798,597.61
8.9406,8.3077,0,-0.34734,10.017,0
8.9406,8.2729,0,-0.40229,10.082,0
8.9406,8.2327,0,-5.2,10.151,596.39
8.9406,7.7127,0,-0.29481,10.248,0
8.9406,7.6832,0,-0.34669,10.372,0
8.9406,7.6486,0,-5.2,10.499,595.19
6.4806,7.1286,-1.5471,-0.23801,8.6554,12.836
6.4806,7.1048,0,-0.2873,8.5918,0.67658
6.1724,7.076,-1.5581,-5.2,8.5048,44.821
6.1724,6.556,0,-0.18997,8.4405,0.38737
6.1724,6.537,0,-0.2374,8.403,0.25777
6.1724,6.5133,0,-0.28855,8.3678,0.13121
6.1724,6.4844,0,-5.2,8.3351,52.432
6.1724,5.9644,0,-0.18736,8.3299,0
6.1724,5.9457,0,-0.23618,8.3516,0
6.1724,5.9221,0,-0.2796,8.3755,0
4.9525,5.8941,-1.4573,-8.8,7.9046,0
4.9525,5.0141,0,-0.062991,7.8544,0
4.9525,5.0078,0,-0.10625,7.8486,0
4.9525,4.9972,0,-0.14983,7.8436,0
4.9525,4.9822,0,-0.19113,7.8399,0
4.9525,4.9631,0,-0.23364,7.8378,0
4.9525,4.9397,0,-0.27241,7.8379,0
4.9525,4.9125,0,-0.31412,7.8406,0
4.9525,4.8811,0,-8.8,7.8461,11.374
4.9525,4.0011,0,-0.10055,7.8973,0
4.9525,3.991,0,-0.13525,7.9929,0
4.9525,3.9775,0,-0.1692,8.0897,0
4.9525,3.9606,0,-0.20554,8.1881,0
3.0538,3.94,-1.4567,-0.24092,7.0462,12.938
3.0538,3.9159,0,-8.8,6.9587,0
3.0538,3.0359,0,-0.056759,6.9165,0
3.0538,3.0303,0,-0.085619,6.9186,0
3.0538,3.0217,0,-0.11565,6.9214,0
3.0538,3.0101,0,-0.14296,6.9252,0
3.0538,2.9958,0,-0.17102,6.9303,0
3.0538,2.9787,0,-0.20199,6.9369,0
3.0538,2.9585,0,-0.23249,6.9454,0
3.0538,2.9353,0,-8.8,6.9561,0
3.0538,2.0553,0,-0.064662,7.012,0
3.0538,2.0488,0,-0.087735,7.1122,0
3.0538,2.04,0,-0.10956,7.2131,0
3.0538,2.0291,0,-0.13324,7.315,0
3.0538,2.0158,0,-0.15843,7.4182,0
3.0538,1.9999,0,-8.8,7.5228,0
3.0538,1.1199,0,-0.030063,7.6722,0
3.0538,1.1169,0,-0.043526,7.8657,0
3.0538,1.1126,0,-0.056419,8.0596,0
3.0538,1.1069,0,-0.070971,8.254,0
3.0538,1.0998,0,-0.084729,8.4491,0
0.085811,1.0914,-1.4376,-0.10093,5.5625,5.0763
0.085811,1.0813,0,-8.8,5.4625,0
0.085811,0.20126,0,-1.4365,5.4069,0
0.085811,0.057608,0,-1.4736,5.4026,0
0.085811,0,0,-1.4597,5.4128,0
0.085811,0,0,-1.4433,5.4286,0
0.085811,0,0,-1.4842,5.4444,0
0.085811,0,0,-1.4688,5.4604,0
0.085811,0,0,-1.4315,5.4764,0
0.085811,0,0,-8.8,5.4921,0
0.085811,0,0,-8.8,5.5447,0
-1.5081,0,-1.434,-8.8,4.749,0
-1.5081,0,0,-8.8,4.6422,0
-1.5081,0,0,-8.8,4.5353,0
-1.5081,0,0,-8.8,4.4285,0
-1.5081,0,0,-8.8,4.3217,0
-1.5081,0,0,-8.8,4.2149,0
-1.5081,0,0,-8.8,4.1081,0
-1.5081,0,0,-8.8,4.0013,0
-1.5081,0,0,-8.8,3.8945,0
-1.5081,0,0,-8.8,3.7877,0
-1.5081,0,0,-8.8,3.6809,0
-1.5081,0,0,-8.8,3.574,0
-1.5081,0,0,-8.8,3.4672,0
-3.4281,0,-1.5002,-8.8,2.0925,0
-3.4281,0,0,-8.8,1.7937,0
-3.4281,0,0,-8.8,1.4949,0
-3.8777,0,-1.4938,-8.8,1.1328,0
-3.8777,0,0,-11.709,0.78906,0
-3.8777,0,0,-21.226,0.45984,0
-3.8777,0,0,-72.907,0.17821,0
-3.8777,0,0,-220.03,0.15498,0
-3.8777,0,0,-16.824,0.86738,0
-3.8777,0,0,-37.163,0.56374,0
-4.9198,0,-1.4428,-679.14,0.017858,0
-4.9198,0,0,-8.8,2.9216,0
-4.9198,0,0,-8.8,2.4736,0
-4.9198,0,0,-8.8146,2.0256,0
-4.9198,0,0,-11.85,1.5777,0
-4.9198,0,0,-17.892,1.145,0
-4.9198,0,0,-35.684,0.74249,0
-4.9198,0,0,-206.53,0.42893,0
-4.9198,0,0,-38.197,0.96961,0
-4.9198,0,0,-224.52,0.66861,0
-4.9198,0,0,-38.754,1.2993,0
-4.9198,0,0,-218.03,1.001,0
-4.9198,0,0,-46.816,1.5992,0
-4.9198,0,0,-422.11,1.3413,0
-4.9198,0,0,-20.24,2.9599,0
-4.9198,0,0,-36.325,2.5691,0
-7.6698,0,-2.0196,-128.35,0.23283,0
-7.6698,0,0,-310.52,0.1076,0
-7.6698,0,0,-39.935,0.89322,0
-7.6698,0,0,-146.04,0.32591,0
-7.6698,0,0,-279.61,0.28912,0
-7.6698,0,0,-57.491,0.92016,0
-7.6698,0,0,-407.9,0.44064,0
-7.6698,0,0,-35.306,1.7132,0
-7.6698,0,0,-88.292,1.1227,0
-7.6698,0,0,-34974,0.79719,0
-7.6698,0,0,7.8,174.9,32.117
-9.8261,0.78,-1.707,7.8,172.89,41.724
-9.8261,1.56,0,7.8,171.79,39.736
-9.8261,2.34,0,7.8,170.61,41.335
-9.8261,3.12,0,7.8,169.35,42.934
-9.8261,3.9,0,7.8,168.02,44.533
-9.8261,4.68,0,7.8,166.61,46.132
-9.8261,5.46,0,7.8,165.12,47.731
-9.8261,6.24,0,6.7,163.55,47.018
-9.8261,6.91,0,6.7,161.91,48.392
-9.8261,7.58,0,6.7,160.2,49.765
-9.8261,8.25,0,6.7,158.43,51.139
-9.8261,8.92,0,6.7,156.59,52.512
-9.8261,9.59,0,6.7,154.68,53.886
-11.775,10.26,-1.4536,6.7,151.4,62.308
-11.775,10.93,0,6.7,149.17,60.628
-11.775,11.6,0,6.7,146.86,62.001
-11.775,12.27,0,4.8,144.49,59.382
-11.775,12.75,0,4.8,142.06,60.366
-11.775,13.23,0,4.8,139.59,61.35
-11.775,13.71,0,4.8,137.06,62.334
-11.775,14.19,0,4.8,134.49,63.318
-11.775,14.67,0,4.8,131.87,64.302
-11.775,15.15,0,4.8,129.2,65.286
-11.775,15.63,0,4.8,126.48,66.27
-11.775,16.11,0,4.8,123.72,67.254
-11.775,16.59,0,4.8,120.91,68.238
-11.775,17.07,0,4.8,118.05,69.222
-11.775,17.55,0,4.8,115.14,70.206
-11.775,18.03,0,4.8,112.18,71.19
-11.775,18.51,0,4.8,109.18,72.174
-11.775,18.99,0,4.8,106.12,73.158
-11.775,19.47,0,4.8,103.02,74.142
-11.775,19.95,0,4.8,99.875,75.126
-14.756,20.43,-1.8447,4.8,93.786,86.097
-14.756,20.91,0,4.8,90.243,83.205
-14.756,21.39,0,4.8,86.653,84.189
-14.756,21.87,0,4.8,83.014,85.173
-15.534,22.35,-1.9898,4.8,79.175,91.933
-15.534,22.83,0,4.8,75.363,88.736
-15.534,23.31,0,4.8,71.503,89.72
-15.534,23.79,0,4.8,67.594,90.704
-16.3,24.27,-1.9154,4.8,63.462,97.283
-16.3,24.75,0,4.8,59.381,94.242
-16.3,25.23,0,4.8,55.252,95.226
-16.86,25.71,-1.8836,-3.35,50.986,84.192
-16.86,25.375,0,-3.8013,46.746,78.599
-16.86,24.995,0,-4.354,42.541,76.658
-16.86,24.559,0,-5.0444,38.378,74.315
-16.86,24.055,0,-5.9278,34.261,71.425
-16.86,23.462,0,-7.0745,30.199,67.8
-16.86,22.755,0,-7.84,26.202,64.741
-16.86,21.971,0,-7.84,22.28,63.134
-16.86,21.187,0,-7.84,18.436,61.527
-16.86,20.403,0,-56.627,14.671,0
-16.86,14.74,0,-56.475,11.227,0
-16.86,9.0926,0,-56.273,8.3498,0
-16.86,3.4653,0,-56.143,6.0358,0
-16.86,0,0,-70.719,4.284,0
-16.86,0,0,-173.96,2.9516,0
-16.86,0,0,-45808,2.1354,0
-16.86,0,0,7.8,229.49,50.957
-16.86,0.78,0,7.8,227.76,52.556
-16.86,1.56,0,7.8,225.96,54.155
-20.171,2.34,-1.4923,7.8,220.75,65.677
-20.171,3.12,0,7.8,218.46,64.14
-20.171,3.9,0,7.8,216.09,65.739
-20.171,4.68,0,7.8,213.64,67.338
-20.171,5.46,0,7.8,211.12,68.937
-20.171,6.24,0,6.7,208.52,68.225
-20.171,6.91,0,6.7,205.84,69.598
-20.171,7.58,0,6.7,203.1,70.972
-21.318,8.25,-1.4506,6.7,199.82,77.746
-21.318,8.92,0,6.7,196.83,76.071
-21.318,9.59,0,6.7,193.77,77.445
-21.318,10.26,0,6.7,190.65,78.818
-21.318,10.93,0,6.7,187.46,80.192
-21.318,11.6,0,6.7,184.2,81.565
-21.318,12.27,0,4.8,180.87,78.947
-21.318,12.75,0,4.8,177.49,79.931
-21.318,13.23,0,4.8,174.06,80.915
-21.318,13.71,0,4.8,170.58,81.899
-21.318,14.19,0,4.8,167.05,82.883
-21.318,14.67,0,4.8,163.48,83.867
-21.318,15.15,0,4.8,159.86,84.851
-21.318,15.63,0,4.8,156.18,85.835
-21.318,16.11,0,4.8,152.47,86.819
-21.318,16.59,0,4.8,148.7,87.803
-21.318,17.07,0,4.8,144.88,88.787
-23.78,17.55,-1.3812,4.8,138.89,97.719
-23.78,18.03,0,4.8,134.74,95.801
-23.78,18.51,0,4.8,130.53,96.785
-24.194,18.99,-1.3797,4.8,126.23,101.52
-24.194,19.47,0,4.8,121.88,99.602
-24.194,19.95,0,4.8,117.49,100.59
-24.194,20.43,0,4.8,113.05,101.57
-24.194,20.91,0,4.8,108.57,102.55
-24.891,21.39,-1.4081,4.8,103.9,107.92
-24.891,21.87,0,4.8,99.243,105.95
-24.891,22.35,0,4.8,94.543,106.93
-24.891,22.83,0,4.8,89.795,107.92
-24.891,23.31,0,4.8,84.999,108.9
-24.891,23.79,0,4.8,80.155,109.89
-24.891,24.27,0,4.8,75.263,110.87
-24.891,24.75,0,4.8,70.322,111.85
-24.891,25.23,0,4.8,65.334,112.84
-24.891,25.71,0,4.8,60.298,113.82
-26.861,26.19,-3.4101,-3.8318,54.36,107.87
-26.861,25.807,0,-4.4657,49.074,98.591
-26.861,25.36,0,-5.286,43.83,95.952
-26.861,24.832,0,-6.3751,38.634,92.58
-26.861,24.194,0,-7.84,33.497,88.195
-26.861,23.41,0,-7.84,28.43,86.587
-26.861,22.626,0,-7.84,23.442,84.98
-26.861,21.842,0,-7.84,18.533,83.373
-26.861,21.058,0,-113.2,13.702,0
-26.861,9.7378,0,-113.38,9.4757,0
-26.861,0,0,-125.31,6.3827,0
-26.861,0,0,-325.39,4.323,0
-26.861,0,0,-1.0773e+05,3.2639,0
-26.861,0,0,7.8,539.21,71.46
-26.861,0.78,0,7.8,536.48,73.059
-34.394,1.56,-5.5574,7.8,528.42,101.78
-34.394,2.34,0,7.8,524.78,91.699
-34.394,3.12,0,7.8,521.07,93.298
-34.394,3.9,0,7.8,517.28,94.897
-34.394,4.68,0,7.8,513.41,96.496
-34.394,5.46,0,7.8,509.46,98.095
-34.394,6.24,0,6.7,505.44,97.383
-38.616,6.91,-6.3391,6.7,499.89,120.73
-38.616,7.58,0,6.7,495.3,108.79
-39.883,8.25,-5.9951,6.7,490.52,125.35
-39.883,8.92,0,6.7,485.67,114.13
-39.883,9.59,0,6.7,480.76,115.5
-39.883,10.26,0,6.7,475.78,116.88
-39.883,10.93,0,6.7,470.73,118.25
-39.883,11.6,0,6.7,465.61,119.62
-39.883,12.27,0,4.8,460.43,117
-39.883,12.75,0,4.8,455.19,117.99
-39.883,13.23,0,4.8,449.91,118.97
-39.883,13.71,0,4.8,444.57,119.96
-39.883,14.19,0,4.8,439.19,120.94
-39.883,14.67,0,4.8,433.76,121.92
-46.707,15.15,-4.4272,4.8,424.05,146.2
-46.707,15.63,0,4.8,417.84,137.88
-46.707,16.11,0,4.8,411.58,138.87
-46.707,16.59,0,4.8,405.27,139.85
-46.707,17.07,0,4.8,398.92,140.83
-46.707,17.55,0,4.8,392.52,141.82
-46.707,18.03,0,4.8,386.07,142.8
-46.707,18.51,0,4.8,379.57,143.79
-46.707,18.99,0,4.8,373.02,144.77
-46.707,19.47,0,4.8,366.43,145.75
-46.707,19.95,0,4.8,359.79,146.74
-46.707,20.43,0,4.8,353.1,147.72
-46.707,20.91,0,4.8,346.36,148.71
-46.707,21.39,0,4.8,339.58,149.69
-46.707,21.87,0,4.8,332.74,150.67
-46.707,22.35,0,4.8,325.86,151.66
-46.707,22.83,0,4.8,318.93,152.64
-51.07,23.31,-1.9746,4.8,307.69,166.72
-51.07,23.79,0,4.8,300.23,163.55
-51.07,24.27,0,4.8,292.72,164.54
-51.07,24.75,0,4.8,285.16,165.52
-51.07,25.23,0,4.8,277.56,166.51
-51.963,25.71,-1.4593,4.8,269.66,172.39
-51.963,26.19,0,4.8,261.86,170.3
-51.963,26.67,0,4.8,254.03,171.29
-51.963,27.15,0,4.8,246.14,172.27
-51.963,27.63,0,4.8,238.2,173.26
-51.963,28.11,0,4.8,230.22,174.24
-51.963,28.59,0,4.8,222.19,175.22
-51.963,29.07,0,-2,214.11,161.92
-51.963,28.87,0,4.8,206.02,175.8
-51.963,29.35,0,-2,197.91,162.49
-51.963,29.15,0,-2,189.79,162.08
-51.963,28.95,0,4.8,181.69,175.96
-51.963,29.43,0,-2,173.57,162.66
-51.963,29.23,0,-2,165.44,162.25
-51.963,29.03,0,4.8,157.33,176.13
-51.963,29.51,0,-2,149.21,162.82
-51.963,29.31,0,-2,141.07,162.41
-51.963,29.11,0,-2,132.95,162
-51.963,28.91,0,4.8,124.86,175.88
-51.963,29.39,0,-2,116.75,162.58
-51.963,29.19,0,-2,108.62,162.17
-51.963,28.99,0,4.8,100.51,176.04
-51.963,29.47,0,-2,92.395,162.74
-51.963,29.27,0,-2,84.262,162.33
-51.963,29.07,0,-2,76.149,161.92
-51.963,28.87,0,4.8,68.055,175.8
-51.963,29.35,0,-7.4125,59.948,151.12
-51.963,28.609,0,-7.84,51.854,148.7
-51.963,27.825,0,-7.84,43.836,147.1
-51.963,27.041,0,-7.84,35.896,145.49
-51.963,26.257,0,-7.84,28.035,143.88
-51.963,25.473,0,-341.76,20.252,0
-51.963,0,0,-472.94,14.217,0
-51.963,0,0,-13681,11.386,0
-51.963,0,0,7.8,74.597,122.92
-51.963,0.78,0,7.8,69.361,124.52
-51.963,1.56,0,7.8,64.048,126.12
-58.871,2.34,-1.4399,7.8,44.74,144.9
-58.871,3.12,0,7.8,38.58,143.48
-58.871,3.9,0,7.8,32.342,145.07
-58.871,4.68,0,-2.4385,26.026,125.16
-58.871,4.4362,0,-3.6669,19.683,122.08
-58.871,4.0695,0,-6.3888,13.371,115.61
-58.871,3.4306,0,-7.84,7.1086,111.25
-58.871,2.6466,0,-3694.9,0.91766,0
-58.871,0,0,-1.5483,13.241,117.44
-58.871,0,0,-1.4512,7.3613,117.64
-58.871,0,0,-2643.3,1.4814,0
-58.871,0,0,-1.1862,8.811,118.2
-58.871,0,0,-1014.9,2.9298,0
-58.871,0,0,-2287.9,2.1171,0
-58.871,0,0,-0.88295,7.6697,118.83
-58.871,0,0,-21709,1.7871,0
-58.871,0,0,7.8,104.44,137.08
-61.169,0.78,-1.1265,7.8,96.38,145.76
-61.169,1.56,0,7.8,90.146,144.99
-61.169,2.34,0,7.8,83.834,146.59
-61.169,3.12,0,7.8,77.444,148.19
-61.169,3.9,0,7.8,70.976,149.78
-61.169,4.68,0,7.8,64.43,151.38
-61.169,5.46,0,7.8,57.807,152.98
-61.169,6.24,0,6.7,51.105,152.27
-61.169,6.91,0,6.7,44.33,153.64
-61.169,7.58,0,6.7,37.489,155.02
-61.169,8.25,0,-3.9177,30.581,134.08
-61.169,7.8582,0,-5.7606,23.658,129.41
-61.169,7.2822,0,-7.84,16.784,123.85
-61.169,6.4982,0,-7.84,9.9785,122.25
-61.169,5.7142,0,-1110.8,3.251,0
-62.567,0,-0.0083095,-2367,0.8269,0
-62.567,0,0,0.068634,6.4054,128.41
-62.567,0.0068634,0,-13269,0.14841,0
-62.546,0,0.24125,7.8,60.238,144.11
-62.546,0.78,0,7.8,53.944,146.21
-62.546,1.56,0,7.8,47.573,147.81
-62.546,2.34,0,7.8,41.123,149.41
-62.546,3.12,0,7.8,34.596,151.01
-62.546,3.9,0,7.8,27.99,152.61
-62.546,4.68,0,-3.5128,21.306,130.44
-62.546,4.3287,0,-5.9566,14.601,124.58
-62.546,3.7331,0,-7.84,7.9436,119.4
-62.546,2.9491,0,-1394.1,1.3549,0
-62.546,0,0,-979.03,1.7758,0
-62.546,0,0,-2968,0.41636,0
-62.546,0,0,0.097806,9.0016,128.43
-62.546,0.0097806,0,-628.34,2.7466,0
-62.109,0,-0.22115,-1.8474e+06,0.001044,0
-62.109,0,0,7.8,9230.6,143.72
-62.109,0.78,0,7.8,9224.4,145.32
-62.109,1.56,0,7.8,9218.1,146.91
-62.109,2.34,0,7.8,9211.7,148.51
-62.109,3.12,0,7.8,9205.2,150.11
-62.109,3.9,0,7.8,9198.6,151.71
-62.109,4.68,0,7.8,9192,153.31
-62.109,5.46,0,7.8,9185.3,154.91
-62.109,6.24,0,6.7,9178.5,154.2
-62.109,6.91,0,6.7,9171.6,155.57
-62.109,7.58,0,6.7,9164.7,156.94
-62.109,8.25,0,6.7,9157.7,158.32
-63.614,8.92,-1.9568,6.7,9149.9,166.89
-63.614,9.59,0,6.7,9142.6,164.15
-63.614,10.26,0,6.7,9135.3,165.52
-64.209,10.93,-1.7504,6.7,9127.8,171.8
-64.209,11.6,0,6.7,9120.2,169.49
