3.8889,3.8889,-1.1381,0,35.5,6.413
3.8889,3.8889,0,7.8,35.5,74.244
3.8889,4.6689,0,7.8,35.461,79.75
3.8889,5.4489,0,7.8,35.344,85.292
3.8889,6.2289,0,6.7,35.149,77.154
3.8889,6.8989,0,6.7,34.881,81.885
3.8889,7.5689,0,6.7,34.547,86.642
3.8889,8.2389,0,6.7,34.145,91.424
3.8889,8.9089,0,6.7,33.677,96.229
3.8889,9.5789,0,-0.40737,33.142,20.221
3.8889,9.5382,0,-0.43178,32.575,19.794
3.8889,9.495,0,-0.45692,32.012,19.352
3.8889,9.4493,0,-0.48432,31.453,18.88
1.5591,9.4008,-2.0092,-0.51268,29.529,31.122
1.5591,9.3496,0,-0.54346,28.748,30.65
1.5591,9.2952,0,-0.57657,27.971,30.009
1.5591,9.2376,0,-0.60975,27.201,29.353
1.5591,9.1766,0,-0.64361,26.436,28.675
1.5591,9.1122,0,-0.67789,25.677,27.979
1.5591,9.0445,0,-0.71309,24.925,27.259
1.5591,8.9731,0,-0.74703,24.18,26.537
1.5591,8.8984,0,-0.782,23.443,25.793
1.5591,8.8202,0,-0.81856,22.713,25.02
1.5591,8.7384,0,-0.85572,21.991,24.23
1.5591,8.6528,0,-0.89591,21.277,23.4
1.5591,8.5632,0,-0.93984,20.572,22.524
1.5591,8.4692,0,-0.98653,19.876,21.612
1.5591,8.3706,0,-1.0354,19.19,20.669
1.5591,8.267,0,-1.0873,18.514,19.69
1.5591,8.1583,0,-1.1424,17.849,18.675
1.5591,8.0441,0,-1.2029,17.195,17.61
1.5591,7.9238,0,-1.2689,16.552,16.496
1.5591,7.7969,0,-1.3385,15.922,15.353
0.31045,7.663,-0.19572,-1.4127,13.44,20.757
0.31045,7.5218,0,-1.4926,12.712,18.879
0.31045,7.3725,0,-1.58,11.998,17.439
0.31045,7.2145,0,-1.6692,11.3,15.992
0.24363,7.0476,-0.19345,-1.7666,10.601,15.294
0.24363,6.8709,0,-1.8663,9.9298,13.313
0.24363,6.6843,0,-1.9769,9.2764,11.792
0.24363,6.4866,0,-2.0874,8.6423,10.334
0.24363,6.2779,0,-5.2,8.0284,1.4802
0.24363,5.7579,0,-8.8,7.451,0
0.24363,4.8779,0,-8.8,6.9435,0
0.24363,3.9979,0,-8.8,6.5241,0
0.12599,3.1179,-0.17855,-8.8,6.147,0
0.12599,2.2379,0,-8.8,5.8918,0
0.092207,1.3579,-0.18363,-0.15349,5.7228,3.1762
0.092207,1.3425,0,-8.8,5.597,0
0.092207,0.46252,0,-0.17845,5.516,0.3842
0.092207,0.44468,0,-0.17548,5.4799,0.35387
0.092207,0.42713,0,-0.16035,5.4455,0.34969
0.022868,0.4111,-0.13693,-0.13693,5.4105,0.80492
0.022868,0.3974,0,-0.10052,5.3724,0.57328
0.0033579,0.38735,-0.087077,-0.087077,5.3371,0.81109
0.0033579,0.37864,0,-0.06216,5.2992,0.67461
0.0033579,0.37243,0,-0.052189,5.262,0.687
-0.010817,0.36721,-0.060631,-0.060631,5.2376,0.81502
-0.010817,0.36115,0,-0.06326,5.2001,0.66967
-0.010817,0.35482,0,-8.8,5.1632,0
-0.010817,0,0,-0.035637,5.1706,0
-0.010817,0,0,-0.013082,5.1697,0.034758
-0.010817,0,0,0.0076862,5.1687,0.078396
-0.010817,0.00076862,0,0.0011086,5.1676,0.066151
-0.010817,0.00087947,0,0.000174,5.1664,0.064414
-0.010817,0.00089687,0,-0.0015465,5.1652,0.060835
-0.010817,0.00074223,0,0.0034101,5.1641,0.070933
-0.010817,0.0010832,0,0.014099,5.1629,0.094093
-0.010817,0.0024932,0,0.020967,5.1616,0.11141
-0.010817,0.0045899,0,0.032914,5.1602,0.14082
-0.010817,0.0078813,0,0.023498,5.1585,0.12778
-0.010817,0.010231,0,0.023162,5.1565,0.13189
-0.010817,0.012547,0,0.012812,5.1543,0.11489
-0.010817,0.013828,0,0.010927,5.1519,0.11355
-0.010817,0.014921,0,0.010281,5.1494,0.11444
-0.010817,0.015949,0,0.023161,5.1468,0.14361
-0.010817,0.018265,0,0.014886,5.144,0.13097
-0.010817,0.019754,0,0.0009998,5.141,0.10484
-0.010817,0.019854,0,-0.01393,5.1379,0.073676
-0.010817,0.018461,0,-0.04624,5.1349,0.0029297
-0.010817,0.013837,0,-0.058485,5.1322,0
-0.010817,0.0079884,0,-0.095094,5.1301,0
-0.010817,0,0,-0.064283,5.1286,0
-0.010817,0,0,-0.036745,5.1279,0
-0.010817,0,0,-0.035481,5.127,0
-0.010817,0,0,-0.019804,5.1261,0.020633
-0.043855,0,-0.02842,-0.02842,5.0793,0.12997
-0.043855,0,0,-0.066248,5.075,0
-0.043855,0,0,-0.14538,5.071,0
-0.043855,0,0,-0.27552,5.0673,0
-0.043855,0,0,-0.40474,5.0643,0
-0.043855,0,0,-0.45004,5.0619,0
-0.043855,0,0,-0.48856,5.0598,0
-0.21116,0,-0.48486,-0.48486,5.0102,0.47295
-0.21116,0,0,-8.8,4.9915,0
-0.21116,0,0,-0.277,5.0144,0
-0.21116,0,0,-8.8,4.9947,0
-0.21116,0,0,-8.8,5.0176,0
-0.21116,0,0,-8.8,5.0404,0
-0.21116,0,0,-0.22015,5.0633,0.010352
-0.21116,0,0,-8.8,5.0433,0
-0.21116,0,0,-8.8,5.0662,0
-0.21116,0,0,-8.8,5.0891,0
-0.21116,0,0,-8.8,5.112,0
-0.21116,0,0,-8.8,5.1348,0
-0.21116,0,0,-8.8,5.1577,0
-0.21116,0,0,-8.8,5.1806,0
-0.21116,0,0,-8.8,5.2035,0
-0.21116,0,0,-8.8,5.2264,0
-0.21116,0,0,-8.8,5.2493,0
-0.21116,0,0,1.4689,5.2721,3.5596
-0.21116,0.14689,0,-8.8,5.2437,0
-0.21116,0,0,2.0639,5.2519,4.8098
-0.21116,0.20639,0,-8.8,5.2204,0
-0.21116,0,0,2.5093,5.2227,5.7456
-0.21116,0.25093,0,2.6943,5.189,6.6487
-0.21116,0.52036,0,2.8087,5.1293,7.4414
-0.21116,0.80122,0,-8.8,5.0422,0
-0.21116,0,0,2.8065,4.9849,6.3702
-0.21116,0.28065,0,2.7062,4.9498,6.7347
-0.21116,0.55127,0,2.577,4.8871,7.0179
-0.21116,0.80897,0,2.4902,4.7979,7.3639
-0.21116,1.058,0,4.9,4.6835,12.938
-0.21116,1.548,0,4.9,4.532,13.942
-0.21116,2.038,0,4.1545,4.3316,13.38
-0.21116,2.4534,0,2.6399,4.0859,11.05
-0.21116,2.7174,0,2.1623,3.8063,10.587
-0.21116,2.9337,0,1.9469,3.5026,10.578
-0.21116,3.1284,0,1.7774,3.1784,10.621
-0.21116,3.3061,0,1.6607,2.8356,10.74
4.5042,3.4722,1.8726,1.5845,7.0805,0
4.5042,3.6306,0,1.5255,7.1757,3.8839
4.5042,3.7832,0,1.484,7.2555,4.245
5.0439,3.9316,1.682,1.4437,7.4022,0
5.0439,4.0759,0,1.3962,7.5062,2.7482
5.0439,4.2156,0,1.3704,7.596,3.134
5.0439,4.3526,0,1.3285,7.672,3.4201
5.0439,4.4854,0,1.2941,7.7345,3.7361
5.0439,4.6149,0,1.2407,7.7839,3.9267
5.0439,4.7389,0,1.1896,7.8206,4.1105
5.0439,4.8579,0,1.1532,7.8451,4.3631
5.0439,4.9732,0,1.1226,7.858,4.6382
5.0439,5.0855,0,1.0999,7.8594,4.9511
5.0439,5.1955,0,1.0886,7.8498,5.3301
5.0439,5.3043,0,1.0842,7.8292,5.7531
5.0439,5.4127,0,1.0842,7.7977,6.21
5.0439,5.5212,0,1.0841,7.7554,6.6728
5.0439,5.6296,0,1.072,7.7022,7.0596
5.0439,5.7368,0,1.0702,7.6383,7.5175
5.0439,5.8438,0,1.0529,7.5637,7.8705
7.2424,5.9491,1.1826,1.0432,9.4355,0
7.2424,6.0534,0,1.0403,9.5596,0.23462
7.2424,6.1574,0,1.041,9.6733,0.55827
7.2424,6.2615,0,1.0353,9.7766,0.86296
7.2424,6.3651,0,1.0308,9.8695,1.179
7.2424,6.4681,0,1.0327,9.9521,1.5315
7.2424,6.5714,0,1.0257,10.024,1.8498
7.2424,6.674,0,1.0242,10.086,2.1999
7.2424,6.7764,0,1.0199,10.138,2.5426
7.2424,6.8784,0,1.0213,10.18,2.9208
8.4459,6.9805,1.1441,1.0222,10.819,0
8.4459,7.0827,0,1.0233,10.961,0
8.4459,7.1851,0,1.0205,11.092,0
8.4459,7.2871,0,1.0135,11.213,0.21613
8.4459,7.3885,0,1.002,11.324,0.47731
8.4459,7.4886,0,0.98643,11.424,0.72267
8.4459,7.5873,0,0.97566,11.515,0.98847
9.164,7.6849,0.68222,0.95443,11.871,0
9.164,7.7803,0,0.93314,12.015,0
9.164,7.8736,0,0.91044,12.148,0
9.164,7.9647,0,0.88029,12.273,0
9.164,8.0527,0,0.86255,12.388,0
9.5171,8.1389,0.74627,0.8506,12.577,0
9.5171,8.224,0,0.83629,12.711,0
9.5171,8.3076,0,0.82713,12.836,0
9.5171,8.3903,0,0.80681,12.953,0
9.5171,8.471,0,0.78644,13.062,0
9.5171,8.5497,0,0.764,13.162,0
9.8901,8.6261,0.52843,0.74828,13.384,0
9.8901,8.7009,0,0.73109,13.507,0
9.8901,8.774,0,0.71821,13.622,0
9.8901,8.8458,0,0.70603,13.73,0
9.8901,8.9164,0,0.69527,13.831,0
9.8901,8.986,0,0.68272,13.925,0
9.8901,9.0542,0,0.66982,14.012,0
9.8901,9.1212,0,0.65639,14.092,0
9.8901,9.1869,0,0.64801,14.166,0.13991
9.8901,9.2517,0,0.63523,14.233,0.27301
9.8901,9.3152,0,0.63404,14.294,0.44656
9.8901,9.3786,0,0.62915,14.348,0.60926
9.8901,9.4415,0,0.61925,14.396,0.75374
9.8901,9.5034,0,0.60486,14.438,0.87918
9.8901,9.5639,0,0.60235,14.473,1.0492
9.8901,9.6241,0,0.59139,14.503,1.1863
10.734,9.6833,0.45461,0.57561,15.232,0
10.734,9.7408,0,0.56858,15.335,0
10.734,9.7977,0,0.56284,15.431,0
10.734,9.854,0,0.55051,15.522,0
10.734,9.909,0,0.54595,15.607,0
10.734,9.9636,0,0.54556,15.687,0
10.734,10.018,0,0.54708,15.762,0
10.734,10.073,0,0.54002,15.83,0
10.734,10.127,0,0.54096,15.894,0.034388
10.734,10.181,0,0.53393,15.952,0.15341
10.734,10.234,0,0.52095,16.005,0.25199
11.265,10.286,0.3703,0.51595,16.347,0
11.265,10.338,0,0.50172,16.443,0
11.265,10.388,0,0.4903,16.533,0
11.265,10.437,0,0.47988,16.618,0
11.265,10.485,0,0.46726,16.699,0
11.265,10.532,0,0.4566,16.774,0
11.265,10.578,0,0.45078,16.845,0
11.265,10.623,0,0.44209,16.912,0
11.265,10.667,0,0.43,16.974,0
11.265,10.71,0,0.42322,17.032,0
11.265,10.752,0,0.41908,17.085,0
11.265,10.794,0,0.41515,17.134,0
11.265,10.836,0,0.41547,17.179,0.094677
11.265,10.877,0,0.40898,17.22,0.18003
11.717,10.918,0.39944,0.40696,17.585,0
11.717,10.959,0,0.40966,17.663,0
11.717,11,0,0.4093,17.736,0
11.717,11.041,0,0.4125,17.806,0
11.717,11.082,0,0.41026,17.872,0
11.717,11.123,0,0.40582,17.933,0
11.717,11.164,0,0.4014,17.991,0
11.717,11.204,0,0.40194,18.044,0
11.717,11.244,0,0.40223,18.093,0
11.717,11.284,0,0.40134,18.139,0.042731
11.717,11.324,0,0.40003,18.18,0.13946
11.717,11.364,0,0.39769,18.217,0.23412
11.717,11.404,0,0.39575,18.251,0.33072
11.717,11.444,0,0.39215,18.28,0.42264
11.717,11.483,0,0.3922,18.305,0.52698
11.717,11.522,0,0.39389,18.327,0.63861
11.717,11.561,0,0.39557,18.344,0.75247
11.717,11.601,0,0.40013,18.358,0.87914
11.717,11.641,0,0.40283,18.368,1.0024
11.717,11.681,0,0.39674,18.373,1.095
11.717,11.721,0,0.39163,18.375,1.1902
11.717,11.76,0,0.3863,18.372,1.2839
11.717,11.799,0,0.37948,18.366,1.3708
11.717,11.837,0,0.37463,18.356,1.4642
11.717,11.874,0,0.36986,18.342,1.5572
11.717,11.911,0,0.3698,18.325,1.6689
11.717,11.948,0,0.37099,18.304,1.787
11.717,11.985,0,0.37214,18.279,1.9067
11.717,12.022,0,0.36984,18.25,2.0132
11.717,12.059,0,0.36267,18.218,2.0985
11.717,12.096,0,0.3489,18.182,2.1528
11.717,12.131,0,0.34213,18.142,2.2338
11.717,12.165,0,0.33378,18.099,2.306
11.717,12.198,0,0.32068,18.053,2.3544
11.717,12.23,0,0.30651,18.003,2.3938
12.889,12.261,0.043024,0.29927,20.273,0
12.889,12.291,0,0.28774,20.335,0
12.889,12.32,0,0.27321,20.393,0
12.889,12.347,0,0.25635,20.449,0
12.889,12.373,0,0.23397,20.502,0
12.889,12.396,0,0.2104,20.552,0
12.817,12.417,-0.26214,0.18902,20.601,0.30164
12.817,12.436,0,0.16897,20.64,0
12.817,12.453,0,0.1497,20.677,0
12.817,12.468,0,0.12807,20.712,0
12.817,12.481,0,0.11335,20.747,0
12.817,12.492,0,0.095965,20.78,0
12.817,12.502,0,0.073553,20.812,0
12.817,12.509,0,0.053672,20.843,0
12.817,12.514,0,0.032027,20.873,0
12.531,12.517,-0.66239,0.0062878,20.776,2.6183
12.531,12.518,0,-0.0077549,20.778,0
12.531,12.517,0,-0.021149,20.779,0
12.531,12.515,0,-0.034349,20.781,0
12.531,12.512,0,-0.047394,20.782,0
12.531,12.507,0,-0.058878,20.784,0
12.531,12.501,0,-0.071005,20.787,0
12.531,12.494,0,-0.082055,20.79,0
12.531,12.486,0,-0.091739,20.794,0
12.531,12.477,0,-0.10143,20.799,0
12.531,12.466,0,-0.11037,20.805,0
12.531,12.455,0,-0.1205,20.812,0
12.531,12.443,0,-0.1293,20.821,0
12.531,12.43,0,-0.13473,20.83,0
12.531,12.417,0,-0.14013,20.841,0
12.531,12.403,0,-0.14531,20.853,0
12.531,12.388,0,-0.14836,20.866,0
12.531,12.374,0,-0.15007,20.881,0
12.531,12.359,0,-0.15423,20.898,0
12.531,12.343,0,-0.15887,20.916,0
12.531,12.327,0,-0.16266,20.935,0
12.531,12.311,0,-0.16964,20.956,0
12.531,12.294,0,-0.1787,20.979,0
12.531,12.276,0,-0.18785,21.004,0
12.531,12.257,0,-0.19722,21.03,0
12.531,12.238,0,-0.20902,21.058,0
12.531,12.217,0,-0.2187,21.089,0
12.531,12.195,0,-0.22922,21.121,0
10.858,12.172,-0.9002,-0.24245,18.649,8.6211
10.858,12.148,0,-0.25777,18.519,2.4251
10.858,12.122,0,-0.27309,18.391,2.295
10.858,12.095,0,-0.28929,18.266,2.1607
10.858,12.066,0,-0.30671,18.144,2.0216
10.858,12.035,0,-0.32155,18.025,1.8905
10.858,12.003,0,-0.33349,17.908,1.7686
10.858,11.97,0,-0.34521,17.796,1.6478
10.858,11.935,0,-0.3529,17.686,1.5393
10.152,11.9,-0.33055,-0.35914,17.214,5.1529
10.152,11.864,0,-0.36489,17.041,3.2496
10.152,11.827,0,-0.36555,16.871,3.1361
10.152,11.791,0,-0.3665,16.706,3.0226
10.152,11.754,0,-0.36569,16.543,2.917
10.152,11.718,0,-0.36282,16.385,2.8209
10.152,11.681,0,-0.36107,16.23,2.7222
10.152,11.645,0,-0.35786,16.079,2.6304
10.152,11.609,0,-0.35561,15.932,2.5369
10.152,11.574,0,-0.35024,15.788,2.4563
10.152,11.539,0,-0.34604,15.647,2.3736
10.152,11.504,0,-0.34618,15.51,2.2774
10.152,11.47,0,-0.34617,15.377,2.1828
10.152,11.435,0,-0.3502,15.247,2.0757
10.152,11.4,0,-0.35691,15.12,1.9607
10.152,11.364,0,-0.36109,14.997,1.8544
10.152,11.328,0,-0.36503,14.877,1.7498
10.152,11.292,0,-0.37277,14.762,1.635
10.152,11.254,0,-0.37946,14.65,1.5242
10.152,11.216,0,-0.38728,14.541,1.4116
10.152,11.178,0,-0.39796,14.437,1.2929
10.152,11.138,0,-0.41303,14.336,1.1653
10.152,11.097,0,-0.43093,14.239,1.0337
10.152,11.054,0,-0.44723,14.147,0.90904
10.152,11.009,0,-0.46522,14.059,0.78507
10.152,10.962,0,-0.48013,13.976,0.67114
10.152,10.914,0,-0.4961,13.897,0.56059
10.152,10.865,0,-0.5158,13.823,0.45135
10.152,10.813,0,-0.53743,13.755,0.34818
10.152,10.759,0,-0.55719,13.691,0.25601
10.152,10.704,0,-0.5782,13.633,0.17358
10.152,10.646,0,-0.602,13.581,0.10307
8.6686,10.586,-1.5649,-0.6237,12.067,16.91
8.6686,10.523,0,-0.66558,11.879,2.5404
8.6686,10.457,0,-0.74324,11.697,2.1446
8.6686,10.382,0,-0.85553,11.522,1.7164
8.6686,10.297,0,-1.0069,11.355,1.3412
8.6686,10.196,0,-1.1831,11.197,1.1776
6.538,10.078,-4.067,-1.3682,10.527,19.157
6.538,9.9409,0,-1.5403,10.18,3.7747
6.538,9.7869,0,-5.2,9.8472,74.23
6.538,9.2669,0,-5.2,9.5483,73.164
6.538,8.7469,0,-5.2,9.3014,72.098
5.0322,8.2269,-2.0409,-5.2,8.6924,2.9424
4.8297,7.7069,-1.6784,-5.2,8.3946,3.6737
4.8297,7.1869,0,-5.2,8.1329,21.728
4.8297,6.6669,0,-5.2,7.9232,20.662
4.8297,6.1469,0,-5.2,7.7655,19.596
4.8297,5.6269,0,-8.8,7.6597,10.965
4.8297,4.7469,0,-0.14078,7.624,0
4.8297,4.7328,0,-0.16057,7.633,0
4.8297,4.7168,0,-8.8,7.6435,9.0996
4.0643,3.8368,-0.58678,0.30476,7.3268,3.0331
4.0643,3.8673,0,0.17285,7.348,0
4.0643,3.8845,0,0.085929,7.3669,0
4.0643,3.8931,0,0.055762,7.3844,0
4.0643,3.8987,0,0.050054,7.4013,0
4.0643,3.9037,0,0.084229,7.4176,0
4.0643,3.9121,0,0.12557,7.4332,0
4.0643,3.9247,0,0.17816,7.4478,0.11803
4.0643,3.9425,0,0.22436,7.4608,0.28803
4.0643,3.9649,0,0.24064,7.4719,0.39139
4.0643,3.989,0,0.24632,7.4806,0.46922
4.0643,4.0136,0,0.26665,7.4869,0.59672
4.0643,4.0403,0,0.26604,7.4907,0.66448
4.0643,4.0669,0,0.25836,7.4917,0.70919
4.0643,4.0927,0,0.26764,7.4902,0.80909
4.0643,4.1195,0,0.28648,7.486,0.94718
4.0643,4.1482,0,0.30689,7.479,1.1005
4.0643,4.1789,0,0.32532,7.4691,1.2571
4.0643,4.2114,0,0.34181,7.456,1.4158
4.0643,4.2456,0,0.36566,7.4396,1.6137
4.0643,4.2821,0,0.39705,7.4196,1.8574
4.6865,4.3218,0.47817,0.41987,7.7267,0
4.6865,4.3638,0,0.42907,7.7611,0.41576
4.6865,4.4067,0,0.43818,7.7912,0.56258
4.8501,4.4505,0.59153,0.4434,7.8332,0
4.8501,4.4949,0,0.44406,7.871,0.37946
4.8501,4.5393,0,0.47058,7.9043,0.59159
4.8501,4.5863,0,0.49706,7.933,0.82076
4.8501,4.6361,0,0.50133,7.9569,0.98054
4.8501,4.6862,0,0.49702,7.9758,1.1108
4.8501,4.7359,0,0.50763,7.9897,1.3019
4.8501,4.7867,0,0.50203,7.9986,1.4329
4.8501,4.8369,0,0.50461,8.0024,1.5984
4.8501,4.8873,0,0.51526,8.0012,1.8028
4.8501,4.9388,0,0.52182,7.9949,1.9966
4.8501,4.991,0,0.52631,7.9834,2.1867
4.8501,5.0437,0,0.52301,7.9667,2.3448
4.8501,5.096,0,0.51927,7.9447,2.5014
4.8501,5.1479,0,0.51673,7.9176,2.6642
4.8501,5.1996,0,0.51411,7.8852,2.8275
4.8501,5.251,0,0.51867,7.8477,3.0276
4.8501,5.3028,0,0.5123,7.805,3.1763
4.8501,5.3541,0,0.51258,7.7572,3.3584
4.8501,5.4053,0,0.50269,7.7042,3.4893
4.8501,5.4556,0,0.48157,7.6462,3.5586
4.8501,5.5037,0,0.45453,7.5832,3.5894
4.8501,5.5492,0,0.41982,7.5156,3.5709
4.8501,5.5912,0,0.37947,7.4436,3.5118
4.8501,5.6291,0,0.3306,7.3676,3.3971
4.8501,5.6622,0,0.28937,7.288,3.3063
4.8501,5.6911,0,0.23553,7.2054,3.1429
4.8501,5.7147,0,0.17568,7.1201,2.9394
4.8501,5.7322,0,0.12768,7.0328,2.7779
4.8501,5.745,0,0.084485,6.9439,2.6278
4.8501,5.7535,0,0.040889,6.854,2.4677
4.8501,5.7576,0,-0.003966,6.7635,2.2953
4.8501,5.7572,0,-0.015874,6.6727,2.2464
4.8501,5.7556,0,-0.030704,6.5821,2.1829
4.8501,5.7525,0,-0.043045,6.4917,2.1258
4.8501,5.7482,0,-0.058622,6.4017,2.0535
4.8501,5.7423,0,-0.074467,6.3122,1.977
4.8501,5.7349,0,-0.085476,6.2233,1.9152
4.8501,5.7263,0,-0.10143,6.1353,1.8334
4.8501,5.7162,0,-0.11375,6.0482,1.7617
4.8501,5.7048,0,-0.12599,5.9621,1.6882
4.8501,5.6922,0,-0.13653,5.8773,1.6184
4.8501,5.6786,0,-0.14856,5.7938,1.5422
4.8501,5.6637,0,-0.16272,5.7117,1.4575
4.8501,5.6474,0,-0.18024,5.6311,1.3608
4.8501,5.6294,0,-0.19964,5.5523,1.2571
4.8501,5.6095,0,-0.21951,5.4754,1.1509
4.8501,5.5875,0,-0.23884,5.4005,1.0456
4.8501,5.5636,0,-0.25742,5.328,0.94205
4.8501,5.5379,0,-0.27712,5.2579,0.83607
4.8501,5.5102,0,-0.30019,5.1905,0.72349
4.8501,5.4801,0,-0.32256,5.126,0.61436
4.8501,5.4479,0,-0.34825,5.0646,0.50184
4.8501,5.4131,0,-0.37718,5.0066,0.38856
4.8501,5.3753,0,-0.40188,4.9522,0.28739
4.0321,5.3352,-1.0401,-0.42667,7.6767,8.4694
4.0321,5.2925,0,-8.8,7.5485,0.75753
4.0321,4.4125,0,-0.16392,7.4665,0.4366
4.0321,4.3961,0,-0.19044,7.4292,0.34652
4.0321,4.3771,0,-0.21653,7.3938,0.25816
4.0321,4.3554,0,-0.24515,7.3604,0.16732
4.0321,4.3309,0,-8.8,7.3293,0
4.0321,3.4509,0,-0.041717,7.3434,0
4.0321,3.4467,0,-0.06688,7.4017,0
4.0321,3.44,0,-0.0942,7.4606,0
4.0321,3.4306,0,-0.12106,7.5203,0
4.0321,3.4185,0,-0.14939,7.581,0
4.0321,3.4036,0,-0.17906,7.6431,0
2.5192,3.3857,-1.5242,-0.21165,6.8078,6.577
2.5192,3.3645,0,-0.24749,6.7222,1.2789
2.5192,3.3397,0,-8.8,6.6389,0
2.5192,2.4597,0,-0.079108,6.6009,0
2.5192,2.4518,0,-0.11138,6.6072,0
1.6627,2.4407,-2.1415,-0.14766,6.4031,6.704
1.6627,2.4259,0,-0.1886,6.326,1.25
1.6627,2.4071,0,-8.8,6.2506,0
1.6627,1.5271,0,-0.067308,6.2202,0
1.6627,1.5203,0,-0.098708,6.2341,0
1.6627,1.5105,0,-0.13041,6.2489,0
