15.11,15.11,-0.27877,0,35.5,0.79093
15.11,15.11,0,-0.0022028,35.5,0
15.11,15.11,0,-0.0052545,35.5,0
15.11,15.109,0,-0.0075558,35.5,0
15.11,15.108,0,-0.0079805,35.5,0
15.11,15.108,0,-0.0084928,35.5,0
15.11,15.107,0,-0.0084622,35.501,0
15.11,15.106,0,-0.0082646,35.501,0
15.11,15.105,0,-0.0089186,35.501,0
15.11,15.104,0,-0.010167,35.502,0
15.11,15.103,0,-0.010741,35.503,0
15.11,15.102,0,-0.01137,35.503,0
15.11,15.101,0,-0.011179,35.504,0
14.956,15.1,-0.094758,-0.011672,35.377,0.52963
14.956,15.099,0,-0.012304,35.363,0.27554
14.956,15.097,0,-0.013235,35.348,0.27064
14.956,15.096,0,-0.014405,35.334,0.26497
14.956,15.095,0,-0.015175,35.32,0.26001
14.956,15.093,0,-0.014497,35.306,0.25831
14.956,15.092,0,-0.014053,35.293,0.2562
14.956,15.09,0,-0.013112,35.279,0.25536
14.956,15.089,0,-0.013421,35.266,0.25178
14.92,15.088,-0.011194,-0.013669,35.263,0.35514
14.92,15.086,0,-0.013532,35.246,0.32479
14.922,15.085,-0.010726,-0.013312,35.212,0.34423
14.922,15.084,0,-0.01326,35.195,0.31503
14.922,15.082,0,-0.013802,35.179,0.31079
14.922,15.081,0,-0.014512,35.163,0.30603
14.922,15.079,0,-0.014768,35.147,0.30222
14.896,15.078,-0.079706,-0.014926,35.114,0.56946
14.896,15.077,0,-0.016015,35.096,0.35018
14.896,15.075,0,-0.017478,35.078,0.34304
14.896,15.073,0,-0.01939,35.06,0.33451
14.896,15.071,0,-0.021788,35.043,0.32441
14.896,15.069,0,-0.025007,35.025,0.31187
14.896,15.067,0,-0.02667,35.008,0.30242
14.896,15.064,0,-0.028607,34.991,0.292
14.687,15.061,-0.38555,-0.030875,34.915,2.2632
14.687,15.058,0,-0.033446,34.878,0.74381
14.687,15.055,0,-0.037177,34.841,0.72537
14.687,15.051,0,-0.040302,34.804,0.70786
14.687,15.047,0,-0.041864,34.768,0.694
14.687,15.043,0,-0.043017,34.732,0.68096
14.687,15.038,0,-0.044988,34.697,0.66547
14.687,15.034,0,-0.046644,34.662,0.65044
14.687,15.029,0,-0.048417,34.628,0.63479
14.687,15.024,0,-0.049385,34.594,0.62094
14.687,15.019,0,-0.049943,34.56,0.608
14.425,15.014,-0.060174,-0.049817,34.321,1.4436
14.425,15.009,0,-0.049291,34.262,1.2267
14.425,15.005,0,-0.049162,34.204,1.2144
14.425,15,0,-0.05051,34.146,1.1974
14.425,14.995,0,-0.051781,34.089,1.1804
14.425,14.989,0,-0.053363,34.033,1.1621
14.425,14.984,0,-0.05542,33.976,1.142
14.304,14.978,-0.27824,-0.058093,33.891,2.5961
14.304,14.973,0,-0.059288,33.824,1.4158
14.304,14.967,0,-0.061284,33.757,1.3934
14.304,14.961,0,-0.065372,33.691,1.3638
14.304,14.954,0,-0.068005,33.626,1.338
14.304,14.947,0,-0.071563,33.561,1.3087
14.304,14.94,0,-0.073423,33.497,1.2841
14.304,14.933,0,-0.074816,33.434,1.2607
14.304,14.925,0,-0.07426,33.371,1.2432
14.304,14.918,0,-0.073388,33.31,1.2268
14.1,14.911,0.015862,-0.07229,33.097,1.6996
14.1,14.903,0,-0.071583,33.017,1.7396
14.1,14.896,0,-0.069793,32.937,1.7262
14.1,14.889,0,-0.068647,32.857,1.711
14.1,14.882,0,-0.068645,32.779,1.6921
14.1,14.875,0,-0.06847,32.701,1.6739
14.1,14.869,0,-0.067544,32.623,1.6584
14.1,14.862,0,-0.067149,32.547,1.6413
14.1,14.855,0,-0.065247,32.471,1.6296
14.1,14.849,0,-0.063957,32.396,1.6163
14.1,14.842,0,-0.062515,32.321,1.6039
14.1,14.836,0,-0.061181,32.247,1.5916
14.1,14.83,0,-0.058405,32.174,1.5846
14.1,14.824,0,-0.057265,32.101,1.5727
14.1,14.818,0,-0.05569,32.029,1.5626
14.1,14.813,0,-0.053903,31.957,1.5537
14.1,14.807,0,-0.051284,31.886,1.5481
14.1,14.802,0,-0.049014,31.816,1.542
14.1,14.797,0,-0.045567,31.746,1.5407
14.1,14.793,0,-0.043617,31.676,1.535
14.1,14.788,0,-0.040282,31.607,1.5348
14.1,14.784,0,-0.03763,31.538,1.533
14.1,14.781,0,-0.033855,31.47,1.5359
14.1,14.777,0,-0.030738,31.402,1.5375
14.486,14.774,0.27361,-0.027424,31.636,0.019251
14.486,14.771,0,-0.024854,31.607,0.56566
14.486,14.769,0,-0.021698,31.579,0.56829
14.486,14.767,0,-0.020314,31.551,0.56693
14.486,14.765,0,-0.017216,31.523,0.57048
14.486,14.763,0,-0.014715,31.495,0.57317
14.486,14.761,0,-0.011727,31.467,0.57777
14.486,14.76,0,-0.010137,31.44,0.57932
14.486,14.759,0,-0.0079727,31.412,0.58279
14.486,14.759,0,-0.0065084,31.385,0.58489
14.486,14.758,0,-0.0063078,31.358,0.58391
14.486,14.757,0,-0.0063156,31.33,0.58241
14.486,14.757,0,-0.0058576,31.303,0.58217
14.486,14.756,0,-0.0037408,31.276,0.58654
14.486,14.756,0,-0.0011151,31.249,0.59282
14.486,14.756,0,0.011471,31.222,0.62731
14.486,14.757,0,0.022141,31.195,0.66011
14.486,14.759,0,0.028307,31.168,0.68309
14.486,14.762,0,0.04102,31.141,0.72697
14.486,14.766,0,0.049056,31.113,0.7609
14.486,14.771,0,0.055344,31.085,0.792
14.486,14.776,0,0.066753,31.056,0.84076
14.486,14.783,0,0.077823,31.026,0.89226
14.959,14.791,0.31934,0.086728,31.564,0
14.959,14.799,0,0.10301,31.58,0
14.959,14.81,0,0.11562,31.595,0
14.959,14.821,0,0.12669,31.61,0
14.959,14.834,0,0.13575,31.623,0.043284
14.959,14.847,0,0.14121,31.635,0.087384
14.959,14.862,0,0.1487,31.645,0.13869
15.187,14.876,0.31194,0.15977,31.745,0
15.187,14.892,0,0.1656,31.776,0
15.187,14.909,0,0.17773,31.804,0
15.187,14.927,0,0.18408,31.831,0
15.187,14.945,0,0.19359,31.856,0
15.187,14.965,0,0.20465,31.88,0
15.395,14.985,0.33708,0.20939,31.947,0
15.395,15.006,0,0.21197,31.987,0
15.395,15.027,0,0.22037,32.025,0
15.395,15.049,0,0.21985,32.06,0
15.395,15.071,0,0.22055,32.094,0
15.395,15.093,0,0.22476,32.125,0
15.395,15.116,0,0.23331,32.154,0
15.395,15.139,0,0.2409,32.181,0.014219
15.395,15.163,0,0.24617,32.205,0.084946
15.668,15.188,0.25984,0.24247,32.365,0
15.668,15.212,0,0.24038,32.412,0
15.721,15.236,0.18918,0.24452,32.476,0
15.731,15.26,0.097956,0.23694,32.53,0
15.731,15.284,0,0.22864,32.576,0
15.747,15.307,0.096127,0.22088,32.617,0
15.747,15.329,0,0.21003,32.66,0
15.747,15.35,0,0.20054,32.701,0
15.747,15.37,0,0.18928,32.74,0
15.747,15.389,0,0.1883,32.777,0
15.747,15.408,0,0.17658,32.811,0
15.747,15.426,0,0.17033,32.844,0
15.747,15.443,0,0.16414,32.876,0
15.747,15.459,0,0.15688,32.905,0
15.747,15.475,0,0.14765,32.933,0
15.747,15.49,0,0.13732,32.96,0
15.747,15.503,0,0.13099,32.985,0
15.747,15.516,0,0.1223,33.009,0
15.747,15.529,0,0.11479,33.031,0
15.747,15.54,0,0.10743,33.052,0
15.747,15.551,0,0.10174,33.073,0
15.747,15.561,0,0.098829,33.092,0
15.768,15.571,0.11838,0.097507,33.152,0
15.768,15.581,0,0.095283,33.171,0
15.768,15.59,0,0.094811,33.189,0
15.768,15.6,0,0.093504,33.207,0
15.812,15.609,0.11835,0.10019,33.221,0
15.812,15.619,0,0.10133,33.241,0
15.812,15.629,0,0.10151,33.26,0
15.812,15.639,0,0.10168,33.278,0
15.812,15.649,0,0.10461,33.295,0
15.812,15.66,0,0.11034,33.31,0
15.812,15.671,0,0.11301,33.325,0
15.812,15.682,0,0.11388,33.338,0
15.812,15.694,0,0.11021,33.351,0
15.812,15.705,0,0.11091,33.362,0.021788
15.812,15.716,0,0.10744,33.372,0.03781
15.812,15.726,0,0.11015,33.381,0.068059
15.812,15.737,0,0.10336,33.389,0.075907
15.812,15.748,0,0.099703,33.396,0.089864
15.812,15.758,0,0.094688,33.402,0.099715
15.942,15.767,-0.11549,0.085691,33.562,0.098677
15.942,15.776,0,0.080516,33.579,0
15.942,15.784,0,0.072455,33.595,0
15.942,15.791,0,0.056508,33.611,0
15.942,15.797,0,0.043315,33.626,0
15.942,15.801,0,0.028859,33.64,0
15.942,15.804,0,0.017577,33.654,0
15.942,15.806,0,-0.00029774,33.668,0
15.942,15.806,0,-0.0024781,33.681,0
15.942,15.805,0,-0.0048823,33.695,0
15.942,15.805,0,-0.0063667,33.709,0
15.942,15.804,0,-0.0072074,33.722,0
15.942,15.804,0,-0.0062049,33.736,0
15.942,15.803,0,-0.0055694,33.75,0
15.742,15.802,0.090157,-0.00562,33.637,0
15.742,15.802,0,-0.0044551,33.631,0.11572
15.742,15.801,0,-0.0031245,33.625,0.11775
15.742,15.801,0,-0.002411,33.619,0.11868
15.742,15.801,0,-0.001924,33.613,0.11926
15.783,15.801,0.070736,-0.0016721,33.602,0
15.783,15.801,0,-0.001751,33.6,0.033136
15.783,15.8,0,-0.0022589,33.598,0.031689
15.783,15.8,0,-0.003268,33.596,0.029073
15.783,15.8,0,-0.0040353,33.595,0.026769
15.783,15.799,0,-0.0051765,33.593,0.023519
15.783,15.799,0,-0.0078861,33.591,0.016741
15.783,15.798,0,-0.010822,33.59,0.0089834
15.783,15.797,0,-0.013188,33.588,0.001861
15.783,15.796,0,-0.016603,33.587,0
15.783,15.794,0,-0.019502,33.586,0
15.783,15.792,0,-0.021852,33.585,0
15.544,15.79,-0.11621,-0.022806,33.513,0.81384
15.544,15.788,0,-0.022932,33.488,0.47304
15.544,15.785,0,-0.022749,33.464,0.46829
15.544,15.783,0,-0.023981,33.44,0.45997
15.544,15.781,0,-0.024149,33.417,0.4541
15.544,15.778,0,-0.024525,33.393,0.44767
15.492,15.776,-0.17244,-0.026542,33.335,1.0921
15.492,15.773,0,-0.02767,33.306,0.547
15.492,15.77,0,-0.029603,33.279,0.53555
15.492,15.767,0,-0.030094,33.251,0.52745
15.492,15.764,0,-0.031619,33.223,0.51658
15.492,15.761,0,-0.03361,33.196,0.5042
15.492,15.758,0,-0.034924,33.17,0.49317
15.492,15.754,0,-0.035146,33.143,0.48466
15.492,15.751,0,-0.034869,33.117,0.47739
15.492,15.747,0,-0.035396,33.092,0.46815
15.492,15.744,0,-0.035346,33.066,0.46027
15.492,15.74,0,-0.035732,33.041,0.45132
15.492,15.737,0,-0.035173,33.017,0.44468
15.492,15.733,0,-0.036279,32.992,0.434
15.492,15.73,0,-0.037189,32.968,0.4236
15.492,15.726,0,-0.039333,32.945,0.40998
15.492,15.722,0,-0.041647,32.922,0.39555
15.492,15.718,0,-0.046276,32.899,0.37508
15.492,15.713,0,-0.051477,32.877,0.35245
15.492,15.708,0,-0.057061,32.855,0.32808
15.492,15.702,0,-0.063337,32.834,0.30123
15.492,15.696,0,-0.069776,32.813,0.27308
15.492,15.689,0,-0.076482,32.793,0.24345
15.492,15.681,0,-0.083404,32.774,0.21247
15.492,15.673,0,-0.089744,32.755,0.18186
15.492,15.664,0,-0.095632,32.738,0.15144
15.492,15.654,0,-0.10163,32.721,0.12017
15.492,15.644,0,-0.10728,32.705,0.088954
15.492,15.634,0,-0.11173,32.69,0.059494
14.48,15.622,-0.30397,-0.11514,31.671,4.0817
14.48,15.611,0,-0.11853,31.557,2.5012
14.48,15.599,0,-0.12002,31.445,2.46
14.48,15.587,0,-0.119,31.333,2.4285
14.48,15.575,0,-0.11889,31.223,2.3937
14.48,15.563,0,-0.11711,31.114,2.3657
14.48,15.552,0,-0.11614,31.007,2.3351
14.48,15.54,0,-0.1167,30.9,2.2989
14.48,15.528,0,-0.1183,30.795,2.2587
14.365,15.516,-0.48147,-0.12171,30.637,5.227
14.365,15.504,0,-0.12657,30.523,2.4948
14.365,15.492,0,-0.13231,30.409,2.4345
14.365,15.478,0,-0.13719,30.297,2.3764
14.365,15.465,0,-0.14368,30.187,2.3111
14.365,15.45,0,-0.15131,30.077,2.2403
14.365,15.435,0,-0.15816,29.97,2.1711
14.365,15.419,0,-0.1653,29.863,2.0998
14.365,15.403,0,-0.17342,29.759,2.0238
14.365,15.385,0,-0.18071,29.656,1.9496
14.365,15.367,0,-0.18576,29.555,1.8822
14.365,15.349,0,-0.1907,29.455,1.8147
14.365,15.33,0,-0.19492,29.358,1.7491
14.365,15.31,0,-0.19608,29.262,1.6933
13.595,15.291,-0.029252,-0.19783,28.582,4.0899
13.595,15.271,0,-0.19738,28.414,3.8769
13.595,15.251,0,-0.19639,28.247,3.8161
13.595,15.231,0,-0.1959,28.083,3.7537
13.595,15.212,0,-0.19543,27.92,3.6916
13.595,15.192,0,-0.19484,27.759,3.6305
13.58,15.173,-0.32581,-0.19529,27.595,5.4799
13.58,15.153,0,-0.19849,27.437,3.5359
13.58,15.133,0,-0.20425,27.281,3.4461
13.58,15.113,0,-0.21002,27.126,3.3554
13.58,15.092,0,-0.21975,26.974,3.2465
13.58,15.07,0,-0.22935,26.824,3.1367
13.58,15.047,0,-0.23942,26.676,3.0234
13.58,15.023,0,-0.24807,26.531,2.9147
13.58,14.998,0,-0.25733,26.388,2.8025
13.58,14.973,0,-0.26842,26.247,2.6821
13.58,14.946,0,-0.27833,26.109,2.5653
12.804,14.918,-0.77707,-0.28827,25.585,11.019
12.804,14.889,0,-0.29743,25.375,4.7804
12.804,14.859,0,-0.30737,25.168,4.6277
12.804,14.829,0,-0.31657,24.964,4.4773
12.804,14.797,0,-0.32715,24.763,4.3191
12.804,14.764,0,-0.34351,24.565,4.1326
12.804,14.73,0,-0.36452,24.371,3.9233
12.059,14.693,-2.516,-0.39381,23.964,47.817
12.059,14.654,0,-0.43259,23.702,5.8985
12.059,14.611,0,-0.47961,23.445,5.4933
12.059,14.563,0,-0.53278,23.192,5.0565
12.059,14.51,0,-0.59,22.944,4.6029
12.059,14.451,0,-0.65251,22.702,4.1327
12.059,14.385,0,-0.71961,22.466,3.6566
12.059,14.313,0,-0.79303,22.237,3.1781
12.059,14.234,0,-0.87103,22.016,2.7166
12.059,14.147,0,-0.95678,21.803,2.2799
12.059,14.051,0,-1.0487,21.599,1.8961
12.059,13.946,0,-1.1502,21.405,1.592
12.059,13.831,0,-1.2594,21.222,1.4155
7.3678,13.705,-4.1008,-1.3821,18.212,31.613
7.3678,13.567,0,-1.5137,17.585,13.883
7.3678,13.416,0,-1.6587,16.972,12.213
7.3678,13.25,0,-1.8156,16.376,10.531
7.3678,13.068,0,-1.9917,15.797,8.8454
7.3678,12.869,0,-2.1858,15.237,7.25
7.3678,12.651,0,-2.4016,14.697,5.8585
4.467,12.411,-4.2657,-2.6428,13.212,25.305
4.0423,12.146,-4.2651,-2.9181,12.417,23.876
4.0423,11.854,0,-3.2318,11.621,9.9762
4.0423,11.531,0,-3.5858,10.856,7.8289
4.0423,11.173,0,-7.927,10.125,14.741
4.0423,10.38,0,-7.9859,9.4519,12.992
1.8535,9.5814,-4.4902,-8.0692,8.3433,8.322
1.8535,8.7745,0,-8.0691,7.6109,0
1.8535,7.9676,0,-8.0865,6.9591,0
1.8535,7.1589,0,-8.0706,6.3881,0
1.8535,6.3519,0,-8.0706,5.8979,0
1.8535,5.5448,0,-8.8,5.4884,0
1.8535,4.6648,0,-8.8,5.1633,0
1.8535,3.7848,0,-8.8,4.9262,0
1.8535,2.9048,0,-8.8,4.777,0
1.8535,2.0248,0,-8.8,4.7159,0
1.8535,1.1448,0,-8.8,4.7428,0
1.8535,0.26483,0,-8.8,4.8576,0
1.8535,0,0,-8.8,5.0605,0
1.8535,0,0,-8.8,5.2898,0
1.8535,0,0,-8.8,5.5192,0
1.8535,0,0,-9.4281,5.7485,0
1.8535,0,0,-14.513,5.981,0
1.8535,0,0,-31.524,6.2389,0
1.8535,0,0,-439.29,6.5819,0
1.8535,0,0,-8.8,8.9637,0
1.8535,0,0,-9.1073,9.1931,0
-4.7631,0,-1.0451,-13.331,0.9233,0
-4.7631,0,0,-24.197,0.51365,0
-4.7631,0,0,-89.031,0.15833,0
-4.7631,0,0,-167.8,0.12717,0
-4.7631,0,0,-33.598,0.48984,0
-4.7631,0,0,-228,0.18153,0
-4.7631,0,0,-20.774,0.8452,0
-4.7631,0,0,-53.434,0.47277,0
-4.7631,0,0,9.8,1.2733,32.901
-4.7631,0.98,0,-47.859,0.748,0
-4.7631,0,0,-789.89,0.41299,0
-4.7631,0,0,-8.8,3.8861,0
-4.7631,0,0,-8.8,3.4538,0
-4.7631,0,0,-8.8,3.0215,0
-4.7631,0,0,-8.8,2.5892,0
-4.7631,0,0,-11.525,2.1569,0
-4.7631,0,0,-17.81,1.7382,0
-4.7631,0,0,-36.857,1.3509,0
-4.7631,0,0,-280.3,1.0589,0
-4.7631,0,0,-20.214,1.9841,0
-4.7631,0,0,-45.145,1.6089,0
-5.9975,0,-0.65095,-684.13,0.026314,0
-5.9975,0,0,-8.8,2.8472,0
-5.9975,0,0,-8.8,2.2915,0
-5.9975,0,0,-11.625,1.7357,0
-5.9975,0,0,-17.495,1.1941,0
-5.9975,0,0,-32.71,0.68181,0
-5.9975,0,0,-134.08,0.24561,0
-5.9975,0,0,-110.87,0.31624,0
-5.9975,0,0,-211.04,0.27082,0
-5.9975,0,0,-41.439,0.72629,0
-5.9975,0,0,-272.3,0.33373,0
-5.9975,0,0,-28.304,1.0955,0
-5.9975,0,0,-84.35,0.63725,0
-6.6937,0,-0.50388,-857.05,0.026155,0
-6.6937,0,0,-8.8,3.642,0
-6.6937,0,0,-8.8,3.0167,0
-6.6937,0,0,-9.9651,2.3913,0
-6.6937,0,0,-13.511,1.7717,0
-6.6937,0,0,-21.031,1.1699,0
-6.6937,0,0,-43.625,0.60571,0
-6.6937,0,0,-383.18,0.15446,0
-6.6937,0,0,-18.638,1.401,0
-6.6937,0,0,-35.271,0.82482,0
-6.6937,0,0,-137.63,0.3318,0
-6.6937,0,0,-153.91,0.35055,0
-6.6937,0,0,-114.7,0.45072,0
-7.1461,0,-0.64067,-331.19,0.077245,0
-7.1461,0,0,-26.205,1.0186,0
-7.1461,0,0,-62.438,0.43501,0
-7.1461,0,0,-3295.9,0.032588,0
-7.1461,0,0,-0.72872,15.798,15.662
-7.51,0,-0.73856,-0.73856,15.012,17.94
-7.51,0,0,-0.75153,14.264,16.361
-7.51,0,0,-0.73843,13.517,16.388
-7.51,0,0,-0.67109,12.77,16.53
-7.51,0,0,-0.60818,12.022,16.662
-7.51,0,0,-0.57862,11.274,16.724
-7.51,0,0,-0.53583,10.526,16.814
-7.9717,0,-0.48921,-0.48921,9.6049,18.886
-7.9717,0,0,-0.50403,8.8102,17.827
-7.9717,0,0,-0.53198,8.0155,17.768
-7.9717,0,0,-0.51841,7.221,17.797
-8.1907,0,-0.50129,-0.50129,6.3985,19.335
-8.1907,0,0,-0.52375,5.582,18.235
-8.1907,0,0,-8.8,4.7655,0.84409
-8.1907,0,0,-9.2728,3.9905,0
-8.1907,0,0,-11.578,3.2178,0
-8.1907,0,0,-15.41,2.4566,0
-8.1907,0,0,-22.834,1.7146,0
-8.1907,0,0,-42.166,1.0097,0
-8.5786,0,-0.50475,-165.28,0.22332,0
-8.5786,0,0,-207.34,0.19183,0
-8.5786,0,0,-109.4,0.37065,0
-8.5786,0,0,-1321.5,0.059778,0
-8.5786,0,0,-0.51555,5.8095,19.047
-8.5786,0,0,-8.8,4.9542,1.6393
-8.5786,0,0,-10.26,4.1403,0
-8.5786,0,0,-12.962,3.3338,0
-8.5786,0,0,-17.544,2.5407,0
-8.5786,0,0,-26.938,1.7706,0
-8.5786,0,0,-54.344,1.0474,0
-8.5786,0,0,-313.36,0.4613,0
-8.5786,0,0,-54.202,1.1702,0
-8.5786,0,0,-295.36,0.58339,0
-8.5786,0,0,-62.189,1.2023,0
-8.5786,0,0,-543.83,0.65541,0
-8.5786,0,0,-24.064,2.5167,0
-8.5786,0,0,-43.004,1.7792,0
-9.4892,0,-0.50922,-144.95,0.31171,0
-9.5429,0,-0.50826,-529.5,0.086075,0
-9.5429,0,0,-26.33,1.7793,0
-9.5429,0,0,-48.9,0.95667,0
-9.5429,0,0,-196.86,0.24688,0
-9.5429,0,0,-182.55,0.27692,0
-9.5429,0,0,-239.86,0.23536,0
-9.5429,0,0,-118.98,0.48036,0
-9.5429,0,0,-2103.1,0.12097,0
-9.5429,0,0,-0.50681,9.682,21.042
-9.5429,0,0,-0.51163,8.7302,21.032
-9.5429,0,0,-0.51241,7.7785,21.03
-9.5429,0,0,-0.50869,6.8268,21.038
-9.5429,0,0,-0.50707,5.875,21.042
-9.5429,0,0,-12.102,4.9233,0
-9.5429,0,0,-15.417,4.0295,0
-10.326,0,-0.50346,-21.157,2.5814,0
-10.326,0,0,-33.23,1.6546,0
-10.326,0,0,-71.549,0.78811,0
-10.326,0,0,-704.04,0.11324,0
-10.326,0,0,-22.333,2.6008,0
-10.326,0,0,-35.649,1.6799,0
-10.326,0,0,-80.667,0.82553,0
-10.326,0,0,-1084.1,0.19625,0
-10.326,0,0,-13.605,4.5839,0
-10.326,0,0,-17.664,3.6194,0
-10.326,0,0,-24.905,2.6751,0
-10.326,0,0,-41.646,1.767,0
-10.326,0,0,-106.03,0.9426,0
-10.326,0,0,-6364,0.44014,0
-10.326,0,0,7.8,31.227,40.102
-10.326,0.78,0,7.8,30.156,41.701
-10.326,1.56,0,7.8,29.006,43.3
-11,2.34,0.13759,7.8,27.085,45.991
-11,3.12,0,7.8,25.712,47.879
