26.111,26.111,0.3371,0,35.5,0
26.111,26.111,0,0.0069304,35.5,0.014683
26.111,26.112,0,0.016931,35.5,0.037744
26.214,26.113,0.35577,0.02223,35.503,0
26.214,26.116,0,0.030289,35.513,0
26.214,26.119,0,0.036213,35.523,0
26.312,26.122,0.37155,0.042118,35.559,0
26.312,26.127,0,0.048764,35.578,0
26.312,26.131,0,0.057707,35.596,0
26.312,26.137,0,0.061904,35.614,0
26.312,26.143,0,0.064988,35.631,0
26.312,26.15,0,0.067521,35.647,0
26.312,26.157,0,0.067527,35.663,0
26.312,26.163,0,0.061147,35.679,0
26.312,26.17,0,0.052572,35.693,0
26.312,26.175,0,0.041511,35.707,0
26.312,26.179,0,0.032036,35.721,0
26.312,26.182,0,0.023188,35.734,0
26.25,26.184,-0.43919,0.014674,35.828,1.3035
26.25,26.186,0,0.0025153,35.834,0
26.25,26.186,0,-0.0040393,35.841,0
26.25,26.186,0,-0.011297,35.847,0
26.25,26.185,0,-0.01896,35.854,0
26.25,26.183,0,-0.026348,35.86,0
26.25,26.18,0,-0.03374,35.867,0
26.25,26.177,0,-0.041728,35.875,0
26.25,26.173,0,-0.047435,35.882,0
26.25,26.168,0,-0.053764,35.89,0
26.25,26.162,0,-0.061098,35.899,0
26.25,26.156,0,-0.067079,35.908,0
26.25,26.15,0,-0.072282,35.918,0
26.25,26.142,0,-0.077069,35.928,0
26.25,26.135,0,-0.081981,35.939,0
26.25,26.127,0,-0.088843,35.951,0
26.25,26.118,0,-0.093738,35.964,0
26.25,26.108,0,-0.10074,35.978,0
25.374,26.098,-0.46902,-0.10674,35.209,3.5704
25.374,26.087,0,-0.11273,35.137,1.3595
25.374,26.076,0,-0.11742,35.066,1.3155
25.374,26.064,0,-0.12262,34.996,1.2692
25.374,26.052,0,-0.12913,34.928,1.2181
25.374,26.039,0,-0.13605,34.861,1.1649
25.374,26.026,0,-0.14144,34.795,1.1152
25.374,26.012,0,-0.14714,34.73,1.064
25.374,25.997,0,-0.15424,34.667,1.0082
25.374,25.981,0,-0.16036,34.606,0.95429
25.374,25.965,0,-0.1648,34.546,0.90438
25.374,25.949,0,-0.1693,34.487,0.85398
25.374,25.932,0,-0.1718,34.431,0.80847
25.374,25.915,0,-0.17426,34.376,0.76305
25.374,25.897,0,-0.17502,34.322,0.72188
25.374,25.88,0,-0.17429,34.271,0.68459
25.374,25.862,0,-0.17118,34.221,0.65352
24.776,25.845,0.015513,-0.16925,33.498,2.0691
24.776,25.828,0,-0.16662,33.392,2.0893
24.776,25.812,0,-0.1625,33.288,2.0575
24.776,25.795,0,-0.15923,33.185,2.0239
24.776,25.78,0,-0.15635,33.084,1.9898
24.776,25.764,0,-0.15204,32.984,1.9618
24.776,25.749,0,-0.15058,32.886,1.9249
24.776,25.734,0,-0.14727,32.79,1.895
24.776,25.719,0,-0.14597,32.695,1.8591
24.776,25.704,0,-0.14225,32.601,1.8321
24.843,25.69,0.05904,-0.13981,32.533,1.4273
24.843,25.676,0,-0.13714,32.449,1.5927
24.843,25.662,0,-0.13489,32.366,1.5638
24.843,25.649,0,-0.131,32.285,1.541
24.843,25.636,0,-0.12874,32.205,1.5139
24.843,25.623,0,-0.12547,32.126,1.4908
24.843,25.61,0,-0.12286,32.049,1.4664
24.843,25.598,0,-0.12131,31.973,1.4393
24.843,25.586,0,-0.12021,31.898,1.4112
24.843,25.574,0,-0.1166,31.824,1.3917
24.843,25.562,0,-0.11594,31.752,1.3636
24.843,25.551,0,-0.11635,31.68,1.3323
24.843,25.539,0,-0.11866,31.61,1.2952
24.843,25.527,0,-0.12131,31.541,1.2567
24.843,25.515,0,-0.12321,31.473,1.2201
24.843,25.503,0,-0.12641,31.407,1.1794
24.843,25.49,0,-0.1294,31.341,1.1389
24.843,25.477,0,-0.13513,31.277,1.09
24.654,25.464,-0.43166,-0.1417,31.214,3.4722
24.654,25.45,0,-0.14827,31.133,1.457
24.654,25.435,0,-0.1554,31.055,1.3959
24.654,25.419,0,-0.16148,30.977,1.3373
24.654,25.403,0,-0.16943,30.902,1.2722
24.654,25.386,0,-0.17561,30.828,1.2115
24.654,25.368,0,-0.18175,30.755,1.1504
24.654,25.35,0,-0.1882,30.685,1.0879
24.654,25.331,0,-0.19372,30.616,1.0275
24.654,25.312,0,-0.19799,30.549,0.97024
24.654,25.292,0,-0.20335,30.484,0.90995
24.654,25.272,0,-0.21069,30.422,0.84447
24.654,25.251,0,-0.21786,30.361,0.77919
24.654,25.229,0,-0.22222,30.302,0.7205
24.654,25.207,0,-0.22973,30.246,0.6547
23.922,25.184,-0.48798,-0.23762,29.645,5.0038
23.922,25.16,0,-0.2435,29.52,2.3309
23.922,25.136,0,-0.25135,29.397,2.2332
23.922,25.111,0,-0.25917,29.277,2.135
23.922,25.085,0,-0.26428,29.16,2.0457
23.922,25.058,0,-0.27207,29.045,1.9473
23.922,25.031,0,-0.27985,28.932,1.8487
23.922,25.003,0,-0.28372,28.823,1.7626
23.922,24.975,0,-0.29016,28.716,1.6687
23.922,24.946,0,-0.29816,28.612,1.5702
23.922,24.916,0,-0.30442,28.512,1.4771
23.922,24.886,0,-0.31212,28.414,1.3803
23.922,24.854,0,-0.32055,28.319,1.282
23.922,24.822,0,-0.32915,28.227,1.1838
23.177,24.789,-0.47367,-0.33518,27.63,5.7147
23.177,24.756,0,-0.34097,27.47,2.9448
23.177,24.722,0,-0.34564,27.314,2.8255
23.177,24.687,0,-0.3504,27.161,2.7064
23.177,24.652,0,-0.35596,27.012,2.5847
23.177,24.617,0,-0.36128,26.866,2.4644
23.177,24.58,0,-0.36518,26.724,2.3498
23.177,24.544,0,-0.36918,26.586,2.2357
23.177,24.507,0,-0.3766,26.451,2.111
23.177,24.469,0,-0.38076,26.32,1.9977
22.728,24.431,-0.48546,-0.38577,25.98,5.8508
22.671,24.393,-0.47201,-0.39348,25.816,5.785
22.671,24.353,0,-0.40101,25.646,3.0135
22.671,24.313,0,-0.40652,25.479,2.8743
22.671,24.273,0,-0.41307,25.317,2.732
22.671,24.231,0,-0.41893,25.159,2.5933
22.417,24.189,-0.48278,-0.42452,24.951,5.8712
22.379,24.147,-0.46967,-0.42774,24.775,5.7438
22.379,24.104,0,-0.43507,24.6,3.0056
22.379,24.061,0,-0.43937,24.43,2.8625
22.379,24.017,0,-0.44204,24.264,2.7268
22.379,23.972,0,-0.43915,24.102,2.6128
22.379,23.929,0,-0.43577,23.945,2.5029
22.379,23.885,0,-0.42802,23.792,2.4104
22.379,23.842,0,-0.42056,23.644,2.3199
22.379,23.8,0,-0.41061,23.5,2.2405
22.379,23.759,0,-0.39932,23.36,2.1688
22.379,23.719,0,-0.38935,23.224,2.0961
22.379,23.68,0,-0.3769,23.091,2.0345
22.379,23.642,0,-0.36541,22.963,1.9732
22.379,23.606,0,-0.34861,22.839,1.9324
22.379,23.571,0,-0.33173,22.718,1.8962
22.379,23.538,0,-0.31355,22.6,1.8688
22.379,23.507,0,-0.29906,22.486,1.834
22.379,23.477,0,-0.28477,22.375,1.8024
22.379,23.448,0,-0.26748,22.266,1.7843
22.379,23.421,0,-0.2503,22.161,1.7705
22.379,23.396,0,-0.23701,22.058,1.7484
22.379,23.373,0,-0.22233,21.957,1.7344
22.379,23.35,0,-0.2077,21.859,1.7243
22.667,23.33,0.31675,-0.19181,21.725,0.36961
22.667,23.311,0,-0.17777,21.66,0.99056
22.667,23.293,0,-0.16194,21.596,0.99219
22.667,23.277,0,-0.14649,21.534,0.9968
22.667,23.262,0,-0.13172,21.474,1.0035
22.667,23.249,0,-0.12169,21.415,1.0003
22.667,23.237,0,-0.11049,21.358,1.003
22.667,23.225,0,-0.098848,21.301,1.0099
22.667,23.216,0,-0.086078,21.246,1.0232
22.667,23.207,0,-0.074002,21.192,1.0379
22.667,23.2,0,-0.062109,21.138,1.0553
22.667,23.193,0,-0.051607,21.085,1.0718
22.667,23.188,0,-0.038433,21.033,1.0995
22.667,23.184,0,-0.030688,20.981,1.1139
22.667,23.181,0,-0.017852,20.929,1.1467
22.667,23.18,0,-0.0075259,20.878,1.1752
22.667,23.179,0,-2.0368e-05,20.827,1.1977
22.667,23.179,0,0.0037865,20.776,1.2101
22.667,23.179,0,0.0069762,20.724,1.2216
22.667,23.18,0,0.011923,20.673,1.2398
22.667,23.181,0,0.017588,20.622,1.2618
22.667,23.183,0,0.02326,20.57,1.2856
23.344,23.185,0.32528,0.027317,21.285,0
23.344,23.188,0,0.032098,21.301,0
23.344,23.191,0,0.03749,21.316,0
23.344,23.195,0,0.042912,21.331,0
23.344,23.199,0,0.049079,21.346,0
23.344,23.204,0,0.054527,21.36,0
23.344,23.209,0,0.057838,21.374,0
23.344,23.215,0,0.062845,21.387,0
23.344,23.222,0,0.066243,21.4,0
23.344,23.228,0,0.068576,21.412,0
23.344,23.235,0,0.072131,21.423,0
23.344,23.242,0,0.074542,21.434,0
23.344,23.25,0,0.077853,21.443,0
23.344,23.257,0,0.081993,21.452,0
23.344,23.266,0,0.086848,21.461,0.027127
23.344,23.274,0,0.090464,21.468,0.054568
23.344,23.283,0,0.093935,21.475,0.082755
23.344,23.293,0,0.09713,21.48,0.11134
23.344,23.303,0,0.10034,21.485,0.14095
23.344,23.313,0,0.10317,21.489,0.17066
23.344,23.323,0,0.10637,21.491,0.20223
23.344,23.334,0,0.10764,21.493,0.22982
23.974,23.344,0.22405,0.11109,22.253,0
23.974,23.355,0,0.11365,22.315,0
23.974,23.367,0,0.115,22.376,0
23.974,23.378,0,0.11794,22.436,0
23.974,23.39,0,0.11887,22.495,0
23.974,23.402,0,0.12111,22.553,0
23.974,23.414,0,0.1211,22.61,0
23.974,23.426,0,0.12001,22.665,0
23.974,23.438,0,0.11978,22.719,0
23.974,23.45,0,0.11961,22.772,0
23.974,23.462,0,0.12044,22.824,0
23.974,23.474,0,0.11917,22.874,0
24.137,23.486,0.073149,0.11731,23.039,0
24.137,23.498,0,0.11826,23.104,0
24.137,23.51,0,0.11579,23.167,0
24.137,23.521,0,0.11575,23.229,0
24.137,23.533,0,0.1163,23.29,0
24.137,23.544,0,0.11535,23.35,0
24.177,23.556,0.012827,0.11287,23.405,0
24.177,23.567,0,0.11028,23.466,0
24.176,23.578,0.033563,0.10911,23.539,0
24.176,23.589,0,0.10642,23.599,0
24.176,23.6,0,0.10645,23.657,0
24.176,23.61,0,0.10498,23.714,0
24.176,23.621,0,0.10193,23.77,0
24.174,23.631,0.00495,0.09979,23.815,0
24.174,23.641,0,0.099593,23.869,0
24.174,23.651,0,0.096511,23.922,0
24.174,23.661,0,0.095728,23.974,0
24.169,23.67,-0.0083885,0.092235,24.046,0
24.169,23.68,0,0.089509,24.095,0
24.169,23.688,0,0.086403,24.144,0
24.169,23.697,0,0.082724,24.192,0
24.169,23.705,0,0.080741,24.238,0
24.169,23.713,0,0.077148,24.284,0
24.169,23.721,0,0.074901,24.33,0
24.169,23.729,0,0.071463,24.374,0
24.169,23.736,0,0.07047,24.418,0
24.169,23.743,0,0.067785,24.461,0
24.169,23.75,0,0.064453,24.503,0
24.169,23.756,0,0.063535,24.545,0
24.169,23.762,0,0.062961,24.586,0
24.169,23.769,0,0.062043,24.626,0
24.169,23.775,0,0.058309,24.666,0
24.067,23.781,-0.14804,0.053567,24.614,0
24.056,23.786,-0.14589,0.050558,24.635,0
24.056,23.791,0,0.046362,24.661,0
24.056,23.796,0,0.042298,24.688,0
24.056,23.8,0,0.038437,24.713,0
23.987,23.804,-0.19465,0.03429,24.721,0.15783
23.987,23.807,0,0.028409,24.739,0
23.936,23.81,-0.27568,0.023607,24.757,0.52182
23.936,23.813,0,0.016837,24.769,0
23.936,23.814,0,0.0095981,24.781,0
23.936,23.815,0,0.0010932,24.793,0
23.936,23.815,0,-0.0081549,24.805,0
23.936,23.814,0,-0.016726,24.818,0
23.694,23.813,-0.44942,-0.02833,24.765,1.7486
23.694,23.81,0,-0.037407,24.754,0.16004
23.694,23.806,0,-0.049221,24.742,0.12671
23.694,23.801,0,-0.058886,24.731,0.096342
23.694,23.795,0,-0.068815,24.721,0.064244
23.694,23.789,0,-0.079962,24.711,0.028674
23.694,23.781,0,-0.090458,24.702,0
23.694,23.771,0,-0.09954,24.694,0
23.694,23.762,0,-0.1084,24.687,0
23.694,23.751,0,-0.11563,24.68,0
23.694,23.739,0,-0.12643,24.675,0
23.694,23.726,0,-0.13571,24.671,0
23.694,23.713,0,-0.14611,24.669,0
23.694,23.698,0,-0.1542,24.668,0
23.694,23.683,0,-0.16461,24.668,0
23.694,23.666,0,-0.1755,24.67,0
23.694,23.649,0,-0.18635,24.673,0
23.694,23.63,0,-0.19762,24.679,0
23.694,23.61,0,-0.207,24.686,0
22.706,23.59,-0.81861,-0.22286,23.789,5.9861
22.706,23.567,0,-0.24174,23.701,1.3345
22.706,23.543,0,-0.25924,23.616,1.2252
22.706,23.517,0,-0.28344,23.534,1.098
22.706,23.489,0,-0.30762,23.454,0.97174
22.706,23.458,0,-0.3369,23.378,0.83574
22.706,23.425,0,-0.36642,23.304,0.70307
22.706,23.388,0,-0.39672,23.234,0.57416
21.766,23.348,-1.1821,-0.42279,22.821,11.568
21.766,23.306,0,-0.44955,22.665,2.4283
21.766,23.261,0,-0.47142,22.513,2.2336
21.766,23.214,0,-0.48872,22.366,2.0557
21.766,23.165,0,-0.50857,22.224,1.8733
21.766,23.114,0,-0.52208,22.086,1.7122
21.766,23.062,0,-0.53677,21.954,1.5518
21.109,23.008,-0.81501,-0.5489,21.552,8.2445
21.109,22.953,0,-0.56282,21.365,2.8649
21.109,22.897,0,-0.58145,21.183,2.6442
21.109,22.839,0,-0.5973,21.007,2.4366
21.109,22.779,0,-0.61364,20.837,2.232
21.109,22.718,0,-0.63118,20.673,2.0293
21.109,22.655,0,-0.64893,20.515,1.8322
21.109,22.59,0,-0.66824,20.364,1.6387
21.109,22.523,0,-0.6943,20.219,1.4398
21.109,22.454,0,-0.73411,20.081,1.2294
20.027,22.38,-2.1281,-0.78075,19.469,29.315
20.027,22.302,0,-0.84051,19.237,3.0718
20.027,22.218,0,-0.90816,19.014,2.6473
20.027,22.127,0,-0.97602,18.799,2.2614
20.027,22.03,0,-1.0578,18.594,1.9002
20.027,21.924,0,-1.1612,18.399,1.5967
20.027,21.808,0,-1.2897,18.215,1.4309
20.027,21.679,0,-1.4474,18.044,1.5439
20.027,21.534,0,-1.6327,17.886,2.1615
20.027,21.371,0,-1.8285,17.743,3.5172
20.027,21.188,0,-2.0226,17.618,5.8404
20.027,20.986,0,-2.212,17.512,9.4458
20.027,20.764,0,-5.2691,17.427,0
20.027,20.238,0,-5.5624,17.379,0
20.027,19.681,0,-5.9249,17.386,0
20.027,19.089,0,-6.2702,17.45,0
20.027,18.462,0,-6.3117,17.575,0
13.084,17.831,-5.0673,-5.957,12.663,0
13.084,17.235,0,-5.5009,12.218,111.44
13.084,16.685,0,-5.1467,11.831,98.517
13.084,16.17,0,-4.9293,11.496,102.63
11.304,15.677,-3.9549,-4.8375,10.836,0
11.304,15.193,0,-4.8621,10.423,56.977
11.304,14.707,0,-4.9681,10.058,88.007
10.106,14.21,-4.1382,-5.0196,9.5591,0
10.106,13.709,0,-5.0385,9.1737,85.12
10.106,13.205,0,-5.0614,8.8386,122.55
8.8468,12.699,-4.209,-5.0957,8.3657,0
8.8468,12.189,0,-5.2,8.006,126.4
8.8468,11.669,0,-5.2,7.6978,186.25
8.8468,11.149,0,-5.2,7.4415,295.49
8.8468,10.629,0,-5.2,7.2373,523.57
6.7674,10.109,-3.4738,-5.2,6.5735,3.2231
6.7674,9.589,0,-5.2,6.2654,85.529
6.7674,9.069,0,-5.2,6.0092,84.463
6.7674,8.549,0,-5.2,5.8051,83.397
6.7674,8.029,0,-5.2,5.6529,82.331
6.7674,7.509,0,-5.2,5.5528,81.265
6.7674,6.989,0,-5.2,5.5046,80.199
6.7674,6.469,0,-5.2,5.5084,79.133
6.7674,5.949,0,-8.8,5.5643,70.503
6.7674,5.069,0,-8.8,5.6901,68.699
4.7638,4.189,-1.4094,-8.8,4.7485,0
4.6327,3.309,-1.2567,-8.8,4.8407,0
4.6327,2.429,0,-8.8,5.0171,1.5968
4.6327,1.549,0,-8.8,5.2815,0
4.6327,0.66896,0,-0.71314,5.6339,14.981
4.6327,0.59764,0,-0.62478,6.0338,15.021
4.6327,0.53517,0,-0.6028,6.4405,14.939
4.6327,0.47489,0,-0.61869,6.8532,14.782
4.6327,0.41302,0,-0.63437,7.2721,14.622
4.6327,0.34958,0,-0.66232,7.6973,14.433
4.6327,0.28335,0,-0.66761,8.1289,14.287
4.6327,0.21659,0,-0.63743,8.5672,14.213
4.6327,0.15284,0,-0.60925,9.012,14.142
4.6327,0.091919,0,-0.53471,9.463,14.173
4.6327,0.038448,0,-0.4023,9.9198,14.342
3.6484,0,-0.25868,-0.25868,9.5996,2.5458
3.6484,0,0,-0.080247,9.9657,5.1316
3.6484,0,0,0.1357,10.331,3.2319
3.6484,0.01357,0,0.3251,10.695,0.83716
3.6771,0.046079,0.50055,0.50055,11.038,2.2517
3.6771,0.096134,0,0.63581,11.399,0
3.6771,0.15972,0,0.71961,11.754,0
3.6771,0.23168,0,0.78247,12.102,0
3.6771,0.30992,0,0.81403,12.443,0
3.6771,0.39133,0,0.81502,12.775,0
3.6771,0.47283,0,0.8305,13.1,0
3.6771,0.55588,0,0.83887,13.416,0
4.246,0.63976,0.85436,0.85436,13.967,0.80154
4.246,0.7252,0,0.85095,14.324,0
4.246,0.81029,0,0.84783,14.671,0
4.5161,0.89508,0.80047,4.9,15.043,8.8271
4.5161,1.3851,0,4.9,15.38,20.602
4.5161,1.8751,0,4.9,15.669,23.512
4.5161,2.3651,0,4.9,15.909,26.474
4.5161,2.8551,0,4.9,16.099,29.485
4.5161,3.3451,0,4.9,16.241,32.54
4.5161,3.8351,0,2.6912,16.333,13.61
4.8062,4.1042,-0.067555,1.7343,16.537,6.5275
4.8062,4.2776,0,1.2107,16.599,3.3633
4.78,4.3987,-0.36282,0.84415,16.65,4.1874
4.78,4.4831,0,0.543,16.684,0.90054
4.78,4.5374,0,0.3128,16.711,0.25141
4.78,4.5687,0,0.10385,16.733,0
4.78,4.5791,0,-0.0021102,16.754,0
4.78,4.5789,0,-0.0068701,16.774,0
4.78,4.5782,0,-0.011422,16.794,0
4.3912,4.577,-0.42729,-0.014292,16.707,1.9245
4.3912,4.5756,0,-0.017501,16.688,0.35423
4.3912,4.5739,0,-0.020832,16.67,0.34219
4.2595,4.5718,-0.34773,-0.024204,16.616,1.9082
4.2595,4.5694,0,-0.026333,16.585,0.61813
4.2595,4.5667,0,-0.028808,16.555,0.60529
4.2595,4.5638,0,-0.030671,16.524,0.59357
4.2595,4.5608,0,-0.032093,16.494,0.58265
4.2595,4.5576,0,-0.034745,16.464,0.56818
4.2595,4.5541,0,-0.036637,16.434,0.55519
4.2595,4.5504,0,-0.038124,16.405,0.54287
4.0367,4.5466,-0.24088,-0.04055,16.301,1.9721
4.0367,4.5426,0,-0.041524,16.25,1.0514
4.0367,4.5384,0,-0.042911,16.2,1.0367
4.0367,4.5341,0,-0.044869,16.15,1.02
4.0367,4.5296,0,-0.046088,16.1,1.0051
4.0367,4.525,0,-0.047788,16.051,0.98844
4.0367,4.5202,0,-0.049648,16.003,0.97099
4.0367,4.5153,0,-0.050188,15.955,0.95707
3.883,4.5103,0.0061701,-0.051644,15.877,1.3113
3.883,4.5051,0,-0.051609,15.815,1.3184
3.883,4.4999,0,-0.050451,15.753,1.3087
3.883,4.4949,0,-0.04756,15.691,1.3049
3.883,4.4901,0,-0.042113,15.63,1.3103
4.0658,4.4859,0.83029,-0.035406,15.6,0
4.0658,4.4824,0,-0.028039,15.558,0.86966
4.0658,4.4796,0,-0.02003,15.517,0.88639
4.0658,4.4776,0,-0.012005,15.476,0.90536
4.0658,4.4764,0,-0.0023478,15.434,0.93151
4.0658,4.4761,0,0.15831,15.393,1.4747
4.0658,4.492,0,0.36039,15.352,2.357
4.0658,4.528,0,0.49675,15.307,3.1309
4.0658,4.5777,0,0.61063,15.258,3.9096
4.0658,4.6387,0,0.68673,15.204,4.5698
4.0658,4.7074,0,0.74589,15.143,5.1898
5.2018,4.782,0.8766,0.76723,15.7,0
5.2018,4.8587,0,0.77345,15.738,1.7417
5.2018,4.9361,0,0.7624,15.769,1.9464
5.2018,5.0123,0,0.75029,15.791,2.1446
5.2018,5.0873,0,0.74248,15.807,2.3621
5.2018,5.1616,0,0.75143,15.814,2.6642
5.2018,5.2367,0,0.74847,15.815,2.9143
5.2018,5.3116,0,0.75577,15.807,3.2213
5.2018,5.3872,0,0.74254,15.793,3.4256
5.2018,5.4614,0,0.73276,15.77,3.6456
6.0284,5.5347,0.74149,0.72526,16.161,0
6.0284,5.6072,0,0.71512,16.207,1.2296
6.0284,5.6787,0,0.69903,16.245,1.3845
6.2441,5.7486,0.64067,0.68838,16.298,0
6.2441,5.8175,0,0.66214,16.344,0.99019
6.2441,5.8837,0,0.6363,16.384,1.0846
6.2441,5.9473,0,0.63329,16.416,1.2668
6.2441,6.0106,0,0.62933,16.443,1.4469
6.2441,6.0736,0,0.61332,16.463,1.5754
6.2441,6.1349,0,0.59745,16.477,1.7001
6.2441,6.1946,0,0.5713,16.485,1.7746
6.2441,6.2518,0,0.55839,16.487,1.9001
6.2441,6.3076,0,0.53094,16.484,1.9564
6.7708,6.3607,0.26428,0.4934,16.765,0
6.7708,6.4101,0,0.4566,16.803,0.407
6.7708,6.4557,0,0.42054,16.837,0.40736
6.7708,6.4978,0,0.38104,16.866,0.38787
6.7708,6.5359,0,0.32973,16.892,0.32264
6.7708,6.5688,0,0.28596,16.914,0.2719
6.7708,6.5974,0,0.24619,16.932,0.22545
6.7708,6.6221,0,0.19163,16.948,0.1325
6.7708,6.6412,0,0.15819,16.962,0.088959
6.7708,6.657,0,0.12604,16.975,0.043926
6.7708,6.6696,0,0.11083,16.985,0.034853
6.7708,6.6807,0,0.089524,16.995,0.0085885
6.7708,6.6897,0,0.091182,17.003,0.031878
6.7708,6.6988,0,0.099809,17.011,0.072456
6.7708,6.7088,0,0.12345,17.018,0.15365
6.7708,6.7211,0,0.14858,17.023,0.24825
6.7708,6.736,0,0.17633,17.028,0.36093
6.7708,6.7536,0,0.22604,17.03,0.55371
6.7708,6.7762,0,0.25721,17.031,0.71266
6.7708,6.8019,0,0.28505,17.029,0.87616
6.7708,6.8304,0,0.31365,17.024,1.0571
6.7708,6.8618,0,0.35057,17.017,1.2857
6.7708,6.8969,0,0.38423,17.006,1.5229
6.7708,6.9353,0,0.40126,16.991,1.7101
6.7708,6.9754,0,0.42479,16.973,1.9358
7.4459,7.0179,0.67475,0.45082,17.362,0
7.4459,7.063,0,0.46716,17.402,0.38337
7.4459,7.1097,0,0.48597,17.438,0.57618
