20,20,0.75594,0,35.5,0
20,20,0,0.026656,35.5,0.057789
20,20.003,0,0.055845,35.5,0.13093
20,20.008,0,0.08139,35.499,0.20598
20.318,20.016,0.68472,0.10441,35.563,0
20.318,20.027,0,0.12268,35.592,0
20.318,20.039,0,0.14408,35.621,0
20.318,20.054,0,0.17149,35.648,0
20.318,20.071,0,0.19899,35.673,0
20.318,20.091,0,0.2301,35.697,0.052427
20.318,20.114,0,0.26045,35.719,0.19141
20.318,20.14,0,0.29159,35.738,0.34836
20.318,20.169,0,0.32043,35.754,0.51445
20.318,20.201,0,0.34783,35.768,0.69142
20.318,20.236,0,0.37262,35.777,0.8744
20.318,20.273,0,0.39716,35.784,1.0707
20.318,20.313,0,0.41938,35.786,1.2724
20.318,20.355,0,0.44165,35.785,1.4878
20.318,20.399,0,0.46438,35.779,1.719
20.318,20.445,0,0.48439,35.769,1.9528
20.318,20.494,0,0.50194,35.753,2.1883
20.318,20.544,0,0.52376,35.733,2.456
22.189,20.596,1.219,0.54871,37.287,0
22.189,20.651,0,0.57311,37.444,0
22.189,20.708,0,0.59318,37.595,0
22.189,20.768,0,0.61402,37.74,0
22.189,20.829,0,0.62994,37.879,0
22.189,20.892,0,0.65035,38.012,0
22.189,20.957,0,0.66779,38.138,0
22.189,21.024,0,0.68493,38.258,0
22.189,21.092,0,0.70485,38.371,0
22.189,21.163,0,0.72535,38.477,0
22.189,21.235,0,0.74049,38.576,0
23.526,21.309,1.1384,0.75766,39.416,0
23.526,21.385,0,0.77168,39.634,0
23.526,21.462,0,0.78434,39.844,0
23.526,21.541,0,0.79696,40.046,0
23.979,21.62,0.961,0.80332,40.335,0
23.979,21.701,0,0.80482,40.567,0
23.979,21.781,0,0.81055,40.791,0
23.979,21.862,0,0.81503,41.006,0
23.979,21.944,0,0.81643,41.214,0
23.979,22.025,0,0.82609,41.413,0
23.979,22.108,0,0.83947,41.605,0
23.979,22.192,0,0.85741,41.788,0
23.979,22.278,0,0.8741,41.962,0
23.979,22.365,0,0.89315,42.128,0
23.979,22.454,0,0.91194,42.285,0
23.979,22.546,0,0.92791,42.432,0
23.979,22.638,0,0.95003,42.571,0
23.979,22.733,0,0.97105,42.7,0
23.979,22.831,0,0.98787,42.82,0.14435
23.979,22.929,0,1.004,42.93,0.51053
23.979,23.03,0,1.0214,43.03,0.90277
23.979,23.132,0,1.0358,43.12,1.303
23.979,23.235,0,1.0456,43.199,1.6995
23.979,23.34,0,1.0537,43.268,2.1034
23.979,23.445,0,1.0657,43.327,2.5418
23.979,23.552,0,1.0779,43.375,2.9985
23.979,23.66,0,1.0824,43.412,3.4287
23.979,23.768,0,1.0921,43.439,3.9009
27.201,23.877,1.3385,1.102,47.138,0.50048
27.201,23.987,0,1.1071,47.465,0
27.201,24.098,0,1.1164,47.781,0
27.201,24.21,0,1.1197,48.086,0
27.201,24.322,0,1.1258,48.379,0
27.201,24.434,0,1.1318,48.662,0
27.201,24.548,0,1.1379,48.933,0
27.201,24.661,0,1.1438,49.192,0
27.201,24.776,0,1.1456,49.441,0
27.201,24.89,0,1.1475,49.677,0
27.201,25.005,0,1.1501,49.903,0
27.201,25.12,0,1.1477,50.117,0
27.201,25.235,0,1.1499,50.319,0
27.201,25.35,0,1.146,50.51,0
27.201,25.464,0,1.1437,50.689,0
27.201,25.579,0,1.134,50.857,0
27.201,25.692,0,1.1256,51.014,0
27.201,25.805,0,1.1198,51.159,0
27.201,25.917,0,1.1147,51.293,0.25226
27.201,26.028,0,1.108,51.416,0.57235
29.557,26.139,0.72164,1.1005,54.065,0
29.63,26.249,0.46284,1.0869,54.397,0
29.63,26.358,0,1.0671,54.729,0
29.63,26.464,0,1.0373,55.051,0
29.63,26.568,0,1.0049,55.363,0
29.63,26.669,0,0.97925,55.664,0
29.63,26.767,0,0.95092,55.955,0
29.63,26.862,0,0.92496,56.236,0
29.63,26.954,0,0.89732,56.509,0
29.63,27.044,0,4.8,56.772,22.826
29.63,27.524,0,0.69556,57.006,0
29.63,27.593,0,0.66573,57.213,0
29.63,27.66,0,0.63553,57.414,0
29.63,27.724,0,4.8,57.608,26.927
29.63,28.204,0,0.43097,57.774,0
29.63,28.247,0,0.40763,57.915,0
29.63,28.287,0,0.38232,58.051,0
29.63,28.326,0,0.35347,58.183,0
29.63,28.361,0,0.32905,58.312,0
29.63,28.394,0,0.30227,58.437,0
29.63,28.424,0,0.27713,58.559,0
29.63,28.452,0,0.25077,58.678,0
29.63,28.477,0,4.8,58.795,31.58
29.63,28.957,0,0.065246,58.886,0
29.63,28.963,0,0.046956,58.953,0
29.63,28.968,0,0.026107,59.02,0
29.63,28.971,0,0.0042676,59.086,0
29.63,28.971,0,-0.0051163,59.151,0
29.63,28.971,0,-0.010586,59.217,0
29.63,28.97,0,-0.016435,59.283,0
29.63,28.968,0,-0.022833,59.349,0
29.63,28.966,0,-0.029799,59.416,0
28.437,28.963,-1.2244,-0.03729,58.699,9.7978
28.437,28.959,0,-0.046148,58.646,1.0778
28.437,28.954,0,-0.055309,58.594,1.0382
28.437,28.949,0,-0.065522,58.543,0.99368
28.437,28.942,0,-0.076533,58.492,0.94513
27.707,28.935,-1.7852,-0.088145,58.246,22.448
27.707,28.926,0,-0.10024,58.124,2.8463
27.707,28.916,0,-0.11481,58.002,2.7541
27.707,28.904,0,-0.1295,57.882,2.6584
27.707,28.891,0,-0.14661,57.763,2.5501
27.707,28.877,0,-0.16358,57.645,2.4395
27.707,28.86,0,-0.18196,57.529,2.3209
27.707,28.842,0,-0.20191,57.414,2.1941
25.846,28.822,-2.8292,-0.22298,56.603,64.101
25.846,28.8,0,-0.24462,56.307,8.417
25.846,28.775,0,-0.26614,56.013,8.1784
25.846,28.749,0,-0.28888,55.721,7.9264
25.846,28.72,0,-0.31159,55.432,7.6688
25.846,28.689,0,-0.33473,55.146,7.4032
25.846,28.655,0,-0.35702,54.864,7.1376
25.846,28.619,0,-0.38038,54.585,6.8615
25.846,28.581,0,-0.40269,54.309,6.5872
25.846,28.541,0,-0.42588,54.038,6.3045
25.846,28.498,0,-0.44894,53.77,6.0195
25.846,28.454,0,-0.47403,53.507,5.7214
25.846,28.406,0,-0.49933,53.249,5.4203
25.846,28.356,0,-0.52638,52.995,5.1093
25.846,28.304,0,-0.55445,52.747,4.7932
25.846,28.248,0,-0.58423,52.504,4.47
21.593,28.19,-2.6556,-0.61591,48.826,80.609
21.593,28.128,0,-0.64897,48.169,22.6
21.593,28.063,0,-0.68152,47.519,21.96
21.593,27.995,0,-0.7155,46.875,21.296
21.593,27.924,0,-0.75053,46.238,20.613
21.593,27.848,0,-0.78888,45.609,19.889
21.593,27.77,0,-0.8273,44.987,19.155
21.593,27.687,0,-0.86966,44.374,18.377
21.593,27.6,0,-0.91262,43.769,17.585
21.593,27.509,0,-0.95825,43.173,16.763
21.593,27.413,0,-1.0057,42.586,15.919
21.593,27.312,0,-1.0544,42.009,15.06
21.593,27.207,0,-1.1055,41.442,14.179
21.593,27.096,0,-1.1595,40.886,13.276
21.593,26.98,0,-1.217,40.342,12.35
17.77,26.859,-2.391,-1.2776,36.913,82.003
17.77,26.731,0,-1.3425,36.011,29.632
17.77,26.597,0,-1.4115,35.121,28.216
17.77,26.455,0,-1.4796,34.246,26.791
17.77,26.307,0,-1.5516,33.385,25.318
17.77,26.152,0,-1.6279,32.539,23.796
17.77,25.99,0,-1.7069,31.709,22.245
17.77,25.819,0,-1.7879,30.895,20.674
17.77,25.64,0,-1.8708,30.099,19.092
17.77,25.453,0,-1.9563,29.322,17.502
17.77,25.257,0,-2.0458,28.563,15.902
17.77,25.053,0,-2.1352,27.825,14.335
17.77,24.839,0,-2.2173,27.107,12.861
17.77,24.618,0,-2.2943,26.411,11.472
15.388,24.388,0.048593,-2.3636,23.727,20.241
15.388,24.152,0,-2.4211,22.839,19.097
15.388,23.91,0,-2.4779,21.975,17.502
15.388,23.662,0,-2.5277,21.135,15.994
15.388,23.409,0,-2.5711,20.32,14.572
15.388,23.152,0,-2.606,19.531,13.252
15.388,22.891,0,-2.6386,18.767,11.999
15.388,22.627,0,-2.66,18.03,10.867
15.388,22.361,0,-2.6748,17.32,9.8286
15.388,22.094,0,-2.6726,16.636,8.9326
15.388,21.827,0,-2.6634,15.978,8.1244
15.388,21.56,0,-2.9,15.348,6.5902
15.388,21.27,0,-2.9,14.745,5.9678
15.388,20.98,0,-2.9,14.171,5.4482
15.388,20.69,0,-2.9,13.627,5.0413
15.388,20.4,0,-2.9,13.111,4.7583
15.388,20.11,0,-2.9,12.624,4.612
15.388,19.82,0,-2.9,12.166,4.6167
15.388,19.53,0,-2.9,11.738,4.7892
15.388,19.24,0,-2.9,11.338,5.1486
15.388,18.95,0,-2.9,10.967,5.7171
15.388,18.66,0,-2.9,10.625,6.5207
15.388,18.37,0,-2.9,10.313,7.5896
16.099,18.08,0.67072,-4.4,10.912,103.23
16.099,17.64,0,-4.4,10.736,140.01
16.099,17.2,0,-4.4,10.604,197.17
16.099,16.76,0,-4.4,10.515,293.97
16.099,16.32,0,-4.4,10.471,488.2
16.099,15.88,0,-4.4,10.471,1056.1
16.099,15.44,0,-4.4,10.515,21274
16.099,15,0,-4.4,10.603,0
16.099,14.56,0,-4.4,10.735,0
16.099,14.12,0,-4.4,10.91,0
16.099,13.68,0,-4.4,11.13,0
16.099,13.24,0,0.8768,11.394,0
16.099,13.328,0,0.885,11.676,0
16.099,13.417,0,0.8904,11.948,0
16.099,13.506,0,0.89494,12.212,0
16.099,13.595,0,0.89765,12.467,0
16.099,13.685,0,0.89969,12.713,0
16.099,13.775,0,0.9027,12.95,0
16.099,13.865,0,0.90506,13.178,0
16.099,13.956,0,0.90532,13.396,0
16.099,14.046,0,0.90607,13.606,0
16.099,14.137,0,0.9052,13.807,0
16.099,14.227,0,0.9048,13.999,0
16.099,14.318,0,0.90285,14.181,0
16.099,14.408,0,0.90111,14.355,0
16.099,14.498,0,0.89961,14.519,0
17.604,14.588,0.61027,0.89567,16.527,0
17.604,14.678,0,0.89085,16.824,0
17.604,14.767,0,0.88431,17.112,0
17.604,14.855,0,0.87851,17.391,0
17.604,14.943,0,0.87051,17.662,0
17.604,15.03,0,0.85443,17.924,0
17.604,15.116,0,0.84119,18.177,0
17.604,15.2,0,0.82434,18.421,0
17.604,15.282,0,0.8024,18.658,0
17.604,15.362,0,0.78056,18.886,0
17.604,15.44,0,0.75349,19.106,0
17.604,15.516,0,0.72347,19.319,0
17.604,15.588,0,0.69788,19.524,0
17.604,15.658,0,0.67142,19.722,0
17.604,15.725,0,0.64787,19.913,0
17.604,15.79,0,0.62216,20.098,0
17.604,15.852,0,0.60302,20.276,0
17.604,15.912,0,0.58578,20.448,0
17.604,15.971,0,0.57266,20.614,0
17.604,16.028,0,0.56931,20.775,0
17.604,16.085,0,0.56888,20.93,0
17.604,16.142,0,0.57437,21.079,0
17.604,16.199,0,0.58201,21.222,0
17.604,16.258,0,0.59259,21.36,0
17.604,16.317,0,0.60438,21.491,0
17.604,16.377,0,0.61994,21.617,0
17.604,16.439,0,0.63148,21.736,0
17.604,16.502,0,0.64037,21.85,0
17.604,16.566,0,0.64589,21.957,0
17.604,16.631,0,0.64926,22.057,0
17.604,16.696,0,0.64878,22.151,0
17.604,16.761,0,0.64384,22.239,0
17.604,16.825,0,0.64172,22.32,0
18.85,16.889,0.31885,0.63172,23.841,0
18.85,16.953,0,0.61972,24.034,0
18.85,17.015,0,0.60614,24.221,0
18.85,17.075,0,0.59037,24.401,0
18.85,17.134,0,0.57287,24.576,0
18.85,17.192,0,0.55589,24.745,0
18.85,17.247,0,0.54388,24.908,0
18.85,17.302,0,0.52748,25.065,0
18.85,17.354,0,0.51055,25.218,0
18.918,17.405,-0.16306,0.4903,25.394,0
18.918,17.454,0,0.46691,25.543,0
18.866,17.501,-0.42326,0.44281,25.684,0
18.866,17.545,0,0.41183,25.818,0
18.866,17.586,0,0.37937,25.948,0
18.866,17.624,0,0.34812,26.074,0
18.866,17.659,0,0.31875,26.197,0
18.866,17.691,0,0.28531,26.316,0
18.866,17.72,0,0.25451,26.432,0
18.866,17.745,0,0.23081,26.545,0
18.866,17.768,0,0.2038,26.656,0
18.866,17.789,0,0.17998,26.765,0
18.28,17.807,-0.54548,0.1539,26.599,1.1181
18.28,17.822,0,0.13113,26.646,0
18.28,17.835,0,0.11235,26.691,0
18.28,17.846,0,0.09833,26.735,0
18.28,17.856,0,0.090741,26.778,0
18.28,17.865,0,0.093448,26.82,0
18.28,17.875,0,0.10026,26.861,0
18.28,17.885,0,0.1193,26.901,0
18.343,17.897,0.96839,0.14524,26.858,0
18.343,17.911,0,0.17435,26.902,0
18.343,17.928,0,0.20043,26.945,0
18.647,17.949,0.86358,0.2275,27.037,0
18.647,17.971,0,0.2503,27.105,0
18.821,17.996,0.76114,0.26843,27.174,0
18.903,18.023,0.7621,0.28644,27.262,0
18.903,18.052,0,0.29981,27.349,0
18.903,18.082,0,0.31577,27.432,0
18.903,18.113,0,0.3299,27.513,0
18.903,18.146,0,0.34044,27.59,0
18.903,18.18,0,0.35186,27.664,0
18.903,18.216,0,0.35581,27.734,0
18.903,18.251,0,0.36038,27.801,0
19.391,18.287,0.29306,0.36052,28.092,0
19.391,18.323,0,0.35885,28.2,0
19.391,18.359,0,0.35442,28.305,0
19.391,18.395,0,0.34545,28.407,0
19.391,18.429,0,0.33883,28.505,0
19.474,18.463,0.25717,0.33053,28.634,0
19.474,18.496,0,0.3308,28.734,0
19.474,18.529,0,0.33137,28.83,0
19.585,18.562,0.48035,0.33435,28.938,0
19.64,18.596,0.49212,0.34155,29.038,0
19.64,18.63,0,0.34731,29.141,0
19.64,18.665,0,0.35399,29.24,0
19.64,18.7,0,0.35797,29.336,0
19.64,18.736,0,0.3599,29.428,0
19.64,18.772,0,0.36207,29.517,0
19.64,18.808,0,0.36312,29.602,0
19.64,18.844,0,0.36749,29.683,0
19.64,18.881,0,0.37659,29.761,0
19.64,18.919,0,0.38344,29.835,0
19.64,18.957,0,0.38945,29.905,0
19.64,18.996,0,0.39104,29.972,0
19.64,19.035,0,0.3882,30.034,0
19.64,19.074,0,0.38233,30.093,0
19.64,19.112,0,0.36887,30.147,0
19.64,19.149,0,0.34442,30.198,0
19.64,19.183,0,0.3203,30.246,0
19.64,19.215,0,0.28979,30.29,0
19.64,19.244,0,0.26169,30.331,0
19.64,19.271,0,0.22915,30.369,0
19.64,19.294,0,0.18637,30.405,0
19.64,19.312,0,0.11756,30.439,0
19.64,19.324,0,0.030301,30.471,0
19.64,19.327,0,-0.032941,30.502,0
19.64,19.324,0,-0.086769,30.534,0
19.64,19.315,0,-0.14819,30.566,0
17.678,19.3,-5.3819,-0.21442,30.865,407.29
17.137,19.279,-5.263,-0.28563,30.671,334.53
17.137,19.25,0,-0.35689,30.459,4.582
17.137,19.214,0,-0.42929,30.249,4.1204
17.137,19.172,0,-0.50153,30.044,3.6658
17.137,19.121,0,-0.57121,29.843,3.2325
17.137,19.064,0,-0.63156,29.647,2.848
17.137,19.001,0,-0.68408,29.458,2.5051
17.137,18.933,0,-0.72556,29.275,2.211
17.137,18.86,0,-0.75636,29.099,1.96
17.137,18.785,0,-0.782,28.93,1.7347
17.137,18.706,0,-0.80013,28.769,1.5382
17.137,18.626,0,-0.81213,28.616,1.3648
17.137,18.545,0,-0.82184,28.472,1.2063
17.137,18.463,0,-0.82729,28.335,1.0645
17.137,18.38,0,-0.82642,28.207,0.93931
17.137,18.298,0,-0.82378,28.086,0.82447
13.913,18.215,0.50506,-0.81948,23.813,7.1499
13.913,18.133,0,-0.81225,23.387,10.04
13.913,18.052,0,-0.80682,22.969,9.7345
13.913,17.971,0,-0.79833,22.559,9.4535
13.913,17.891,0,-0.78924,22.157,9.1821
13.913,17.813,0,-0.78113,21.763,8.9107
14.231,17.734,0.65834,-0.76889,21.475,4.336
14.231,17.658,0,-0.75191,21.128,7.2274
14.231,17.582,0,-0.73029,20.79,7.0653
14.231,17.509,0,-0.69756,20.458,6.9742
14.679,17.44,2.0437,-0.65634,20.236,3.0904
14.679,17.374,0,-0.60398,19.963,5.362
14.679,17.314,0,-0.54326,19.697,5.4583
14.679,17.259,0,-0.47619,19.436,5.6127
14.679,17.212,0,-0.40782,19.18,5.8038
14.679,17.171,0,-0.34207,18.929,6.0121
14.679,17.137,0,-0.28117,18.681,6.2243
14.679,17.108,0,-0.22628,18.437,6.431
14.679,17.086,0,-0.18076,18.195,6.6087
14.679,17.068,0,-0.14195,17.955,6.7677
14.679,17.054,0,-0.10776,17.717,6.9168
14.679,17.043,0,-0.077303,17.48,7.0588
14.679,17.035,0,-0.051495,17.244,7.1861
14.679,17.03,0,-0.022447,17.009,7.3454
14.679,17.028,0,0.0056922,16.774,7.5128
14.679,17.028,0,0.036332,16.539,7.7097
14.679,17.032,0,0.063401,16.304,7.8987
14.679,17.038,0,0.08909,16.068,8.0923
17.479,17.047,1.0304,0.11084,18.79,0
17.479,17.058,0,0.13563,18.833,0
17.479,17.072,0,0.15764,18.874,0
17.479,17.088,0,0.18024,18.914,0
17.479,17.106,0,0.2033,18.952,0
17.479,17.126,0,0.22649,18.989,0
17.479,17.149,0,0.2513,19.023,0
18.248,17.174,1.4243,0.27891,19.299,1.3131
18.248,17.202,0,0.31196,19.405,0
18.248,17.233,0,0.34222,19.508,0
18.248,17.267,0,0.37671,19.608,0
18.248,17.305,0,0.40911,19.704,0
18.248,17.346,0,0.44658,19.796,0
18.248,17.39,0,0.48254,19.884,0
18.248,17.438,0,0.51705,19.967,0
18.248,17.49,0,0.55742,20.046,0
18.248,17.546,0,0.59528,20.119,0
18.248,17.605,0,0.63186,20.186,0.24974
18.248,17.669,0,0.6677,20.247,0.56068
18.248,17.735,0,0.70501,20.302,0.90613
18.248,17.806,0,0.74311,20.349,1.2855
18.248,17.88,0,0.78086,20.39,1.695
18.248,17.958,0,0.81353,20.423,2.1119
18.248,18.04,0,0.84787,20.448,2.5657
18.248,18.124,0,0.87814,20.464,3.0281
18.248,18.212,0,0.90931,20.472,3.5228
18.248,18.303,0,0.93896,20.471,4.0371
18.248,18.397,0,0.96725,20.461,4.5708
22.015,18.494,1.727,0.99098,24.278,4.6094
22.191,18.593,1.7018,1.017,24.641,4.488
22.191,18.695,0,1.0412,24.996,0
22.191,18.799,0,1.0653,25.341,0
22.191,18.905,0,1.0881,25.675,0
22.191,19.014,0,1.1085,25.998,0
22.191,19.125,0,1.1251,26.31,0
22.191,19.237,0,1.1417,26.611,0
22.191,19.352,0,1.1586,26.901,0
22.191,19.467,0,1.1722,27.179,0
22.191,19.585,0,1.1845,27.445,0
22.191,19.703,0,1.1953,27.7,0
22.191,19.823,0,1.2077,27.943,0
22.191,19.943,0,1.2215,28.174,0
22.191,20.066,0,1.2303,28.392,0
24.386,20.189,1.4513,1.2389,30.2,2.9603
24.386,20.313,0,1.2455,30.613,0
24.386,20.437,0,1.2557,31.014,0
24.386,20.563,0,1.2612,31.403,0
24.386,20.689,0,1.2697,31.779,0
24.386,20.816,0,1.2737,32.142,0
25.213,20.943,1.106,1.2749,32.771,0.70501
25.329,21.071,0.96327,1.2733,33.198,0
25.329,21.198,0,1.2642,33.618,0
25.329,21.324,0,1.2511,34.024,0
25.329,21.449,0,1.2352,34.419,0
25.329,21.573,0,1.2196,34.8,0
25.699,21.695,0.70099,1.2028,35.249,0
25.699,21.815,0,1.1902,35.644,0
25.699,21.934,0,1.178,36.026,0
25.921,22.052,0.69569,1.165,36.438,0
25.921,22.169,0,1.1507,36.819,0
25.921,22.284,0,1.1388,37.189,0
25.921,22.397,0,1.1207,37.547,0
25.921,22.51,0,1.0997,37.894,0
25.921,22.62,0,1.0732,38.23,0
25.921,22.727,0,1.0407,38.554,0
25.921,22.831,0,1.0041,38.869,0
25.921,22.931,0,0.96171,39.173,0
25.921,23.027,0,0.91674,39.467,0
25.921,23.119,0,0.86421,39.752,0
25.893,23.206,-0.94169,0.81062,40.186,0
25.893,23.287,0,0.75656,40.451,0
25.893,23.362,0,0.70262,40.708,0
25.893,23.433,0,0.6523,40.957,0
25.893,23.498,0,0.61185,41.2,0
25.893,23.559,0,0.58273,41.436,0
25.893,23.617,0,0.56448,41.667,0
25.893,23.674,0,0.55383,41.892,0
25.893,23.729,0,0.55214,42.111,0
25.893,23.784,0,0.56049,42.324,0
