17.222,17.222,0.50267,0,35.5,0
17.222,17.222,0,0.024876,35.5,0.05382
17.222,17.225,0,0.042939,35.5,0.10019
17.222,17.229,0,0.060652,35.499,0.15151
17.222,17.235,0,0.071342,35.498,0.19116
17.433,17.242,0.3667,0.084851,35.55,0
17.433,17.251,0,0.098013,35.568,0
17.433,17.26,0,0.11325,35.586,0
17.433,17.272,0,0.1238,35.603,0
17.572,17.284,0.13834,0.12772,35.649,0
17.572,17.297,0,0.1296,35.677,0
17.572,17.31,0,0.12513,35.704,0
17.572,17.322,0,0.11353,35.73,0
17.572,17.334,0,0.097107,35.754,0
17.572,17.344,0,0.074198,35.778,0
17.572,17.351,0,0.054578,35.8,0
17.572,17.356,0,0.033425,35.822,0
17.572,17.36,0,0.016524,35.843,0
17.572,17.361,0,-0.00045952,35.865,0
17.316,17.361,-0.49662,-0.0042078,35.796,1.852
17.26,17.361,-0.54088,-0.0093292,35.794,2.2489
17.26,17.36,0,-0.014955,35.784,0.1767
17.26,17.358,0,-0.020659,35.774,0.16067
17.26,17.356,0,-0.025422,35.765,0.14572
17.019,17.354,-0.59052,-0.031018,35.71,3.2769
17.019,17.351,0,-0.035693,35.676,0.64407
17.019,17.347,0,-0.041667,35.643,0.61963
17.019,17.343,0,-0.0458,35.611,0.59895
16.793,17.338,-0.54242,-0.05088,35.52,3.662
16.793,17.333,0,-0.055804,35.466,1.0934
16.793,17.328,0,-0.060136,35.412,1.0661
16.793,17.322,0,-0.063719,35.359,1.0401
16.793,17.315,0,-0.064395,35.307,1.0222
16.793,17.309,0,-0.064904,35.255,1.0046
16.793,17.302,0,-0.063234,35.204,0.99352
16.793,17.296,0,-0.060863,35.153,0.98492
16.793,17.29,0,-0.059084,35.103,0.97514
16.793,17.284,0,-0.056808,35.054,0.96728
16.793,17.278,0,-0.054999,35.005,0.9586
16.793,17.273,0,-0.052546,34.957,0.95228
16.793,17.268,0,-0.050709,34.909,0.94474
16.793,17.263,0,-0.049366,34.862,0.9362
16.793,17.258,0,-0.045709,34.815,0.93484
16.793,17.253,0,-0.043277,34.769,0.93075
16.793,17.249,0,-0.040299,34.723,0.92889
16.793,17.245,0,-0.038639,34.678,0.92385
16.793,17.241,0,-0.03707,34.633,0.91895
16.793,17.237,0,-0.03501,34.589,0.9159
16.894,17.234,0.18955,-0.0332,34.406,0.23586
16.894,17.23,0,-0.03149,34.372,0.66623
16.894,17.227,0,-0.029944,34.339,0.66303
16.894,17.224,0,-0.028175,34.305,0.66081
16.894,17.221,0,-0.025822,34.273,0.66061
16.894,17.219,0,-0.024432,34.24,0.65832
16.894,17.216,0,-0.022426,34.208,0.65805
16.894,17.214,0,-0.01897,34.176,0.66227
17.035,17.212,0.23702,-0.017441,34.206,0
17.035,17.211,0,-0.015838,34.188,0.33788
17.035,17.209,0,-0.013391,34.171,0.34035
17.035,17.208,0,-0.012271,34.154,0.34012
17.035,17.206,0,-0.012436,34.136,0.33699
17.035,17.205,0,-0.012723,34.119,0.33353
17.035,17.204,0,-0.014847,34.102,0.32553
17.035,17.202,0,-0.017905,34.086,0.31484
17.035,17.201,0,-0.022819,34.069,0.29911
17.035,17.198,0,-0.027402,34.053,0.28325
17.035,17.196,0,-0.032724,34.037,0.26484
17.035,17.192,0,-0.038658,34.021,0.24411
17.035,17.188,0,-0.04368,34.005,0.22444
17.035,17.184,0,-0.048867,33.99,0.20359
17.035,17.179,0,-0.055177,33.975,0.17947
17.035,17.174,0,-0.059986,33.961,0.15763
17.035,17.168,0,-0.065465,33.948,0.13368
17.035,17.161,0,-0.071648,33.935,0.10754
17.035,17.154,0,-0.077673,33.923,0.080914
17.035,17.146,0,-0.083337,33.911,0.054267
17.035,17.138,0,-0.088204,33.901,0.028491
17.035,17.129,0,-0.094395,33.891,0
17.035,17.12,0,-0.10093,33.882,0
17.035,17.109,0,-0.10717,33.874,0
17.035,17.099,0,-0.11297,33.867,0
17.035,17.087,0,-0.11934,33.861,0
17.035,17.076,0,-0.12568,33.857,0
17.035,17.063,0,-0.13107,33.853,0
17.035,17.05,0,-0.13506,33.851,0
17.035,17.036,0,-0.13766,33.85,0
17.035,17.023,0,-0.13693,33.851,0
17.035,17.009,0,-0.13375,33.853,0
17.035,16.996,0,-0.12953,33.856,0
17.035,16.983,0,-0.12351,33.861,0
17.035,16.97,0,-0.11567,33.867,0
17.035,16.959,0,-0.10742,33.874,0
17.035,16.948,0,-0.098307,33.882,0
17.035,16.938,0,-0.088584,33.891,0
17.035,16.929,0,-0.078204,33.901,0
16.296,16.921,0.73878,-0.069844,31.366,0.1276
16.296,16.914,0,-0.061681,31.304,1.2765
16.296,16.908,0,-0.053496,31.243,1.2869
16.296,16.903,0,-0.044289,31.182,1.303
16.296,16.898,0,-0.036012,31.121,1.3185
16.296,16.895,0,-0.025642,31.061,1.3434
16.296,16.892,0,-0.015618,31.001,1.3703
16.296,16.891,0,-0.0059964,30.942,1.3987
16.296,16.89,0,0.0053057,30.882,1.4359
16.296,16.891,0,0.033966,30.823,1.5383
16.296,16.894,0,0.061184,30.763,1.6468
16.296,16.9,0,0.085873,30.703,1.757
16.296,16.909,0,0.10992,30.642,1.875
16.296,16.92,0,0.12886,30.58,1.9827
16.296,16.933,0,0.14188,30.517,2.0741
16.296,16.947,0,0.15715,30.453,2.1804
16.296,16.963,0,0.16966,30.387,2.2815
16.296,16.98,0,0.18321,30.32,2.3925
16.296,16.998,0,0.19272,30.25,2.4919
16.296,17.017,0,0.20186,30.179,2.5938
16.296,17.037,0,0.21546,30.106,2.7202
16.296,17.059,0,0.2245,30.031,2.8319
16.296,17.081,0,0.23094,29.953,2.9358
16.296,17.104,0,0.24123,29.874,3.0612
16.296,17.129,0,0.24739,29.792,3.1718
16.296,17.153,0,0.25386,29.707,3.287
16.296,17.179,0,0.262,29.62,3.4139
16.296,17.205,0,0.26946,29.53,3.5416
16.296,17.232,0,0.27373,29.438,3.6571
16.296,17.259,0,0.2829,29.343,3.8003
16.296,17.287,0,0.28646,29.246,3.9191
16.296,17.316,0,0.28856,29.145,4.0326
16.296,17.345,0,0.28383,29.041,4.1114
16.296,17.373,0,0.26588,28.935,4.1188
16.296,17.4,0,0.24292,28.826,4.0935
16.296,17.424,0,0.21999,28.714,4.0606
16.296,17.446,0,0.19869,28.601,4.0283
17.892,17.466,-0.40575,0.17104,32.55,0.71069
17.892,17.483,0,0.14595,32.592,0
17.892,17.498,0,0.12459,32.632,0
17.892,17.51,0,0.097228,32.671,0
17.892,17.52,0,0.0741,32.708,0
17.892,17.527,0,0.04598,32.745,0
17.892,17.532,0,0.022374,32.781,0
17.892,17.534,0,0.0020971,32.817,0
17.892,17.534,0,-0.0060201,32.853,0
17.892,17.534,0,-0.011402,32.889,0
17.892,17.533,0,-0.017553,32.924,0
17.892,17.531,0,-0.024411,32.96,0
17.892,17.528,0,-0.030238,32.997,0
17.892,17.525,0,-0.033706,33.033,0
17.198,17.522,-0.13719,-0.035375,32.562,1.0491
17.198,17.519,0,-0.036485,32.53,0.61682
17.198,17.515,0,-0.037341,32.498,0.60602
17.198,17.511,0,-0.037221,32.467,0.59766
17.198,17.507,0,-0.03733,32.435,0.58872
17.198,17.504,0,-0.037956,32.405,0.57842
17.198,17.5,0,-0.035877,32.374,0.57513
17.198,17.496,0,-0.034112,32.344,0.57149
17.198,17.493,0,-0.030065,32.314,0.5743
17.198,17.49,0,-0.025569,32.285,0.57929
17.198,17.487,0,-0.020982,32.256,0.58561
17.198,17.485,0,-0.015932,32.227,0.59431
17.198,17.484,0,-0.010634,32.198,0.60495
17.198,17.483,0,-0.0036919,32.17,0.62146
17.198,17.482,0,0.015145,32.141,0.67327
17.198,17.484,0,0.036306,32.113,0.73813
17.198,17.487,0,0.060255,32.084,0.81895
17.198,17.493,0,0.083799,32.055,0.90759
17.198,17.502,0,0.107,32.025,1.0044
17.198,17.512,0,0.13436,31.994,1.1248
17.929,17.526,0.80344,0.16057,32.387,0
17.929,17.542,0,0.18541,32.426,0
17.929,17.561,0,0.20728,32.464,0
17.929,17.581,0,0.22938,32.5,0
17.929,17.604,0,0.25109,32.534,0
18.306,17.629,0.80822,0.26851,32.647,0
18.306,17.656,0,0.2897,32.713,0
18.306,17.685,0,0.30935,32.777,0
18.306,17.716,0,0.32929,32.837,0
18.306,17.749,0,0.34828,32.895,0
18.306,17.784,0,0.36197,32.949,0
18.306,17.82,0,0.37872,32.999,0
18.306,17.858,0,0.38974,33.046,0
18.925,17.897,0.67263,0.40549,33.351,0
18.925,17.937,0,0.4148,33.452,0
18.925,17.979,0,0.42322,33.549,0
18.925,18.021,0,0.43103,33.641,0
18.925,18.064,0,0.43643,33.73,0
18.925,18.108,0,0.43899,33.813,0
18.925,18.152,0,0.43927,33.893,0
18.925,18.196,0,0.4288,33.968,0
18.925,18.239,0,0.41897,34.039,0
18.925,18.281,0,0.40055,34.105,0
18.925,18.321,0,0.38199,34.168,0
18.925,18.359,0,0.36129,34.226,0
18.925,18.395,0,0.3371,34.281,0
18.925,18.429,0,0.3073,34.333,0
19.176,18.459,-0.45089,0.2782,34.722,0.46108
19.176,18.487,0,0.24951,34.792,0
19.176,18.512,0,0.22278,34.86,0
19.176,18.534,0,0.19625,34.925,0
19.176,18.554,0,0.16782,34.988,0
19.176,18.571,0,0.14408,35.05,0
19.176,18.585,0,0.12156,35.109,0
19.176,18.597,0,0.10142,35.168,0
19.176,18.608,0,0.087341,35.225,0
19.176,18.616,0,0.070227,35.282,0
19.176,18.623,0,0.062811,35.337,0
19.176,18.63,0,0.057373,35.392,0
19.176,18.635,0,0.050843,35.447,0
19.176,18.64,0,0.042859,35.501,0
19.176,18.645,0,0.03969,35.554,0
19.176,18.649,0,0.037192,35.607,0
19.176,18.652,0,0.028914,35.659,0
19.176,18.655,0,0.019124,35.712,0
19.176,18.657,0,0.01288,35.764,0
19.176,18.658,0,0.0042362,35.815,0
19.176,18.659,0,0.00039311,35.867,0
19.176,18.659,0,-0.00052257,35.919,0
19.176,18.659,0,-0.00201,35.971,0
19.176,18.659,0,-0.0050215,36.022,0
19.176,18.658,0,-0.0078615,36.074,0
18.543,18.657,-0.3738,-0.011738,35.15,1.4587
18.543,18.656,0,-0.016109,35.139,0.20159
18.543,18.655,0,-0.021196,35.128,0.18654
18.543,18.652,0,-0.025915,35.117,0.17141
18.358,18.65,-0.46737,-0.030117,35.052,2.4107
18.358,18.647,0,-0.034395,35.023,0.54743
18.358,18.643,0,-0.039012,34.995,0.52751
18.219,18.64,-0.53578,-0.043558,34.948,3.1902
18.219,18.635,0,-0.04774,34.906,0.8105
18.219,18.63,0,-0.053102,34.865,0.78385
18.219,18.625,0,-0.058818,34.824,0.75523
18.219,18.619,0,-0.063944,34.784,0.72719
18.219,18.613,0,-0.0705,34.744,0.69439
18.219,18.606,0,-0.077665,34.705,0.65891
18.219,18.598,0,-0.084598,34.667,0.62291
17.725,18.59,-0.66168,-0.091609,34.423,5.5491
17.725,18.58,0,-0.097989,34.337,1.787
17.725,18.571,0,-0.10386,34.252,1.7393
17.725,18.56,0,-0.11011,34.168,1.6892
17.725,18.549,0,-0.11698,34.085,1.6357
17.725,18.537,0,-0.12332,34.003,1.5829
17.725,18.525,0,-0.12892,33.923,1.5315
17.725,18.512,0,-0.13553,33.843,1.4758
17.725,18.499,0,-0.143,33.765,1.4165
17.725,18.484,0,-0.15017,33.689,1.357
17.725,18.469,0,-0.15815,33.614,1.2941
17.725,18.454,0,-0.16654,33.54,1.2291
17.725,18.437,0,-0.17399,33.468,1.1659
17.725,18.42,0,-0.18382,33.398,1.0952
17.725,18.401,0,-0.19237,33.329,1.0272
17.725,18.382,0,-0.20061,33.263,0.95951
16.561,18.362,-0.8071,-0.20916,32.303,10.394
16.561,18.341,0,-0.21844,32.124,4.1231
16.561,18.319,0,-0.22757,31.947,4.0063
16.561,18.296,0,-0.23626,31.772,3.89
16.561,18.273,0,-0.24574,31.6,3.7685
16.561,18.248,0,-0.25354,31.43,3.6531
16.561,18.223,0,-0.26274,31.263,3.5304
16.561,18.196,0,-0.27065,31.098,3.4121
16.561,18.169,0,-0.27782,30.936,3.2961
16.561,18.142,0,-0.28619,30.776,3.1744
16.561,18.113,0,-0.29795,30.62,3.038
16.561,18.083,0,-0.31243,30.466,2.8897
16.561,18.052,0,-0.33077,30.315,2.7254
16.561,18.019,0,-0.35277,30.168,2.5468
16.561,17.984,0,-0.37893,30.024,2.3532
16.561,17.946,0,-0.40636,29.884,2.1561
16.561,17.905,0,-0.43784,29.747,1.9484
14.484,17.861,-2.6394,-0.47444,28.274,56.701
14.484,17.814,0,-0.51401,27.939,8.2606
14.484,17.762,0,-0.55572,27.608,7.8
14.484,17.707,0,-0.59969,27.283,7.3223
14.484,17.647,0,-0.64518,26.964,6.8341
14.484,17.582,0,-0.69074,26.651,6.3458
14.484,17.513,0,-0.73882,26.345,5.847
14.484,17.439,0,-0.78936,26.045,5.3419
14.484,17.361,0,-0.84335,25.754,4.8306
14.484,17.276,0,-0.90243,25.47,4.3127
14.484,17.186,0,-0.96459,25.196,3.8049
14.484,17.089,0,-1.0361,24.93,3.2966
14.484,16.986,0,-1.1142,24.675,2.8156
14.484,16.874,0,-1.2015,24.43,2.379
14.484,16.754,0,-1.2972,24.197,2.0229
14.484,16.625,0,-1.4023,23.977,1.791
14.484,16.484,0,-1.5192,23.77,1.7484
14.484,16.332,0,-1.645,23.577,1.9829
8.9645,16.168,-3.6759,-1.7797,18.813,116.31
8.5973,15.99,-3.5472,-1.9251,18.092,108.46
8.5973,15.797,0,-2.0818,17.362,14.343
8.5973,15.589,0,-2.2464,16.652,12.353
8.5973,15.365,0,-2.4265,15.964,10.4
8.5973,15.122,0,-2.6143,15.3,8.6087
8.5973,14.861,0,-2.823,14.66,7.0373
8.5973,14.578,0,-3.039,14.048,5.9133
6.3759,14.274,-2.7486,-3.2771,12.665,56.935
6.3759,13.947,0,-5.2961,11.892,14.176
6.3759,13.417,0,-5.2633,11.161,17.094
5.5582,12.891,-2.6008,-5.1977,10.352,20.305
5.5582,12.371,0,-5.0892,9.6447,15.797
5.5582,11.862,0,-5.2,8.9889,22.627
5.5582,11.342,0,-5.2,8.3845,29.564
5.5582,10.822,0,-5.2,7.8322,39.164
5.5582,10.302,0,-5.2,7.3318,42.122
5.5582,9.782,0,-5.2,6.8834,41.056
5.5582,9.262,0,-5.2,6.487,39.99
5.5582,8.742,0,-5.2,6.1426,38.924
5.5582,8.222,0,-5.2,5.8502,37.858
5.5582,7.702,0,-5.2,5.6098,36.792
5.5582,7.182,0,-5.2245,5.4215,35.675
5.5582,6.6596,0,-5.6927,5.2852,33.62
5.5582,6.0903,0,-8.8,5.2035,25.924
5.5582,5.2103,0,-8.8,5.1943,24.12
5.5582,4.3303,0,-8.8,5.2731,22.316
5.5582,3.4503,0,-8.8,5.4399,20.512
5.5582,2.5703,0,-8.8,5.6947,18.708
5.5582,1.6903,0,-8.8,6.0375,16.904
5.5582,0.8103,0,-8.8,6.4683,15.1
5.5582,0,0,-8.8,6.987,13.439
5.5582,0,0,-8.8,7.5869,13.439
5.5582,0,0,-8.8,8.1867,13.439
5.5582,0,0,-8.8,8.7865,13.439
5.5582,0,0,-8.8,9.3863,13.439
5.5582,0,0,-8.8,9.9861,13.439
5.5582,0,0,-8.8,10.586,13.439
5.5582,0,0,-8.8,11.186,13.439
5.5582,0,0,-8.8,11.786,13.439
5.5582,0,0,-8.8,12.385,13.439
5.5582,0,0,-8.8,12.985,13.439
5.5582,0,0,-8.8,13.585,13.439
5.5582,0,0,-8.8,14.185,13.439
5.5582,0,0,-8.8,14.785,13.439
5.5582,0,0,-8.8,15.384,13.439
5.5582,0,0,-8.8,15.984,13.439
5.5582,0,0,-8.8,16.584,13.439
1.0832,0,1.2154,-8.8,3.3774,0
1.0832,0,0,-8.8,3.5297,0
1.0832,0,0,-8.8,3.6821,0
1.0832,0,0,-8.8,3.8344,0
1.0832,0,0,-8.8,3.9867,0
1.0832,0,0,-8.8,4.139,0
1.9394,0,1.5991,-8.8,4.5365,0
1.9394,0,0,-8.8,4.7744,0
1.9394,0,0,1.5995,5.0123,0.33009
1.9394,0.15995,0,1.5985,5.1983,0.8748
1.9394,0.3198,0,1.5476,5.3682,1.1772
1.9394,0.47456,0,1.2429,5.5225,0.24102
1.9394,0.59885,0,0.83565,5.6627,0
1.9394,0.68242,0,0.39533,5.7926,0
1.9394,0.72195,0,-0.046084,5.9163,0
2.9758,0.71734,-0.42413,-0.42413,6.6047,0
2.9758,0.67493,0,-0.50643,6.8326,1.8712
2.8861,0.62428,-0.45033,-0.45033,7.0497,0
2.8861,0.57925,0,-0.39336,7.2781,1.5475
2.8861,0.53992,0,-0.35122,7.5108,1.5554
2.8861,0.50479,0,-0.32438,7.7472,1.5398
2.8861,0.47236,0,-0.37939,7.9869,1.3577
2.8861,0.43442,0,-0.4544,8.2302,1.1223
2.8861,0.38898,0,-0.46678,8.4776,1.0031
2.8861,0.3423,0,-0.46046,8.7297,0.92071
2.8861,0.29625,0,-0.50509,8.9864,0.73254
2.8861,0.24574,0,-0.5025,9.2479,0.63445
2.4313,0.19549,-0.46847,-0.46847,9.3019,0
2.4313,0.14865,0,-0.46643,9.5278,0
2.4313,0.102,0,-0.48604,9.7584,0
2.4313,0.053399,0,-0.46434,9.9938,0
2.4313,0.0069649,0,-0.44803,10.234,0
2.4313,0,0,-0.47725,10.479,0
2.4313,0,0,-0.5238,10.724,0
2.4313,0,0,-0.53035,10.97,0
2.4313,0,0,-0.54324,11.216,0
1.966,0,-0.57154,-0.57154,11.258,0
1.966,0,0,-0.58763,11.458,0
1.966,0,0,-0.5542,11.657,0
1.966,0,0,-0.53789,11.857,0
1.966,0,0,-0.51147,12.056,0
1.966,0,0,-0.48971,12.255,0
1.966,0,0,-0.49736,12.454,0
1.966,0,0,-0.52559,12.653,0
1.966,0,0,-0.60855,12.853,0
1.966,0,0,-0.74151,13.052,0
1.966,0,0,-0.88654,13.253,0
1.966,0,0,-1.0262,13.454,0
1.966,0,0,-1.1833,13.655,0
1.966,0,0,-1.3665,13.858,0
1.966,0,0,-1.5909,14.061,0
0.82442,0,-1.8538,-1.8538,13.564,0
0.82442,0,0,-2.1222,13.656,0
0.82442,0,0,-2.3924,13.749,0
0.82442,0,0,-2.6029,13.843,0
0.82442,0,0,-2.7218,13.938,0
-0.32494,0,-2.7504,-2.7504,13.757,1.1111
-0.32494,0,0,-2.7253,13.738,0
-0.32494,0,0,-2.7018,13.719,0
-0.32494,0,0,-2.6668,13.7,0
-0.32494,0,0,-2.6914,13.681,0
-0.32494,0,0,-2.7789,13.662,0
-0.32494,0,0,-2.9173,13.643,0
-2.2679,0,-3.0255,-3.0255,12.935,5.0943
-2.2679,0,0,-3.0337,12.723,0
-2.2679,0,0,-2.9043,12.511,0
-2.2679,0,0,-2.6288,12.299,0
-2.2679,0,0,-2.2862,12.086,0.29052
-2.2679,0,0,-1.9554,11.87,0.98556
-2.2679,0,0,-1.7171,11.653,1.4862
-2.2679,0,0,-1.5645,11.435,1.8069
-2.2679,0,0,-1.5235,11.216,1.893
-4.3334,0,-1.5297,-1.5297,9.9164,9.3284
-4.3334,0,0,-1.5438,9.4907,6.0845
-4.3334,0,0,-1.3922,9.0651,6.4031
-4.3334,0,0,-1.1735,8.6387,6.8627
-4.3334,0,0,-0.92299,8.2113,7.389
-4.3334,0,0,-0.68132,7.7825,7.8968
-4.3334,0,0,-0.47665,7.3526,8.3268
-4.3334,0,0,-0.40267,6.9217,8.4823
-4.3334,0,0,-0.28476,6.4903,8.7301
-4.3334,0,0,-0.085667,6.0584,9.1484
-4.3334,0,0,0.16041,5.6255,9.6655
-4.3334,0.016041,0,-8.8,5.1914,0
-4.3334,0,0,-8.8,4.8004,0
-4.3334,0,0,-8.8,4.4111,0
-4.3334,0,0,-8.8,4.0218,0
-4.3334,0,0,-8.8,3.6324,0
-4.3334,0,0,-8.8,3.2431,0
-4.3334,0,0,-8.8,2.8538,0
-4.3334,0,0,-9.0486,2.4644,0
-4.3334,0,0,-13.504,2.0763,0
-4.3334,0,0,-26.022,1.7105,0
-4.3334,0,0,-116.07,1.4073,0
-4.3334,0,0,-65.528,1.5543,0
