14.722,14.722,0.96166,0,35.5,0
14.722,14.722,0,0.055836,35.5,0.12508
14.722,14.728,0,0.11402,35.5,0.28453
14.722,14.739,0,0.17157,35.499,0.47379
14.722,14.756,0,0.22305,35.496,0.67639
14.722,14.779,0,0.28126,35.492,0.93209
14.722,14.807,0,0.32604,35.484,1.1737
14.722,14.839,0,0.37717,35.474,1.4678
15.612,14.877,1.1876,0.42018,35.812,0
15.612,14.919,0,0.45923,35.883,0
15.612,14.965,0,0.50117,35.95,0
15.612,15.015,0,0.53412,36.013,0.041098
15.612,15.069,0,0.56969,36.07,0.30348
15.612,15.126,0,0.60484,36.121,0.59029
15.612,15.186,0,0.63661,36.167,0.89001
15.612,15.25,0,0.6669,36.206,1.2078
15.612,15.316,0,0.68661,36.239,1.5024
15.612,15.385,0,0.71405,36.265,1.8492
15.612,15.456,0,0.73231,36.284,2.1738
16.895,15.53,1.1115,0.74833,36.998,0
17.01,15.605,1.1344,0.76649,37.135,0
17.01,15.681,0,0.78595,37.271,0
17.01,15.76,0,0.80207,37.4,0
17.01,15.84,0,0.81909,37.521,0
17.01,15.922,0,0.82943,37.634,0
17.01,16.005,0,0.84053,37.739,0
17.01,16.089,0,0.84342,37.835,0.24619
17.01,16.173,0,0.84486,37.923,0.50069
17.01,16.258,0,0.85284,38.002,0.79021
17.01,16.343,0,0.85923,38.073,1.0843
17.01,16.429,0,0.87454,38.136,1.4298
17.01,16.516,0,0.88319,38.189,1.7602
17.01,16.605,0,0.88947,38.234,2.0908
17.01,16.694,0,0.89955,38.27,2.4512
17.01,16.784,0,0.90523,38.297,2.8013
17.01,16.874,0,0.91411,38.315,3.1787
17.01,16.966,0,0.92369,38.324,3.572
17.01,17.058,0,0.92937,38.324,3.9552
17.01,17.151,0,0.93755,38.315,4.3629
17.01,17.245,0,0.94147,38.296,4.7561
19.239,17.339,0.84885,0.93893,40.487,0
19.333,17.433,0.71376,0.93461,40.684,0
19.333,17.526,0,0.91534,40.869,0
19.333,17.618,0,0.89157,41.045,0
19.333,17.707,0,0.85791,41.213,0
19.333,17.793,0,0.82268,41.371,0
19.333,17.875,0,0.78945,41.521,0
19.333,17.954,0,0.75605,41.663,0
19.333,18.029,0,0.7258,41.797,0
19.333,18.102,0,0.69393,41.924,0
19.333,18.171,0,0.66127,42.043,0
19.333,18.237,0,0.63307,42.156,0
19.333,18.301,0,0.61153,42.263,0
19.333,18.362,0,0.58735,42.363,0
19.333,18.421,0,0.5691,42.457,0
19.333,18.478,0,0.55842,42.545,0
19.333,18.533,0,0.55784,42.628,0
19.333,18.589,0,0.55519,42.705,0
19.333,18.645,0,0.5608,42.777,0
19.333,18.701,0,0.56148,42.843,0.036437
19.98,18.757,0.69308,0.56381,43.4,0
19.98,18.813,0,0.56871,43.52,0
20.116,18.87,0.71589,0.57141,43.642,0
20.185,18.927,0.72267,0.57534,43.77,0
20.25,18.985,0.71419,0.57734,43.901,0
20.25,19.043,0,0.57916,44.024,0
20.25,19.101,0,0.5854,44.142,0
20.25,19.159,0,0.59026,44.254,0
20.25,19.218,0,0.59661,44.36,0
20.25,19.278,0,0.60024,44.46,0
20.25,19.338,0,0.60407,44.555,0
20.25,19.398,0,0.60468,44.643,0
20.25,19.459,0,0.6125,44.725,0
20.903,19.52,0.71888,0.61701,45.083,0
20.976,19.582,0.72679,0.62061,45.226,0
20.976,19.644,0,0.62252,45.363,0
20.976,19.706,0,0.62922,45.493,0
20.976,19.769,0,0.62821,45.617,0
20.976,19.832,0,0.62295,45.734,0
21.293,19.894,0.42632,0.61434,45.915,0
21.293,19.955,0,0.60431,46.052,0
21.293,20.016,0,0.58827,46.183,0
21.293,20.075,0,0.57714,46.307,0
21.293,20.132,0,0.56657,46.426,0
21.293,20.189,0,0.56468,46.54,0
21.293,20.246,0,0.56594,46.647,0
21.293,20.302,0,0.56932,46.749,0
21.293,20.359,0,0.56781,46.845,0
21.293,20.416,0,0.56687,46.936,0
21.293,20.472,0,0.57341,47.021,0
21.293,20.53,0,0.57535,47.1,0
21.293,20.587,0,0.58484,47.173,0
21.293,20.646,0,0.59438,47.241,0.10813
21.293,20.705,0,0.5967,47.302,0.27728
22.181,20.765,0.72354,0.60158,47.91,0
22.181,20.825,0,0.60857,48.049,0
22.181,20.886,0,0.61269,48.182,0
22.181,20.947,0,0.61765,48.308,0
22.181,21.009,0,0.62381,48.428,0
22.181,21.071,0,0.62646,48.543,0
22.181,21.134,0,4.8,48.65,32.239
22.181,21.614,0,0.4465,48.731,0
22.181,21.659,0,0.45587,48.786,0
22.181,21.704,0,0.46623,48.836,0.1322
22.181,21.751,0,0.47579,48.881,0.28546
22.181,21.798,0,0.48617,48.922,0.44864
22.181,21.847,0,0.49633,48.958,0.61864
22.181,21.897,0,0.50073,48.989,0.77469
22.181,21.947,0,0.50504,49.015,0.93497
22.181,21.997,0,0.50914,49.036,1.099
23.323,22.048,0.48,4.8,49.986,24.013
23.323,22.528,0,0.3228,50.09,0
23.323,22.56,0,0.3245,50.168,0
23.323,22.593,0,0.32635,50.242,0
23.462,22.626,0.29358,0.32154,50.329,0
23.462,22.658,0,0.3212,50.412,0
23.462,22.69,0,0.32064,50.49,0
23.462,22.722,0,0.32316,50.566,0
23.462,22.754,0,0.32475,50.638,0
23.462,22.787,0,0.32662,50.707,0
23.462,22.819,0,0.32987,50.773,0
23.462,22.852,0,0.33469,50.836,0
23.462,22.886,0,0.33848,50.895,0
23.462,22.92,0,0.34321,50.951,0
23.462,22.954,0,0.34522,51.004,0
23.462,22.989,0,4.8,51.053,35.863
23.929,23.469,0.2569,0.16944,51.341,0
23.929,23.485,0,0.16933,51.386,0
23.929,23.502,0,0.16978,51.429,0
23.963,23.519,-0.18182,0.16307,51.475,0
23.963,23.536,0,0.15367,51.519,0
23.963,23.551,0,0.14187,51.561,0
23.963,23.565,0,0.12681,51.601,0
23.963,23.578,0,0.1195,51.64,0
23.963,23.59,0,0.11933,51.678,0
23.963,23.602,0,0.11909,51.715,0
23.963,23.614,0,0.1216,51.75,0
23.963,23.626,0,0.12459,51.785,0
23.963,23.638,0,0.1212,51.818,0
23.963,23.65,0,0.11674,51.85,0
23.963,23.662,0,0.10747,51.88,0
23.94,23.673,-0.22794,0.098009,51.879,0.23697
23.94,23.683,0,0.086867,51.905,0
23.94,23.691,0,0.074245,51.931,0
23.94,23.699,0,0.058421,51.955,0
23.94,23.705,0,0.04255,51.979,0
23.94,23.709,0,0.023861,52.002,0
23.94,23.711,0,0.0078062,52.025,0
23.94,23.712,0,-0.001346,52.048,0
23.94,23.712,0,-0.0049336,52.071,0
23.94,23.711,0,-0.0089171,52.094,0
23.94,23.711,0,-0.013206,52.117,0
23.461,23.709,-0.80045,-0.017324,51.953,4.4687
23.461,23.707,0,-0.022604,51.928,0.48044
23.461,23.705,0,-0.02919,51.904,0.45845
23.461,23.702,0,-0.037446,51.88,0.43108
23.461,23.699,0,-0.048401,51.856,0.39575
23.461,23.694,0,-0.060316,51.832,0.35655
23.461,23.688,0,-0.073871,51.809,0.31204
23.461,23.68,0,-0.089222,51.787,0.26208
23.461,23.671,0,-0.10532,51.766,0.20922
23.461,23.661,0,-0.12134,51.745,0.15541
23.461,23.649,0,-0.13834,51.726,0.098945
23.461,23.635,0,-0.1545,51.708,0.043508
21.277,23.619,-2.0199,-0.17024,50.62,34.613
21.277,23.602,0,-0.18505,50.386,6.2697
21.277,23.584,0,-0.19864,50.155,6.1214
21.277,23.564,0,-0.21011,49.925,5.9814
21.277,23.543,0,-0.22115,49.697,5.8409
21.277,23.521,0,-0.23314,49.472,5.6924
20.294,23.498,-1.5572,-0.24483,48.931,29.739
20.294,23.473,0,-0.25772,48.612,9.2824
20.294,23.447,0,-0.27018,48.296,9.0899
20.294,23.42,0,-0.2827,47.982,8.8933
20.294,23.392,0,-0.29399,47.67,8.701
19.598,23.363,-0.84162,-0.30356,47.188,20.839
19.598,23.332,0,-0.31213,46.814,11.35
19.598,23.301,0,-0.3196,46.442,11.156
19.598,23.269,0,-0.32556,46.073,10.97
19.323,23.237,-0.63081,-0.33155,45.633,18.647
19.323,23.203,0,-0.33917,45.243,11.818
19.323,23.169,0,-0.34592,44.857,11.614
19.323,23.135,0,-0.35236,44.474,11.411
19.323,23.1,0,-0.35957,44.095,11.201
19.323,23.064,0,-0.36579,43.719,10.996
19.323,23.027,0,-0.37328,43.347,10.781
19.323,22.99,0,-0.37965,42.978,10.571
19.323,22.952,0,-0.3876,42.613,10.349
19.323,22.913,0,-0.39434,42.252,10.134
19.323,22.874,0,-0.40172,41.895,9.9125
19.323,22.833,0,-0.40833,41.542,9.6951
19.323,22.793,0,-0.41639,41.193,9.467
19.323,22.751,0,-0.4233,40.848,9.2448
19.323,22.709,0,-0.43161,40.508,9.0126
19.323,22.666,0,-0.43871,40.171,8.7868
19.323,22.622,0,-0.44801,39.839,8.5462
19.323,22.577,0,-0.45728,39.512,8.3043
19.323,22.531,0,-0.46527,39.189,8.0693
19.323,22.485,0,-0.47428,38.87,7.8273
18.182,22.437,-0.56915,-0.48301,37.355,18.382
18.182,22.389,0,-0.49267,36.932,12.196
18.182,22.34,0,-0.50243,36.514,11.901
18.182,22.289,0,-0.51176,36.1,11.607
17.932,22.238,-0.62508,-0.5228,35.653,18.98
17.867,22.186,-0.61137,-0.53349,35.226,18.78
17.867,22.133,0,-0.54385,34.796,12.09
17.867,22.078,0,-0.55324,34.373,11.776
17.867,22.023,0,-0.56381,33.954,11.453
17.867,21.966,0,-0.57378,33.542,11.132
17.867,21.909,0,-0.58423,33.134,10.806
17.867,21.851,0,-0.59472,32.733,10.479
17.867,21.791,0,-0.60774,32.338,10.135
17.867,21.73,0,-0.61795,31.948,9.8073
17.867,21.669,0,-0.62963,31.565,9.4701
17.867,21.606,0,-0.6397,31.188,9.1427
17.867,21.542,0,-0.6462,30.818,8.8379
17.867,21.477,0,-0.65217,30.453,8.5375
17.867,21.412,0,-0.65553,30.096,8.2544
17.867,21.346,0,-0.6579,29.745,7.9793
17.256,21.28,-0.0077889,-0.66234,28.805,10.259
17.256,21.214,0,-0.66552,28.406,9.895
17.256,21.148,0,-0.66642,28.014,9.608
17.256,21.081,0,-0.66735,27.628,9.3232
17.256,21.014,0,-0.66549,27.249,9.0587
17.297,20.948,0.23827,-0.66292,26.862,7.1175
17.297,20.881,0,-0.65885,26.5,8.3938
17.297,20.816,0,-0.65467,26.145,8.1556
17.297,20.75,0,-0.6489,25.797,7.9306
17.297,20.685,0,-0.64288,25.455,7.7113
17.297,20.621,0,-0.63642,25.119,7.4988
17.435,20.557,0.27289,-0.63105,24.866,5.2834
17.435,20.494,0,-0.6223,24.557,6.5734
17.435,20.432,0,-0.61232,24.254,6.3979
17.435,20.371,0,-0.6032,23.957,6.2226
17.435,20.31,0,-0.59654,23.667,6.039
17.435,20.251,0,-0.58967,23.382,5.8604
17.435,20.192,0,-0.58282,23.103,5.6857
17.435,20.134,0,-0.57495,22.831,5.5202
17.435,20.076,0,-0.5658,22.564,5.3653
17.435,20.019,0,-0.55413,22.302,5.2273
17.435,19.964,0,-0.54481,22.047,5.0826
17.435,19.91,0,-0.53327,21.797,4.9528
17.435,19.856,0,-0.52671,21.552,4.8038
17.435,19.804,0,-0.52242,21.312,4.6474
17.435,19.751,0,-0.51892,21.078,4.4903
17.435,19.699,0,-0.51962,20.849,4.3168
17.435,19.647,0,-0.51991,20.625,4.1474
17.435,19.595,0,-0.5204,20.407,3.9793
17.435,19.543,0,-0.52125,20.193,3.812
17.435,19.491,0,-0.52245,19.985,3.6454
17.435,19.439,0,-0.52658,19.782,3.4693
17.435,19.386,0,-0.53133,19.584,3.2927
17.435,19.333,0,-0.53568,19.392,3.12
17.435,19.28,0,-0.54212,19.204,2.9419
17.435,19.225,0,-0.54808,19.023,2.768
17.435,19.171,0,-0.55549,18.846,2.5919
17.435,19.115,0,-0.56156,18.676,2.4231
17.435,19.059,0,-0.56773,18.51,2.2571
17.435,19.002,0,-0.57604,18.351,2.0882
17.435,18.945,0,-0.58313,18.197,1.9265
17.435,18.886,0,-0.58953,18.049,1.7707
17.435,18.827,0,-0.59505,17.907,1.6213
17.435,18.768,0,-0.59984,17.771,1.4781
17.435,18.708,0,-0.60414,17.64,1.3404
17.435,18.647,0,-0.60355,17.516,1.2175
17.435,18.587,0,-0.59963,17.398,1.1053
17.435,18.527,0,-0.59403,17.286,1.0001
17.435,18.468,0,-0.5887,17.179,0.89843
17.435,18.409,0,-0.58024,17.079,0.80553
17.435,18.351,0,-0.57469,16.985,0.71211
17.435,18.293,0,-0.56892,16.896,0.62274
17.435,18.236,0,-0.57018,16.813,0.52885
17.435,18.179,0,-0.57432,16.736,0.43675
17.435,18.122,0,-0.57918,16.664,0.34939
17.435,18.064,0,-0.58672,16.598,0.26628
17.435,18.005,0,-0.59604,16.538,0.18942
17.435,17.946,0,-0.60534,16.484,0.12051
17.435,17.885,0,-0.61226,16.436,0.05971
17.435,17.824,0,-0.62243,16.394,0.0083343
17.435,17.762,0,-0.63261,16.358,0
16.117,17.699,-0.59621,-0.64232,14.769,4.5728
16.117,17.634,0,-0.65342,14.615,1.7562
16.117,17.569,0,-0.66315,14.466,1.5883
16.117,17.503,0,-0.66826,14.324,1.4367
16.117,17.436,0,-0.6696,14.189,1.2985
16.117,17.369,0,-0.6759,14.06,1.1571
15.757,17.301,-0.68329,-0.68342,13.813,4.7499
15.757,17.233,0,-0.69477,13.662,1.5671
15.757,17.163,0,-4.4,13.518,154.87
15.757,16.723,0,-4.4,13.399,221.24
15.757,16.283,0,-0.39953,13.324,0.29243
15.757,16.244,0,-0.44479,13.274,0.1759
15.757,16.199,0,-4.4,13.227,371.63
15.757,15.759,0,-0.36462,13.205,0
15.757,15.723,0,-4.4,13.207,724.64
15.757,15.283,0,-0.29839,13.232,0
15.757,15.253,0,-0.36329,13.281,0
15.757,15.216,0,-0.42305,13.333,0
15.757,15.174,0,-4.4,13.39,5300
15.757,14.734,0,-0.33986,13.47,0
15.757,14.7,0,-0.39047,13.574,0
15.757,14.661,0,-4.4,13.682,0
15.757,14.221,0,-0.27073,13.813,0
15.757,14.194,0,-0.29342,13.968,0
13.481,14.165,-0.47509,-4.4,12.066,517.16
13.481,13.725,0,-0.12833,12.019,0.23007
13.385,13.712,-0.42942,-0.14226,11.987,1.8127
13.385,13.698,0,-0.15872,11.955,0.30783
13.269,13.682,-1.4154,-0.18136,11.904,10.188
13.269,13.664,0,-0.23956,11.864,0.31191
13.269,13.64,0,-4.4,11.825,403.75
13.269,13.2,0,-0.31735,11.81,0
11.921,13.168,-6.7918,-0.54652,11.618,26.804
11.921,13.113,0,-7.7114,11.496,0
11.921,12.342,0,-0.79238,11.416,0.1884
11.921,12.263,0,-8.5084,11.378,0
8.8769,11.412,-8.1065,-1.0744,10.799,25.88
8.8769,11.305,0,-8.37,10.551,541.33
8.8769,10.468,0,-8.0268,10.35,540.33
8.8769,9.6649,0,-1.291,10.231,1.4626
8.8769,9.5358,0,-7.3246,10.159,539.9
5.1549,8.8033,-6.1532,-6.879,9.1703,5.9543
4.535,8.1154,-5.6573,-6.3852,8.8068,5.8105
4.535,7.4769,0,-5.8356,8.4807,16.902
3.4676,6.8934,-4.4459,-5.2,8.1119,5.4383
3.4676,6.3734,0,-5.2,7.7953,6.2402
3.4676,5.8534,0,-8.8,7.5307,0
3.4676,4.9734,0,-8.8,7.3361,0
3.4676,4.0934,0,-8.8,7.2296,0
3.4676,3.2134,0,-0.3236,7.211,0
1.6397,3.181,-1.7823,-0.37091,6.5952,7.4197
1.6397,3.1439,0,-8.8,6.4429,0
1.6397,2.2639,0,-0.17374,6.3365,0.95644
1.6397,2.2465,0,-0.20282,6.2749,0.83929
1.6397,2.2263,0,-8.8,6.2153,0
1.6397,1.3463,0,-0.048523,6.2006,0
1.6397,1.3414,0,-0.059639,6.2302,0
1.6397,1.3354,0,-0.069677,6.2603,0
1.6397,1.3285,0,-0.079753,6.2911,0
1.6397,1.3205,0,-0.089327,6.3226,0
1.6397,1.3116,0,-0.10009,6.355,0
1.6397,1.3016,0,-8.8,6.3883,0
1.6397,0.42156,0,-0.93142,6.4661,0
1.6397,0.32842,0,-0.95374,6.5926,0
0.11541,0.23304,-0.97583,-0.97583,5.5154,0.24116
0.11541,0.13546,0,-0.99703,5.5085,0
0.11541,0.035759,0,-1.014,5.5115,0
0.11541,0,0,-0.98802,5.5245,0
0.11541,0,0,-0.86859,5.541,0
0.11541,0,0,-0.71989,5.5569,0
0.11541,0,0,-0.57793,5.572,0
0.11541,0,0,-0.42431,5.5865,0
0.11541,0,0,-0.32539,5.6001,0
0.11541,0,0,-0.30626,5.6133,0
0.11541,0,0,-0.30115,5.6264,0
0.11541,0,0,-0.30611,5.6394,0
0.11541,0,0,-0.30656,5.6525,0
0.11541,0,0,-0.30641,5.6656,0
0.11541,0,0,-8.8,5.6786,0
0.11541,0,0,-8.8,5.7342,0
0.11541,0,0,-8.8,5.7897,0
0.11541,0,0,-8.8,5.8453,0
0.11541,0,0,-8.8,5.9008,0
0.11541,0,0,-8.8,5.9563,0
0.11541,0,0,-8.8,6.0119,0
0.11541,0,0,-8.8,6.0674,0
0.11541,0,0,-8.8,6.123,0
-0.60865,0,0.51527,-8.8,4.671,0
-0.60865,0,0,-8.8,4.6541,0
-0.60865,0,0,-8.8,4.6372,0
-0.60865,0,0,-8.8,4.6204,0
-0.60865,0,0,-8.8,4.6035,0
-0.60865,0,0,-8.8,4.5866,0
-0.60865,0,0,-8.8,4.5698,0
-0.60865,0,0,-8.8,4.5529,0
-0.60865,0,0,-8.8,4.536,0
-0.60865,0,0,-8.8,4.5192,0
-0.60865,0,0,-8.8,4.5023,0
-0.60865,0,0,-8.8,4.4854,0
-0.60865,0,0,-8.8,4.4686,0
-0.60865,0,0,-8.8,4.4517,0
-0.60865,0,0,-8.8,4.4349,0
-0.60865,0,0,-8.8,4.418,0
-0.60865,0,0,-8.8,4.4011,0
-0.60865,0,0,-8.8,4.3843,0
-0.60865,0,0,-8.8,4.3674,0
-0.60865,0,0,-8.8,4.3505,0
-0.60865,0,0,-8.8,4.3337,0
-0.60865,0,0,-8.8,4.3168,0
-0.60865,0,0,-8.8,4.2999,0
-0.60865,0,0,-8.8,4.2831,0
-0.60865,0,0,-8.8,4.2662,0
-0.60865,0,0,-8.8,4.2493,0
-0.60865,0,0,-8.8,4.2325,0
-0.60865,0,0,-10.89,4.2156,0
-0.60865,0,0,-17.013,4.2092,0
-0.60865,0,0,-37.336,4.2334,0
-0.60865,0,0,-592.24,4.3592,0
-0.60865,0,0,-8.8,7.2595,0
-0.60865,0,0,-9.1851,7.2427,0
-0.60865,0,0,-12.067,7.2277,0
-0.60865,0,0,-18.263,7.2272,0
-0.60865,0,0,-38.387,7.2576,0
-5.8405,0,-0.20267,-299.17,0.057048,0
-5.8405,0,0,-17.689,0.96885,0
-5.8405,0,0,-36.219,0.47325,0
-5.8405,0,0,-274.1,0.070298,0
-5.8405,0,0,-18.197,0.85675,0
-5.8405,0,0,-39.955,0.36369,0
-5.8405,0,0,-441.52,-0.020579,0
-5.8405,0,0,-8.8,1.603,0
-5.8405,0,0,-8.8,1.0629,0
-5.8405,0,0,-12.618,0.52288,0
-5.8405,0,0,-26.799,0.0019247,0
-4.4511,0,1.2935,-162.58,0.060452,0
-4.4511,0,0,-20.731,0.42822,0
-4.4511,0,0,-85.618,0.086765,0
-4.4511,0,0,-79.678,0.06974,0
-4.4511,0,0,-86.764,0.023017,0
-4.4511,0,0,-66.087,0.011723,0
-4.4511,0,0,-158.99,-0.10295,0
-4.4511,0,0,-17.344,0.24691,0
-4.4511,0,0,-54.103,-0.11149,0
-4.4511,0,0,-308.44,-0.28609,0
-4.4511,0,0,-8.8,0.81102,0
-4.4511,0,0,-8.8,0.40991,0
-4.4511,0,0,-8.8,0.0087932,0
-4.4511,0,0,-12.01,-0.39232,0
-4.4511,0,0,-42.79,-0.77738,0
-4.4511,0,0,-105.93,-1.0085,0
-4.4511,0,0,-8.8,-0.92401,0
-4.4511,0,0,-22.025,-1.3251,0
-2.0364,0,2.1177,9.8,1,20.325
-1.8194,0.98,2.1281,-8.8,0.75199,0
-1.8194,0.1,0,-8.8,0.51605,0
-1.8194,0,0,-8.8,0.36811,0
-1.8194,0,0,-8.8,0.23016,0
-0.98258,0,2.1755,-8.8,0.24886,0
