18.333,18.333,0.085849,0,35.5,0
18.333,18.333,0,0.0044644,35.5,0.009431
18.333,18.334,0,0.0044187,35.5,0.010254
18.333,18.334,0,0.0056995,35.5,0.013892
18.333,18.335,0,0.0061343,35.5,0.015997
18.333,18.335,0,0.0057136,35.5,0.016366
18.333,18.336,0,0.0064978,35.499,0.019224
18.333,18.337,0,0.0091798,35.499,0.026332
18.333,18.338,0,0.0084614,35.499,0.026689
18.333,18.338,0,0.014532,35.498,0.041627
18.333,18.34,0,0.015935,35.498,0.047745
18.333,18.341,0,0.020394,35.497,0.06095
18.333,18.343,0,0.022729,35.496,0.070469
18.333,18.346,0,0.02137,35.495,0.07224
18.333,18.348,0,0.025631,35.494,0.086368
18.333,18.35,0,0.026937,35.492,0.094801
18.333,18.353,0,0.029353,35.49,0.10609
18.333,18.356,0,0.035229,35.488,0.126
18.455,18.36,0.090056,0.038041,35.54,0
18.455,18.363,0,0.043948,35.55,0
18.455,18.368,0,0.04209,35.558,0
18.455,18.372,0,0.040704,35.567,0
18.455,18.376,0,0.039636,35.575,0
18.455,18.38,0,0.03941,35.583,0
18.455,18.384,0,0.040095,35.59,0
18.455,18.388,0,0.044894,35.597,0
18.455,18.392,0,0.049464,35.603,0
18.455,18.397,0,0.047057,35.609,0
18.455,18.402,0,0.045833,35.615,0
18.455,18.407,0,0.051001,35.62,0.010639
18.455,18.412,0,0.054919,35.624,0.030311
18.455,18.417,0,0.059185,35.628,0.051827
18.571,18.423,0.055166,0.058997,35.702,0
18.571,18.429,0,0.056656,35.716,0
18.571,18.435,0,0.056412,35.73,0
18.571,18.44,0,0.060244,35.744,0
18.571,18.446,0,0.060867,35.756,0
18.571,18.453,0,0.057101,35.769,0
18.571,18.458,0,0.057008,35.78,0
18.571,18.464,0,0.05808,35.791,0
18.571,18.47,0,0.061073,35.801,0
18.637,18.476,0.038902,0.064422,35.859,0
18.65,18.482,0.017149,0.066964,35.874,0
18.65,18.489,0,0.062638,35.89,0
18.65,18.495,0,0.061815,35.906,0
18.65,18.501,0,0.057001,35.921,0
18.65,18.507,0,0.055372,35.936,0
18.65,18.513,0,0.053154,35.95,0
18.65,18.518,0,0.055228,35.964,0
18.65,18.524,0,0.057984,35.976,0
18.65,18.529,0,0.054408,35.989,0
18.65,18.535,0,0.058707,36.001,0
18.65,18.541,0,0.060281,36.012,0
18.65,18.547,0,0.066539,36.023,0
18.65,18.553,0,0.075399,36.033,0
18.65,18.561,0,0.085766,36.042,0.0014211
18.65,18.569,0,0.088949,36.05,0.027368
18.65,18.578,0,0.092298,36.058,0.05467
18.65,18.588,0,0.10105,36.065,0.096147
18.65,18.598,0,0.10642,36.071,0.13199
18.65,18.608,0,0.10977,36.075,0.16441
18.65,18.619,0,0.11018,36.079,0.19037
18.912,18.63,0.1479,0.11191,36.257,0
18.912,18.641,0,0.11654,36.285,0
18.912,18.653,0,0.1215,36.311,0
18.912,18.665,0,0.12237,36.336,0
18.912,18.678,0,0.12147,36.36,0
18.912,18.69,0,0.1268,36.383,0
18.912,18.702,0,0.13132,36.405,0
18.912,18.715,0,0.13027,36.425,0
18.912,18.729,0,0.13552,36.444,0
18.912,18.742,0,0.14091,36.462,0
18.912,18.756,0,0.14029,36.478,0
18.912,18.77,0,0.14055,36.493,0.017171
18.912,18.784,0,0.13735,36.507,0.040559
18.912,18.798,0,0.13972,36.519,0.077254
18.912,18.812,0,0.14311,36.529,0.11748
18.912,18.826,0,0.14167,36.539,0.14642
18.912,18.84,0,0.14665,36.546,0.19205
19.232,18.855,0.16859,0.14881,36.829,0
19.232,18.87,0,0.15198,36.865,0
19.232,18.885,0,0.15189,36.901,0
19.232,18.9,0,0.15594,36.935,0
19.232,18.916,0,0.15566,36.967,0
19.232,18.932,0,0.15563,36.998,0
19.232,18.947,0,0.16114,37.027,0
19.386,18.963,0.22697,0.16644,37.114,0
19.386,18.98,0,0.16506,37.155,0
19.386,18.996,0,0.16323,37.195,0
19.386,19.013,0,0.16788,37.233,0
19.386,19.029,0,0.16937,37.269,0
19.484,19.046,0.18508,0.17172,37.311,0
19.484,19.064,0,0.16987,37.354,0
19.484,19.081,0,0.17356,37.395,0
19.484,19.098,0,0.17117,37.435,0
19.484,19.115,0,0.17101,37.472,0
19.484,19.132,0,0.1671,37.508,0
19.484,19.149,0,0.16301,37.543,0
19.484,19.165,0,0.16241,37.575,0
19.484,19.181,0,0.1616,37.607,0
19.484,19.198,0,0.15922,37.636,0
19.484,19.213,0,0.15848,37.664,0
19.484,19.229,0,0.1566,37.69,0
19.484,19.245,0,0.1515,37.715,0
19.484,19.26,0,0.14919,37.738,0
19.484,19.275,0,0.15181,37.759,0
19.484,19.29,0,0.15428,37.779,0
19.484,19.306,0,0.15555,37.798,0
19.484,19.321,0,0.15964,37.815,0.018455
19.752,19.337,0.18884,0.16177,38.045,0
19.766,19.353,0.18062,0.16068,38.078,0
19.766,19.369,0,0.15805,38.119,0
19.766,19.385,0,0.15642,38.157,0
19.766,19.401,0,0.1557,38.195,0
19.766,19.416,0,0.15499,38.23,0
19.766,19.432,0,0.15046,38.265,0
19.766,19.447,0,0.14116,38.297,0
19.766,19.461,0,0.13476,38.329,0
19.766,19.475,0,0.12447,38.358,0
19.766,19.487,0,0.11207,38.387,0
19.766,19.498,0,0.099006,38.414,0
19.766,19.508,0,0.088262,38.44,0
19.766,19.517,0,0.078289,38.466,0
19.766,19.525,0,0.065879,38.49,0
19.766,19.531,0,0.060844,38.514,0
19.766,19.537,0,0.049962,38.537,0
19.766,19.542,0,0.043249,38.56,0
19.766,19.547,0,0.035504,38.582,0
19.766,19.55,0,0.026832,38.604,0
19.766,19.553,0,0.021255,38.625,0
19.766,19.555,0,0.012484,38.646,0
19.766,19.556,0,0.0020671,38.667,0
19.766,19.557,0,-0.0012557,38.688,0
19.766,19.556,0,-0.0023808,38.709,0
19.766,19.556,0,-0.002841,38.73,0
19.766,19.556,0,-0.00402,38.751,0
19.766,19.556,0,-0.0054177,38.772,0
19.766,19.555,0,-0.0066661,38.793,0
19.766,19.554,0,-0.0060868,38.815,0
19.766,19.554,0,-0.0064588,38.836,0
19.473,19.553,-0.057061,-0.0074737,38.553,0.28911
19.47,19.552,-0.059249,-0.0076146,38.547,0.29776
19.47,19.552,0,-0.00717,38.539,0.15407
19.47,19.551,0,-0.0078273,38.531,0.15105
19.47,19.55,0,-0.0082985,38.523,0.14833
19.47,19.549,0,-0.0086884,38.515,0.14569
19.47,19.548,0,-0.0083839,38.507,0.14453
19.47,19.548,0,-0.007908,38.499,0.14382
19.462,19.547,0.001957,-0.0078377,38.503,0.15457
19.462,19.546,0,-0.0080723,38.494,0.1568
19.462,19.545,0,-0.0080628,38.486,0.15511
19.467,19.544,0.011722,-0.0071618,38.489,0.11893
19.467,19.544,0,-0.0073989,38.481,0.14294
19.467,19.543,0,-0.0071993,38.473,0.14182
19.458,19.542,-0.0020312,-0.0078181,38.451,0.16286
19.458,19.541,0,-0.0080037,38.442,0.15616
19.458,19.541,0,-0.0087609,38.434,0.15275
19.458,19.54,0,-0.0080588,38.426,0.15247
19.458,19.539,0,-0.0069428,38.418,0.15328
19.458,19.538,0,-0.0070877,38.41,0.15147
19.458,19.538,0,-0.006835,38.402,0.15054
19.467,19.537,0.093311,-0.0065483,38.405,0
19.474,19.536,0.09944,-0.0058211,38.389,0
19.474,19.536,0,-0.0043583,38.383,0.11903
19.474,19.535,0,-0.0033651,38.377,0.12033
19.474,19.535,0,-0.0031554,38.371,0.12009
19.474,19.534,0,-0.0015199,38.365,0.12308
19.474,19.534,0,-0.00013454,38.359,0.12586
19.474,19.534,0,0.0054397,38.353,0.13844
19.474,19.535,0,0.0093637,38.347,0.14857
19.474,19.536,0,0.013179,38.341,0.15939
19.474,19.537,0,0.019683,38.334,0.17742
19.474,19.539,0,0.021528,38.328,0.18605
19.474,19.541,0,0.02364,38.321,0.19576
19.474,19.544,0,0.024455,38.314,0.20288
19.474,19.546,0,0.029876,38.307,0.22131
19.474,19.549,0,0.035407,38.3,0.24142
19.653,19.553,0.10059,0.038624,38.406,0
19.653,19.556,0,0.042751,38.416,0
19.653,19.561,0,0.04786,38.426,0
19.653,19.566,0,0.052167,38.435,0
19.653,19.571,0,0.056898,38.443,0
19.653,19.576,0,0.057434,38.451,0
19.653,19.582,0,0.063178,38.458,0
19.653,19.588,0,0.071084,38.465,0.021599
19.653,19.596,0,0.074799,38.471,0.045521
19.653,19.603,0,0.078456,38.477,0.070371
19.653,19.611,0,0.08411,38.481,0.1011
19.653,19.619,0,0.088064,38.485,0.12934
19.653,19.628,0,0.093698,38.488,0.16298
19.653,19.638,0,0.096153,38.49,0.19028
19.913,19.647,0.16784,0.10236,38.655,0
19.913,19.657,0,0.1012,38.682,0
19.913,19.667,0,0.10685,38.707,0
19.913,19.678,0,0.10833,38.731,0
19.913,19.689,0,0.11123,38.754,0
19.913,19.7,0,0.10793,38.775,0
19.913,19.711,0,0.10398,38.796,0
19.913,19.721,0,0.10042,38.816,0
19.913,19.731,0,0.097329,38.835,0
19.913,19.741,0,0.09262,38.852,0
19.913,19.75,0,0.087588,38.869,0
19.913,19.759,0,0.078852,38.885,0
19.913,19.767,0,0.075865,38.9,0
19.913,19.775,0,0.07372,38.914,0
19.913,19.782,0,0.066373,38.928,0
19.913,19.789,0,0.059518,38.94,0
19.913,19.795,0,0.054151,38.953,0
19.913,19.8,0,0.048476,38.964,0
19.913,19.805,0,0.042592,38.975,0
19.913,19.809,0,0.036104,38.986,0
19.913,19.813,0,0.029483,38.996,0
19.913,19.816,0,0.028235,39.006,0
19.913,19.818,0,0.022508,39.016,0
19.913,19.821,0,0.019808,39.025,0
19.881,19.823,0.054043,0.022414,39.093,0
19.881,19.825,0,0.025822,39.099,0
19.881,19.827,0,0.02731,39.104,0
19.881,19.83,0,0.036371,39.109,0
19.881,19.834,0,0.047663,39.114,0.0046218
19.989,19.839,0.29644,0.057513,39.157,0
19.989,19.844,0,0.069162,39.172,0
19.989,19.851,0,0.077508,39.186,0
19.989,19.859,0,0.082482,39.2,0
19.989,19.867,0,0.088832,39.212,0
19.989,19.876,0,0.092568,39.224,0
19.989,19.885,0,0.10208,39.235,0.0092629
20.19,19.896,0.29559,0.11255,39.309,0
20.217,19.907,0.30522,0.11844,39.345,0
20.217,19.919,0,0.1274,39.375,0
20.217,19.931,0,0.13458,39.404,0
20.217,19.945,0,0.13985,39.432,0
20.217,19.959,0,0.14226,39.459,0
20.217,19.973,0,0.14879,39.484,0
20.217,19.988,0,0.15055,39.507,0
20.217,20.003,0,0.15847,39.529,0
20.217,20.019,0,0.16259,39.55,0
20.217,20.035,0,0.1665,39.569,0
20.217,20.052,0,0.17455,39.586,0.050939
20.217,20.069,0,0.18069,39.602,0.10687
20.217,20.087,0,0.18321,39.616,0.15552
20.217,20.106,0,0.1919,39.628,0.22233
20.217,20.125,0,0.19338,39.638,0.27226
20.217,20.144,0,0.19558,39.646,0.32514
20.217,20.164,0,0.1981,39.652,0.38013
20.217,20.184,0,0.20301,39.657,0.44351
20.217,20.204,0,0.21163,39.659,0.52048
20.217,20.225,0,0.21569,39.659,0.58681
20.217,20.247,0,0.22648,39.657,0.67674
20.217,20.269,0,0.23481,39.653,0.76334
20.217,20.293,0,0.24799,39.647,0.87029
21.002,20.318,0.57197,0.25956,40.489,0
21.002,20.343,0,0.27399,40.556,0
21.002,20.371,0,0.28864,40.62,0
21.002,20.4,0,0.30212,40.682,0
21.002,20.43,0,0.31188,40.741,0
21.002,20.461,0,0.3195,40.796,0
21.363,20.493,0.54054,0.32868,40.978,0
21.363,20.526,0,0.33615,41.063,0
21.363,20.56,0,0.34415,41.145,0
21.363,20.594,0,0.34795,41.224,0
21.559,20.629,0.37902,0.35043,41.337,0
21.559,20.664,0,0.35073,41.428,0
21.559,20.699,0,0.3448,41.516,0
21.559,20.733,0,0.34014,41.601,0
21.559,20.767,0,0.33151,41.681,0
21.559,20.801,0,0.31544,41.759,0
21.639,20.832,-0.065199,0.30231,41.881,0
21.639,20.862,0,0.28736,41.96,0
21.639,20.891,0,0.27591,42.037,0
21.639,20.919,0,0.26246,42.11,0
21.639,20.945,0,0.25204,42.181,0
21.639,20.97,0,0.23856,42.249,0
21.639,20.994,0,0.22356,42.315,0
21.639,21.016,0,0.21047,42.378,0
21.639,21.037,0,0.19491,42.439,0
21.639,21.057,0,0.17605,42.498,0
21.639,21.074,0,0.14865,42.556,0
21.639,21.089,0,0.11266,42.611,0
21.639,21.101,0,0.071273,42.666,0
21.639,21.108,0,0.015703,42.719,0
21.639,21.109,0,-0.0091249,42.772,0
21.639,21.108,0,-0.022096,42.825,0
21.639,21.106,0,-0.035747,42.878,0
21.639,21.103,0,-0.050077,42.932,0
21.639,21.098,0,-0.063868,42.986,0
21.639,21.091,0,-0.078194,43.04,0
20.02,21.083,-1.7616,-0.092415,42.171,20.807
20.02,21.074,0,-0.10815,42.065,2.3171
20.02,21.063,0,-0.12384,41.96,2.2249
19.485,21.051,-1.7021,-0.13797,41.773,22.563
19.485,21.037,0,-0.15312,41.617,3.6749
19.485,21.022,0,-0.16823,41.462,3.5551
19.485,21.005,0,-0.18121,41.309,3.442
19.485,20.987,0,-0.19249,41.158,3.3338
19.485,20.968,0,-0.20199,41.009,3.2312
19.485,20.947,0,-0.20949,40.862,3.1356
19.485,20.926,0,-0.21623,40.717,3.042
19.485,20.905,0,-0.22241,40.574,2.9498
19.485,20.883,0,-0.22981,40.433,2.8518
19.485,20.86,0,-0.23886,40.294,2.7461
19.485,20.836,0,-0.24914,40.158,2.6346
18.122,20.811,-1.1227,-0.26086,39.113,18.814
18.122,20.785,0,-0.27166,38.845,7.073
17.901,20.758,-0.98915,-0.28297,38.552,17.711
17.901,20.729,0,-0.29345,38.268,7.5971
17.901,20.7,0,-0.30288,37.986,7.4221
17.901,20.67,0,-0.31125,37.708,7.2513
17.901,20.639,0,-0.31905,37.433,7.0821
17.901,20.607,0,-0.32579,37.161,6.9176
17.901,20.574,0,-0.3319,36.892,6.7555
17.901,20.541,0,-0.33894,36.626,6.5872
17.301,20.507,-1.1463,-0.34943,36.098,21.412
17.301,20.472,0,-0.36305,35.779,8.5621
17.301,20.436,0,-0.38133,35.463,8.2964
17.301,20.398,0,-0.40343,35.152,8.0031
16.656,20.357,-2.063,-0.42636,34.739,42.481
16.656,20.315,0,-0.45151,34.371,10.044
16.232,20.269,-2.3502,-0.48079,33.949,52.367
16.232,20.221,0,-0.51183,33.548,11.077
16.232,20.17,0,-0.54668,33.151,10.61
16.232,20.116,0,-0.58283,32.76,10.128
16.232,20.057,0,-0.62211,32.375,9.6192
16.232,19.995,0,-0.66579,31.996,9.0778
16.232,19.928,0,-0.71285,31.623,8.5123
16.232,19.857,0,-0.76506,31.256,7.915
16.232,19.781,0,-0.82185,30.898,7.2936
16.232,19.698,0,-0.88468,30.547,6.6457
16.232,19.61,0,-0.95341,30.205,5.9801
16.232,19.515,0,-1.0279,29.872,5.3076
16.232,19.412,0,-1.1126,29.549,4.6239
16.232,19.301,0,-1.2057,29.236,3.958
16.232,19.18,0,-1.3052,28.935,3.344
16.232,19.05,0,-1.4137,28.647,2.8091
16.232,18.908,0,-1.5302,28.373,2.4042
16.232,18.755,0,-1.6562,28.113,2.1929
16.232,18.59,0,-1.7909,27.869,2.2659
16.232,18.41,0,-1.9387,27.642,2.7632
16.232,18.217,0,-2.0908,27.434,3.8359
8.9062,18.007,-3.0315,-2.2493,20.185,91.903
8.9062,17.783,0,-2.4174,19.286,19.677
8.9062,17.541,0,-2.5893,18.41,17.197
8.9062,17.282,0,-2.7697,17.56,14.762
8.9062,17.005,0,-2.9478,16.736,12.498
8.9062,16.71,0,-3.1333,15.941,10.414
8.9062,16.397,0,-3.3324,15.176,8.5974
8.9062,16.064,0,-3.5289,14.444,7.2612
8.9062,15.711,0,-3.7331,13.746,6.5775
8.9062,15.337,0,-4.4,13.084,9.4148
8.9062,14.897,0,-4.4,12.463,11.027
8.9062,14.457,0,-4.4,11.886,13.354
6.7472,14.017,-0.64417,-4.4,9.8476,7.1668
6.7472,13.577,0,-4.4,9.1426,8.4667
6.7472,13.137,0,-4.4,8.4816,9.5384
6.7472,12.697,0,-4.4,7.8646,11.211
6.7076,12.257,0.44389,-4.4,7.28,17.249
6.7076,11.817,0,-5.2,6.7471,42.665
6.7076,11.297,0,-5.2,6.2621,57.436
6.7076,10.777,0,-5.2,5.8291,78.508
6.7076,10.257,0,-5.2,5.4481,83.647
6.8948,9.7374,0.3451,-5.2,5.19,94.011
6.8948,9.2174,0,-5.2,4.9318,92.224
6.8948,8.6974,0,-5.2,4.7255,91.158
6.8948,8.1774,0,-5.2,4.5713,90.092
6.8948,7.6574,0,-5.2,4.469,89.026
6.8948,7.1374,0,-5.2,4.4188,87.96
7.1068,6.6174,0.3455,-5.2,4.507,99.916
7.1068,6.0974,0,-8.8,4.5819,92.504
7.1068,5.2174,0,-8.8,4.7269,90.7
7.1068,4.3374,0,-8.8,4.9598,88.896
7.1068,3.4574,0,-8.8,5.2808,87.092
7.1068,2.5774,0,-8.8,5.6897,85.288
7.1068,1.6974,0,4.9,6.1866,7.9192
7.1068,2.1874,0,4.9,6.7031,10.511
7.1068,2.6774,0,4.9,7.1705,13.183
7.1068,3.1674,0,4.9,7.589,15.929
7.1068,3.6574,0,4.9,7.9584,18.741
7.1068,4.1474,0,4.5145,8.2789,17.821
7.1068,4.5988,0,3.4379,8.5522,10.495
7.1068,4.9426,0,2.8139,8.7859,7.1515
7.1068,5.224,0,2.3861,8.9882,5.2942
7.1068,5.4626,0,2.0721,9.1646,4.1857
7.1068,5.6698,0,1.8266,9.3186,3.4695
7.1068,5.8525,0,1.6315,9.4532,3.0105
7.1068,6.0157,0,1.4699,9.5705,2.699
7.7774,6.1626,0.33088,1.3311,10.331,0
7.8153,6.2957,0.33365,1.2247,10.485,0
7.8581,6.4182,0.33534,1.1372,10.625,0
7.8581,6.5319,0,1.0523,10.764,0
7.8581,6.6372,0,0.98435,10.891,0
7.8581,6.7356,0,0.92422,11.008,0
7.9954,6.828,0.32977,0.86597,11.123,0
7.9954,6.9146,0,0.8158,11.235,0
8.0665,6.9962,0.37185,0.77626,11.351,0
8.0665,7.0738,0,0.73219,11.454,0
8.0665,7.147,0,0.70007,11.55,0
8.0665,7.217,0,0.67944,11.638,0
8.2401,7.285,0.52583,0.66697,11.737,0
8.2401,7.3517,0,0.65435,11.829,0
8.2401,7.4171,0,0.64852,11.914,0
8.2401,7.482,0,0.65058,11.993,0.00037495
8.2401,7.547,0,0.65333,12.066,0.18677
8.2401,7.6124,0,0.67372,12.132,0.44451
8.2401,7.6797,0,0.72211,12.191,0.83191
8.2401,7.752,0,0.78794,12.244,1.3371
8.2401,7.8307,0,0.86813,12.289,1.971
8.2401,7.9176,0,0.95144,12.325,2.6978
8.2401,8.0127,0,1.0431,12.353,3.5539
8.2401,8.117,0,1.1255,12.37,4.4462
8.2401,8.2296,0,1.2032,12.377,5.391
8.2401,8.3499,0,1.2724,12.372,6.3573
8.2401,8.4771,0,1.3356,12.355,7.3513
8.2401,8.6107,0,1.4055,12.324,8.4586
11.187,8.7512,2.8552,1.4707,14.063,2.9584
11.187,8.8983,0,1.5326,14.299,0
11.187,9.0516,0,1.5973,14.52,0
11.187,9.2113,0,1.6551,14.725,0.47922
11.187,9.3768,0,1.7086,14.915,1.3423
11.187,9.5477,0,1.7557,15.087,2.245
11.187,9.7232,0,1.8014,15.242,3.2074
11.187,9.9034,0,1.8355,15.38,4.1607
11.187,10.087,0,1.8669,15.499,5.1479
13.788,10.274,2.7039,1.8991,16.77,1.8397
13.788,10.464,0,1.9181,17.112,0
13.788,10.655,0,1.9305,17.435,0
13.788,10.848,0,1.9383,17.738,0
13.788,11.042,0,1.9486,18.023,0
13.788,11.237,0,1.9575,18.288,0
13.788,11.433,0,1.9642,18.533,0.7266
13.788,11.629,0,1.9628,18.759,1.4465
13.788,11.826,0,1.9632,18.965,2.2025
16.017,12.022,2.2045,1.9574,20.172,0.166
16.017,12.218,0,1.9543,20.562,0
16.017,12.413,0,1.9459,20.932,0
16.641,12.608,1.6115,1.9233,21.396,0
16.641,12.8,0,1.8902,21.79,0
16.641,12.989,0,1.8505,22.164,0
16.641,13.174,0,1.8037,22.52,0
16.641,13.354,0,1.7531,22.858,0
16.641,13.53,0,1.7109,23.178,0
16.641,13.701,0,1.6719,23.48,0
16.641,13.868,0,1.6339,23.766,0
16.641,14.031,0,1.6005,24.035,0
17.718,14.191,1.2479,1.5725,24.779,0
17.718,14.349,0,1.5497,25.124,0
17.718,14.504,0,1.5322,25.453,0
17.718,14.657,0,1.5115,25.767,0
17.718,14.808,0,1.4978,26.065,0
17.718,14.958,0,1.4884,26.349,0
17.718,15.107,0,1.4803,26.617,0
17.718,15.255,0,1.4831,26.871,0
17.718,15.403,0,1.486,27.11,0
17.718,15.552,0,1.4916,27.334,0
17.718,15.701,0,1.4939,27.543,0
17.718,15.85,0,1.4917,27.737,0.062785
17.718,15.999,0,1.4911,27.917,0.55396
17.718,16.148,0,1.4898,28.081,1.0595
17.718,16.297,0,1.4845,28.23,1.5602
17.718,16.446,0,1.4782,28.365,2.0679
17.718,16.594,0,1.4727,28.485,2.5909
17.718,16.741,0,1.4672,28.59,3.1246
17.718,16.888,0,1.459,28.68,3.6525
17.718,17.034,0,1.448,28.756,4.1712
17.718,17.178,0,1.4381,28.817,4.7015
17.718,17.322,0,1.4276,28.864,5.2339
