0,0,-0.016885,0,35.5,0.03548
0,0,0,7.8,35.5,59.103
0,0.78,0,7.8,35.461,63.94
0,1.56,0,7.8,35.344,68.834
0,2.34,0,7.8,35.149,73.779
0,3.12,0,7.8,34.876,78.774
0,3.9,0,7.8,34.525,83.814
0,4.68,0,7.8,34.096,88.898
0,5.46,0,7.8,33.589,94.022
0,6.24,0,6.7,33.004,86.677
0.021986,6.91,-0.0097521,6.7,32.328,109.96
0.021986,7.58,0,6.7,31.606,114.61
0.021986,8.25,0,-0.43578,30.817,34.309
0.021986,8.2064,0,-0.45031,29.996,33.901
0.021986,8.1614,0,-0.46577,29.18,33.477
0.021986,8.1148,0,-0.4817,28.368,33.04
0.021986,8.0666,0,-0.49917,27.561,32.58
0.021986,8.0167,0,-0.51743,26.759,32.103
0.021986,7.965,0,-0.53673,25.962,31.607
0.021986,7.9113,0,-0.55677,25.171,31.095
0.021986,7.8556,0,-0.57898,24.385,30.552
0.021986,7.7977,0,-0.60243,23.604,29.986
0.021986,7.7375,0,-0.62635,22.83,29.405
0.021986,7.6749,0,-0.65086,22.061,28.808
0.021986,7.6098,0,-0.67836,21.299,28.171
0.021986,7.5419,0,-0.70732,20.544,27.51
0.021986,7.4712,0,-0.73742,19.795,26.825
0.021986,7.3975,0,-0.76947,19.054,26.111
0.021986,7.3205,0,-0.80405,18.32,25.361
0.021986,7.2401,0,-0.84088,17.594,24.578
-0.012323,7.156,-0.015922,-0.87995,16.861,24.428
-0.012323,7.068,0,-0.92087,16.148,24.128
-0.012323,6.9759,0,-0.96345,15.445,23.849
-0.012323,6.8796,0,-1.0099,14.751,23.554
-0.012323,6.7786,0,-1.0597,14.067,23.243
-0.012323,6.6726,0,-1.1149,13.393,22.909
-0.012323,6.5611,0,-1.1697,12.73,22.566
-0.012323,6.4442,0,-1.2292,12.078,22.201
-0.012323,6.3212,0,-1.2932,11.439,21.814
-0.012323,6.1919,0,-1.3634,10.812,21.402
-0.012323,6.0556,0,-1.4372,10.198,20.967
-0.012323,5.9119,0,-1.512,9.5988,20.515
-0.012323,5.7607,0,-1.5934,9.0139,20.034
-0.012323,5.6013,0,-1.6769,8.4446,19.532
-0.012323,5.4336,0,-1.7586,7.8916,19.017
-0.012323,5.2578,0,-8.8,7.3558,3.8606
-0.012323,4.3778,0,-8.8,6.8728,2.0566
-0.012323,3.4978,0,-8.8,6.4778,0.25263
-0.012323,2.6178,0,-8.8,6.1707,0
-0.012323,1.7378,0,-0.27301,5.9517,14.562
-0.012323,1.7105,0,-8.8,5.7781,0
-0.082907,0.83047,-0.014805,-0.014805,5.5973,13.42
-0.082907,0.82899,0,-0.018023,5.506,13.379
-0.082907,0.82719,0,-0.020084,5.4149,13.371
-0.082907,0.82518,0,-8.8,5.324,0
-0.082907,0,0,-0.01206,5.2772,11.693
-0.082907,0,0,-0.014337,5.269,11.688
-0.082907,0,0,-0.010431,5.2608,11.696
-0.082907,0,0,-0.009528,5.2525,11.698
-0.082907,0,0,-0.015943,5.2443,11.684
-0.082907,0,0,-0.01939,5.2361,11.677
-0.082907,0,0,-0.018683,5.2279,11.679
-0.082907,0,0,-0.022086,5.2197,11.671
-0.082907,0,0,-0.021612,5.2115,11.672
-0.082907,0,0,-0.014518,5.2033,11.687
-0.12507,0,-0.012225,-0.012225,5.1442,11.804
-0.12507,0,0,-0.015226,5.1318,11.772
-0.12507,0,0,-0.012548,5.1193,11.778
-0.12507,0,0,-0.011869,5.1069,11.779
-0.12507,0,0,-0.017125,5.0944,11.768
-0.12507,0,0,-0.015524,5.082,11.772
-0.12507,0,0,-0.011622,5.0696,11.78
-0.12507,0,0,-0.013641,5.0571,11.776
-0.12507,0,0,-0.016166,5.0447,11.77
-0.12507,0,0,-0.01273,5.0323,11.778
-0.12507,0,0,-0.017079,5.0198,11.768
-0.12507,0,0,-0.019843,5.0074,11.763
-0.12507,0,0,-0.017102,4.995,11.768
-0.12507,0,0,-8.8,4.9826,0
-0.17136,0,-0.018473,-0.018473,5.0094,11.899
-0.17136,0,0,-8.8,4.9923,0
-0.17136,0,0,-0.010927,5.0192,11.876
-0.17136,0,0,-0.012987,5.0021,11.872
-0.18744,0,-0.01595,-8.8,4.9963,0
-0.18744,0,0,-0.0088727,5.0215,11.914
-0.18744,0,0,-0.0063466,5.0028,11.919
-0.18193,0,-0.014114,-8.8,4.9939,0
-0.18193,0,0,-0.012978,5.0197,11.894
-0.18193,0,0,-0.010233,5.0016,11.899
-0.18193,0,0,-0.015032,4.9834,11.889
-0.20341,0,-0.020534,-8.8,4.991,0
-0.20341,0,0,-0.013672,5.0146,11.936
-0.20341,0,0,-8.8,4.9944,0
-0.20341,0,0,-0.01688,5.018,11.929
-0.20341,0,0,-8.8,4.9978,0
-0.20341,0,0,-0.011846,5.0214,11.94
-0.20341,0,0,-8.8,5.0012,0
-0.20341,0,0,-0.015752,5.0248,11.932
-0.20341,0,0,-8.8,5.0046,0
-0.20341,0,0,-0.018941,5.0282,11.925
-0.20341,0,0,-8.8,5.008,0
-0.21799,0,-0.017806,-0.017806,5.0161,11.995
-0.21994,0,-0.017804,-0.017804,5.0008,11.999
-0.21994,0,0,-8.8,4.9789,0
-0.21994,0,0,-0.016203,5.0009,11.965
-0.21994,0,0,-8.8,4.979,0
-0.21994,0,0,-0.016649,5.001,11.964
-0.21994,0,0,-8.8,4.9791,0
-0.21994,0,0,-0.013443,5.0011,11.971
-0.21994,0,0,-8.8,4.9791,0
-0.21994,0,0,-8.8,5.0011,0
-0.21994,0,0,-0.011831,5.0231,11.974
-0.21994,0,0,-8.8,5.0012,0
-0.21994,0,0,-0.017778,5.0232,11.961
-0.21994,0,0,-8.8,5.0013,0
-0.25124,0,-0.01206,-0.01206,5.0172,12.063
-0.25124,0,0,-8.8,4.9921,0
-0.25124,0,0,-8.8,5.011,0
-0.25124,0,0,-0.0054263,5.0299,12.052
-0.25124,0,0,-8.8,5.0048,0
-0.25124,0,0,-0.015756,5.0237,12.03
-0.25124,0,0,-8.8,4.9986,0
-0.25124,0,0,-0.014199,5.0175,12.033
-0.25124,0,0,-8.8,4.9924,0
-0.25124,0,0,-8.8,5.0113,0
-0.25124,0,0,-0.011667,5.0302,12.038
-0.25124,0,0,-8.8,5.0051,0
-0.25124,0,0,-8.8,5.024,0
-0.25124,0,0,-8.8,5.0429,0
-0.25124,0,0,-0.018935,5.0617,12.023
-0.25124,0,0,0.083055,5.0367,12.238
-0.25124,0.0083055,0,-8.8,5.0112,0
-0.25124,0,0,-8.8,5.0292,0
-0.25124,0,0,0.5159,5.0481,13.147
-0.25124,0.05159,0,-8.8,5.0204,0
-0.25124,0,0,0.69662,5.0341,13.527
-0.013793,0.069662,0.6719,-8.8,5.0149,0
0.048018,0,0.63005,0.63005,5.0502,0
0.048018,0.063005,0,0.57908,5.0518,2.0179
0.048018,0.12091,0,0.53241,5.0475,1.9934
0.24101,0.17415,0.52075,-8.8,5.0756,0
0.24101,0,0,0.52807,5.1263,1.006
0.33098,0.052807,0.53454,0.53454,5.1651,0
0.33098,0.10626,0,0.5451,5.1902,1.122
0.33098,0.16077,0,0.56443,5.21,1.3667
0.33098,0.21722,0,0.55494,5.2242,1.501
0.33098,0.27271,0,0.54053,5.2328,1.6122
0.33098,0.32676,0,0.53446,5.2359,1.7559
0.33098,0.38021,0,0.5139,5.2336,1.835
0.33098,0.4316,0,0.46126,5.2261,1.7674
0.33098,0.47772,0,0.46819,5.2138,1.9431
0.33098,0.52454,0,0.49433,5.1968,2.2117
0.33098,0.57398,0,0.51115,5.1749,2.4533
0.33098,0.62509,0,0.58993,5.1481,3.0151
0.33098,0.68408,0,0.71205,5.1157,3.879
0.33098,0.75529,0,0.82313,5.0769,4.7937
1.1083,0.8376,0.94634,0.94634,5.531,0
1.1933,0.93224,1.1579,2.9055,5.5608,6.8521
1.1933,1.2228,0,-8.8,5.5724,0
1.1933,0.34279,0,1.4926,5.6134,3.7749
1.1933,0.49205,0,1.664,5.691,5.4982
1.7408,0.65845,1.8821,1.8821,5.8699,0
1.7408,0.84665,0,2.0194,5.9687,7.1398
1.7408,1.0486,0,4.9,6.0481,35.565
1.7408,1.5386,0,4.1701,6.0928,30.787
1.7408,1.9556,0,2.0927,6.0921,13.142
1.7408,2.1649,0,1.7847,6.0602,11.649
1.7408,2.3433,0,1.6501,6.0089,11.448
1.7408,2.5084,0,1.5275,5.9403,11.28
1.7408,2.6611,0,1.3776,5.856,10.843
1.7408,2.7989,0,1.2488,5.757,10.506
1.7408,2.9238,0,1.0666,5.645,9.7155
3.5134,3.0304,0.23271,0.88479,6.6887,0.7514
3.5134,3.1189,0,0.72737,6.7326,1.3669
3.5134,3.1916,0,0.6255,6.7684,1.1576
3.5134,3.2542,0,0.54504,6.7974,1.0191
3.5134,3.3087,0,0.484,6.8206,0.94091
3.5134,3.3571,0,0.41791,6.8387,0.83173
3.5134,3.3989,0,0.35443,6.8522,0.72104
3.5134,3.4343,0,0.29324,6.8619,0.60895
3.5134,3.4636,0,0.23127,6.8684,0.48725
3.5134,3.4868,0,0.17372,6.8722,0.37329
3.5134,3.5041,0,0.14045,6.874,0.32132
3.5134,3.5182,0,0.1171,6.8742,0.29085
3.5134,3.5299,0,0.089709,6.8732,0.24584
3.5134,3.5389,0,0.095297,6.8711,0.28096
3.5134,3.5484,0,0.11369,6.868,0.35248
3.5134,3.5598,0,0.14081,6.864,0.45587
3.5134,3.5739,0,0.17778,6.8586,0.60104
3.5134,3.5916,0,0.20879,6.8517,0.74495
3.5134,3.6125,0,0.22986,6.8428,0.87013
3.5134,3.6355,0,0.24913,6.8318,0.99893
3.5134,3.6604,0,0.2548,6.8183,1.0878
3.5134,3.6859,0,0.26395,6.8024,1.1923
3.5134,3.7123,0,0.25583,6.7838,1.2369
3.5134,3.7379,0,0.23714,6.7626,1.2402
3.9131,3.7616,0.0049414,0.20484,7.1351,0.14841
3.9131,3.7821,0,0.16909,7.1492,0.11404
3.9005,3.799,-0.026812,0.13537,7.1507,0.16409
3.9005,3.8125,0,0.10088,7.1602,0.039851
3.9005,3.8226,0,0.085897,7.1685,0.026414
3.9005,3.8312,0,0.065022,7.1758,0
3.9005,3.8377,0,0.040704,7.1825,0
3.9005,3.8418,0,0.020272,7.1885,0
3.9005,3.8438,0,-0.00015812,7.1943,0
3.9005,3.8438,0,-0.0009772,7.2,0
3.9005,3.8437,0,-0.00017427,7.2057,0
3.9005,3.8437,0,-0.00025411,7.2114,0
3.9005,3.8436,0,-0.0012762,7.2171,0
3.9005,3.8435,0,-0.0033396,7.2228,0
3.9005,3.8432,0,-0.0041975,7.2285,0
3.9005,3.8428,0,-0.0072479,7.2342,0
3.9005,3.842,0,-0.009028,7.24,0
3.9005,3.8411,0,-0.0041734,7.2459,0
3.877,3.8407,0.81322,0.047472,7.1441,0
3.877,3.8455,0,0.14869,7.1475,0.29125
3.877,3.8603,0,0.28742,7.1499,0.75517
3.877,3.8891,0,0.46492,7.1502,1.5092
3.877,3.9356,0,0.63599,7.1466,2.4314
3.877,3.9992,0,0.78125,7.1376,3.4036
3.877,4.0773,0,0.89354,7.1215,4.3336
3.877,4.1666,0,0.98446,7.097,5.2401
5.1599,4.2651,1.4683,1.032,7.5521,0
5.1599,4.3683,0,1.055,7.6364,1.5809
5.1599,4.4738,0,1.0443,7.7103,1.8903
5.1599,4.5782,0,0.99576,7.7737,2.0095
5.1599,4.6778,0,0.92533,7.8269,2.0027
5.1599,4.7703,0,0.84598,7.8705,1.9305
5.1599,4.8549,0,0.77145,7.9052,1.8586
5.1599,4.9321,0,0.70293,7.9319,1.7938
5.1599,5.0023,0,0.6366,7.9511,1.7202
5.1599,5.066,0,0.57877,7.9637,1.6666
5.1599,5.1239,0,0.52328,7.9702,1.6076
5.1599,5.1762,0,0.47885,7.9712,1.5808
5.1599,5.2241,0,0.42616,7.9671,1.5077
5.1599,5.2667,0,0.37681,7.9586,1.4355
5.1599,5.3044,0,0.33414,7.946,1.3781
5.1599,5.3378,0,0.29909,7.9299,1.3399
5.1599,5.3677,0,0.26023,7.9106,1.2787
5.1599,5.3937,0,0.23071,7.8885,1.2432
5.1599,5.4168,0,0.21966,7.864,1.2676
5.6837,5.4388,0.11693,0.21262,8.6611,0
5.6837,5.46,0,0.20192,8.6845,0
5.6837,5.4802,0,0.18284,8.7059,0
5.6837,5.4985,0,0.16251,8.7253,0
5.6776,5.5148,-0.20524,0.1394,8.7526,0.5714
5.6776,5.5287,0,0.11799,8.7682,0
5.6776,5.5405,0,0.078347,8.7825,0
5.6776,5.5483,0,0.039775,8.7958,0
5.6776,5.5523,0,-0.0048749,8.8085,0
5.6776,5.5518,0,-0.023173,8.8211,0
5.6776,5.5495,0,-0.043875,8.8338,0
5.6776,5.5451,0,-0.071641,8.8468,0
5.6776,5.538,0,-0.10227,8.8604,0
5.6776,5.5277,0,-0.13433,8.8749,0
5.6776,5.5143,0,-0.1678,8.8905,0
5.6776,5.4975,0,-0.20497,8.9077,0
5.6776,5.477,0,-0.23971,8.9267,0
5.6776,5.4531,0,-0.26563,8.948,0
5.6776,5.4265,0,-0.29251,8.9718,0
5.6776,5.3972,0,-0.32332,8.9983,0
5.6776,5.3649,0,-0.35328,9.028,0
5.6776,5.3296,0,-0.39167,9.061,0
5.6776,5.2904,0,-0.42874,9.0978,0
5.6776,5.2475,0,-0.46927,9.1386,0
5.6776,5.2006,0,-8.8,9.184,27.077
5.6776,4.3206,0,-0.21909,9.2757,0
5.6776,4.2987,0,-0.25133,9.4125,0
5.6776,4.2736,0,-0.29052,9.5516,0
5.6776,4.2445,0,-0.3351,9.6935,0
5.6776,4.211,0,-8.8,9.8384,25.048
5.6776,3.331,0,-0.12773,10.029,0.49606
5.6776,3.3182,0,-0.16067,10.264,0.81697
5.6776,3.3022,0,-0.19434,10.501,1.1768
5.6776,3.2827,0,-0.23275,10.74,1.6207
2.154,3.2595,-1.8131,-8.8,6.569,0
2.154,2.3795,0,-0.072209,6.5025,0.31413
2.154,2.3722,0,-0.10712,6.4803,0.22241
2.154,2.3615,0,-0.13735,6.459,0.14023
2.154,2.3478,0,-0.16655,6.4389,0.060663
2.154,2.3311,0,-0.19382,6.4204,0
2.154,2.3118,0,-8.8,6.4036,0
2.154,1.4318,0,-0.048788,6.4318,0
2.154,1.4269,0,-0.064889,6.5043,0
2.154,1.4204,0,-0.083792,6.5773,0
2.154,1.412,0,-0.10492,6.6511,0
2.154,1.4015,0,-0.12608,6.7258,0
2.154,1.3889,0,-8.8,6.8017,0
2.154,0.50891,0,-1.6322,6.9222,0
2.154,0.34569,0,-1.5693,7.0949,0
2.154,0.18875,0,-1.5589,7.2835,0
-0.40998,0.03286,-1.6354,-1.6354,5.3943,4.4805
-0.40998,0,0,-1.6725,5.3582,0.89891
-0.40998,0,0,-1.5554,5.3256,1.1448
-0.40998,0,0,-1.3677,5.2924,1.5392
-0.40998,0,0,-1.1633,5.2582,1.9687
-0.40998,0,0,-0.91322,5.223,2.4942
-0.40998,0,0,-8.8,5.1866,0
-0.40998,0,0,-8.8,5.1896,0
-0.40998,0,0,-8.8,5.1926,0
-0.40998,0,0,-8.8,5.1956,0
-1.3751,0,0.26115,-8.8,4.5406,0
-1.3751,0,0,-8.8,4.4471,0
-1.3751,0,0,-8.8,4.3536,0
-1.3751,0,0,-8.8,4.2601,0
-1.3751,0,0,-8.8,4.1666,0
-1.3751,0,0,-8.8,4.0731,0
-1.3751,0,0,-8.8,3.9796,0
-1.3751,0,0,-8.8,3.8861,0
-1.3751,0,0,-8.8,3.7926,0
-1.3751,0,0,-8.8,3.699,0
-1.3751,0,0,-8.8,3.6055,0
-1.3751,0,0,-8.8,3.512,0
-1.3751,0,0,-8.8,3.4185,0
-1.3751,0,0,-8.8,3.325,0
-1.3751,0,0,-8.8,3.2315,0
-1.3751,0,0,-8.8,3.138,0
-1.3751,0,0,-8.8,3.0445,0
-1.3751,0,0,-8.8,2.951,0
-1.3751,0,0,-8.8,2.8575,0
-1.3751,0,0,-8.8,2.7639,0
-1.3751,0,0,-8.8,2.6704,0
-1.3751,0,0,-8.8,2.5769,0
-1.3751,0,0,-8.8,2.4834,0
-1.3751,0,0,-8.8,2.3899,0
-1.3751,0,0,-8.8,2.2964,0
-1.3751,0,0,-8.8,2.2029,0
-1.3751,0,0,-8.8,2.1094,0
-1.3751,0,0,-8.8,2.0159,0
-1.3751,0,0,-8.8,1.9224,0
-1.3751,0,0,-8.8,1.8288,0
-1.3751,0,0,-8.8,1.7353,0
-1.3751,0,0,-8.8,1.6418,0
-1.3751,0,0,-8.8,1.5483,0
-1.3751,0,0,-8.8,1.4548,0
-1.3751,0,0,-8.8,1.3613,0
-1.3751,0,0,-8.8,1.2678,0
-1.3751,0,0,-8.8,1.1743,0
-1.3751,0,0,-8.8,1.0808,0
-1.3751,0,0,-8.8,0.98726,0
1.4326,0,3.2393,-8.8,4.6821,0
1.4326,0,0,-8.8,4.8693,0
1.4326,0,0,3.5382,5.0566,17.186
2.4671,0.35382,3.5719,3.5719,5.3439,0
2.4671,0.711,0,3.5857,5.5374,15.829
2.4671,1.0696,0,4.9,5.6951,31.122
3.5262,1.5596,3.5431,4.9,5.981,0
3.5262,2.0496,0,4.9,6.1532,30.629
4.242,2.5396,3.4614,3.9985,6.348,0
4.242,2.9394,0,3.0949,6.4982,13.856
4.242,3.2489,0,2.7372,6.613,12.373
4.242,3.5226,0,2.5142,6.6986,11.895
4.242,3.774,0,2.3796,6.758,12.053
4.242,4.012,0,2.2616,6.7929,12.28
4.242,4.2382,0,2.1611,6.8046,12.595
4.242,4.4543,0,2.0851,6.7941,13.064
4.242,4.6628,0,2.0371,6.7625,13.734
4.242,4.8665,0,1.9901,6.7102,14.391
4.242,5.0655,0,1.9514,6.6378,15.101
4.242,5.2606,0,1.9101,6.5457,15.772
4.242,5.4517,0,1.8742,6.4343,16.473
4.242,5.6391,0,1.8288,6.304,17.075
4.242,5.822,0,1.7793,6.1551,17.618
4.242,5.9999,0,1.7301,5.9882,18.139
4.242,6.1729,0,1.6936,5.8038,18.751
4.242,6.3423,0,1.6523,5.6022,19.302
4.242,6.5075,0,1.6166,5.3839,19.883
8.892,6.6691,1.5529,1.5882,10.202,0
8.892,6.828,0,1.5575,10.417,0
9.1993,6.9837,1.4647,1.5228,10.65,0
9.3403,7.136,1.4019,1.4889,10.876,0
9.3403,7.2849,0,1.4572,11.089,0
9.3403,7.4306,0,1.4217,11.287,0
9.3403,7.5728,0,1.3999,11.471,0
9.3403,7.7128,0,1.3772,11.641,0.32026
9.3403,7.8505,0,1.3626,11.796,0.70668
9.3403,7.9868,0,1.3489,11.939,1.102
9.3403,8.1216,0,1.3495,12.067,1.5755
9.3403,8.2566,0,1.3543,12.182,2.0859
9.3403,8.392,0,1.3603,12.284,2.6201
9.3403,8.528,0,1.3713,12.372,3.2018
9.3403,8.6652,0,1.379,12.446,3.7846
9.3403,8.8031,0,1.3869,12.507,4.3869
9.3403,8.9418,0,1.3727,12.554,4.8667
9.3403,9.079,0,1.3474,12.587,5.2752
9.3403,9.2138,0,1.3046,12.606,5.5628
9.3403,9.3442,0,1.2457,12.612,5.7276
9.3403,9.4688,0,1.1622,12.606,5.7066
9.3403,9.585,0,1.0664,12.587,5.5735
9.3403,9.6917,0,0.97146,12.557,5.4108
9.3403,9.7888,0,0.87525,12.517,5.2066
9.3403,9.8763,0,0.77606,12.468,4.9529
9.3403,9.9539,0,0.69552,12.41,4.7788
9.3403,10.023,0,0.6161,12.345,4.5855
9.3403,10.085,0,0.54657,12.274,4.424
9.3403,10.14,0,0.48467,12.197,4.2833
9.3403,10.188,0,0.42587,12.114,4.1404
9.3403,10.231,0,0.37264,12.028,4.0098
9.3403,10.268,0,0.32792,11.937,3.9079
9.3403,10.301,0,0.28725,11.842,3.8132
10.811,10.33,-0.40225,0.25074,16.237,0.85382
10.811,10.355,0,0.21297,16.284,0
10.811,10.376,0,0.18861,16.329,0
10.811,10.395,0,0.16158,16.371,0
10.811,10.411,0,0.12841,16.412,0
10.811,10.424,0,0.093647,16.452,0
10.548,10.433,-0.50713,0.059158,16.416,1.6711
10.548,10.439,0,0.029211,16.427,0
10.548,10.442,0,0.0086347,16.438,0
10.548,10.443,0,-0.0057834,16.448,0
10.548,10.442,0,-0.01463,16.459,0
10.548,10.441,0,-0.023536,16.469,0
10.548,10.438,0,-0.034158,16.48,0
10.548,10.435,0,-0.039889,16.491,0
10.548,10.431,0,-0.045365,16.503,0
10.158,10.427,-0.35446,-0.052092,16.34,1.679
10.158,10.421,0,-0.059194,16.313,0.42693
10.158,10.415,0,-0.067837,16.287,0.39302
10.158,10.409,0,-0.075359,16.262,0.36051
10.158,10.401,0,-0.081695,16.237,0.32967
10.158,10.393,0,-0.088504,16.213,0.29692
10.158,10.384,0,-0.094313,16.19,0.26551
10.158,10.375,0,-0.098883,16.168,0.23605
10.158,10.365,0,-0.10651,16.147,0.19972
10.158,10.354,0,-0.11242,16.127,0.16611
10.158,10.343,0,-0.12045,16.108,0.12781
10.158,10.331,0,-0.12632,16.09,0.092947
10.158,10.318,0,-0.13334,16.073,0.055588
10.158,10.305,0,-0.13711,16.058,0.023527
10.158,10.291,0,-0.14314,16.044,0
10.158,10.277,0,-0.14841,16.031,0
10.158,10.262,0,-0.15487,16.02,0
10.158,10.247,0,-0.15935,16.01,0
10.158,10.231,0,-0.16294,16.002,0
9.4282,10.214,-0.41865,-0.16777,15.221,3.1766
9.4282,10.198,0,-0.1745,15.143,1.3078
9.4282,10.18,0,-0.17906,15.067,1.2503
9.4282,10.162,0,-0.18723,14.993,1.182
9.4282,10.143,0,-0.19599,14.92,1.1114
9.4282,10.124,0,-0.20513,14.85,1.0391
9.4282,10.103,0,-0.21543,14.781,0.96319
9.4282,10.082,0,-0.23048,14.715,0.87478
9.4282,10.059,0,-0.24864,14.651,0.77873
9.4282,10.034,0,-0.26925,14.589,0.67754
9.4282,10.007,0,-0.2875,14.529,0.58235
9.4282,9.9782,0,-0.3065,14.473,0.48713
9.4282,9.9475,0,-0.32629,14.42,0.39261
9.4282,9.9149,0,-0.34602,14.369,0.30105
9.4282,9.8803,0,-0.36726,14.322,0.21103
9.4282,9.8436,0,-0.38596,14.279,0.12855
9.4282,9.805,0,-0.40447,14.239,0.051101
9.4282,9.7645,0,-0.42268,14.204,0
9.4282,9.7223,0,-0.4444,14.172,0
9.4282,9.6778,0,-0.4663,14.145,0
9.4282,9.6312,0,-0.48952,14.122,0
