18.333,18.333,0.069999,0,35.5,0
18.333,18.333,0,0.0020341,35.5,0.0042845
18.333,18.334,0,0.0021086,35.5,0.00486
18.333,18.334,0,0.0041774,35.5,0.0096753
18.346,18.334,0.040463,0.0046622,35.515,0
18.346,18.335,0,0.0027709,35.516,0
18.337,18.335,0.089919,0.00094004,35.514,0
18.337,18.335,0,0.001453,35.514,0
18.337,18.335,0,0.0054421,35.515,0.0071634
18.337,18.336,0,0.013343,35.515,0.025229
18.337,18.337,0,0.022201,35.515,0.047404
18.337,18.339,0,0.023255,35.515,0.054417
18.337,18.342,0,0.028375,35.515,0.070797
18.337,18.344,0,0.032804,35.514,0.086887
18.337,18.348,0,0.036868,35.513,0.10325
18.337,18.351,0,0.042972,35.512,0.12544
18.337,18.356,0,0.046002,35.51,0.14195
18.337,18.36,0,0.051303,35.508,0.16471
18.337,18.365,0,0.055073,35.506,0.18518
18.337,18.371,0,0.052789,35.503,0.1918
18.504,18.376,0.024933,0.051133,35.631,0
18.497,18.381,0.0065801,0.046291,35.645,0
18.497,18.386,0,0.046484,35.657,0
18.497,18.391,0,0.043977,35.668,0
18.497,18.395,0,0.037016,35.678,0
18.497,18.399,0,0.030858,35.688,0
18.497,18.402,0,0.029159,35.698,0
18.497,18.405,0,0.027547,35.707,0
18.497,18.407,0,0.025868,35.716,0
18.497,18.41,0,0.020383,35.725,0
18.497,18.412,0,0.018056,35.734,0
18.497,18.414,0,0.01596,35.742,0
18.497,18.415,0,0.015775,35.75,0
18.497,18.417,0,0.017597,35.758,0
18.497,18.419,0,0.020133,35.766,0
18.497,18.421,0,0.020944,35.774,0
18.497,18.423,0,0.021409,35.781,0
18.497,18.425,0,0.018774,35.789,0
18.497,18.427,0,0.016501,35.796,0
18.497,18.429,0,0.022114,35.803,0
18.497,18.431,0,0.020979,35.809,0
18.497,18.433,0,0.026185,35.816,0
18.502,18.436,0.1106,0.026496,35.743,0
18.51,18.438,0.099486,0.02866,35.757,0
18.51,18.441,0,0.03381,35.764,0
18.51,18.444,0,0.039678,35.771,0
18.51,18.448,0,0.042786,35.778,0
18.51,18.453,0,0.048201,35.783,0
18.578,18.457,0.14191,0.048161,35.795,0
18.578,18.462,0,0.055735,35.806,0
18.578,18.468,0,0.059329,35.818,0
18.578,18.474,0,0.06883,35.828,0
18.578,18.481,0,0.075686,35.839,0
18.578,18.488,0,0.082422,35.848,0
18.578,18.496,0,0.090387,35.857,0.028738
18.578,18.506,0,0.097342,35.864,0.065043
18.578,18.515,0,0.10672,35.871,0.10949
18.578,18.526,0,0.11042,35.877,0.14268
18.578,18.537,0,0.12148,35.881,0.19605
18.578,18.549,0,0.12878,35.885,0.24324
18.578,18.562,0,0.14485,35.887,0.31702
18.969,18.576,0.5527,0.15591,36.101,0
18.969,18.592,0,0.17427,36.14,0
18.969,18.61,0,0.18934,36.176,0
18.969,18.628,0,0.19868,36.211,0
18.969,18.648,0,0.20544,36.244,0
18.969,18.669,0,0.20794,36.275,0
18.969,18.69,0,0.20089,36.304,0
18.969,18.71,0,0.19559,36.331,0
18.969,18.729,0,0.19072,36.356,0
18.969,18.748,0,0.17778,36.379,0
18.969,18.766,0,0.16534,36.4,0
18.969,18.783,0,0.14304,36.42,0
18.969,18.797,0,0.11731,36.438,0
18.969,18.809,0,0.081798,36.454,0
18.969,18.817,0,0.045512,36.47,0
18.969,18.821,0,0.00036183,36.485,0
18.701,18.821,-1.2226,-0.011677,36.645,7.8233
18.701,18.82,0,-0.022959,36.633,0.19951
18.701,18.818,0,-0.035661,36.621,0.16616
18.701,18.814,0,-0.049618,36.61,0.12845
18.701,18.809,0,-0.063053,36.599,0.090226
18.701,18.803,0,-0.0765,36.588,0.050583
18.701,18.796,0,-0.090399,36.578,0.0088802
18.701,18.786,0,-0.1061,36.569,0
18.701,18.776,0,-0.12219,36.561,0
18.701,18.764,0,-0.13836,36.554,0
18.701,18.75,0,-0.15386,36.549,0
18.701,18.734,0,-0.17003,36.545,0
18.701,18.717,0,-0.1861,36.542,0
18.701,18.699,0,-0.20279,36.542,0
18.701,18.679,0,-0.22022,36.543,0
18.701,18.657,0,-0.23665,36.546,0
18.701,18.633,0,-0.25484,36.552,0
18.701,18.607,0,-0.27201,36.56,0
18.701,18.58,0,-0.29005,36.571,0
18.701,18.551,0,-0.30902,36.584,0
18.701,18.52,0,-0.32714,36.601,0
18.701,18.488,0,-0.34715,36.62,0
18.701,18.453,0,-0.36802,36.643,0
18.701,18.416,0,-0.38768,36.67,0
18.701,18.377,0,-0.40799,36.701,0
14.721,18.336,-1.69,-0.42879,31.872,33.074
14.721,18.294,0,-0.45052,31.513,9.6799
14.721,18.249,0,-0.47433,31.158,9.3312
14.204,18.201,-1.7297,-0.4993,30.735,35.769
14.204,18.151,0,-0.52551,30.338,10.795
14.204,18.099,0,-0.55341,29.946,10.374
14.204,18.043,0,-0.57976,29.559,9.958
14.204,17.985,0,-0.60902,29.178,9.519
14.204,17.924,0,-0.63785,28.803,9.079
14.204,17.861,0,-0.66816,28.434,8.627
14.204,17.794,0,-0.69936,28.072,8.1676
14.204,17.724,0,-0.73379,27.716,7.6884
14.204,17.65,0,-0.77108,27.368,7.1935
14.204,17.573,0,-0.81087,27.027,6.6874
14.204,17.492,0,-0.85506,26.694,6.163
14.204,17.407,0,-0.89981,26.37,5.6437
14.204,17.317,0,-0.94581,26.054,5.1297
14.204,17.222,0,-0.99659,25.748,4.6103
14.204,17.123,0,-1.0489,25.451,4.1061
11.185,17.018,-2.0765,-1.1058,22.841,49.858
11.185,16.907,0,-1.1677,22.264,14.218
11.185,16.79,0,-1.2316,21.697,13.218
11.185,16.667,0,-1.3008,21.143,12.186
11.185,16.537,0,-1.3744,20.601,11.135
11.185,16.4,0,-1.4546,20.073,10.061
11.185,16.254,0,-1.543,19.559,8.9683
11.185,16.1,0,-1.6373,19.059,7.8884
11.185,15.936,0,-1.7386,18.576,6.8384
11.185,15.762,0,-1.8521,18.11,5.8293
11.185,15.577,0,-1.9692,17.661,4.9387
11.185,15.38,0,-2.101,17.232,4.1928
11.185,15.17,0,-2.2432,16.823,3.6965
11.185,14.946,0,-2.3914,16.436,3.5695
11.185,14.707,0,-2.5504,16.072,3.9781
11.185,14.452,0,-2.7204,15.732,5.177
11.185,14.18,0,-2.8973,15.419,7.5108
11.185,13.89,0,-4.4,15.134,64.727
11.185,13.45,0,-4.4,14.886,85.375
11.185,13.01,0,-4.4,14.681,114.48
11.185,12.57,0,-4.4,14.521,157.44
11.185,12.13,0,-5.2,14.404,0
5.9763,11.61,-1.7899,-5.2,8.6201,10.363
5.9763,11.09,0,-5.2,8.0827,42.576
5.9763,10.57,0,-5.2,7.5974,54.195
5.9763,10.05,0,-5.2,7.164,53.129
5.9763,9.5298,0,-5.2,6.7827,52.063
5.9763,9.0098,0,-5.2,6.4533,50.997
5.9763,8.4898,0,-5.2,6.176,49.931
5.9763,7.9698,0,-5.2,5.9506,48.865
5.9763,7.4498,0,-5.2,5.7773,47.799
5.9763,6.9298,0,-5.2,5.6559,46.733
5.9763,6.4098,0,-5.2,5.5866,45.667
5.9763,5.8898,0,-8.8,5.5692,37.036
5.9763,5.0098,0,-8.8,5.6219,35.232
5.9763,4.1298,0,-8.8,5.7625,33.428
5.9763,3.2498,0,-8.8,5.9912,31.624
5.9763,2.3698,0,4.9,6.3078,17.833
5.9763,2.8598,0,4.9,6.6439,20.688
5.9763,3.3498,0,4.9,6.9311,23.599
5.9763,3.8398,0,4.8982,7.1692,26.543
5.9763,4.3296,0,3.8183,7.3584,18.63
5.9763,4.7115,0,3.2319,7.504,15.288
5.9763,5.0346,0,2.8394,7.6143,13.527
8.1647,5.3186,1.6305,2.5649,8.6616,0
8.1647,5.5751,0,2.3484,8.9334,2.0379
8.1647,5.8099,0,2.1975,9.1806,2.0576
8.1647,6.0297,0,2.0682,9.4051,2.1504
8.1647,6.2365,0,1.9642,9.6083,2.3439
8.1647,6.4329,0,1.8926,9.7913,2.6903
9.1573,6.6222,1.9612,1.8392,10.242,0
9.1573,6.8061,0,1.8046,10.487,0
9.1573,6.9865,0,1.7853,10.713,0.45316
9.1573,7.1651,0,1.7732,10.921,1.0247
9.1573,7.3424,0,1.7711,11.111,1.6648
9.1573,7.5195,0,1.7759,11.284,2.3662
9.1573,7.6971,0,1.7673,11.439,3.0116
9.1573,7.8738,0,1.7655,11.576,3.7133
9.1573,8.0504,0,1.7553,11.696,4.3784
9.1573,8.2259,0,1.7418,11.797,5.0315
9.1573,8.4001,0,1.7262,11.882,5.6778
11.441,8.5727,1.7504,1.7035,13.279,0
11.441,8.7431,0,1.6775,13.557,0
11.441,8.9108,0,1.6542,13.819,0
11.441,9.0762,0,1.6397,14.063,0
11.441,9.2402,0,1.6217,14.292,0
11.441,9.4024,0,1.6028,14.504,0.015335
11.441,9.5627,0,1.5871,14.699,0.47781
11.441,9.7214,0,1.5686,14.879,0.93341
11.441,9.8782,0,1.5497,15.043,1.3921
11.441,10.033,0,1.5317,15.192,1.859
11.441,10.186,0,1.5151,15.325,2.3369
11.441,10.338,0,1.4959,15.443,2.804
11.441,10.487,0,1.4747,15.546,3.2599
11.441,10.635,0,1.4553,15.634,3.7265
11.441,10.78,0,1.4397,15.707,4.2158
11.441,10.924,0,1.4279,15.766,4.7314
11.441,11.067,0,1.4126,15.81,5.228
11.441,11.208,0,1.4071,15.841,5.7907
11.441,11.349,0,1.4012,15.857,6.3579
11.441,11.489,0,1.3967,15.859,6.9418
11.441,11.629,0,1.3862,15.847,7.49
11.441,11.768,0,1.3813,15.821,8.0816
11.441,11.906,0,1.3755,15.782,8.6728
11.441,12.043,0,1.3763,15.728,9.3189
11.441,12.181,0,1.3807,15.661,10.002
11.441,12.319,0,1.386,15.58,10.705
11.441,12.458,0,1.3858,15.485,11.376
11.441,12.596,0,1.3858,15.377,12.058
11.441,12.735,0,1.376,15.254,12.668
11.441,12.872,0,1.367,15.118,13.285
15.958,13.009,1.2808,1.36,21.857,0
15.958,13.145,0,1.3519,22.145,0
15.958,13.28,0,1.3437,22.419,0
16.346,13.415,1.1093,1.3314,22.758,0
16.346,13.548,0,1.3168,23.045,0
16.346,13.679,0,1.2954,23.318,0
16.346,13.809,0,1.2739,23.578,0
16.346,13.936,0,1.2595,23.826,0
16.867,14.062,1.0241,1.2433,24.191,0
16.867,14.187,0,1.2297,24.465,0
16.867,14.31,0,1.213,24.727,0
16.867,14.431,0,1.1965,24.977,0
17.261,14.551,0.97657,1.1808,25.301,0
17.261,14.669,0,1.171,25.566,0
17.261,14.786,0,1.1607,25.819,0
17.261,14.902,0,1.1485,26.061,0
17.261,15.017,0,1.1339,26.291,0
17.261,15.13,0,1.1201,26.51,0
17.261,15.242,0,1.1081,26.717,0
17.261,15.353,0,1.0894,26.913,0
17.261,15.462,0,1.0736,27.099,0
17.261,15.569,0,1.0563,27.273,0
17.261,15.675,0,1.0458,27.437,0
17.261,15.779,0,1.0293,27.59,0
17.261,15.882,0,1.0152,27.733,0
17.261,15.984,0,1.0043,27.866,0
17.261,16.084,0,0.98787,27.989,0.061177
17.261,16.183,0,0.97179,28.101,0.29101
17.261,16.28,0,0.95786,28.204,0.52886
17.261,16.376,0,0.94473,28.298,0.77001
17.261,16.47,0,0.93148,28.381,1.0106
17.261,16.564,0,0.91967,28.456,1.2574
18.883,16.656,0.63247,0.90835,30.26,0
18.883,16.746,0,0.89422,30.478,0
18.883,16.836,0,0.87985,30.687,0
18.883,16.924,0,0.86685,30.888,0
18.883,17.011,0,0.84758,31.079,0
18.883,17.095,0,0.82952,31.262,0
18.883,17.178,0,0.818,31.437,0
18.883,17.26,0,0.80552,31.603,0
18.883,17.341,0,0.78786,31.762,0
18.883,17.419,0,0.77125,31.912,0
18.883,17.496,0,0.75768,32.054,0
18.883,17.572,0,0.74152,32.189,0
18.883,17.646,0,0.73193,32.317,0
19.548,17.72,0.50398,0.72381,32.867,0
19.548,17.792,0,0.71183,33.047,0
19.548,17.863,0,0.70501,33.219,0
19.548,17.934,0,0.69612,33.384,0
19.745,18.003,0.5098,0.68442,33.587,0
19.745,18.072,0,0.67974,33.758,0
19.745,18.14,0,0.67488,33.922,0
19.745,18.207,0,0.66656,34.079,0
19.745,18.274,0,0.66081,34.23,0
19.745,18.34,0,0.6541,34.373,0
19.745,18.405,0,0.65102,34.511,0
19.745,18.47,0,0.64683,34.641,0
19.745,18.535,0,0.64459,34.766,0
19.745,18.6,0,0.63604,34.883,0
19.745,18.663,0,0.63365,34.995,0
19.745,18.727,0,0.63536,35.1,0
19.745,18.79,0,0.63449,35.198,0
19.745,18.854,0,0.63563,35.291,0
19.745,18.917,0,0.6376,35.377,0
19.745,18.981,0,0.63594,35.456,0
19.745,19.044,0,0.63322,35.53,0.095409
19.745,19.108,0,0.63409,35.597,0.27177
20.824,19.171,0.60434,0.63028,36.551,0
20.824,19.234,0,0.62955,36.713,0
20.824,19.297,0,0.62907,36.869,0
20.824,19.36,0,0.62864,37.018,0
20.824,19.423,0,0.62823,37.161,0
20.824,19.486,0,0.63121,37.298,0
20.824,19.549,0,0.6336,37.429,0
20.824,19.612,0,0.63488,37.553,0
21.362,19.676,0.70819,0.63582,37.872,0
21.362,19.739,0,0.63573,38.038,0
21.362,19.803,0,0.63503,38.197,0
21.362,19.866,0,0.63908,38.35,0
21.362,19.93,0,0.64013,38.496,0
21.362,19.994,0,0.6388,38.636,0
21.362,20.058,0,0.63382,38.77,0
21.362,20.122,0,0.63262,38.897,0
21.362,20.185,0,0.63016,39.018,0
21.362,20.248,0,0.62591,39.133,0
21.362,20.31,0,0.6216,39.241,0
21.362,20.373,0,0.61368,39.343,0
21.362,20.434,0,0.60959,39.439,0
21.362,20.495,0,0.60559,39.529,0
21.362,20.555,0,0.60027,39.613,0
21.362,20.615,0,0.58773,39.69,0
21.362,20.674,0,0.57099,39.762,0
21.362,20.731,0,0.55513,39.828,0.019042
21.362,20.787,0,0.53499,39.888,0.098639
21.362,20.84,0,0.51933,39.943,0.18801
22.265,20.892,0.089513,0.50345,41.117,0
22.265,20.943,0,0.49059,41.252,0
22.265,20.992,0,0.47824,41.381,0
22.265,21.04,0,0.46648,41.506,0
22.265,21.086,0,0.45406,41.626,0
22.265,21.132,0,0.44572,41.742,0
22.265,21.176,0,0.43751,41.853,0
22.265,21.22,0,0.43604,41.96,0
22.265,21.264,0,0.43362,42.062,0
22.265,21.307,0,0.42765,42.16,0
22.265,21.35,0,0.42759,42.253,0
22.265,21.392,0,0.42174,42.343,0
22.595,21.435,0.4675,0.42098,42.615,0
22.595,21.477,0,0.42519,42.729,0
22.595,21.519,0,0.42691,42.839,0
22.595,21.562,0,0.43244,42.944,0
22.595,21.605,0,0.43979,43.045,0
22.595,21.649,0,0.44878,43.142,0
22.595,21.694,0,0.46289,43.234,0
22.595,21.74,0,0.4883,43.322,0
22.595,21.789,0,0.5187,43.405,0
22.595,21.841,0,0.5523,43.483,0
22.595,21.896,0,0.58558,43.556,0
22.595,21.955,0,0.61805,43.623,0.20831
22.595,22.017,0,0.64419,43.683,0.47544
23.949,22.081,1.2991,0.66968,44.454,0
23.949,22.148,0,0.68778,44.637,0
23.949,22.217,0,0.71022,44.814,0
23.949,22.288,0,0.73099,44.984,0
23.949,22.361,0,0.74746,45.146,0
23.949,22.436,0,0.76704,45.301,0
23.949,22.512,0,0.78532,45.449,0
23.949,22.591,0,0.80758,45.588,0
23.949,22.672,0,0.83169,45.72,0
23.949,22.755,0,0.85896,45.844,0
23.949,22.841,0,0.89062,45.959,0
23.949,22.93,0,0.92189,46.065,0.26534
23.949,23.022,0,0.94492,46.162,0.63961
25.868,23.116,1.4703,0.96776,47.414,0.65573
25.868,23.213,0,0.98464,47.684,0
25.868,23.312,0,0.99604,47.945,0
25.868,23.411,0,1.0018,48.196,0
25.868,23.511,0,1.0031,48.436,0
25.868,23.612,0,1.0029,48.667,0
25.868,23.712,0,1.008,48.887,0
25.868,23.813,0,1.0108,49.098,0
25.868,23.914,0,1.0164,49.298,0
25.868,24.016,0,1.0223,49.489,0
25.868,24.118,0,1.0294,49.669,0
25.868,24.221,0,1.0373,49.838,0
25.868,24.324,0,1.0525,49.998,0
25.868,24.43,0,1.0667,50.147,0
25.868,24.536,0,1.0878,50.285,0
25.868,24.645,0,1.1108,50.413,0.42919
25.868,24.756,0,1.1286,50.53,0.86396
25.868,24.869,0,1.1497,50.635,1.3386
25.868,24.984,0,1.167,50.729,1.8215
25.868,25.101,0,1.1888,50.812,2.3518
25.868,25.22,0,1.2063,50.883,2.8858
25.868,25.34,0,1.2248,50.941,3.4497
25.868,25.463,0,1.2387,50.988,4.0105
25.868,25.587,0,1.2534,51.022,4.5966
25.868,25.712,0,4.8,51.044,37.891
25.868,26.192,0,1.1346,51.036,6.3549
25.868,26.305,0,1.1478,50.998,6.9333
25.868,26.42,0,4.8,50.948,42.465
25.868,26.9,0,1.0338,50.869,8.7821
25.868,27.004,0,4.8,50.76,46.284
25.868,27.484,0,0.91563,50.623,10.612
25.868,27.575,0,0.9266,50.457,11.13
25.868,27.668,0,4.8,50.281,50.684
25.868,28.148,0,0.79927,50.077,12.908
25.868,28.228,0,0.804,49.845,13.34
25.868,28.308,0,0.80259,49.605,13.728
25.868,28.388,0,4.8,49.357,55.513
31.126,28.868,0.77871,0.6654,58.968,0
31.126,28.935,0,0.66591,59.191,0
31.126,29.002,0,0.67085,59.406,0
31.368,29.069,0.81291,-2,59.656,71.333
31.368,28.869,0,4.8,59.896,23.341
31.368,29.349,0,-2,60.122,52.403
31.368,29.149,0,-2,60.334,59.857
31.368,28.949,0,4.8,60.566,23.82
31.368,29.429,0,-2,60.784,49.697
31.368,29.229,0,-2,60.988,56.75
31.368,29.029,0,4.8,61.212,24.3
31.832,29.509,0.56101,-2,61.635,69.523
31.832,29.309,0,-2,61.877,73.408
31.832,29.109,0,-2,62.14,84.173
31.832,28.909,0,4.8,62.422,20.829
31.832,29.389,0,-2,62.69,69.539
31.832,29.189,0,-2,62.945,79.667
31.832,28.989,0,4.8,63.219,21.3
31.832,29.469,0,-2,63.479,65.893
31.832,29.269,0,-2,63.726,75.431
32.317,29.069,0.6285,-2,64.246,116.52
32.317,28.869,0,4.8,64.581,17.775
32.317,29.349,0,-2,64.902,99.907
32.317,29.149,0,-2,65.209,115.39
32.317,28.949,0,4.8,65.535,18.236
32.317,29.429,0,-2,65.848,94.417
32.731,29.229,0.74125,-2,66.278,133.81
32.731,29.029,0,4.8,66.638,16.319
32.731,29.509,0,-2,66.984,120.11
32.731,29.309,0,-2,67.317,139.62
32.731,29.109,0,-2,67.669,163.38
32.731,28.909,0,4.8,68.041,15.64
32.731,29.389,0,-2,68.399,131.37
32.731,29.189,0,-2,68.744,153.29
33.321,28.989,0.71828,4.8,69.324,5.4766
33.321,29.469,0,-2,69.733,197.87
33.321,29.269,0,-2,70.128,236.6
33.321,29.069,0,-2,70.544,287.26
33.321,28.869,0,4.8,70.979,12.139
33.321,29.349,0,-2,71.4,219.92
33.321,29.149,0,-2,71.807,265.25
33.321,28.949,0,4.8,72.235,12.577
33.321,29.429,0,-2,72.648,204.86
33.321,29.229,0,-2,73.047,245.63
34.065,29.029,0.67816,4.8,73.844,2.6781
34.065,29.509,0,-2,74.324,402.34
34.208,29.309,0.71679,-2,74.794,326.64
