21.667,21.667,0.81534,0,35.5,0
21.667,21.667,0,0.02171,35.5,0.0468
21.667,21.669,0,0.043246,35.5,0.10022
21.667,21.673,0,0.06609,35.499,0.16409
21.667,21.68,0,0.084354,35.498,0.22446
21.667,21.688,0,0.10203,35.497,0.28969
21.667,21.698,0,0.11939,35.494,0.36048
21.667,21.71,0,0.13501,35.49,0.43279
21.667,21.724,0,0.15121,35.485,0.51277
22.297,21.739,0.72593,0.16909,35.756,0
22.363,21.756,0.6904,0.18419,35.808,0
22.363,21.774,0,0.19924,35.867,0
22.363,21.794,0,0.21703,35.925,0
22.363,21.816,0,0.23165,35.981,0
22.363,21.839,0,0.24617,36.035,0
22.363,21.864,0,0.25642,36.086,0
22.363,21.889,0,0.26826,36.135,0
22.83,21.916,0.53233,0.27715,36.336,0
22.83,21.944,0,0.28199,36.426,0
22.83,21.972,0,0.28865,36.513,0
22.961,22.001,0.37579,0.29133,36.623,0
22.961,22.03,0,0.29667,36.717,0
22.961,22.06,0,0.304,36.809,0
22.961,22.09,0,0.3121,36.898,0
22.961,22.121,0,0.32699,36.983,0
22.961,22.154,0,0.33691,37.065,0
22.961,22.188,0,0.3444,37.144,0
22.961,22.222,0,0.34395,37.22,0
22.961,22.257,0,0.34007,37.292,0
22.961,22.291,0,0.34189,37.361,0
22.961,22.325,0,0.34825,37.426,0
22.961,22.36,0,0.35686,37.488,0
22.961,22.395,0,0.36117,37.546,0
22.961,22.431,0,0.3651,37.601,0
22.961,22.468,0,0.37014,37.652,0
22.961,22.505,0,0.3728,37.699,0
22.961,22.542,0,0.37407,37.743,0
22.961,22.58,0,0.37907,37.783,0.10599
22.961,22.618,0,0.38139,37.819,0.20861
22.961,22.656,0,0.38295,37.852,0.3113
22.961,22.694,0,0.38728,37.88,0.42532
24.016,22.733,0.46369,0.39062,39.04,0
24.016,22.772,0,0.39178,39.166,0
24.109,22.811,0.53953,0.39494,39.294,0
24.109,22.85,0,0.39967,39.422,0
24.109,22.89,0,0.40247,39.545,0
24.109,22.931,0,0.40605,39.665,0
24.109,22.971,0,0.40881,39.781,0
24.109,23.012,0,0.41541,39.893,0
24.42,23.054,0.52018,0.41602,40.095,0
24.42,23.095,0,0.41831,40.229,0
24.42,23.137,0,0.41938,40.36,0
24.42,23.179,0,0.42197,40.486,0
24.42,23.221,0,0.42549,40.608,0
24.68,23.264,0.51017,0.43104,40.771,0
24.724,23.307,0.50178,0.43112,40.91,0
24.724,23.35,0,0.43439,41.05,0
24.724,23.393,0,0.43428,41.185,0
24.724,23.437,0,0.4382,41.316,0
24.724,23.481,0,0.44264,41.442,0
24.724,23.525,0,0.44469,41.564,0
24.724,23.569,0,0.44615,41.682,0
24.724,23.614,0,0.44867,41.795,0
24.724,23.659,0,0.44869,41.904,0
24.724,23.704,0,0.45095,42.008,0
24.724,23.749,0,0.44972,42.108,0
24.724,23.794,0,0.44735,42.203,0
24.724,23.839,0,0.44767,42.294,0
24.724,23.883,0,0.4487,42.38,0
24.724,23.928,0,0.44903,42.462,0
24.724,23.973,0,0.44896,42.539,0
24.724,24.018,0,0.45041,42.612,0
24.724,24.063,0,0.45287,42.68,0
24.724,24.108,0,0.45666,42.744,0
25.665,24.154,0.51719,0.45906,43.675,0
25.665,24.2,0,0.46099,43.824,0
25.665,24.246,0,0.46431,43.968,0
25.665,24.292,0,0.46468,44.108,0
25.665,24.339,0,0.4659,44.243,0
25.665,24.385,0,0.46528,44.373,0
25.665,24.432,0,0.46453,44.499,0
25.665,24.478,0,0.46468,44.619,0
25.665,24.525,0,0.46467,44.736,0
25.665,24.571,0,0.46713,44.847,0
25.665,24.618,0,0.46617,44.954,0
25.665,24.665,0,0.4645,45.057,0
25.665,24.711,0,0.46304,45.154,0
25.665,24.757,0,0.46115,45.248,0
25.665,24.804,0,0.45961,45.336,0
25.665,24.85,0,0.45394,45.42,0
25.665,24.895,0,0.4496,45.499,0
25.665,24.94,0,0.44801,45.574,0
25.665,24.985,0,0.44537,45.644,0
25.665,25.029,0,0.44538,45.71,0
25.665,25.074,0,0.44269,45.771,0
25.665,25.118,0,0.44224,45.828,0
25.665,25.162,0,0.43661,45.881,0
25.665,25.206,0,0.43391,45.929,0.077449
25.665,25.249,0,0.43098,45.972,0.17906
25.665,25.292,0,0.42599,46.012,0.27464
25.665,25.335,0,0.42292,46.047,0.37641
25.665,25.377,0,0.41882,46.078,0.47522
25.665,25.419,0,0.4174,46.104,0.58334
25.665,25.461,0,0.417,46.127,0.69619
25.665,25.503,0,0.41638,46.145,0.80983
25.665,25.544,0,0.41675,46.159,0.92853
25.665,25.586,0,0.41644,46.169,1.0465
25.665,25.628,0,0.4148,46.175,1.1608
27.026,25.669,0.22595,0.4101,48.648,0
27.026,25.71,0,0.40646,48.782,0
27.026,25.751,0,0.39815,48.912,0
27.026,25.791,0,0.39393,49.037,0
27.026,25.83,0,0.3892,49.159,0
27.026,25.869,0,0.38447,49.276,0
27.026,25.907,0,0.38237,49.39,0
27.026,25.946,0,0.37606,49.5,0
27.21,25.983,0.18771,0.37015,49.69,0
27.21,26.02,0,0.36684,49.811,0
27.21,26.057,0,0.36254,49.928,0
27.21,26.093,0,0.35333,50.041,0
27.21,26.128,0,0.34641,50.151,0
27.21,26.163,0,0.33541,50.258,0
27.21,26.197,0,0.32461,50.361,0
27.21,26.229,0,0.31325,50.46,0
27.21,26.26,0,0.2972,50.557,0
27.21,26.29,0,0.27763,50.65,0
27.21,26.318,0,0.26096,50.741,0
27.21,26.344,0,0.23971,50.829,0
27.21,26.368,0,0.21782,50.914,0
27.21,26.39,0,0.19838,50.997,0
27.21,26.41,0,0.17989,51.079,0
27.21,26.428,0,0.16475,51.158,0
27.21,26.444,0,0.15131,51.235,0
27.21,26.459,0,0.13746,51.311,0
27.21,26.473,0,0.12324,51.385,0
27.21,26.485,0,0.11398,51.458,0
27.21,26.497,0,0.10329,51.53,0
27.21,26.507,0,0.092592,51.601,0
27.21,26.516,0,0.084155,51.671,0
27.21,26.525,0,0.071683,51.74,0
27.21,26.532,0,0.060715,51.808,0
27.21,26.538,0,0.050237,51.876,0
27.21,26.543,0,0.043693,51.943,0
27.21,26.547,0,0.039629,52.009,0
27.21,26.551,0,0.037271,52.075,0
27.21,26.555,0,0.032302,52.141,0
27.21,26.558,0,0.028754,52.206,0
26.65,26.561,0.072308,0.02686,51.537,0
26.65,26.564,0,0.030159,51.546,0
26.65,26.567,0,0.034443,51.555,0
26.65,26.57,0,0.039133,51.563,0
26.65,26.574,0,0.042038,51.571,0
26.722,26.578,0.024834,0.043231,51.596,0
26.722,26.583,0,0.043209,51.61,0
26.722,26.587,0,0.04117,51.624,0
26.717,26.591,-0.09254,0.037862,51.638,0.027815
26.717,26.595,0,0.035458,51.65,0
26.705,26.598,-0.26795,0.032149,51.663,0.57381
26.705,26.602,0,0.025313,51.673,0
26.705,26.604,0,0.016085,51.683,0
26.705,26.606,0,0.00035359,51.693,0
26.705,26.606,0,-0.0033605,51.703,0
26.705,26.605,0,-0.006336,51.713,0
26.705,26.605,0,-0.010074,51.723,0
26.705,26.604,0,-0.012684,51.734,0
26.705,26.603,0,-0.015268,51.744,0
26.705,26.601,0,-0.019107,51.754,0
26.705,26.599,0,-0.022994,51.765,0
26.705,26.597,0,-0.026397,51.775,0
26.705,26.594,0,-0.029644,51.786,0
26.705,26.591,0,-0.03201,51.798,0
26.705,26.588,0,-0.034851,51.809,0
26.705,26.585,0,-0.037302,51.821,0
26.705,26.581,0,-0.040319,51.833,0
26.705,26.577,0,-0.043325,51.846,0
26.705,26.572,0,-0.046619,51.859,0
26.705,26.568,0,-0.05046,51.873,0
26.705,26.563,0,-0.053794,51.887,0
26.705,26.557,0,-0.056738,51.901,0
26.705,26.552,0,-0.060492,51.916,0
26.705,26.546,0,-0.064639,51.932,0
26.705,26.539,0,-0.068811,51.948,0
26.705,26.532,0,-0.072621,51.965,0
26.705,26.525,0,-0.077382,51.983,0
26.705,26.517,0,-0.080927,52.001,0
26.705,26.509,0,-0.084522,52.021,0
26.705,26.501,0,-0.087812,52.041,0
26.705,26.492,0,-0.090032,52.062,0
26.705,26.483,0,-0.091794,52.083,0
26.705,26.474,0,-0.0928,52.106,0
26.705,26.465,0,-0.093017,52.13,0
26.705,26.455,0,-0.092527,52.154,0
26.705,26.446,0,-0.092696,52.18,0
26.705,26.437,0,-0.092569,52.206,0
26.705,26.427,0,-0.091522,52.234,0
26.705,26.418,0,-0.091355,52.262,0
26.705,26.409,0,-0.091061,52.291,0
26.705,26.4,0,-0.090985,52.321,0
26.705,26.391,0,-0.091147,52.352,0
26.705,26.382,0,-0.090867,52.384,0
26.705,26.373,0,-0.091122,52.417,0
26.705,26.364,0,-0.089864,52.451,0
26.705,26.355,0,-0.089229,52.485,0
26.705,26.346,0,-0.088792,52.521,0
26.705,26.337,0,-0.089342,52.557,0
26.705,26.328,0,-0.089942,52.594,0
25.278,26.319,-0.38062,-0.092093,48.215,4.2969
25.278,26.31,0,-0.094533,48.111,2.3024
25.278,26.3,0,-0.097813,48.008,2.2619
25.278,26.29,0,-0.10193,47.907,2.2175
25.278,26.28,0,-0.10515,47.806,2.1756
25.278,26.27,0,-0.10889,47.706,2.1311
25.02,26.259,-0.36595,-0.11193,47.542,4.851
25.02,26.248,0,-0.11497,47.419,2.8095
25.02,26.236,0,-0.11795,47.297,2.7617
25.02,26.224,0,-0.12202,47.176,2.7087
25.02,26.212,0,-0.12522,47.056,2.6585
25.02,26.2,0,-0.12896,46.937,2.6054
25.02,26.187,0,-0.13239,46.82,2.5529
24.704,26.174,-0.48036,-0.13668,46.608,6.4485
24.704,26.16,0,-0.14092,46.462,3.4153
24.704,26.146,0,-0.14461,46.317,3.3533
24.704,26.131,0,-0.14914,46.173,3.2867
24.704,26.116,0,-0.15466,46.031,3.2149
24.704,26.101,0,-0.1596,45.891,3.1445
24.704,26.085,0,-0.16384,45.752,3.0761
24.704,26.069,0,-0.16689,45.615,3.012
24.704,26.052,0,-0.17133,45.479,2.9415
24.704,26.035,0,-0.17596,45.346,2.8695
24.704,26.017,0,-0.18018,45.213,2.7984
24.704,25.999,0,-0.18646,45.083,2.7183
24.704,25.981,0,-0.19241,44.954,2.6385
24.704,25.961,0,-0.19811,44.828,2.5588
24.704,25.941,0,-0.20283,44.703,2.4822
24.704,25.921,0,-0.20779,44.58,2.4041
24.704,25.9,0,-0.21152,44.46,2.33
24.704,25.879,0,-0.21683,44.341,2.2498
24.704,25.858,0,-0.22,44.225,2.177
24.704,25.836,0,-0.22219,44.111,2.1075
24.704,25.813,0,-0.2245,43.999,2.0378
24.704,25.791,0,-0.22526,43.889,1.9735
23.662,25.768,-0.054998,-0.22464,42.477,5.5599
23.662,25.746,0,-0.22397,42.267,5.1577
23.662,25.724,0,-0.22347,42.06,5.0799
23.662,25.701,0,-0.22274,41.855,5.0038
23.662,25.679,0,-0.2221,41.652,4.9279
23.662,25.657,0,-0.22221,41.451,4.8486
23.662,25.634,0,-0.22008,41.253,4.7812
23.662,25.612,0,-0.21667,41.057,4.7213
23.662,25.591,0,-0.21406,40.863,4.6587
23.662,25.569,0,-0.21121,40.671,4.5984
23.662,25.548,0,-0.20889,40.481,4.5366
23.662,25.527,0,-0.20591,40.293,4.4791
23.662,25.507,0,-0.20441,40.108,4.4155
23.662,25.486,0,-0.20204,39.924,4.357
23.774,25.466,0.15499,-0.19857,39.778,3.2114
23.774,25.446,0,-0.19639,39.61,3.8711
23.774,25.427,0,-0.19251,39.443,3.8242
23.774,25.407,0,-0.1901,39.279,3.7719
23.774,25.388,0,-0.18724,39.117,3.7226
23.774,25.37,0,-0.18218,38.956,3.6846
23.774,25.351,0,-0.179,38.797,3.6396
23.774,25.334,0,-0.17457,38.64,3.6015
23.774,25.316,0,-0.17161,38.485,3.5582
23.774,25.299,0,-0.1685,38.332,3.5167
23.774,25.282,0,-0.16428,38.18,3.4812
23.774,25.266,0,-0.16013,38.03,3.4469
23.774,25.25,0,-0.1551,37.882,3.4179
23.774,25.234,0,-0.15113,37.735,3.3859
23.774,25.219,0,-0.14546,37.59,3.3627
23.774,25.204,0,-0.13945,37.446,3.3429
23.774,25.19,0,-0.1349,37.303,3.3185
23.774,25.177,0,-0.12972,37.162,3.2985
23.774,25.164,0,-0.12736,37.023,3.2674
23.774,25.151,0,-0.12503,36.884,3.2371
23.774,25.139,0,-0.11964,36.747,3.2212
23.774,25.127,0,-0.11489,36.611,3.2041
23.774,25.115,0,-0.10985,36.476,3.1898
23.774,25.104,0,-0.10477,36.343,3.1773
23.774,25.094,0,-0.10072,36.21,3.1618
23.774,25.084,0,-0.09613,36.079,3.1501
23.774,25.074,0,-0.09381,35.948,3.1298
23.774,25.065,0,-0.089967,35.819,3.1169
23.774,25.056,0,-0.085665,35.69,3.1073
23.774,25.047,0,-0.082633,35.562,3.0935
23.774,25.039,0,-0.079596,35.435,3.0806
23.774,25.031,0,-0.075921,35.309,3.0715
23.774,25.023,0,-0.075361,35.184,3.0499
23.774,25.016,0,-0.074148,35.059,3.0314
23.774,25.008,0,-0.072801,34.935,3.0138
23.774,25.001,0,-0.073072,34.812,2.9896
23.774,24.994,0,-0.073326,34.69,2.9655
23.774,24.987,0,-0.072209,34.568,2.9473
23.774,24.979,0,-0.072418,34.447,2.9237
23.774,24.972,0,-0.072644,34.327,2.9001
24.432,24.965,-0.094612,-0.072616,35.859,1.3342
24.432,24.958,0,-0.074249,35.806,1.002
24.391,24.95,-0.22143,-0.076575,35.736,1.8878
24.391,24.942,0,-0.07784,35.681,1.0555
24.391,24.935,0,-0.082139,35.626,1.0233
24.391,24.926,0,-0.086897,35.572,0.98904
24.391,24.918,0,-0.091754,35.519,0.95364
24.218,24.909,-0.42468,-0.095687,35.451,3.2464
24.218,24.899,0,-0.10005,35.382,1.3157
24.218,24.889,0,-0.10403,35.314,1.2774
24.218,24.879,0,-0.10948,35.248,1.2338
24.042,24.868,-0.56891,-0.11582,35.146,4.5542
24.042,24.856,0,-0.12264,35.064,1.5908
24.042,24.844,0,-0.127,34.983,1.5436
24.042,24.831,0,-0.13162,34.904,1.4948
24.042,24.818,0,-0.13601,34.825,1.4461
24.042,24.804,0,-0.14164,34.748,1.3928
24.042,24.79,0,-0.14755,34.673,1.3379
24.042,24.775,0,-0.15339,34.599,1.2824
24.042,24.76,0,-0.16122,34.526,1.2202
24.042,24.744,0,-0.17016,34.455,1.1539
24.042,24.727,0,-0.17695,34.386,1.0929
24.042,24.709,0,-0.18482,34.318,1.0282
24.042,24.691,0,-0.1915,34.252,0.96624
24.042,24.672,0,-0.19948,34.188,0.90041
24.042,24.652,0,-0.20615,34.126,0.83755
24.042,24.631,0,-0.21367,34.067,0.77237
23.127,24.61,-0.78717,-0.22453,33.328,8.4962
23.127,24.587,0,-0.23541,33.181,3.0204
23.127,24.564,0,-0.24618,33.036,2.9042
23.127,24.539,0,-0.25625,32.894,2.7893
23.127,24.514,0,-0.26545,32.754,2.6769
23.127,24.487,0,-0.2731,32.617,2.5696
23.127,24.46,0,-0.27982,32.482,2.4652
22.631,24.432,-0.56527,-0.28679,32.167,7.5456
22.575,24.403,-0.54138,-0.29352,31.981,7.4222
22.575,24.374,0,-0.30153,31.799,3.7973
22.575,24.343,0,-0.30813,31.621,3.6704
22.575,24.313,0,-0.31402,31.446,3.5461
22.575,24.281,0,-0.31626,31.274,3.4373
22.575,24.25,0,-0.31743,31.104,3.3336
22.575,24.218,0,-0.31669,30.939,3.2385
22.575,24.186,0,-0.31644,30.776,3.1425
22.32,24.155,0.06649,-0.31503,30.498,3.5433
22.32,24.123,0,-0.31009,30.316,3.7721
22.32,24.092,0,-0.3041,30.137,3.6991
22.32,24.062,0,-0.29911,29.962,3.6239
22.32,24.032,0,-0.29393,29.789,3.5515
22.32,24.002,0,-0.28888,29.619,3.4805
22.32,23.973,0,-0.2818,29.453,3.4202
22.32,23.945,0,-0.27589,29.289,3.3573
22.32,23.918,0,-0.2684,29.128,3.3032
22.32,23.891,0,-0.26043,28.969,3.2537
22.32,23.865,0,-0.25312,28.814,3.2039
22.32,23.84,0,-0.24332,28.66,3.1671
22.32,23.815,0,-0.2364,28.51,3.1211
22.32,23.792,0,-0.24155,28.361,3.0266
22.32,23.767,0,-0.26903,28.216,2.8407
22.32,23.74,0,-0.31715,28.072,2.5736
22.32,23.709,0,-0.3794,27.932,2.2589
22.32,23.671,0,-0.44403,27.795,1.9462
22.32,23.626,0,-0.49714,27.662,1.6805
22.32,23.577,0,-0.53274,27.534,1.4718
22.32,23.523,0,-0.55292,27.411,1.3071
22.32,23.468,0,-0.56215,27.293,1.1716
20.671,23.412,-0.70484,-0.57272,26.532,11.098
20.671,23.355,0,-0.58188,26.26,5.4315
20.671,23.296,0,-0.59536,25.995,5.1627
20.671,23.237,0,-0.60939,25.735,4.8927
20.671,23.176,0,-0.62629,25.482,4.6112
20.671,23.113,0,-0.64716,25.235,4.3144
20.671,23.049,0,-0.66911,24.994,4.0161
20.671,22.982,0,-0.69112,24.759,3.7218
19.912,22.913,-0.92136,-0.71134,24.238,13.608
19.912,22.841,0,-0.72964,23.941,5.5469
19.912,22.769,0,-0.74677,23.652,5.2146
19.912,22.694,0,-0.76387,23.37,4.8863
19.912,22.617,0,-0.78188,23.095,4.5588
19.912,22.539,0,-0.79561,22.829,4.2548
19.912,22.46,0,-0.80615,22.57,3.9697
19.912,22.379,0,-0.81957,22.319,3.6799
19.912,22.297,0,-0.82984,22.076,3.4089
19.912,22.214,0,-0.84563,21.842,3.1267
19.912,22.13,0,-0.866,21.616,2.8396
19.912,22.043,0,-0.88855,21.399,2.5582
19.912,21.954,0,-0.91562,21.19,2.2795
19.912,21.863,0,-0.93797,20.99,2.0292
19.912,21.769,0,-0.96265,20.8,1.7927
19.912,21.673,0,-0.98708,20.619,1.5783
18.457,21.574,-0.82622,-1.0046,19.34,10.681
18.457,21.473,0,-1.023,19.034,4.4963
18.457,21.371,0,-1.0332,18.737,4.1535
18.457,21.268,0,-1.0414,18.451,3.8294
18.181,21.164,-0.57404,-1.0489,18.115,7.5564
18.181,21.059,0,-1.0533,17.822,3.9726
18.181,20.953,0,-1.0545,17.539,3.6766
18.181,20.848,0,-1.0581,17.267,3.3838
18.181,20.742,0,-1.0583,17.006,3.1137
18.181,20.636,0,-1.0602,16.755,2.8506
18.181,20.53,0,-1.0541,16.515,2.6208
18.181,20.425,0,-1.0384,16.286,2.4248
17.89,20.321,0.1151,-1.0136,15.91,2.6188
17.905,20.22,0.26072,-0.98441,15.672,2.1609
17.905,20.121,0,-0.94524,15.445,2.6031
17.905,20.027,0,-0.90772,15.228,2.4827
17.905,19.936,0,-0.86281,15.021,2.3914
17.905,19.85,0,-2.9,14.822,14.202
18.091,19.56,0.35586,-2.9,14.72,23.325
18.091,19.27,0,-2.9,14.588,23.069
18.091,18.98,0,-2.9,14.484,27.706
18.177,18.69,0.25339,-0.22957,14.42,0.16617
18.177,18.667,0,-0.20983,14.37,0.56446
18.177,18.646,0,-0.19127,14.322,0.56181
18.177,18.627,0,-2.9,14.277,36.554
18.177,18.337,0,-0.028793,14.246,0.272
18.177,18.334,0,-0.020792,14.23,0.28462
18.177,18.332,0,-0.014454,14.215,0.2952
18.177,18.33,0,-0.011808,14.199,0.29839
18.177,18.329,0,-0.004318,14.184,0.31397
18.327,18.329,0.18212,-0.00083955,14.265,0
18.327,18.328,0,0.0011922,14.265,0.0061973
18.327,18.329,0,0.0053524,14.265,0.015272
18.327,18.329,0,0.0091666,14.265,0.024554
18.327,18.33,0,0.013212,14.264,0.035217
18.327,18.331,0,0.017212,14.264,0.046732
18.327,18.333,0,0.023577,14.263,0.064465
18.327,18.335,0,0.026652,14.263,0.076367
18.327,18.338,0,0.028235,14.262,0.085623
18.327,18.341,0,0.029271,14.26,0.094008
18.327,18.344,0,0.027063,14.259,0.095232
18.327,18.347,0,0.024406,14.257,0.094964
18.475,18.349,-0.17851,0.022573,14.398,0.21514
18.475,18.351,0,0.020396,14.411,0
18.475,18.353,0,0.017215,14.423,0
18.475,18.355,0,0.012549,14.435,0
18.411,18.356,-0.15386,0.0099077,14.439,0.27948
18.389,18.357,-0.13424,0.0057302,14.446,0.26861
18.389,18.358,0,0.0033106,14.45,0
18.389,18.358,0,-0.0011687,14.453,0
18.389,18.358,0,-0.0030196,14.456,0
18.389,18.358,0,-0.0088872,14.459,0
18.329,18.357,-0.22457,-0.012224,14.46,0.63699
18.329,18.356,0,-0.019256,14.457,0.014409
18.329,18.354,0,-0.033142,14.455,0
18.329,18.35,0,-0.048115,14.452,0
18.329,18.346,0,-0.067012,14.45,0
18.329,18.339,0,-0.087356,14.449,0
18.329,18.33,0,-0.10128,14.448,0
18.329,18.32,0,-0.11149,14.449,0
18.329,18.309,0,-0.12092,14.45,0
18.329,18.297,0,-0.13486,14.453,0
18.329,18.283,0,-0.14487,14.457,0
18.329,18.269,0,-0.15773,14.462,0
18.329,18.253,0,-0.17239,14.469,0
18.329,18.236,0,-4.4,14.477,807.75
18.329,17.796,0,-0.0018002,14.509,0
18.329,17.796,0,-0.024526,14.562,0
18.329,17.793,0,-0.047741,14.615,0
18.329,17.788,0,-0.06311,14.669,0
18.329,17.782,0,-0.083733,14.724,0
18.329,17.774,0,-0.099481,14.779,0
18.329,17.764,0,-0.11474,14.835,0
18.329,17.752,0,-0.12773,14.892,0
18.329,17.74,0,-0.14301,14.95,0
18.329,17.725,0,-0.16231,15.01,0
18.329,17.709,0,-0.17816,15.071,0
18.329,17.691,0,-0.19466,15.134,0
18.329,17.672,0,-4.4,15.199,20338
18.329,17.232,0,-0.025611,15.286,0
18.329,17.229,0,-0.046668,15.396,0
18.329,17.224,0,-0.061005,15.506,0
18.329,17.218,0,-0.080563,15.617,0
18.329,17.21,0,-0.092254,15.729,0
18.329,17.201,0,-0.10745,15.841,0
18.329,17.19,0,-0.1192,15.954,0
18.329,17.178,0,-0.12869,16.069,0
18.329,17.166,0,-0.14096,16.184,0
16.821,17.151,-0.31264,-0.14839,13.611,1.3028
16.821,17.137,0,-4.4,13.579,432.13
16.821,16.697,0,0.015583,13.57,0
16.821,16.698,0,0.011587,13.582,0
16.821,16.699,0,0.005451,13.594,0
16.821,16.7,0,-0.0060903,13.606,0
16.821,16.699,0,-0.02087,13.619,0
16.821,16.697,0,-0.038194,13.631,0
16.821,16.693,0,-0.055848,13.643,0
16.821,16.688,0,-0.071983,13.656,0
16.821,16.681,0,-0.08797,13.67,0
16.821,16.672,0,-0.11007,13.685,0
16.378,16.661,-0.52203,-0.12492,13.485,2.2003
16.378,16.648,0,-0.13912,13.457,0.26144
16.378,16.634,0,-0.15881,13.431,0.19432
16.378,16.618,0,-0.17581,13.406,0.13189
16.378,16.601,0,-0.19825,13.383,0.060553
16.378,16.581,0,-0.21695,13.362,0
16.047,16.559,-0.52182,-4.4,13.248,899
16.001,16.119,-0.48571,-0.052393,13.206,1.8138
16.001,16.114,0,-0.071709,13.194,0.082496
16.001,16.107,0,-0.094202,13.183,0.024415
16.001,16.098,0,-0.11817,13.173,0
16.001,16.086,0,-0.14407,13.164,0
16.001,16.071,0,-0.16683,13.156,0
16.001,16.055,0,-0.18787,13.15,0
16.001,16.036,0,-0.19964,13.146,0
16.001,16.016,0,-4.4,13.143,665.09
16.001,15.576,0,-0.011692,13.164,0
16.001,15.575,0,-0.014767,13.206,0
15.523,15.573,-0.15377,-0.022057,12.944,0.44258
15.523,15.571,0,-0.026604,12.939,0.042431
15.523,15.568,0,-0.03804,12.934,0.013565
15.523,15.565,0,-0.04808,12.93,0
15.523,15.56,0,-0.050929,12.926,0
15.523,15.555,0,-0.052224,12.923,0
15.523,15.549,0,-0.053024,12.92,0
15.523,15.544,0,-0.054126,12.918,0
15.523,15.539,0,-0.064198,12.916,0
15.523,15.532,0,-0.074473,12.914,0
15.329,15.525,-0.3032,-0.087157,12.828,1.1127
15.304,15.516,-0.31993,-0.094725,12.803,1.1956
15.304,15.507,0,-0.10186,12.783,0.20201
15.304,15.497,0,-4.4,12.763,507.87
15.304,15.057,0,0.031464,12.766,0
15.304,15.06,0,0.018786,12.79,0
15.095,15.062,-0.50726,0.0074029,12.768,1.6984
15.095,15.062,0,-0.0072937,12.771,0
15.095,15.062,0,-0.027549,12.774,0
15.095,15.059,0,-0.047623,12.778,0
15.095,15.054,0,-0.063334,12.782,0
15.095,15.048,0,-0.072013,12.786,0
15.095,15.04,0,-0.086229,12.791,0
15.095,15.032,0,-0.091374,12.797,0
15.095,15.023,0,-0.09234,12.804,0
15.095,15.014,0,-0.090377,12.811,0
15.095,15.004,0,-0.085517,12.82,0
15.095,14.996,0,-0.085109,12.829,0
15.095,14.987,0,-0.08327,12.84,0
15.095,14.979,0,-0.081839,12.851,0
15.095,14.971,0,-0.083392,12.863,0
15.095,14.963,0,-0.092069,12.875,0
