13.056,13.056,0.54062,0,35.5,0
13.056,13.056,0,0.038687,35.5,0.085028
13.056,13.059,0,0.066758,35.5,0.1599
13.206,13.066,0.56805,0.098809,35.512,0
13.206,13.076,0,0.1317,35.526,0.0213
13.206,13.089,0,0.16941,35.538,0.14701
13.206,13.106,0,0.19104,35.549,0.24561
13.206,13.125,0,0.21359,35.558,0.35629
13.206,13.147,0,0.24139,35.565,0.49352
13.206,13.171,0,0.25349,35.57,0.59359
13.206,13.196,0,0.27208,35.572,0.72091
13.206,13.223,0,0.28445,35.572,0.83587
13.206,13.252,0,0.28974,35.569,0.93188
13.206,13.281,0,0.29426,35.563,1.0281
13.206,13.31,0,0.28885,35.554,1.0907
13.206,13.339,0,0.28271,35.542,1.1494
13.206,13.367,0,0.27654,35.527,1.2065
13.206,13.395,0,0.26689,35.51,1.2491
13.206,13.422,0,0.25053,35.49,1.2641
13.206,13.447,0,0.23564,35.467,1.2799
13.206,13.47,0,0.20968,35.442,1.251
13.767,13.491,-0.18037,0.18759,36.16,0.34669
13.767,13.51,0,0.1674,36.186,0
13.767,13.527,0,0.14711,36.211,0
13.767,13.541,0,0.12754,36.235,0
13.767,13.554,0,0.11212,36.257,0
13.767,13.565,0,0.086766,36.277,0
13.767,13.574,0,0.069436,36.297,0
13.767,13.581,0,0.047567,36.316,0
13.641,13.586,-0.17689,0.037075,36.283,0.42737
13.641,13.589,0,0.01958,36.289,0
13.641,13.591,0,0.0078977,36.294,0
13.641,13.592,0,-0.00031194,36.299,0
13.641,13.592,0,-0.00103,36.304,0
13.641,13.592,0,-0.001899,36.308,0
13.641,13.592,0,-0.0033043,36.313,0
13.641,13.592,0,-0.0051005,36.318,0
13.641,13.591,0,-0.0057102,36.323,0
13.641,13.59,0,-0.006904,36.328,0
13.641,13.59,0,-0.0084182,36.333,0
13.449,13.589,-0.13099,-0.0097229,36.253,0.63347
13.444,13.588,-0.1488,-0.010009,36.246,0.69877
13.444,13.587,0,-0.011246,36.232,0.27853
13.444,13.586,0,-0.012408,36.218,0.27329
13.444,13.585,0,-0.013998,36.204,0.2668
13.444,13.583,0,-0.015102,36.19,0.26114
13.444,13.582,0,-0.015562,36.176,0.25677
13.444,13.58,0,-0.015731,36.162,0.25299
13.444,13.579,0,-0.016386,36.148,0.24803
13.444,13.577,0,-0.017495,36.135,0.24188
13.444,13.575,0,-0.018308,36.122,0.2362
13.444,13.573,0,-0.019702,36.109,0.22901
13.444,13.571,0,-0.020754,36.096,0.22234
13.444,13.569,0,-0.021364,36.083,0.21648
13.444,13.567,0,-0.021854,36.071,0.21077
13.244,13.565,-0.12578,-0.022596,35.91,1.0441
13.244,13.563,0,-0.023503,35.878,0.64721
13.214,13.56,-0.14228,-0.024423,35.856,1.1636
13.214,13.558,0,-0.024967,35.821,0.70261
13.214,13.555,0,-0.025659,35.787,0.69474
13.214,13.553,0,-0.026053,35.753,0.68754
13.214,13.55,0,-0.027194,35.719,0.67819
13.214,13.548,0,-0.028145,35.685,0.66913
13.214,13.545,0,-0.029384,35.652,0.65907
13.214,13.542,0,-0.029748,35.619,0.65114
13.214,13.539,0,-0.030219,35.587,0.64285
13.214,13.536,0,-0.030203,35.554,0.63579
13.214,13.533,0,-0.031115,35.522,0.62623
13.214,13.53,0,-0.030799,35.491,0.6198
13.214,13.527,0,-0.030739,35.459,0.61275
13.214,13.523,0,-0.028935,35.428,0.61042
13.214,13.521,0,-0.027296,35.397,0.60807
13.214,13.518,0,-0.023991,35.367,0.6106
13.214,13.515,0,-0.02138,35.336,0.61204
13.214,13.513,0,-0.019149,35.306,0.61307
13.214,13.511,0,-0.017462,35.277,0.61315
13.3,13.51,0.34172,-0.015186,35.169,0
13.3,13.508,0,-0.012541,35.148,0.41956
13.3,13.507,0,-0.010188,35.128,0.4227
13.402,13.506,0.34558,-0.0075313,35.139,0
13.402,13.505,0,-0.0056471,35.128,0.20431
13.402,13.505,0,-0.003229,35.118,0.20872
13.402,13.504,0,-4.9579e-05,35.108,0.21546
13.402,13.504,0,0.022137,35.098,0.26874
13.402,13.506,0,0.051431,35.087,0.3478
13.402,13.512,0,0.076922,35.077,0.42772
13.402,13.519,0,0.10486,35.065,0.52447
13.402,13.53,0,0.12294,35.053,0.60317
13.402,13.542,0,0.14264,35.04,0.69388
13.402,13.556,0,0.1557,35.025,0.77135
13.402,13.572,0,0.17665,35.009,0.88
13.402,13.59,0,0.19544,34.991,0.99037
13.402,13.609,0,0.21492,34.971,1.1115
13.402,13.631,0,0.23788,34.949,1.2544
13.402,13.654,0,0.25432,34.925,1.3837
13.402,13.68,0,0.27242,34.899,1.5274
13.402,13.707,0,0.28397,34.87,1.6539
13.402,13.735,0,0.29547,34.838,1.786
13.402,13.765,0,0.30266,34.803,1.906
13.402,13.795,0,0.31004,34.765,2.0308
13.402,13.826,0,0.32114,34.724,2.176
13.402,13.858,0,0.33117,34.68,2.3225
14.421,13.891,0.42879,0.33922,35.736,0
14.421,13.925,0,0.33994,35.787,0
14.421,13.959,0,0.33757,35.835,0
14.421,13.993,0,0.34427,35.879,0
14.421,14.028,0,0.35417,35.92,0.00091263
14.421,14.063,0,0.35385,35.958,0.086664
14.421,14.098,0,0.35451,35.992,0.17658
14.421,14.134,0,0.36899,36.023,0.31159
14.421,14.171,0,0.3802,36.05,0.44398
14.421,14.209,0,0.3907,36.073,0.58066
14.421,14.248,0,0.39843,36.092,0.71394
14.421,14.288,0,0.4,36.107,0.82999
14.421,14.328,0,0.40121,36.119,0.94697
14.421,14.368,0,0.41143,36.126,1.1003
14.421,14.409,0,0.41263,36.129,1.2248
14.421,14.45,0,0.41381,36.129,1.3514
14.421,14.492,0,0.41799,36.124,1.4923
14.421,14.533,0,0.40698,36.114,1.5737
15.224,14.574,0.1407,0.39504,36.86,0
15.224,14.614,0,0.37451,36.923,0
15.224,14.651,0,0.36215,36.982,0
15.261,14.687,0.057236,0.34585,37.05,0
15.261,14.722,0,0.32205,37.105,0
15.256,14.754,-0.048764,0.30103,37.15,0
15.256,14.784,0,0.27791,37.199,0
15.242,14.812,-0.057691,0.25668,37.248,0
15.242,14.838,0,0.23203,37.289,0
15.242,14.861,0,0.22081,37.329,0
15.242,14.883,0,0.20927,37.366,0
15.242,14.904,0,0.20471,37.401,0
15.263,14.924,0.27404,0.20019,37.431,0
15.263,14.944,0,0.20661,37.464,0
15.263,14.965,0,0.21149,37.494,0
15.357,14.986,0.38814,0.21875,37.526,0
15.357,15.008,0,0.22781,37.562,0
15.357,15.031,0,0.23785,37.596,0
15.357,15.055,0,0.25332,37.628,0
15.357,15.08,0,0.27267,37.657,0.05006
15.357,15.107,0,0.28787,37.683,0.15866
15.357,15.136,0,0.29845,37.707,0.26079
15.357,15.166,0,0.30791,37.727,0.36486
15.357,15.197,0,0.31158,37.745,0.45535
15.771,15.228,0.48751,0.31445,37.935,0
15.771,15.259,0,0.32827,37.988,0
15.771,15.292,0,0.34399,38.037,0
15.771,15.326,0,0.34833,38.083,0
15.771,15.361,0,0.35161,38.126,0
15.771,15.396,0,0.36391,38.165,0.077098
15.771,15.433,0,0.37305,38.201,0.19574
15.771,15.47,0,0.37948,38.233,0.31129
16.193,15.508,0.56003,0.38955,38.455,0
16.246,15.547,0.56133,0.3962,38.527,0
16.246,15.587,0,0.40604,38.595,0
16.246,15.627,0,0.41721,38.659,0
16.246,15.669,0,0.42837,38.719,0
16.246,15.712,0,0.43385,38.774,0
16.246,15.755,0,0.43449,38.826,0
16.246,15.799,0,0.43627,38.872,0.11516
16.246,15.842,0,0.43986,38.915,0.23905
16.246,15.886,0,0.45195,38.953,0.39515
16.246,15.931,0,0.461,38.987,0.54868
16.246,15.978,0,0.46434,39.016,0.68803
16.246,16.024,0,0.47441,39.04,0.85621
16.246,16.071,0,0.4787,39.06,1.0093
16.246,16.119,0,0.48425,39.075,1.1716
16.246,16.168,0,0.49176,39.085,1.3468
16.246,16.217,0,0.49337,39.091,1.5033
16.246,16.266,0,0.49497,39.091,1.6627
16.246,16.316,0,0.49823,39.087,1.8324
16.246,16.366,0,0.49428,39.077,1.9736
16.246,16.415,0,0.49421,39.063,2.1326
16.246,16.464,0,0.4933,39.043,2.2897
16.246,16.514,0,0.49594,39.019,2.4653
16.246,16.563,0,0.49331,38.99,2.6188
16.246,16.613,0,0.49463,38.955,2.7923
16.246,16.662,0,0.49698,38.916,2.9735
16.246,16.712,0,0.49266,38.872,3.1242
16.246,16.761,0,0.49085,38.823,3.2876
16.246,16.81,0,0.48779,38.769,3.4454
16.246,16.859,0,0.47817,38.71,3.5692
17.803,16.907,0.32576,0.46771,41.067,0
17.803,16.954,0,0.45487,41.154,0
17.803,16.999,0,0.44352,41.237,0
17.803,17.043,0,0.43004,41.315,0
17.803,17.086,0,0.42428,41.389,0
17.803,17.129,0,0.41092,41.458,0
17.803,17.17,0,0.40461,41.524,0
17.803,17.21,0,0.39753,41.585,0
17.803,17.25,0,0.39781,41.642,0
17.803,17.29,0,0.39594,41.696,0
17.803,17.329,0,0.39243,41.745,0
17.803,17.369,0,0.39192,41.79,0.012069
17.803,17.408,0,0.39333,41.832,0.11393
17.803,17.447,0,0.3973,41.869,0.22608
17.803,17.487,0,0.39756,41.903,0.32957
17.803,17.527,0,0.40404,41.932,0.45557
17.803,17.567,0,0.40528,41.958,0.56807
17.803,17.608,0,0.40475,41.98,0.67657
17.803,17.648,0,0.40534,41.997,0.79047
17.803,17.689,0,0.40277,42.011,0.89462
17.803,17.729,0,0.40034,42.02,0.99976
17.803,17.769,0,0.39843,42.025,1.1074
17.803,17.809,0,0.39849,42.027,1.2233
17.803,17.849,0,0.39631,42.024,1.3319
17.803,17.888,0,0.39781,42.018,1.4559
17.803,17.928,0,0.39371,42.007,1.5589
17.803,17.967,0,0.38141,41.993,1.6277
17.803,18.006,0,0.37272,41.974,1.7079
17.803,18.043,0,0.3549,41.952,1.7476
17.803,18.078,0,0.33705,41.926,1.7817
17.803,18.112,0,0.32258,41.897,1.8245
17.803,18.144,0,0.31011,41.865,1.8712
17.803,18.175,0,0.29501,41.829,1.9031
17.803,18.205,0,0.27252,41.79,1.8996
17.803,18.232,0,0.25065,41.749,1.892
17.803,18.257,0,0.23047,41.704,1.8851
18.707,18.28,-0.14335,0.20728,43.817,0
18.707,18.301,0,0.18917,43.859,0
18.707,18.32,0,0.17566,43.898,0
18.707,18.337,0,0.15807,43.936,0
18.707,18.353,0,0.14616,43.972,0
18.707,18.368,0,0.13543,44.007,0
18.707,18.381,0,0.11887,44.04,0
18.707,18.393,0,0.10157,44.072,0
18.707,18.403,0,0.082514,44.103,0
18.707,18.412,0,0.063765,44.133,0
18.522,18.418,-0.2992,0.049892,44.093,0.75754
18.522,18.423,0,0.029311,44.103,0
18.522,18.426,0,0.016955,44.113,0
18.522,18.428,0,0.0030124,44.122,0
18.522,18.428,0,-0.0013382,44.131,0
18.522,18.428,0,-0.0038167,44.141,0
18.522,18.427,0,-0.0052644,44.15,0
18.322,18.427,-0.25041,-0.0073153,44.095,0.95094
18.322,18.426,0,-0.0092896,44.084,0.19816
18.322,18.425,0,-0.010361,44.074,0.1937
18.244,18.424,-0.26035,-0.012604,44.047,1.1819
18.244,18.423,0,-0.014426,44.029,0.34993
18.244,18.422,0,-0.016746,44.011,0.34103
18.147,18.42,-0.24307,-0.019081,43.986,1.3551
18.147,18.418,0,-0.020565,43.958,0.54183
18.147,18.416,0,-0.022591,43.931,0.53174
18.147,18.414,0,-0.023489,43.905,0.52418
18.147,18.411,0,-0.025627,43.878,0.51319
18.147,18.409,0,-0.027007,43.852,0.50373
18.147,18.406,0,-0.02931,43.826,0.49161
18.147,18.403,0,-0.030096,43.8,0.48292
18.147,18.4,0,-0.031718,43.775,0.47193
18.147,18.397,0,-0.033081,43.75,0.46128
18.147,18.394,0,-0.033281,43.725,0.4533
18.147,18.39,0,-0.03363,43.7,0.44492
17.892,18.387,-0.19223,-0.035199,43.535,1.74
17.892,18.383,0,-0.035782,43.486,1.0328
17.892,18.38,0,-0.037541,43.437,1.0184
17.892,18.376,0,-0.039274,43.388,1.0037
17.892,18.372,0,-0.040233,43.34,0.99099
17.892,18.368,0,-0.041974,43.292,0.97571
17.892,18.364,0,-0.044231,43.245,0.95851
17.702,18.359,-0.68552,-0.047363,43.154,5.1419
17.702,18.355,0,-0.052269,43.088,1.3973
17.702,18.349,0,-0.059458,43.023,1.3597
17.391,18.344,-1.6025,-0.069114,42.932,17.472
17.391,18.337,0,-0.080029,42.837,2.1083
17.059,18.329,-2.1113,-0.092886,42.704,29.886
16.846,18.319,-2.3122,-0.10824,42.576,36.531
16.846,18.309,0,-0.12572,42.429,3.5067
16.846,18.296,0,-0.14345,42.283,3.3854
16.846,18.282,0,-0.1638,42.139,3.2489
16.846,18.265,0,-0.18391,41.996,3.1098
16.846,18.247,0,-0.2048,41.855,2.9642
16.846,18.226,0,-0.22579,41.716,2.8153
16.846,18.204,0,-0.24638,41.579,2.6654
16.846,18.179,0,-0.26816,41.445,2.5089
16.846,18.152,0,-0.28943,41.313,2.3528
16.846,18.123,0,-0.31222,41.184,2.1902
16.846,18.092,0,-0.33416,41.058,2.0301
16.846,18.059,0,-0.35673,40.935,1.8682
16.846,18.023,0,-0.38102,40.815,1.702
16.846,17.985,0,-0.40481,40.699,1.5391
16.846,17.944,0,-0.42758,40.588,1.3817
16.846,17.902,0,-0.45142,40.48,1.2252
16.846,17.857,0,-0.47519,40.377,1.0734
12.462,17.809,-1.8489,-0.49886,36.163,48.452
12.462,17.759,0,-0.52304,35.631,17.209
12.103,17.707,-1.6691,-0.54674,35.064,45.447
12.103,17.652,0,-0.57068,34.506,18.093
12.103,17.595,0,-0.59266,33.954,17.62
12.103,17.536,0,-0.61284,33.408,17.155
12.103,17.475,0,-0.63212,32.868,16.692
12.103,17.411,0,-0.64901,32.334,16.242
12.103,17.346,0,-0.6638,31.806,15.805
12.103,17.28,0,-0.67642,31.285,15.381
12.103,17.212,0,-0.68927,30.771,14.954
12.103,17.144,0,-0.70024,30.264,14.538
12.103,17.073,0,-0.71206,29.763,14.115
11.419,17.002,-0.092695,-0.72479,28.719,17.947
11.419,16.93,0,-0.73665,28.164,16.54
11.419,16.856,0,-0.74772,27.617,16.089
11.419,16.781,0,-0.76099,27.077,15.618
11.419,16.705,0,-0.77123,26.544,15.17
11.419,16.628,0,-0.78359,26.019,14.704
11.419,16.55,0,-0.79635,25.502,14.235
11.346,16.47,-0.12137,-0.80932,24.975,15.242
11.346,16.389,0,-0.82042,24.467,13.644
11.346,16.307,0,-0.83307,23.967,13.171
11.346,16.224,0,-0.8448,23.475,12.704
11.346,16.139,0,-0.85504,22.991,12.249
11.346,16.054,0,-0.86826,22.516,11.774
11.346,15.967,0,-0.88328,22.049,11.288
11.211,15.879,-0.78182,-0.90209,21.576,19.406
11.211,15.789,0,-0.92681,21.114,10.802
11.211,15.696,0,-0.96172,20.661,10.178
11.211,15.6,0,-1.0027,20.217,9.5182
11.211,15.499,0,-1.0542,19.783,8.7991
11.211,15.394,0,-1.1167,19.359,8.0253
11.211,15.282,0,-1.1932,18.947,7.1934
11.211,15.163,0,-1.2867,18.546,6.3085
11.211,15.034,0,-1.3921,18.157,5.4237
11.211,14.895,0,-1.5146,17.782,4.5588
11.211,14.744,0,-1.6522,17.421,3.7821
11.211,14.578,0,-1.8026,17.076,3.1818
11.211,14.398,0,-1.9665,16.748,2.869
11.211,14.202,0,-2.1495,16.439,3.0203
11.211,13.987,0,-2.3607,16.151,3.9715
11.211,13.751,0,-2.598,15.885,6.2728
11.211,13.491,0,-2.8687,15.644,11.002
11.211,13.204,0,-3.1719,15.431,20.185
11.211,12.887,0,-6.7766,15.247,0
11.211,12.209,0,-6.567,15.114,0
11.211,11.552,0,-6.3572,15.047,0
11.211,10.917,0,-6.2344,15.044,0
11.211,10.293,0,-6.1692,15.105,0
11.211,9.6762,0,-6.1777,15.228,0
3.0771,9.0584,-3.6541,-6.2088,7.002,6.8936
2.7063,8.4376,-3.5814,-6.1372,6.4261,6.3788
2.7063,7.8238,0,-5.9648,5.8837,4.0425
2.0165,7.2273,-3.2245,-5.7673,5.3393,5.3393
2.0165,6.6506,0,-5.4787,4.847,1.0631
2.0165,6.1028,0,-5.2,4.411,0.52564
2.0165,5.5828,0,-8.8,4.0284,0
2.0165,4.7028,0,-8.8,3.7157,0
2.0165,3.8228,0,-8.8,3.4911,0
2.0165,2.9428,0,-8.8,3.3545,0
2.0165,2.0628,0,-8.8,3.3059,0
2.0165,1.1828,0,-8.8,3.3453,0
2.0165,0.30275,0,-8.8,3.4726,0
2.0165,0,0,-8.8,3.688,0
-0.21952,0,-0.85887,-8.8,2.4565,0
-0.30226,0,-0.58545,-8.8,2.4811,0
-0.30226,0,0,-8.8,2.4948,0
-0.30226,0,0,-8.8,2.5086,0
-0.41477,0,-0.10302,-8.8,2.5019,0
-0.42144,0,-0.11928,-8.8,2.4983,0
-0.42144,0,0,-8.8,2.5002,0
-0.42144,0,0,-8.8,2.502,0
-0.42144,0,0,-8.8,2.5039,0
-0.42144,0,0,-8.8,2.5057,0
-0.42144,0,0,-8.8,2.5076,0
-0.42144,0,0,-8.8,2.5095,0
-0.42144,0,0,-8.8,2.5113,0
-0.42144,0,0,-8.8,2.5132,0
-0.42144,0,0,-8.8,2.515,0
-0.42144,0,0,-8.8,2.5169,0
-0.42144,0,0,-8.8,2.5187,0
-0.42144,0,0,-8.8,2.5206,0
-0.42144,0,0,-8.8,2.5224,0
-0.42144,0,0,-8.8,2.5243,0
-0.42144,0,0,-8.8,2.5262,0
-0.42144,0,0,-8.8,2.528,0
-1.0995,0,-0.7566,-8.8,2.0602,0
-1.0995,0,0,-8.8,1.9943,0
-1.0995,0,0,-8.8,1.9283,0
-1.0995,0,0,-8.8,1.8624,0
-1.0995,0,0,-8.8,1.7964,0
-1.0995,0,0,-8.8,1.7305,0
-1.0995,0,0,-8.8,1.6645,0
-1.0995,0,0,-8.8,1.5986,0
-1.0995,0,0,-8.8,1.5326,0
-1.0995,0,0,-8.8,1.4667,0
-1.0995,0,0,-8.8,1.4007,0
-1.0995,0,0,-8.8,1.3348,0
-1.0995,0,0,-8.8,1.2688,0
-1.0995,0,0,-8.8,1.2029,0
-1.0995,0,0,-8.8,1.1369,0
-1.0995,0,0,-8.8,1.071,0
-1.8508,0,0.0022014,-9.7243,0.1761,0
-1.8508,0,0,-52.819,0.039635,0
-1.8508,0,0,-14.534,0.11865,0
-1.8508,0,0,-159.58,0.0062332,0
-1.8508,0,0,-8.8,0.61907,0
-1.8508,0,0,-8.8,0.47799,0
-1.8508,0,0,-8.8,0.3369,0
-1.8508,0,0,-8.8,0.19582,0
-1.8508,0,0,-17.683,0.054736,0
-1.6186,0,0.43116,9.8,1,26.08
-1.6186,0.98,0,-8.8,0.78914,0
-1.6186,0.1,0,-8.8,0.57329,0
-1.6186,0,0,-8.8,0.44543,0
-1.4087,0,0.72641,-8.8,0.36214,0
-1.4087,0,0,-8.8,0.26528,0
-1.4087,0,0,-8.8,0.16841,0
-1.4087,0,0,-8.8,0.07154,0
-1.4087,0,0,-10.015,-0.025328,0
-1.4087,0,0,9.8,0.88748,26.555
-1.4087,0.98,0,-8.8,0.69761,0
-1.4087,0.1,0,-8.8,0.50275,0
-0.4567,0,1.3173,-8.8,0.74836,0
-0.4567,0,0,-8.8,0.74669,0
-0.4567,0,0,-8.8,0.74502,0
-0.4567,0,0,-8.8,0.74335,0
-0.4567,0,0,-8.8,0.74168,0
-0.4567,0,0,-8.8,0.74001,0
0.25071,0,1.0478,-8.8,0.92842,0
0.25071,0,0,-8.8,0.99749,0
0.25071,0,0,-8.8,1.0666,0
0.25071,0,0,-8.8,1.1356,0
0.25071,0,0,-8.8,1.2047,0
0.25071,0,0,-8.8,1.2738,0
0.25071,0,0,-8.8,1.3428,0
0.25071,0,0,-8.8,1.4119,0
0.25071,0,0,-8.8,1.481,0
0.25071,0,0,-8.8,1.5501,0
0.25071,0,0,-8.8,1.6191,0
1.5185,0,1.3526,-8.8,2.3858,0
1.5185,0,0,-8.8,2.5816,0
1.5185,0,0,-8.8,2.7775,0
1.5185,0,0,-8.8,2.9733,0
1.5185,0,0,-8.8,3.1692,0
1.5185,0,0,-8.8,3.365,0
1.5185,0,0,-8.8,3.5609,0
1.5185,0,0,-8.8,3.7567,0
1.5185,0,0,-8.8,3.9526,0
1.5185,0,0,-8.8,4.1484,0
1.5185,0,0,1.0607,4.3442,0
1.5185,0.10607,0,1.0096,4.4908,0
1.5185,0.20704,0,1.052,4.627,0
1.5185,0.31224,0,1.1374,4.7529,0.59744
1.5185,0.42598,0,1.2086,4.8678,1.3057
1.5185,0.54684,0,1.2328,4.971,1.8482
1.5185,0.67012,0,1.2994,5.062,2.6546
3.7174,0.80006,1.331,1.331,7.1201,0
3.7174,0.93316,0,4.9,7.4052,22.655
3.7174,1.4232,0,4.9,7.6591,25.603
4.1228,1.9132,1.4511,4.9,7.9334,9.6266
4.1228,2.4032,0,4.9,8.1299,29.122
4.1228,2.8932,0,3.6135,8.2774,19.044
4.1228,3.2545,0,2.5498,8.3823,11.433
4.1228,3.5095,0,2.0473,8.4563,8.6639
4.1228,3.7142,0,1.7683,8.5074,7.5335
4.1228,3.8911,0,1.5825,8.5395,6.9989
4.1228,4.0493,0,1.428,8.5547,6.6205
4.1228,4.1921,0,1.3247,8.5549,6.5363
4.1228,4.3246,0,1.2438,8.5414,6.561
4.1228,4.449,0,1.1756,8.515,6.6378
4.1228,4.5665,0,1.1421,8.4765,6.9202
4.1228,4.6807,0,1.1062,8.4264,7.1727
4.1228,4.7913,0,1.0661,8.3651,7.3816
4.1228,4.898,0,1.0187,8.2929,7.5229
4.1228,4.9998,0,0.97612,8.2103,7.6764
4.1228,5.0974,0,0.9492,8.1177,7.9205
4.1228,5.1924,0,0.91626,8.0155,8.1112
4.1228,5.284,0,0.88875,7.904,8.3259
4.1228,5.3729,0,0.87275,7.7834,8.6106
4.1228,5.4601,0,0.85752,7.654,8.8952
4.1228,5.5459,0,0.8551,7.516,9.2673
4.1228,5.6314,0,0.84545,7.3694,9.5886
4.1228,5.7159,0,0.84228,7.2144,9.9557
4.1228,5.8002,0,0.83409,7.0508,10.287
4.1228,5.8836,0,0.82979,6.8789,10.645
4.1228,5.9666,0,0.81781,6.6987,10.946
4.1228,6.0483,0,0.79982,6.5102,11.197
4.1228,6.1283,0,0.78597,6.3137,11.472
4.1228,6.2069,0,0.78205,6.1092,11.819
4.1228,6.2851,0,0.78372,5.8969,12.209
4.1228,6.3635,0,0.78566,5.6767,12.606
4.1228,6.4421,0,0.78373,5.4488,12.976
7.4811,6.5204,0.85209,0.77746,11.249,0
7.5592,6.5982,0.83974,0.7681,11.342,0
7.5592,6.675,0,0.77283,11.434,0.085092
7.7371,6.7523,0.80269,0.7694,11.545,0
7.7371,6.8292,0,0.75968,11.639,0
7.7371,6.9052,0,0.75939,11.726,0.18302
7.7371,6.9811,0,0.74752,11.806,0.35526
7.7371,7.0559,0,0.7394,11.877,0.54125
