17.778,17.778,-0.50707,0,35.5,1.7724
17.778,17.778,0,-0.0050856,35.5,0
17.778,17.777,0,-0.0091355,35.5,0
17.778,17.776,0,-0.014457,35.5,0
17.778,17.775,0,-0.019053,35.5,0
17.778,17.773,0,-0.023874,35.501,0
17.778,17.771,0,-0.029576,35.501,0
17.778,17.768,0,-0.034579,35.502,0
17.778,17.764,0,-0.038917,35.503,0
17.778,17.76,0,-0.042063,35.505,0
17.29,17.756,-0.58196,-0.04525,35.251,3.6456
17.29,17.752,0,-0.049876,35.205,0.91695
17.29,17.747,0,-0.055924,35.159,0.88708
17.099,17.741,-0.59392,-0.062613,35.102,4.3124
17.099,17.735,0,-0.067377,35.038,1.3016
17.099,17.728,0,-0.072132,34.975,1.2688
17.099,17.721,0,-0.074147,34.912,1.2438
17.099,17.713,0,-0.07547,34.85,1.2206
17.099,17.706,0,-0.077933,34.789,1.1935
17.099,17.698,0,-0.081858,34.729,1.1615
17.099,17.69,0,-0.087524,34.67,1.1235
16.727,17.681,-0.7865,-0.095521,34.494,6.9632
16.727,17.672,0,-0.10244,34.399,2.0225
16.727,17.661,0,-0.10988,34.305,1.966
16.727,17.65,0,-0.11364,34.212,1.9215
16.491,17.639,-0.23901,-0.1169,34.079,3.7211
16.491,17.627,0,-0.11809,33.965,2.5195
16.491,17.615,0,-0.11907,33.852,2.4804
16.491,17.604,0,-0.12056,33.74,2.4391
16.491,17.591,0,-0.12506,33.629,2.3857
16.491,17.579,0,-0.13007,33.52,2.3294
16.491,17.566,0,-0.13438,33.412,2.2749
16.245,17.553,-0.35813,-0.138,33.242,4.9148
16.245,17.539,0,-0.14107,33.112,2.9037
16.174,17.525,-0.43962,-0.14421,32.98,5.6048
16.174,17.51,0,-0.14798,32.846,3.0071
16.174,17.495,0,-0.15237,32.713,2.9424
16.174,17.48,0,-0.15544,32.582,2.8825
16.174,17.465,0,-0.15874,32.452,2.821
16.174,17.449,0,-0.16369,32.323,2.7522
16.174,17.432,0,-0.16843,32.197,2.6834
16.174,17.416,0,-0.17375,32.072,2.6115
16.174,17.398,0,-0.17796,31.948,2.5431
16.174,17.38,0,-0.18405,31.827,2.4668
16.174,17.362,0,-0.18959,31.707,2.3917
16.174,17.343,0,-0.1941,31.589,2.3197
16.174,17.324,0,-0.19883,31.473,2.2463
16.174,17.304,0,-0.20259,31.359,2.1761
16.174,17.283,0,-0.20721,31.247,2.1023
16.174,17.263,0,-0.213,31.137,2.0241
16.174,17.241,0,-0.21805,31.029,1.9478
16.174,17.22,0,-0.22314,30.924,1.8711
16.174,17.197,0,-0.22641,30.82,1.8001
16.174,17.175,0,-0.23076,30.719,1.7257
16.174,17.152,0,-0.23605,30.62,1.648
16.174,17.128,0,-0.24115,30.523,1.5707
16.174,17.104,0,-0.24696,30.429,1.4913
16.174,17.079,0,-0.25206,30.337,1.4138
16.174,17.054,0,-0.25793,30.248,1.3342
16.174,17.028,0,-0.26421,30.161,1.2535
16.174,17.002,0,-0.26852,30.077,1.1783
16.174,16.975,0,-0.27452,29.996,1.099
16.174,16.947,0,-0.27839,29.917,1.0256
16.174,16.92,0,-0.2827,29.841,0.95157
16.174,16.891,0,-0.28622,29.768,0.88003
14.769,16.863,-0.4149,-0.29091,27.412,7.5962
14.769,16.834,0,-0.29488,27.204,4.7235
14.769,16.804,0,-0.30131,26.999,4.5896
14.769,16.774,0,-0.30522,26.797,4.4673
14.769,16.743,0,-0.31092,26.598,4.3362
14.769,16.712,0,-0.31533,26.402,4.2108
14.534,16.681,-0.18064,-0.31948,26.105,5.9567
14.534,16.649,0,-0.32051,25.892,4.7677
14.534,16.617,0,-0.31908,25.682,4.664
14.54,16.585,0.3102,-0.31512,25.468,3.1706
14.578,16.553,0.38879,-0.30789,25.258,2.7343
14.578,16.523,0,-0.2986,25.062,4.2937
14.578,16.493,0,-0.29026,24.869,4.2332
14.578,16.464,0,-0.28131,24.679,4.1786
14.578,16.436,0,-0.27165,24.492,4.1305
14.578,16.408,0,-0.26711,24.307,4.0614
14.578,16.382,0,-0.26135,24.126,3.9998
14.578,16.356,0,-0.25796,23.947,3.9292
14.578,16.33,0,-0.24878,23.77,3.8869
14.578,16.305,0,-0.23862,23.596,3.8522
14.971,16.281,0.71056,-0.22414,23.611,0.90383
15.038,16.259,0.58887,-0.21043,23.49,0.91236
15.038,16.238,0,-0.19898,23.369,2.3897
15.038,16.218,0,-0.19149,23.25,2.3609
15.169,16.199,0.52398,-0.1809,23.156,0.71863
15.169,16.18,0,-0.16831,23.054,1.9682
15.169,16.164,0,-0.15756,22.953,1.9601
15.169,16.148,0,-0.14632,22.855,1.9567
15.378,16.133,0.4635,-0.13543,22.814,0.4085
15.378,16.12,0,-0.12543,22.739,1.3908
15.461,16.107,0.49297,-0.1169,22.674,0.23804
15.461,16.096,0,-0.10751,22.61,1.174
15.461,16.085,0,-0.095675,22.547,1.1832
15.461,16.075,0,-0.085184,22.485,1.1914
15.461,16.067,0,-0.076301,22.424,1.1974
15.461,16.059,0,-0.065142,22.363,1.213
15.461,16.053,0,-0.055309,22.304,1.2275
15.461,16.047,0,-0.044817,22.245,1.2469
15.461,16.043,0,-0.034004,22.187,1.2703
15.461,16.039,0,-0.023514,22.129,1.2958
15.461,16.037,0,-0.015625,22.071,1.3158
15.984,16.035,0.33658,-0.0093757,22.311,0
15.984,16.034,0,-0.0031558,22.306,0.096561
15.984,16.034,0,0.0064438,22.301,0.1173
15.984,16.035,0,0.018265,22.296,0.14568
15.984,16.036,0,0.022446,22.291,0.15935
15.984,16.039,0,0.026933,22.286,0.17478
15.984,16.041,0,0.02807,22.28,0.18335
15.984,16.044,0,0.02718,22.274,0.18737
15.984,16.047,0,0.027066,22.268,0.19304
15.984,16.05,0,0.026581,22.262,0.19781
15.984,16.052,0,0.02308,22.255,0.19528
16.101,16.055,-0.238,0.015441,22.36,0.57672
16.086,16.056,-0.30567,0.010018,22.354,0.84176
16.086,16.057,0,-0.00048169,22.357,0
16.086,16.057,0,-0.0056677,22.36,0
16.086,16.056,0,-0.013091,22.363,0
15.958,16.055,-0.37785,-0.017932,22.343,1.3981
15.958,16.053,0,-0.023511,22.333,0.14734
15.958,16.051,0,-0.030448,22.324,0.12718
15.958,16.048,0,-0.038676,22.315,0.10316
15.958,16.044,0,-0.045665,22.306,0.080513
15.958,16.04,0,-0.053384,22.297,0.055366
15.958,16.034,0,-0.059628,22.29,0.032112
15.958,16.028,0,-0.065972,22.282,0.0078323
15.958,16.022,0,-0.0735,22.276,0
15.958,16.014,0,-0.079764,22.27,0
15.958,16.006,0,-0.086442,22.264,0
15.958,15.998,0,-0.095047,22.26,0
15.44,15.988,-0.59948,-0.10381,21.938,3.7326
15.44,15.978,0,-0.11196,21.883,0.92194
15.44,15.967,0,-0.12186,21.83,0.86765
15.44,15.954,0,-0.13509,21.778,0.80322
15.44,15.941,0,-0.14755,21.727,0.7395
15.44,15.926,0,-0.16053,21.678,0.67341
15.44,15.91,0,-0.17289,21.63,0.60791
15.44,15.893,0,-0.18575,21.584,0.54061
15.44,15.874,0,-0.20029,21.54,0.46926
14.76,15.854,-0.87871,-0.21689,21.224,7.541
14.76,15.833,0,-0.23315,21.116,1.9078
14.76,15.809,0,-0.24909,21.01,1.7916
14.478,15.784,-0.90358,-0.26525,20.861,8.4332
14.478,15.758,0,-0.28114,20.732,2.3101
14.478,15.73,0,-0.29621,20.605,2.1776
14.201,15.7,-1.1236,-0.31294,20.439,11.416
14.201,15.669,0,-0.33549,20.291,2.6414
14.201,15.635,0,-0.35682,20.146,2.4663
14.201,15.6,0,-0.38464,20.004,2.2686
14.201,15.561,0,-0.42246,19.866,2.0396
14.201,15.519,0,-0.46986,19.732,1.787
14.201,15.472,0,-0.52855,19.603,1.5153
14.201,15.419,0,-0.60109,19.479,1.234
14.201,15.359,0,-0.67328,19.36,0.98927
14.201,15.292,0,-0.7452,19.247,0.78967
14.201,15.217,0,-0.80943,19.142,0.64761
11.718,15.136,-1.7707,-0.86122,17.806,28.004
11.718,15.05,0,-0.90828,17.468,6.0467
11.718,14.959,0,-0.9542,17.14,5.5134
11.718,14.864,0,-1.0036,16.82,4.9783
11.718,14.763,0,-1.0542,16.511,4.4574
11.718,14.658,0,-1.1063,16.211,3.9558
11.718,14.547,0,-1.1582,15.923,3.4853
11.718,14.431,0,-1.2099,15.646,3.0524
11.718,14.31,0,-1.2632,15.381,2.6605
11.718,14.184,0,-1.3151,15.128,2.3249
10.101,14.053,-1.3698,-1.3664,13.999,18.644
10.101,13.916,0,-1.4185,13.611,5.2896
10.101,13.774,0,-1.4614,13.236,4.7148
10.101,13.628,0,-1.5044,12.876,4.1806
10.101,13.478,0,-1.5518,12.531,3.6827
9.4994,13.322,-1.1671,-1.5968,12.057,12.946
9.4994,13.163,0,-1.6457,11.683,4.1005
9.4994,12.998,0,-4.4,11.324,40.3
9.4994,12.558,0,-4.4,10.997,52.227
9.4994,12.118,0,-5.2,10.713,220.54
9.4994,11.598,0,-5.2,10.477,366.28
9.4994,11.078,0,-5.2,10.293,762.26
9.4994,10.558,0,-5.2,10.161,2555.5
9.4994,10.038,0,-5.2,10.081,2554.4
9.4994,9.5181,0,-5.2,10.053,2553.4
9.4994,8.9981,0,-5.2,10.077,2552.3
9.4994,8.4781,0,-0.11099,10.154,0
9.4994,8.467,0,-0.14912,10.256,0
9.4994,8.4521,0,-0.1928,10.36,0
9.4994,8.4328,0,-0.23337,10.466,0
9.4994,8.4095,0,-0.2706,10.574,0
9.4994,8.3824,0,-5.2,10.684,2551
9.4994,7.8624,0,-0.14078,10.822,0
9.4994,7.8484,0,-0.1833,10.986,0
9.4994,7.83,0,-0.22736,11.152,0
9.4994,7.8073,0,-0.267,11.32,0
9.4994,7.7806,0,-5.2,11.491,2549.8
9.4994,7.2606,0,-0.1436,11.689,0.31147
9.4994,7.2462,0,-0.18941,11.913,0.72668
9.4994,7.2273,0,-0.23344,12.14,1.1779
6.4537,7.204,-1.3291,-0.27972,8.637,10.069
6.4537,7.176,0,-5.2,8.5634,65.055
6.4537,6.656,0,-0.16276,8.5172,0.0832
6.4537,6.6397,0,-0.20232,8.4977,0
5.9347,6.6195,-1.3502,-0.24514,8.3754,10.289
5.9347,6.595,0,-0.28604,8.3082,0.75576
5.9347,6.5664,0,-5.2,8.2436,44.695
5.9347,6.0464,0,-0.17717,8.2064,0
5.9347,6.0286,0,-0.22004,8.1961,0
5.9347,6.0066,0,-0.26713,8.1878,0
5.0839,5.9799,-1.6264,-8.8,7.938,0
5.0839,5.0999,0,-0.053127,7.8924,0
5.0839,5.0946,0,-0.10077,7.891,0
5.0839,5.0845,0,-0.14983,7.8905,0
4.4002,5.0696,-1.863,-0.20305,7.776,18.728
4.4002,5.0492,0,-0.25724,7.7101,0.79877
4.4002,5.0235,0,-0.31422,7.6464,0.61781
4.4002,4.9921,0,-0.36768,7.5857,0.45676
3.6558,4.9553,-1.8099,-8.8,7.3694,0
3.6558,4.0753,0,-0.16333,7.2834,0.5211
3.6558,4.059,0,-0.21225,7.2423,0.38117
3.6558,4.0378,0,-0.2594,7.203,0.25164
3.6558,4.0118,0,-0.31111,7.1661,0.12512
3.6558,3.9807,0,-8.8,7.1321,0
2.5005,3.1007,-2.0161,-0.13358,6.8006,6.8112
2.3011,3.0874,-2.0637,-0.17751,6.7227,7.0693
2.0847,3.0696,-2.0129,-0.22625,6.6271,7.166
1.8893,3.047,-1.9875,-8.8,6.5207,0
1.6988,2.167,-1.9152,-0.077633,6.429,5.6902
1.4981,2.1592,-1.6824,-0.11085,6.3706,5.5241
1.4981,2.1481,0,-0.13931,6.305,1.1165
1.1907,2.1342,-1.0435,-0.16286,6.2119,4.7355
1.1907,2.1179,0,-0.17983,6.1184,1.6996
1.1907,2.0999,0,-8.8,6.0265,0
1.1907,1.2199,0,-0.024977,5.9796,0.0077039
1.1907,1.2174,0,-0.028727,5.9768,0
1.1907,1.2146,0,-0.032102,5.9743,0
1.1907,1.2114,0,-0.03501,5.9721,0
1.1907,1.2079,0,-0.037083,5.9702,0
1.1907,1.2042,0,-0.038162,5.9687,0
1.1907,1.2003,0,-0.03992,5.9675,0
1.1907,1.1963,0,-0.040862,5.9667,0
1.1907,1.1923,0,-0.043017,5.9664,0
1.1907,1.188,0,-0.042714,5.9664,0
1.1907,1.1837,0,-8.8,5.9669,0
0.79738,0.30368,0.2354,0.2354,5.5608,0
0.79738,0.32722,0,0.32609,5.609,0
0.79738,0.35983,0,0.4459,5.6544,0.16966
0.79738,0.40442,0,0.54826,5.6959,0.64417
0.79738,0.45925,0,0.62666,5.7325,1.1127
0.79738,0.52191,0,0.65782,5.7631,1.4387
0.79738,0.5877,0,0.73103,5.7874,1.9849
0.79738,0.6608,0,0.77742,5.8047,2.4595
1.2352,0.73854,0.7966,0.7966,5.9612,0
1.2352,0.8182,0,0.82242,6.0068,1.7264
1.2352,0.90044,0,4.9,6.0444,37.846
1.2352,1.3904,0,0.48561,6.0534,2.0478
1.2352,1.439,0,0.68613,6.0355,3.192
1.2352,1.5076,0,0.74964,6.0117,3.7864
1.2352,1.5826,0,0.76738,5.9807,4.1692
1.2352,1.6593,0,0.82847,5.9421,4.8248
1.2352,1.7422,0,0.84427,5.8955,5.2511
1.2352,1.8266,0,0.85326,5.8406,5.6495
1.2352,1.9119,0,0.85562,5.7772,6.0159
1.2352,1.9975,0,0.85547,5.7053,6.3719
1.2352,2.083,0,0.83561,5.6248,6.6024
2.4408,2.1666,0.7867,0.82824,6.2504,0
2.4408,2.2494,0,0.76834,6.2737,2.226
2.4408,2.3262,0,0.70712,6.289,2.1897
2.4408,2.397,0,0.64037,6.2969,2.1088
2.7037,2.461,0.59067,0.6,6.3375,0
2.7037,2.521,0,0.57617,6.3588,1.3775
2.7037,2.5786,0,0.53139,6.3742,1.3667
2.8435,2.6318,0.38194,0.47332,6.4197,0
2.8435,2.6791,0,0.43586,6.4385,0.875
2.8435,2.7227,0,0.40921,6.4528,0.89976
2.9387,2.7636,0.27497,0.36484,6.5017,0
2.9387,2.8001,0,0.33021,6.5174,0.57413
2.9387,2.8331,0,0.31624,6.5296,0.61511
2.9387,2.8647,0,0.29742,6.5386,0.63622
2.9387,2.8945,0,0.28642,6.5445,0.67837
2.9387,2.9231,0,0.26599,6.5475,0.68632
2.9387,2.9497,0,0.24153,6.5478,0.67594
2.9387,2.9739,0,0.19248,6.5455,0.58244
2.9387,2.9931,0,0.13578,6.541,0.46095
2.9387,3.0067,0,0.090683,6.5349,0.36753
2.9387,3.0157,0,0.036062,6.5276,0.24716
2.9387,3.0194,0,-0.0036587,6.5197,0.16082
2.9387,3.019,0,-0.0068886,6.5117,0.15271
2.9387,3.0183,0,-0.0125,6.5037,0.13864
2.9387,3.017,0,-0.014378,6.4958,0.13182
2.9387,3.0156,0,-0.018329,6.488,0.12007
2.9387,3.0138,0,-0.024496,6.4804,0.1028
2.9387,3.0113,0,-0.034984,6.473,0.075369
2.9387,3.0078,0,-0.045458,6.466,0.046537
2.9387,3.0033,0,-0.061853,6.4593,0.0047546
2.9387,2.9971,0,-8.8,6.4531,0
2.9387,2.1171,0,1.3879,6.4913,3.2624
2.9387,2.2559,0,0.5496,6.5665,0
2.9387,2.3109,0,0.014403,6.632,0
2.9387,2.3123,0,-0.024544,6.6947,0
2.9387,2.3098,0,-0.054618,6.7575,0
2.9387,2.3044,0,-0.088102,6.8207,0
2.9387,2.2956,0,-0.12378,6.8845,0
2.9387,2.2832,0,-0.16155,6.9495,0
2.9387,2.267,0,-0.19951,7.0158,0
2.9387,2.2471,0,-0.23497,7.084,0
2.9387,2.2236,0,-8.8,7.1543,0
2.9387,1.3436,0,-0.085453,7.2698,0
2.9387,1.335,0,-0.10763,7.4298,0
2.9387,1.3243,0,-0.12871,7.5907,0
2.9387,1.3114,0,-8.8,7.7528,0
2.9387,0.43141,0,-1.3223,7.9595,0
2.9387,0.29918,0,-1.2845,8.2168,0
-0.31155,0.17073,-1.2572,-1.2572,5.3962,8.4103
-0.43518,0.045018,-1.2374,-1.2374,5.3456,8.406
-0.5562,0,-1.2627,-1.2627,5.3051,8.5618
-0.67799,0,-1.4184,-1.4184,5.2524,8.8115
-0.67799,0,0,-1.6031,5.1917,5.4429
-0.67799,0,0,-1.9361,5.1319,4.7433
-0.67799,0,0,-8.8,5.0738,0
-1.3734,0,-2.3394,-8.8,4.912,0
-1.3734,0,0,-8.8,4.8186,0
-1.3734,0,0,-8.8,4.7253,0
-1.3734,0,0,-8.8,4.632,0
-1.3734,0,0,-8.8,4.5386,0
-1.3734,0,0,-8.8,4.4453,0
-1.3734,0,0,-8.8,4.352,0
-1.3734,0,0,-8.8,4.2586,0
-1.3734,0,0,-8.8,4.1653,0
-1.3734,0,0,-8.8,4.0719,0
-1.3734,0,0,-9.5721,3.9786,0
-1.3734,0,0,-11.973,3.8891,0
-1.3734,0,0,-16.251,3.8117,0
-1.3734,0,0,-26.029,3.7556,0
-1.3734,0,0,-62.861,3.7484,0
-1.3734,0,0,-3219.9,3.9253,0
-1.3734,0,0,-2.9917,19.888,3.9508
-1.3734,0,0,-2.8785,19.765,4.1886
-1.3734,0,0,-2.6526,19.642,4.6633
-1.3734,0,0,-2.2955,19.518,5.4137
-1.3734,0,0,-1.8778,19.392,6.2913
-1.3734,0,0,-1.325,19.264,7.4528
-1.3734,0,0,-0.83544,19.134,8.4815
-1.3734,0,0,-0.57876,19,9.0209
-1.3734,0,0,-0.48469,18.866,9.2186
-1.3734,0,0,-0.48122,18.731,9.2259
-1.3734,0,0,-0.49805,18.596,9.1905
-1.3734,0,0,-0.50979,18.461,9.1658
-1.3734,0,0,-0.49101,18.327,9.2053
-1.3734,0,0,-9.7419,18.192,0
-1.3734,0,0,-11.977,18.103,0
-1.3734,0,0,-15.661,18.026,0
-1.3734,0,0,-22.619,17.967,0
-9.1464,0,0.27645,-39.557,1.0501,0
-9.1464,0,0,-125.78,0.33321,0
-9.1464,0,0,-859.09,0.047477,0
-9.0706,0,0.25235,-11.707,3.4397,0.88613
-9.0706,0,0,-15.55,2.5912,0
-9.0706,0,0,-22.721,1.7619,0
-9.0706,0,0,-40.789,0.96843,0
-9.0706,0,0,-134.11,0.26532,0
-9.0706,0,0,-546.23,0.028787,0
-9.0706,0,0,-21.966,1.8529,0
-9.0706,0,0,-38.28,1.0556,0
-9.0706,0,0,-111.58,0.33998,0
-9.0706,0,0,-1638,-0.0092037,0
-9.0706,0,0,-0.78192,7.2737,24.373
-9.3964,0,-0.66245,-0.66245,6.3675,26.684
-9.4618,0,-0.49511,-0.49511,5.4234,26.818
-9.4618,0,0,-10.381,4.4797,5.006
-9.4618,0,0,-12.82,3.5854,0
-9.4618,0,0,-16.961,2.7033,0
-9.4618,0,0,-25.094,1.842,0
-9.4618,0,0,-46.024,1.0213,0
-9.4618,0,0,-176.88,0.30519,0
-9.4618,0,0,-240.55,0.2434,0
-9.4618,0,0,-102.13,0.49995,0
-9.4618,0,0,-4321.9,0.06444,0
-9.4618,0,0,7.8,20.728,43.208
-9.4618,0.78,0,0.43327,19.742,29.328
-9.4618,0.82333,0,0.60404,18.716,29.775
-9.4618,0.88373,0,-0.12119,17.684,28.375
-9.4618,0.87161,0,1.0398,16.65,30.79
-9.4618,0.9756,0,-0.16335,15.612,28.475
-9.0028,0.95926,1.2839,-0.17626,14.638,24.776
-9.0028,0.94164,0,-0.19073,13.642,27.407
-9.0028,0.92256,0,-0.20751,12.649,27.333
-8.5941,0.90181,1.1953,-0.22695,11.716,23.9
-8.5941,0.87912,0,1.1076,10.767,29.169
-8.5941,0.98987,0,-0.33079,9.8144,26.374
-8.5941,0.95679,0,-0.37071,8.8577,26.222
-8.5941,0.91972,0,-0.41833,7.9044,26.046
-8.5941,0.87789,0,0.78915,6.9551,28.497
-8.5941,0.9568,0,-0.65958,6.004,25.615
-8.5941,0.89085,0,-8.8,5.0522,8.3747
-8.5941,0.010846,0,-8.8,4.1477,6.5707
-8.5941,0,0,-8.8,3.3312,6.5485
-8.5941,0,0,-9.345,2.5158,5.4033
-8.5941,0,0,-12.281,1.7031,0
-8.5941,0,0,-17.789,0.90514,0
-8.5941,0,0,-30.961,0.13467,0
-8.5941,0,0,-90.835,-0.56993,0
-8.5941,0,0,-1536,-0.97516,0
-8.5941,0,0,0.74597,5.8454,26.607
-8.5941,0.074597,0,0.76771,4.9823,26.806
-8.5941,0.15137,0,0.83347,4.1116,27.101
-8.5941,0.23471,0,-8.8,3.2329,7.0296
-8.5941,0,0,-8.8,2.394,6.5485
-8.5941,0,0,-8.8,1.5786,6.5485
-8.5941,0,0,-8.8,0.76316,6.5485
-8.5941,0,0,-9.7766,-0.052243,4.4963
-8.5941,0,0,-13.728,-0.86277,0
-8.5941,0,0,-22.345,-1.6535,0
-8.5941,0,0,-52.636,-2.4012,0
-8.5941,0,0,-918.53,-2.9974,0
-8.5941,0,0,-8.8,0.7358,6.5485
-8.5941,0,0,-8.8,-0.07961,6.5485
-8.5941,0,0,-8.8,-0.89502,6.5485
-8.5941,0,0,-8.8,-1.7104,6.5485
-8.5941,0,0,-11.739,-2.5258,0.37293
-8.5941,0,0,-18.079,-3.3265,0
-8.5941,0,0,-36.38,-4.0956,0
-8.5941,0,0,-201.59,-4.7731,0
-8.5941,0,0,-37.33,-4.6245,0
-8.5941,0,0,-240.48,-5.2973,0
-8.5941,0,0,-25.571,-4.9543,0
-8.5941,0,0,-83.469,-5.6858,0
-8.5941,0,0,-409.36,-6.1279,0
-8.5941,0,0,-11.173,-4.9405,1.5628
-8.5941,0,0,-17.189,-5.744,0
-8.5941,0,0,-34.471,-6.5175,0
-8.5941,0,0,-203.16,-7.2046,0
-8.5941,0,0,-33.531,-7.0482,0
-8.5941,0,0,-184.17,-7.7399,0
-8.5941,0,0,-40.222,-7.6785,0
-8.5941,0,0,-358.66,-8.3368,0
-8.5941,0,0,-13.718,-7.4029,0
-8.5941,0,0,-23.241,-8.1937,0
-8.5941,0,0,-66.152,-8.9369,0
-8.5941,0,0,-1610.7,-9.4656,0
-8.5941,0,0,0.33748,-2.2716,25.749
-5.751,0.033748,0.26844,0.26844,6.9188,19.28
-5.751,0.060592,0,0.19781,6.339,19.751
-5.751,0.080373,0,0.14495,5.7569,19.68
-5.751,0.094868,0,0.11279,5.173,19.643
-5.751,0.10615,0,-8.8,4.5879,0.93766
-5.751,0,0,-8.8,4.0462,0.72006
-5.751,0,0,-8.8,3.5151,0.72006
-5.751,0,0,-8.8,2.984,0.72006
-5.751,0,0,-8.8,2.4529,0.72006
