0,0,1.4602,0,35.5,0
0,0,0,7.8,35.5,59.103
0.27998,0.78,1.292,7.8,35.492,54.09
0.27998,1.56,0,7.8,35.403,83.299
0.52906,2.34,1.2152,7.8,35.263,63.799
0.52906,3.12,0,7.8,35.043,92.667
0.52906,3.9,0,7.8,34.745,98.282
0.52906,4.68,0,7.8,34.369,103.92
0.52906,5.46,0,7.8,33.915,109.59
0.52906,6.24,0,6.7,33.383,101.21
0.52906,6.91,0,6.7,32.778,106.05
0.52906,7.58,0,6.7,32.106,110.92
0.52906,8.25,0,6.7,31.368,115.8
0.52906,8.92,0,-0.42287,30.562,35.418
0.52906,8.8777,0,-0.42854,29.725,35.105
0.52906,8.8349,0,-0.4353,28.892,34.779
1.7919,8.7913,0.99213,-0.44194,28.865,16.843
1.7919,8.7471,0,-0.44758,28.167,26.781
1.7919,8.7024,0,-0.45367,27.474,26.471
1.7919,8.657,0,-0.45936,26.785,26.162
1.7919,8.6111,0,-0.46572,26.101,25.844
1.7919,8.5645,0,-0.47132,25.421,25.531
1.7919,8.5174,0,-0.47656,24.746,25.219
1.7919,8.4697,0,-0.48239,24.076,24.9
1.7919,8.4215,0,-0.48775,23.411,24.583
1.7919,8.3727,0,-0.49266,22.75,24.268
1.7919,8.3234,0,-0.49813,22.095,23.946
1.7919,8.2736,0,-0.50281,21.444,23.63
1.7919,8.2233,0,-0.50663,20.798,23.32
1.7919,8.1727,0,-0.50886,20.158,23.024
1.7919,8.1218,0,-0.51065,19.522,22.731
1.7919,8.0707,0,-0.51152,18.892,22.446
1.7919,8.0196,0,-0.51212,18.266,22.165
1.7919,7.9684,0,-0.51403,17.646,21.872
1.7919,7.917,0,-0.5144,17.031,21.593
1.7919,7.8655,0,-0.51418,16.421,21.32
1.7919,7.8141,0,-0.51226,15.816,21.063
1.7919,7.7629,0,-0.50987,15.217,20.811
1.7919,7.7119,0,-0.50898,14.622,20.549
1.7919,7.661,0,-0.50467,14.033,20.318
1.7919,7.6105,0,-0.50127,13.448,20.082
1.7919,7.5604,0,-0.49574,12.869,19.866
1.7919,7.5108,0,-0.48857,12.295,19.669
1.7919,7.462,0,-0.48045,11.725,19.483
1.7919,7.4139,0,-0.47118,11.161,19.312
4.4955,7.3668,0.86918,-0.46178,14.589,3.0985
4.4955,7.3206,0,-0.45028,14.304,6.6576
4.6677,7.2756,0.86485,-0.44088,14.039,2.6047
4.6677,7.2315,0,-0.42954,13.781,5.7999
4.6677,7.1886,0,-0.41571,13.527,5.7178
4.6677,7.147,0,-0.40247,13.277,5.6376
4.6677,7.1067,0,-0.38698,13.031,5.5744
4.6677,7.068,0,-0.36719,12.789,5.5395
4.6677,7.0313,0,-0.34687,12.55,5.5147
4.6677,6.9966,0,-0.32451,12.316,5.5081
5.4446,6.9642,1.0414,-0.30138,12.384,1.0132
5.4446,6.934,0,-0.27737,12.234,2.9344
5.4446,6.9063,0,-0.25556,12.086,2.9399
5.4446,6.8807,0,-0.23234,11.941,2.9581
5.4446,6.8575,0,-0.2122,11.799,2.971
5.9305,6.8363,0.77789,-0.19093,11.792,0.41257
5.9305,6.8172,0,-0.17114,11.702,1.6213
5.9305,6.8001,0,-0.15384,11.614,1.6336
5.9305,6.7847,0,-0.14494,11.528,1.6225
5.9305,6.7702,0,-0.14039,11.444,1.5992
5.9305,6.7562,0,-0.14058,11.36,1.5613
5.9305,6.7421,0,-0.1462,11.278,1.5058
5.9305,6.7275,0,-0.15135,11.198,1.4511
5.9305,6.7124,0,-0.16018,11.119,1.384
5.9305,6.6963,0,-0.17333,11.042,1.3027
5.9305,6.679,0,-0.18658,10.966,1.2198
5.9305,6.6603,0,-0.20178,10.892,1.1303
5.9305,6.6402,0,-0.21679,10.82,1.0404
5.9305,6.6185,0,-0.23228,10.75,0.9487
5.9305,6.5953,0,-0.24796,10.682,0.85626
5.9305,6.5705,0,-0.26549,10.617,0.7596
5.9305,6.5439,0,-0.28329,10.555,0.66297
5.9305,6.5156,0,-0.30027,10.495,0.56912
5.9305,6.4856,0,-0.32083,10.438,0.47019
5.9305,6.4535,0,-0.34304,10.384,0.3712
5.9305,6.4192,0,-0.36459,10.333,0.27696
5.9305,6.3827,0,-0.38312,10.286,0.19095
5.9305,6.3444,0,-0.40171,10.243,0.10941
5.9305,6.3042,0,-0.42224,10.203,0.031657
5.9305,6.262,0,-0.43662,10.168,0
5.9305,6.2183,0,-0.45083,10.137,0
5.9305,6.1733,0,-0.47006,10.111,0
5.9305,6.1263,0,-0.48594,10.089,0
5.9305,6.0777,0,-0.50182,10.072,0
5.9305,6.0275,0,-0.5205,10.059,0
5.9305,5.9754,0,-0.53207,10.052,0
5.9305,5.9222,0,-0.54727,10.05,0
5.9305,5.8675,0,-0.55173,10.054,0
5.9305,5.8123,0,-8.8,10.063,35.455
5.9305,4.9323,0,-0.18785,10.119,0
5.9305,4.9135,0,-0.16053,10.22,0
5.9305,4.8975,0,-0.12569,10.322,0
5.9305,4.8849,0,-0.093052,10.426,0
5.9305,4.8756,0,-0.057111,10.531,0
5.9305,4.8699,0,-0.02272,10.637,0
5.9305,4.8676,0,0.028805,10.743,0
5.9305,4.8705,0,0.11448,10.849,0
5.9305,4.882,0,0.20497,10.955,0
5.9305,4.9025,0,0.2757,11.058,0
5.9305,4.93,0,0.34399,11.16,0
5.4003,4.9644,1.0544,0.39589,7.6775,0
5.4003,5.004,0,0.45866,7.7191,0.31916
5.6211,5.0499,1.0769,0.51111,7.7953,0
5.6211,5.101,0,0.55971,7.8499,0.33126
5.839,5.157,1.203,0.59708,7.9117,0
5.9546,5.2167,1.3494,0.63898,7.9868,0
5.9546,5.2806,0,0.69388,8.0573,0.38795
5.9546,5.35,0,0.75965,8.1213,0.85195
5.9546,5.4259,0,0.82658,8.1779,1.3802
5.9546,5.5086,0,0.89321,8.2267,1.9685
6.7782,5.5979,1.878,0.95421,8.4392,0
6.7782,5.6933,0,1.0077,8.5524,0.41677
6.7782,5.7941,0,1.0571,8.6559,0.95086
6.7782,5.8998,0,1.1022,8.749,1.5154
6.7782,6.01,0,1.1426,8.8314,2.1035
6.7782,6.1243,0,1.1759,8.9025,2.6957
6.7782,6.2419,0,1.2147,8.962,3.3563
6.7782,6.3633,0,1.2506,9.0095,4.042
6.7782,6.4884,0,1.2723,9.0448,4.6784
6.7782,6.6156,0,1.2928,9.0674,5.334
6.7782,6.7449,0,1.3149,9.0772,6.0264
6.7782,6.8764,0,1.3298,9.074,6.697
6.7782,7.0094,0,1.3509,9.0575,7.4322
6.7782,7.1444,0,1.3604,9.0276,8.1096
6.7782,7.2805,0,1.3736,8.9842,8.8318
9.5754,7.4178,1.7666,1.3795,10.996,0
9.5754,7.5558,0,1.3796,11.205,0
9.5754,7.6937,0,1.3854,11.4,0
9.5754,7.8323,0,1.3847,11.581,0
9.5754,7.9708,0,1.3747,11.748,0.38334
9.5754,8.1082,0,1.357,11.902,0.75593
9.5754,8.2439,0,1.3409,12.042,1.1383
9.5754,8.378,0,1.32,12.168,1.4993
9.5754,8.51,0,1.3032,12.281,1.8805
9.5754,8.6403,0,1.2828,12.381,2.2434
10.992,8.7686,1.113,1.2672,13.227,0
10.992,8.8953,0,1.2478,13.443,0
10.992,9.0201,0,1.2273,13.646,0
10.992,9.1428,0,1.2087,13.837,0
10.992,9.2637,0,1.1931,14.016,0
10.992,9.383,0,1.1799,14.183,0
10.992,9.501,0,1.1637,14.338,0
10.992,9.6174,0,1.1535,14.481,0.13919
10.992,9.7327,0,1.1453,14.613,0.46367
11.976,9.8473,0.98462,1.1281,15.148,0
11.976,9.9601,0,1.1175,15.355,0
11.976,10.072,0,1.1035,15.551,0
11.976,10.182,0,1.0905,15.736,0
12.375,10.291,0.95013,1.0784,16.023,0
12.375,10.399,0,1.0672,16.226,0
12.375,10.506,0,1.0517,16.418,0
12.375,10.611,0,1.0389,16.6,0
12.375,10.715,0,1.0288,16.771,0
12.837,10.818,0.83448,1.0162,17.051,0
12.837,10.919,0,0.99989,17.248,0
12.837,11.019,0,0.98956,17.435,0
13.083,11.118,0.78833,0.97445,17.664,0
13.083,11.216,0,0.96448,17.856,0
13.083,11.312,0,0.95139,18.038,0
13.083,11.407,0,0.93663,18.21,0
13.083,11.501,0,0.9233,18.373,0
13.083,11.593,0,0.90714,18.526,0
13.083,11.684,0,0.88995,18.671,0
13.083,11.773,0,0.8775,18.806,0
13.083,11.861,0,0.85651,18.933,0
13.083,11.946,0,0.83702,19.051,0
13.083,12.03,0,0.80746,19.16,0
13.083,12.111,0,0.77557,19.261,0
13.755,12.188,-0.07201,0.74046,19.876,0
13.755,12.262,0,0.70119,20.029,0
13.755,12.333,0,0.65612,20.175,0
13.755,12.398,0,0.60892,20.314,0
13.755,12.459,0,0.56468,20.446,0
13.755,12.516,0,0.52454,20.573,0
13.755,12.568,0,0.47878,20.695,0
13.554,12.616,-0.51302,0.43427,20.723,0.7313
13.554,12.659,0,0.38753,20.815,0
13.554,12.698,0,0.34279,20.903,0
13.554,12.732,0,0.29385,20.986,0
13.554,12.762,0,0.23968,21.067,0
13.191,12.786,-0.9273,0.18611,21.069,4.0129
13.191,12.804,0,0.13149,21.109,0
13.191,12.817,0,0.078049,21.147,0
13.191,12.825,0,0.032711,21.184,0
13.191,12.829,0,-0.0055105,21.22,0
12.698,12.828,-0.97834,-0.020615,21.145,5.3802
12.698,12.826,0,-0.035018,21.132,0.19036
12.698,12.822,0,-0.0509,21.119,0.14818
12.698,12.817,0,-0.066167,21.107,0.10559
12.698,12.811,0,-0.08217,21.095,0.060112
12.698,12.802,0,-0.096881,21.084,0.015845
12.098,12.793,-1.074,-0.11221,20.891,8.3468
11.994,12.782,-1.0816,-0.12772,20.818,8.7739
11.89,12.769,-1.0974,-0.14337,20.728,9.2882
11.89,12.754,0,-0.15844,20.641,1.604
11.89,12.739,0,-0.17368,20.555,1.5126
11.89,12.721,0,-0.18857,20.471,1.4206
11.478,12.702,-1.1028,-0.20535,20.313,10.648
11.478,12.682,0,-0.22238,20.192,2.3109
11.478,12.66,0,-0.24006,20.073,2.1829
11.478,12.636,0,-0.26013,19.956,2.045
11.478,12.61,0,-0.27934,19.841,1.9089
11.478,12.582,0,-0.30242,19.729,1.7597
11.478,12.551,0,-0.32746,19.621,1.6047
11.478,12.519,0,-0.35514,19.515,1.4431
10.417,12.483,-1.3575,-0.38026,18.988,17.23
10.417,12.445,0,-0.40343,18.783,4.0799
10.417,12.405,0,-0.43019,18.583,3.8296
10.417,12.362,0,-0.45607,18.386,3.5826
10.417,12.316,0,-0.4839,18.194,3.3281
10.417,12.268,0,-0.51394,18.006,3.0668
10.417,12.216,0,-0.54169,17.824,2.8167
10.417,12.162,0,-0.5673,17.646,2.5779
10.417,12.105,0,-0.59269,17.475,2.3447
10.417,12.046,0,-0.61856,17.309,2.1161
10.417,11.984,0,-0.64128,17.149,1.9035
10.417,11.92,0,-0.66543,16.995,1.6954
10.417,11.854,0,-0.68917,16.848,1.498
10.417,11.785,0,-0.71115,16.708,1.315
8.7396,11.714,-0.85359,-0.73123,15.28,12.523
8.7396,11.641,0,-0.75496,14.987,5.3236
8.7396,11.565,0,-0.77532,14.7,4.9751
8.7396,11.488,0,-0.79737,14.422,4.624
8.7396,11.408,0,-0.82,14.151,4.2768
8.7396,11.326,0,-0.84158,13.888,3.9413
8.7396,11.242,0,-0.86549,13.634,3.6058
8.7396,11.155,0,-0.89057,13.388,3.277
8.7396,11.066,0,-0.91753,13.151,2.9549
8.7396,10.974,0,-0.93999,12.923,2.661
8.7396,10.88,0,-0.96036,12.704,2.3879
8.7396,10.784,0,-0.97807,12.495,2.1373
8.7396,10.686,0,-0.9925,12.295,1.9102
8.7396,10.587,0,-1.0146,12.105,1.6888
8.7396,10.486,0,-1.0406,11.926,1.4866
7.5835,10.382,-0.86269,-1.0629,10.847,9.0267
7.5835,10.275,0,-1.0892,10.573,3.3502
7.5835,10.166,0,-1.1242,10.309,2.9778
7.5835,10.054,0,-5.2,10.057,151.82
7.5835,9.534,0,-5.2,9.8355,150.76
7.0829,9.014,-1.106,-0.77602,9.5578,9.4382
7.0829,8.9364,0,-5.2,9.3685,104.15
7.0829,8.4164,0,-5.2,9.2092,103.08
7.0829,7.8964,0,-0.40091,9.1018,0.8254
7.0829,7.8563,0,-0.39282,9.0225,0.76078
7.0829,7.8171,0,-5.2,8.9471,101.86
7.0829,7.2971,0,-0.14671,8.8997,0.13532
7.0829,7.2824,0,-0.12668,8.879,0.14497
7.0829,7.2697,0,-0.10084,8.8597,0.17136
7.0829,7.2596,0,-0.074113,8.8415,0.20698
7.0829,7.2522,0,-0.046652,8.8242,0.25235
7.0829,7.2476,0,-0.021705,8.8075,0.30052
7.0829,7.2454,0,-0.0025078,8.7911,0.34246
7.0829,7.2451,0,0.019492,8.7749,0.39758
7.0829,7.2471,0,0.045342,8.7586,0.47049
7.0829,7.2516,0,0.063518,8.7419,0.53132
7.0829,7.258,0,0.090147,8.7247,0.62318
7.5001,7.267,0.83959,0.12529,8.7033,0
7.5001,7.2795,0,0.16609,8.726,0
7.5001,7.2961,0,0.19946,8.7472,0.025538
7.5001,7.3161,0,0.23393,8.7666,0.16499
7.8083,7.3395,0.48598,0.25116,8.8364,0
7.8083,7.3646,0,0.26284,8.882,0
7.9098,7.3909,0.48807,0.27721,8.9232,0
7.9098,7.4186,0,0.2891,8.9737,0
7.9098,7.4475,0,0.29747,9.0214,0
7.9098,7.4772,0,0.31857,9.0661,0
7.9098,7.5091,0,0.33997,9.1078,0
7.9098,7.5431,0,0.35812,9.1462,0.078682
7.9098,7.5789,0,0.37361,9.1811,0.2152
8.3576,7.6163,0.60381,0.39336,9.3695,0
8.3576,7.6556,0,0.3998,9.4417,0
8.3576,7.6956,0,0.40016,9.5099,0
8.3576,7.7356,0,0.39999,9.5741,0
8.3576,7.7756,0,0.40345,9.6343,0
8.3576,7.8159,0,0.414,9.6905,0
8.3576,7.8573,0,0.4218,9.7426,0
8.3576,7.8995,0,0.44286,9.7905,0.10724
8.3576,7.9438,0,0.46088,9.8341,0.28023
8.8959,7.9899,0.69951,0.47329,10.073,0
8.8959,8.0372,0,0.48539,10.161,0
9.0496,8.0858,0.78144,0.5019,10.264,0
9.0496,8.1359,0,0.51216,10.358,0
9.0496,8.1872,0,0.53027,10.447,0
9.0496,8.2402,0,0.54402,10.53,0
9.0496,8.2946,0,0.55743,10.609,0
9.0496,8.3503,0,0.5721,10.681,0
9.0496,8.4075,0,0.58305,10.748,0.082446
9.0496,8.4658,0,0.59108,10.81,0.26728
9.0496,8.525,0,0.59709,10.865,0.45257
9.0496,8.5847,0,0.58705,10.915,0.58416
9.0496,8.6434,0,0.57366,10.958,0.70164
9.0496,8.7007,0,0.55026,10.996,0.77785
9.0496,8.7558,0,0.52715,11.028,0.8485
9.0496,8.8085,0,0.50441,11.055,0.91389
9.0496,8.8589,0,0.47707,11.076,0.95515
9.0496,8.9066,0,0.44462,11.093,0.96912
9.0496,8.9511,0,0.4145,11.105,0.98291
9.0496,8.9925,0,0.37754,11.113,0.96316
9.0496,9.0303,0,0.33645,11.117,0.91935
9.0496,9.0639,0,0.29526,11.117,0.86609
9.6077,9.0935,-0.2709,0.257,12.217,0.25715
9.6077,9.1192,0,0.2272,12.267,0
9.6077,9.1419,0,0.19858,12.315,0
9.6077,9.1617,0,0.1697,12.361,0
9.6077,9.1787,0,0.13693,12.404,0
9.6077,9.1924,0,0.08719,12.447,0
9.6077,9.2011,0,0.033664,12.488,0
9.6077,9.2045,0,-0.024936,12.528,0
9.6077,9.202,0,-0.077254,12.569,0
9.6077,9.1943,0,-0.13532,12.61,0
9.6077,9.1807,0,-0.19596,12.652,0
9.6077,9.1611,0,-0.26016,12.695,0
9.6077,9.1351,0,-0.31814,12.741,0
9.6077,9.1033,0,-0.35864,12.79,0
9.6077,9.0674,0,-0.37984,12.842,0
9.6077,9.0295,0,-0.38017,12.898,0
7.7653,8.9914,1.2205,-0.35644,11.611,1.1239
7.7653,8.9558,0,-0.3166,11.49,1.9417
7.7653,8.9241,0,-0.25864,11.373,2.0545
8.2061,8.8983,1.2877,-0.20777,11.31,0.99534
8.2061,8.8775,0,-0.16541,11.242,1.0928
8.4532,8.861,1.1301,-0.12409,11.185,0.53006
8.4532,8.8486,0,-0.084147,11.145,0.6627
8.4532,8.8401,0,-0.052255,11.106,0.72897
8.4532,8.8349,0,-0.017192,11.068,0.81578
8.902,8.8332,1.3856,0.033215,11.123,0.94858
8.902,8.8365,0,0.10121,11.13,0.090275
8.902,8.8466,0,0.16849,11.136,0.28943
8.902,8.8635,0,0.23842,11.141,0.53804
8.902,8.8873,0,0.30255,11.143,0.81238
8.902,8.9176,0,0.36162,11.143,1.1101
9.8279,8.9537,1.6457,0.42196,11.414,1.0242
9.8279,8.9959,0,0.47663,11.499,0
9.8279,9.0436,0,0.53281,11.58,0
9.8279,9.0969,0,0.59609,11.655,0
9.8279,9.1565,0,0.65614,11.726,0.25666
9.8279,9.2221,0,0.7158,11.789,0.67076
9.8279,9.2937,0,0.77575,11.846,1.1376
9.8279,9.3713,0,0.8338,11.896,1.6486
9.8279,9.4546,0,0.87904,11.937,2.1481
9.8279,9.5425,0,0.92141,11.97,2.6733
9.8279,9.6347,0,0.95716,11.994,3.201
9.8279,9.7304,0,0.99024,12.009,3.7469
9.8279,9.8294,0,1.0256,12.014,4.3379
9.8279,9.932,0,1.0563,12.008,4.9338
9.8279,10.038,0,1.0827,11.993,5.533
12.509,10.146,1.751,1.1087,13.978,0.13525
12.509,10.257,0,1.1368,14.209,0
12.509,10.37,0,1.1626,14.428,0
13.041,10.487,1.7649,1.1874,14.716,0.086477
13.041,10.605,0,1.2077,14.965,0
13.041,10.726,0,1.2305,15.203,0
13.041,10.849,0,1.2471,15.428,0
13.041,10.974,0,1.2609,15.641,0
13.041,11.1,0,1.2648,15.841,0
13.041,11.227,0,1.2697,16.029,0
13.041,11.354,0,1.2731,16.204,0
13.041,11.481,0,1.2711,16.367,0.062903
13.041,11.608,0,1.2616,16.516,0.42454
14.52,11.734,1.129,1.2507,17.472,0
14.52,11.859,0,1.2397,17.744,0
14.52,11.983,0,1.226,18.004,0
14.52,12.106,0,1.2132,18.252,0
14.52,12.227,0,1.1955,18.487,0
14.52,12.347,0,1.1821,18.711,0
14.52,12.465,0,1.161,18.922,0
14.52,12.581,0,1.1468,19.122,0
15.289,12.696,1.0272,1.1332,19.65,0
15.289,12.809,0,1.1234,19.903,0
15.289,12.921,0,1.126,20.146,0
15.289,13.034,0,1.1321,20.377,0
15.289,13.147,0,1.1428,20.597,0
15.289,13.261,0,1.1586,20.805,0
15.289,13.377,0,1.1743,21.002,0
15.289,13.495,0,1.1897,21.188,0
15.289,13.614,0,1.2015,21.361,0
15.289,13.734,0,1.2167,21.523,0
15.289,13.855,0,1.227,21.672,0.26992
15.289,13.978,0,1.2311,21.809,0.68246
15.289,14.101,0,1.2345,21.934,1.1077
17.18,14.225,1.2528,1.2396,23.237,0
17.18,14.349,0,1.2325,23.526,0
17.415,14.472,1.1561,1.227,23.832,0
17.536,14.595,1.1465,1.2222,24.123,0
17.536,14.717,0,1.2135,24.411,0
17.536,14.838,0,1.2022,24.687,0
17.536,14.958,0,1.1924,24.95,0
17.536,15.078,0,1.1863,25.202,0
18.089,15.196,0.98697,1.1836,25.574,0
18.089,15.315,0,1.1727,25.858,0
18.089,15.432,0,1.1627,26.129,0
18.089,15.548,0,1.1555,26.389,0
18.089,15.664,0,1.1485,26.637,0
18.089,15.779,0,1.1337,26.874,0
18.089,15.892,0,1.1211,27.1,0
18.089,16.004,0,1.1133,27.314,0
18.089,16.115,0,1.1039,27.517,0
18.089,16.226,0,1.097,27.709,0
18.089,16.335,0,1.0919,27.889,0
18.089,16.445,0,1.0853,28.059,0
18.089,16.553,0,1.0764,28.218,0
18.089,16.661,0,1.0677,28.366,0
18.089,16.768,0,1.0529,28.504,0
19.512,16.873,0.72706,1.0381,29.775,0
19.512,16.977,0,1.0237,30.034,0
19.512,17.079,0,1.0072,30.282,0
19.512,17.18,0,0.99453,30.521,0
19.512,17.279,0,0.98132,30.749,0
19.512,17.377,0,0.96296,30.967,0
19.512,17.474,0,0.94509,31.176,0
19.512,17.568,0,0.93119,31.375,0
19.512,17.661,0,0.91465,31.565,0
19.512,17.753,0,0.90013,31.745,0
19.512,17.843,0,0.89165,31.917,0
19.512,17.932,0,0.88341,32.079,0
19.512,18.02,0,0.88213,32.233,0
19.512,18.109,0,0.88389,32.378,0
19.512,18.197,0,0.88521,32.514,0
19.512,18.285,0,0.88871,32.641,0
20.716,18.374,1.0613,0.89024,33.624,0
20.716,18.463,0,0.8916,33.854,0
20.716,18.552,0,0.89849,34.075,0
20.716,18.642,0,0.89844,34.286,0
20.716,18.732,0,0.89363,34.489,0
20.716,18.822,0,0.8942,34.683,0
20.716,18.911,0,0.89188,34.868,0
20.716,19,0,0.88654,35.044,0
21.44,19.089,0.85965,0.88026,35.505,0
21.44,19.177,0,0.87631,35.736,0
21.44,19.264,0,0.8717,35.958,0
21.44,19.352,0,0.86705,36.171,0
21.44,19.438,0,0.86216,36.375,0
21.44,19.525,0,0.85698,36.571,0
21.91,19.61,0.65401,0.85159,36.898,0
21.91,19.695,0,0.84603,37.124,0
21.91,19.78,0,0.83312,37.341,0
21.91,19.863,0,0.82335,37.55,0
21.91,19.946,0,0.80835,37.751,0
21.91,20.026,0,0.79958,37.943,0
21.91,20.106,0,0.78699,38.127,0
21.91,20.185,0,0.77839,38.304,0
21.91,20.263,0,0.76967,38.472,0
21.91,20.34,0,0.76847,38.633,0
21.91,20.417,0,0.76811,38.786,0
21.91,20.494,0,0.77391,38.931,0
21.91,20.571,0,0.78097,39.069,0
21.91,20.649,0,0.78843,39.199,0
22.943,20.728,1.1637,0.80284,39.955,0
22.943,20.808,0,0.8173,40.173,0
22.943,20.89,0,0.82667,40.382,0
22.943,20.973,0,0.83446,40.583,0
22.943,21.056,0,0.83918,40.776,0
22.943,21.14,0,0.83996,40.961,0
23.579,21.224,1.0386,0.84558,41.326,0
23.579,21.309,0,0.85102,41.558,0
23.785,21.394,1.2306,0.85563,41.789,0
