0,0,-0.02046,0,35.5,0.042991
0,0,0,7.8,35.5,59.103
0.012672,0.78,0.0082997,7.8,35.462,79.487
0.012672,1.56,0,7.8,35.346,85.202
0.012672,2.34,0,7.8,35.152,90.777
0.013495,3.12,0.0045162,7.8,34.872,96.276
0.013495,3.9,0,7.8,34.523,102.01
0.013495,4.68,0,7.8,34.095,107.67
0.013495,5.46,0,7.8,33.589,113.35
0.013495,6.24,0,6.7,33.006,104.93
0.013495,6.91,0,6.7,32.35,109.8
0.013495,7.58,0,6.7,31.626,114.67
0.013495,8.25,0,-0.43254,30.836,34.392
0.013495,8.2067,0,-0.4475,30.015,33.982
0.013495,8.162,0,-0.46319,29.198,33.557
0.013495,8.1157,0,-0.47951,28.385,33.117
0.013495,8.0677,0,-0.49622,27.577,32.666
0.048044,8.0181,0.0094042,-0.51355,26.845,31.869
0.048044,7.9667,0,-0.53236,26.05,31.508
0.048044,7.9135,0,-0.55263,25.261,30.996
0.048044,7.8583,0,-0.57364,24.477,30.468
0.048044,7.8009,0,-0.59529,23.699,29.923
0.048044,7.7414,0,-0.61924,22.927,29.346
0.048044,7.6794,0,-0.64357,22.16,28.755
0.048044,7.6151,0,-0.67054,21.4,28.128
0.052472,7.548,0.011892,-0.69831,20.636,27.307
0.052472,7.4782,0,-0.72756,19.89,26.786
0.052472,7.4054,0,-0.75782,19.151,26.094
0.052472,7.3297,0,-0.79066,18.42,25.367
0.052472,7.2506,0,-0.82568,17.696,24.608
0.052472,7.168,0,-0.86213,16.98,23.823
0.052472,7.0818,0,-0.90295,16.273,22.988
0.060784,6.9915,0.016798,-0.94542,15.578,21.893
0.060784,6.897,0,-0.99047,14.889,21.187
0.060784,6.7979,0,-1.0389,14.21,20.252
0.060784,6.694,0,-1.0901,13.542,19.283
0.060784,6.585,0,-1.1431,12.884,18.292
0.060784,6.4707,0,-1.1972,12.237,17.285
0.060784,6.351,0,-1.2545,11.602,16.248
0.060784,6.2255,0,-1.316,10.98,15.178
0.060784,6.0939,0,-1.3824,10.37,14.075
0.060784,5.9557,0,-1.4518,9.7733,12.958
0.060784,5.8105,0,-1.5232,9.1911,11.841
0.060784,5.6582,0,-1.5974,8.6237,10.726
0.060784,5.4985,0,-1.6759,8.072,9.6163
0.060784,5.3309,0,-8.8,7.5366,0
0.060784,4.4509,0,-8.8,7.0536,0
0.060784,3.5709,0,-8.8,6.6586,0
0.060784,2.6909,0,-0.5547,6.3516,5.3835
0.060784,2.6354,0,-8.8,6.0913,0
0.086633,1.7554,0.011778,-0.25236,5.9225,3.5454
0.086633,1.7302,0,-8.8,5.7569,0
0.086633,0.85016,0,0.010201,5.6366,1.9278
0.086633,0.85118,0,0.0075552,5.5602,1.9206
0.086633,0.85193,0,0.010961,5.4837,1.9358
0.091217,0.85303,0.017486,-8.8,5.4068,0
0.091217,0,0,0.015744,5.3746,0
0.091217,0.0015744,0,0.0090652,5.3836,0
0.091217,0.002481,0,-0.0010942,5.3926,0
0.091217,0.0023715,0,-0.0041567,5.4014,0
0.091217,0.0019559,0,-0.0078686,5.4104,0
0.091217,0.001169,0,-0.0085368,5.4193,0
0.091217,0.00031533,0,0.0023874,5.4284,0
0.091217,0.00055407,0,0.015053,5.4374,0
0.091217,0.0020594,0,0.014852,5.4464,0
0.091217,0.0035446,0,0.0099772,5.4553,0
0.091217,0.0045423,0,0.012048,5.464,0
0.091217,0.0057471,0,0.0081009,5.4726,0
0.091217,0.0065572,0,0.0051291,5.4811,0
0.091217,0.0070701,0,0.0079137,5.4895,0
0.091217,0.0078615,0,0.014416,5.4979,0
0.091217,0.0093031,0,0.0082083,5.5062,0
0.091217,0.010124,0,0.0061243,5.5143,0
0.091217,0.010736,0,-0.00081048,5.5224,0
0.091217,0.010655,0,-0.0050003,5.5305,0
0.091217,0.010155,0,-0.0020828,5.5385,0
0.091217,0.009947,0,0.0003589,5.5467,0
0.091217,0.0099829,0,0.0044195,5.5548,0
0.091217,0.010425,0,0.012037,5.5629,0
0.091217,0.011629,0,0.0118,5.5709,0
0.091217,0.012809,0,0.0016756,5.5788,0
0.091217,0.012976,0,-0.0030776,5.5866,0
0.091217,0.012668,0,-0.0043555,5.5945,0
0.091217,0.012233,0,-0.0021267,5.6024,0
0.091217,0.01202,0,0.0055358,5.6103,0
0.091217,0.012574,0,0.009748,5.6182,0
0.091217,0.013549,0,0.0071404,5.626,0
0.091217,0.014263,0,0.00019821,5.6337,0
0.091217,0.014282,0,-0.011528,5.6414,0
0.091217,0.01313,0,-0.017122,5.6492,0
0.13671,0.011417,-0.013377,-0.013377,5.7976,0
0.13671,0.01008,0,-0.0031717,5.8102,0
0.13671,0.0097626,0,0.0050611,5.8228,0
0.13671,0.010269,0,0.010389,5.8355,0
0.13671,0.011308,0,0.0081163,5.8481,0
0.13671,0.012119,0,0.0018022,5.8606,0
0.13671,0.012299,0,-0.003279,5.873,0
0.13671,0.011972,0,-0.0021185,5.8855,0
0.13671,0.01176,0,0.0024052,5.898,0
0.13671,0.012,0,0.00052731,5.9105,0
0.13671,0.012053,0,0.0012381,5.9229,0
0.13671,0.012177,0,-0.00095521,5.9354,0
0.13671,0.012081,0,-0.0094214,5.9479,0
0.13671,0.011139,0,-0.011927,5.9604,0
0.12191,0.0099464,-0.006317,-0.006317,5.9938,0
0.12191,0.0093147,0,0.00082255,6.005,0
0.12191,0.0093969,0,0.0062646,6.0163,0
0.12191,0.010023,0,0.007176,6.0275,0
0.12191,0.010741,0,0.0044277,6.0387,0
0.12191,0.011184,0,0.0011511,6.0497,0
0.12191,0.011299,0,-0.0027632,6.0608,0
0.12191,0.011023,0,-0.0023998,6.0719,0
0.12191,0.010783,0,0.0042112,6.083,0
0.12191,0.011204,0,-0.0017372,6.0941,0
0.12191,0.01103,0,-0.005385,6.1052,0
0.12191,0.010491,0,-0.013211,6.1163,0
0.12191,0.0091704,0,-0.018498,6.1275,0
0.12191,0.0073206,0,-0.023936,6.1388,0
0.12191,0.004927,0,-0.0096368,6.1504,0
0.12191,0.0039633,0,0.00041775,6.1622,0
0.12191,0.0040051,0,0.0054462,6.174,0
0.12191,0.0045497,0,0.0087258,6.1857,0
0.12191,0.0054223,0,0.0049765,6.1974,0
0.11626,0.0059199,-0.0033867,-0.0033867,6.2055,0
0.11626,0.0055813,0,-0.0093122,6.2165,0
0.11626,0.00465,0,0.0021987,6.2276,0
0.11626,0.0048699,0,0.029964,6.2388,0
0.11626,0.0078663,0,0.065127,6.2498,0
0.11626,0.014379,0,0.091158,6.2603,0
0.11626,0.023495,0,0.12373,6.27,0.08508
0.11626,0.035868,0,0.14521,6.2787,0.168
0.11626,0.05039,0,0.14986,6.286,0.21392
0.11626,0.065376,0,0.15518,6.2918,0.26339
0.11626,0.080894,0,0.1399,6.2962,0.25839
0.11626,0.094884,0,0.11403,6.299,0.22222
0.11626,0.10629,0,0.092637,6.3006,0.19325
0.11626,0.11555,0,0.091856,6.3011,0.21224
0.11626,0.12474,0,0.04914,6.3007,0.1277
0.11626,0.12965,0,0.017407,6.2996,0.065461
0.11626,0.13139,0,-0.061316,6.2982,0
0.11626,0.12526,0,-0.15412,6.297,0
0.11626,0.10985,0,-0.26381,6.2969,0
0.11626,0.083465,0,-0.33955,6.2988,0
0.11626,0.04951,0,-0.31891,6.3038,0
0.11626,0.017619,0,-0.20155,6.3121,0
0.11626,0,0,-0.10949,6.3229,0
0.11626,0,0,-0.048198,6.3351,0
0.090994,0,0.023721,0.023721,6.4379,0
0.090994,0.0023721,0,0.032555,6.4469,0
0.090994,0.0056276,0,-0.0055102,6.4556,0
0.090994,0.0050765,0,-0.010864,6.4642,0
0.090994,0.0039901,0,-0.014804,6.4728,0
0.090994,0.0025098,0,-0.015058,6.4816,0
0.11094,0.001004,-0.0053108,-0.0053108,6.49,0
0.11094,0.00047288,0,-0.013389,6.501,0
0.11094,0,0,-0.016633,6.5121,0
0.11094,0,0,0.016049,6.5233,0
0.11094,0.0016049,0,0.040445,6.5343,0
0.11094,0.0056494,0,0.0136,6.545,0
0.11094,0.0070094,0,0.0075047,6.5555,0
0.11094,0.0077599,0,0.014269,6.5658,0
0.088414,0.0091868,0.011545,0.011545,6.5669,0
0.088414,0.010341,0,0.00023163,6.5747,0
0.088414,0.010364,0,0.004485,6.5825,0
0.088414,0.010813,0,0.011792,6.5903,0
0.088414,0.011992,0,0.0030187,6.598,0
0.088414,0.012294,0,-0.0089977,6.6057,0
0.088414,0.011394,0,0.018941,6.6133,0
0.088414,0.013288,0,0.067755,6.6209,0
0.087846,0.020064,0.10256,0.10256,6.6217,0
0.087846,0.030319,0,0.13906,6.628,0.20457
0.087846,0.044225,0,0.20111,6.6331,0.41161
0.087846,0.064336,0,0.24477,6.6364,0.59673
0.087846,0.088813,0,0.25373,6.6375,0.68953
0.087846,0.11419,0,0.27915,6.6362,0.84275
0.087846,0.1421,0,0.34481,6.6321,1.1576
0.087846,0.17658,0,0.39082,6.625,1.4378
0.087846,0.21566,0,0.41235,6.6142,1.6441
0.087846,0.2569,0,0.43427,6.5993,1.8652
0.087846,0.30032,0,0.43512,6.5802,2.0061
0.087846,0.34384,0,0.33438,6.5568,1.7115
0.087846,0.37727,0,0.17218,6.5295,1.187
0.087846,0.39449,0,0.06944,6.4997,0.88998
0.087846,0.40144,0,0.039409,6.4687,0.81522
0.087846,0.40538,0,0.028162,6.4372,0.79135
0.087846,0.40819,0,0.086616,6.4053,0.98
0.087846,0.41686,0,0.20378,6.3728,1.4129
0.087846,0.43723,0,0.26263,6.3389,1.7007
0.087846,0.4635,0,0.25039,6.3026,1.7299
0.087846,0.48854,0,0.2434,6.2638,1.7767
0.087846,0.51288,0,0.22824,6.2225,1.7883
0.087846,0.5357,0,0.24605,6.1789,1.9298
0.087846,0.5603,0,0.27323,6.1329,2.12
0.087846,0.58763,0,0.3235,6.0843,2.4279
0.72026,0.61998,0.39738,0.39738,6.8196,0
0.72026,0.65972,0,0.48163,6.8277,1.3577
0.72026,0.70788,0,0.49513,6.8313,1.5609
0.72026,0.75739,0,0.46633,6.8301,1.5921
0.72026,0.80403,0,0.38167,6.824,1.3864
0.9346,0.84219,0.28062,0.28062,6.8763,0
0.9346,0.87025,0,0.19469,6.8842,0.34208
0.9346,0.88972,0,1.3427,6.8896,6.1633
0.9346,1.024,0,-0.0011648,6.8874,0.18529
0.9346,1.0239,0,0.081349,6.8785,0.3922
0.9346,1.032,0,0.23675,6.8692,0.88909
0.9346,1.0557,0,0.26346,6.8582,1.047
0.9346,1.082,0,0.29356,6.8448,1.2313
0.9346,1.1114,0,0.19394,6.8286,0.95652
0.9346,1.1308,0,-0.0022186,6.8099,0.41907
0.9346,1.1306,0,-0.0074846,6.7903,0.40517
0.9346,1.1298,0,-0.017361,6.7708,0.37871
0.9346,1.1281,0,-0.032567,6.7513,0.33768
0.9346,1.1248,0,-0.051317,6.7322,0.2864
0.9346,1.1197,0,-0.069656,6.7134,0.23412
0.9346,1.1127,0,-0.083025,6.6952,0.19072
0.9346,1.1044,0,-0.091343,6.6778,0.15636
0.9346,1.0953,0,-0.095317,6.6613,0.12983
-0.053932,1.0857,0.47683,-0.093287,6.2734,1.1391
-0.053932,1.0764,0,-0.090847,6.1599,2.1271
-0.053932,1.0673,0,-0.08897,6.0473,2.1124
-0.053932,1.0584,0,-0.089655,5.9356,2.0927
-0.053932,1.0495,0,-0.089532,5.8248,2.0746
-0.053932,1.0405,0,-0.090187,5.715,2.0548
-0.053932,1.0315,0,-0.091802,5.606,2.033
-0.053932,1.0223,0,-0.091035,5.4979,2.0158
-0.053932,1.0132,0,-8.8,5.3907,0
-0.053932,0.13322,0,0.28364,5.328,0.98038
-0.053932,0.16158,0,0.26864,5.3079,1.007
-0.053932,0.18845,0,0.26056,5.285,1.0451
-0.053932,0.2145,0,0.24656,5.2594,1.0691
-0.053932,0.23916,0,0.24753,5.2313,1.1217
0.2394,0.26391,0.29431,0.29431,5.3858,0.050571
0.2394,0.29334,0,0.31934,5.3819,1.062
0.2394,0.32527,0,0.33785,5.3749,1.2221
0.2394,0.35906,0,0.44139,5.3646,1.7416
0.38563,0.4032,0.60211,0.60211,5.3522,0.036168
0.38563,0.46341,0,0.71541,5.3474,2.8955
0.38563,0.53495,0,0.73236,5.3361,3.2401
0.38563,0.60819,0,0.65956,5.3175,3.1203
0.38563,0.67414,0,-8.8,5.2919,0
0.73144,0,0.10132,0.10132,5.3731,0
0.73144,0.010132,0,-0.27827,5.4458,0
0.73144,0,0,-0.58747,5.5193,0
0.73144,0,0,-0.7943,5.5954,0
0.73144,0,0,-0.7281,5.6725,0
0.73144,0,0,-0.54058,5.7493,0
0.73144,0,0,-0.30286,5.8251,0
0.73144,0,0,-0.014912,5.8998,0
0.73144,0,0,0.27658,5.973,0
0.73144,0.027658,0,0.37351,6.0448,0
0.73144,0.065009,0,0.50702,6.1133,0
0.73144,0.11571,0,0.64721,6.1774,0.37995
0.73144,0.18043,0,0.72806,6.2357,0.88441
0.73144,0.25324,0,0.64302,6.2872,0.75991
0.73144,0.31754,0,0.45478,6.3318,0.25996
0.73144,0.36302,0,0.19848,6.3709,0
0.73144,0.38287,0,-0.095134,6.4067,0
0.73144,0.37335,0,-0.4524,6.4421,0
0.73144,0.32811,0,-0.69182,6.4801,0
0.73144,0.25893,0,-0.7964,6.5239,0
0.73144,0.17929,0,-0.918,6.5752,0
0.73144,0.087492,0,-1.0784,6.635,0
0.73144,0,0,-1.1423,6.7048,0
0.73144,0,0,-1.1754,6.7836,0
0.73144,0,0,-1.3005,6.8626,0
0.73144,0,0,-1.3638,6.9423,0
0.73144,0,0,-1.2379,7.0222,0
0.73144,0,0,-0.98833,7.1016,0
0.73144,0,0,-0.71425,7.1797,0
0.73144,0,0,-0.39121,7.2564,0
0.73144,0,0,-0.093577,7.3315,0
0.73144,0,0,0.08889,7.4051,0
0.73144,0.008889,0,0.11849,7.4778,0
0.73144,0.020738,0,0.1194,7.5494,0
-0.41254,0.032678,0.10463,0.10463,6.1635,1.0493
-0.41254,0.043141,0,0.095117,6.1184,1.2706
-0.41254,0.052653,0,0.066389,6.0724,1.2298
-0.41254,0.059291,0,0.063597,6.0256,1.2375
-0.41254,0.065651,0,-0.025229,5.9781,1.0639
-0.41254,0.063128,0,-0.18663,5.9304,0.71958
-0.41254,0.044465,0,-0.36661,5.8837,0.30313
-0.41254,0.0078036,0,-0.44057,5.8399,0.072569
-0.41254,0,0,-0.43099,5.8,0.076707
-0.5218,0,-0.35207,-0.35207,5.7317,1.2063
-0.5218,0,0,-0.15651,5.6813,0.87744
-0.5218,0,0,0.060621,5.6299,1.3337
-0.5218,0.0060621,0,0.14469,5.5774,1.5228
-0.5218,0.020531,0,0.1157,5.5239,1.4915
-0.5218,0.032101,0,0.11427,5.4691,1.5122
-0.5218,0.043528,0,0.11783,5.4131,1.5431
-0.5218,0.055312,0,0.12097,5.356,1.5739
-0.5218,0.067409,0,0.13158,5.2977,1.621
-0.5218,0.080567,0,0.15954,5.2381,1.7067
-0.5218,0.096521,0,0.17842,5.1771,1.7791
-0.5218,0.11436,0,0.19796,5.1143,1.8567
-0.5218,0.13416,0,-8.8,5.0497,0
-0.41701,0,0.41276,0.41276,5.0332,0.99149
-0.41701,0.041276,0,-8.8,4.9894,0
-0.41701,0,0,-8.8,4.9876,0
-0.41701,0,0,0.70243,4.9899,2.4675
-0.41701,0.070243,0,-8.8,4.9447,0
-0.41701,0,0,-8.8,4.94,0
-0.41701,0,0,0.36748,4.9423,1.7637
-0.41701,0.036748,0,0.26422,4.8987,1.622
-0.41701,0.06317,0,-8.8,4.852,0
-0.41701,0,0,0.11145,4.848,1.2257
-0.41701,0.011145,0,0.058228,4.8058,1.1367
-0.41701,0.016967,0,0.0062855,4.7627,1.0395
-0.41701,0.017596,0,-0.088159,4.7192,0.84232
-0.41701,0.0087801,0,-0.2958,4.6762,0.38793
-0.01963,0,-0.63067,-0.63067,5.0608,0.17686
-0.01963,0,0,-1.01,5.062,0
-0.01963,0,0,-1.3267,5.0651,0
-0.01963,0,0,-1.6476,5.0698,0
-0.50124,0,-2.0979,-8.8,4.9764,0
-0.72038,0,-2.715,-8.8,4.9664,0
-0.9954,0,-3.5979,-8.8,4.9233,0
-0.9954,0,0,-8.8,4.8677,0
-0.9954,0,0,-8.8,4.8122,0
-0.9954,0,0,-8.8,4.7566,0
-0.9954,0,0,-8.8,4.7011,0
-3.0515,0,-1.8267,-8.8,4.1264,0
-3.0515,0,0,-8.8,3.8653,0
-3.0515,0,0,-8.8,3.6041,0
-3.0515,0,0,-8.8,3.343,0
-3.0515,0,0,-8.8,3.0818,0
-3.0515,0,0,-8.8,2.8207,0
-3.0515,0,0,-8.8,2.5596,0
-3.0515,0,0,-8.8,2.2984,0
-3.0515,0,0,-8.8,2.0373,0
-3.0515,0,0,-8.8,1.7761,0
-3.0515,0,0,-8.8,1.515,0
-3.0515,0,0,-8.8,1.2538,0
-3.0515,0,0,-8.8,0.99268,0
-3.0515,0,0,-14.496,0.73154,0
-3.0515,0,0,-45.565,0.49888,0
-3.0515,0,0,-862.76,0.42155,0
-3.0515,0,0,-8.8,4.4302,0
-3.0515,0,0,-8.8,4.169,0
-3.0515,0,0,-8.8,3.9079,0
-3.0515,0,0,-8.8,3.6468,0
-3.0515,0,0,-8.8,3.3856,0
-3.0515,0,0,-8.8,3.1245,0
-3.0515,0,0,-8.8,2.8633,0
-3.0515,0,0,-8.8,2.6022,0
-3.0515,0,0,-8.8,2.341,0
-3.0515,0,0,-8.8,2.0799,0
-3.0515,0,0,-8.8,1.8187,0
-3.86,0,0.45495,-13.565,0.53138,0
-3.86,0,0,-33.184,0.21321,0
-3.86,0,0,-709.2,-0.0068686,0
-3.86,0,0,-8.8,3.1532,0
-3.86,0,0,-8.8,2.8112,0
-3.86,0,0,-8.8,2.4692,0
-3.86,0,0,-8.8,2.1272,0
-3.86,0,0,-8.8,1.7852,0
-3.4017,0,-1.2654,-8.8,1.6685,0
-3.4017,0,0,-8.8,1.3723,0
-3.4017,0,0,-8.8,1.0761,0
-3.4017,0,0,-11.873,0.77997,0
-3.4017,0,0,-21.296,0.49916,0
-3.4017,0,0,-89.513,0.26546,0
-3.4017,0,0,-54.195,0.37285,0
-3.4017,0,0,-273.06,0.30365,0
-3.4017,0,0,-8.8,1.3288,0
-3.4017,0,0,-8.8,1.0326,0
-3.4017,0,0,-9.2228,0.73641,0
-3.4017,0,0,-23.368,0.44235,0
-3.4017,0,0,9.8,1.2205,27.702
-3.4017,0.98,0,-8.8,0.83133,0
-3.4017,0.1,0,-8.8,0.43716,0
-3.4017,0,0,-10.586,0.13098,0
-3.4017,0,0,-54.161,-0.15626,0
-3.4017,0,0,-14.109,-0.22563,0
-3.4017,0,0,-324.52,-0.49526,0
-3.4017,0,0,-8.8,0.78716,0
-3.4017,0,0,-8.8,0.49099,0
-3.4017,0,0,-8.8,0.19482,0
-3.4017,0,0,-8.8,-0.10136,0
-3.4017,0,0,-8.8,-0.39753,0
-3.4017,0,0,-8.8,-0.69371,0
-3.4017,0,0,-8.8,-0.98988,0
-3.4017,0,0,-8.8,-1.2861,0
-3.4017,0,0,-8.8,-1.5822,0
-3.4017,0,0,-8.8,-1.8784,0
-3.4017,0,0,-8.8,-2.1746,0
-0.9526,0,-0.52394,-8.8,0.6761,0
-1.009,0,-0.54662,-8.8,0.62487,0
-1.009,0,0,-8.8,0.56797,0
-1.009,0,0,-8.8,0.51107,0
-1.009,0,0,-8.8,0.45417,0
-1.009,0,0,-8.8,0.39727,0
-1.009,0,0,-8.8,0.34037,0
-1.009,0,0,-8.8,0.28346,0
-1.009,0,0,-9.1863,0.22656,0
-1.009,0,0,-106.77,0.17159,0
-1.009,0,0,-8.8,0.60455,0
-1.009,0,0,-8.8,0.54765,0
-1.009,0,0,-8.8,0.49075,0
-1.009,0,0,-16.978,0.43385,0
-1.6836,0,-1.0916,-191,0.0074628,0
-1.6836,0,0,-8.8,0.79411,0
-1.6836,0,0,-8.8,0.66975,0
-1.6836,0,0,-8.8,0.54539,0
-1.6836,0,0,-8.8,0.42103,0
-1.6836,0,0,-17.159,0.29667,0
-1.6836,0,0,-405.67,0.21411,0
-1.6836,0,0,-8.8,2.0741,0
-1.6836,0,0,-8.8,1.9498,0
-1.6836,0,0,-8.8,1.8254,0
-1.6836,0,0,-8.8,1.701,0
-1.6836,0,0,-8.8,1.5767,0
-1.6836,0,0,-8.8,1.4523,0
-1.6836,0,0,-14.444,1.328,0
-1.6836,0,0,-45.455,1.2318,0
-1.6836,0,0,-213.3,1.2907,0
-3.2908,0,-0.13999,-8.8,0.76418,0
-3.2908,0,0,-11.718,0.4791,0
-3.2908,0,0,-26.569,0.2086,0
-3.2908,0,0,-1510.2,0.012368,0
-3.2908,0,0,0.43876,7.2343,7.8048
-3.2908,0.043876,0,0.77157,6.9031,8.594
-3.2908,0.12103,0,0.96245,6.5657,9.1533
-3.2908,0.21728,0,0.98065,6.2197,9.3888
-3.2908,0.31534,0,0.77607,5.864,9.16
-3.2908,0.39295,0,0.47088,5.4995,8.6778
-2.8672,0.44004,0.16241,-8.8,5.2154,0
-2.8672,0,0,-8.8,4.9287,0
-2.8672,0,0,-8.8,4.686,0
-2.8672,0,0,-8.8,4.4432,0
-2.8672,0,0,-8.8,4.2005,0
-2.8672,0,0,-8.8,3.9578,0
-2.8672,0,0,-8.8,3.7151,0
-3.163,0,-1.0988,-8.8,3.4235,0
-3.163,0,0,-8.8,3.1512,0
-3.163,0,0,-8.8,2.8789,0
-3.163,0,0,-8.8,2.6066,0
-3.163,0,0,-8.8,2.3343,0
-3.163,0,0,-8.8,2.062,0
-3.163,0,0,-8.8,1.7897,0
-4.0949,0,-0.54725,-8.8,1.207,0
-4.0949,0,0,-10.373,0.84153,0
-4.0949,0,0,-18.511,0.48391,0
-4.0949,0,0,-61.87,0.16697,0
-4.0949,0,0,-381.81,0.066829,0
-4.0949,0,0,-8.8,1.5664,0
-4.0949,0,0,-10.146,1.2009,0
-4.0949,0,0,-16.085,0.84215,0
-4.0949,0,0,-34.234,0.51308,0
-4.0949,0,0,-359.5,0.27476,0
-4.0949,0,0,-11.399,1.6628,0
-4.0949,0,0,-17.406,1.3103,0
-4.0949,0,0,-35.965,0.9878,0
-4.0949,0,0,-310.98,0.75814,0
-4.0949,0,0,-18.132,1.9036,0
