28.611,28.611,0.26701,0,35.5,0
28.611,28.611,0,0.0046837,35.5,0.0098969
28.647,28.612,0.15076,0.0066742,35.512,0
28.647,28.612,0,0.010155,35.516,0
28.647,28.613,0,0.012297,35.519,0
28.647,28.614,0,0.016602,35.522,0
28.647,28.616,0,0.018226,35.525,0
28.647,28.618,0,0.019748,35.528,0
28.647,28.62,0,0.023186,35.531,0
28.647,28.622,0,0.024903,35.534,0.0028371
28.647,28.625,0,0.025648,35.536,0.009645
28.647,28.627,0,0.026113,35.538,0.016015
28.647,28.63,0,0.024683,35.54,0.01835
28.647,28.632,0,0.023382,35.541,0.02067
28.647,28.635,0,0.022714,35.543,0.024098
28.647,28.637,0,0.019503,35.544,0.02184
28.647,28.639,0,0.016072,35.545,0.018461
28.647,28.641,0,0.011134,35.545,0.011165
28.647,28.642,0,0.0062675,35.546,0.0030912
28.647,28.642,0,0.0041462,35.546,0
28.647,28.643,0,-3.2919e-05,35.547,0
28.647,28.643,0,-0.003135,35.547,0
28.647,28.642,0,-0.005943,35.548,0
28.647,28.642,0,-0.011218,35.548,0
28.647,28.641,0,-0.017387,35.549,0
28.647,28.639,0,-0.023949,35.549,0
28.463,28.637,-0.34483,-0.027613,35.651,1.4468
28.463,28.634,0,-0.032433,35.634,0.28738
28.396,28.631,-0.38801,-0.037452,35.604,1.7885
28.396,28.627,0,-0.043932,35.581,0.39194
28.396,28.622,0,-0.050076,35.558,0.36739
28.396,28.617,0,-0.054842,35.536,0.3451
28.396,28.612,0,-0.060241,35.514,0.32055
28.396,28.606,0,-0.0665,35.493,0.2932
28.396,28.599,0,-0.07453,35.472,0.261
28.396,28.592,0,-0.083237,35.452,0.2263
28.018,28.583,-0.66082,-0.091428,35.316,4.291
27.95,28.574,-0.63271,-0.10115,35.259,4.2723
27.95,28.564,0,-0.10878,35.197,1.1179
27.837,28.553,-0.49195,-0.11672,35.133,3.6237
27.837,28.542,0,-0.12417,35.062,1.2996
27.739,28.529,-0.38848,-0.12946,34.992,3.2204
27.739,28.516,0,-0.13473,34.913,1.4528
27.739,28.503,0,-0.13996,34.836,1.4011
27.739,28.489,0,-0.14401,34.761,1.3523
27.739,28.474,0,-0.14981,34.686,1.2976
27.739,28.459,0,-0.15295,34.614,1.2502
27.739,28.444,0,-0.15579,34.542,1.2034
27.467,28.429,-0.38983,-0.16174,34.365,3.6745
27.467,28.412,0,-0.16673,34.27,1.7936
27.467,28.396,0,-0.17138,34.176,1.7326
27.467,28.379,0,-0.17727,34.084,1.667
27.467,28.361,0,-0.18163,33.994,1.6057
27.467,28.343,0,-0.18617,33.905,1.5434
27.467,28.324,0,-0.19103,33.819,1.4798
27.467,28.305,0,-0.19428,33.734,1.4208
27.467,28.286,0,-0.2,33.651,1.354
27.467,28.266,0,-0.20775,33.57,1.2809
27.467,28.245,0,-0.21559,33.491,1.207
27.467,28.223,0,-0.2269,33.415,1.123
27.467,28.201,0,-0.23847,33.34,1.0379
27.467,28.177,0,-0.24941,33.268,0.95416
27.467,28.152,0,-0.26216,33.198,0.86593
27.467,28.126,0,-0.27328,33.131,0.78174
27.467,28.098,0,-0.28601,33.067,0.69443
27.467,28.07,0,-0.29727,33.005,0.61096
26.374,28.04,-0.73704,-0.3089,32.097,8.2527
26.374,28.009,0,-0.3198,31.932,3.2007
26.374,27.977,0,-0.33061,31.77,3.0587
26.374,27.944,0,-0.34138,31.612,2.9163
26.374,27.91,0,-0.34946,31.456,2.7841
26.374,27.875,0,-0.35749,31.305,2.6521
25.961,27.839,-0.62646,-0.36528,31.043,7.8481
25.895,27.803,-0.62183,-0.37424,30.855,7.8789
25.895,27.765,0,-0.38276,30.666,3.666
25.895,27.727,0,-0.39202,30.481,3.5059
25.895,27.688,0,-0.40204,30.3,3.3427
25.895,27.647,0,-0.40944,30.122,3.1903
25.895,27.607,0,-0.41586,29.949,3.0424
25.895,27.565,0,-0.42507,29.78,2.8846
25.895,27.522,0,-0.43298,29.615,2.7325
25.895,27.479,0,-0.44099,29.455,2.5812
25.895,27.435,0,-0.44948,29.298,2.4295
25.895,27.39,0,-0.45605,29.147,2.2857
25.895,27.344,0,-0.46671,28.999,2.1305
25.895,27.298,0,-0.47824,28.857,1.9746
25.895,27.25,0,-0.49126,28.719,1.8167
25.895,27.201,0,-0.50314,28.586,1.6648
25.895,27.151,0,-0.51767,28.457,1.5094
24.792,27.099,-0.85192,-0.53229,27.492,10.742
24.792,27.046,0,-0.54673,27.264,4.1581
24.792,26.991,0,-0.56192,27.042,3.9185
24.792,26.935,0,-0.57569,26.825,3.6866
24.792,26.877,0,-0.59301,26.613,3.4429
24.792,26.818,0,-0.60984,26.408,3.2041
24.218,26.757,-1.2635,-0.6322,26.037,16.118
24.218,26.694,0,-0.65837,25.786,4.3719
24.218,26.628,0,-0.68683,25.542,4.0416
24.218,26.559,0,-0.71275,25.305,3.7267
24.218,26.488,0,-0.73906,25.074,3.4166
24.218,26.414,0,-0.76697,24.851,3.1087
24.218,26.337,0,-0.78761,24.635,2.8342
24.218,26.258,0,-0.80531,24.427,2.578
23.255,26.178,-0.85672,-0.82348,23.819,11.506
23.255,26.096,0,-0.83794,23.531,4.7406
23.255,26.012,0,-0.85165,23.251,4.4175
23.255,25.927,0,-0.86275,22.979,4.1119
23.255,25.84,0,-0.86906,22.716,3.8323
23.255,25.753,0,-0.87734,22.462,3.553
23.255,25.666,0,-0.88117,22.217,3.2973
23.255,25.578,0,-0.88054,21.98,3.0643
23.255,25.49,0,-0.88172,21.752,2.8336
23.255,25.401,0,-0.87975,21.533,2.6204
23.255,25.313,0,-0.88088,21.323,2.4068
23.255,25.225,0,-0.8796,21.121,2.2081
23.255,25.137,0,-0.88122,20.928,2.0113
23.255,25.049,0,-0.87952,20.745,1.8308
23.255,24.961,0,-0.87984,20.57,1.6555
22.452,24.873,-0.41676,-0.87954,19.746,5.2983
22.452,24.785,0,-0.87418,19.508,3.1131
22.452,24.698,0,-0.86966,19.279,2.8998
22.452,24.611,0,-0.86724,19.059,2.6877
22.452,24.524,0,-0.86424,18.848,2.4849
22.25,24.438,-0.34204,-0.86135,18.587,4.159
22.25,24.352,0,-0.8571,18.373,2.5755
22.25,24.266,0,-0.84667,18.167,2.3987
22.25,24.181,0,-0.83578,17.97,2.2302
22.25,24.098,0,-0.82651,17.781,2.0644
22.25,24.015,0,-0.82017,17.6,1.8986
22.25,23.933,0,-0.81066,17.428,1.7465
22.25,23.852,0,-0.79646,17.264,1.6105
22.25,23.772,0,-0.7861,17.107,1.4733
22.25,23.694,0,-2.9,16.959,19.511
22.25,23.404,0,-2.9,16.829,23.443
22.25,23.114,0,-2.9,16.729,28.155
22.25,22.824,0,-2.9,16.657,33.802
22.25,22.534,0,-0.31015,16.614,0.0065554
22.25,22.503,0,-2.9,16.587,41.391
22.25,22.213,0,-0.19311,16.576,0
22.25,22.193,0,-0.2031,16.581,0
22.25,22.173,0,-0.20729,16.588,0
22.25,22.152,0,-2.9,16.596,51.696
22.25,21.862,0,-0.11001,16.621,0
22.25,21.851,0,-0.12962,16.66,0
22.25,21.838,0,-0.15778,16.701,0
22.25,21.823,0,-0.18395,16.743,0
21.334,21.804,-0.73824,-2.9,15.883,26.444
21.334,21.514,0,-0.1169,15.851,0.12625
21.334,21.503,0,-0.1466,15.833,0.048324
21.089,21.488,-0.91833,-0.17897,15.778,4.9515
20.989,21.47,-0.98415,-0.21694,15.735,5.6076
20.989,21.448,0,-2.9,15.688,36.316
20.989,21.158,0,-0.16875,15.657,0.012169
20.989,21.141,0,-0.21226,15.64,0
20.989,21.12,0,-2.9,15.626,44.681
20.989,20.83,0,-0.16805,15.628,0
20.989,20.813,0,-0.20722,15.644,0
20.989,20.793,0,-2.9,15.663,55.041
20.989,20.503,0,-0.16103,15.697,0
20.031,20.487,-1.0182,-0.20409,15.305,5.8824
20.031,20.466,0,-0.2459,15.261,0.37731
20.031,20.442,0,-2.9,15.219,37.469
20.031,20.152,0,-0.19108,15.192,0
20.031,20.132,0,-0.22609,15.181,0
20.031,20.11,0,-0.25484,15.172,0
20.031,20.084,0,-2.9,15.166,46.966
20.031,19.794,0,-0.18883,15.175,0
20.031,19.775,0,-0.21591,15.199,0
20.031,19.754,0,-2.9,15.226,58.001
20.031,19.464,0,-0.15106,15.268,0
20.031,19.449,0,-0.18062,15.326,0
20.031,19.431,0,-0.20546,15.385,0
20.031,19.41,0,-2.9,15.446,72.524
20.031,19.12,0,-0.12488,15.523,0
18.783,19.108,-0.4537,-0.14586,14.608,1.9027
18.783,19.093,0,-0.16317,14.576,0.29321
18.783,19.077,0,-2.9,14.546,40.323
18.783,18.787,0,-0.069019,14.531,0
18.783,18.78,0,-0.08879,14.531,0
18.783,18.771,0,-0.10783,14.532,0
18.783,18.76,0,-0.1206,14.534,0
18.783,18.748,0,-0.14007,14.537,0
18.783,18.734,0,-0.15234,14.541,0
18.36,18.719,-0.29912,-2.9,14.326,34.817
18.337,18.429,-0.26698,-0.041052,14.293,0.85548
18.305,18.425,-0.21664,-0.053618,14.292,0.71594
18.305,18.419,0,-0.059989,14.28,0.10846
18.305,18.413,0,-0.069725,14.269,0.076378
18.305,18.406,0,-0.071981,14.258,0.057908
18.305,18.399,0,-0.076702,14.249,0.034346
18.305,18.392,0,-0.083089,14.239,0.0070485
18.305,18.383,0,-2.9,14.231,46.217
18.305,18.093,0,0.012397,14.238,0
18.145,18.095,-0.22441,0.0091617,14.186,0.50148
18.145,18.095,0,0.006108,14.191,0
18.145,18.096,0,0.002262,14.196,0
18.145,18.096,0,-0.0079298,14.2,0
18.145,18.095,0,-0.013476,14.205,0
18.145,18.094,0,-0.020214,14.21,0
18.033,18.092,-0.22456,-0.02645,14.182,0.67304
18.033,18.089,0,-0.033247,14.176,0.046722
18.033,18.086,0,-0.04382,14.17,0.018406
18.033,18.082,0,-0.047522,14.165,0.0022554
18.033,18.077,0,-0.053961,14.161,0
18.033,18.072,0,-0.061018,14.156,0
18.033,18.066,0,-0.072198,14.153,0
18.033,18.058,0,-0.078492,14.15,0
18.033,18.05,0,-0.088091,14.148,0
18.033,18.042,0,-0.091879,14.146,0
18.033,18.032,0,-0.096062,14.146,0
18.033,18.023,0,-0.096475,14.146,0
18.033,18.013,0,-4.4,14.148,705.6
18.033,17.573,0,0.034007,14.172,0
18.033,17.577,0,0.029172,14.218,0
18.033,17.58,0,0.026412,14.263,0
18.033,17.582,0,0.022091,14.308,0
18.033,17.584,0,0.018133,14.353,0
18.033,17.586,0,0.012621,14.398,0
18.033,17.587,0,0.0081415,14.442,0
18.033,17.588,0,0.0025027,14.487,0
18.033,17.589,0,-0.0044122,14.531,0
18.033,17.588,0,-0.011077,14.576,0
17.546,17.587,-0.21795,-0.017819,14.047,0.63026
17.519,17.585,-0.20379,-0.02888,14.033,0.61404
17.519,17.582,0,-0.036121,14.027,0.053173
17.519,17.579,0,-0.045667,14.021,0.026344
17.519,17.574,0,-0.049746,14.015,0.0090468
17.519,17.569,0,-0.055426,14.01,0
17.519,17.564,0,-0.0622,14.005,0
17.519,17.557,0,-0.064151,14.001,0
17.519,17.551,0,-0.066897,13.997,0
17.519,17.544,0,-0.074361,13.995,0
17.519,17.537,0,-0.077564,13.992,0
17.519,17.529,0,-0.083325,13.991,0
17.519,17.521,0,-0.088939,13.991,0
17.303,17.512,-0.17194,-0.09299,13.875,0.67884
17.303,17.503,0,-0.10043,13.855,0.19825
17.303,17.492,0,-0.10714,13.835,0.16409
17.303,17.482,0,-0.10788,13.817,0.14109
17.303,17.471,0,-0.10798,13.8,0.11941
17.221,17.46,-0.14035,-0.10769,13.769,0.61753
17.221,17.449,0,-0.10536,13.746,0.24795
17.221,17.439,0,-0.10958,13.723,0.21741
17.221,17.428,0,-4.4,13.702,497.72
17.221,16.988,0,0.034001,13.703,0
17.221,16.991,0,0.030224,13.726,0
17.221,16.994,0,0.024832,13.749,0
17.221,16.997,0,0.022472,13.772,0
17.221,16.999,0,0.018033,13.794,0
17.221,17.001,0,0.013096,13.816,0
17.043,17.002,-0.17324,0.0080313,13.755,0.36414
17.043,17.003,0,0.0041131,13.759,0
17.043,17.003,0,-0.00099652,13.763,0
17.043,17.003,0,-0.0041469,13.767,0
17.043,17.003,0,-0.0071109,13.771,0
17.043,17.002,0,-0.015196,13.775,0
17.043,17.001,0,-0.018047,13.779,0
17.043,16.999,0,-0.025259,13.783,0
17.043,16.996,0,-0.027685,13.788,0
17.043,16.994,0,-0.033217,13.793,0
17.043,16.99,0,-0.041981,13.798,0
17.043,16.986,0,-0.050011,13.803,0
17.043,16.981,0,-0.055477,13.809,0
17.043,16.976,0,-0.060049,13.816,0
17.043,16.97,0,-0.063539,13.823,0
17.043,16.963,0,-0.067323,13.831,0
17.043,16.956,0,-0.075126,13.839,0
17.043,16.949,0,-0.076159,13.848,0
17.043,16.941,0,-0.076882,13.858,0
17.043,16.934,0,-0.077126,13.869,0
17.043,16.926,0,-0.082777,13.88,0
17.043,16.918,0,-0.085904,13.892,0
17.043,16.909,0,-0.087526,13.905,0
17.043,16.9,0,-0.086918,13.919,0
17.043,16.892,0,-0.090483,13.934,0
17.043,16.883,0,-0.092149,13.949,0
17.043,16.873,0,-4.4,13.966,945.77
17.043,16.433,0,0.043848,14.005,0
17.043,16.438,0,0.038876,14.066,0
17.043,16.442,0,0.036008,14.126,0
16.598,16.445,-0.14055,0.030911,13.469,0.072118
16.598,16.448,0,0.026014,13.484,0
16.598,16.451,0,0.022913,13.499,0
16.598,16.453,0,0.020313,13.513,0
16.598,16.455,0,0.016394,13.528,0
16.598,16.457,0,0.011875,13.542,0
16.598,16.458,0,0.0071731,13.556,0
16.598,16.459,0,0.0028848,13.57,0
16.598,16.459,0,0.00057655,13.584,0
16.598,16.459,0,-0.0070041,13.597,0
16.598,16.458,0,-0.014182,13.611,0
16.598,16.457,0,-0.022951,13.625,0
16.384,16.455,-0.27282,-0.030599,13.521,0.85503
16.384,16.452,0,-0.039576,13.514,0.055126
16.384,16.448,0,-0.051027,13.508,0.023858
16.384,16.443,0,-0.069707,13.501,0
16.233,16.436,-0.64816,-0.088559,13.472,2.813
16.233,16.427,0,-0.11212,13.453,0.16311
16.233,16.416,0,-0.13472,13.434,0.097138
16.233,16.402,0,-0.15987,13.416,0.026674
16.233,16.386,0,-0.18804,13.4,0
15.88,16.367,-0.72456,-0.21678,13.282,3.6496
15.88,16.346,0,-0.2366,13.234,0.45798
15.88,16.322,0,-0.25605,13.189,0.37251
15.88,16.296,0,-4.4,13.146,382.65
15.88,15.856,0,-0.11197,13.126,0
15.88,15.845,0,-0.14014,13.129,0
15.88,15.831,0,-0.1712,13.133,0
15.88,15.814,0,-0.2033,13.139,0
15.88,15.794,0,-0.23322,13.146,0
15.88,15.77,0,-4.4,13.156,833.94
15.88,15.33,0,-0.12651,13.189,0
15.88,15.318,0,-0.17881,13.245,0
15.88,15.3,0,-0.23772,13.302,0
15.88,15.276,0,-0.29917,13.361,0
15.88,15.246,0,-4.4,13.423,10757
15.88,14.806,0,-0.24602,13.508,0
14.028,14.782,-2.3755,-0.33382,12.452,29.702
14.028,14.748,0,-4.4,12.378,277.5
14.028,14.308,0,-0.35209,12.328,0
14.028,14.273,0,-0.47877,12.302,0
14.028,14.225,0,-4.4,12.28,504.94
14.028,13.785,0,-0.58851,12.282,0
14.028,13.726,0,-4.711,12.309,0
14.028,13.255,0,-5.0734,12.363,0
14.028,12.748,0,-0.72724,12.466,2.2874
14.028,12.675,0,-5.7641,12.597,0
14.028,12.099,0,-6.07,12.762,0
14.028,11.492,0,-0.88479,12.985,13.493
8.7985,11.403,-6.0487,-6.3694,10.58,4.6658
8.7985,10.766,0,-6.1008,10.351,488.25
8.7985,10.156,0,-5.6749,10.185,487.89
8.7985,9.5886,0,-1.0302,10.077,0.66688
8.7985,9.4856,0,-5.2,10.003,487.51
8.7985,8.9656,0,-5.2,9.9607,486.45
8.7985,8.4456,0,-5.2,9.9699,485.38
5.4732,7.9256,-2.9034,-5.2,8.7471,0.20175
5.4732,7.4056,0,-5.2,8.5279,34.2
5.4732,6.8856,0,-5.2,8.3606,33.134
5.4732,6.3656,0,-5.2,8.2454,32.068
5.4732,5.8456,0,-0.38323,8.1821,0.065038
5.4732,5.8073,0,-8.8,8.1468,23.359
5.4732,4.9273,0,-0.056092,8.1574,0
5.4732,4.9217,0,-0.034041,8.2123,0
5.4732,4.9183,0,-0.013479,8.2676,0
5.4732,4.9169,0,-0.0028443,8.3231,0
5.4732,4.9166,0,0.020533,8.3788,0
5.4732,4.9187,0,0.061265,8.4343,0
5.4732,4.9248,0,0.08553,8.4895,0
5.0551,4.9334,0.40817,0.11331,7.7968,0
5.0551,4.9447,0,0.13251,7.8084,0.067329
5.0551,4.9579,0,0.15239,7.8188,0.14809
5.0551,4.9732,0,0.17931,7.8277,0.25624
5.0551,4.9911,0,0.20282,7.835,0.36646
5.0551,5.0114,0,0.23559,7.8404,0.51592
5.0551,5.035,0,0.26349,7.8436,0.66602
5.0551,5.0613,0,0.29985,7.8443,0.85976
5.4496,5.0913,0.62966,0.3233,7.9918,0
5.4496,5.1236,0,0.34947,8.026,0.15395
5.4496,5.1586,0,0.36555,8.0568,0.29178
5.4496,5.1951,0,0.3862,8.0841,0.45376
5.4496,5.2337,0,0.40053,8.1076,0.60578
5.4496,5.2738,0,0.42353,8.1272,0.79777
5.4496,5.3161,0,0.45132,8.1426,1.0221
5.4496,5.3613,0,0.48178,8.1537,1.2749
5.4496,5.4095,0,0.51724,8.1601,1.5689
5.4496,5.4612,0,0.57307,8.1616,1.9794
5.4496,5.5185,0,0.63261,8.1575,2.4503
5.4496,5.5817,0,0.6962,8.1475,2.9891
5.4496,5.6514,0,0.75859,8.1308,3.5735
5.4496,5.7272,0,0.8236,8.1068,4.2255
5.4496,5.8096,0,0.89501,8.0749,4.9724
5.4496,5.8991,0,0.96506,8.0344,5.7742
5.4496,5.9956,0,1.0303,7.9847,6.6075
5.4496,6.0986,0,1.0874,7.9249,7.4437
5.4496,6.2074,0,1.1414,7.8546,8.3095
7.9446,6.3215,2.0829,1.1982,9.5729,0
7.9446,6.4413,0,1.2472,9.7292,0.13903
7.9446,6.566,0,1.2845,9.8733,0.70832
7.9446,6.6945,0,1.32,10.005,1.3153
7.9446,6.8265,0,1.3542,10.123,1.9603
7.9446,6.9619,0,1.3882,10.228,2.6473
7.9446,7.1007,0,1.4214,10.32,3.3728
7.9446,7.2429,0,1.4537,10.397,4.1347
7.9446,7.3882,0,1.4773,10.46,4.8816
7.9446,7.536,0,1.5085,10.508,5.7129
7.9446,7.6868,0,1.5307,10.541,6.5205
10.327,7.8399,2.1637,1.5521,11.873,0
10.327,7.9951,0,1.5715,12.114,0
10.327,8.1523,0,1.5832,12.339,0
10.327,8.3106,0,1.5962,12.549,0.058664
10.327,8.4702,0,1.6091,12.743,0.66077
10.327,8.6311,0,1.6202,12.92,1.2858
11.607,8.7931,2.0574,1.6251,13.494,0
11.607,8.9556,0,1.6349,13.767,0
11.607,9.1191,0,1.637,14.024,0
12.215,9.2828,1.9133,1.6337,14.349,0
12.215,9.4462,0,1.6358,14.634,0
12.215,9.6098,0,1.6343,14.902,0
12.215,9.7732,0,1.629,15.155,0
12.215,9.9361,0,1.6212,15.391,0
12.215,10.098,0,1.6072,15.611,0
12.215,10.259,0,1.5889,15.814,0.22302
12.215,10.418,0,1.575,16.002,0.69527
12.215,10.575,0,1.5548,16.174,1.1434
12.215,10.731,0,1.5364,16.33,1.6041
12.215,10.884,0,1.5243,16.471,2.103
12.215,11.037,0,1.503,16.596,2.5568
12.215,11.187,0,1.4913,16.706,3.0669
12.215,11.336,0,1.4732,16.802,3.5446
12.215,11.484,0,1.4542,16.882,4.0177
12.215,11.629,0,1.4388,16.948,4.5133
12.215,11.773,0,1.4203,16.999,4.9906
14.833,11.915,1.2477,1.405,19.454,0
14.833,12.055,0,1.3848,19.738,0
14.833,12.194,0,1.368,20.009,0
14.833,12.331,0,1.3515,20.266,0
14.833,12.466,0,1.3383,20.51,0
14.833,12.6,0,1.3243,20.74,0
14.833,12.732,0,1.3086,20.957,0
14.833,12.863,0,1.2891,21.16,0
14.833,12.992,0,1.2713,21.351,0
14.833,13.119,0,1.2497,21.529,0
14.833,13.244,0,1.2253,21.694,0
14.833,13.367,0,1.2037,21.846,0.067084
16.107,13.487,0.72335,1.1813,22.803,0
16.107,13.605,0,1.1578,23.059,0
16.107,13.721,0,1.1325,23.303,0
16.107,13.834,0,1.102,23.536,0
16.107,13.944,0,1.0724,23.758,0
16.107,14.052,0,1.0364,23.969,0
16.107,14.155,0,1.0015,24.169,0
16.107,14.255,0,0.96659,24.359,0
16.107,14.352,0,0.92632,24.539,0
16.107,14.445,0,0.89136,24.71,0
16.107,14.534,0,0.85379,24.872,0
16.107,14.619,0,0.81376,25.025,0
16.107,14.7,0,0.77631,25.17,0
16.107,14.778,0,0.73998,25.306,0
16.107,14.852,0,0.70517,25.436,0
16.107,14.923,0,0.67204,25.558,0
16.107,14.99,0,0.64483,25.673,0
16.107,15.054,0,0.61235,25.781,0
16.107,15.116,0,0.58722,25.883,0
16.107,15.174,0,0.55861,25.979,0
16.107,15.23,0,0.53575,26.07,0
16.107,15.284,0,0.51368,26.155,0
16.496,15.335,-0.017213,0.4898,26.932,0
16.496,15.384,0,0.46566,27.045,0
16.496,15.431,0,0.44526,27.154,0
16.496,15.475,0,0.42455,27.258,0
