14.444,14.444,-0.094486,0,35.5,0.22138
14.444,14.444,0,-0.0011368,35.5,0
14.444,14.444,0,0.0052274,35.5,0.010818
14.444,14.445,0,0.019132,35.5,0.041978
14.444,14.447,0,0.041933,35.5,0.0975
14.444,14.451,0,0.066652,35.499,0.16551
14.444,14.458,0,0.096295,35.498,0.25537
14.444,14.467,0,0.12543,35.497,0.35595
14.444,14.48,0,0.15193,35.494,0.4613
14.444,14.495,0,0.17557,35.489,0.56939
14.84,14.513,0.53774,0.19443,35.666,0
14.84,14.532,0,0.21673,35.697,0
14.84,14.554,0,0.23915,35.727,0
14.84,14.578,0,0.25725,35.755,0.04389
14.84,14.603,0,0.27659,35.78,0.15956
14.84,14.631,0,0.30044,35.802,0.29835
14.84,14.661,0,0.3176,35.821,0.42814
14.84,14.693,0,0.33165,35.837,0.55659
14.84,14.726,0,0.35283,35.851,0.7172
14.84,14.761,0,0.36554,35.86,0.859
14.84,14.798,0,0.3802,35.866,1.0154
14.84,14.836,0,0.39574,35.869,1.1837
14.84,14.875,0,0.40431,35.867,1.3334
14.84,14.916,0,0.41645,35.861,1.5033
14.84,14.957,0,0.42286,35.852,1.6568
14.84,15,0,0.43298,35.838,1.8309
14.84,15.043,0,0.44076,35.82,2.0014
15.872,15.087,0.57792,0.44824,36.688,0
15.872,15.132,0,0.45346,36.764,0
15.872,15.177,0,0.46036,36.836,0
15.872,15.223,0,0.46699,36.903,0
15.872,15.27,0,0.47041,36.966,0
15.872,15.317,0,0.46946,37.024,0
15.872,15.364,0,0.47427,37.077,0.07787
15.872,15.411,0,0.47115,37.125,0.1907
15.872,15.459,0,0.46856,37.169,0.3062
15.872,15.505,0,0.46219,37.208,0.40984
15.872,15.552,0,0.4562,37.242,0.51424
15.872,15.597,0,0.45332,37.272,0.62919
15.872,15.643,0,0.44791,37.297,0.73568
15.872,15.687,0,0.45002,37.318,0.86969
15.872,15.732,0,0.45098,37.334,1.0023
15.872,15.777,0,0.44855,37.346,1.124
15.872,15.822,0,0.45035,37.353,1.2633
15.872,15.867,0,0.45465,37.356,1.4155
15.872,15.913,0,0.45976,37.354,1.5751
15.872,15.959,0,0.46457,37.348,1.7379
15.872,16.005,0,0.4646,37.337,1.8839
15.872,16.052,0,0.46336,37.321,2.0261
15.872,16.098,0,0.45987,37.301,2.1595
15.872,16.144,0,0.45598,37.276,2.2912
15.872,16.19,0,0.45677,37.247,2.4446
15.872,16.235,0,0.45695,37.213,2.5973
15.872,16.281,0,0.45822,37.174,2.757
15.872,16.327,0,0.45821,37.131,2.9128
15.872,16.373,0,0.4676,37.083,3.1172
15.872,16.419,0,0.47291,37.031,3.3073
15.872,16.467,0,0.47428,36.974,3.4816
15.872,16.514,0,0.47286,36.912,3.6435
15.872,16.561,0,0.46082,36.845,3.7501
15.872,16.607,0,0.4454,36.774,3.8348
15.872,16.652,0,0.4231,36.698,3.8774
15.872,16.694,0,0.38703,36.618,3.8392
15.872,16.733,0,0.35062,36.534,3.7871
15.872,16.768,0,0.30437,36.446,3.6727
15.872,16.799,0,0.24151,36.355,3.4624
15.872,16.823,0,0.1789,36.261,3.2398
15.872,16.841,0,0.11828,36.165,3.0147
16.992,16.852,-0.82592,0.071112,39.871,3.6045
16.992,16.86,0,0.026247,39.885,0
16.992,16.862,0,-0.0015148,39.898,0
16.992,16.862,0,-0.007206,39.911,0
16.992,16.861,0,-0.012141,39.924,0
16.992,16.86,0,-0.016444,39.937,0
16.992,16.858,0,-0.021722,39.95,0
16.992,16.856,0,-0.02553,39.964,0
16.464,16.854,-0.58459,-0.029275,39.749,3.4574
16.464,16.851,0,-0.033229,39.711,0.78089
16.464,16.847,0,-0.037889,39.672,0.75969
16.292,16.844,-0.56756,-0.041705,39.624,3.9056
16.292,16.839,0,-0.045341,39.569,1.1462
16.292,16.835,0,-0.048782,39.515,1.1239
16.292,16.83,0,-0.052618,39.461,1.0996
16.292,16.825,0,-0.056442,39.407,1.0745
16.292,16.819,0,-0.061167,39.354,1.0459
16.292,16.813,0,-0.065731,39.302,1.0169
16.292,16.806,0,-0.070323,39.25,0.98692
16.292,16.799,0,-0.075592,39.199,0.95412
16.292,16.792,0,-0.080559,39.148,0.92124
16.292,16.784,0,-0.086003,39.099,0.88616
16.292,16.775,0,-0.089709,39.05,0.85504
16.292,16.766,0,-0.093591,39.002,0.82284
16.292,16.757,0,-0.097292,38.955,0.79053
16.292,16.747,0,-0.10126,38.909,0.75697
16.292,16.737,0,-0.10624,38.864,0.72015
15.347,16.726,-0.67092,-0.11045,38.077,7.807
15.347,16.715,0,-0.11528,37.94,3.25
15.347,16.704,0,-0.12076,37.803,3.1888
15.347,16.692,0,-0.1257,37.668,3.1288
15.347,16.679,0,-0.13088,37.534,3.0666
15.347,16.666,0,-0.13614,37.402,3.0029
15.347,16.652,0,-0.14142,37.271,2.938
14.873,16.638,-0.75547,-0.14754,36.969,10.195
14.873,16.624,0,-0.15401,36.794,4.3382
14.873,16.608,0,-0.15998,36.619,4.2557
14.873,16.592,0,-0.16776,36.447,4.1629
14.873,16.575,0,-0.17511,36.276,4.0704
14.873,16.558,0,-0.18285,36.106,3.9744
14.873,16.54,0,-0.19048,35.939,3.8772
14.873,16.521,0,-0.19798,35.773,3.779
14.873,16.501,0,-0.20418,35.609,3.6855
14.873,16.48,0,-0.20955,35.448,3.5945
14.873,16.459,0,-0.21332,35.288,3.5098
14.873,16.438,0,-0.21651,35.13,3.4273
14.873,16.416,0,-0.21756,34.975,3.3537
14.873,16.395,0,-0.2183,34.822,3.2817
14.873,16.373,0,-0.21775,34.671,3.2155
14.873,16.351,0,-0.21595,34.522,3.1552
14.873,16.329,0,-0.2152,34.375,3.0913
14.873,16.308,0,-0.21439,34.231,3.0283
14.873,16.287,0,-0.21495,34.088,2.9601
14.873,16.265,0,-0.21561,33.948,2.8918
14.09,16.243,0.01752,-0.21547,32.637,5.3521
14.09,16.222,0,-0.21618,32.423,5.3718
14.09,16.2,0,-0.21635,32.211,5.2923
14.09,16.179,0,-0.217,32.001,5.2105
14.09,16.157,0,-0.21608,31.793,5.1371
14.09,16.135,0,-0.2159,31.588,5.0605
14.09,16.114,0,-0.21417,31.384,4.9924
14.09,16.092,0,-0.21278,31.183,4.9233
14.09,16.071,0,-0.21,30.984,4.8622
14.09,16.05,0,-0.20666,30.787,4.8052
14.09,16.029,0,-0.20324,30.592,4.7498
14.09,16.009,0,-0.20012,30.399,4.6943
14.09,15.989,0,-0.197,30.208,4.64
14.09,15.969,0,-0.19452,30.019,4.5838
14.09,15.95,0,-0.19104,29.832,4.5336
14.09,15.931,0,-0.18667,29.647,4.4892
14.09,15.912,0,-0.18352,29.464,4.4402
14.09,15.894,0,-0.17815,29.282,4.4035
14.09,15.876,0,-0.17364,29.103,4.3645
14.09,15.859,0,-0.16908,28.925,4.3273
14.09,15.842,0,-0.16552,28.749,4.2868
14.09,15.825,0,-0.16233,28.575,4.2458
14.09,15.809,0,-0.16013,28.402,4.201
14.09,15.793,0,-0.1579,28.231,4.1573
14.09,15.777,0,-0.15792,28.061,4.1035
14.476,15.761,-0.038336,-0.15736,28.32,2.9803
14.476,15.746,0,-0.15666,28.192,2.7655
14.476,15.73,0,-0.15696,28.066,2.7167
14.476,15.714,0,-0.15728,27.941,2.668
14.476,15.698,0,-0.15771,27.818,2.6191
14.476,15.683,0,-0.1591,27.697,2.5664
14.476,15.667,0,-0.15901,27.577,2.5195
14.476,15.651,0,-0.16109,27.459,2.4643
14.476,15.635,0,-0.16353,27.342,2.4075
14.476,15.618,0,-0.1663,27.227,2.3491
14.476,15.602,0,-0.16717,27.113,2.2976
14.476,15.585,0,-0.16869,27.002,2.2438
14.476,15.568,0,-0.17093,26.891,2.1872
14.476,15.551,0,-0.17081,26.783,2.1391
14.476,15.534,0,-0.17037,26.676,2.0925
14.244,15.517,-0.23223,-0.17177,26.421,3.8428
14.244,15.5,0,-0.17494,26.295,2.6477
14.179,15.482,-0.27072,-0.17832,26.169,4.1369
14.179,15.465,0,-0.17971,26.039,2.7193
14.179,15.447,0,-0.18131,25.911,2.6588
14.179,15.428,0,-0.18492,25.786,2.5903
14.179,15.41,0,-0.18558,25.662,2.533
14.179,15.391,0,-0.18718,25.539,2.4722
14.179,15.373,0,-0.18926,25.419,2.4095
14.179,15.354,0,-0.19012,25.301,2.3513
14.179,15.335,0,-0.19155,25.184,2.2912
14.179,15.316,0,-0.19405,25.069,2.2271
14.179,15.296,0,-0.19715,24.957,2.1607
14.179,15.276,0,-0.20037,24.846,2.0936
14.179,15.256,0,-0.20298,24.737,2.0285
14.179,15.236,0,-0.20502,24.63,1.9653
14.179,15.216,0,-0.20468,24.526,1.9104
14.179,15.195,0,-0.20603,24.423,1.8502
14.179,15.175,0,-0.20747,24.322,1.7899
14.179,15.154,0,-0.20622,24.224,1.7387
14.179,15.133,0,-0.20525,24.127,1.6873
14.179,15.113,0,-0.20728,24.033,1.6267
13.792,15.092,-0.13584,-0.20662,23.492,3.2635
13.792,15.071,0,-0.20761,23.363,2.5867
13.792,15.05,0,-0.20962,23.236,2.5178
13.792,15.03,0,-0.21005,23.111,2.4549
13.792,15.009,0,-0.20974,22.989,2.3952
13.792,14.988,0,-0.20951,22.868,2.3357
13.792,14.967,0,-0.20926,22.75,2.2768
13.792,14.946,0,-0.21126,22.633,2.2099
13.66,14.925,-0.23639,-0.21348,22.49,3.6263
13.66,14.903,0,-0.21567,22.365,2.451
13.66,14.882,0,-0.21732,22.241,2.3823
13.66,14.86,0,-0.22262,22.12,2.3001
13.66,14.838,0,-0.22775,22.001,2.2181
13.66,14.815,0,-0.23404,21.885,2.1314
13.66,14.791,0,-0.24116,21.77,2.0414
13.66,14.767,0,-0.24698,21.658,1.9553
13.66,14.743,0,-0.25425,21.549,1.8641
13.66,14.717,0,-0.26209,21.442,1.7707
13.66,14.691,0,-0.26701,21.337,1.6864
13.66,14.664,0,-0.27286,21.236,1.5993
13.66,14.637,0,-0.27498,21.137,1.5237
13.66,14.61,0,-0.27676,21.04,1.4496
13.66,14.582,0,-0.27791,20.947,1.3779
13.66,14.554,0,-0.27843,20.856,1.3088
13.66,14.526,0,-0.28023,20.768,1.2368
13.66,14.498,0,-0.2818,20.683,1.1661
13.66,14.47,0,-0.28158,20.6,1.1009
13.66,14.442,0,-0.28159,20.521,1.036
13.035,14.414,-0.089663,-0.27886,19.7,2.979
13.035,14.386,0,-0.27821,19.563,2.522
13.035,14.358,0,-0.27798,19.43,2.443
13.035,14.33,0,-0.27613,19.299,2.3709
13.035,14.303,0,-0.27605,19.171,2.2932
13.035,14.275,0,-0.27303,19.045,2.227
13.035,14.248,0,-0.27285,18.923,2.1519
13.035,14.22,0,-0.27212,18.803,2.0795
12.947,14.193,-0.13729,-0.2717,18.636,2.8109
12.947,14.166,0,-0.26907,18.513,2.1834
12.947,14.139,0,-0.26723,18.392,2.1156
12.947,14.112,0,-0.26823,18.274,2.0389
12.947,14.086,0,-0.27131,18.159,1.9557
12.947,14.058,0,-0.27305,18.047,1.8773
12.947,14.031,0,-0.2783,17.937,1.7879
12.947,14.003,0,-0.28081,17.83,1.7073
12.947,13.975,0,-0.28328,17.726,1.6274
12.947,13.947,0,-0.28733,17.624,1.5431
12.947,13.918,0,-0.28831,17.526,1.4684
12.947,13.889,0,-0.29329,17.43,1.3829
12.947,13.86,0,-0.29708,17.337,1.3012
12.947,13.83,0,-0.29863,17.247,1.2261
12.947,13.8,0,-0.30276,17.161,1.1451
12.947,13.77,0,-0.30595,17.077,1.0672
12.947,13.74,0,-0.30479,16.996,1.0009
12.947,13.709,0,-0.30176,16.918,0.94039
12.947,13.679,0,-0.30175,16.844,0.874
12.947,13.649,0,-0.30353,16.772,0.80456
12.947,13.618,0,-0.30659,16.703,0.73325
12.947,13.588,0,-0.30909,16.638,0.66408
12.947,13.557,0,-0.31219,16.575,0.5947
12.947,13.526,0,-0.31482,16.516,0.52734
12.947,13.494,0,-0.3185,16.459,0.45916
12.947,13.462,0,-0.3185,16.406,0.39859
12.947,13.43,0,-0.3222,16.356,0.33314
12.947,13.398,0,-0.32306,16.31,0.27343
12.947,13.366,0,-0.32383,16.266,0.21519
12.947,13.333,0,-0.32337,16.226,0.15999
12.947,13.301,0,-0.32346,16.189,0.10546
12.947,13.269,0,-0.32929,16.155,0.045414
12.947,13.236,0,-0.33667,16.124,0
12.947,13.202,0,-0.34221,16.097,0
12.947,13.168,0,-0.35018,16.073,0
12.947,13.133,0,-0.35753,16.053,0
12.947,13.097,0,-0.36565,16.036,0
12.947,13.061,0,-0.37115,16.023,0
12.947,13.024,0,-0.38001,16.014,0
12.947,12.986,0,-0.38997,16.008,0
12.947,12.947,0,-0.39637,16.006,0
12.947,12.907,0,-0.40526,16.008,0
12.947,12.866,0,-0.4177,16.014,0
12.947,12.825,0,-0.42909,16.024,0
12.947,12.782,0,-0.44207,16.038,0
12.947,12.737,0,-0.45554,16.057,0
12.947,12.692,0,-0.461,16.08,0
12.947,12.646,0,-0.46345,16.108,0
12.947,12.599,0,-0.46467,16.141,0
12.947,12.553,0,-0.4679,16.178,0
12.947,12.506,0,-0.46473,16.219,0
12.947,12.46,0,-0.45848,16.266,0
12.947,12.414,0,-0.45495,16.317,0
12.947,12.368,0,-0.45123,16.372,0
12.947,12.323,0,-0.44469,16.433,0
12.947,12.279,0,-0.44194,16.497,0
12.947,12.235,0,-0.44004,16.566,0
12.947,12.191,0,-0.43619,16.64,0
12.947,12.147,0,-0.42759,16.717,0
12.947,12.104,0,-0.41804,16.8,0
11.056,12.062,-0.13411,-0.41162,11.439,1.5942
11.056,12.021,0,-0.40402,11.341,1.1399
11.056,11.981,0,-0.39145,11.246,1.0813
11.056,11.942,0,-0.37862,11.156,1.0263
11.045,11.904,0.034829,-0.36659,11.053,0.91755
11.045,11.867,0,-0.35281,10.969,0.94958
11.045,11.832,0,-5.2,10.888,0
11.045,11.312,0,-0.10568,10.836,0.32624
11.045,11.301,0,-0.098517,10.809,0.31988
11.045,11.291,0,-0.091654,10.784,0.31439
11.045,11.282,0,-0.08437,10.76,0.31132
11.045,11.274,0,-0.077486,10.737,0.30894
11.045,11.266,0,-0.074313,10.714,0.29963
11.045,11.259,0,-0.068257,10.693,0.29754
11.045,11.252,0,-0.065157,10.672,0.29002
11.045,11.245,0,-0.061033,10.651,0.28549
11.045,11.239,0,-0.054991,10.631,0.28626
11.045,11.234,0,-0.052214,10.612,0.28084
11.045,11.229,0,-0.048595,10.594,0.27796
11.045,11.224,0,-5.2,10.576,0
11.045,10.704,0,0.14349,10.584,0
11.13,10.718,0.099148,0.13878,10.664,0
11.13,10.732,0,0.13627,10.705,0
11.13,10.746,0,0.13562,10.744,0
11.162,10.759,0.067398,0.13601,10.79,0
11.162,10.773,0,0.13203,10.83,0
11.162,10.786,0,0.13389,10.868,0
11.162,10.799,0,0.13403,10.905,0
11.162,10.813,0,0.13074,10.94,0
11.162,10.826,0,0.12578,10.974,0
11.162,10.838,0,0.12482,11.007,0
11.162,10.851,0,0.12263,11.039,0
11.162,10.863,0,0.12243,11.07,0
11.162,10.875,0,0.12273,11.099,0
11.162,10.888,0,0.12163,11.127,0
11.162,10.9,0,0.11705,11.154,0
11.162,10.911,0,0.11381,11.179,0
11.162,10.923,0,0.1138,11.204,0
11.162,10.934,0,0.11649,11.227,0
11.162,10.946,0,0.088642,11.249,0
11.162,10.955,0,0.024951,11.27,0
11.162,10.957,0,-0.092355,11.291,0
11.162,10.948,0,-0.25627,11.312,0
11.162,10.922,0,-0.4444,11.334,0
11.162,10.878,0,-0.61058,11.361,0
11.162,10.817,0,-0.7334,11.392,0.28028
11.162,10.744,0,-0.79722,11.43,0.66844
11.162,10.664,0,-0.80277,11.476,0.82584
11.162,10.584,0,-0.76548,11.53,0.75409
11.162,10.507,0,-5.2,11.591,0
8.8941,9.987,-0.14197,-0.45466,10.009,1.7067
8.8941,9.9415,0,-5.2,9.9018,559.07
8.8941,9.4215,0,-0.24105,9.8231,0.57547
8.8941,9.3974,0,-0.28101,9.7715,0.44463
8.8941,9.3693,0,-0.33354,9.7226,0.30005
8.8941,9.336,0,-5.2,9.6767,557.82
8.3315,8.816,-0.89731,-0.19082,9.5353,5.0789
8.3315,8.7969,0,-0.21674,9.4878,0.49895
8.3315,8.7752,0,-0.24381,9.4423,0.39925
8.3315,8.7508,0,-5.2,9.3992,283.97
8.3315,8.2308,0,-0.08534,9.3832,0
7.9575,8.2223,-0.3346,-0.10131,9.2717,1.3812
7.9575,8.2122,0,-0.11357,9.2457,0.28373
7.9575,8.2008,0,-0.11893,9.2208,0.24891
7.9575,8.1889,0,-0.1206,9.1971,0.22117
7.9575,8.1769,0,-0.10925,9.1746,0.22015
7.9575,8.1659,0,-0.092651,9.1532,0.23283
7.9575,8.1567,0,-0.062234,9.1328,0.28059
7.9575,8.1504,0,-0.025481,9.1132,0.35371
7.9575,8.1479,0,0.033774,9.094,0.50064
7.9575,8.1513,0,0.096548,9.0748,0.68849
7.9575,8.1609,0,0.16302,9.055,0.92366
7.9575,8.1772,0,0.23291,9.0338,1.2116
7.9575,8.2005,0,0.2952,9.0107,1.5149
7.9575,8.23,0,0.35366,8.9849,1.8425
7.9575,8.2654,0,0.41046,8.9559,2.2013
7.9575,8.3065,0,0.46888,8.923,2.6067
7.9575,8.3533,0,0.52293,8.8858,3.0316
7.9575,8.4056,0,0.58338,8.8436,3.5293
9.8231,8.464,1.7315,0.63264,9.8587,1.0046
9.8231,8.5272,0,0.68083,9.9914,0
9.8231,8.5953,0,0.72589,10.118,0
9.8231,8.6679,0,0.77014,10.237,0
9.8231,8.7449,0,0.81343,10.348,0
9.8231,8.8263,0,0.85332,10.452,0.064294
9.8231,8.9116,0,0.89271,10.548,0.46897
9.8231,9.0009,0,0.93205,10.634,0.91108
9.8231,9.0941,0,0.96671,10.712,1.3695
9.8231,9.1907,0,0.99811,10.78,1.8461
9.8231,9.2906,0,1.0247,10.838,2.3295
9.8231,9.393,0,1.0465,10.886,2.8153
9.8231,9.4977,0,1.0661,10.924,3.3127
9.8231,9.6043,0,1.0783,10.951,3.789
9.8231,9.7121,0,1.0941,10.968,4.3038
9.8231,9.8215,0,1.0989,10.973,4.7701
9.8231,9.9314,0,1.1032,10.968,5.2444
9.8231,10.042,0,1.1054,10.952,5.7159
9.8231,10.152,0,1.1046,10.924,6.1761
12.695,10.263,1.2018,1.108,13.812,0
12.813,10.374,1.2543,1.1088,14.062,0
12.813,10.484,0,1.1089,14.301,0
12.813,10.595,0,1.111,14.528,0
12.813,10.706,0,1.1125,14.744,0
12.813,10.818,0,1.1177,14.949,0
12.813,10.929,0,1.1207,15.143,0
12.813,11.041,0,1.1232,15.326,0
12.813,11.154,0,1.1213,15.497,0
12.813,11.266,0,1.1252,15.658,0
12.813,11.378,0,1.1224,15.807,0
12.813,11.491,0,1.1193,15.944,0.15677
12.813,11.603,0,1.1173,16.071,0.49629
12.813,11.714,0,1.1147,16.186,0.84249
12.813,11.826,0,1.1155,16.291,1.2135
12.813,11.937,0,1.1126,16.384,1.5771
12.813,12.049,0,1.116,16.466,1.9808
12.813,12.16,0,1.1141,16.537,2.3683
12.813,12.272,0,1.1155,16.596,2.7819
12.813,12.383,0,1.1097,16.645,3.1651
12.813,12.494,0,1.111,16.682,3.5941
12.813,12.605,0,1.1036,16.709,3.981
12.813,12.716,0,1.1031,16.724,4.413
12.813,12.826,0,1.1038,16.728,4.8599
12.813,12.936,0,1.0981,16.721,5.2748
12.813,13.046,0,1.0951,16.703,5.7106
12.813,13.156,0,1.0924,16.675,6.1534
12.813,13.265,0,1.0801,16.635,6.5378
12.813,13.373,0,1.0758,16.584,6.9748
12.813,13.48,0,1.0724,16.523,7.4214
12.813,13.588,0,1.0688,16.451,7.8713
12.813,13.695,0,1.0564,16.368,8.2615
12.813,13.8,0,1.0449,16.274,8.6569
12.813,13.905,0,1.0357,16.17,9.0665
12.813,14.008,0,1.0251,16.056,9.4656
12.813,14.111,0,1.0163,15.931,9.8769
12.813,14.212,0,1.0084,15.796,10.294
12.813,14.313,0,1.0008,15.651,10.712
12.813,14.413,0,0.99264,15.496,11.127
12.813,14.513,0,0.98761,15.331,11.566
16.995,14.611,0.92572,0.97959,23.878,0
16.995,14.709,0,0.973,24.112,0
16.995,14.807,0,0.97192,24.335,0
16.995,14.904,0,0.96826,24.549,0
16.995,15.001,0,0.95868,24.754,0
16.995,15.097,0,0.94979,24.948,0
16.995,15.191,0,0.94389,25.133,0
16.995,15.286,0,0.94103,25.309,0
16.995,15.38,0,0.93889,25.475,0
16.995,15.474,0,0.93885,25.632,0
16.995,15.568,0,0.93189,25.779,0
16.995,15.661,0,0.9284,25.917,0
16.995,15.754,0,0.92775,26.046,0
16.995,15.847,0,0.9251,26.166,0
16.995,15.939,0,0.92439,26.276,0.16627
16.995,16.032,0,0.91927,26.377,0.42095
16.995,16.123,0,0.91464,26.468,0.68224
16.995,16.215,0,0.90965,26.551,0.94658
