14.444,14.444,0.20371,0,35.5,0
14.444,14.444,0,0.0072639,35.5,0.015396
14.444,14.445,0,0.02128,35.5,0.047377
14.444,14.447,0,0.01862,35.5,0.045981
14.444,14.449,0,0.00067472,35.499,0.011109
14.444,14.449,0,-0.0020158,35.499,0.0055715
14.444,14.449,0,-0.0035443,35.498,0.0019506
14.444,14.449,0,-0.0019657,35.498,0.0045367
14.444,14.448,0,-0.00048199,35.498,0.0072569
14.444,14.448,0,0.0037468,35.497,0.01612
14.457,14.449,-0.14624,0.0048539,35.509,0.35664
14.457,14.449,0,-0.0012691,35.51,0
14.457,14.449,0,-0.0039986,35.511,0
14.457,14.449,0,-0.0082046,35.511,0
14.457,14.448,0,-0.01251,35.512,0
14.457,14.447,0,-0.016781,35.513,0
14.457,14.445,0,-0.021212,35.514,0
14.457,14.443,0,-0.026146,35.516,0
14.457,14.44,0,-0.030048,35.517,0
14.457,14.437,0,-0.033243,35.519,0
14.457,14.434,0,-0.035084,35.521,0
14.457,14.43,0,-0.036503,35.524,0
14.457,14.427,0,-0.037428,35.526,0
13.936,14.423,-0.22117,-0.037996,35.13,1.8281
13.936,14.419,0,-0.038824,35.082,1.004
13.936,14.415,0,-0.04065,35.033,0.98877
13.936,14.411,0,-0.043479,34.986,0.97013
13.936,14.407,0,-0.045827,34.938,0.95232
13.936,14.402,0,-0.047047,34.891,0.93736
13.936,14.398,0,-0.047639,34.845,0.92401
13.936,14.393,0,-0.047343,34.799,0.91316
13.936,14.388,0,-0.045477,34.753,0.907
13.936,14.384,0,-0.043284,34.708,0.90227
13.936,14.379,0,-0.039132,34.664,0.90383
13.942,14.375,0.39563,-0.034612,34.55,0.094052
13.942,14.372,0,-0.031829,34.506,0.89182
13.942,14.369,0,-0.028383,34.464,0.89415
13.942,14.366,0,-0.026485,34.421,0.89276
13.942,14.363,0,-0.024634,34.379,0.8917
13.942,14.361,0,-0.024239,34.337,0.88678
13.942,14.358,0,-0.022501,34.295,0.88594
13.942,14.356,0,-0.01929,34.253,0.8899
13.942,14.354,0,-0.017411,34.212,0.89072
13.942,14.352,0,-0.015142,34.171,0.89316
13.942,14.351,0,-0.01334,34.13,0.89478
13.942,14.35,0,-0.012408,34.089,0.89426
13.942,14.348,0,-0.013157,34.048,0.88894
13.942,14.347,0,-0.014638,34.008,0.88127
14.121,14.346,-0.66539,-0.018169,34.189,3.4057
14.121,14.344,0,-0.02317,34.167,0.42522
14.121,14.341,0,-0.031626,34.145,0.39891
14.121,14.338,0,-0.043507,34.123,0.3629
14.121,14.334,0,-0.056023,34.101,0.3237
14.121,14.328,0,-0.068867,34.08,0.28214
14.121,14.321,0,-0.082592,34.06,0.23717
14.121,14.313,0,-0.09626,34.04,0.19097
14.121,14.304,0,-0.10884,34.022,0.14579
14.121,14.293,0,-0.12128,34.004,0.099946
14.121,14.281,0,-0.13347,33.987,0.053803
14.121,14.267,0,-0.14423,33.972,0.0095452
14.121,14.253,0,-0.15387,33.958,0
14.121,14.237,0,-0.16393,33.946,0
14.121,14.221,0,-0.17239,33.935,0
12.136,14.204,-0.92661,-0.18094,32.424,13.398
12.136,14.186,0,-0.18974,32.218,5.2147
12.136,14.167,0,-0.19948,32.014,5.0946
12.136,14.147,0,-0.21216,31.812,4.9568
12.136,14.126,0,-0.22826,31.612,4.7987
12.136,14.103,0,-0.25152,31.414,4.6014
12.136,14.078,0,-0.28024,31.219,4.3734
12.136,14.05,0,-0.3131,31.026,4.1221
12.136,14.018,0,-0.34705,30.836,3.8627
12.136,13.983,0,-0.38242,30.65,3.5952
12.136,13.945,0,-0.41462,30.467,3.3401
12.136,13.904,0,-0.44616,30.288,3.088
12.136,13.859,0,-0.47768,30.114,2.8373
12.136,13.811,0,-0.5103,29.944,2.5857
12.136,13.76,0,-0.54359,29.779,2.3364
12.136,13.706,0,-0.5793,29.619,2.0861
12.136,13.648,0,-0.61432,29.465,1.8467
12.136,13.587,0,-0.6478,29.317,1.622
12.136,13.522,0,-0.67758,29.175,1.4177
12.136,13.454,0,-0.70262,29.04,1.2352
12.136,13.384,0,-0.72159,28.911,1.0751
12.136,13.312,0,-0.73507,28.79,0.934
12.136,13.238,0,-0.74373,28.676,0.80884
12.136,13.164,0,-0.7511,28.57,0.69484
12.136,13.089,0,-0.75713,28.471,0.59183
12.136,13.013,0,-0.76445,28.379,0.49897
12.136,12.937,0,-0.77096,28.295,0.41764
8.0825,12.859,0.46482,-0.77783,20.851,9.301
8.0825,12.782,0,-0.78088,20.377,12.352
8.0825,12.704,0,-0.78354,19.911,11.982
8.0825,12.625,0,-0.78559,19.453,11.618
8.0825,12.547,0,-0.79046,19.003,11.237
8.264,12.468,0.31154,-0.79752,18.625,7.9825
8.264,12.388,0,-0.79998,18.209,9.7163
8.264,12.308,0,-0.79751,17.8,9.3997
8.264,12.228,0,-0.78821,17.4,9.1306
8.264,12.149,0,-0.77599,17.008,8.8856
8.264,12.072,0,-0.76017,16.623,8.6696
8.6846,11.996,0.83439,-0.74747,16.344,3.4659
8.7748,11.921,0.85859,-0.72867,16.027,3.1197
8.7748,11.848,0,-0.70951,15.716,6.155
8.9767,11.777,1.3787,-0.68045,15.444,2.2943
8.9767,11.709,0,-0.64515,15.168,5.2854
8.9767,11.645,0,-0.60724,14.898,5.2511
8.9767,11.584,0,-0.55903,14.634,5.2816
8.9767,11.528,0,-0.50649,14.376,5.3521
9.7892,11.477,1.7599,-0.45251,14.308,2.3552
9.7892,11.432,0,-0.39776,14.142,2.9098
9.7892,11.392,0,-0.34541,13.979,2.9997
9.7892,11.358,0,-0.29705,13.821,3.0932
9.7892,11.328,0,-0.24729,13.665,3.2114
9.7892,11.303,0,-0.19697,13.513,3.3526
10.764,11.284,1.5898,-0.14763,13.661,1.724
10.764,11.269,0,-0.097597,13.61,0.88405
10.764,11.259,0,-0.053091,13.56,0.98958
11.214,11.254,1.1783,-0.01149,13.571,0.46139
11.214,11.253,0,0.032653,13.567,0.15516
11.214,11.256,0,0.069146,13.563,0.25179
11.214,11.263,0,0.090231,13.558,0.32243
11.547,11.272,0.52739,0.10579,13.634,0
11.547,11.282,0,0.12454,13.661,0
11.547,11.295,0,0.13886,13.687,0
11.547,11.309,0,0.15511,13.712,0
11.547,11.324,0,0.17771,13.735,0
11.547,11.342,0,0.20143,13.756,0.029262
11.547,11.362,0,0.23193,13.775,0.15845
11.547,11.385,0,0.26632,13.793,0.31427
11.547,11.412,0,0.30179,13.807,0.49182
11.547,11.442,0,0.33973,13.819,0.69759
11.547,11.476,0,0.36875,13.828,0.89326
11.547,11.513,0,0.39547,13.833,1.0971
11.547,11.553,0,0.41816,13.835,1.3007
11.547,11.594,0,0.43839,13.832,1.5081
11.547,11.638,0,0.45048,13.825,1.6932
11.547,11.683,0,0.45937,13.814,1.8724
11.547,11.729,0,0.46393,13.798,2.0385
11.547,11.776,0,0.46175,13.777,2.1781
12.979,11.822,-0.080697,0.45198,15.152,0
12.979,11.867,0,0.43337,15.265,0
12.979,11.91,0,0.41081,15.374,0
12.979,11.951,0,0.38906,15.479,0
12.979,11.99,0,0.36728,15.58,0
12.903,12.027,-0.21609,0.34233,15.653,0
12.903,12.061,0,0.3196,15.738,0
12.903,12.093,0,0.2968,15.821,0
12.903,12.123,0,0.28314,15.901,0
12.903,12.151,0,0.27399,15.977,0
12.903,12.179,0,0.26225,16.051,0
12.903,12.205,0,0.25759,16.122,0
12.903,12.231,0,0.25015,16.191,0
12.903,12.256,0,0.23693,16.257,0
12.837,12.279,-0.37573,0.21764,16.246,0.38336
12.837,12.301,0,0.19733,16.301,0
12.837,12.321,0,0.17684,16.354,0
12.837,12.338,0,0.16107,16.405,0
12.837,12.355,0,0.14639,16.454,0
12.837,12.369,0,0.1367,16.501,0
12.837,12.383,0,0.12954,16.547,0
12.837,12.396,0,0.12644,16.592,0
12.712,12.408,-0.14856,0.11806,16.547,0
12.712,12.42,0,0.10431,16.576,0
12.712,12.431,0,0.095463,16.605,0
12.712,12.44,0,0.076731,16.633,0
12.712,12.448,0,0.052033,16.659,0
12.712,12.453,0,0.025484,16.685,0
12.424,12.456,-1.0463,-0.0073373,16.639,5.6317
12.424,12.455,0,-0.02961,16.636,0.0026837
12.424,12.452,0,-0.056605,16.633,0
12.424,12.446,0,-0.08249,16.63,0
12.424,12.438,0,-0.10756,16.628,0
12.424,12.427,0,-0.13136,16.627,0
12.424,12.414,0,-0.1564,16.628,0
11.614,12.399,-1.138,-0.18335,16.359,8.8953
11.614,12.38,0,-0.20791,16.281,1.2015
11.614,12.359,0,-0.23205,16.206,1.0837
11.614,12.336,0,-0.25191,16.132,0.97679
11.614,12.311,0,-0.27375,16.061,0.86528
11.614,12.284,0,-0.29502,15.993,0.75605
11.614,12.254,0,-0.31925,15.927,0.64223
11.614,12.222,0,-0.34348,15.865,0.5313
11.614,12.188,0,-0.36695,15.806,0.42539
11.614,12.151,0,-0.3945,15.75,0.31827
11.614,12.112,0,-0.42062,15.698,0.21975
11.614,12.07,0,-0.44644,15.651,0.1293
11.614,12.025,0,-0.47045,15.607,0.049063
10.167,11.978,-1.0506,-0.49273,14.581,10.645
10.167,11.929,0,-0.51566,14.403,2.805
10.167,11.877,0,-0.53911,14.229,2.5791
10.167,11.823,0,-0.56351,14.061,2.3539
10.167,11.767,0,-0.58845,13.898,2.1321
9.6363,11.708,-1.1642,-0.61768,13.591,12.259
9.6363,11.646,0,-0.64689,13.387,3.023
9.4168,11.582,-0.91116,-0.67292,13.158,9.4761
9.3304,11.514,-0.6937,-0.69256,12.95,7.4514
9.2677,11.445,-0.48129,-0.70514,12.736,5.7707
9.2127,11.375,-0.29822,-0.71536,12.52,4.5561
9.2127,11.303,0,-0.71712,12.307,2.9949
9.2127,11.231,0,-0.71077,12.102,2.8232
9.2127,11.16,0,-0.70794,11.903,2.6452
9.1425,11.089,-0.12483,-0.70006,11.709,3.1246
9.1425,11.019,0,-0.69052,11.518,2.5184
9.1425,10.95,0,-0.68659,11.333,2.3556
9.1036,10.882,-0.17594,-0.6801,11.14,2.9145
9.1036,10.814,0,-0.67842,10.965,2.1393
9.0476,10.746,-0.19203,-0.67688,10.776,2.7596
9.0476,10.678,0,-0.66566,10.609,1.9851
9.0476,10.612,0,-0.65612,10.45,1.8555
9.0476,10.546,0,-0.65251,10.297,1.7157
8.9752,10.481,-0.12323,-5.2,10.139,826.9
8.9752,9.9607,0,-0.41663,10.015,1.1552
8.9752,9.9191,0,-5.2,9.9183,633.61
8.9752,9.3991,0,-0.18401,9.85,0.48364
8.9752,9.3807,0,-0.18215,9.8085,0.44914
8.9752,9.3624,0,-0.17413,9.7689,0.42858
8.9752,9.345,0,-0.16754,9.731,0.4066
8.9752,9.3283,0,-0.1615,9.6948,0.38482
8.9752,9.3121,0,-5.2,9.6603,632.36
8.9752,8.7921,0,0.051108,9.6526,0
8.9752,8.7972,0,0.047728,9.6707,0
8.9752,8.802,0,0.053844,9.6882,0
8.9752,8.8074,0,0.069022,9.7053,0
8.9752,8.8143,0,0.084775,9.7217,0
8.9752,8.8228,0,0.11118,9.7374,0
8.9752,8.8339,0,0.13626,9.7521,0.0079646
8.9752,8.8475,0,0.17195,9.7655,0.12925
8.9752,8.8647,0,0.20868,9.7774,0.27049
8.9752,8.8856,0,0.24136,9.7874,0.41795
8.9752,8.9097,0,0.27412,9.7952,0.58233
9.6378,8.9371,0.98461,0.30199,10.014,0
9.6378,8.9673,0,0.33514,10.082,0
9.6378,9.0008,0,0.35771,10.148,0
9.6378,9.0366,0,0.37613,10.21,0
9.6378,9.0742,0,0.39254,10.268,0
9.6378,9.1135,0,0.409,10.322,0
9.6378,9.1544,0,0.41695,10.373,0
9.6378,9.1961,0,0.42812,10.419,0.10296
10.232,9.2389,0.49066,0.43127,10.754,0
10.232,9.282,0,0.43569,10.851,0
10.232,9.3256,0,0.43397,10.944,0
10.232,9.369,0,0.43519,11.032,0
10.232,9.4125,0,0.44272,11.116,0
10.232,9.4568,0,0.44382,11.196,0
10.232,9.5012,0,0.45127,11.271,0
10.613,9.5463,0.91935,0.4654,11.492,0
10.613,9.5928,0,0.48754,11.596,0
10.801,9.6416,1.0546,0.50686,11.731,0
10.801,9.6923,0,0.5326,11.845,0
10.801,9.7455,0,0.55273,11.953,0
10.801,9.8008,0,0.5767,12.056,0
10.801,9.8585,0,0.5973,12.153,0
10.801,9.9182,0,0.61394,12.244,0
10.801,9.9796,0,0.63474,12.329,0
10.801,10.043,0,0.65114,12.408,0.0025706
11.637,10.108,0.97639,0.66897,12.831,0
11.637,10.175,0,0.68441,12.98,0
11.637,10.244,0,0.7005,13.123,0
11.637,10.314,0,0.71225,13.259,0
11.637,10.385,0,0.72788,13.388,0
11.637,10.458,0,0.73695,13.509,0
11.637,10.531,0,0.75032,13.624,0
11.637,10.606,0,0.75928,13.73,0
11.637,10.682,0,0.76838,13.83,0
11.637,10.759,0,0.777,13.921,0.11744
11.637,10.837,0,0.78355,14.005,0.36468
11.637,10.915,0,0.78602,14.082,0.60526
11.637,10.994,0,0.78955,14.15,0.85744
11.637,11.073,0,0.78015,14.21,1.0616
12.928,11.151,0.34336,0.76865,15.229,0
12.928,11.228,0,0.75384,15.403,0
12.928,11.303,0,0.72734,15.569,0
12.928,11.376,0,0.69423,15.728,0
12.928,11.445,0,0.66177,15.88,0
12.928,11.511,0,0.63794,16.024,0
12.928,11.575,0,0.61835,16.163,0
12.928,11.637,0,0.59754,16.295,0
12.928,11.697,0,0.57696,16.421,0
12.928,11.754,0,0.55605,16.541,0
12.928,11.81,0,0.52951,16.656,0
12.928,11.863,0,0.4996,16.765,0
12.928,11.913,0,0.47188,16.869,0
12.928,11.96,0,0.4511,16.968,0
12.928,12.005,0,0.4316,17.063,0
12.928,12.048,0,0.40473,17.153,0
12.928,12.089,0,0.38096,17.239,0
12.928,12.127,0,0.3605,17.321,0
12.928,12.163,0,0.33683,17.399,0
12.928,12.197,0,0.32104,17.474,0
12.928,12.229,0,0.30576,17.545,0
12.928,12.259,0,0.28857,17.614,0
12.928,12.288,0,0.27765,17.679,0
12.942,12.316,-0.12751,0.26525,17.938,0
12.942,12.342,0,0.24983,17.999,0
12.942,12.367,0,0.23141,18.057,0
12.942,12.391,0,0.21597,18.114,0
12.942,12.412,0,0.20328,18.168,0
12.942,12.433,0,0.1952,18.22,0
12.942,12.452,0,0.19042,18.27,0
12.942,12.471,0,0.18657,18.318,0
12.942,12.49,0,0.18255,18.364,0
12.942,12.508,0,0.18642,18.408,0
12.942,12.527,0,0.19298,18.451,0
12.942,12.546,0,0.19968,18.491,0
12.942,12.566,0,0.21287,18.53,0
12.942,12.587,0,0.22496,18.566,0
12.942,12.61,0,0.23882,18.601,0
12.942,12.634,0,0.24803,18.633,0
12.942,12.658,0,0.26258,18.662,0.0087148
12.942,12.685,0,0.27353,18.689,0.10119
12.942,12.712,0,0.28404,18.714,0.19763
12.942,12.74,0,0.29357,18.735,0.29632
12.942,12.77,0,0.29499,18.754,0.37459
12.942,12.799,0,0.27274,18.769,0.38063
12.942,12.827,0,0.21437,18.782,0.27514
12.942,12.848,0,0.11437,18.793,0.059702
12.942,12.859,0,-0.016441,18.802,0
12.29,12.858,-5.9092,-0.10667,19.124,1739.7
12.29,12.847,0,-0.21799,19.068,0.69195
11.067,12.825,-6.1057,-0.33594,18.891,27.88
11.067,12.792,0,-0.45479,18.717,2.9271
11.067,12.746,0,-0.5568,18.547,2.4359
11.067,12.691,0,-0.63394,18.381,2.0565
9.3216,12.627,-1.5766,-0.68632,17.781,25.538
9.3216,12.558,0,-0.72303,17.454,6.6784
9.3216,12.486,0,-0.75786,17.134,6.2283
9.3216,12.41,0,-0.80551,16.822,5.7176
9.3216,12.33,0,-0.86962,16.517,5.1384
9.3216,12.243,0,-0.95606,16.22,4.4834
9.3216,12.147,0,-1.0512,15.933,3.8357
9.3216,12.042,0,-1.1391,15.656,3.2691
9.3216,11.928,0,-1.2268,15.389,2.7708
9.3216,11.806,0,-1.3196,15.135,2.3493
9.3216,11.674,0,-1.4081,14.893,2.044
9.3216,11.533,0,-1.4901,14.665,1.8687
9.3216,11.384,0,-1.5778,14.451,1.8487
9.3216,11.226,0,-1.6627,14.253,2.0143
9.3216,11.06,0,-1.7465,14.071,2.403
9.3216,10.885,0,-1.832,13.906,3.0746
9.3216,10.702,0,-1.9269,13.758,4.1625
9.3216,10.509,0,-2.0258,13.63,5.7641
9.3216,10.307,0,-5.2,13.521,1312.4
5.3836,9.7866,-0.88618,-5.2,9.3669,25.548
5.3836,9.2666,0,-5.2,8.9526,36.037
5.3836,8.7466,0,-5.2,8.5903,34.971
5.3836,8.2266,0,-5.2,8.28,33.905
5.3836,7.7066,0,-5.2,8.0217,32.839
5.3836,7.1866,0,-5.2,7.8154,31.773
5.3836,6.6666,0,-5.2,7.6611,30.707
5.3836,6.1466,0,-5.2,7.5588,29.641
5.3836,5.6266,0,-8.8,7.5085,21.011
5.3836,4.7466,0,-8.8,7.5282,19.207
4.8521,3.8666,-0.35396,1.3047,7.3368,4.5981
4.8167,3.9971,-0.00058692,1.0388,7.4343,1.4113
4.8167,4.101,0,0.87561,7.5111,1.0007
4.8167,4.1885,0,0.76525,7.5783,0.80355
4.8167,4.2651,0,0.72113,7.6373,0.85414
4.8167,4.3372,0,0.70844,7.6888,1.021
4.8167,4.408,0,0.68793,7.7332,1.1526
4.8167,4.4768,0,0.69035,7.7706,1.3776
4.8167,4.5459,0,0.72158,7.8012,1.739
5.3765,4.618,2.071,0.80369,7.9705,0.48327
5.3765,4.6984,0,0.92094,8.0423,1.3246
5.3765,4.7905,0,1.077,8.1055,2.412
5.3765,4.8982,0,1.2356,8.1587,3.7027
5.3765,5.0217,0,1.3971,8.2004,5.2054
5.3765,5.1614,0,1.5225,8.2289,6.6521
5.3765,5.3137,0,1.6286,8.2428,8.1002
5.3765,5.4766,0,1.6976,8.2409,9.3821
5.3765,5.6463,0,1.7422,8.2224,10.547
5.3765,5.8205,0,1.7808,8.1867,11.716
5.3765,5.9986,0,1.8014,8.1334,12.782
5.3765,6.1788,0,1.8086,8.0622,13.764
5.3765,6.3596,0,1.8146,7.973,14.754
5.3765,6.5411,0,1.8267,7.8656,15.815
5.3765,6.7238,0,1.837,7.74,16.88
5.3765,6.9075,0,1.8383,7.5961,17.883
5.3765,7.0913,0,1.8502,7.4338,18.997
5.3765,7.2763,0,1.858,7.2531,20.092
5.3765,7.4621,0,1.861,7.0538,21.158
10.52,7.6482,2.2992,1.8663,11.861,0
10.52,7.8348,0,1.8579,12.138,0
10.52,8.0206,0,1.8537,12.398,0
10.52,8.206,0,1.8416,12.638,0.23846
10.52,8.3902,0,1.8351,12.861,0.8565
11.64,8.5737,2.1284,1.8302,13.353,0
11.64,8.7567,0,1.8231,13.651,0
11.64,8.939,0,1.8179,13.93,0
11.64,9.1208,0,1.8066,14.191,0
11.64,9.3015,0,1.7892,14.434,0
11.64,9.4804,0,1.7688,14.659,0.40737
12.844,9.6573,1.8525,1.7532,15.234,0
12.844,9.8326,0,1.7397,15.544,0
12.844,10.007,0,1.7307,15.836,0
12.844,10.18,0,1.7189,16.112,0
12.844,10.351,0,1.7104,16.369,0
13.805,10.523,1.9279,1.7111,16.844,0
13.805,10.694,0,1.7054,17.164,0
13.805,10.864,0,1.6958,17.466,0
13.805,11.034,0,1.6821,17.752,0
13.805,11.202,0,1.6597,18.021,0
14.651,11.368,1.435,1.636,18.511,0
14.793,11.532,1.3961,1.6112,18.833,0
14.793,11.693,0,1.5851,19.151,0
14.793,11.851,0,1.5589,19.453,0
14.793,12.007,0,1.5409,19.739,0
14.793,12.161,0,1.5198,20.01,0
14.793,12.313,0,1.4972,20.266,0
14.793,12.463,0,1.4756,20.506,0
14.793,12.61,0,1.4523,20.732,0
15.795,12.756,0.74832,1.4192,21.362,0
15.795,12.898,0,1.3774,21.659,0
15.795,13.035,0,1.3313,21.941,0
15.795,13.168,0,1.2835,22.211,0
15.795,13.297,0,1.2397,22.467,0
15.795,13.421,0,1.199,22.71,0
16.121,13.541,0.55715,1.1662,23.036,0
16.121,13.657,0,1.1341,23.289,0
16.121,13.771,0,1.1031,23.529,0
16.121,13.881,0,1.0719,23.759,0
16.121,13.988,0,1.0387,23.977,0
16.121,14.092,0,1.0078,24.185,0
16.121,14.193,0,0.97588,24.383,0
16.121,14.29,0,0.94983,24.571,0
16.121,14.385,0,0.92548,24.75,0
16.121,14.478,0,0.90057,24.918,0
16.121,14.568,0,0.8752,25.078,0
16.121,14.656,0,0.85011,25.229,0
16.121,14.741,0,0.81849,25.371,0
16.121,14.822,0,0.78683,25.505,0
16.121,14.901,0,0.7536,25.631,0
16.121,14.976,0,0.71697,25.749,0
16.121,15.048,0,0.67949,25.86,0
16.121,15.116,0,0.6407,25.964,0
16.121,15.18,0,0.60226,26.061,0
16.121,15.24,0,0.56381,26.152,0
16.121,15.297,0,0.52445,26.238,0
16.121,15.349,0,0.49107,26.317,0
16.121,15.398,0,0.45575,26.392,0
16.121,15.444,0,0.42552,26.462,0
16.121,15.486,0,0.39679,26.528,0
16.121,15.526,0,0.37155,26.589,0
16.121,15.563,0,0.3417,26.647,0
16.121,15.597,0,0.31103,26.701,0
16.121,15.629,0,0.28627,26.751,0
