1.9444,1.9444,-0.040992,0,35.5,0.090394
1.9444,1.9444,0,7.8,35.5,74.244
1.9294,2.7244,-0.033128,7.8,35.447,80.554
1.9294,3.5044,0,7.8,35.328,85.4
1.9294,4.2844,0,7.8,35.132,90.975
1.9294,5.0644,0,7.8,34.857,96.581
1.9294,5.8444,0,7.8,34.505,102.21
1.9294,6.6244,0,6.7,34.074,93.896
1.9294,7.2944,0,6.7,33.571,98.713
1.9294,7.9644,0,6.7,33.001,103.55
1.9294,8.6344,0,6.7,32.364,108.41
1.9294,9.3044,0,-0.41081,31.66,29.538
1.9294,9.2634,0,-0.41903,30.925,29.22
1.9294,9.2215,0,-0.42724,30.194,28.899
1.9294,9.1787,0,-0.4357,29.466,28.571
1.9294,9.1352,0,-0.44394,28.744,28.242
1.9294,9.0908,0,-0.45365,28.025,27.895
1.9294,9.0454,0,-0.46466,27.311,27.531
1.9294,8.9989,0,-0.47682,26.602,27.151
1.9294,8.9513,0,-0.48887,25.898,26.767
1.9294,8.9024,0,-0.50225,25.198,26.364
1.9294,8.8521,0,-0.51696,24.503,25.944
1.9294,8.8005,0,-0.53283,23.813,25.506
1.9294,8.7472,0,-0.5511,23.129,25.039
2.3803,8.6921,-0.22476,-0.5684,23.104,24.834
2.3803,8.6352,0,-0.58844,22.475,21.631
2.3803,8.5764,0,-0.60741,21.853,21.15
2.3803,8.5156,0,-0.62826,21.236,20.645
2.3803,8.4528,0,-0.64965,20.626,20.129
2.3803,8.3878,0,-0.6725,20.022,19.594
2.2524,8.3206,-0.17802,-0.69695,19.375,21.708
2.2524,8.2509,0,-0.72034,18.772,19.14
2.2524,8.1789,0,-0.74589,18.176,18.555
2.2524,8.1043,0,-0.77337,17.587,17.947
2.2524,8.0269,0,-0.8003,17.005,17.336
2.2524,7.9469,0,-0.82958,16.432,16.701
2.1619,7.864,-0.1352,-0.8593,15.838,17.87
2.1619,7.778,0,-0.89018,15.272,15.835
2.1619,7.689,0,-0.92309,14.715,15.149
2.1619,7.5967,0,-0.95439,14.167,14.472
2.1619,7.5013,0,-0.98799,13.628,13.774
2.1619,7.4025,0,-1.0232,13.099,13.063
2.1619,7.3001,0,-1.0591,12.58,12.347
2.1619,7.1942,0,-1.0944,12.072,11.636
2.1619,7.0848,0,-1.1314,11.574,10.916
2.1619,6.9716,0,-1.1685,11.087,10.201
2.1619,6.8548,0,-1.204,10.612,9.5027
2.1619,6.7344,0,-1.2409,10.149,8.8055
2.1619,6.6103,0,-1.2764,9.6979,8.1284
2.1619,6.4827,0,-1.3179,9.2595,7.4341
2.1619,6.3509,0,-1.3592,8.834,6.7611
2.1619,6.215,0,-1.4054,8.4219,6.0896
2.1619,6.0744,0,-8.8,8.0236,0
2.1619,5.1944,0,-8.8,7.6764,0
2.1619,4.3144,0,-0.66913,7.4171,3.3446
2.1619,4.2475,0,-8.8,7.2052,0
2.1619,3.3675,0,-0.35217,7.0407,1.8649
2.1619,3.3323,0,-0.35576,6.9219,1.7631
2.1619,3.2967,0,-8.8,6.8066,0
1.867,2.4167,-0.073269,-0.10153,6.4679,1.2091
1.867,2.4066,0,-0.10274,6.4134,0.95287
1.867,2.3963,0,-0.10278,6.36,0.92789
1.867,2.386,0,-0.10288,6.3075,0.90286
1.867,2.3757,0,-0.10168,6.2562,0.88158
1.867,2.3655,0,-0.10377,6.2058,0.85147
1.867,2.3552,0,-8.8,6.1565,0
1.867,1.4752,0,1.868,6.1516,8.3501
1.8056,1.662,-0.054755,0.66606,6.1533,2.175
1.8056,1.7286,0,0.27672,6.1644,0.56067
1.7834,1.7563,-0.044044,0.11524,6.1703,0.33192
1.7834,1.7678,0,0.036737,6.1724,0.047217
1.7834,1.7714,0,-0.0010551,6.1738,0
1.7834,1.7713,0,-0.00088369,6.175,0
1.7834,1.7713,0,-0.0012795,6.1762,0
1.7834,1.7711,0,-0.0010493,6.1774,0
1.7834,1.771,0,-0.00015065,6.1787,0
1.7794,1.771,-0.0061719,0.034915,6.173,0.072652
1.7856,1.7745,-0.0025885,0.046298,6.1656,0.08465
1.7856,1.7791,0,0.049934,6.1665,0.097079
1.7856,1.7841,0,-0.00010302,6.1669,0
1.7856,1.7841,0,0.0090722,6.167,0.016154
1.7856,1.785,0,0.010814,6.1671,0.021776
1.7856,1.7861,0,-0.00079429,6.1671,0
1.7856,1.786,0,-0.0019199,6.1671,0
1.7856,1.7858,0,-0.0014835,6.1671,0
1.7632,1.7857,-0.014905,-0.0032167,6.1889,0.071883
1.7632,1.7854,0,-0.0023475,6.1867,0.040619
1.7632,1.7851,0,-0.0032562,6.1845,0.038187
1.7632,1.7848,0,-0.002946,6.1823,0.038177
1.7632,1.7845,0,-0.0025085,6.1802,0.038504
1.7632,1.7843,0,-0.0025285,6.178,0.037942
1.7632,1.784,0,-0.0033791,6.176,0.035601
1.7632,1.7837,0,-0.0040762,6.1739,0.033416
1.7632,1.7833,0,-0.0051856,6.1719,0.030215
1.7632,1.7827,0,-0.0060167,6.1699,0.027383
1.7632,1.7821,0,-0.0068316,6.168,0.024421
1.7241,1.7815,-0.056313,-0.0082161,6.1799,0.2333
1.7241,1.7806,0,-0.0090076,6.1742,0.097844
1.7241,1.7797,0,-0.0084563,6.1686,0.097167
1.7241,1.7789,0,-0.0084215,6.1631,0.095471
1.7241,1.778,0,-0.0083915,6.1576,0.093773
1.7241,1.7772,0,-0.0092791,6.1523,0.090076
1.7241,1.7763,0,-0.0099351,6.147,0.086706
1.7241,1.7753,0,-0.010662,6.1418,0.083051
1.7241,1.7742,0,-0.011962,6.1368,0.078011
1.7241,1.773,0,-0.010569,6.1318,0.078539
1.7241,1.772,0,-0.010571,6.127,0.076334
1.7241,1.7709,0,-0.009961,6.1223,0.075455
1.7241,1.7699,0,-0.0098165,6.1176,0.073695
1.7241,1.7689,0,-0.010544,6.1131,0.070082
1.7241,1.7679,0,-0.011467,6.1087,0.065903
1.7241,1.7667,0,-0.012121,6.1043,0.062123
1.7241,1.7655,0,-0.012977,6.1001,0.057781
1.7241,1.7642,0,-0.011794,6.0961,0.057628
1.7241,1.763,0,-0.011394,6.0921,0.056044
1.7241,1.7619,0,-0.01169,6.0883,0.053054
1.7241,1.7607,0,-0.011624,6.0845,0.05078
1.7241,1.7596,0,-0.0107,6.0809,0.050351
1.7241,1.7585,0,-0.0095472,6.0774,0.050602
1.7241,1.7575,0,-0.010418,6.0741,0.046771
1.7241,1.7565,0,-0.010339,6.0708,0.044788
1.7241,1.7555,0,-0.0094856,6.0676,0.044472
1.7241,1.7545,0,-0.0091631,6.0645,0.043201
1.7039,1.7536,0.029426,-0.0073831,5.9853,0.025003
1.7039,1.7529,0,-0.0077895,5.9804,0.084725
1.7039,1.7521,0,-0.0067752,5.9755,0.085312
1.7039,1.7514,0,-0.0070773,5.9707,0.083236
1.7039,1.7507,0,-0.0087081,5.966,0.078209
1.6948,1.7498,-0.035173,-0.0082146,5.9573,0.17677
1.6948,1.749,0,-0.0092637,5.9518,0.092415
1.6948,1.7481,0,-0.0091647,5.9464,0.090694
1.6948,1.7472,0,-0.0098301,5.9412,0.087326
1.6948,1.7462,0,-0.0084871,5.936,0.088203
1.6948,1.7453,0,-0.0090345,5.9309,0.085236
1.6948,1.7444,0,-0.010331,5.9259,0.080531
1.6708,1.7434,-0.016387,-0.010912,5.9173,0.16451
1.6708,1.7423,0,-0.012333,5.9101,0.12193
1.6708,1.7411,0,-0.01194,5.903,0.1202
1.6534,1.7399,0.0070705,-0.013107,5.8803,0.1361
1.6534,1.7386,0,-0.013802,5.8717,0.14752
1.6534,1.7372,0,-8.8,5.8633,0
1.6534,0.85718,0,0.024316,5.8989,0
1.6534,0.85962,0,0.014742,5.9784,0
1.6534,0.86109,0,0.0033154,6.0577,0
1.6534,0.86142,0,-0.019569,6.1369,0
1.6534,0.85946,0,-0.029812,6.2162,0
1.6534,0.85648,0,-0.050762,6.2957,0
1.6333,0.85141,-0.066013,-0.066013,6.3555,0
1.6333,0.84481,0,-0.061169,6.434,0
1.6333,0.83869,0,-0.055643,6.5132,0
1.6333,0.83312,0,-0.056044,6.5929,0
1.6333,0.82752,0,-0.03197,6.6732,0
1.6333,0.82432,0,-0.0064209,6.754,0
1.6333,0.82368,0,-0.0062128,6.8349,0
1.6333,0.82306,0,-0.0054739,6.9159,0
1.6333,0.82251,0,0.022687,6.9969,0
1.6333,0.82478,0,0.01263,7.0779,0
1.6333,0.82604,0,0.015594,7.1587,0
1.6333,0.8276,0,0.014825,7.2393,0
1.6333,0.82909,0,0.016407,7.3198,0
1.6333,0.83073,0,0.0070087,7.4001,0
1.6333,0.83143,0,-0.0040395,7.4804,0
1.6333,0.83102,0,-0.0091076,7.5606,0
1.6333,0.83011,0,0.0016839,7.6408,0
1.5971,0.83028,0.0048578,0.0048578,7.648,0
1.5971,0.83077,0,-0.00011083,7.7247,0
1.5971,0.83076,0,0.017158,7.8013,0
1.5971,0.83247,0,0.013308,7.8779,0
1.5971,0.8338,0,0.0051648,7.9542,0
1.5971,0.83432,0,0.0058285,8.0306,0
1.5754,0.8349,0.0042653,0.0042653,8.0948,0
1.5754,0.83533,0,-0.0084974,8.1688,0
1.5754,0.83448,0,-0.0098167,8.2429,0
1.5754,0.8335,0,-0.0061055,8.317,0
1.5754,0.83289,0,-0.017336,8.3913,0
1.5754,0.83115,0,-0.015035,8.4656,0
1.5754,0.82965,0,-0.0098689,8.5401,0
1.5754,0.82866,0,-0.0095398,8.6147,0
1.5754,0.82771,0,-0.0030429,8.6895,0
1.5754,0.8274,0,-0.0018136,8.7643,0
1.5754,0.82722,0,0.00065382,8.8391,0
1.5754,0.82729,0,0.0051842,8.9139,0
1.5754,0.82781,0,0.02366,8.9887,0
1.5754,0.83017,0,0.017484,9.0633,0
1.5754,0.83192,0,0.013671,9.1378,0
1.5754,0.83329,0,0.012969,9.212,0
1.5754,0.83459,0,-0.01411,9.2862,0
1.5754,0.83317,0,-0.025855,9.3603,0
1.5754,0.83059,0,-0.021758,9.4347,0
1.5754,0.82841,0,-0.0095489,9.5093,0
1.5754,0.82746,0,0.0082599,9.584,0
1.5754,0.82828,0,0.060625,9.6588,0
1.5754,0.83435,0,0.13622,9.7332,0
1.5754,0.84797,0,0.3121,9.8066,0
1.5754,0.87918,0,0.63445,9.8778,0.11181
1.5754,0.94262,0,4.9,9.9443,35.942
1.5754,1.4326,0,3.0216,9.9831,19.57
1.5754,1.7348,0,1.1566,9.9822,5.7996
1.5754,1.8504,0,1.3031,9.9605,7.2915
1.5754,1.9808,0,1.3485,9.9265,8.2016
1.5754,2.1156,0,1.2692,9.8792,8.2421
1.5754,2.2425,0,1.1148,9.8189,7.714
1.5754,2.354,0,0.88938,9.7466,6.6631
1.5754,2.4429,0,0.69692,9.6643,5.7972
2.6618,2.5126,0.16386,0.54158,10.147,0.69569
2.6618,2.5668,0,0.40034,10.159,0.93991
2.6618,2.6068,0,0.28785,10.167,0.65464
2.6618,2.6356,0,0.14319,10.171,0.28877
2.6646,2.6499,-0.22255,0.04889,10.18,0.72121
2.6646,2.6548,0,-0.00056215,10.181,0
2.6646,2.6548,0,-0.0039519,10.182,0
2.5783,2.6544,-0.31136,-0.0073563,10.176,1.1015
2.5783,2.6536,0,-0.010575,10.168,0.13383
2.5783,2.6526,0,-0.014585,10.161,0.1227
2.5783,2.6511,0,-0.017728,10.154,0.11273
2.5783,2.6493,0,-0.021873,10.146,0.1
2.3794,2.6471,-0.44869,-0.026273,10.072,2.2493
2.3794,2.6445,0,-0.030007,10.046,0.50481
2.2865,2.6415,-0.49838,-0.035086,10.015,2.7791
2.2865,2.638,0,-0.039821,9.9795,0.67939
2.2865,2.634,0,-0.04549,9.9446,0.65461
2.2865,2.6295,0,-0.049857,9.91,0.63225
2.2865,2.6245,0,-0.054549,9.876,0.60823
2.2865,2.619,0,-0.057607,9.8425,0.58763
2.2865,2.6133,0,-0.06118,9.8095,0.56515
2.2865,2.6072,0,-0.065377,9.7771,0.54047
2.2865,2.6006,0,-0.069597,9.7454,0.51503
2.2865,2.5937,0,-0.074325,9.7143,0.48765
2.2865,2.5862,0,-0.07841,9.684,0.46111
1.8054,2.5784,-0.46745,-0.083038,9.3715,3.8755
1.8054,2.5701,0,-0.087357,9.2946,1.5778
1.8054,2.5613,0,-0.09228,9.2186,1.5377
1.8054,2.5521,0,-0.09872,9.1435,1.4915
1.8054,2.5422,0,-0.10497,9.0693,1.4447
1.8054,2.5318,0,-0.11454,8.9961,1.3862
1.8054,2.5203,0,-0.12706,8.9241,1.3168
1.8054,2.5076,0,-0.14108,8.8532,1.2411
1.1761,2.4935,-1.3848,-0.15797,8.5771,6.4734
1.1761,2.4777,0,-0.17628,8.4461,2.7805
1.1761,2.4601,0,-0.19777,8.3169,2.6405
0.72521,2.4403,-1.7038,-0.22037,8.1101,7.543
0.72521,2.4182,0,-0.24712,7.9397,3.7029
0.72521,2.3935,0,-0.27402,7.7716,3.5028
0.72521,2.3661,0,-0.30128,7.6061,3.2984
0.72521,2.336,0,-0.32712,7.4436,3.0976
0.72521,2.3033,0,-0.35293,7.2841,2.8956
0.72521,2.268,0,-0.37648,7.1281,2.7016
0.72521,2.2303,0,-0.39494,6.9757,2.5261
0.72521,2.1909,0,-0.41391,6.8271,2.3494
0.72521,2.1495,0,-0.42822,6.6826,2.1893
0.72521,2.1066,0,-8.8,6.5424,0
-0.25743,1.2266,-0.021937,-0.16293,5.6873,3.0866
-0.25743,1.2103,0,-8.8,5.5397,0
-0.25743,0.33035,0,0.0028377,5.4369,1.5515
-0.25743,0.33063,0,-0.021384,5.3781,1.5012
-0.25743,0.32849,0,-0.014742,5.3194,1.5107
-0.25743,0.32702,0,0.0020824,5.2609,1.5431
-0.25743,0.32723,0,-0.0087947,5.2025,1.5206
-0.25743,0.32635,0,-8.8,5.144,0
-0.25743,0,0,-0.012227,5.1297,0.8426
-0.25743,0,0,-0.0079753,5.104,0.85154
-0.25743,0,0,-0.0090457,5.0783,0.84929
-0.25743,0,0,-0.00078804,5.0526,0.86664
-0.25743,0,0,-0.0064475,5.0268,0.85475
-0.25743,0,0,0.004629,5.0011,0.87802
-0.25743,0.0004629,0,-8.8,4.9754,0
-0.25743,0,0,-8.8,4.9936,0
-0.25743,0,0,-0.0045324,5.0118,0.85877
-0.25743,0,0,-8.8,4.9861,0
-0.25743,0,0,0.064065,5.0044,1.0029
-0.25743,0.0064065,0,-8.8,4.9783,0
-0.25743,0,0,-8.8,4.9959,0
-0.25457,0,0.18114,0.18114,5.0166,0.86242
-0.25457,0.018114,0,-8.8,4.9902,0
-0.25457,0,0,0.14188,5.007,1.1605
-0.25457,0.014188,0,-8.8,4.9808,0
-0.25457,0,0,-8.8,4.9979,0
-0.25457,0,0,0.56764,5.0165,2.0552
-0.25457,0.056764,0,-8.8,4.9882,0
-0.25457,0,0,1.2148,5.001,3.415
-0.25457,0.12148,0,-8.8,4.9695,0
-0.25457,0,0,1.6606,4.9759,4.3518
-0.25457,0.16606,0,1.7947,4.9421,4.974
-0.25457,0.34553,0,-8.8,4.8911,0
-0.25457,0,0,1.7365,4.8751,4.5113
-0.25457,0.17365,0,1.6691,4.841,4.7257
-0.25457,0.34057,0,1.59,4.7898,4.9016
-0.25457,0.49957,0,1.495,4.7223,5.0278
-0.25457,0.64907,0,1.43,4.6394,5.1979
-0.25457,0.79207,0,1.3831,4.5419,5.3925
-0.25457,0.93038,0,4.9,4.4303,13.066
-0.25457,1.4204,0,2.6744,4.2873,9.3937
-0.25457,1.6878,0,-8.8,4.1065,0
-0.25457,0.80782,0,1.2263,3.9562,5.0952
-0.25457,0.93045,0,4.9,3.8439,13.066
-0.25457,1.4204,0,4.9,3.7009,14.07
-0.25457,1.9104,0,2.3165,3.5089,9.6465
-0.25457,2.1421,0,1.5941,3.2808,8.6033
-0.25457,2.3015,0,1.3265,3.0331,8.3678
-0.25457,2.4342,0,1.1784,2.7709,8.3286
-0.25457,2.552,0,1.1353,2.4961,8.4795
-0.25457,2.6655,0,1.0718,2.2098,8.5789
-0.25457,2.7727,0,1.0182,1.9124,8.6859
-0.25457,2.8745,0,0.99909,1.6046,8.8545
-0.25457,2.9744,0,0.96977,1.2867,8.9978
-0.25457,3.0714,0,0.93353,0.95896,9.1204
-0.25457,3.1648,0,0.92351,0.62169,9.2907
3.8008,3.2571,0.98464,0.89094,6.7577,0
3.8008,3.3462,0,0.86378,6.8076,1.7971
3.8008,3.4326,0,0.85455,6.8488,2.0448
3.8008,3.518,0,0.82605,6.8813,2.1971
4.1704,3.6007,0.85452,0.81185,6.9702,0
4.1704,3.6818,0,0.79178,7.0231,1.3526
4.3422,3.761,0.84266,0.78108,7.0827,0
4.3422,3.8391,0,0.78008,7.1369,1.2545
4.3422,3.9171,0,0.76498,7.1833,1.4363
4.3422,3.9936,0,0.74093,7.222,1.5745
4.3422,4.0677,0,0.71816,7.2531,1.7113
4.3422,4.1395,0,0.70452,7.277,1.8837
4.3422,4.21,0,0.69093,7.2938,2.0533
4.875,4.2791,0.72292,0.6777,7.4804,0
4.875,4.3469,0,0.67935,7.5366,0.75604
4.875,4.4148,0,0.66663,7.586,0.90758
4.875,4.4815,0,0.64905,7.6287,1.0368
4.875,4.5464,0,0.63068,7.6648,1.1583
5.2048,4.6094,0.62269,0.61867,7.7708,0
5.2048,4.6713,0,0.60698,7.8272,0.46373
5.2048,4.732,0,0.60007,7.8775,0.61038
5.2048,4.792,0,0.58685,7.9218,0.73283
5.2048,4.8507,0,0.5667,7.9602,0.82557
5.2048,4.9074,0,0.55863,7.9927,0.96001
5.2048,4.9632,0,0.54347,8.0197,1.0652
5.2048,5.0176,0,0.531,8.0411,1.1773
5.3993,5.0707,-1.3884,0.30615,8.2186,10.295
5.3993,5.1013,0,0.15011,8.25,0
5.3993,5.1163,0,0.010335,8.279,0
5.3993,5.1173,0,-0.026896,8.3073,0
5.3993,5.1146,0,-0.046527,8.3356,0
5.3993,5.11,0,0.021078,8.3643,0
5.3993,5.1121,0,0.1477,8.3931,0
5.3993,5.1269,0,0.2316,8.4211,0
5.3993,5.15,0,0.25937,8.4472,0.080305
5.3993,5.176,0,-0.04712,8.4709,0
5.3993,5.1712,0,-0.20031,8.4934,0
5.3993,5.1512,0,-0.37534,8.5172,0
3.2508,5.1137,-5.9361,-0.54782,7.969,16.659
3.2508,5.0589,0,-0.7296,7.7854,2.2302
3.2508,4.9859,0,-0.76718,7.6083,1.9606
3.2508,4.9092,0,-8.8,7.4386,0
3.2508,4.0292,0,-0.40038,7.3167,0.7556
2.5892,3.9892,0.30534,-8.8,6.94,0
2.5892,3.1092,0,-0.10814,6.844,0.89033
2.5892,3.0984,0,-0.11347,6.7925,0.84981
2.5542,3.087,0.05105,-0.11934,6.7549,0.75378
2.5542,3.0751,0,-0.11841,6.7022,0.86418
2.5542,3.0632,0,-0.11547,6.6507,0.84422
2.5542,3.0517,0,-0.11597,6.6003,0.81568
2.5542,3.0401,0,-0.11404,6.5512,0.7937
2.5542,3.0287,0,-8.8,6.5031,0
2.5542,2.1487,0,1.2669,6.4997,4.1783
2.5542,2.2754,0,0.77301,6.5339,1.9534
2.5542,2.3527,0,0.5103,6.5579,1.0524
2.5542,2.4037,0,0.34796,6.5755,0.60216
2.5542,2.4385,0,0.23334,6.5888,0.3292
2.5542,2.4618,0,0.13929,6.5992,0.12539
2.5542,2.4758,0,0.089632,6.6077,0.034234
2.5037,2.4847,-0.057048,0.047945,6.6055,0.20477
2.5037,2.4895,0,0.008832,6.6072,0
2.5037,2.4904,0,0.018652,6.6086,0.012257
2.5037,2.4923,0,0.0023817,6.6098,0
2.5037,2.4925,0,-0.001287,6.6109,0
2.5037,2.4924,0,-0.00085961,6.6121,0
2.5037,2.4923,0,-0.0018894,6.6132,0
2.5037,2.4921,0,-0.003384,6.6144,0
2.5037,2.4918,0,-0.003515,6.6155,0
2.5037,2.4914,0,-0.0037435,6.6167,0
2.5037,2.491,0,-0.0056315,6.618,0
2.5037,2.4905,0,-0.0054378,6.6193,0
2.5037,2.4899,0,-0.0050563,6.6206,0
2.5037,2.4894,0,-0.0068916,6.6221,0
2.5037,2.4887,0,-0.0079449,6.6235,0
2.5037,2.488,0,-0.0076525,6.6251,0
2.5037,2.4872,0,-0.0090916,6.6267,0
2.5037,2.4863,0,-0.011297,6.6284,0
2.4198,2.4851,-0.030732,-0.012085,6.5846,0.17967
2.4198,2.4839,0,-0.014096,6.5781,0.1027
2.4198,2.4825,0,-0.013758,6.5717,0.10049
2.4198,2.4812,0,-0.014981,6.5655,0.094947
2.4198,2.4797,0,-0.017567,6.5595,0.086222
2.4198,2.4779,0,-0.017231,6.5536,0.083297
2.4198,2.4762,0,-0.016734,6.5478,0.080789
2.4198,2.4745,0,-0.015882,6.5423,0.079152
2.3756,2.4729,-0.047771,-0.018172,6.5231,0.27671
2.3756,2.4711,0,-0.01766,6.5134,0.1608
2.3756,2.4693,0,-0.019765,6.504,0.15235
2.3756,2.4674,0,-0.019126,6.4947,0.1496
2.3756,2.4654,0,-0.020065,6.4856,0.14347
2.3756,2.4634,0,-0.021522,6.4767,0.13602
2.3756,2.4613,0,-0.020436,6.4681,0.13389
2.3756,2.4592,0,-0.022284,6.4596,0.12554
2.3417,2.457,-0.049563,-0.021905,6.4263,0.31215
2.3417,2.4548,0,-0.021382,6.4149,0.18973
2.3417,2.4527,0,-0.022434,6.4037,0.1828
2.3417,2.4504,0,-0.022341,6.3927,0.17824
2.3417,2.4482,0,-0.023503,6.3819,0.17088
2.3417,2.4459,0,-0.024663,6.3714,0.16331
2.3417,2.4434,0,-0.024532,6.3611,0.1584
2.3417,2.4409,0,-0.025154,6.3511,0.15184
2.3417,2.4384,0,-0.026211,6.3413,0.14421
2.3417,2.4358,0,-0.02692,6.3318,0.13715
2.3417,2.4331,0,-0.027622,6.3225,0.12998
2.3417,2.4303,0,-0.029503,6.3135,0.12011
2.3417,2.4274,0,-0.031184,6.3048,0.11034
2.3417,2.4243,0,-0.030857,6.2964,0.10458
2.3417,2.4212,0,-0.029673,6.2883,0.10072
2.3417,2.4182,0,-0.031542,6.2805,0.09059
2.3417,2.4151,0,-0.030257,6.273,0.086816
2.2638,2.412,-0.051359,-8.8,6.2001,0
2.256,1.532,-0.055871,3.884,6.2209,25.447
2.256,1.9204,0,1.2292,6.2739,4.2281
2.256,2.0434,0,0.65957,6.3013,1.6461
2.256,2.1093,0,0.41482,6.3193,0.84755
2.256,2.1508,0,0.24261,6.3318,0.38268
2.256,2.1751,0,0.14257,6.3412,0.15981
2.256,2.1893,0,0.098141,6.3485,0.080199
2.256,2.1991,0,0.086584,6.3547,0.073952
2.256,2.2078,0,0.064651,6.36,0.04123
2.256,2.2143,0,0.030824,6.3645,0
2.256,2.2173,0,0.016225,6.3685,0
2.256,2.219,0,-0.0012716,6.3723,0
2.256,2.2188,0,-0.0035315,6.376,0
2.256,2.2185,0,-0.005201,6.3797,0
2.256,2.218,0,-0.0065913,6.3835,0
2.256,2.2173,0,-0.0061422,6.3873,0
2.256,2.2167,0,-0.0055826,6.3912,0
2.256,2.2161,0,-0.0074841,6.3952,0
2.256,2.2154,0,-0.0085364,6.3992,0
2.256,2.2145,0,-0.010333,6.4033,0
2.256,2.2135,0,-0.010765,6.4075,0
2.256,2.2124,0,-0.010109,6.4118,0
2.256,2.2114,0,-0.0091365,6.4162,0
2.153,2.2105,-0.054601,-0.010156,6.2667,0.2245
2.153,2.2095,0,-0.01173,6.261,0.09171
2.153,2.2083,0,-0.01201,6.2554,0.088652
2.153,2.2071,0,-0.012712,6.2499,0.084623
2.153,2.2058,0,-0.013337,6.2446,0.080622
2.153,2.2045,0,-0.013707,6.2394,0.077049
2.153,2.2031,0,-0.012861,6.2343,0.076028
2.153,2.2018,0,-0.014114,6.2293,0.070656
2.153,2.2004,0,-0.014972,6.2245,0.065893
2.153,2.1989,0,-0.014576,6.2199,0.063642
2.153,2.1975,0,-0.015672,6.2153,0.058287
2.153,2.1959,0,-0.015494,6.211,0.055432
2.153,2.1944,0,-0.014741,6.2068,0.053838
2.153,2.1929,0,-0.01407,6.2027,0.052224
2.153,2.1915,0,-0.015483,6.1988,0.046325
2.153,2.1899,0,-0.016222,6.195,0.041579
2.153,2.1883,0,-0.017033,6.1914,0.036543
