11.944,11.944,0.017864,0,35.5,0
11.944,11.944,0,0.0061448,35.5,0.013007
11.944,11.945,0,0.045885,35.5,0.103
11.944,11.95,0,0.036648,35.5,0.091507
11.944,11.953,0,0.016377,35.499,0.053665
11.944,11.955,0,-0.0011325,35.498,0.019196
11.944,11.955,0,-0.0054648,35.497,0.0098215
11.783,11.954,-0.87707,-0.010714,35.486,4.7837
11.783,11.953,0,-0.015785,35.469,0.32678
11.783,11.952,0,-0.021497,35.452,0.3095
11.783,11.949,0,-0.028119,35.435,0.28902
11.783,11.947,0,-0.034138,35.419,0.2688
11.783,11.943,0,-0.039974,35.402,0.24798
11.783,11.939,0,-0.045808,35.387,0.2262
11.783,11.935,0,-0.052955,35.371,0.20058
11.783,11.929,0,-0.059827,35.356,0.17452
11.783,11.923,0,-0.067848,35.342,0.14507
11.783,11.917,0,-0.076842,35.328,0.1126
10.571,11.909,-1.6271,-0.086442,34.721,20.244
10.571,11.9,0,-0.096708,34.588,3.2083
10.571,11.891,0,-0.10795,34.455,3.1276
10.571,11.88,0,-0.11916,34.324,3.0445
10.571,11.868,0,-0.12964,34.194,2.9621
10.571,11.855,0,-0.14028,34.065,2.8767
10.571,11.841,0,-0.15103,33.937,2.7887
10.571,11.826,0,-0.16068,33.811,2.7032
10.571,11.81,0,-0.16908,33.686,2.6208
10.571,11.793,0,-0.17642,33.563,2.5413
10.571,11.775,0,-0.18342,33.442,2.4618
10.571,11.757,0,-0.19036,33.322,2.3815
10.571,11.738,0,-0.19572,33.205,2.3062
10.571,11.718,0,-0.20105,33.089,2.2304
10.571,11.698,0,-0.20507,32.975,2.1587
10.571,11.678,0,-0.20916,32.863,2.0864
10.571,11.657,0,-0.2119,32.754,2.0186
10.571,11.636,0,-0.21408,32.646,1.9528
10.571,11.614,0,-0.21558,32.541,1.8893
10.571,11.593,0,-0.21552,32.438,1.8313
10.571,11.571,0,-0.21423,32.337,1.778
10.571,11.55,0,-0.21075,32.238,1.7327
10.571,11.529,0,-0.20614,32.141,1.6922
10.571,11.508,0,-0.20165,32.046,1.6527
9.1622,11.488,0.97952,-0.19535,28.925,2.3018
9.1622,11.468,0,-0.18709,28.693,6.1825
9.1622,11.449,0,-0.17681,28.464,6.17
9.1622,11.432,0,-0.16234,28.236,6.1853
9.7728,11.416,2.517,-0.14379,28.097,3.3669
9.7728,11.401,0,-0.12098,27.934,4.0836
9.7728,11.389,0,-0.096725,27.771,4.1614
9.7728,11.379,0,-0.07113,27.61,4.2555
9.7728,11.372,0,-0.044417,27.45,4.3657
11.172,11.368,3.0443,-0.017575,27.61,8.5195
11.172,11.366,0,0.080237,27.59,0.64106
11.172,11.374,0,0.28851,27.57,1.3697
11.172,11.403,0,0.47933,27.549,2.2654
12.373,11.451,2.9802,0.65101,27.773,5.8586
12.373,11.516,0,0.80793,27.862,0.29561
12.957,11.597,2.7947,0.94764,28.015,3.7395
12.957,11.692,0,1.0627,28.146,0.096839
12.957,11.798,0,1.1664,28.268,0.88272
12.957,11.914,0,1.2615,28.378,1.7467
12.957,12.041,0,1.3338,28.476,2.5933
12.957,12.174,0,1.385,28.56,3.3968
12.957,12.313,0,1.4119,28.632,4.1093
12.957,12.454,0,1.4192,28.689,4.7313
14.801,12.596,1.1163,1.4042,29.557,0
14.801,12.736,0,1.3752,29.77,0
14.801,12.874,0,1.3296,29.97,0
14.801,13.007,0,1.2663,30.156,0
14.801,13.133,0,1.2056,30.329,0
14.801,13.254,0,1.1426,30.49,0
14.801,13.368,0,1.0741,30.639,0
14.801,13.475,0,1.0144,30.777,0
14.801,13.577,0,0.95741,30.904,0
14.801,13.673,0,0.90171,31.022,0
14.801,13.763,0,0.85317,31.13,0
14.801,13.848,0,0.8089,31.23,0.023979
14.801,13.929,0,0.76469,31.321,0.089543
14.801,14.005,0,0.72542,31.405,0.16077
14.801,14.078,0,0.68004,31.48,0.19901
14.801,14.146,0,0.63749,31.549,0.23521
14.801,14.21,0,0.60405,31.612,0.29223
14.801,14.27,0,0.57937,31.668,0.37115
15.338,14.328,0.52374,0.56274,32.409,0
15.338,14.384,0,0.55813,32.507,0
15.338,14.44,0,0.5584,32.599,0
15.338,14.496,0,0.56158,32.686,0
15.338,14.552,0,0.56739,32.768,0
15.651,14.609,0.56389,0.57047,32.928,0
15.651,14.666,0,0.56829,33.029,0
15.651,14.723,0,0.56255,33.125,0
15.651,14.779,0,0.54631,33.215,0
15.651,14.834,0,0.52904,33.3,0
15.651,14.887,0,0.50007,33.379,0
15.651,14.937,0,0.45811,33.453,0
15.651,14.982,0,0.41549,33.522,0
15.651,15.024,0,0.37758,33.587,0
15.706,15.062,-0.18434,0.34255,33.735,0
15.706,15.096,0,0.3158,33.797,0
15.706,15.128,0,0.29064,33.857,0
15.706,15.157,0,0.27412,33.913,0
15.706,15.184,0,0.26371,33.967,0
15.706,15.21,0,0.25641,34.018,0
15.706,15.236,0,0.24934,34.066,0
15.706,15.261,0,0.24671,34.112,0
15.753,15.286,0.43742,0.24516,34.149,0
15.753,15.31,0,0.25942,34.195,0
15.753,15.336,0,0.27487,34.238,0
15.753,15.364,0,0.29915,34.278,0
15.753,15.393,0,0.3266,34.315,0.0040231
15.753,15.426,0,0.3493,34.35,0.15009
16.169,15.461,0.7613,0.3669,34.478,0
16.169,15.498,0,0.38214,34.547,0
16.169,15.536,0,0.39416,34.612,0
16.169,15.575,0,0.40985,34.673,0
16.169,15.616,0,0.40982,34.731,0
16.169,15.657,0,0.40423,34.784,0
16.169,15.698,0,0.39098,34.833,0
16.169,15.737,0,0.36302,34.878,0
16.169,15.773,0,0.33724,34.919,0
16.169,15.807,0,0.31834,34.957,0
16.169,15.839,0,0.30559,34.992,0.017114
16.478,15.869,0.54097,0.30814,35.266,0
16.478,15.9,0,0.3244,35.325,0
16.478,15.933,0,0.35305,35.381,0
16.478,15.968,0,0.38844,35.434,0
16.866,16.007,1.3092,0.4317,35.522,0
16.866,16.05,0,0.47957,35.606,0
16.866,16.098,0,0.51518,35.685,0
16.866,16.149,0,0.54528,35.759,0
16.866,16.204,0,0.5619,35.828,0
16.866,16.26,0,0.56192,35.891,0.10851
17.418,16.316,0.0048442,0.54422,36.125,0
17.418,16.371,0,0.51983,36.232,0
17.418,16.423,0,0.48721,36.334,0
17.418,16.471,0,0.4575,36.431,0
17.418,16.517,0,0.42416,36.524,0
17.418,16.56,0,0.39783,36.611,0
17.418,16.599,0,0.3728,36.695,0
17.362,16.637,0.11439,0.35211,36.752,0
17.362,16.672,0,0.34167,36.823,0
17.362,16.706,0,0.334,36.89,0
17.362,16.739,0,0.34011,36.954,0
17.362,16.773,0,0.34805,37.014,0
17.362,16.808,0,0.35541,37.071,0
17.362,16.844,0,0.36179,37.125,0
17.362,16.88,0,0.3742,37.175,0
17.362,16.917,0,0.38083,37.221,0
17.362,16.955,0,0.3894,37.264,0.074148
17.362,16.994,0,0.40039,37.302,0.20631
17.362,17.034,0,0.40743,37.337,0.33237
17.362,17.075,0,0.41096,37.368,0.45156
17.362,17.116,0,0.41995,37.394,0.59295
17.362,17.158,0,0.43168,37.417,0.75031
17.362,17.201,0,0.44501,37.435,0.92124
17.362,17.246,0,0.46204,37.449,1.1153
17.362,17.292,0,0.47096,37.458,1.2875
17.362,17.339,0,0.48699,37.463,1.496
17.362,17.388,0,0.49637,37.462,1.6864
17.362,17.438,0,0.50438,37.457,1.8779
18.566,17.488,0.55544,0.50278,38.572,0
18.566,17.538,0,0.50424,38.678,0
18.566,17.589,0,0.50693,38.778,0
18.566,17.639,0,0.50436,38.873,0
18.566,17.69,0,0.50413,38.963,0
18.566,17.74,0,0.50671,39.048,0
18.566,17.791,0,0.50499,39.128,0
18.566,17.841,0,0.50483,39.203,0
18.991,17.892,0.4989,0.50323,39.42,0
18.991,17.942,0,0.49875,39.527,0
18.991,17.992,0,0.50366,39.63,0
18.991,18.042,0,0.50866,39.727,0
18.991,18.093,0,0.52088,39.819,0
18.991,18.145,0,0.52731,39.906,0
19.394,18.198,0.79831,0.53987,40.066,0
19.394,18.252,0,0.54643,40.183,0
19.394,18.307,0,0.55593,40.294,0
19.394,18.362,0,0.5592,40.4,0
19.394,18.418,0,0.56079,40.501,0
19.394,18.474,0,0.56765,40.595,0
19.394,18.531,0,0.57049,40.685,0
19.394,18.588,0,0.57943,40.768,0
19.394,18.646,0,0.58557,40.846,0
19.394,18.705,0,0.59172,40.917,0
19.394,18.764,0,0.59743,40.983,0.16352
19.394,18.824,0,0.59675,41.043,0.32429
19.394,18.883,0,0.59319,41.097,0.4777
19.394,18.943,0,0.5938,41.146,0.64846
19.394,19.002,0,0.59627,41.188,0.83016
19.394,19.062,0,0.59139,41.224,0.987
20.478,19.121,0.45059,0.5902,42.144,0
20.478,19.18,0,0.58563,42.277,0
20.478,19.238,0,0.57278,42.404,0
20.478,19.296,0,0.56292,42.525,0
20.478,19.352,0,0.54569,42.64,0
20.478,19.406,0,0.52674,42.75,0
20.478,19.459,0,0.50824,42.855,0
20.478,19.51,0,0.494,42.954,0
20.478,19.559,0,0.4811,43.048,0
20.478,19.607,0,0.47398,43.138,0
20.478,19.655,0,0.46074,43.223,0
20.756,19.701,0.17587,0.44884,43.49,0
20.756,19.746,0,0.43612,43.593,0
20.769,19.789,-0.015397,0.41545,43.708,0
20.769,19.831,0,0.39682,43.804,0
20.769,19.871,0,0.38029,43.896,0
20.769,19.909,0,0.36416,43.984,0
20.769,19.945,0,0.34374,44.068,0
20.769,19.979,0,0.33166,44.149,0
20.769,20.013,0,0.31968,44.226,0
20.769,20.045,0,0.30831,44.3,0
20.769,20.075,0,0.29179,44.371,0
20.769,20.105,0,0.286,44.439,0
20.769,20.133,0,0.27378,44.504,0
20.769,20.161,0,0.27064,44.566,0
20.769,20.188,0,0.26997,44.626,0
20.868,20.215,0.55056,0.27284,44.672,0
20.868,20.242,0,0.28457,44.736,0
20.868,20.27,0,0.30138,44.797,0
20.868,20.301,0,0.32139,44.856,0
20.868,20.333,0,0.33871,44.911,0
20.868,20.367,0,0.35219,44.963,0
20.868,20.402,0,0.36305,45.011,0
20.868,20.438,0,0.37311,45.056,0
20.868,20.475,0,0.38135,45.097,0.082717
20.868,20.514,0,0.39418,45.135,0.21836
20.868,20.553,0,0.40562,45.168,0.35715
20.868,20.593,0,0.41974,45.198,0.5122
20.868,20.635,0,0.43154,45.223,0.66777
20.868,20.679,0,0.44082,45.244,0.82171
20.868,20.723,0,0.44813,45.261,0.97456
20.868,20.768,0,0.45231,45.273,1.1207
20.868,20.813,0,0.45975,45.281,1.2838
20.868,20.859,0,0.46311,45.284,1.4357
20.868,20.905,0,0.46515,45.283,1.5856
20.868,20.952,0,0.46851,45.277,1.7441
20.868,20.998,0,0.47344,45.266,1.9131
20.868,21.046,0,0.47561,45.251,2.0741
22.263,21.093,0.49194,0.47463,46.862,0
22.263,21.141,0,0.47327,46.977,0
22.263,21.188,0,0.47171,47.087,0
22.263,21.235,0,0.46677,47.192,0
22.263,21.282,0,0.46147,47.292,0
22.263,21.328,0,0.45454,47.388,0
22.263,21.374,0,0.44735,47.48,0
22.263,21.418,0,0.43882,47.566,0
22.263,21.462,0,0.43207,47.649,0
22.263,21.505,0,0.42075,47.727,0
22.263,21.547,0,0.40857,47.8,0
22.263,21.588,0,0.39889,47.87,0
22.263,21.628,0,0.38835,47.935,0
22.263,21.667,0,0.37864,47.997,0
22.263,21.705,0,0.37048,48.055,0
22.263,21.742,0,0.36497,48.109,0
22.263,21.778,0,0.3553,48.159,0
22.263,21.814,0,0.34132,48.206,0
22.263,21.848,0,0.32302,48.249,0
22.263,21.88,0,0.30299,48.289,0
22.263,21.911,0,0.27572,48.326,0
22.263,21.938,0,0.25286,48.359,0
22.263,21.964,0,0.22868,48.391,0
22.263,21.986,0,0.20678,48.42,0
22.263,22.007,0,0.19004,48.446,0
22.263,22.026,0,0.17417,48.471,0
22.263,22.044,0,0.15369,48.494,0
22.263,22.059,0,0.13225,48.515,0
22.263,22.072,0,0.10716,48.535,0
22.263,22.083,0,0.082585,48.553,0
22.233,22.091,-0.60812,0.055853,49.252,2.0968
22.233,22.097,0,0.030316,49.266,0
22.233,22.1,0,0.0087996,49.28,0
22.078,22.101,-0.3072,-0.0015931,49.272,0.95374
22.078,22.1,0,-0.0035387,49.269,0.038558
22.078,22.1,0,-0.0037334,49.267,0.03741
22.078,22.1,0,-0.0033492,49.265,0.03746
22.078,22.099,0,-0.0025215,49.263,0.038537
22.078,22.099,0,-0.0018397,49.261,0.039476
22.078,22.099,0,-6.5693e-05,49.259,0.042905
22.078,22.099,0,0.013973,49.257,0.073594
22.078,22.1,0,0.028687,49.254,0.10982
22.078,22.103,0,0.041415,49.252,0.14571
22.242,22.107,0.24781,0.052629,49.255,0
22.242,22.113,0,0.059671,49.268,0
22.242,22.119,0,0.07026,49.281,0
22.337,22.126,0.49095,0.082826,49.325,0
22.337,22.134,0,0.10092,49.346,0
22.337,22.144,0,0.11551,49.366,0
22.337,22.156,0,0.12999,49.384,0
22.337,22.169,0,0.1435,49.402,0
22.337,22.183,0,0.15807,49.418,0.033443
22.337,22.199,0,0.17025,49.433,0.10048
22.337,22.216,0,0.18343,49.445,0.17493
22.337,22.234,0,0.19359,49.457,0.24624
22.337,22.253,0,0.20009,49.466,0.31118
22.337,22.273,0,0.20655,49.473,0.37874
22.337,22.294,0,0.21536,49.479,0.45622
22.337,22.316,0,0.22238,49.482,0.53197
22.337,22.338,0,0.22852,49.483,0.60809
22.337,22.361,0,0.23579,49.482,0.69074
22.337,22.384,0,0.24159,49.478,0.77187
22.337,22.408,0,0.25007,49.472,0.86499
22.337,22.433,0,0.25312,49.464,0.94322
22.337,22.459,0,0.25583,49.453,1.022
22.337,22.484,0,0.25959,49.439,1.1063
22.337,22.51,0,0.26599,49.423,1.2025
22.337,22.537,0,0.27161,49.405,1.2991
23.266,22.564,0.16484,0.27179,50.457,0
23.266,22.591,0,0.26647,50.526,0
23.266,22.618,0,0.25987,50.592,0
23.286,22.644,0.021405,0.24784,50.665,0
23.286,22.669,0,0.23653,50.728,0
23.286,22.692,0,0.22755,50.789,0
23.286,22.715,0,0.21993,50.847,0
23.289,22.737,0.18816,0.21268,50.896,0
23.289,22.758,0,0.2118,50.95,0
23.289,22.779,0,4.8,51.002,35.631
23.364,23.259,0.28748,0.038702,51.046,0
23.364,23.263,0,0.049305,51.056,0
23.364,23.268,0,0.06231,51.066,0
23.364,23.275,0,0.072683,51.075,0
23.364,23.282,0,0.075289,51.084,0
23.364,23.289,0,0.080069,51.091,0.020793
23.364,23.297,0,0.085875,51.098,0.051753
23.364,23.306,0,0.088468,51.105,0.076715
23.547,23.315,0.10234,0.08621,51.196,0
23.547,23.323,0,0.089187,51.219,0
23.547,23.332,0,0.085441,51.241,0
23.547,23.341,0,0.087458,51.262,0
23.547,23.35,0,0.087731,51.282,0
23.547,23.358,0,0.087357,51.301,0
23.547,23.367,0,0.090005,51.32,0
23.547,23.376,0,0.09155,51.337,0
23.547,23.385,0,0.096161,51.354,0
23.547,23.395,0,0.098099,51.37,0
23.547,23.405,0,0.10024,51.384,0
23.547,23.415,0,0.11778,51.398,0
23.829,23.426,1.1364,0.14918,51.553,0.092298
23.829,23.441,0,0.18361,51.592,0
23.829,23.46,0,0.20232,51.63,0
23.829,23.48,0,0.20976,51.666,0
23.829,23.501,0,0.21026,51.7,0
23.829,23.522,0,0.20868,51.731,0
23.829,23.543,0,0.19699,51.761,0
23.829,23.563,0,0.2017,51.789,0
24.196,23.583,0.86953,0.22639,51.967,0
24.281,23.605,0.54942,0.24942,52.022,0
24.281,23.63,0,0.25877,52.089,0
24.281,23.656,0,0.28052,52.153,0
24.281,23.684,0,4.8,52.214,35.076
24.281,24.164,0,0.13939,52.249,0.069286
24.281,24.178,0,0.14457,52.261,0.11393
24.281,24.193,0,0.15689,52.27,0.17926
24.281,24.208,0,0.16604,52.278,0.24057
24.281,24.225,0,0.17314,52.285,0.29964
24.281,24.242,0,0.19187,52.29,0.39522
24.852,24.261,0.57119,0.2102,52.589,0
24.852,24.282,0,0.2235,52.647,0
24.852,24.305,0,0.23168,52.703,0
25.01,24.328,0.53736,0.24249,52.794,0
25.01,24.352,0,0.25013,52.861,0
25.01,24.377,0,0.25962,52.926,0
25.01,24.403,0,0.26864,52.988,0
25.01,24.43,0,0.27989,53.047,0
25.01,24.458,0,0.29152,53.104,0
25.01,24.487,0,0.29738,53.158,0
25.387,24.517,0.54396,4.8,53.344,25.504
25.387,24.997,0,0.15151,53.407,0
25.387,25.012,0,0.16762,53.446,0
25.387,25.029,0,0.17872,53.482,0
25.387,25.047,0,0.19311,53.517,0
25.387,25.066,0,0.20672,53.551,0
25.387,25.087,0,0.21897,53.582,0
25.387,25.109,0,0.22728,53.611,0
25.387,25.131,0,0.23243,53.637,0
25.387,25.155,0,0.23913,53.662,0.063784
25.387,25.178,0,0.24908,53.684,0.14794
25.952,25.203,0.40821,0.25608,54.005,0
25.952,25.229,0,0.25932,54.079,0
25.952,25.255,0,0.26203,54.15,0
25.952,25.281,0,0.26201,54.218,0
25.952,25.307,0,0.26398,54.284,0
25.952,25.334,0,0.26115,54.347,0
25.952,25.36,0,0.25221,54.408,0
25.952,25.385,0,4.8,54.466,35.266
25.952,25.865,0,0.075536,54.498,0
25.952,25.873,0,0.068628,54.507,0
25.952,25.879,0,0.067482,54.514,0
25.952,25.886,0,0.064087,54.521,0.0014872
25.952,25.893,0,0.059561,54.528,0.0048961
25.952,25.899,0,0.05009,54.533,0
25.952,25.904,0,0.030799,54.538,0
25.952,25.907,0,0.0019466,54.543,0
25.952,25.907,0,-0.006381,54.548,0
25.952,25.906,0,-0.014967,54.552,0
25.952,25.905,0,-0.021904,54.557,0
25.952,25.903,0,-0.027648,54.562,0
25.952,25.9,0,-0.031737,54.567,0
25.952,25.897,0,-0.034654,54.572,0
25.952,25.893,0,-0.037501,54.578,0
25.307,25.889,-0.71584,-0.041483,54.428,5.0934
25.307,25.885,0,-0.046361,54.37,1.2221
25.307,25.881,0,-0.051852,54.313,1.1927
25.307,25.875,0,-0.057916,54.255,1.1603
25.307,25.87,0,-0.06397,54.199,1.1267
25.307,25.863,0,-0.069755,54.143,1.0927
25.307,25.856,0,-0.074648,54.088,1.0604
25.307,25.849,0,-0.077702,54.033,1.0326
24.731,25.841,-0.36578,-0.08045,53.765,4.5345
24.731,25.833,0,-0.083084,53.654,2.5581
24.731,25.825,0,-0.085034,53.545,2.5251
24.731,25.816,0,-0.085361,53.436,2.4981
24.731,25.808,0,-0.085284,53.328,2.4728
24.731,25.799,0,-0.084257,53.22,2.4515
24.731,25.791,0,-0.083147,53.114,2.4308
24.731,25.782,0,-0.080947,53.009,2.4148
24.731,25.774,0,-0.078355,52.904,2.401
24.731,25.766,0,-0.075615,52.8,2.3887
24.731,25.759,0,-0.072101,52.697,2.3802
24.731,25.752,0,-0.068927,52.594,2.3715
24.731,25.745,0,-0.065425,52.493,2.365
24.92,25.738,0.59282,-0.061666,52.371,0.44225
24.92,25.732,0,-0.056245,52.29,1.8175
24.92,25.726,0,-0.051748,52.209,1.8181
24.92,25.721,0,-0.046032,52.128,1.8245
24.92,25.717,0,-0.039829,52.049,1.8343
25.268,25.713,0.61774,-0.033803,52.057,0
25.268,25.709,0,-0.029407,52.012,0.92605
25.268,25.706,0,-0.023444,51.968,0.9366
25.268,25.704,0,-0.017535,51.925,0.94857
25.268,25.702,0,-0.01173,51.881,0.9618
25.268,25.701,0,-0.0055234,51.838,0.97784
25.268,25.701,0,0.0065805,51.795,1.014
25.268,25.701,0,0.033944,51.751,1.1028
25.268,25.705,0,0.060871,51.708,1.2008
25.268,25.711,0,0.08649,51.664,1.3051
25.268,25.719,0,0.10807,51.619,1.4054
25.268,25.73,0,0.13133,51.574,1.5207
26.219,25.743,0.83443,0.15211,52.074,0
26.219,25.758,0,0.17554,52.121,0
26.399,25.776,0.89541,0.1991,52.184,0
26.399,25.796,0,0.22065,52.245,0
26.399,25.818,0,0.23697,52.304,0
26.399,25.842,0,0.25402,52.361,0
26.399,25.867,0,0.2699,52.416,0
26.399,25.894,0,0.28812,52.468,0
26.399,25.923,0,0.30405,52.517,0
26.399,25.953,0,0.3161,52.563,0
26.399,25.985,0,0.33192,52.606,0
26.399,26.018,0,0.34482,52.646,0.0043335
26.399,26.053,0,0.35841,52.682,0.12881
26.399,26.088,0,0.37503,52.715,0.27044
26.399,26.126,0,0.38975,52.744,0.4153
27.42,26.165,0.78534,0.39925,53.453,0
27.42,26.205,0,0.4142,53.576,0
27.42,26.246,0,0.42442,53.696,0
