14.167,14.167,1.4196,0,35.5,1.1227
14.167,14.167,0,0.088998,35.5,0.20658
14.167,14.176,0,0.16844,35.5,0.44469
14.167,14.192,0,0.23915,35.498,0.70676
14.167,14.216,0,0.30385,35.494,0.99372
14.167,14.247,0,0.36853,35.488,1.3236
14.167,14.284,0,0.42546,35.478,1.6655
14.167,14.326,0,0.47929,35.464,2.0331
14.167,14.374,0,0.52854,35.446,2.4169
14.167,14.427,0,0.58046,35.422,2.8493
14.167,14.485,0,0.61773,35.393,3.2437
14.167,14.547,0,0.66107,35.358,3.6985
14.167,14.613,0,0.69633,35.317,4.1406
14.167,14.682,0,0.72535,35.269,4.5735
14.167,14.755,0,0.75958,35.214,5.0606
14.167,14.831,0,0.78594,35.151,5.5261
14.167,14.91,0,0.81147,35.081,6.008
14.167,14.991,0,0.83481,35.002,6.4969
14.167,15.074,0,0.85337,34.916,6.9738
14.167,15.16,0,0.87111,34.821,7.4617
14.167,15.247,0,0.89102,34.717,7.981
14.167,15.336,0,0.91238,34.605,8.5284
14.167,15.427,0,0.92401,34.483,9.0244
14.167,15.519,0,0.94061,34.353,9.5693
17.326,15.613,1.1246,0.9545,38.068,0
17.326,15.709,0,0.95275,38.235,0
17.326,15.804,0,0.95531,38.392,0
17.326,15.9,0,0.95064,38.539,0
17.326,15.995,0,0.94013,38.677,0
17.326,16.089,0,0.92737,38.806,0
17.326,16.181,0,0.91961,38.925,0
17.978,16.273,0.86144,0.91184,39.301,0
17.978,16.365,0,0.90725,39.467,0
18.162,16.455,0.84696,0.90314,39.644,0
18.162,16.546,0,0.89991,39.81,0
18.162,16.636,0,0.89622,39.967,0
18.437,16.725,0.84208,0.89205,40.168,0
18.437,16.814,0,0.88465,40.335,0
18.437,16.903,0,0.87336,40.493,0
18.437,16.99,0,0.8628,40.642,0
18.437,17.077,0,0.8525,40.782,0
18.437,17.162,0,0.84013,40.914,0
18.437,17.246,0,0.82572,41.038,0
18.437,17.328,0,0.81874,41.153,0
18.437,17.41,0,0.81112,41.26,0
18.437,17.491,0,0.79717,41.358,0.00073803
18.437,17.571,0,0.79317,41.449,0.21149
18.437,17.65,0,0.78833,41.531,0.42264
18.437,17.729,0,0.77736,41.606,0.61223
18.437,17.807,0,0.77151,41.673,0.82255
18.437,17.884,0,0.76302,41.732,1.0237
18.437,17.96,0,0.76091,41.784,1.2532
18.437,18.037,0,0.76091,41.828,1.4961
19.679,18.113,0.66942,0.75712,42.888,0
19.679,18.188,0,0.75306,43.041,0
19.679,18.264,0,0.74916,43.186,0
19.894,18.339,0.59217,0.74349,43.35,0
19.894,18.413,0,0.73631,43.501,0
19.894,18.487,0,0.72278,43.646,0
19.894,18.559,0,0.71765,43.783,0
19.894,18.631,0,0.71323,43.913,0
20.214,18.702,0.64227,0.71073,44.111,0
20.214,18.773,0,0.70927,44.258,0
20.214,18.844,0,0.70297,44.399,0
20.411,18.914,0.65423,0.69651,44.567,0
20.411,18.984,0,0.6915,44.713,0
20.411,19.053,0,0.68879,44.852,0
20.411,19.122,0,0.67996,44.985,0
20.411,19.19,0,0.67675,45.11,0
20.411,19.258,0,0.666,45.229,0
20.411,19.324,0,0.66199,45.341,0
20.411,19.39,0,0.65441,45.446,0
20.411,19.456,0,0.65095,45.545,0
20.411,19.521,0,0.65051,45.637,0
20.411,19.586,0,0.65042,45.723,0
20.411,19.651,0,0.64998,45.802,0
20.411,19.716,0,0.64418,45.875,0.14963
20.411,19.78,0,0.6422,45.941,0.32055
20.411,19.845,0,0.64024,46.001,0.49454
20.411,19.909,0,0.63534,46.055,0.66012
20.411,19.972,0,0.62908,46.102,0.8216
20.411,20.035,0,0.62899,46.142,1.0087
20.411,20.098,0,0.62807,46.177,1.1958
21.584,20.161,0.58542,0.62782,47.298,0
21.584,20.224,0,0.62183,47.437,0
21.584,20.286,0,0.61477,47.57,0
21.584,20.347,0,4.8,47.697,31.055
21.584,20.827,0,0.41102,47.796,0
21.584,20.868,0,0.41582,47.87,0
21.584,20.91,0,0.42206,47.939,0
21.978,20.952,0.58903,0.43118,48.135,0
21.978,20.995,0,0.43668,48.235,0
21.978,21.039,0,0.44244,48.332,0
21.978,21.083,0,0.44771,48.423,0
21.978,21.128,0,0.45406,48.511,0
21.978,21.173,0,0.46051,48.593,0
21.978,21.219,0,0.46908,48.672,0
21.978,21.266,0,0.47692,48.745,0
21.978,21.314,0,4.8,48.814,34.65
21.978,21.794,0,0.2886,48.856,0.32361
21.978,21.823,0,0.29597,48.873,0.41944
21.978,21.852,0,0.30404,48.888,0.52151
21.978,21.883,0,0.31539,48.899,0.63883
21.978,21.914,0,0.32778,48.907,0.76577
21.978,21.947,0,0.34243,48.911,0.90749
21.978,21.981,0,0.35042,48.913,1.0326
21.978,22.016,0,0.35555,48.911,1.1516
21.978,22.052,0,0.36142,48.905,1.2769
21.978,22.088,0,0.36886,48.896,1.4123
21.978,22.125,0,0.37925,48.883,1.5645
23.136,22.163,0.60438,0.38534,50.038,0
23.136,22.201,0,0.3927,50.133,0
23.245,22.241,0.57487,4.8,50.253,24.332
23.245,22.721,0,0.21883,50.329,0
23.245,22.743,0,0.22902,50.381,0
23.393,22.766,0.60018,0.23945,50.46,0
23.393,22.789,0,0.25325,50.522,0
23.393,22.815,0,0.26779,50.581,0
23.57,22.842,0.54648,0.27745,50.67,0
23.57,22.869,0,0.28654,50.742,0
23.57,22.898,0,0.30014,50.811,0
23.57,22.928,0,0.30755,50.876,0
23.57,22.959,0,0.31671,50.939,0
23.57,22.99,0,0.3284,50.999,0
23.57,23.023,0,0.33846,51.055,0
23.57,23.057,0,0.34346,51.108,0
23.57,23.091,0,0.34951,51.158,0
23.57,23.126,0,0.35643,51.204,0
23.57,23.162,0,4.8,51.246,36.277
23.57,23.642,0,0.19509,51.263,0.684
23.57,23.662,0,0.20572,51.255,0.76896
23.57,23.682,0,0.21319,51.245,0.8479
23.57,23.703,0,0.2161,51.233,0.91462
23.57,23.725,0,0.22021,51.218,0.98705
23.57,23.747,0,0.22085,51.202,1.0493
23.57,23.769,0,0.22416,51.183,1.1218
23.57,23.792,0,0.22801,51.162,1.1979
23.57,23.814,0,0.23259,51.139,1.2788
23.57,23.838,0,0.23672,51.113,1.3603
23.57,23.861,0,0.24259,51.085,1.4505
23.57,23.886,0,0.24711,51.055,1.5385
23.57,23.91,0,0.24863,51.022,1.617
23.57,23.935,0,0.24405,50.987,1.6723
23.57,23.96,0,0.23895,50.949,1.7245
24.625,23.983,0.10124,0.23252,52.523,0
24.625,24.007,0,0.22906,52.586,0
24.625,24.03,0,0.22346,52.647,0
24.665,24.052,0.15869,4.8,52.713,32.505
24.665,24.532,0,0.048881,52.75,0
24.665,24.537,0,0.053639,52.763,0
24.665,24.542,0,0.060726,52.776,0
24.665,24.548,0,0.067335,52.788,0
24.665,24.555,0,0.070901,52.799,0
24.665,24.562,0,0.076941,52.81,0
24.665,24.57,0,0.081331,52.82,0
24.665,24.578,0,0.088337,52.829,0.011819
24.665,24.587,0,0.090647,52.837,0.036392
24.665,24.596,0,0.094704,52.845,0.065874
24.665,24.605,0,0.098119,52.851,0.095035
24.665,24.615,0,0.1006,52.857,0.12296
24.665,24.625,0,0.10146,52.861,0.14761
24.665,24.635,0,0.10485,52.865,0.17908
24.665,24.646,0,0.1118,52.867,0.22085
24.665,24.657,0,0.11452,52.869,0.2537
24.665,24.668,0,0.11538,52.869,0.28255
24.665,24.68,0,0.1196,52.868,0.3209
24.665,24.692,0,0.12064,52.866,0.35193
24.665,24.704,0,0.11942,52.863,0.37716
24.665,24.716,0,0.12478,52.858,0.42064
24.665,24.728,0,0.12915,52.852,0.46316
24.665,24.741,0,0.1322,52.845,0.50343
25.139,24.755,0.22075,0.13416,53.39,0
25.139,24.768,0,0.13545,53.428,0
25.139,24.782,0,0.13748,53.464,0
25.139,24.795,0,0.14039,53.499,0
25.139,24.809,0,0.14042,53.533,0
25.139,24.823,0,0.1412,53.565,0
25.139,24.837,0,0.14422,53.596,0
25.139,24.852,0,0.14405,53.626,0
25.139,24.866,0,0.14685,53.654,0
25.139,24.881,0,0.14737,53.68,0
25.139,24.896,0,0.1515,53.705,0
25.139,24.911,0,0.15565,53.729,0
25.139,24.926,0,0.15876,53.751,0
25.139,24.942,0,4.8,53.772,37.626
25.139,25.422,0,-0.0012072,53.767,0.62347
25.413,25.422,0.036347,-0.00061799,53.95,0
25.413,25.422,0,-0.00026131,53.949,0.017252
25.413,25.422,0,0.00071936,53.948,0.01928
25.413,25.422,0,-0.00026078,53.947,0.017347
25.413,25.422,0,-0.001175,53.946,0.015356
25.413,25.422,0,-0.002953,53.946,0.01136
25.413,25.422,0,-0.0045457,53.945,0.0074045
25.413,25.421,0,-0.0066075,53.944,0.0021593
25.413,25.421,0,-0.0097226,53.943,0
25.413,25.42,0,-0.012769,53.943,0
25.413,25.418,0,-0.015983,53.942,0
25.413,25.417,0,-0.019085,53.942,0
25.413,25.415,0,-0.022412,53.941,0
25.413,25.413,0,-0.025362,53.941,0
25.413,25.41,0,-0.02755,53.941,0
24.993,25.407,-0.28289,-0.029497,53.754,1.9095
24.993,25.404,0,-0.031937,53.713,0.84526
24.993,25.401,0,-0.033465,53.672,0.83303
24.993,25.398,0,-0.034511,53.632,0.82187
24.993,25.394,0,-0.035274,53.591,0.8113
24.993,25.391,0,-0.035219,53.551,0.80291
24.993,25.387,0,-0.035171,53.512,0.79452
24.993,25.384,0,-0.035958,53.472,0.78379
24.993,25.38,0,-0.038129,53.433,0.76898
24.814,25.376,-0.53778,-0.040517,53.304,3.7574
24.814,25.372,0,-0.044867,53.248,1.1735
24.814,25.368,0,-0.049796,53.193,1.1464
24.814,25.363,0,-0.055106,53.138,1.1172
24.814,25.357,0,-0.059958,53.083,1.0883
24.814,25.351,0,-0.06561,53.029,1.0559
24.814,25.345,0,-0.072593,52.976,1.0186
24.814,25.338,0,-0.080162,52.923,0.97824
24.814,25.33,0,-0.088668,52.871,0.93392
24.814,25.321,0,-0.098055,52.82,0.88577
24.814,25.311,0,-0.10775,52.77,0.83541
24.814,25.3,0,-0.11852,52.721,0.78089
24.814,25.288,0,-0.12833,52.673,0.7276
24.814,25.275,0,-0.13864,52.626,0.67197
23.312,25.262,-1.1623,-0.14724,51.68,16.098
23.312,25.247,0,-0.15505,51.486,4.9849
23.312,25.231,0,-0.16275,51.293,4.889
23.312,25.215,0,-0.17069,51.102,4.7899
23.312,25.198,0,-0.17765,50.913,4.6939
23.312,25.18,0,-0.18612,50.725,4.5885
23.312,25.162,0,-0.19366,50.539,4.4858
23.312,25.142,0,-0.20119,50.355,4.3815
23.312,25.122,0,-0.20852,50.173,4.2765
23.312,25.101,0,-0.21456,49.993,4.1763
23.312,25.08,0,-0.2207,49.815,4.0746
23.312,25.058,0,-0.22733,49.639,3.9693
23.312,25.035,0,-0.23403,49.466,3.8627
23.312,25.012,0,-0.23989,49.295,3.7588
23.312,24.988,0,-0.24522,49.126,3.6564
23.312,24.963,0,-0.25137,48.96,3.5498
23.312,24.938,0,-0.2564,48.796,3.4473
21.873,24.912,-0.54736,-0.26173,47.291,13.577
21.873,24.886,0,-0.26735,46.988,8.5183
21.873,24.859,0,-0.27187,46.688,8.3781
21.873,24.832,0,-0.27602,46.391,8.2393
21.873,24.805,0,-0.27897,46.096,8.1071
21.873,24.777,0,-0.28037,45.805,7.9841
21.671,24.749,0.16507,-0.28095,45.454,7.5546
21.671,24.721,0,-0.27891,45.148,8.5967
21.671,24.693,0,-0.27794,44.844,8.4867
21.671,24.665,0,-0.27765,44.543,8.3733
21.671,24.637,0,-0.2774,44.245,8.26
21.671,24.609,0,-0.27893,43.95,8.1362
21.662,24.582,-0.4028,-0.28288,43.644,11.349
21.662,24.553,0,-0.28608,43.354,7.8972
21.662,24.525,0,-0.29037,43.066,7.7545
21.662,24.496,0,-0.29553,42.781,7.6057
21.662,24.466,0,-0.3005,42.499,7.457
21.662,24.436,0,-0.30792,42.221,7.2925
21.662,24.405,0,-0.31886,41.945,7.1055
21.662,24.373,0,-0.33452,41.672,6.8885
21.662,24.34,0,-0.35616,41.403,6.6338
21.662,24.304,0,-0.37981,41.137,6.3637
21.662,24.266,0,-0.40734,40.874,6.0686
21.662,24.226,0,-0.43461,40.616,5.7713
21.662,24.182,0,-0.46014,40.362,5.4803
19.861,24.136,-1.5281,-0.4832,39.28,33.706
19.861,24.088,0,-0.50322,38.855,12.207
19.861,24.037,0,-0.52175,38.435,11.844
19.861,23.985,0,-0.53767,38.02,11.495
19.861,23.931,0,-0.55378,37.61,11.142
19.861,23.876,0,-0.57196,37.206,10.771
19.861,23.819,0,-0.58868,36.807,10.408
19.861,23.76,0,-0.60651,36.414,10.034
19.861,23.699,0,-0.62619,36.027,9.6463
18.789,23.637,-1.0985,-0.64426,35.125,27.836
18.789,23.572,0,-0.66387,34.644,13.598
18.789,23.506,0,-0.68415,34.169,13.138
18.789,23.438,0,-0.70488,33.7,12.67
18.789,23.367,0,-0.72781,33.239,12.184
18.789,23.294,0,-0.75111,32.785,11.692
18.789,23.219,0,-0.78032,32.338,11.158
18.789,23.141,0,-0.81431,31.899,10.588
18.789,23.06,0,-0.85419,31.468,9.9789
18.789,22.974,0,-0.89781,31.045,9.3456
18.789,22.884,0,-0.95079,30.631,8.6575
18.789,22.789,0,-1.0134,30.226,7.9196
18.789,22.688,0,-1.0829,29.831,7.1574
16.218,22.58,-3.5251,-1.1595,28.149,109.31
16.218,22.464,0,-1.2427,27.519,16.124
16.218,22.34,0,-1.3299,26.9,14.869
16.218,22.207,0,-1.4236,26.295,13.573
16.218,22.064,0,-1.5204,25.703,12.272
16.218,21.912,0,-1.6273,25.126,10.932
16.218,21.749,0,-1.7413,24.565,9.5969
16.218,21.575,0,-1.8685,24.021,8.2618
16.218,21.388,0,-2.0047,23.494,6.9936
16.218,21.188,0,-2.1549,22.987,5.8325
16.218,20.972,0,-2.3134,22.501,4.885
16.218,20.741,0,-2.4852,22.037,4.2579
16.218,20.493,0,-2.6683,21.597,4.1324
16.218,20.226,0,-2.8579,21.183,4.7474
16.218,19.94,0,-3.0555,20.797,6.4555
10.998,19.634,-2.8182,-3.2675,16.502,65.53
10.998,19.308,0,-3.4836,15.654,10.445
10.998,18.959,0,-3.7133,14.841,8.589
10.998,18.588,0,-5.2244,14.063,13.177
10.998,18.066,0,-5.2937,13.33,17.431
10.998,17.536,0,-5.3352,12.65,23.398
9.3554,17.003,-2.8754,-5.4117,11.529,31.855
9.3554,16.462,0,-5.4884,10.791,21.005
9.3554,15.913,0,-5.5465,10.108,29.323
9.3554,15.358,0,-5.6813,9.4803,45.983
9.3554,14.79,0,-6.0096,8.9084,96.291
9.3554,14.189,0,-6.568,8.395,399.64
7.4079,13.532,-4.7618,-7.3002,7.3878,7.2209
7.4079,12.802,0,-7.985,6.8118,133.23
7.4079,12.004,0,-8.7547,6.3124,129.98
7.4079,11.128,0,-9.5523,5.8965,126.51
7.4079,10.173,0,-10.046,5.5723,123.51
7.4079,9.1683,0,-10.201,5.346,121.13
7.4079,8.1483,0,-10.666,5.221,118.06
2.7321,7.0817,-8.5049,-11.048,3.72,3.5734
2.7321,5.9769,0,-10.983,3.3402,0
2.7321,4.8785,0,-10.11,3.0707,0
2.7321,3.8675,0,-8.8,2.9066,0
2.7321,2.9875,0,-8.8,2.837,0
2.7321,2.1075,0,-8.8,2.8555,0
2.7321,1.2275,0,-8.8,2.9619,0
2.7321,0.3475,0,-8.8,3.1564,0
2.7321,0,0,-8.8,3.4389,0
2.7321,0,0,-8.8,3.7561,0
2.7321,0,0,-8.8,4.0733,0
2.7321,0,0,-8.8,4.3905,0
2.7321,0,0,-8.8,4.7077,0
2.7321,0,0,-8.8,5.0249,0
2.7321,0,0,-8.8,5.3421,0
2.7321,0,0,-8.8,5.6593,0
2.7321,0,0,-8.8,5.9765,0
2.7321,0,0,-8.8,6.2937,0
2.7321,0,0,-8.8,6.6109,0
2.7321,0,0,-8.8,6.9281,0
2.7321,0,0,-8.8,7.2453,0
2.7321,0,0,-8.8,7.5625,0
2.7321,0,0,-8.8,7.8797,0
2.7321,0,0,-8.8,8.1969,0
2.7321,0,0,-8.8,8.5142,0
2.7321,0,0,-8.8,8.8314,0
2.7321,0,0,-8.8,9.1486,0
2.7321,0,0,-8.8,9.4658,0
4.0874,0,1.5361,-8.8,3.9975,7.5165
4.0874,0,0,-8.8,4.4502,0
4.2759,0,-1.3237,-8.8,4.9139,0
4.2759,0,0,-2.7133,5.3855,5.1166
4.2759,0,0,-3.5759,5.8267,3.3041
4.2759,0,0,-3.675,6.2721,3.0958
4.2759,0,0,-3.3858,6.7181,3.7036
4.2759,0,0,-2.728,7.1626,5.0858
4.2759,0,0,-2.1056,7.6039,6.3934
4.2759,0,0,-2.028,8.042,6.5566
4.2759,0,0,-2.5677,8.4797,5.4226
4.2759,0,0,-2.9979,8.9202,4.5187
4.2759,0,0,-3.5166,9.3627,3.4288
4.2759,0,0,-4.1101,9.8079,2.1816
4.2759,0,0,-4.5727,10.256,1.2096
4.2759,0,0,-4.747,10.707,0.84324
4.2759,0,0,-4.9014,11.158,0.51889
4.2759,0,0,-5.1219,11.61,0.055625
4.2759,0,0,-5.3277,12.063,0
4.2759,0,0,-5.3455,12.517,0
4.2759,0,0,-5.5475,12.972,0
4.2759,0,0,-5.8446,13.427,0
4.2759,0,0,-6.3451,13.884,0
4.2759,0,0,-6.8769,14.343,0
4.2759,0,0,-6.9972,14.805,0
4.2759,0,0,-6.5481,15.268,0
4.2759,0,0,-5.7443,15.728,0
4.2759,0,0,-4.0266,16.184,2.3569
4.2759,0,0,-8.8,16.632,0
4.2759,0,0,-8.8,17.104,0
4.2759,0,0,-8.8,17.575,0
4.2759,0,0,-8.8,18.047,0
4.2759,0,0,-11.064,18.519,0
4.2759,0,0,-16.719,19.001,0
4.2759,0,0,-32.744,19.513,0
4.2759,0,0,-149.14,20.104,0
4.2759,0,0,-72.28,21.277,0
4.2759,0,0,-893.08,22.066,0
4.2759,0,0,-8.8,26.959,0
4.2759,0,0,-8.8,27.431,0
4.2759,0,0,-8.8,27.902,0
4.2759,0,0,-8.8,28.374,0
4.2759,0,0,-8.8,28.846,0
4.2759,0,0,-8.8,29.317,0
4.2759,0,0,-8.8,29.789,0
4.2759,0,0,-9.0004,30.26,0
-3.9926,0,1.8767,-16.007,0.44567,0
-3.9926,0,0,-48.035,0.12645,0
-3.9926,0,0,-354.27,-0.032633,0
-3.9926,0,0,-8.8,1.3394,9.2774
-3.9926,0,0,-8.8,0.98419,9.2774
-3.0498,0,1.8733,-8.8,0.86772,3.4085
-3.0498,0,0,-8.8,0.60674,7.3447
-3.0498,0,0,-8.8,0.34576,7.3447
-3.0498,0,0,-18.234,0.084776,0
-3.0498,0,0,-321.86,-0.12904,0
-3.0498,0,0,-8.8,1.1753,7.3447
-3.0498,0,0,-8.8,0.9143,7.3447
-3.0498,0,0,-8.8,0.65332,7.3447
-3.0498,0,0,-8.8,0.39234,7.3447
-3.0498,0,0,-8.8,0.13136,7.3447
-1.4233,0,1.4959,-8.8,0.6731,0.86711
-1.4233,0,0,-8.8,0.57476,4.0105
-1.4233,0,0,-8.8,0.47643,4.0105
-1.4233,0,0,-8.8,0.37809,4.0105
-1.4233,0,0,-8.8,0.27976,4.0105
-1.4233,0,0,-8.8,0.18143,4.0105
-1.4233,0,0,-8.8,0.083092,4.0105
-1.4233,0,0,-8.8,-0.015242,4.0105
-0.2926,0,1.5235,-8.8,0.35516,0
-0.2926,0,0,-8.8,0.3699,1.6924
-0.2926,0,0,-8.8,0.38464,1.6924
-0.2926,0,0,-8.8,0.39938,1.6924
-0.2926,0,0,-8.8,0.41412,1.6924
-0.2926,0,0,-8.8,0.42886,1.6924
-0.2926,0,0,-8.8,0.4436,1.6924
