17.792,17.792,-0.47322,0,35.5,1.6063
17.792,17.792,0,-0.0036835,35.5,0
17.792,17.792,0,-0.0092548,35.5,0
17.792,17.791,0,-0.013969,35.5,0
17.792,17.79,0,-0.01903,35.5,0
17.545,17.788,-0.47035,-0.02332,35.455,2.2899
17.545,17.785,0,-0.028439,35.431,0.45146
17.545,17.782,0,-0.033279,35.407,0.43285
17.545,17.779,0,-0.037777,35.384,0.41419
17.545,17.775,0,-0.040906,35.361,0.39807
17.307,17.771,-0.38692,-0.044975,35.277,2.5038
17.307,17.767,0,-0.048199,35.231,0.91531
17.307,17.762,0,-0.050559,35.185,0.89657
17.307,17.757,0,-0.053466,35.14,0.87577
17.17,17.752,-0.26029,-0.056875,35.079,2.2149
17.17,17.746,0,-0.058338,35.021,1.1776
17.17,17.74,0,-0.059438,34.964,1.1592
17.17,17.734,0,-0.060762,34.907,1.1399
17.17,17.728,0,-0.061993,34.851,1.1207
17.17,17.722,0,-0.062674,34.795,1.1029
17.17,17.715,0,-0.064278,34.74,1.0822
17.17,17.709,0,-0.06472,34.686,1.0647
17.17,17.703,0,-0.064976,34.632,1.0477
17.17,17.696,0,-0.064793,34.58,1.032
17.17,17.69,0,-0.063977,34.527,1.0183
17.17,17.683,0,-0.064052,34.476,1.0022
17.17,17.677,0,-0.064322,34.425,0.98554
17.17,17.67,0,-0.063615,34.374,0.97173
17.17,17.664,0,-0.062367,34.324,0.95973
17.17,17.658,0,-0.061806,34.275,0.94602
17.065,17.652,0.10438,-0.059741,34.078,0.89178
17.065,17.646,0,-0.058742,34.02,1.1868
17.076,17.64,0.10816,-0.057787,33.949,0.83531
17.076,17.634,0,-0.055285,33.893,1.1411
17.105,17.628,0.10769,-0.053905,33.831,0.75403
17.105,17.623,0,-0.052141,33.779,1.0492
17.105,17.618,0,-0.049811,33.727,1.0433
17.105,17.613,0,-0.047388,33.676,1.0381
17.105,17.608,0,-0.045972,33.626,1.0305
17.105,17.604,0,-0.043704,33.576,1.0259
17.105,17.599,0,-0.041866,33.526,1.0205
17.105,17.595,0,-0.041009,33.477,1.0126
17.105,17.591,0,-0.039173,33.428,1.0079
17.105,17.587,0,-0.037008,33.38,1.0047
17.105,17.583,0,-0.034563,33.332,1.0028
17.267,17.58,0.13064,-0.032838,33.362,0.29734
17.275,17.577,0.13449,-0.031786,33.325,0.27048
17.275,17.573,0,-0.029772,33.295,0.58298
17.275,17.57,0,-0.02852,33.265,0.57939
17.275,17.568,0,-0.026916,33.235,0.57704
17.275,17.565,0,-0.025621,33.206,0.57423
17.275,17.562,0,-0.023539,33.177,0.57382
17.275,17.56,0,-0.02222,33.149,0.57187
17.275,17.558,0,-0.021498,33.12,0.56862
17.275,17.556,0,-0.019297,33.092,0.5695
17.275,17.554,0,-0.017034,33.064,0.57105
17.275,17.552,0,-0.014677,33.036,0.5734
17.275,17.55,0,-0.012195,33.009,0.57665
17.275,17.549,0,-0.01046,32.981,0.57847
17.275,17.548,0,-0.0099873,32.954,0.5773
17.275,17.547,0,-0.0088221,32.926,0.57811
17.275,17.546,0,-0.0070183,32.899,0.58092
17.275,17.546,0,-0.0055555,32.872,0.58324
17.512,17.545,0.07873,-0.0035343,33.042,0
17.512,17.545,0,-0.0020969,33.039,0.063354
17.512,17.544,0,-0.0023144,33.036,0.062445
17.512,17.544,0,-0.0014775,33.032,0.06378
17.538,17.544,-0.023833,-0.00061912,33.034,0.0624
17.538,17.544,0,-0.00032546,33.034,0.011112
17.538,17.544,0,-0.00061543,33.033,0.010433
17.538,17.544,0,-0.0011373,33.033,0.0092048
17.538,17.544,0,-0.0023553,33.032,0.006406
17.538,17.544,0,-0.0046934,33.032,0.001021
17.538,17.543,0,-0.0066709,33.031,0
17.538,17.542,0,-0.0087208,33.031,0
17.538,17.542,0,-0.012031,33.03,0
17.538,17.54,0,-0.016336,33.03,0
17.538,17.539,0,-0.019718,33.03,0
17.538,17.537,0,-0.023411,33.03,0
17.538,17.534,0,-0.027204,33.03,0
17.538,17.532,0,-0.030665,33.031,0
17.538,17.529,0,-0.033972,33.032,0
17.538,17.525,0,-0.039238,33.033,0
17.538,17.521,0,-0.044374,33.034,0
17.538,17.517,0,-0.048196,33.036,0
17.538,17.512,0,-0.052587,33.038,0
17.538,17.507,0,-0.055153,33.041,0
17.538,17.501,0,-0.059073,33.045,0
17.538,17.495,0,-0.063728,33.049,0
17.538,17.489,0,-0.06734,33.053,0
17.538,17.482,0,-0.072332,33.059,0
17.538,17.475,0,-0.076424,33.065,0
17.538,17.467,0,-0.081157,33.071,0
17.538,17.459,0,-0.084162,33.079,0
17.538,17.451,0,-0.087801,33.087,0
16.624,17.442,-0.40812,-0.090887,32.091,3.639
16.624,17.433,0,-0.094797,32.01,1.6721
16.624,17.424,0,-0.097702,31.93,1.6363
16.624,17.414,0,-0.10103,31.85,1.5985
16.624,17.404,0,-0.10401,31.772,1.5613
16.624,17.393,0,-0.1068,31.694,1.5242
16.624,17.383,0,-0.10912,31.618,1.4881
16.624,17.372,0,-0.11022,31.542,1.4558
16.624,17.361,0,-0.11066,31.468,1.4254
16.624,17.35,0,-0.11157,31.395,1.3936
16.624,17.338,0,-0.11138,31.323,1.3652
16.624,17.327,0,-0.11015,31.252,1.3404
16.624,17.316,0,-0.10942,31.183,1.3143
16.624,17.305,0,-0.10961,31.114,1.2856
16.624,17.294,0,-0.10965,31.046,1.2575
16.624,17.283,0,-0.10915,30.98,1.2311
16.624,17.272,0,-0.10816,30.914,1.2065
16.624,17.262,0,-0.10831,30.85,1.1788
16.624,17.251,0,-0.10812,30.787,1.1521
16.624,17.24,0,-0.10675,30.725,1.1292
16.624,17.229,0,-0.10668,30.664,1.1028
16.624,17.219,0,-0.1056,30.604,1.0796
16.624,17.208,0,-0.10352,30.545,1.0596
16.624,17.198,0,-0.10065,30.487,1.0426
16.624,17.188,0,-0.098716,30.43,1.0235
16.624,17.178,0,-0.096802,30.374,1.0048
16.624,17.168,0,-0.094828,30.319,0.9869
16.624,17.159,0,-0.092456,30.265,0.97062
16.624,17.149,0,-0.090739,30.212,0.95304
16.624,17.14,0,-0.089248,30.16,0.93527
16.624,17.131,0,-0.085493,30.109,0.9244
16.47,17.123,0.10989,-0.082208,29.381,0.97172
16.47,17.115,0,-0.080076,29.316,1.2843
16.47,17.107,0,-0.079369,29.252,1.2659
16.47,17.099,0,-0.077859,29.189,1.2503
16.47,17.091,0,-0.07845,29.127,1.2284
16.47,17.083,0,-0.079564,29.065,1.2048
16.47,17.075,0,-0.082056,29.004,1.1768
16.47,17.067,0,-0.084536,28.944,1.1483
16.47,17.058,0,-0.086017,28.885,1.1225
16.47,17.05,0,-0.089568,28.826,1.0902
16.343,17.041,-0.18848,-0.090608,28.757,2.1097
16.343,17.032,0,-0.092309,28.687,1.3602
16.343,17.023,0,-0.094966,28.619,1.3276
16.343,17.013,0,-0.097386,28.551,1.2954
16.259,17.003,-0.22576,-0.098055,28.462,2.3894
16.259,16.994,0,-0.10081,28.388,1.452
16.259,16.983,0,-0.10243,28.315,1.4202
16.259,16.973,0,-0.10597,28.243,1.3819
16.259,16.963,0,-0.11,28.172,1.3415
16.259,16.952,0,-0.11424,28.103,1.2997
16.259,16.94,0,-0.11785,28.034,1.2592
16.259,16.928,0,-0.1199,27.966,1.2231
16.259,16.916,0,-0.12107,27.9,1.1893
16.259,16.904,0,-0.12341,27.835,1.1519
16.259,16.892,0,-0.12331,27.771,1.1215
16.259,16.88,0,-0.12394,27.708,1.0891
16.259,16.867,0,-0.12503,27.647,1.0555
16.259,16.855,0,-0.12596,27.587,1.0222
16.259,16.842,0,-0.12591,27.528,0.9918
16.259,16.83,0,-0.12472,27.47,0.96481
16.259,16.817,0,-0.12338,27.414,0.9386
16.259,16.805,0,-0.11879,27.359,0.92194
16.259,16.793,0,-0.1149,27.305,0.90442
16.259,16.781,0,-0.10912,27.252,0.89313
16.259,16.77,0,-0.1051,27.2,0.87831
16.259,16.76,0,-0.10131,27.149,0.86379
16.259,16.75,0,-0.097755,27.1,0.84954
16.259,16.74,0,-0.093472,27.051,0.83817
16.259,16.731,0,-0.08786,27.004,0.83152
16.259,16.722,0,-0.081891,26.957,0.82721
16.259,16.714,0,-0.077681,26.911,0.81942
16.259,16.706,0,-0.072183,26.866,0.81624
16.259,16.699,0,-0.06679,26.822,0.8141
16.259,16.692,0,-0.060835,26.778,0.81485
16.309,16.686,0.29091,-0.05568,26.244,0.10695
16.309,16.68,0,-0.052008,26.206,0.69362
16.309,16.675,0,-0.046949,26.17,0.69519
16.309,16.671,0,-0.041034,26.133,0.70033
16.309,16.666,0,-0.036992,26.097,0.70175
16.309,16.663,0,-0.030681,26.062,0.71047
16.309,16.66,0,-0.026616,26.026,0.71449
16.309,16.657,0,-0.020478,25.991,0.72536
16.555,16.655,0.3474,-0.014888,26,0
16.555,16.653,0,-0.010217,25.99,0.18304
16.555,16.652,0,-0.0061701,25.98,0.19014
16.555,16.652,0,-0.0024892,25.971,0.19733
16.555,16.652,0,0.0071154,25.961,0.21932
16.555,16.652,0,0.018723,25.952,0.24871
16.555,16.654,0,0.033878,25.942,0.29025
16.555,16.658,0,0.046788,25.932,0.33069
16.555,16.662,0,0.057208,25.921,0.36855
16.555,16.668,0,0.064318,25.91,0.40071
16.555,16.674,0,0.071245,25.899,0.43451
16.555,16.681,0,0.078082,25.886,0.47018
16.555,16.689,0,0.089464,25.873,0.52085
16.555,16.698,0,0.099075,25.86,0.57021
16.993,16.708,0.20498,0.10172,26.182,0
16.993,16.718,0,0.10802,26.21,0
16.993,16.729,0,0.10726,26.237,0
17.048,16.74,0.052194,0.1098,26.274,0
17.048,16.751,0,0.1058,26.305,0
17.048,16.761,0,0.10484,26.334,0
17.048,16.772,0,0.098802,26.362,0
17.044,16.782,0.0010274,0.093612,26.407,0
17.044,16.791,0,0.089607,26.432,0
17.044,16.8,0,0.087891,26.457,0
17.045,16.809,-0.015866,0.084102,26.487,0
17.045,16.817,0,0.0783,26.51,0
17.045,16.825,0,0.072196,26.532,0
17.045,16.832,0,0.068874,26.554,0
17.045,16.839,0,0.071047,26.575,0
17.045,16.846,0,0.073039,26.595,0
17.045,16.854,0,0.073441,26.614,0
17.045,16.861,0,0.073624,26.633,0
17.045,16.868,0,0.073615,26.651,0
17.045,16.876,0,0.068757,26.668,0
17.06,16.883,-0.022764,0.063093,26.667,0
17.06,16.889,0,0.063036,26.684,0
17.06,16.895,0,0.060991,26.701,0
17.06,16.901,0,0.056217,26.717,0
17.06,16.907,0,0.058398,26.733,0
17.06,16.913,0,0.05408,26.748,0
17.06,16.918,0,0.056925,26.762,0
17.06,16.924,0,0.059174,26.776,0
17.06,16.93,0,0.06298,26.789,0
17.06,16.936,0,0.062563,26.802,0
17.06,16.942,0,0.064545,26.814,0
17.06,16.949,0,0.059233,26.826,0
17.06,16.955,0,0.054053,26.836,0
17.08,16.96,-0.39654,0.042754,26.851,1.0686
17.08,16.964,0,0.024105,26.862,0
17.08,16.967,0,0.0032849,26.874,0
16.909,16.967,-0.65971,-0.0084789,26.857,2.7893
16.909,16.966,0,-0.017825,26.851,0.081224
16.774,16.965,-0.68438,-0.027569,26.814,3.3415
16.774,16.962,0,-0.036205,26.796,0.31556
16.774,16.958,0,-0.044226,26.777,0.28885
16.774,16.954,0,-0.052377,26.759,0.26059
16.774,16.948,0,-0.059966,26.741,0.23239
16.774,16.942,0,-0.066479,26.724,0.20546
16.774,16.936,0,-0.070956,26.708,0.18197
16.774,16.929,0,-0.076307,26.692,0.15603
16.774,16.921,0,-0.079867,26.677,0.13308
16.774,16.913,0,-0.082624,26.662,0.1113
16.774,16.905,0,-0.087686,26.649,0.084629
16.774,16.896,0,-0.090089,26.636,0.062534
16.774,16.887,0,-0.09501,26.625,0.035404
16.774,16.878,0,-0.098619,26.614,0.010204
16.774,16.868,0,-0.10321,26.604,0
16.774,16.857,0,-0.10548,26.595,0
16.774,16.847,0,-0.10906,26.587,0
16.774,16.836,0,-0.111,26.581,0
16.774,16.825,0,-0.11359,26.575,0
16.774,16.813,0,-0.11732,26.571,0
16.774,16.802,0,-0.12005,26.567,0
16.774,16.79,0,-0.12576,26.565,0
16.774,16.777,0,-0.13258,26.564,0
16.774,16.764,0,-0.13879,26.565,0
16.774,16.75,0,-0.147,26.566,0
16.774,16.735,0,-0.15753,26.57,0
16.774,16.72,0,-0.16841,26.574,0
16.774,16.703,0,-0.17709,26.581,0
16.774,16.685,0,-0.18802,26.589,0
16.774,16.666,0,-0.19671,26.599,0
16.774,16.647,0,-0.20782,26.61,0
16.774,16.626,0,-0.21858,26.624,0
16.774,16.604,0,-0.22972,26.64,0
15.155,16.581,-0.69077,-0.23827,24.237,7.2521
15.155,16.557,0,-0.24662,24.096,2.7956
15.155,16.532,0,-0.25589,23.957,2.6853
15.155,16.507,0,-0.26432,23.821,2.5773
15.155,16.48,0,-0.27444,23.687,2.4624
15.155,16.453,0,-0.28574,23.556,2.3423
15.155,16.424,0,-0.29807,23.427,2.2179
15.155,16.395,0,-0.30897,23.302,2.0979
15.155,16.364,0,-0.3212,23.18,1.9734
15.155,16.332,0,-0.33344,23.06,1.8487
15.155,16.298,0,-0.34966,22.944,1.7121
15.155,16.263,0,-0.36796,22.832,1.5701
15.155,16.226,0,-0.39326,22.723,1.4101
15.155,16.187,0,-0.42196,22.618,1.2447
15.155,16.145,0,-0.45515,22.517,1.074
15.155,16.099,0,-0.4907,22.42,0.90638
15.155,16.05,0,-0.52718,22.328,0.74791
15.155,15.998,0,-0.56574,22.241,0.6002
15.155,15.941,0,-0.60089,22.16,0.47293
15.155,15.881,0,-0.63437,22.084,0.36487
15.155,15.818,0,-0.66787,22.015,0.27697
12.584,15.751,-1.304,-0.69999,19.786,19.851
12.584,15.681,0,-0.72987,19.472,6.1333
12.584,15.608,0,-0.7558,19.166,5.7423
12.584,15.532,0,-0.77991,18.868,5.3638
12.584,15.454,0,-0.80227,18.577,4.9981
12.584,15.374,0,-0.81773,18.294,4.6687
12.584,15.292,0,-0.83486,18.019,4.3383
12.584,15.209,0,-0.85139,17.752,4.0174
12.584,15.124,0,-0.86889,17.494,3.7008
12.584,15.037,0,-0.88306,17.244,3.4052
12.584,14.948,0,-0.90235,17.003,3.1024
12.584,14.858,0,-0.92187,16.771,2.8108
11.596,14.766,-0.68297,-0.93979,15.875,10.085
11.596,14.672,0,-0.95762,15.562,4.9593
11.596,14.576,0,-0.97584,15.259,4.5814
11.596,14.479,0,-0.99278,14.966,4.2191
11.596,14.379,0,-1.0133,14.683,3.8552
11.596,14.278,0,-1.0285,14.41,3.5231
11.596,14.175,0,-1.0452,14.147,3.2003
11.596,14.071,0,-1.0621,13.894,2.8926
11.596,13.964,0,-1.0821,13.652,2.5949
10.942,13.856,-0.7268,-1.1027,13.133,8.0908
10.942,13.746,0,-1.1226,12.847,3.5322
10.942,13.634,0,-1.1455,12.572,3.1782
10.942,13.519,0,-1.1668,12.309,2.8507
10.942,13.402,0,-1.1887,12.057,2.5456
10.942,13.284,0,-1.2122,11.817,2.2649
10.942,13.162,0,-4.4,11.589,87.883
10.942,12.722,0,-4.4,11.389,118.09
10.942,12.282,0,-4.4,11.233,162.94
10.942,11.842,0,-5.2,11.121,0
10.942,11.322,0,-5.2,11.057,0
10.942,10.802,0,-0.50486,11.045,0
10.942,10.752,0,-5.2,11.062,0
10.942,10.232,0,-0.41081,11.107,0
10.942,10.191,0,-5.2,11.18,0
10.942,9.6708,0,-0.32546,11.281,0
10.942,9.6383,0,-0.38901,11.41,0
10.942,9.5994,0,-0.44774,11.542,0.29884
10.942,9.5546,0,-5.2,11.679,0
8.2016,9.0346,-1.3547,-0.33294,9.6034,10.351
8.0743,9.0013,-1.238,-0.37458,9.517,9.0908
8.0743,8.9638,0,-5.2,9.4262,223.47
8.0743,8.4438,0,-0.23863,9.3632,0.26486
8.0743,8.42,0,-0.27368,9.3274,0.16204
8.0743,8.3926,0,-0.30301,9.2942,0.072603
8.0743,8.3623,0,-5.2,9.2639,222.24
8.0743,7.8423,0,-0.15568,9.2611,0
8.0743,7.8267,0,-0.18229,9.2851,0
8.0743,7.8085,0,-0.20879,9.3108,0
8.0743,7.7876,0,-0.23942,9.3384,0
8.0743,7.7637,0,-5.2,9.3682,221.01
8.0743,7.2437,0,-0.10422,9.4253,0
6.8561,7.2333,-1.1304,-0.13797,8.7602,7.0984
6.8561,7.2195,0,-0.17777,8.7232,0.37134
6.8561,7.2017,0,-0.21599,8.6878,0.2603
6.4978,7.1801,-1.3264,-0.25482,8.609,9.8892
6.4978,7.1546,0,-5.2,8.542,66.984
6.4978,6.6346,0,-0.14901,8.5024,0
6.0483,6.6197,-1.7888,-0.20239,8.4296,16.69
6.0483,6.5995,0,-0.2634,8.3735,0.57646
6.0483,6.5731,0,-0.32896,8.3197,0.39825
6.0483,6.5402,0,-5.2,8.2688,48.262
6.0483,6.0202,0,-0.26686,8.2456,0
6.0483,5.9935,0,-0.35122,8.2498,0
6.0483,5.9584,0,-8.8,8.257,39.505
6.0483,5.0784,0,-0.20577,8.31,0
4.0753,5.0578,-3.3856,-0.30075,7.7219,11.286
4.0753,5.0278,0,-0.40227,7.6252,1.1169
4.0753,4.9875,0,-8.8,7.5319,0.53415
4.0753,4.1075,0,-0.28445,7.4847,0
4.0753,4.0791,0,-0.38734,7.4829,0
4.0753,4.0404,0,-0.49832,7.4845,0
1.8304,3.9905,-4.3871,-8.8,6.8483,0
1.8304,3.1105,0,-0.39785,6.6763,1.9118
1.8304,3.0708,0,-8.8,6.5502,0
1.8304,2.1908,0,-0.28927,6.4702,0.16419
1.8304,2.1618,0,-0.37172,6.4356,0.014655
1.8304,2.1247,0,-8.8,6.4043,0
1.8304,1.2447,0,-0.22388,6.4189,0
1.8304,1.2223,0,-8.8,6.4786,0
1.8304,0.34227,0,-6.091,6.5834,0
1.8304,0,0,-8.8,6.7627,0
1.8304,0,0,-8.8,6.9897,0
1.8304,0,0,-8.8,7.2167,0
1.8304,0,0,-8.808,7.4438,0
1.8304,0,0,-9.1344,7.6708,0
1.8304,0,0,-9.7196,7.8995,0
1.8304,0,0,-11.04,8.1312,0
1.8304,0,0,-13.849,8.3694,0
1.8304,0,0,-19.512,8.6217,0
-7.2013,0,-3.2418,-33.793,0.84872,0
-7.2013,0,0,-107.26,0.29756,0
-7.8357,0,-3.0353,-750.26,0.041084,0
-8.1414,0,-2.6039,-13.709,2.9843,0
-8.1414,0,0,-18.06,2.2387,0
-8.1414,0,0,-27.268,1.5149,0
-8.1414,0,0,-54.767,0.83706,0
-8.1414,0,0,-338.66,0.29675,0
-8.1414,0,0,-45.437,1.1759,0
-8.1414,0,0,-171.62,0.58894,0
-8.1414,0,0,-228.61,0.63291,0
-8.1414,0,0,-102.45,0.96183,0
-8.1414,0,0,-5358.5,0.65992,0
-8.1414,0,0,7.8,26.638,35.553
-8.1414,0.78,0,7.8,25.785,37.152
-8.1414,1.56,0,7.8,24.854,38.751
-8.1414,2.34,0,-0.25775,23.845,23.419
-8.1414,2.3142,0,-0.2752,22.798,23.33
-8.1414,2.2867,0,-0.29376,21.754,23.234
-8.1414,2.2573,0,-0.31373,20.712,23.132
-8.1414,2.226,0,-0.33596,19.674,23.021
-8.6389,2.1924,0.91614,-0.36152,17.115,21.993
-8.5387,2.1562,0.8576,-0.39047,16.034,21.776
-8.5387,2.1172,0,-0.42377,14.966,23.428
-8.5387,2.0748,0,-0.46189,13.903,23.261
-8.3118,2.0286,0.47629,-0.50669,12.89,21.606
-8.3118,1.9779,0,-0.56034,11.858,22.39
-8.3118,1.9219,0,-0.62423,10.832,22.141
-8.3118,1.8595,0,-0.70078,9.8117,21.852
-8.1527,1.7894,0.070904,-0.79563,8.82,21.034
-8.1494,1.7098,-0.026343,-0.91373,7.8326,20.821
-8.1494,1.6185,0,-1.0652,6.8512,20.26
-8.1494,1.5119,0,-1.2622,5.8798,19.627
-8.1494,1.3857,0,-9.3352,4.92,2.4051
-8.1494,0.4522,0,-9.1272,4.0131,0.92839
-8.1494,0,0,-10.071,3.1986,0
-8.1494,0,0,-13.084,2.434,0
-8.1494,0,0,-18.905,1.6845,0
-8.1494,0,0,-32.547,0.96411,0
-7.9384,0,0.6572,-97.126,0.32223,0
-7.9384,0,0,-1585.7,0.014024,0
-7.9384,0,0,0.60033,7.1488,20.009
-7.9384,0.060033,0,0.66016,6.3519,20.258
-7.9384,0.12605,0,0.68695,5.5488,20.449
-7.9384,0.19474,0,-8.8,4.7389,0.65568
-7.9384,0,0,-8.8,3.9696,0.25646
-7.9384,0,0,-8.8,3.2198,0.25646
-7.9384,0,0,-10.852,2.4699,0
-7.9384,0,0,-14.891,1.7304,0
-7.9384,0,0,-23.039,1.011,0
-7.9384,0,0,-47.234,0.33233,0
-7.9384,0,0,-292.12,-0.22534,0
-7.9384,0,0,-38.572,0.44144,0
-7.9384,0,0,-147.05,-0.15953,0
-7.9384,0,0,-213.59,-0.21813,0
-7.9384,0,0,-84.039,0.055982,0
-7.9384,0,0,9.8,0.68717,39.34
-7.9384,0.98,0,-477.54,-0.15567,0
-7.9384,0,0,-27.919,1.3402,0
-7.9384,0,0,-56.621,0.68594,0
-7.9384,0,0,-382.06,0.17521,0
-7.9384,0,0,-42.879,1.2917,0
-7.9384,0,0,-133.75,0.71221,0
-7.9384,0,0,-961.8,0.58714,0
-7.9384,0,0,-13.821,4.6023,0
-7.9384,0,0,-17.733,3.8776,0
-10.109,0,0.36335,-25.375,1.9852,0
-10.109,0,0,-44.829,1.1012,0
-10.109,0,0,-147.78,0.31443,0
-10.109,0,0,-548.65,0.042424,0
-9.6437,0,1.8992,-23.076,1.8619,0
-9.6437,0,0,-41.856,1.0129,0
-9.6437,0,0,-141,0.25781,0
-9.6437,0,0,-521.8,-0.0015351,0
-9.6437,0,0,-20.483,1.6431,0
-9.6437,0,0,-36.59,0.78111,0
-9.6437,0,0,-112.82,-0.00030764,0
-8.4333,0,1.3684,-784,0.045278,0
-8.4333,0,0,-9.7099,3.122,0
-8.4333,0,0,-12.916,2.3272,0
-8.4333,0,0,-18.953,1.5484,0
-8.4333,0,0,-33.841,0.79988,0
-8.4333,0,0,-103.55,0.12575,0
-8.4333,0,0,-901.26,-0.19984,0
-8.4333,0,0,-8.8,3.4631,1.2711
-8.4333,0,0,-8.8,2.6638,1.2711
-8.4333,0,0,-10.974,1.8644,0
-8.4333,0,0,-15.552,1.076,0
-8.4333,0,0,-25.51,0.31042,0
-8.4333,0,0,-63.46,-0.40536,0
-8.4333,0,0,9.8,0.069705,40.354
-8.4333,0.98,0,-130.44,-0.82262,0
-8.4333,0,0,-232.32,-1.1118,0
-6.8492,0,0.841,-39.748,0.57789,0
-6.8492,0,0,-218.39,0.091708,0
-6.8492,0,0,-42.48,0.49874,0
-6.8492,0,0,-342.83,0.026223,0
-6.8492,0,0,-17.96,1.0555,0
-6.8492,0,0,-35.827,0.46034,0
-6.8492,0,0,-208.78,-0.045444,0
-6.2621,0,0.77038,-37.182,0.51662,0
-6.1893,0,0.77888,-253.35,0.07537,0
-6.1893,0,0,-25.076,0.72318,0
-6.1893,0,0,-73.96,0.22963,0
-6.1893,0,0,-1041,-0.019497,0
-6.1893,0,0,-8.8,4.5664,0
-6.1893,0,0,-8.8,3.9915,0
-5.7134,0,0.78248,-8.8,3.5586,0
-5.627,0,0.77492,-8.8,3.0327,0
-5.627,0,0,-8.8,2.514,0
-5.627,0,0,-8.8,1.9953,0
-5.627,0,0,-8.8773,1.4766,0
-5.627,0,0,-13.213,0.95825,0
-5.627,0,0,-23.969,0.46161,0
-5.627,0,0,-79.724,0.01876,0
-5.627,0,0,-310.87,-0.14532,0
-5.627,0,0,-11.467,0.84633,0
-5.627,0,0,-19.256,0.34097,0
-5.627,0,0,-53.731,-0.12545,0
-5.627,0,0,-2033.4,-0.41949,0
-5.627,0,0,0.52342,9.1846,15.109
-5.627,0.052342,0,0.53551,8.6193,15.242
-5.627,0.10589,0,0.50818,8.0486,15.294
-5.627,0.15671,0,0.62194,7.4728,15.637
