23.889,23.889,-0.21882,0,35.5,0.58489
23.889,23.889,0,-0.0020452,35.5,0
23.889,23.889,0,-0.0044089,35.5,0
23.889,23.888,0,-0.0057348,35.5,0
23.889,23.888,0,-0.0071295,35.5,0
23.815,23.887,-0.14482,-0.0095321,35.49,0.5067
23.815,23.886,0,-0.010049,35.483,0.12632
23.815,23.885,0,-0.011307,35.476,0.12141
23.815,23.884,0,-0.012728,35.469,0.11589
23.815,23.883,0,-0.014824,35.462,0.10861
23.815,23.881,0,-0.016812,35.455,0.10117
23.815,23.879,0,-0.017877,35.449,0.095344
23.815,23.878,0,-0.020254,35.442,0.086488
23.815,23.876,0,-0.022677,35.436,0.077096
23.815,23.873,0,-0.025399,35.43,0.06663
23.815,23.871,0,-0.026147,35.424,0.05983
23.815,23.868,0,-0.028048,35.419,0.050482
23.815,23.865,0,-0.030962,35.414,0.038698
23.815,23.862,0,-0.033028,35.409,0.028156
23.815,23.859,0,-0.033735,35.404,0.02003
23.815,23.856,0,-0.034329,35.4,0.012017
23.815,23.852,0,-0.033263,35.396,0.0072651
23.815,23.849,0,-0.03352,35.392,5.7036e-05
23.815,23.846,0,-0.032974,35.389,0
23.815,23.842,0,-0.033321,35.386,0
23.815,23.839,0,-0.034196,35.384,0
23.574,23.835,-0.0025712,-0.035192,35.065,0.4902
23.574,23.832,0,-0.035642,35.039,0.47447
23.574,23.828,0,-0.034792,35.014,0.46855
23.574,23.825,0,-0.033916,34.989,0.4629
23.574,23.822,0,-0.033346,34.964,0.45668
23.574,23.818,0,-0.034895,34.939,0.44525
23.574,23.815,0,-0.036346,34.915,0.43377
23.574,23.811,0,-0.036361,34.891,0.42558
23.529,23.807,-0.037542,-0.037756,34.839,0.61519
23.529,23.804,0,-0.038277,34.811,0.50447
23.529,23.8,0,-0.038529,34.784,0.49511
23.529,23.796,0,-0.038411,34.757,0.48666
23.529,23.792,0,-0.038614,34.731,0.47744
23.529,23.788,0,-0.03788,34.704,0.47057
23.529,23.784,0,-0.039282,34.679,0.45847
23.499,23.781,-0.088674,-0.03858,34.635,0.77093
23.499,23.777,0,-0.040419,34.607,0.50716
23.499,23.773,0,-0.039998,34.579,0.49904
23.499,23.769,0,-0.039466,34.552,0.49131
23.499,23.765,0,-0.039444,34.525,0.48242
23.499,23.761,0,-0.039912,34.499,0.47231
23.499,23.757,0,-0.040551,34.473,0.46169
23.499,23.753,0,-0.0403,34.447,0.45318
23.499,23.749,0,-0.040836,34.422,0.44279
23.499,23.745,0,-0.042043,34.397,0.43063
23.499,23.74,0,-0.044014,34.373,0.41637
23.499,23.736,0,-0.045086,34.349,0.40395
23.499,23.731,0,-0.048209,34.326,0.38636
23.499,23.727,0,-0.051753,34.303,0.36722
23.499,23.721,0,-0.051568,34.28,0.35632
23.499,23.716,0,-0.053587,34.258,0.34028
23.499,23.711,0,-0.053179,34.237,0.32959
23.499,23.706,0,-0.051675,34.216,0.32158
23.499,23.7,0,-0.050779,34.195,0.31248
23.499,23.695,0,-0.052139,34.175,0.29834
23.499,23.69,0,-0.053553,34.156,0.28386
23.499,23.685,0,-0.055734,34.137,0.2674
23.499,23.679,0,-0.058059,34.119,0.25028
23.499,23.673,0,-0.061596,34.101,0.23009
23.499,23.667,0,-0.064786,34.084,0.21012
23.499,23.661,0,-0.06756,34.067,0.19058
23.166,23.654,-0.19348,-0.06939,33.734,1.5904
23.166,23.647,0,-0.07017,33.686,0.9047
23.166,23.64,0,-0.071701,33.638,0.88325
23.166,23.633,0,-0.072686,33.591,0.8631
23.166,23.626,0,-0.073755,33.545,0.84257
23.166,23.618,0,-0.07634,33.499,0.81763
23.166,23.611,0,-0.078421,33.454,0.79366
23.166,23.603,0,-0.080418,33.41,0.76958
23.166,23.595,0,-0.081101,33.367,0.74875
23.166,23.587,0,-0.081845,33.325,0.7277
23.166,23.578,0,-0.083928,33.283,0.703
23.166,23.57,0,-0.087515,33.242,0.67402
23.166,23.561,0,-0.091063,33.202,0.6446
23.166,23.552,0,-0.095494,33.163,0.61241
23.166,23.543,0,-0.099851,33.125,0.57977
23.166,23.533,0,-0.10454,33.088,0.54573
23.166,23.522,0,-0.10836,33.052,0.5132
23.166,23.511,0,-0.11256,33.017,0.47933
23.166,23.5,0,-0.11813,32.983,0.44178
22.659,23.488,-0.46202,-0.12398,32.576,3.824
22.659,23.476,0,-0.12886,32.494,1.5774
22.566,23.463,-0.45247,-0.13511,32.406,3.9577
22.566,23.45,0,-0.14026,32.317,1.7174
22.566,23.436,0,-0.14615,32.229,1.6595
22.566,23.421,0,-0.1524,32.143,1.5996
22.566,23.406,0,-0.15973,32.058,1.5353
22.566,23.39,0,-0.16497,31.975,1.4767
22.566,23.373,0,-0.17148,31.893,1.4135
22.566,23.356,0,-0.17926,31.813,1.3457
22.566,23.338,0,-0.18486,31.735,1.2837
22.566,23.32,0,-0.1906,31.659,1.2208
22.566,23.301,0,-0.19601,31.585,1.1584
22.566,23.281,0,-0.20216,31.512,1.0937
22.566,23.261,0,-0.20557,31.442,1.0361
22.566,23.24,0,-0.20744,31.373,0.9827
22.566,23.219,0,-0.21004,31.307,0.92758
22.566,23.198,0,-0.21387,31.242,0.8695
22.566,23.177,0,-0.2154,31.18,0.81725
22.566,23.156,0,-0.21921,31.12,0.75977
22.566,23.134,0,-0.22306,31.062,0.70233
22.566,23.111,0,-0.22603,31.007,0.64714
21.731,23.089,-0.22965,-0.22811,30.003,3.8381
21.731,23.066,0,-0.22841,29.869,2.6684
21.731,23.043,0,-0.2284,29.736,2.6009
21.731,23.02,0,-0.22739,29.606,2.5379
21.731,22.997,0,-0.22921,29.478,2.4647
21.731,22.975,0,-0.23125,29.353,2.3907
21.731,22.951,0,-0.2329,29.23,2.3184
21.588,22.928,-0.27132,-0.23566,29.061,3.97
21.588,22.905,0,-0.23622,28.928,2.5855
21.588,22.881,0,-0.23871,28.797,2.5069
21.588,22.857,0,-0.24082,28.669,2.4298
21.588,22.833,0,-0.2438,28.544,2.3496
21.588,22.809,0,-0.24591,28.42,2.2726
21.588,22.784,0,-0.24966,28.299,2.1899
21.588,22.759,0,-0.25165,28.181,2.1134
21.588,22.734,0,-0.2529,28.065,2.0398
21.588,22.709,0,-0.25675,27.952,1.9577
21.588,22.683,0,-0.26111,27.841,1.874
21.588,22.657,0,-0.26418,27.733,1.7945
21.588,22.63,0,-0.26743,27.627,1.7148
21.588,22.604,0,-0.27274,27.524,1.6288
21.588,22.576,0,-0.27467,27.424,1.5534
21.116,22.549,-0.33438,-0.27918,27.009,4.439
21.116,22.521,0,-0.28275,26.867,2.6618
21.116,22.493,0,-0.286,26.728,2.5669
21.116,22.464,0,-0.292,26.592,2.462
21.116,22.435,0,-0.29821,26.458,2.3563
21.116,22.405,0,-0.30386,26.328,2.2525
21.116,22.375,0,-0.30981,26.201,2.1478
21.116,22.344,0,-0.31336,26.076,2.0515
21.116,22.312,0,-0.31866,25.955,1.9499
21.116,22.281,0,-0.32315,25.837,1.8514
21.116,22.248,0,-0.331,25.722,1.7429
21.116,22.215,0,-0.33962,25.611,1.6325
21.116,22.181,0,-0.35097,25.502,1.5148
21.116,22.146,0,-0.3613,25.398,1.4007
21.116,22.11,0,-0.37325,25.297,1.2835
21.116,22.073,0,-0.38428,25.199,1.17
21.116,22.034,0,-0.39697,25.105,1.0542
21.116,21.994,0,-0.40494,25.016,0.95102
21.116,21.954,0,-0.41712,24.93,0.84122
21.116,21.912,0,-0.42653,24.848,0.73945
21.116,21.87,0,-0.438,24.771,0.63691
21.116,21.826,0,-0.45363,24.697,0.53133
21.116,21.78,0,-0.47103,24.629,0.42816
21.116,21.733,0,-0.49115,24.565,0.32797
21.116,21.684,0,-0.51136,24.505,0.2354
21.116,21.633,0,-0.53129,24.451,0.1518
21.116,21.58,0,-0.55213,24.402,0.077794
21.116,21.525,0,-0.56842,24.358,0.015255
21.116,21.468,0,-0.58458,24.32,0
21.116,21.409,0,-0.59863,24.288,0
21.116,21.35,0,-0.61017,24.262,0
21.116,21.289,0,-0.62367,24.242,0
21.116,21.226,0,-0.63591,24.227,0
21.116,21.163,0,-0.64955,24.22,0
21.116,21.098,0,-0.66006,24.218,0
21.116,21.032,0,-0.67262,24.223,0
21.116,20.964,0,-0.68363,24.235,0
21.116,20.896,0,-0.69382,24.254,0.036417
21.116,20.827,0,-0.70174,24.279,0.10879
21.116,20.756,0,-0.71337,24.312,0.21264
21.116,20.685,0,-0.72459,24.351,0.33582
21.116,20.613,0,-0.73444,24.398,0.47437
18.212,20.539,-0.59085,-0.74389,18.822,6.9154
18.212,20.465,0,-0.75287,18.593,3.3167
18.212,20.39,0,-0.75352,18.372,3.1052
18.212,20.314,0,-0.75586,18.158,2.8937
18.036,20.239,-0.31089,-0.75249,17.903,4.5778
18.036,20.163,0,-0.74767,17.687,2.9883
18.036,20.089,0,-0.74712,17.478,2.7909
18.036,20.014,0,-0.75076,17.277,2.5862
17.855,19.939,-0.82582,-0.75973,17.048,7.6301
17.855,19.863,0,-0.77217,16.844,2.5979
17.855,19.786,0,-0.78869,16.647,2.3584
17.855,19.707,0,-0.80235,16.458,2.136
17.855,19.627,0,-0.81636,16.276,1.9226
17.855,19.545,0,-0.83046,16.103,1.72
17.855,19.462,0,-0.84369,15.938,1.5309
17.855,19.377,0,-0.85171,15.782,1.3626
17.855,19.292,0,-0.85397,15.634,1.2134
17.855,19.207,0,-0.86303,15.494,1.0674
17.107,19.121,-0.63048,-0.87077,14.954,5.13
17.107,19.034,0,-0.87718,14.757,2.115
17.107,18.946,0,-0.88005,14.569,1.9202
17.107,18.858,0,-2.9,14.389,16.062
17.107,18.568,0,-2.9,14.229,19.303
17.107,18.278,0,-4.4,14.097,186.34
17.107,17.838,0,-4.4,14.002,274.72
17.107,17.398,0,-0.34699,13.951,0
17.107,17.363,0,-0.37692,13.924,0
17.107,17.325,0,-4.4,13.9,490.59
17.107,16.885,0,-0.24547,13.9,0
17.107,16.861,0,-0.28062,13.924,0
17.107,16.833,0,-4.4,13.95,1217.1
17.107,16.393,0,-0.15628,13.999,0
17.107,16.377,0,-0.19094,14.071,0
17.107,16.358,0,-0.22978,14.145,0
17.107,16.335,0,-0.262,14.221,0
17.107,16.309,0,-4.4,14.3,0
15.554,15.869,-0.98746,-0.13872,13.1,5.4459
15.554,15.855,0,-0.17462,13.07,0.25294
15.554,15.838,0,-0.21327,13.04,0.14831
15.554,15.816,0,-0.25121,13.013,0.049725
15.554,15.791,0,-4.4,12.988,477.88
15.554,15.351,0,-0.13595,12.986,0
15.554,15.338,0,-0.17829,13.007,0
15.554,15.32,0,-0.22195,13.03,0
15.554,15.297,0,-0.26853,13.054,0
15.554,15.271,0,-0.31322,13.081,0
15.554,15.239,0,-4.4,13.111,1360.3
15.554,14.799,0,-0.20376,13.164,0
15.554,14.779,0,-0.24674,13.241,0
15.554,14.754,0,-0.28151,13.32,0
14.015,14.726,-1.0519,-4.4,12.347,0
13.912,14.286,-1.0307,-0.16346,12.288,5.9233
13.912,14.27,0,-0.2013,12.252,0.313
13.912,14.25,0,-0.23945,12.217,0.20401
13.912,14.226,0,-0.27774,12.184,0.10035
13.912,14.198,0,-4.4,12.154,448.4
13.389,13.758,-0.88549,-0.16009,12.026,4.6874
13.389,13.742,0,-0.19581,11.99,0.31286
13.389,13.722,0,-0.22266,11.956,0.22411
13.389,13.7,0,-0.24868,11.923,0.13877
13.389,13.675,0,-4.4,11.894,448.62
13.389,13.235,0,-0.1061,11.887,0
12.906,13.225,-0.7492,-0.13757,11.762,3.6236
12.906,13.211,0,-0.16355,11.731,0.28205
12.906,13.194,0,-0.18376,11.701,0.21021
12.906,13.176,0,-0.20575,11.673,0.13561
12.63,13.156,-0.70978,-0.23133,11.588,3.6162
12.63,13.132,0,-4.4,11.537,347.18
12.63,12.692,0,-0.088029,11.509,0
12.63,12.684,0,-0.11619,11.503,0
12.335,12.672,-0.70148,-0.14582,11.412,3.328
12.335,12.657,0,-0.1699,11.379,0.3035
12.335,12.64,0,-0.19243,11.348,0.22575
12.335,12.621,0,-4.4,11.319,448.71
12.335,12.181,0,-0.048861,11.312,0
12.335,12.176,0,-0.078774,11.328,0
12.335,12.168,0,-0.10369,11.344,0
11.855,12.158,-0.71017,-0.12961,11.191,3.3486
11.855,12.145,0,-0.15392,11.162,0.27134
11.855,12.13,0,-0.17933,11.133,0.19123
11.855,12.112,0,-0.20535,11.107,0.11102
11.561,12.091,-0.74782,-5.2,11.016,0
11.561,11.571,0,-0.03226,10.989,0
11.561,11.568,0,-0.060785,10.989,0
11.561,11.562,0,-0.091017,10.988,0
11.561,11.553,0,-0.11562,10.988,0
11.561,11.541,0,-0.1391,10.99,0
11.561,11.527,0,-0.16558,10.993,0
11.561,11.511,0,-0.18642,10.997,0
11.561,11.492,0,-0.20952,11.003,0
11.561,11.471,0,-0.2291,11.011,0
11.561,11.448,0,-5.2,11.021,0
11.561,10.928,0,-0.050199,11.058,0
11.561,10.923,0,-0.076278,11.121,0
11.561,10.916,0,-0.098387,11.186,0
11.561,10.906,0,-0.11977,11.251,0
11.561,10.894,0,-0.14098,11.317,0
11.561,10.88,0,-0.16356,11.384,0
11.561,10.863,0,-0.18771,11.453,0
11.561,10.845,0,-0.2124,11.524,0
11.561,10.823,0,-5.2,11.596,0
11.561,10.303,0,-0.04051,11.696,0
11.561,10.299,0,-0.062788,11.822,0
11.561,10.293,0,-0.084824,11.948,0
11.561,10.285,0,-0.10518,12.076,0
11.561,10.274,0,-0.1304,12.204,0
11.561,10.261,0,-0.15742,12.333,0
11.561,10.245,0,-0.18188,12.464,0
11.561,10.227,0,-0.20596,12.596,0
11.561,10.206,0,-5.2,12.731,0
9.589,9.6864,-0.7233,-0.038908,10.056,3.1677
9.589,9.6825,0,-0.064327,10.046,0.057453
9.589,9.6761,0,-0.091814,10.037,0
9.589,9.6669,0,-0.11215,10.029,0
9.589,9.6557,0,-0.13568,10.022,0
9.589,9.6421,0,-0.15242,10.016,0
9.589,9.6269,0,-0.17235,10.011,0
9.589,9.6097,0,-0.19334,10.008,0
9.589,9.5903,0,-0.21778,10.007,0
9.589,9.5685,0,-5.2,10.008,4638.5
9.589,9.0485,0,-0.064933,10.036,0
9.589,9.0421,0,-0.10448,10.091,0
9.589,9.0316,0,-0.1497,10.146,0
9.589,9.0166,0,-0.19783,10.202,0
9.589,8.9969,0,-0.24175,10.261,0
9.589,8.9727,0,-0.2845,10.321,0
9.589,8.9442,0,-5.2,10.384,4637.2
9.589,8.4242,0,-0.14125,10.475,0
9.589,8.4101,0,-0.16919,10.592,0
9.589,8.3932,0,-0.20627,10.71,0
7.7392,8.3726,-1.7254,-0.24932,9.2219,15.453
7.5618,8.3476,-2.1685,-5.2,9.1528,0
7.5618,7.8276,0,-0.17978,9.1002,0.17358
7.0994,7.8096,-2.9128,-0.26917,9.0155,49.307
7.0994,7.7827,0,-0.37557,8.9458,0.61613
7.0994,7.7452,0,-5.2,8.8794,102.91
7.0994,7.2252,0,-0.39591,8.8408,0
7.0994,7.1856,0,-5.2,8.8302,101.76
7.0994,6.6656,0,-0.44717,8.8476,0
7.0994,6.6209,0,-5.2,8.8932,100.6
7.0994,6.1009,0,-0.51808,8.9671,0.094208
7.0994,6.0491,0,-8.8,9.0695,91.865
7.0994,5.1691,0,-0.43282,9.2186,1.8361
7.0994,5.1258,0,-0.56831,9.4138,3.4839
7.0994,5.0689,0,-8.8,9.614,89.855
7.0994,4.1889,0,-0.47889,9.861,8.1823
7.0994,4.1411,0,-8.8,10.154,87.953
7.0994,3.2611,0,-0.39194,10.494,16.055
7.0994,3.2219,0,-0.50419,10.88,20.25
7.0994,3.1714,0,-8.8,11.27,85.966
7.0994,2.2914,0,-0.39008,11.707,33.956
7.0994,2.2524,0,-8.8,12.19,84.082
7.0994,1.3724,0,-0.25557,12.719,53.512
7.0994,1.3469,0,-8.8,13.293,82.225
7.0994,0.46688,0,-4.7565,13.912,88.918
7.0994,0,0,-4.6759,14.599,88.13
-2.6311,0,-4.5896,-8.8,4.8604,109.06
-2.6311,0,0,-8.8,4.6413,99.412
-2.6311,0,0,-8.8,4.4221,99.412
-2.6311,0,0,-8.8,4.203,99.412
-4.4213,0,-4.3709,-8.8,3.6081,112.27
-4.4213,0,0,-8.8,3.2099,103.08
-4.4213,0,0,-8.9697,2.8118,102.72
-4.4213,0,0,-10.136,2.4145,100.27
-4.4213,0,0,-12.399,2.0231,95.519
-4.4213,0,0,-17.453,1.643,84.899
-4.4213,0,0,-32.336,1.2881,53.625
-4.4213,0,0,-138,1.0076,0
-4.4213,0,0,-90.551,1.2555,0
-4.4213,0,0,-344.47,1.2662,0
-4.4213,0,0,-16.429,2.5464,87.051
-4.4213,0,0,-30.388,2.1864,57.719
-4.4213,0,0,-123.5,1.8962,0
-4.4213,0,0,-126.69,2.0716,0
-4.4213,0,0,-123.24,2.263,0
-4.4213,0,0,-128.27,2.437,0
-4.4213,0,0,-114.14,2.6363,0
-4.4213,0,0,-157.78,2.7649,0
-4.4213,0,0,-66.984,3.1116,0
-4.4213,0,0,-4207.7,3.0044,0
-6.1988,0,0.0030807,7.8,20.425,141.6
-6.1988,0.78,0,-0.0050787,19.766,126.8
-6.1988,0.77949,0,0.0030006,19.068,126.82
-6.1988,0.77979,0,0.0070552,18.371,126.83
-6.1988,0.7805,0,-0.0010551,17.673,126.81
-6.1988,0.78039,0,0.0044907,16.975,126.83
-6.1988,0.78084,0,0.0067748,16.277,126.83
-6.1988,0.78152,0,-0.002905,15.579,126.81
-6.1988,0.78123,0,0.0019376,14.881,126.82
-6.1988,0.78142,0,0.0019735,14.183,126.82
-6.1988,0.78162,0,-0.0016019,13.485,126.82
-6.1988,0.78146,0,0.0052982,12.787,126.83
-6.1988,0.78199,0,0.0098053,12.089,126.84
-6.1988,0.78297,0,0.0056843,11.391,126.83
-6.1988,0.78354,0,0.0042828,10.692,126.83
-6.1988,0.78397,0,0.0056312,9.9941,126.84
-6.1988,0.78453,0,-0.0012343,9.2958,126.82
-6.1988,0.78441,0,-0.0081981,8.5975,126.81
-6.1988,0.78359,0,-0.0035344,7.8992,126.82
-6.2028,0.78323,0.0030575,0.0030575,7.1998,126.83
-6.2028,0.78354,0,0.0017799,6.5012,126.83
-6.2028,0.78372,0,0.0043334,5.8026,126.84
-6.2028,0.78415,0,-8.8,5.1039,108.34
-6.2028,0,0,-8.8,4.4492,106.73
-6.2028,0,0,-8.8,3.8729,106.73
-6.2028,0,0,-8.8,3.2966,106.73
-6.2028,0,0,-8.8,2.7203,106.73
-6.2028,0,0,-8.844,2.1441,106.64
-6.2028,0,0,-12.078,1.568,99.845
-6.2028,0,0,-18.667,1.0081,86
-6.2028,0,0,-38.763,0.48115,43.774
-6.2028,0,0,-315.99,0.054682,0
-6.2028,0,0,-18.581,1.0143,86.181
-6.2028,0,0,-38.415,0.48696,44.505
-6.2028,0,0,-260.29,0.058748,0
-6.2028,0,0,-24.938,0.7399,72.824
-6.2028,0,0,-70.89,0.2443,0
-6.2028,0,0,-1770.3,-0.021531,0
-6.2028,0,0,0.0013603,8.2094,125.23
-6.2028,0.00013603,0,0.00071329,7.5891,125.23
-6.2028,0.00020736,0,-0.0036031,6.9688,125.22
-6.2028,0,0,-0.0035542,6.3486,125.22
-6.2028,0,0,0.0044271,5.7283,125.23
-6.2028,0.00044271,0,0.0019826,5.108,125.23
-6.2028,0.00064097,0,-8.8,4.4876,106.74
-6.2028,0,0,-8.8,3.9113,106.73
-6.1775,0,0.0034423,-8.8,3.3758,106.67
-6.1775,0,0,-8.8,2.8021,106.68
-6.1775,0,0,-8.8,2.2283,106.68
-6.1775,0,0,-11.638,1.6546,100.72
-6.1775,0,0,-17.884,1.095,87.594
-6.1775,0,0,-34.733,0.56667,52.19
-6.1749,0,0.0052152,-199.97,0.095334,0
-6.1749,0,0,-40.651,0.4777,39.75
-6.1749,0,0,-296.66,0.06347,0
-6.1749,0,0,-20.394,0.92929,82.315
-6.1749,0,0,-44.631,0.41377,31.386
-6.1749,0,0,-700.94,0.019441,0
-6.1749,0,0,-8.8,2.9066,106.68
-6.1749,0,0,-8.8,2.3331,106.68
-6.1749,0,0,-10.733,1.7597,102.61
-6.1749,0,0,-15.778,1.1958,92.013
-6.1749,0,0,-28.919,0.65723,64.402
-6.1749,0,0,-101.93,0.18434,0
-6.1749,0,0,-218.95,0.076518,0
-6.1749,0,0,-34.039,0.55376,53.644
-6.1749,0,0,-174.64,0.10646,0
-6.1749,0,0,-52.387,0.36217,15.09
-6.1749,0,0,-1053.7,0.0066141,0
-6.1749,0,0,-8.8,4.6576,106.68
-6.1749,0,0,-8.8,4.0841,106.68
-6.1749,0,0,-8.8,3.5106,106.68
-6.1749,0,0,-8.8,2.9371,106.68
-6.166,0,-0.00035786,-8.8,2.3664,106.66
-6.166,0,0,-10.645,1.7938,102.78
-6.166,0,0,-15.492,1.2304,92.597
-6.166,0,0,-27.492,0.69127,67.381
-6.166,0,0,-93.197,0.21213,0
-6.162,0,0.0077532,-415.49,0.045693,0
-6.162,0,0,-12.583,1.5069,98.702
-6.162,0,0,-20.095,0.95364,82.916
-6.162,0,0,-44.171,0.43792,32.327
-6.162,0,0,-572.11,0.042575,0
-6.162,0,0,-8.8,2.2869,106.65
-6.162,0,0,-11.234,1.7147,101.54
-6.162,0,0,-16.841,1.1547,89.753
-6.162,0,0,-31.972,0.62269,57.961
-6.162,0,0,-127.51,0.16635,0
-6.162,0,0,-114.19,0.18768,0
-6.162,0,0,-153.14,0.14244,0
-6.162,0,0,-72.595,0.29195,0
-6.162,0,0,-1952.5,0.038731,0
-6.162,0,0,-0.0039407,9.185,125.13
-6.162,0,0,-5.4275e-05,8.5689,125.14
-6.162,0,0,0.0047067,7.9527,125.15
-6.162,0.00047067,0,0.00081398,7.3364,125.14
-6.162,0.00055206,0,-0.0015927,6.7202,125.14
-6.162,0.00039279,0,0.0026786,6.1039,125.15
-6.162,0.00066065,0,-0.00066158,5.4877,125.14
-6.1939,0.00059449,-0.0075698,-8.8,4.811,106.73
-6.1939,0,0,-8.8,4.2355,106.72
-6.1939,0,0,-8.8,3.6601,106.72
-6.1939,0,0,-8.8,3.0847,106.72
-6.1939,0,0,-8.8,2.5093,106.72
-6.1939,0,0,-9.9186,1.9339,104.36
-6.1939,0,0,-14.137,1.3641,95.501
-6.1939,0,0,-23.84,0.81544,75.113
-6.1939,0,0,-65.084,0.31525,0
-6.1939,0,0,9.8,1.0297,145.8
-6.1939,0.98,0,-78.955,0.36126,0
-6.1939,0,0,-2044.9,0.038641,0
-6.1939,0,0,0.0010298,9.6438,125.21
-6.1939,0.00010298,0,0.019454,9.0245,125.25
-6.205,0.0020484,0.01704,0.01704,8.3513,125.23
