0,0,-0.24913,0,35.5,0.52349
0,0,0,7.8,35.5,59.103
0,0.78,0,7.8,35.461,63.94
0,1.56,0,7.8,35.344,68.834
0,2.34,0,7.8,35.149,73.779
0,3.12,0,7.8,34.876,78.774
0,3.9,0,7.8,34.525,83.814
0,4.68,0,7.8,34.096,88.898
0,5.46,0,7.8,33.589,94.022
0,6.24,0,6.7,33.004,86.677
0,6.91,0,6.7,32.346,91.046
0,7.58,0,6.7,31.622,95.444
0,8.25,0,-0.45896,30.831,27.839
0,8.2041,0,-0.47715,30.008,27.474
0,8.1564,0,-0.49679,29.19,27.092
0,8.1067,0,-0.5164,28.377,26.702
0,8.0551,0,-0.53732,27.569,26.294
0,8.0013,0,-0.56008,26.766,25.865
0,7.9453,0,-0.58465,25.968,25.414
-0.48522,7.8869,-0.24844,-0.6099,24.652,26.758
-0.48522,7.8259,0,-0.63676,23.818,26.054
-0.52509,7.7622,-0.25119,-0.66577,22.992,26.472
-0.5447,7.6956,-0.24973,-0.6971,22.158,26.307
-0.5447,7.6259,0,-0.73083,21.337,25.568
-0.5447,7.5528,0,-0.76573,20.524,25.345
-0.5447,7.4763,0,-0.80453,19.718,25.107
-0.5447,7.3958,0,-0.8454,18.92,24.856
-0.5447,7.3113,0,-0.89023,18.13,24.588
-0.5447,7.2222,0,-0.93664,17.349,24.308
-0.69458,7.1286,-0.24599,-0.98812,16.53,24.832
-0.69458,7.0298,0,-1.0434,15.753,23.997
-0.69458,6.9254,0,-1.1039,14.985,23.656
-0.69458,6.815,0,-1.168,14.229,23.295
-0.69458,6.6982,0,-1.2403,13.484,22.903
-0.69458,6.5742,0,-1.3164,12.751,22.489
-0.69458,6.4426,0,-1.4003,12.03,22.043
-0.69458,6.3025,0,-1.4918,11.324,21.564
-0.69458,6.1533,0,-1.5912,10.631,21.049
-0.69458,5.9942,0,-1.6979,9.9546,20.499
-0.69458,5.8244,0,-1.8114,9.2942,19.912
-0.69458,5.6433,0,-1.9392,8.6513,19.272
-0.69458,5.4494,0,-2.079,8.0272,18.581
-0.69458,5.2415,0,-8.8,7.4232,4.0322
-0.69458,4.3615,0,-8.8,6.8736,2.2282
-1.0741,3.4815,-0.24418,-8.8,6.1289,1.7152
-1.0741,2.6015,0,-8.8,5.7173,0
-1.0741,1.7215,0,-8.8,5.3938,0
-1.0741,0.84148,0,-8.8,5.1582,0
-1.0741,0,0,-8.8,5.0107,0
-1.0741,0,0,-8.8,4.9472,0
-1.0741,0,0,-8.8,4.8838,0
-1.0741,0,0,-8.8,4.8204,0
-1.0741,0,0,-8.8,4.757,0
-1.0741,0,0,-8.8,4.6936,0
-1.0741,0,0,-8.8,4.6302,0
-1.0741,0,0,-8.8,4.5668,0
-1.0741,0,0,-8.8,4.5034,0
-1.0741,0,0,-8.8,4.44,0
-1.0741,0,0,-8.8,4.3766,0
-1.0741,0,0,-8.8,4.3132,0
-1.0741,0,0,-8.8,4.2498,0
-1.0741,0,0,-8.8,4.1864,0
-1.0741,0,0,-8.8,4.123,0
-1.0741,0,0,-8.8,4.0595,0
-1.0741,0,0,-8.8,3.9961,0
-1.0741,0,0,-8.8,3.9327,0
-1.0741,0,0,-8.8,3.8693,0
-1.6362,0,-0.24783,-8.8,3.1563,0
-1.6362,0,0,-8.8,3.0367,0
-1.6362,0,0,-8.8,2.9171,0
-1.6362,0,0,-8.8,2.7975,0
-1.6362,0,0,-8.8,2.6778,0
-1.7503,0,-0.24132,-8.8,2.5298,0
-1.7503,0,0,-8.8,2.3988,0
-1.7503,0,0,-8.8,2.2678,0
-1.7503,0,0,-8.8,2.1367,0
-1.8475,0,-0.25166,-8.8,1.98,0
-1.8475,0,0,-8.8,1.8393,0
-1.8932,0,-0.24289,-8.8,1.6919,0
-1.8932,0,0,-8.8,1.5466,0
-1.8932,0,0,-8.8,1.4013,0
-1.8932,0,0,-8.8,1.2559,0
-1.8932,0,0,-8.8,1.1106,0
-1.8932,0,0,-8.8,0.96531,0
-1.8932,0,0,-8.8,0.81999,0
-1.8932,0,0,-8.8,0.67468,0
-2.0886,0,-0.25018,-8.8,0.47453,0
-2.0886,0,0,-8.8,0.30968,0
-2.0886,0,0,-16.161,0.14482,0
-2.0886,0,0,-218.05,0.016766,0
-2.0886,0,0,-8.8,0.89818,0
-2.0886,0,0,-8.8,0.73333,0
-2.0886,0,0,-8.8,0.56847,0
-2.2808,0,-0.24662,-8.8,0.35277,0
-2.3151,0,-0.24246,-16.516,0.16467,0
-2.3151,0,0,-187.87,0.015744,0
-2.3151,0,0,-8.8,0.72361,0
-2.3151,0,0,-8.8,0.5361,0
-2.3151,0,0,-9.0409,0.34859,0
-2.3151,0,0,-23.831,0.16229,0
-2.3151,0,0,-326.25,0.049929,0
-2.4703,0,-0.24451,-8.8,1.3872,0
-2.4703,0,0,-8.8,1.1841,0
-2.4703,0,0,-8.8,0.98111,0
-2.545,0,-0.25115,-8.8,0.77762,0
-2.545,0,0,-8.8,0.56712,0
-2.545,0,0,-9.6006,0.35661,0
-2.545,0,0,-22.722,0.15011,0
-2.545,0,0,9.8,1.0135,36.164
-2.545,0.98,0,-10.147,0.70996,0
-2.545,0,0,-10.164,0.40819,0
-2.545,0,0,-26.323,0.20451,0
-2.545,0,0,-821.8,0.081617,0
-2.545,0,0,-8.8,3.9361,0
-2.545,0,0,-8.8,3.7256,0
-2.545,0,0,-8.8,3.5151,0
-2.545,0,0,-8.8,3.3046,0
-2.882,0,-0.23755,-8.8,2.9027,0
-2.882,0,0,-8.8,2.6585,0
-2.882,0,0,-8.8,2.4144,0
-2.882,0,0,-8.8,2.1702,0
-2.882,0,0,-8.8,1.926,0
-2.882,0,0,-8.8,1.6818,0
-2.882,0,0,-8.8,1.4376,0
-3.0544,0,-0.23942,-8.8,1.1214,0
-3.0544,0,0,-8.8,0.85992,0
-3.0988,0,0.071395,-8.8,0.59678,0
-3.0988,0,0,-14.095,0.3309,0
-3.0988,0,0,-50.666,0.091495,0
-3.0988,0,0,-85.222,0.034944,0
-3.0988,0,0,-16.545,0.15118,0
-3.0988,0,0,-125.74,-0.075976,0
-2.2485,0,3.0857,-8.8,0.41538,0
-2.2485,0,0,-8.8,0.23452,0
-2.2485,0,0,-8.8,0.05367,0
-2.2485,0,0,-105.58,-0.12718,0
-2.2485,0,0,-8.8,0.17585,0
-2.2485,0,0,-8.8,-0.0050056,0
-2.2485,0,0,-8.8,-0.18586,0
-2.2485,0,0,-8.8,-0.36671,0
-2.2485,0,0,-8.8,-0.54756,0
-2.2485,0,0,-8.8,-0.72842,0
-2.2485,0,0,-8.8,-0.90927,0
-2.2485,0,0,-8.8,-1.0901,0
1.4272,0,2.163,-8.8,0.94866,0
1.4272,0,0,-8.8,1.1354,0
1.4272,0,0,-8.8,1.3221,0
1.9815,0,1.034,-8.8,1.6124,0
1.9815,0,0,-8.8,1.8545,0
1.9815,0,0,-8.8,2.0967,0
1.9815,0,0,-8.8,2.3388,0
1.9815,0,0,-8.8,2.581,0
1.9815,0,0,-8.8,2.8231,0
1.9815,0,0,-8.8,3.0653,0
2.1606,0,-0.60201,-8.8,3.4289,0
2.1606,0,0,-8.8,3.689,0
2.1606,0,0,-8.8,3.9491,0
1.9097,0,-1.3211,-8.8,4.1729,0
1.9097,0,0,-8.8,4.4078,0
1.9097,0,0,-8.8,4.6428,0
1.9097,0,0,-8.8,4.8778,0
1.9097,0,0,-8.8,5.1127,0
1.9097,0,0,-1.7448,5.3477,0
1.9097,0,0,-1.6002,5.5474,0
0.70458,0,-1.3808,-1.3808,5.3179,0
0.70458,0,0,-1.1048,5.3952,0
0.70458,0,0,-0.79734,5.4712,0
0.70458,0,0,-0.63968,5.5456,0
0.70458,0,0,-0.31801,5.6193,0
0.70458,0,0,-0.30122,5.6913,0
0.70458,0,0,-0.45372,5.7633,0
0.19879,0,-0.82376,-0.82376,5.6253,0
0.19879,0,0,-1.057,5.6493,0
0.19879,0,0,-1.368,5.6745,0
-0.11606,0,-1.479,-1.479,5.6696,0.2621
-0.11606,0,0,-1.539,5.6654,0
-0.11606,0,0,-1.4297,5.6615,0
-0.11606,0,0,-1.3834,5.657,0
-0.11606,0,0,-1.3549,5.6523,0
-0.82023,0,-1.4161,-1.4161,5.5013,1.7056
-0.82023,0,0,-1.6322,5.4264,0
-0.82023,0,0,-1.7518,5.3525,0
-1.2939,0,-1.8019,-1.8019,5.1964,2.6767
-1.2939,0,0,-2.0169,5.076,0
-1.2939,0,0,-8.8,4.9567,0
-1.2939,0,0,-8.8,4.8713,0
-1.2939,0,0,-8.8,4.7859,0
-2.346,0,-2.3233,-8.8,4.4625,0
-2.346,0,0,-8.8,4.2719,0
-2.346,0,0,-8.8,4.0813,0
-2.346,0,0,-8.8,3.8907,0
-2.346,0,0,-8.8,3.7002,0
-2.346,0,0,-8.8,3.5096,0
-2.346,0,0,-8.8,3.319,0
-2.346,0,0,-8.8,3.1284,0
-2.346,0,0,-8.8,2.9378,0
-2.346,0,0,-8.8,2.7472,0
-4.5172,0,-1.9114,-8.8467,1.4711,0
-4.5172,0,0,-12.492,1.0636,0
-4.5172,0,0,-20.886,0.67436,0
-4.5172,0,0,-57.132,0.32706,0
-4.5172,0,0,-3447.1,0.161,0
-5.4509,0,-1.9456,-1.9456,16.702,11.199
-5.4509,0,0,-1.847,16.167,7.3175
-5.4509,0,0,-1.777,15.631,7.4646
-5.4509,0,0,-1.718,15.095,7.5887
-5.4509,0,0,-1.6078,14.558,7.8202
-5.4509,0,0,-1.4259,14.021,8.2023
-5.4509,0,0,-1.25,13.483,8.5719
-5.4509,0,0,-1.0923,12.945,8.9034
-5.4509,0,0,-0.86867,12.405,9.3733
-5.4509,0,0,-0.68035,11.864,9.769
-5.4509,0,0,-0.61123,11.323,9.9142
-5.4509,0,0,-0.61896,10.78,9.898
-7.021,0,-0.5841,-0.5841,9.0799,14.417
-7.021,0,0,-0.63497,8.3807,13.083
-7.021,0,0,-0.62678,7.6818,13.1
-7.021,0,0,-0.59313,6.9828,13.171
-7.021,0,0,-0.53484,6.2837,13.293
-7.021,0,0,-0.48283,5.5843,13.403
-7.021,0,0,-8.8,4.8846,0
-7.021,0,0,-8.8,4.2265,0
-7.021,0,0,-8.8,3.5684,0
-7.021,0,0,-10.915,2.9103,0
-7.021,0,0,-14.88,2.2628,0
-7.6092,0,-0.84603,-22.568,1.3327,0
-7.6092,0,0,-44.254,0.68466,0
-7.6092,0,0,-222.53,0.145,0
-7.6092,0,0,-68.05,0.49672,0
-7.9711,0,-1.0077,-8812.9,0.0036053,0
-7.9711,0,0,7.8,43.271,32.755
-7.9711,0.78,0,7.8,42.435,34.354
-7.9711,1.56,0,7.8,41.521,35.953
-8.4472,2.34,-1.4869,7.8,40.454,41.652
-8.4472,3.12,0,7.8,39.336,40.127
-8.4472,3.9,0,7.8,38.141,41.726
-8.4472,4.68,0,7.8,36.867,43.325
-8.4472,5.46,0,7.8,35.515,44.924
-8.4472,6.24,0,6.7,34.086,44.211
-8.4472,6.91,0,6.7,32.583,45.585
-8.4472,7.58,0,6.7,31.014,46.958
-8.4472,8.25,0,-1.0714,29.378,32.002
-8.4472,8.1429,0,-1.1826,27.714,31.549
-8.4472,8.0246,0,-1.3133,26.06,31.032
-8.4472,7.8933,0,-1.4673,24.42,30.439
-8.4472,7.7465,0,-1.6519,22.793,29.75
-8.4472,7.5813,0,-1.8769,21.182,28.939
-8.4472,7.3936,0,-2.1523,19.589,27.975
-8.4472,7.1784,0,-2.4985,18.015,26.807
-11.535,6.9286,-2.0657,-2.9423,14.093,36.033
-11.535,6.6343,0,-3.5171,12.261,29.882
-11.956,6.2826,-2.0506,-4.3018,10.423,32.682
-12.162,5.8524,-2.0729,-5.3899,8.6142,29.985
-12.372,5.3135,-2.1539,-25.038,6.8338,0
-12.372,2.8097,0,-25.221,5.1905,0
-12.372,0.28762,0,-25.514,3.7984,0
-12.372,0,0,-36.24,2.6601,0
-12.372,0,0,-66.179,1.6041,0
-12.372,0,0,-240.94,0.69783,0
-12.372,0,0,-448.12,0.66535,0
-12.372,0,0,-100.69,1.6688,0
-12.372,0,0,-975.69,0.93512,0
-12.372,0,0,-34.785,4.5764,0
-12.372,0,0,-56.176,3.5131,0
-15.566,0,-3.3315,-132.74,0.93616,0
-15.566,0,0,-6929.6,0.043281,0
-15.566,0,0,7.8,33.135,48.324
-15.566,0.78,0,7.8,31.539,49.923
-15.566,1.56,0,7.8,29.865,51.522
-17.286,2.34,-3.5038,7.8,27.667,64.01
-17.286,3.12,0,7.8,25.665,58.247
-17.286,3.9,0,-0.80614,23.585,41.762
-17.286,3.8194,0,-0.93865,21.471,41.318
-17.286,3.7255,0,-1.1065,19.365,40.773
-18.957,3.6149,-2.9837,-1.3283,16.837,49.774
-18.957,3.482,0,-1.6299,14.586,42.598
-18.957,3.3191,0,-2.0604,12.351,41.36
-18.957,3.113,0,-2.7108,10.134,39.571
-18.957,2.8419,0,-3.7726,7.9401,36.784
-20.432,2.4647,-2.6403,-50.987,5.4216,0
-20.432,0,0,-65.838,3.3869,0
-20.432,0,0,-137.27,1.6729,0
-20.432,0,0,-1107.2,0.31613,0
-20.432,0,0,-64.301,3.8092,0
-20.432,0,0,-129.23,2.0875,0
-20.432,0,0,-799.21,0.69052,0
-20.432,0,0,-108.88,2.6434,0
-20.432,0,0,-437.23,1.1447,0
-20.432,0,0,-416.39,1.2877,0
-20.432,0,0,-480.62,1.3265,0
-20.432,0,0,-322.41,1.6864,0
-20.432,0,0,-1382.9,1.2553,0
-20.432,0,0,-47.67,6.1267,0
-20.432,0,0,-78.077,4.3218,0
-20.432,0,0,-189.92,2.6691,0
-20.432,0,0,-8765.1,1.5755,0
-20.432,0,0,7.8,43.358,58.299
-20.432,0.78,0,7.8,41.276,59.898
-20.432,1.56,0,7.8,39.115,61.497
-20.432,2.34,0,7.8,36.877,63.096
-20.432,3.12,0,7.8,34.561,64.695
-20.432,3.9,0,7.8,32.167,66.294
-20.432,4.68,0,7.8,29.695,67.893
-20.432,5.46,0,-1.342,27.145,50.282
-20.432,5.3258,0,-1.5776,24.562,49.512
-20.432,5.168,0,-1.89,21.994,48.532
-20.432,4.979,0,-2.3131,19.444,47.255
-20.432,4.7477,0,-2.9122,16.914,45.522
-20.432,4.4565,0,-3.8102,14.411,43.039
-20.432,4.0755,0,-5.2508,11.941,39.23
-20.432,3.5504,0,-50.76,9.5167,0
-20.432,0,0,-59.376,7.3723,0
-20.432,0,0,-116.37,5.626,0
-21.259,0,-1.2797,-564.53,0.40118,0
-21.39,0,-1.8327,-211.17,1.0928,0
-21.39,0,0,-2.1911e+05,0.0096608,0
-21.766,0,-1.9797,7.8,1093.4,65.195
-21.766,0.78,0,7.8,1091.2,62.634
-21.766,1.56,0,7.8,1088.9,64.233
-22.093,2.34,0.22394,7.8,1086.5,66.032
-22.093,3.12,0,7.8,1084,68.101
-22.093,3.9,0,7.8,1081.4,69.7
-22.039,4.68,-0.068257,7.8,1078.8,71.331
-22.039,5.46,0,7.8,1076.1,72.787
-22.039,6.24,0,6.7,1073.3,72.075
-22.039,6.91,0,6.7,1070.4,73.448
-22.039,7.58,0,6.7,1067.5,74.822
-22.039,8.25,0,6.7,1064.5,76.195
-22.039,8.92,0,6.7,1061.4,77.569
-22.039,9.59,0,6.7,1058.3,78.942
-22.178,10.26,-0.14244,6.7,1055.1,80.899
-22.178,10.93,0,6.7,1051.8,81.973
-22.178,11.6,0,6.7,1048.5,83.347
-22.178,12.27,0,4.8,1045,80.728
-22.178,12.75,0,4.8,1041.6,81.712
-22.178,13.23,0,4.8,1038.1,82.696
-22.268,13.71,-0.1472,4.8,1034.4,84.174
-22.268,14.19,0,4.8,1030.8,84.849
-22.268,14.67,0,4.8,1027.2,85.833
-22.268,15.15,0,4.8,1023.4,86.817
-22.268,15.63,0,4.8,1019.7,87.801
-22.268,16.11,0,4.8,1015.9,88.785
-22.268,16.59,0,4.8,1012,89.769
-22.268,17.07,0,4.8,1008.1,90.753
-22.268,17.55,0,4.8,1004.1,91.737
-22.418,18.03,-0.14459,4.8,1000.1,93.332
-22.418,18.51,0,4.8,996.01,94.012
-22.45,18.99,-0.14378,4.8,991.9,95.365
-22.45,19.47,0,4.8,987.73,96.047
-22.45,19.95,0,4.8,983.51,97.031
-22.45,20.43,0,4.8,979.25,98.015
-22.501,20.91,-0.14495,4.8,974.95,99.406
-22.501,21.39,0,4.8,970.58,100.09
-22.501,21.87,0,4.8,966.17,101.07
-22.501,22.35,0,4.8,961.71,102.05
-22.501,22.83,0,4.8,957.2,103.04
-22.501,23.31,0,4.8,952.64,104.02
-22.501,23.79,0,4.8,948.03,105.01
-22.501,24.27,0,4.8,943.38,105.99
-22.501,24.75,0,4.8,938.68,106.97
-22.501,25.23,0,4.8,933.93,107.96
-22.501,25.71,0,4.8,929.13,108.94
-22.501,26.19,0,4.8,924.29,109.93
-22.501,26.67,0,4.8,919.4,110.91
-22.501,27.15,0,4.8,914.46,111.89
-22.501,27.63,0,4.8,909.47,112.88
-22.725,28.11,-0.14639,4.8,904.28,114.63
-22.725,28.59,0,4.8,899.17,115.31
-22.751,29.07,-0.14455,-2,894.01,102.36
-22.751,28.87,0,4.8,888.84,115.93
-22.751,29.35,0,-2,883.65,102.63
-22.751,29.15,0,-2,878.45,102.22
-22.751,28.95,0,4.8,873.27,116.1
-22.751,29.43,0,-2,868.08,102.79
-22.751,29.23,0,-2,862.87,102.38
-22.864,29.03,-0.14622,4.8,857.66,116.8
-22.864,29.51,0,-2,852.44,103.19
-22.864,29.31,0,-2,847.21,102.78
-22.864,29.11,0,-2,842.01,102.37
-22.864,28.91,0,4.8,836.82,116.25
-22.937,29.39,-0.1502,-2,831.6,103.41
-22.937,29.19,0,-2,826.38,102.68
-22.937,28.99,0,4.8,821.18,116.56
-22.937,29.47,0,-2,815.96,103.26
-22.937,29.27,0,-2,810.73,102.85
-22.937,29.07,0,-2,805.52,102.44
-22.937,28.87,0,4.8,800.33,116.32
-22.937,29.35,0,-2,795.12,103.01
-22.937,29.15,0,-2,789.9,102.6
-22.937,28.95,0,4.8,784.71,116.48
-22.937,29.43,0,-2,779.49,103.17
-22.937,29.23,0,-2,774.27,102.76
-22.937,29.03,0,4.8,769.06,116.64
-22.937,29.51,0,-2,763.84,103.34
-22.937,29.31,0,-2,758.6,102.93
-22.937,29.11,0,-2,753.39,102.52
-22.937,28.91,0,4.8,748.19,116.4
-22.937,29.39,0,-2,742.99,103.09
-22.937,29.19,0,-2,737.76,102.68
-22.937,28.99,0,4.8,732.56,116.56
-22.937,29.47,0,-2,727.34,103.26
-22.937,29.27,0,-2,722.11,102.85
-22.937,29.07,0,-2,716.9,102.44
-22.937,28.87,0,4.8,711.71,116.32
-22.937,29.35,0,-2,706.51,103.01
-22.937,29.15,0,-2,701.29,102.6
-22.937,28.95,0,4.8,696.09,116.48
-22.937,29.43,0,-2,690.88,103.17
-22.937,29.23,0,-2,685.65,102.76
-22.937,29.03,0,4.8,680.44,116.64
-22.937,29.51,0,-2,675.22,103.34
-22.937,29.31,0,-2,669.99,102.93
-22.937,29.11,0,-2,664.77,102.52
-22.937,28.91,0,4.8,659.58,116.4
-22.937,29.39,0,-2,654.37,103.09
-22.937,29.19,0,-2,649.15,102.68
-22.937,28.99,0,4.8,643.94,116.56
-22.937,29.47,0,-2,638.73,103.26
-22.937,29.27,0,-2,633.5,102.85
-22.937,29.07,0,-2,628.29,102.44
-22.937,28.87,0,4.8,623.1,116.32
-22.937,29.35,0,-2,617.89,103.01
-22.937,29.15,0,-2,612.67,102.6
-22.937,28.95,0,4.8,607.47,116.48
-23.614,29.43,-0.12676,-2,600.81,104.83
-23.632,29.23,-0.13829,-2,595.52,104.48
-23.632,29.03,0,4.8,590.24,118.07
-23.632,29.51,0,-2,584.95,104.76
-23.632,29.31,0,-2,579.65,104.35
-23.632,29.11,0,-2,574.36,103.94
-23.632,28.91,0,4.8,569.1,117.82
-23.632,29.39,0,-2,563.82,104.52
-23.632,29.19,0,-2,558.53,104.11
-23.632,28.99,0,4.8,553.26,117.99
-23.632,29.47,0,-2,547.97,104.68
-23.632,29.27,0,-2,542.67,104.27
-23.773,29.07,-0.15039,-2,537.28,104.47
-23.773,28.87,0,4.8,532,118.03
-23.773,29.35,0,-2,526.71,104.72
-23.773,29.15,0,-2,521.41,104.31
-23.773,28.95,0,4.8,516.13,118.19
-23.773,29.43,0,-2,510.83,104.89
-23.773,29.23,0,-2,505.52,104.48
-23.773,29.03,0,4.8,500.23,118.36
-23.773,29.51,0,-2,494.93,105.05
-23.773,29.31,0,-2,489.61,104.64
-23.773,29.11,0,-2,484.31,104.23
-23.773,28.91,0,4.8,479.03,118.11
-23.773,29.39,0,-2,473.74,104.81
-23.773,29.19,0,-2,468.44,104.4
-23.773,28.99,0,4.8,463.15,118.27
-23.773,29.47,0,-2,457.85,104.97
-23.773,29.27,0,-2,452.53,104.56
-23.773,29.07,0,-2,447.24,104.15
-23.773,28.87,0,4.8,441.97,118.03
-23.773,29.35,0,-2,436.68,104.72
-23.773,29.15,0,-2,431.38,104.31
-23.773,28.95,0,4.8,426.09,118.19
-24.006,29.43,0.40208,-2,420.49,104.52
-24.006,29.23,0,-2,415.15,104.96
-24.006,29.03,0,4.8,409.84,118.83
-23.838,29.51,0.76649,-2,404.53,103.57
-23.838,29.31,0,-2,399.2,104.78
-23.838,29.11,0,-2,393.9,104.37
-23.581,28.91,0.75662,4.8,388.63,116.13
-23.581,29.39,0,-2,383.36,104.41
-23.581,29.19,0,-2,378.07,104
-23.581,28.99,0,4.8,372.8,117.88
-23.581,29.47,0,-2,367.52,104.58
-23.581,29.27,0,-2,362.23,104.17
-23.581,29.07,0,-2,356.95,103.76
-23.581,28.87,0,4.8,351.7,117.64
-23.581,29.35,0,-2,346.43,104.33
-23.581,29.15,0,-2,341.14,103.92
-23.581,28.95,0,4.8,335.88,117.8
-23.581,29.43,0,-2,330.6,104.5
-23.581,29.23,0,-2,325.31,104.09
-23.581,29.03,0,4.8,320.04,117.96
-23.581,29.51,0,-2,314.76,104.66
-23.581,29.31,0,-2,309.46,104.25
-23.581,29.11,0,-2,304.18,103.84
-23.581,28.91,0,4.8,298.92,117.72
-23.581,29.39,0,-2,293.65,104.41
-23.581,29.19,0,-2,288.36,104
-23.581,28.99,0,4.8,283.09,117.88
-23.581,29.47,0,-2,277.81,104.58
-23.581,29.27,0,-2,272.52,104.17
-23.581,29.07,0,-2,267.24,103.76
-23.581,28.87,0,4.8,261.99,117.64
-23.581,29.35,0,-2,256.72,104.33
-23.581,29.15,0,-2,251.43,103.92
-23.581,28.95,0,4.8,246.17,117.8
-23.581,29.43,0,-2,240.89,104.5
-23.581,29.23,0,-2,235.6,104.09
-23.922,29.03,-2.329,4.8,231.85,123.56
-23.922,29.51,0,-2,226.53,105.36
-23.922,29.31,0,-2,221.19,104.95
-23.922,29.11,0,-2,215.88,104.54
-23.922,28.91,0,4.8,210.59,118.42
-23.922,29.39,0,-2,205.28,105.11
-23.922,29.19,0,-2,199.96,104.7
-23.922,28.99,0,4.8,194.66,118.58
-23.922,29.47,0,-2,189.34,105.28
-23.922,29.27,0,-2,184.01,104.87
-26.902,29.07,-3.0472,-2,177.27,116.97
-27.201,28.87,-2.972,4.8,171.66,131.3
-27.201,29.35,0,-2,166.03,111.75
-27.201,29.15,0,-2,160.39,111.34
-27.201,28.95,0,4.8,154.76,125.22
-27.201,29.43,0,-2,149.12,111.92
-27.201,29.23,0,-2,143.47,111.51
