11.111,11.111,-0.46029,0,35.5,1.5448
11.111,11.111,0,6.7,35.5,60.872
11.111,11.781,0,-0.046182,35.466,1.4637
11.111,11.776,0,-0.047405,35.4,1.4472
11.111,11.772,0,-0.048252,35.333,1.4316
11.111,11.767,0,-0.048816,35.268,1.4169
10.971,11.762,-0.022081,-0.04945,35.145,1.8683
10.971,11.757,0,-0.049295,35.066,1.7715
10.971,11.752,0,-0.049157,34.988,1.7583
10.971,11.747,0,-0.048364,34.91,1.7474
10.971,11.742,0,-0.047937,34.833,1.7355
10.998,11.738,0.064179,-0.046985,34.751,1.4286
10.998,11.733,0,-0.046376,34.677,1.6395
10.998,11.728,0,-0.045662,34.604,1.6293
10.998,11.724,0,-0.045049,34.531,1.619
10.998,11.719,0,-0.04473,34.458,1.6077
10.998,11.715,0,-0.045093,34.387,1.5942
10.998,11.71,0,-0.046268,34.315,1.5778
10.998,11.706,0,-0.047927,34.244,1.5595
10.998,11.701,0,-0.049309,34.174,1.5417
10.998,11.696,0,-0.051403,34.104,1.5211
10.998,11.691,0,-0.054462,34.034,1.4968
10.998,11.685,0,-0.05682,33.965,1.4742
10.998,11.68,0,-0.060049,33.897,1.4481
10.998,11.674,0,-0.062395,33.829,1.4243
10.998,11.667,0,-0.065243,33.761,1.3983
10.998,11.661,0,-0.068257,33.695,1.3711
10.998,11.654,0,-0.071011,33.629,1.3442
10.998,11.647,0,-0.073894,33.564,1.3163
10.522,11.64,-0.38556,-0.07564,33.248,4.7191
10.522,11.632,0,-0.077662,33.136,2.6043
10.458,11.624,-0.33129,-0.079714,33.021,4.5344
10.458,11.616,0,-0.081351,32.904,2.7364
10.458,11.608,0,-0.083847,32.789,2.7009
10.362,11.6,-0.2381,-0.08604,32.655,4.2029
10.362,11.591,0,-0.087788,32.531,2.9317
10.362,11.582,0,-0.089639,32.409,2.8963
10.362,11.573,0,-0.090883,32.287,2.8631
10.362,11.564,0,-0.092759,32.166,2.8269
10.362,11.555,0,-0.094405,32.047,2.7913
10.362,11.546,0,-0.095477,31.928,2.7577
10.362,11.536,0,-0.097388,31.81,2.7204
10.362,11.526,0,-0.09866,31.693,2.6853
10.362,11.516,0,-0.09994,31.577,2.6499
10.362,11.506,0,-0.10115,31.462,2.6146
10.362,11.496,0,-0.10195,31.348,2.5807
10.362,11.486,0,-0.10232,31.235,2.5485
10.362,11.476,0,-0.10343,31.123,2.5133
10.362,11.466,0,-0.10467,31.012,2.4773
10.362,11.455,0,-0.10635,30.902,2.4394
10.362,11.444,0,-0.1076,30.793,2.4029
10.362,11.434,0,-0.1092,30.686,2.3648
9.9976,11.423,-0.30472,-0.1107,30.219,5.185
9.9976,11.412,0,-0.11251,30.077,3.4104
9.9976,11.4,0,-0.1153,29.936,3.3613
9.9976,11.389,0,-0.11846,29.796,3.3099
9.9976,11.377,0,-0.12066,29.658,3.262
9.9976,11.365,0,-0.12271,29.52,3.2144
9.8127,11.353,-0.31786,-0.12484,29.327,5.642
9.8127,11.34,0,-0.12752,29.173,3.7129
9.8127,11.327,0,-0.1293,29.021,3.6624
9.8127,11.315,0,-0.13147,28.87,3.6097
9.8127,11.301,0,-0.13415,28.721,3.5542
9.8127,11.288,0,-0.13571,28.573,3.5033
9.8127,11.274,0,-0.13611,28.426,3.4574
9.8127,11.261,0,-0.13629,28.28,3.4125
9.8127,11.247,0,-0.13718,28.136,3.3645
9.6306,11.233,-0.20496,-0.13927,27.927,5.0658
9.6306,11.22,0,-0.14027,27.767,3.8573
9.6306,11.206,0,-0.1419,27.609,3.8028
9.6306,11.191,0,-0.14341,27.452,3.7486
9.6306,11.177,0,-0.14498,27.297,3.6938
9.6306,11.162,0,-0.14551,27.143,3.6435
9.6306,11.148,0,-0.14658,26.991,3.5909
9.6306,11.133,0,-0.14765,26.84,3.5381
9.6306,11.118,0,-0.15012,26.69,3.4788
9.6306,11.103,0,-0.15235,26.542,3.4202
9.6306,11.088,0,-0.15636,26.396,3.3532
9.6306,11.073,0,-0.16256,26.251,3.2757
9.6306,11.056,0,-0.16971,26.107,3.1928
9.6306,11.039,0,-0.17938,25.965,3.0976
9.6306,11.021,0,-0.18946,25.825,2.999
9.6306,11.003,0,-0.19984,25.687,2.8973
9.6306,10.983,0,-0.21109,25.551,2.7904
9.6306,10.961,0,-0.22096,25.417,2.6874
8.6911,10.939,-1.0514,-0.23165,24.752,15.505
8.6911,10.916,0,-0.24282,24.528,5.5684
8.6911,10.892,0,-0.25555,24.307,5.411
8.6911,10.866,0,-0.26884,24.088,5.248
8.6911,10.839,0,-0.28165,23.872,5.0848
8.6911,10.811,0,-0.29678,23.658,4.9074
8.6911,10.782,0,-0.31317,23.448,4.7212
8.6911,10.75,0,-0.33108,23.24,4.5251
8.6911,10.717,0,-0.35162,23.036,4.3142
8.6911,10.682,0,-0.37368,22.835,4.0942
8.6911,10.645,0,-0.39615,22.638,3.8707
7.2107,10.605,-1.8866,-0.4207,21.685,35.938
7.2107,10.563,0,-0.44793,21.348,8.7686
7.2107,10.518,0,-0.47829,21.015,8.392
7.2107,10.47,0,-0.51163,20.686,7.9922
7.2107,10.419,0,-0.54849,20.363,7.567
7.2107,10.364,0,-0.58637,20.045,7.1326
7.2107,10.306,0,-0.62593,19.732,6.6868
7.2107,10.243,0,-0.67006,19.426,6.2163
7.2107,10.176,0,-0.71669,19.126,5.7351
7.2107,10.104,0,-0.76479,18.833,5.2518
7.2107,10.028,0,-0.81454,18.548,4.7692
7.2107,9.9465,0,-0.86905,18.27,4.279
7.2107,9.8596,0,-0.9289,18.001,3.7869
7.2107,9.7667,0,-0.99402,17.74,3.3039
7.2107,9.6673,0,-1.064,17.49,2.8444
7.2107,9.5609,0,-1.1374,17.249,2.4282
7.2107,9.4471,0,-1.212,17.02,2.0759
7.2107,9.3259,0,-1.29,16.803,1.8031
7.2107,9.1969,0,-1.3715,16.597,1.636
7.2107,9.0598,0,-1.4619,16.406,1.614
7.2107,8.9136,0,-1.5549,16.228,1.7828
7.2107,8.7581,0,-1.657,16.066,2.2221
7.2107,8.5924,0,-1.7683,15.919,3.0382
7.2107,8.4156,0,-1.88,15.79,4.3032
7.2107,8.2276,0,-2.0007,15.679,6.2372
7.2107,8.0275,0,-2.12,15.587,8.9476
7.2107,7.8155,0,-5.2,15.516,111.56
7.2107,7.2955,0,-5.2,15.481,110.49
7.2107,6.7755,0,-5.2,15.499,109.42
7.2107,6.2555,0,-5.2,15.569,108.36
2.1879,5.7355,-0.17766,-8.8,6.8338,0
2.1879,4.8555,0,-8.8,6.5231,0
2.1879,3.9755,0,-8.8,6.3003,0
2.1879,3.0955,0,-8.8,6.1655,0
2.1879,2.2155,0,-8.8,6.1188,0
2.1879,1.3355,0,4.9,6.16,34.548
2.1879,1.8255,0,0.93364,6.2208,2.4623
2.1879,1.9189,0,0.40432,6.2523,0.47556
2.1879,1.9593,0,0.14649,6.2772,0
2.1879,1.974,0,0.025677,6.2994,0
2.1879,1.9765,0,0.0024388,6.3206,0
2.1879,1.9768,0,0.042401,6.3417,0
2.1879,1.981,0,0.16776,6.3626,0
2.1879,1.9978,0,0.32061,6.3825,0.40861
2.1879,2.0298,0,0.45572,6.3999,0.96771
2.2448,2.0754,0.83694,0.55102,6.2661,0
2.2448,2.1305,0,0.59856,6.2803,1.6889
2.2448,2.1904,0,0.64711,6.2888,2.1053
2.2448,2.2551,0,0.60013,6.291,2.0995
2.2448,2.3151,0,0.60234,6.287,2.3092
2.2448,2.3753,0,0.55486,6.2769,2.2853
2.2448,2.4308,0,0.53238,6.2611,2.3638
2.2448,2.4841,0,0.50304,6.2398,2.4025
2.2448,2.5344,0,0.52327,6.2134,2.668
2.2448,2.5867,0,0.52838,6.1818,2.8719
2.2448,2.6395,0,0.54823,6.145,3.1558
2.2448,2.6944,0,0.6084,6.1028,3.668
2.2448,2.7552,0,0.65047,6.0548,4.1246
2.2448,2.8202,0,0.72998,6.0005,4.8328
2.2448,2.8932,0,0.78211,5.9393,5.4383
3.4112,2.9714,1.4079,0.82816,6.6509,0
3.4112,3.0543,0,0.89044,6.6907,2.2616
3.4112,3.1433,0,0.98172,6.7219,3.0595
3.4112,3.2415,0,1.08,6.7438,3.99
3.4112,3.3495,0,1.1631,6.7554,4.9254
3.4112,3.4658,0,1.2475,6.7557,5.9542
3.4112,3.5905,0,1.2984,6.744,6.8371
3.4112,3.7204,0,1.3388,6.7196,7.6971
3.4112,3.8543,0,1.3422,6.682,8.3285
3.4112,3.9885,0,1.3464,6.631,8.9781
3.4112,4.1231,0,1.3708,6.5665,9.7929
3.4112,4.2602,0,1.3865,6.4884,10.568
3.4112,4.3989,0,1.3801,6.3966,11.189
3.4112,4.5369,0,1.3668,6.2909,11.759
3.4112,4.6735,0,1.3421,6.1715,12.235
3.4112,4.8078,0,1.2953,6.0386,12.524
3.4112,4.9373,0,1.2414,5.8925,12.732
3.4112,5.0614,0,1.1594,5.7336,12.686
3.4112,5.1774,0,1.0538,5.5628,12.411
3.4112,5.2827,0,0.91982,5.3809,11.867
3.4112,5.3747,0,0.76646,5.1892,11.123
3.4112,5.4514,0,0.594,4.989,10.191
3.4112,5.5108,0,0.41249,4.782,9.1579
3.4112,5.552,0,0.22962,4.57,8.091
3.4112,5.575,0,0.060026,4.3547,7.0977
3.4112,5.581,0,-0.027384,4.1381,6.5885
3.4112,5.5782,0,-0.077567,3.9212,6.2812
3.4112,5.5705,0,-0.11881,3.7049,6.0133
3.4112,5.5586,0,-0.15759,3.4896,5.7496
3.4112,5.5428,0,-0.19608,3.2756,5.4793
3.4112,5.5232,0,-0.23702,3.0634,5.1887
3.4112,5.4995,0,-0.28191,2.8534,4.8716
3.4112,5.4713,0,-0.33309,2.646,4.5188
3.4112,5.438,0,-0.39101,2.4416,4.1321
3.9069,5.3989,-2.2406,-0.45155,8.1145,10.451
3.9069,5.3538,0,-0.51642,7.9676,1.9677
3.9069,5.3021,0,-0.58631,7.8255,1.6501
3.9069,5.2435,0,-8.8,7.6889,0
3.9069,4.3635,0,-0.36947,7.5992,0.21557
3.9069,4.3266,0,-0.41695,7.5554,0.10287
3.9069,4.2849,0,-8.8,7.5156,0
3.9069,3.4049,0,-0.18917,7.5218,0
3.9069,3.3859,0,-0.2076,7.5729,0
2.4517,3.3652,-0.52039,-0.22017,6.8363,3.9607
2.4001,3.3432,-0.38179,-0.23124,6.7363,3.2027
2.4001,3.32,0,-8.8,6.6431,0
2.4001,2.44,0,-0.0195,6.5951,0.040887
2.4001,2.4381,0,-0.022602,6.5912,0.030414
2.4001,2.4358,0,-0.02106,6.5876,0.029012
2.4001,2.4337,0,-0.018672,6.5841,0.029691
2.4001,2.4319,0,-0.018421,6.5808,0.026399
2.4001,2.43,0,-0.018887,6.5777,0.02167
2.4001,2.4281,0,-0.019465,6.5748,0.016622
2.4001,2.4262,0,-0.022654,6.5721,0.0060938
2.4001,2.4239,0,-0.030731,6.5697,0
2.4001,2.4208,0,-0.040788,6.5674,0
2.4001,2.4168,0,-0.055805,6.5656,0
2.4001,2.4112,0,-0.07627,6.5642,0
2.4001,2.4036,0,-0.10209,6.5634,0
2.4001,2.3933,0,-0.12952,6.5636,0
2.4001,2.3804,0,-8.8,6.5649,0
2.4001,1.5004,0,-0.016893,6.6109,0
2.4001,1.4987,0,-0.038882,6.701,0
2.4001,1.4948,0,-0.06118,6.7913,0
2.4001,1.4887,0,-0.082822,6.8821,0
2.4001,1.4804,0,-0.10591,6.9737,0
2.4001,1.4698,0,-0.13027,7.0662,0
2.4001,1.4568,0,-0.15622,7.1599,0
2.4001,1.4412,0,-8.8,7.255,0
2.4001,0.56118,0,-1.6538,7.3949,0
2.4001,0.3958,0,-1.6126,7.587,0
2.4001,0.23454,0,-1.661,7.7955,0
-0.57407,0.068437,-1.7458,-1.7458,5.3233,5.9026
-0.57407,0,0,-1.8569,5.2678,1.8605
-0.57407,0,0,-1.9578,5.2197,1.6484
-0.57407,0,0,-2.0729,5.1721,1.4065
-0.57407,0,0,-8.8,5.125,0
-0.57407,0,0,-8.8,5.1116,0
-0.57407,0,0,-8.8,5.0982,0
-0.57407,0,0,-8.8,5.0848,0
-2.195,0,-2.3277,-8.8,4.466,0
-2.195,0,0,-8.8,4.2905,0
-2.195,0,0,-8.8,4.115,0
-2.195,0,0,-8.8,3.9395,0
-2.195,0,0,-8.8,3.764,0
-2.195,0,0,-8.8,3.5885,0
-3.682,0,-2.6121,-8.8,2.9619,0
-3.9518,0,-2.6337,-8.8,2.6301,0
-3.9518,0,0,-8.8,2.2789,0
-3.9518,0,0,-8.8,1.9277,0
-4.7765,0,-2.8907,-10.777,1.4465,0
-4.7765,0,0,-15.577,1.0227,0
-4.7765,0,0,-28.373,0.62296,0
-4.7765,0,0,-106.38,0.28718,0
-4.7765,0,0,-175.77,0.34144,0
-4.7765,0,0,-56.912,0.74263,0
-4.7765,0,0,9.8,1.55,34.969
-4.7765,0.98,0,-124.26,1.0233,0
-7.3468,0,-3.5939,-400.73,0.067956,0
-7.7005,0,-3.7135,-26.33,1.3109,0
-7.7005,0,0,-53.587,0.67252,0
-7.7005,0,0,-408.48,0.17041,0
-7.7005,0,0,-34.496,1.4427,0
-7.7005,0,0,-82.654,0.84517,0
-7.7005,0,0,-3458.8,0.4884,0
-9.8727,0,-3.3958,-3.3958,16.334,24.824
-9.8727,0,0,-3.3942,15.364,17.692
-9.8727,0,0,-3.3168,14.393,17.855
-9.8727,0,0,-3.192,13.423,18.117
-11.207,0,-3.1054,-3.1054,12.168,27.56
-11.207,0,0,-2.921,11.063,21.422
-11.207,0,0,-2.6781,9.957,21.932
-11.207,0,0,-2.5172,8.8497,22.27
-11.207,0,0,-2.3545,7.7416,22.612
-12.554,0,-2.1687,-2.1687,6.2708,30.322
-12.554,0,0,-2.0227,5.0262,26.072
-12.554,0,0,-24.471,3.7809,0
-12.554,0,0,-35.684,2.6478,0
-12.554,0,0,-64.639,1.5708,0
-12.554,0,0,-236.98,0.63854,0
-12.554,0,0,-459.84,0.56797,0
-12.554,0,0,-87.538,1.6117,0
-12.554,0,0,-584.75,0.79399,0
-12.554,0,0,-61.877,2.4623,0
-12.554,0,0,-189.72,1.5162,0
-12.554,0,0,-2376.6,1.2094,0
-12.554,0,0,-2.2852,11.837,25.52
-12.554,0,0,-2.3435,10.593,25.398
-15.272,0,-2.3552,-2.3552,7.4753,35.892
-15.506,0,-2.2979,-2.2979,5.9507,36.372
-15.506,0,0,-30.436,4.4116,0
-15.506,0,0,-45.331,3.0132,0
-15.506,0,0,-85.214,1.6893,0
-15.506,0,0,-368.35,0.56478,0
-15.506,0,0,-247.83,0.85597,0
-15.506,0,0,-1148.1,0.54456,0
-15.506,0,0,-35.227,4.7343,0
-15.506,0,0,-55.228,3.3599,0
-15.506,0,0,-119.49,2.0855,0
-17.165,0,-0.73193,-1198.1,0.12303,0
-17.165,0,0,-34.548,4.3973,0
-17.165,0,0,-53.669,2.8535,0
-17.165,0,0,-111.2,1.4054,0
-17.165,0,0,-810.24,0.24496,0
-17.165,0,0,-61.947,2.5797,0
-17.165,0,0,-147.96,1.173,0
-17.165,0,0,-8566.6,0.19629,0
-17.165,0,0,7.8,41.313,56.163
-17.165,0.78,0,7.8,39.557,57.762
-17.165,1.56,0,7.8,37.724,59.361
-17.165,2.34,0,7.8,35.812,60.96
-17.165,3.12,0,7.8,33.823,62.559
-17.165,3.9,0,7.8,31.755,64.158
-17.165,4.68,0,7.8,29.61,65.757
-17.165,5.46,0,-1.0188,27.386,48.826
-17.165,5.3581,0,-1.1624,25.129,48.315
-17.165,5.2419,0,-1.344,22.883,47.695
-17.165,5.1075,0,-1.5769,20.649,46.93
-17.165,4.9498,0,-1.8801,18.429,45.97
-17.165,4.7618,0,-2.2906,16.227,44.722
-17.165,4.5327,0,-2.8721,14.046,43.03
-17.165,4.2455,0,-3.7403,11.891,40.617
-17.165,3.8715,0,-5.1371,9.7683,36.915
-17.165,3.3578,0,-49.71,7.6903,0
-17.165,0,0,-59.979,5.8866,0
-17.165,0,0,-118.54,4.4701,0
-20.824,0,-7.5166,-613.71,0.35769,0
-20.824,0,0,-184.03,1.3438,0
-20.824,0,0,-7457.6,0.18148,0
-20.824,0,0,7.8,35.387,63.665
-20.824,0.78,0,7.8,33.265,65.264
-22.855,1.56,0.86165,7.8,30.368,69.216
-22.855,2.34,0,7.8,27.888,72.626
-22.855,3.12,0,7.8,25.329,74.225
-22.855,3.9,0,-1.0308,22.693,57.268
-22.855,3.7969,0,-1.2258,20.022,56.647
-22.855,3.6743,0,-1.4844,17.363,55.852
-22.855,3.5259,0,-1.8444,14.718,54.791
-22.855,3.3414,0,-2.3763,12.089,53.296
-22.855,3.1038,0,-3.2157,9.4811,51.045
-22.855,2.7822,0,-4.6855,6.9013,47.297
-22.855,2.3137,0,-67.436,4.3609,0
-22.855,0,0,-104.73,2.1812,0
-22.855,0,0,-360.62,0.41935,0
-22.855,0,0,-1023.4,-0.063065,0
-22.855,0,0,-80.762,2.7685,0
-22.855,0,0,-197.1,0.88675,0
-22.855,0,0,-19835,-0.41326,0
-22.855,0,0,7.8,96.476,67.829
-22.356,0.78,0.37601,7.8,94.67,67.614
-22.356,1.56,0,7.8,92.317,70.003
-22.356,2.34,0,7.8,89.886,71.602
-22.356,3.12,0,7.8,87.378,73.201
-22.356,3.9,0,7.8,84.791,74.8
-22.356,4.68,0,7.8,82.127,76.399
-22.356,5.46,0,7.8,79.384,77.998
-22.356,6.24,0,6.7,76.563,77.285
-22.356,6.91,0,6.7,73.67,78.659
-22.356,7.58,0,6.7,70.71,80.032
-22.356,8.25,0,6.7,67.683,81.406
-22.356,8.92,0,6.7,64.589,82.779
-20.508,9.59,1.5614,6.7,62.316,77.083
-20.508,10.26,0,6.7,59.272,81.737
-20.508,10.93,0,6.7,56.162,83.111
-20.508,11.6,0,6.7,52.985,84.484
-20.508,12.27,0,4.8,49.741,81.866
-20.508,12.75,0,4.8,46.439,82.85
-20.508,13.23,0,4.8,43.089,83.834
-20.508,13.71,0,4.8,39.691,84.818
-20.508,14.19,0,-2.3991,36.246,70.675
-20.508,13.95,0,-2.7339,32.788,69.479
-20.508,13.677,0,-3.1535,29.356,68.037
-20.508,13.361,0,-3.6888,25.953,66.266
-20.508,12.992,0,-4.385,22.585,64.047
-20.508,12.554,0,-5.3146,19.257,61.194
-20.508,12.023,0,-6.6095,15.977,57.384
-20.508,11.362,0,-7.84,12.757,53.443
-20.508,10.578,0,-7.84,9.6092,51.836
-20.508,9.7936,0,-53.846,6.5399,0
-20.508,4.4089,0,-53.848,3.779,0
-19.507,0,-0.50315,-59.619,3.2185,0
-19.507,0,0,-122.19,1.5659,0
-19.507,0,0,-876.06,0.2261,0
-19.507,0,0,-74.15,2.6557,0
-19.507,0,0,-191.36,1.0757,0
-19.507,0,0,9.8,1.0893,65.167
-19.812,0.98,-0.50811,9.8,1,68.87
-19.812,1.96,0,9.8,1.0082,69.811
-19.812,2.94,0,9.8,1.0207,71.82
-19.812,3.92,0,9.8,1.0369,73.829
-19.812,4.9,0,9.8,1.0571,75.838
-19.812,5.88,0,9.8,1.0888,77.847
-19.812,6.86,0,9.8,1.1179,79.856
-19.812,7.84,0,9.8,1.1504,81.865
-19.812,8.82,0,9.8,1.1872,83.874
-19.812,9.8,0,9.8,1.2195,85.883
-19.812,10.78,0,9.8,1.2626,87.892
-19.812,11.76,0,9.8,1.3058,89.901
-19.812,12.74,0,9.8,1.34,91.91
-19.812,13.72,0,9.8,1.3698,93.919
-19.812,14.7,0,9.8,1.3993,95.928
-19.812,15.68,0,9.8,1.4297,97.937
-19.812,16.66,0,9.8,1.4397,99.946
-19.812,17.64,0,9.8,1.4325,101.95
-19.812,18.62,0,9.8,1.4117,103.96
-19.812,19.6,0,9.8,1.3782,105.97
-19.812,20.58,0,9.8,1.3246,107.98
-19.812,21.56,0,9.8,1.2461,109.99
-19.812,22.54,0,9.8,1.1394,112
-19.812,23.52,0,9.8,1.0152,114.01
-18.249,24.5,2.3801,9.8,1,107.81
-18.249,25.48,0,9.8,0.99353,114.82
-18.249,26.46,0,9.8,0.96667,116.83
-17.509,27.44,2.4719,9.8,1,112.13
-17.509,28.42,0,9.8,0.98584,119.33
-17.011,29.4,2.3242,9.8,1,115.44
-17.011,30.38,0,9.8,0.98062,122.33
-17.011,31.36,0,9.8,0.94569,124.34
-17.011,32.34,0,9.8,0.89149,126.35
-17.011,33.32,0,9.8,0.81097,128.36
-17.011,34.3,0,9.8,0.71947,130.37
-17.011,35.28,0,9.8,0.60935,132.38
-17.011,36.26,0,9.8,0.47035,134.38
-15.437,37.24,1.6856,9.8,1,129.62
-15.437,38.22,0,9.8,0.99408,135.17
-15.437,39.2,0,9.8,0.95943,137.18
-14.943,40.18,1.5732,9.8,1,134.87
-14.779,41.16,1.4518,9.8,1,136.8
-14.779,42.14,0,9.8,1.0002,141.86
