0,0,0.084603,0,35.5,0
0,0,0,7.8,35.5,59.103
0,0.78,0,7.8,35.461,63.94
0,1.56,0,7.8,35.344,68.834
0.012892,2.34,-0.0082966,7.8,35.146,90.694
0.012892,3.12,0,7.8,34.874,96.38
0.012892,3.9,0,7.8,34.525,102.01
-0.0010389,4.68,-0.0011595,7.8,34.114,103.64
-0.0010389,5.46,0,7.8,33.607,105.24
-0.0010389,6.24,0,6.7,33.022,104.53
-0.0010389,6.91,0,6.7,32.364,105.9
-0.0010389,7.58,0,6.7,31.639,107.27
-0.0010389,8.25,0,-0.43634,30.848,93.652
-0.0010389,8.2064,0,-0.45122,30.025,93.531
-0.0010389,8.1612,0,-0.46693,29.206,93.406
-0.0010389,8.1146,0,-0.48358,28.392,93.275
-0.0010389,8.0662,0,-0.50141,27.583,93.138
-0.0010389,8.0161,0,-0.51974,26.779,92.997
-0.032974,7.9641,-0.0093239,-0.53956,25.991,92.934
-0.032974,7.9101,0,-0.56025,25.194,92.76
-0.032974,7.8541,0,-0.58208,24.402,92.599
-0.032974,7.7959,0,-0.60524,23.616,92.431
-0.032974,7.7354,0,-0.62849,22.837,92.258
-0.032974,7.6725,0,-0.65447,22.063,92.075
-0.044547,7.6071,-0.011837,-0.68198,21.306,91.932
-0.044547,7.5389,0,-0.7113,20.544,91.705
-0.044547,7.4677,0,-0.74217,19.789,91.495
-0.044547,7.3935,0,-0.77542,19.042,91.273
-0.044547,7.316,0,-0.81029,18.302,91.04
-0.044547,7.235,0,-0.84879,17.57,90.793
-0.044547,7.1501,0,-0.88842,16.846,90.536
-0.044547,7.0612,0,-0.9308,16.131,90.265
-0.044547,6.9682,0,-0.97699,15.425,89.977
-0.044547,6.8705,0,-1.0232,14.729,89.68
-0.044547,6.7681,0,-1.0749,14.043,89.361
-0.044547,6.6606,0,-1.1304,13.367,89.024
-0.044547,6.5476,0,-1.1891,12.702,88.669
-0.044547,6.4287,0,-1.2509,12.049,88.296
-0.044547,6.3036,0,-1.3175,11.407,87.899
-0.044547,6.1718,0,-1.3854,10.779,87.487
-0.044547,6.0333,0,-1.4598,10.165,87.046
-0.11763,5.8873,-0.0088722,-1.5383,9.5008,86.75
-0.11763,5.7335,0,-1.6196,8.908,86.246
-0.11763,5.5715,0,-1.7094,8.331,85.725
-0.11763,5.4006,0,-1.7947,7.7707,85.195
-0.11763,5.2211,0,-8.8,7.2278,70.107
-0.11763,4.3411,0,-8.8,6.7379,68.303
-0.11713,3.4611,0.0023985,-8.8,6.3212,66.493
-0.11713,2.5811,0,-8.8,6.0074,64.694
-0.11713,1.7011,0,-8.8,5.7816,62.89
-0.11713,0.82113,0,-0.0050118,5.6438,79.567
-0.11713,0.82063,0,-0.0088087,5.55,79.558
-0.11713,0.81974,0,-0.0058107,5.4562,79.562
-0.11713,0.81916,0,-8.8,5.3626,61.082
-0.086458,0,-0.001068,-0.001068,5.2977,77.831
-0.086458,0,0,-0.0096013,5.2891,77.811
-0.086458,0,0,-0.0048603,5.2805,77.821
-0.086458,0,0,-0.01474,5.2719,77.8
-0.086458,0,0,-0.017231,5.2633,77.795
-0.086458,0,0,-0.015338,5.2547,77.799
-0.086458,0,0,-0.016595,5.2462,77.796
-0.086458,0,0,-0.019205,5.2376,77.791
-0.086458,0,0,-0.014221,5.2291,77.801
-0.086458,0,0,-0.0093469,5.2205,77.812
-0.086458,0,0,-0.011956,5.2119,77.806
-0.086458,0,0,-0.0061435,5.2033,77.818
-0.086458,0,0,-0.0016359,5.1947,77.828
-0.086458,0,0,0.029432,5.1861,77.893
-0.086458,0.0029432,0,0.08776,5.1773,78.022
-0.086458,0.011719,0,0.18237,5.1679,78.238
-0.086458,0.029957,0,0.28694,5.1572,78.496
-0.086458,0.05865,0,0.40468,5.1441,78.802
-0.086458,0.099118,0,0.50259,5.1275,79.09
-0.086458,0.14938,0,0.57027,5.1065,79.336
0.11275,0.2064,0.60135,0.60135,5.1144,0.19623
0.11275,0.26654,0,-8.8,5.1021,0
0.11275,0,0,0.60296,5.1307,1.7134
0.11275,0.060296,0,0.59065,5.139,1.8518
0.11275,0.11936,0,0.5953,5.1413,2.0651
0.11275,0.17889,0,0.64285,5.1376,2.4907
0.11275,0.24317,0,0.7744,5.1278,3.3968
0.11275,0.32061,0,0.99674,5.1109,4.9851
0.11275,0.42029,0,1.2559,5.0851,7.1067
0.11275,0.54588,0,1.4934,5.0481,9.4051
0.11275,0.69522,0,-8.8,4.9973,0
0.11275,0,0,1.8028,4.983,9.1744
0.11275,0.18028,0,1.8146,4.9853,10.133
0.11275,0.36175,0,1.7861,4.9695,10.794
1.6685,0.54036,1.7551,1.7551,5.7475,0
1.6685,0.71586,0,1.738,5.8516,4.9161
1.6685,0.88966,0,4.9,5.9381,35.015
1.6685,1.3797,0,4.9,5.9915,38.141
1.6685,1.8697,0,1.9073,5.9959,11.533
2.5385,2.0604,1.7039,1.5543,6.1775,0
2.5385,2.2158,0,1.4112,6.2175,5.433
2.5385,2.3569,0,1.355,6.2427,5.6609
2.5385,2.4924,0,1.3231,6.2541,6.0266
2.5385,2.6247,0,1.3029,6.2521,6.4611
2.5385,2.755,0,1.3397,6.237,7.2879
2.5385,2.889,0,1.3911,6.2086,8.2604
2.5385,3.0281,0,1.4281,6.1666,9.1787
2.5385,3.1709,0,1.4907,6.1105,10.335
2.5385,3.32,0,1.5353,6.0398,11.411
2.5385,3.4735,0,1.5517,5.954,12.304
2.5385,3.6287,0,1.5649,5.8528,13.194
2.5385,3.7852,0,1.5567,5.7359,13.924
2.5385,3.9409,0,1.538,5.6035,14.567
2.5385,4.0947,0,1.5174,5.4556,15.19
2.5385,4.2464,0,1.4972,5.2924,15.809
2.5385,4.3961,0,1.4705,5.1141,16.367
2.5385,4.5432,0,1.4475,4.921,16.945
2.5385,4.6879,0,1.4337,4.7133,17.595
6.2583,4.8313,1.4553,1.4046,7.9857,0
6.2583,4.9718,0,1.3546,8.1214,1.3624
6.2583,5.1072,0,1.2876,8.2433,1.4966
6.2583,5.236,0,1.2109,8.3519,1.5586
6.2583,5.3571,0,1.1227,8.4481,1.5379
6.2583,5.4693,0,1.0143,8.5326,1.3943
6.2583,5.5708,0,0.91626,8.6065,1.2724
6.2583,5.6624,0,0.83445,8.6706,1.1994
6.2583,5.7458,0,0.75835,8.7261,1.1304
6.2583,5.8217,0,0.68982,8.7735,1.0743
6.6635,5.8906,-0.20342,0.61614,9.1424,0.62293
6.6336,5.9523,-0.25191,0.5372,9.207,0.786
6.6336,6.006,0,0.47365,9.2725,0
6.6336,6.0533,0,0.41012,9.3329,0
6.6336,6.0944,0,0.34397,9.3888,0
6.6336,6.1288,0,0.28794,9.441,0
6.6336,6.1575,0,0.22213,9.4901,0
6.6336,6.1798,0,0.15086,9.5366,0
6.6336,6.1948,0,0.08607,9.5812,0
6.6336,6.2035,0,0.018954,9.6246,0
6.6336,6.2053,0,-0.017125,9.6676,0
6.6336,6.2036,0,-0.046558,9.7105,0
6.6336,6.199,0,-0.07868,9.7537,0
6.6336,6.1911,0,-0.11172,9.7975,0
6.6336,6.1799,0,-0.1487,9.8424,0
6.6336,6.1651,0,-0.18471,9.8885,0
6.6336,6.1466,0,-0.22341,9.9362,0
6.6336,6.1243,0,-0.26312,9.986,0
6.6336,6.0979,0,-0.29994,10.038,0
6.6336,6.068,0,-0.34216,10.093,0
6.6336,6.0337,0,-0.38825,10.152,0
6.6336,5.9949,0,-0.43556,10.214,0
6.6336,5.9514,0,-0.4879,10.28,0
6.6336,5.9026,0,-0.54395,10.35,0
6.6336,5.8482,0,-0.59953,10.426,0.19834
6.6336,5.7882,0,-0.65597,10.508,0.60005
6.6336,5.7226,0,-8.8,10.595,62.966
6.6336,4.8426,0,-0.40844,10.731,1.1462
3.299,4.8018,-1.6645,-0.46001,7.4636,8.8393
3.1312,4.7558,-1.6663,-8.8,7.299,0
3.1312,3.8758,0,-0.23889,7.1805,1.0623
3.1312,3.8519,0,-0.27907,7.1072,0.90402
3.1312,3.824,0,-0.3226,7.0366,0.74289
3.1312,3.7917,0,-8.8,6.9689,0
3.1312,2.9117,0,-0.12187,6.9469,0
3.1312,2.8995,0,-0.14977,6.9694,0
3.1312,2.8846,0,-0.17741,6.9933,0
3.1312,2.8668,0,-0.19996,7.0189,0
3.1312,2.8468,0,-8.8,7.0463,0
3.1312,1.9668,0,-0.03784,7.1188,0
1.5918,1.963,-1.4317,-0.05706,6.3096,4.5126
1.5918,1.9573,0,-0.077951,6.2727,0.61034
1.5918,1.9495,0,-0.10072,6.2366,0.53518
1.5918,1.9395,0,-0.12616,6.2013,0.45229
1.5918,1.9268,0,-0.15145,6.1672,0.36894
1.5918,1.9117,0,-8.8,6.1344,0
0.69741,1.0317,-1.4762,-0.028858,5.8747,3.9716
0.69741,1.0288,0,-0.040847,5.8414,0.62939
0.69741,1.0247,0,-0.053931,5.8085,0.58522
0.69741,1.0193,0,-0.067014,5.776,0.53916
0.69741,1.0126,0,-0.078116,5.7442,0.49626
0.69741,1.0048,0,-0.088419,5.713,0.45382
0.69741,0.99598,0,-8.8,5.6827,0
0.69741,0.11598,0,-0.74957,5.6969,0
-0.20506,0.041024,-0.69597,-0.69597,5.354,0.81844
-0.20506,0,0,-0.63921,5.3328,0
-0.20506,0,0,-0.48277,5.3155,0
-0.20506,0,0,-0.34142,5.2974,0.016936
-0.20506,0,0,-0.23085,5.2786,0.24927
-0.20506,0,0,-0.11774,5.2593,0.48695
-0.20506,0,0,-0.042808,5.2394,0.6444
-0.20506,0,0,-0.067228,5.2191,0.59308
-0.4775,0,-0.079888,-0.079888,5.0501,1.2928
-0.4775,0,0,-0.068978,5.0028,1.1479
-0.4775,0,0,-8.8,4.9554,0
-0.4775,0,0,-8.8,4.9516,0
-0.4775,0,0,-8.8,4.9479,0
-0.4775,0,0,-8.8,4.9441,0
-0.50894,0,-0.080162,-8.8,4.9525,0
-0.50894,0,0,-8.8,4.9456,0
-0.50894,0,0,-8.8,4.9387,0
-0.53788,0,-0.070784,-8.8,4.9348,0
-0.53788,0,0,-8.8,4.925,0
-0.53788,0,0,-8.8,4.9152,0
-0.53788,0,0,-8.8,4.9054,0
-0.53788,0,0,-8.8,4.8957,0
-0.53788,0,0,-8.8,4.8859,0
-0.53788,0,0,-8.8,4.8761,0
-0.53788,0,0,-8.8,4.8663,0
-0.53788,0,0,-8.8,4.8565,0
-0.53788,0,0,-8.8,4.8467,0
-0.53788,0,0,-8.8,4.8369,0
-0.53788,0,0,-8.8,4.8271,0
-0.61709,0,-0.077132,-8.8,4.7958,0
-0.61709,0,0,-8.8,4.7781,0
-0.64173,0,-0.078818,-8.8,4.7501,0
-0.64173,0,0,-8.8,4.7299,0
-0.64173,0,0,-8.8,4.7098,0
-0.64173,0,0,-8.8,4.6896,0
-0.64173,0,0,-8.8,4.6694,0
-0.64173,0,0,-8.8,4.6492,0
-0.7058,0,-0.079663,-8.8,4.6106,0
-0.7058,0,0,-8.8,4.584,0
-0.7058,0,0,-8.8,4.5574,0
-0.7058,0,0,-8.8,4.5308,0
-0.74791,0,-0.083302,-8.8,4.5017,0
-0.74791,0,0,-8.8,4.4709,0
-0.75705,0,-0.081218,-8.8,4.4348,0
-0.75705,0,0,-8.8,4.4031,0
-0.75705,0,0,-8.8,4.3714,0
-0.75705,0,0,-8.8,4.3397,0
-0.79322,0,-0.082029,-8.8,4.3174,0
-0.79802,0,-0.079182,-8.8,4.2812,0
-0.79802,0,0,-8.8,4.2454,0
-0.79802,0,0,-8.8,4.2096,0
-0.83347,0,-0.083513,-8.8,4.1625,0
-0.83347,0,0,-8.8,4.1232,0
-0.83347,0,0,-8.8,4.0838,0
-0.83347,0,0,-8.8,4.0445,0
-0.83347,0,0,-8.8,4.0051,0
-0.83347,0,0,-8.8,3.9658,0
-0.83347,0,0,-8.8,3.9264,0
-0.83347,0,0,-8.8,3.8871,0
-0.83347,0,0,-8.8,3.8477,0
-0.83347,0,0,-8.8,3.8084,0
-0.83347,0,0,-8.8,3.769,0
-0.83347,0,0,-8.8,3.7297,0
-0.83347,0,0,-8.8,3.6903,0
-0.99131,0,-0.07619,-8.8,3.532,0
-0.99131,0,0,-8.8,3.4769,0
-0.99131,0,0,-8.8,3.4217,0
-0.99131,0,0,-8.8,3.3666,0
-0.99131,0,0,-8.8,3.3115,0
-0.99131,0,0,-8.8,3.2564,0
-0.99131,0,0,-8.8,3.2012,0
-1.0822,0,-0.076957,-8.8,3.1111,0
-1.0822,0,0,-8.8,3.0469,0
-1.0822,0,0,-8.8,2.9826,0
-1.0822,0,0,-8.8,2.9184,0
-1.0822,0,0,-8.8,2.8542,0
-1.0822,0,0,-8.8,2.79,0
-1.0822,0,0,-8.8,2.7258,0
-1.0822,0,0,-8.8,2.6615,0
-1.0822,0,0,-8.8,2.5973,0
-1.0822,0,0,-8.8,2.5331,0
-1.0822,0,0,-8.8,2.4689,0
-1.0822,0,0,-8.8,2.4047,0
-1.0822,0,0,-8.8,2.3404,0
-1.0822,0,0,-8.8,2.2762,0
-1.0822,0,0,-8.8,2.212,0
-1.0822,0,0,-8.8,2.1478,0
-1.0822,0,0,-8.8,2.0836,0
-1.0822,0,0,-8.8,2.0193,0
-1.0822,0,0,-8.8,1.9551,0
-0.024099,0,1.2889,-8.8,2.4232,0
-0.024099,0,0,-8.8,2.4648,0
-0.024099,0,0,-8.8,2.5064,0
-0.024099,0,0,-8.8,2.548,0
-0.024099,0,0,-8.8,2.5896,0
0.54543,0,0.7918,-8.8,2.7595,0
0.54543,0,0,-8.8,2.858,0
0.67993,0,0.44581,-8.8,2.967,0
0.71846,0,0.22576,-8.8,3.0872,0
0.71846,0,0,-8.8,3.203,0
0.71846,0,0,-8.8,3.3189,0
0.71846,0,0,-8.8,3.4347,0
0.71846,0,0,-8.8,3.5506,0
0.71846,0,0,-8.8,3.6664,0
0.71846,0,0,-8.8,3.7823,0
0.41794,0,-0.95455,-8.8,3.8478,0
0.41794,0,0,-8.8,3.9336,0
0.41794,0,0,-8.8,4.0194,0
0.41794,0,0,-8.8,4.1052,0
0.41794,0,0,-8.8,4.191,0
0.41794,0,0,-8.8,4.2768,0
0.41794,0,0,-8.8,4.3626,0
0.41794,0,0,-8.8,4.4484,0
0.41794,0,0,-8.8,4.5342,0
0.41794,0,0,-8.8,4.62,0
0.41794,0,0,-8.8,4.7058,0
0.41794,0,0,-8.8,4.7916,0
0.41794,0,0,-8.8,4.8773,0
0.41794,0,0,-8.8,4.9631,0
0.41794,0,0,-8.8,5.0489,0
0.41794,0,0,-8.8,5.1347,0
0.41794,0,0,-8.8,5.2205,0
0.41794,0,0,-8.8,5.3063,0
0.41794,0,0,-8.8,5.3921,0
0.41794,0,0,-8.8,5.4779,0
0.41794,0,0,-8.8,5.5637,0
0.41794,0,0,-8.8,5.6495,0
0.41794,0,0,-8.8,5.7353,0
-3.1137,0,-1.5791,-8.8,1.8381,0
-3.1137,0,0,-8.8,1.5708,0
-3.1137,0,0,-8.8,1.3034,0
-3.1137,0,0,-8.8,1.036,0
-3.1137,0,0,-13.574,0.76866,0
-3.1137,0,0,-28.721,0.52516,0
-3.1137,0,0,-308.51,0.3574,0
-3.1137,0,0,-11.503,1.5886,0
-3.1137,0,0,-17.795,1.3347,0
-4.9843,0,-1.0067,-38.633,0.33013,0
-4.9843,0,0,-1103.4,0.024865,0
-4.9843,0,0,-0.26504,5.0435,9.7702
-4.9843,0,0,-8.8,4.5464,0
-5.1465,0,0.32814,-8.8,4.0541,0
-5.1056,0,0.58285,-8.8,3.58,0
-5.1056,0,0,-8.8,3.1135,0
-5.1056,0,0,-8.8,2.6469,0
-4.8411,0,1.1816,-8.8,2.204,0
-4.7296,0,0.96863,-8.8,1.7631,0
-4.7296,0,0,-8.8,1.3341,0
-4.7296,0,0,-11.104,0.90514,0
-4.5368,0,-0.11292,-20.32,0.50928,0
-4.5368,0,0,-67.348,0.1572,0
-4.5368,0,0,-263.38,0.040264,0
-4.5368,0,0,-12.689,0.90347,0
-4.5368,0,0,-23.326,0.51323,0
-4.5368,0,0,-80.679,0.17618,0
-4.5368,0,0,-171.46,0.1259,0
-4.5368,0,0,-28.507,0.52954,0
-4.5368,0,0,-156.11,0.2184,0
-4.5368,0,0,-32.586,0.54525,0
-4.5368,0,0,-321.12,0.25449,0
-4.5368,0,0,-8.8,1.4064,0
-4.5368,0,0,-13.231,0.99675,0
-4.5368,0,0,-27.611,0.60922,0
-4.5368,0,0,-204.99,0.2936,0
-4.5368,0,0,-12.575,0.86487,0
-4.5368,0,0,-27.104,0.47406,0
-4.5368,0,0,-314.48,0.1559,0
-4.5368,0,0,-8.8,1.2746,0
-4.5368,0,0,-8.8,0.86496,0
-4.5368,0,0,-14.17,0.45528,0
-4.5368,0,0,-36.843,0.07245,0
-4.5368,0,0,-1201.2,-0.19702,0
-4.5368,0,0,0.16253,5.3551,9.7513
-4.5368,0.016253,0,0.041193,4.9006,9.5297
-4.5368,0.020372,0,-8.8,4.4451,0
-4.5368,0,0,-8.8,4.0334,0
-4.5368,0,0,-8.8,3.6237,0
-3.8252,0,-0.86942,-8.8,3.8978,0
-3.9112,0,-1.1067,-8.8,3.5644,0
-3.9112,0,0,-8.8,3.2173,0
-3.9112,0,0,-8.8,2.8702,0
-3.9112,0,0,-8.8,2.523,0
-3.9112,0,0,-8.8,2.1759,0
-4.5376,0,-1.3552,-8.8,1.6612,0
-4.5376,0,0,-10.116,1.2515,0
-4.5376,0,0,-15.486,0.84827,0
-4.5376,0,0,-31.809,0.47193,0
-4.5376,0,0,-198.1,0.17722,0
-4.5376,0,0,-26.58,0.71395,0
-4.5376,0,0,-95.818,0.39308,0
-4.5376,0,0,-192.87,0.41841,0
-4.5376,0,0,-33.32,0.92899,0
-4.5376,0,0,-170.46,0.64183,0
-4.5376,0,0,-48.405,1.0404,0
-4.5376,0,0,-1192.5,0.82864,0
-4.5376,0,0,-0.85868,6.3372,7.6072
-4.5376,0,0,-8.8,5.8877,0
-4.5376,0,0,-8.8,5.478,0
-6.289,0,-0.38992,-8.8,3.6162,0
-6.289,0,0,-8.8,3.0313,0
-6.289,0,0,-8.9417,2.4464,0
-6.289,0,0,-12.051,1.8622,0
-6.289,0,0,-17.719,1.2936,0
-6.289,0,0,-32.627,0.7533,0
-6.668,0,-0.75346,-121.21,0.18456,0
-6.668,0,0,-181.23,0.12381,0
-6.668,0,0,-65.732,0.36318,0
-6.668,0,0,-2795.7,0.02504,0
-6.668,0,0,-0.74943,13.337,12.204
-6.668,0,0,-0.77476,12.674,12.151
-6.668,0,0,-0.62584,12.011,12.464
-6.668,0,0,-0.46418,11.347,12.803
-6.668,0,0,-0.40429,10.683,12.929
-6.668,0,0,-0.34017,10.018,13.064
-6.668,0,0,-0.27485,9.3529,13.201
-6.668,0,0,-0.36369,8.6874,13.014
-6.668,0,0,-0.44156,8.0225,12.851
-6.668,0,0,-0.50368,7.3579,12.72
-6.668,0,0,-0.58366,6.6936,12.552
-6.668,0,0,-0.60279,6.0297,12.512
-6.668,0,0,-8.8,5.3659,0
-7.6492,0,-0.72513,-8.8,3.8804,0
-7.6492,0,0,-10.181,3.1595,0
-7.6492,0,0,-13.283,2.4455,0
-7.6492,0,0,-18.845,1.747,0
-7.6492,0,0,-31.677,1.0763,0
-8.0068,0,-0.55528,-85.303,0.37823,0
-8.0068,0,0,9.8,1.0119,37.116
-8.0068,0.98,0,-289.09,0.16224,0
-8.0068,0,0,-49.65,0.709,0
-8.0068,0,0,-321.73,0.15657,0
-8.0068,0,0,-39.596,0.96456,0
-8.0068,0,0,-146.62,0.36186,0
-8.0068,0,0,-288.83,0.29426,0
-8.0068,0,0,-51.126,0.93771,0
-8.0068,0,0,-340.05,0.39266,0
-8.6322,0,-0.49704,-40.151,0.93957,0
-8.6322,0,0,-134.02,0.2771,0
-8.6322,0,0,-417.11,0.084,0
-8.6322,0,0,-30.069,1.3063,0
-8.6322,0,0,-68.18,0.59343,0
-8.6322,0,0,-1424.1,0.071105,0
-8.6322,0,0,-0.66533,6.3286,16.407
