18.333,18.333,0.43445,0,35.5,0
18.333,18.333,0,0.019337,35.5,0.041569
18.333,18.335,0,0.037259,35.5,0.085901
18.46,18.339,0.37301,0.04829,35.531,0
18.46,18.344,0,0.063754,35.543,0
18.46,18.35,0,0.073873,35.554,0
18.561,18.358,0.32288,0.081288,35.589,0
18.561,18.366,0,0.090314,35.608,0
18.561,18.375,0,0.098785,35.627,0
18.561,18.385,0,0.10557,35.646,0
18.561,18.395,0,0.11263,35.663,0
18.561,18.406,0,0.11581,35.679,0
18.561,18.418,0,0.12396,35.693,0
18.752,18.43,0.090139,0.12864,35.775,0
18.752,18.443,0,0.12587,35.807,0
18.752,18.456,0,0.1234,35.837,0
18.752,18.468,0,0.11787,35.866,0
18.752,18.48,0,0.11076,35.894,0
18.754,18.491,0.06497,0.10482,35.93,0
18.754,18.502,0,0.10342,35.956,0
18.754,18.512,0,0.09997,35.981,0
18.754,18.522,0,0.096167,36.004,0
18.754,18.532,0,0.091097,36.027,0
18.754,18.541,0,0.08388,36.049,0
18.754,18.549,0,0.074877,36.07,0
18.754,18.556,0,0.068358,36.09,0
18.754,18.563,0,0.063151,36.109,0
18.718,18.57,-0.1281,0.059261,36.141,0.12263
18.718,18.576,0,0.052463,36.155,0
18.718,18.581,0,0.042815,36.169,0
18.718,18.585,0,0.027522,36.183,0
18.718,18.588,0,0.016482,36.196,0
18.609,18.59,-0.25232,0.0075654,36.161,0.67222
18.609,18.59,0,-0.0016311,36.163,0
18.609,18.59,0,-0.0042864,36.164,0
18.609,18.59,0,-0.0059004,36.166,0
18.609,18.589,0,-0.0083173,36.168,0
18.609,18.588,0,-0.010244,36.17,0
18.609,18.587,0,-0.014095,36.172,0
18.609,18.586,0,-0.018106,36.174,0
18.609,18.584,0,-0.021683,36.177,0
18.609,18.582,0,-0.02364,36.179,0
18.609,18.579,0,-0.023724,36.182,0
18.343,18.577,0.30913,-0.023071,35.985,0
18.343,18.575,0,-0.020175,35.961,0.45463
18.343,18.573,0,-0.01594,35.938,0.46089
18.343,18.571,0,-0.011552,35.915,0.46857
18.343,18.57,0,-0.0058359,35.893,0.48079
18.565,18.569,0.36919,-0.00044117,35.906,0
18.565,18.569,0,0.010625,35.906,0.031802
18.565,18.57,0,0.023135,35.905,0.061525
18.565,18.573,0,0.031181,35.905,0.084566
18.565,18.576,0,0.036411,35.904,0.10324
18.565,18.58,0,0.041109,35.902,0.12202
18.565,18.584,0,0.045559,35.901,0.14144
18.565,18.588,0,0.043484,35.899,0.14646
18.565,18.593,0,0.043471,35.896,0.15593
18.565,18.597,0,0.042851,35.893,0.16397
18.565,18.601,0,0.036857,35.89,0.15907
18.565,18.605,0,0.038102,35.886,0.17008
18.565,18.609,0,0.034251,35.882,0.16924
18.565,18.612,0,0.026619,35.877,0.15867
18.565,18.615,0,0.028241,35.872,0.16828
18.565,18.618,0,0.028406,35.867,0.17482
18.565,18.62,0,0.029967,35.862,0.18473
18.565,18.623,0,0.036574,35.856,0.2072
18.565,18.627,0,0.037912,35.85,0.21853
18.565,18.631,0,0.036729,35.844,0.22404
18.565,18.635,0,0.040173,35.837,0.24065
18.565,18.639,0,0.045678,35.83,0.26331
18.565,18.643,0,0.053045,35.822,0.29222
18.565,18.648,0,0.068848,35.814,0.3453
18.565,18.655,0,0.088778,35.805,0.41498
18.927,18.664,0.52366,0.10381,36.176,0
18.927,18.675,0,0.12091,36.202,0
19.029,18.687,0.36181,0.13531,36.245,0
19.029,18.7,0,0.14517,36.278,0
19.029,18.715,0,0.15186,36.31,0
19.029,18.73,0,0.15671,36.341,0
19.029,18.746,0,0.16132,36.37,0
19.186,18.762,0.20156,0.16736,36.427,0
19.186,18.778,0,0.1715,36.469,0
19.23,18.796,0.18079,0.17115,36.501,0
19.23,18.813,0,0.17024,36.544,0
19.23,18.83,0,0.16507,36.585,0
19.23,18.846,0,0.16504,36.624,0
19.23,18.863,0,0.1696,36.662,0
19.23,18.88,0,0.16864,36.698,0
19.23,18.897,0,0.16604,36.732,0
19.23,18.913,0,0.15957,36.764,0
19.23,18.929,0,0.14813,36.795,0
19.23,18.944,0,0.13509,36.825,0
19.23,18.957,0,0.12639,36.853,0
19.23,18.97,0,0.11653,36.879,0
19.23,18.982,0,0.10803,36.905,0
19.23,18.993,0,0.10256,36.929,0
19.23,19.003,0,0.096959,36.952,0
19.23,19.012,0,0.08849,36.974,0
19.23,19.021,0,0.08184,36.996,0
19.23,19.03,0,0.074852,37.016,0
19.23,19.037,0,0.065041,37.036,0
19.23,19.044,0,0.051724,37.055,0
19.23,19.049,0,0.039379,37.073,0
19.23,19.053,0,0.031136,37.091,0
19.23,19.056,0,0.026299,37.109,0
19.23,19.058,0,0.021894,37.126,0
19.23,19.061,0,0.022336,37.143,0
19.23,19.063,0,0.019716,37.16,0
19.23,19.065,0,0.011575,37.177,0
19.23,19.066,0,0.0028356,37.193,0
19.23,19.066,0,-0.0010418,37.21,0
19.23,19.066,0,-0.0030111,37.226,0
19.23,19.066,0,-0.0057664,37.243,0
19.23,19.065,0,-0.0088901,37.259,0
19.23,19.064,0,-0.011553,37.276,0
19.23,19.063,0,-0.013352,37.292,0
19.23,19.062,0,-0.015624,37.309,0
19.23,19.06,0,-0.017334,37.326,0
19.23,19.059,0,-0.019977,37.343,0
19.23,19.057,0,-0.022273,37.36,0
19.23,19.054,0,-0.023671,37.378,0
19.23,19.052,0,-0.025784,37.396,0
19.23,19.049,0,-0.027161,37.414,0
19.23,19.047,0,-0.029368,37.432,0
19.23,19.044,0,-0.030881,37.45,0
19.23,19.041,0,-0.031612,37.469,0
19.23,19.037,0,-0.032316,37.488,0
19.23,19.034,0,-0.032198,37.508,0
19.23,19.031,0,-0.032329,37.527,0
19.23,19.028,0,-0.030448,37.548,0
19.23,19.025,0,-0.029545,37.568,0
19.23,19.022,0,-0.027754,37.589,0
19.23,19.019,0,-0.025607,37.61,0
19.23,19.016,0,-0.023018,37.631,0
18.792,19.014,0.14228,-0.021813,36.633,0.11883
18.792,19.012,0,-0.020183,36.611,0.42814
18.792,19.01,0,-0.017795,36.589,0.42962
18.792,19.008,0,-0.016593,36.567,0.42865
18.792,19.007,0,-0.014929,36.546,0.42912
18.792,19.005,0,-0.013456,36.524,0.42948
18.875,19.004,-0.10549,-0.012685,36.543,0.52081
18.875,19.002,0,-0.014066,36.53,0.23799
18.875,19.001,0,-0.014167,36.517,0.2347
18.875,19,0,-0.015504,36.505,0.22852
18.875,18.998,0,-0.016438,36.492,0.22301
18.875,18.996,0,-0.017215,36.48,0.21767
18.875,18.995,0,-0.016639,36.468,0.21529
18.875,18.993,0,-0.016438,36.456,0.21218
18.875,18.991,0,-0.016867,36.444,0.20766
18.875,18.99,0,-0.017077,36.433,0.20356
18.875,18.988,0,-0.016599,36.421,0.20099
18.875,18.986,0,-0.016138,36.41,0.19849
18.875,18.985,0,-0.015786,36.399,0.19584
18.875,18.983,0,-0.016184,36.388,0.19155
18.875,18.981,0,-0.018023,36.377,0.18391
18.875,18.98,0,-0.019691,36.367,0.17629
18.875,18.978,0,-0.019819,36.356,0.17182
18.875,18.976,0,-0.021784,36.346,0.1632
18.734,18.974,-0.19401,-0.023863,36.251,1.0594
18.734,18.971,0,-0.025492,36.227,0.45333
18.734,18.969,0,-0.027524,36.204,0.44241
18.734,18.966,0,-0.029799,36.18,0.43047
18.734,18.963,0,-0.032999,36.157,0.41579
18.734,18.96,0,-0.035743,36.134,0.40162
18.734,18.956,0,-0.038581,36.112,0.3867
18.734,18.952,0,-0.041375,36.09,0.37136
18.734,18.948,0,-0.044185,36.068,0.35548
18.734,18.944,0,-0.046575,36.047,0.3401
18.734,18.939,0,-0.048142,36.026,0.32623
18.734,18.934,0,-0.050883,36.006,0.30936
18.734,18.929,0,-0.053661,35.986,0.29193
18.734,18.924,0,-0.057613,35.967,0.27137
18.734,18.918,0,-0.061454,35.948,0.25044
18.734,18.912,0,-0.06401,35.93,0.23176
18.734,18.905,0,-0.067258,35.913,0.21119
18.734,18.899,0,-0.070592,35.896,0.18996
18.734,18.892,0,-0.073539,35.88,0.16908
18.734,18.884,0,-0.076697,35.864,0.14737
18.734,18.877,0,-0.079639,35.85,0.12569
18.734,18.869,0,-0.084325,35.836,0.10013
18.734,18.86,0,-0.088548,35.823,0.074932
18.734,18.851,0,-0.091794,35.811,0.051139
18.734,18.842,0,-0.094997,35.799,0.027091
18.734,18.833,0,-0.098477,35.789,0.0022178
18.734,18.823,0,-0.10118,35.78,0
18.734,18.813,0,-0.10398,35.771,0
18.734,18.802,0,-0.10671,35.764,0
18.734,18.792,0,-0.10995,35.757,0
18.734,18.781,0,-0.11445,35.752,0
18.734,18.769,0,-0.11773,35.748,0
18.734,18.757,0,-0.12195,35.745,0
18.734,18.745,0,-0.12519,35.743,0
18.734,18.733,0,-0.12678,35.743,0
18.734,18.72,0,-0.12716,35.744,0
17.584,18.707,0.15734,-0.12454,33.633,1.8692
17.584,18.695,0,-0.12218,33.521,2.4267
17.584,18.683,0,-0.11858,33.41,2.4049
17.584,18.671,0,-0.11462,33.301,2.3855
17.584,18.659,0,-0.11058,33.193,2.3677
17.584,18.648,0,-0.10735,33.086,2.3478
17.584,18.637,0,-0.10452,32.98,2.3274
17.584,18.627,0,-0.10108,32.876,2.3101
17.584,18.617,0,-0.097252,32.772,2.2954
17.584,18.607,0,-0.091694,32.669,2.2887
17.584,18.598,0,-0.085398,32.567,2.2864
17.584,18.59,0,-0.077578,32.466,2.292
17.584,18.582,0,-0.068094,32.366,2.3066
17.584,18.575,0,-0.058587,32.267,2.3241
17.584,18.569,0,-0.048528,32.168,2.3469
17.584,18.564,0,-0.038135,32.07,2.3743
18.301,18.56,0.74989,-0.030381,32.365,0
18.301,18.557,0,-0.022088,32.34,0.50507
18.301,18.555,0,-0.012804,32.314,0.52433
18.301,18.554,0,-0.0046948,32.289,0.54292
18.301,18.553,0,0.016035,32.263,0.59829
18.301,18.555,0,0.041943,32.238,0.67556
18.301,18.559,0,0.068002,32.212,0.76299
18.301,18.566,0,0.09369,32.186,0.85944
18.301,18.575,0,0.11953,32.159,0.96682
18.301,18.587,0,0.14778,32.131,1.0934
18.301,18.602,0,0.16968,32.102,1.2101
18.301,18.619,0,0.19051,32.071,1.3325
18.301,18.638,0,0.20779,32.038,1.4509
18.301,18.659,0,0.22147,32.004,1.5633
19.33,18.681,0.45155,0.2341,32.723,0
19.376,18.704,0.39903,0.2424,32.788,0
19.376,18.729,0,0.24643,32.854,0
19.452,18.753,0.28902,0.2518,32.93,0
19.452,18.779,0,0.25592,32.999,0
19.452,18.804,0,0.25578,33.065,0
19.452,18.83,0,0.25082,33.128,0
19.452,18.855,0,0.24844,33.189,0
19.452,18.88,0,0.24693,33.248,0
19.452,18.904,0,0.24564,33.303,0
19.452,18.929,0,0.24367,33.357,0
19.452,18.953,0,0.2477,33.408,0
19.452,18.978,0,0.25436,33.457,0
19.452,19.003,0,0.25908,33.503,0
19.452,19.029,0,0.26653,33.546,0
19.452,19.056,0,0.26754,33.587,0
19.452,19.083,0,0.26797,33.625,0
19.852,19.11,0.16073,0.26661,33.93,0
19.852,19.136,0,0.26025,34.003,0
19.852,19.162,0,0.25449,34.073,0
19.852,19.188,0,0.24898,34.141,0
19.852,19.213,0,0.2469,34.206,0
19.852,19.237,0,0.24234,34.269,0
19.852,19.262,0,0.24017,34.329,0
19.949,19.286,0.13119,0.23761,34.427,0
19.949,19.309,0,0.2307,34.492,0
19.949,19.332,0,0.22989,34.555,0
19.949,19.355,0,0.22964,34.615,0
19.949,19.378,0,0.22537,34.674,0
19.949,19.401,0,0.21862,34.73,0
19.949,19.423,0,0.20787,34.783,0
19.949,19.444,0,0.19765,34.835,0
19.992,19.463,-0.066422,0.18865,34.895,0
19.992,19.482,0,0.17738,34.947,0
19.992,19.5,0,0.16826,34.997,0
19.992,19.517,0,0.16119,35.045,0
19.992,19.533,0,0.15075,35.092,0
19.992,19.548,0,0.14344,35.137,0
19.992,19.562,0,0.1331,35.181,0
19.992,19.576,0,0.12377,35.223,0
19.992,19.588,0,0.11975,35.264,0
19.935,19.6,0.21843,0.11933,35.273,0
19.964,19.612,0.35136,0.12544,35.307,0
19.964,19.624,0,0.13608,35.342,0
19.964,19.638,0,0.14324,35.375,0
19.964,19.652,0,0.15149,35.407,0
19.964,19.667,0,0.16387,35.437,0
19.964,19.684,0,0.17285,35.466,0
19.964,19.701,0,0.18484,35.494,0
19.964,19.72,0,0.19508,35.519,0
19.964,19.739,0,0.20531,35.542,0
19.964,19.76,0,0.2085,35.564,0.048076
19.964,19.781,0,0.2075,35.583,0.093786
19.964,19.801,0,0.21274,35.601,0.15667
20.445,19.823,0.636,0.22102,35.909,0
20.445,19.845,0,0.23276,35.97,0
20.445,19.868,0,0.25469,36.029,0
20.445,19.893,0,0.2784,36.085,0
20.445,19.921,0,0.30468,36.139,0
20.445,19.952,0,0.3328,36.19,0
20.445,19.985,0,0.35812,36.237,0
20.445,20.021,0,0.38571,36.282,0.018341
20.445,20.059,0,0.40969,36.322,0.18833
20.445,20.1,0,0.43522,36.359,0.37789
20.445,20.144,0,0.45537,36.391,0.56438
21.537,20.189,1.1216,0.476,36.954,0
21.537,20.237,0,0.49688,37.087,0
21.537,20.287,0,0.51818,37.214,0
21.537,20.338,0,0.53749,37.337,0
21.537,20.392,0,0.55294,37.454,0
21.537,20.448,0,0.56111,37.566,0
21.537,20.504,0,0.56149,37.672,0
21.537,20.56,0,0.55627,37.772,0
21.537,20.615,0,0.54507,37.867,0
21.537,20.67,0,0.52863,37.956,0
21.537,20.723,0,0.50025,38.041,0
21.537,20.773,0,0.47227,38.119,0
22.093,20.82,-0.3546,0.44538,38.738,0
22.093,20.865,0,0.41381,38.863,0
22.093,20.906,0,0.38009,38.984,0
22.093,20.944,0,0.34872,39.101,0
22.093,20.979,0,0.30754,39.214,0
22.093,21.01,0,0.24475,39.324,0
22.093,21.034,0,0.15261,39.431,0
22.093,21.049,0,0.030965,39.536,0
22.093,21.052,0,-0.030991,39.64,0
22.093,21.049,0,-0.076575,39.744,0
22.093,21.042,0,-0.12508,39.849,0
19.239,21.029,-5.3972,-0.17629,39.022,388.32
19.239,21.012,0,-0.22938,38.844,4.0479
19.239,20.989,0,-0.28422,38.668,3.7181
19.239,20.96,0,-0.34262,38.495,3.3716
19.239,20.926,0,-0.39633,38.324,3.0459
19.239,20.886,0,-0.44228,38.157,2.7532
19.239,20.842,0,-0.47963,37.995,2.495
19.239,20.794,0,-0.50569,37.837,2.2785
19.239,20.744,0,-0.51919,37.684,2.1046
19.239,20.692,0,-0.52647,37.536,1.9523
19.239,20.639,0,-0.53498,37.394,1.7994
19.239,20.585,0,-0.54464,37.256,1.647
19.239,20.531,0,-0.55861,37.124,1.4877
19.239,20.475,0,-0.57489,36.998,1.3283
19.239,20.418,0,-0.59435,36.877,1.1685
15.533,20.358,-0.48256,-0.61041,32.822,19.309
15.533,20.297,0,-0.6228,32.343,13.819
15.533,20.235,0,-0.62852,31.869,13.483
15.533,20.172,0,-0.62856,31.402,13.189
15.533,20.109,0,-0.62345,30.942,12.936
15.533,20.047,0,-0.61724,30.487,12.694
15.533,19.985,0,-0.60908,30.039,12.47
15.533,19.924,0,-0.60266,29.597,12.238
15.533,19.864,0,-0.5945,29.16,12.024
15.533,19.804,0,-0.58674,28.73,11.81
15.533,19.746,0,-0.5798,28.306,11.596
15.533,19.688,0,-0.56956,27.888,11.409
15.533,19.631,0,-0.55708,27.475,11.243
15.533,19.575,0,-0.54313,27.068,11.093
15.533,19.521,0,-0.52473,26.666,10.981
15.533,19.468,0,-0.50297,26.27,10.901
16.627,19.418,1.3378,-0.47856,26.466,2.275
16.627,19.37,0,-0.45216,26.19,6.3387
16.627,19.325,0,-0.42716,25.918,6.3088
16.627,19.282,0,-0.40232,25.65,6.2873
17.152,19.242,1.1467,-0.37716,25.508,1.5658
17.152,19.204,0,-0.3524,25.301,4.3998
17.152,19.169,0,-0.32994,25.097,4.389
17.152,19.136,0,-0.30785,24.897,4.3841
17.152,19.105,0,-0.28446,24.7,4.3932
17.152,19.077,0,-0.26214,24.506,4.4053
17.152,19.051,0,-0.238,24.315,4.4342
17.152,19.027,0,-0.21523,24.126,4.4651
17.152,19.005,0,-0.1912,23.94,4.5106
17.152,18.986,0,-0.16938,23.756,4.554
17.152,18.969,0,-0.1461,23.573,4.613
17.152,18.955,0,-0.12151,23.392,4.6877
17.152,18.943,0,-0.097888,23.212,4.7671
17.152,18.933,0,-0.0753,23.034,4.8506
17.152,18.925,0,-0.055167,22.856,4.9302
17.152,18.92,0,-0.03547,22.679,5.0156
17.152,18.916,0,-0.016951,22.502,5.1028
18.907,18.914,0.72638,-0.0014248,23.898,0
18.907,18.914,0,0.016187,23.898,0.049499
18.907,18.916,0,0.02897,23.897,0.081468
18.907,18.919,0,0.035711,23.896,0.10308
18.907,18.922,0,0.03629,23.895,0.11211
18.907,18.926,0,0.035441,23.893,0.11797
18.907,18.93,0,0.026547,23.891,0.10509
18.907,18.932,0,0.014217,23.888,0.082863
18.907,18.934,0,0.0015732,23.886,0.057988
18.907,18.934,0,-0.0082851,23.883,0.037126
18.907,18.933,0,-0.016202,23.881,0.018771
18.907,18.931,0,-0.025067,23.878,0
18.907,18.929,0,-0.034128,23.876,0
18.907,18.925,0,-0.043703,23.874,0
18.907,18.921,0,-0.053317,23.872,0
18.907,18.916,0,-0.064141,23.871,0
18.521,18.909,-0.68152,-0.077003,23.806,3.8084
18.521,18.902,0,-0.087937,23.767,0.61844
18.521,18.893,0,-0.099644,23.73,0.5688
18.521,18.883,0,-0.1094,23.693,0.52254
18.521,18.872,0,-0.11395,23.657,0.48751
18.521,18.861,0,-0.1169,23.623,0.45573
18.521,18.849,0,-0.12018,23.59,0.42291
18.521,18.837,0,-0.12508,23.557,0.38615
18.521,18.824,0,-0.12882,23.526,0.35145
18.521,18.811,0,-0.13568,23.497,0.30982
18.112,18.798,-0.3256,-0.14084,23.233,2.4834
18.112,18.784,0,-0.14612,23.165,1.1508
18.112,18.769,0,-0.15189,23.099,1.0979
18.112,18.754,0,-0.15788,23.034,1.0438
18.112,18.738,0,-0.16336,22.97,0.9905
18.112,18.722,0,-0.16933,22.908,0.93535
18.112,18.705,0,-0.17467,22.848,0.88141
18.112,18.687,0,-0.18118,22.79,0.82409
18.112,18.669,0,-0.18553,22.733,0.77179
18.112,18.651,0,-0.19188,22.678,0.71447
18.112,18.632,0,-0.1982,22.625,0.65696
18.112,18.612,0,-0.20565,22.574,0.59669
18.112,18.591,0,-0.21178,22.525,0.5392
18.112,18.57,0,-0.21618,22.479,0.48545
18.112,18.548,0,-0.22338,22.434,0.42614
18.112,18.526,0,-0.23069,22.391,0.36679
18.112,18.503,0,-0.23772,22.351,0.30825
18.112,18.479,0,-0.24088,22.313,0.25697
18.112,18.455,0,-0.24401,22.277,0.2063
18.112,18.431,0,-0.25003,22.244,0.15156
18.112,18.406,0,-0.25403,22.214,0.10054
18.112,18.38,0,-0.2596,22.186,0.047994
18.112,18.354,0,-0.26445,22.16,0
18.112,18.328,0,-0.26724,22.137,0
18.112,18.301,0,-0.27081,22.117,0
18.112,18.274,0,-0.2752,22.099,0
18.112,18.247,0,-0.27237,22.084,0
18.112,18.219,0,-0.27004,22.072,0
18.112,18.192,0,-0.26148,22.063,0
18.112,18.166,0,-0.24703,22.056,0
18.112,18.142,0,-0.23311,22.052,0
18.112,18.118,0,-0.21697,22.05,0
18.112,18.096,0,-0.19726,22.05,0
17.383,18.077,0.71867,-0.174,20.049,0.21634
17.383,18.059,0,-0.15183,19.981,1.1436
17.383,18.044,0,-0.13012,19.914,1.1707
17.383,18.031,0,-0.11054,19.848,1.1976
17.383,18.02,0,-0.091088,19.784,1.2299
17.383,18.011,0,-0.073443,19.721,1.2623
17.383,18.004,0,-0.063116,19.658,1.2764
17.383,17.997,0,-0.052789,19.597,1.2934
17.383,17.992,0,-0.049023,19.536,1.2919
17.383,17.987,0,-0.05028,19.475,1.275
17.766,17.982,-0.21628,-0.055633,19.7,0.96476
17.766,17.977,0,-0.057906,19.678,0.31598
17.766,17.971,0,-0.061796,19.658,0.29455
17.766,17.965,0,-0.06441,19.637,0.27539
17.766,17.958,0,-0.06673,19.618,0.2565
17.766,17.952,0,-0.068924,19.599,0.23754
17.766,17.945,0,-0.072468,19.581,0.21533
17.766,17.937,0,-0.072703,19.563,0.19974
