24.444,24.444,-0.30163,0,35.5,0.87495
24.444,24.444,0,-0.0051542,35.5,0
24.444,24.444,0,-0.0071311,35.5,0
24.444,24.443,0,-0.0091333,35.5,0
24.444,24.442,0,-0.010504,35.5,0
24.444,24.441,0,-0.013246,35.501,0
24.444,24.44,0,-0.01435,35.501,0
24.444,24.438,0,-0.015438,35.501,0
24.444,24.437,0,-0.016927,35.502,0
24.444,24.435,0,-0.017787,35.503,0
24.444,24.433,0,-0.016412,35.504,0
24.444,24.432,0,-0.01599,35.505,0
24.444,24.43,0,-0.015222,35.506,0
24.444,24.429,0,-0.014178,35.508,0
24.444,24.427,0,-0.013699,35.51,0
24.444,24.426,0,-0.013887,35.511,0
24.444,24.425,0,-0.013508,35.513,0
24.444,24.423,0,-0.011774,35.515,0
24.444,24.422,0,-0.0089992,35.518,0
24.366,24.421,0.091607,-0.0075294,35.34,0
24.366,24.42,0,-0.0048272,35.334,0.10275
24.366,24.42,0,-0.0043145,35.329,0.10287
24.366,24.419,0,-0.0017342,35.323,0.10768
24.366,24.419,0,-0.0001866,35.318,0.11076
24.366,24.419,0,0.0022882,35.313,0.11625
24.366,24.419,0,0.0033982,35.307,0.11923
24.366,24.42,0,0.0051654,35.302,0.12394
24.366,24.42,0,0.0067582,35.297,0.12864
24.366,24.421,0,0.0093177,35.291,0.1359
24.366,24.422,0,0.01191,35.286,0.14383
24.366,24.423,0,0.016338,35.28,0.15662
24.366,24.425,0,0.019751,35.274,0.16811
24.366,24.427,0,0.021614,35.268,0.17677
24.366,24.429,0,0.024568,35.262,0.18847
24.366,24.431,0,0.026279,35.255,0.19791
24.366,24.434,0,0.028014,35.249,0.20784
24.366,24.437,0,0.030473,35.242,0.21994
24.567,24.44,0.17965,0.031343,35.421,0
24.567,24.443,0,0.036139,35.434,0
24.567,24.447,0,0.03891,35.446,0
24.567,24.45,0,0.041624,35.458,0
24.567,24.455,0,0.047469,35.469,0
24.567,24.459,0,0.053184,35.48,0
24.567,24.465,0,0.062027,35.491,0
24.567,24.471,0,0.068669,35.5,0
24.567,24.478,0,0.076778,35.51,0
24.567,24.485,0,0.086939,35.518,0.021927
24.567,24.494,0,0.092957,35.526,0.055062
24.567,24.503,0,0.10082,35.533,0.094538
24.567,24.514,0,0.1076,35.538,0.13381
24.567,24.524,0,0.11553,35.543,0.17824
24.567,24.536,0,0.12221,35.547,0.22204
24.567,24.548,0,0.12963,35.549,0.27008
24.567,24.561,0,0.13794,35.551,0.32318
24.567,24.575,0,0.14152,35.55,0.36596
25.177,24.589,0.38343,0.146,36.015,0
25.177,24.604,0,0.15213,36.073,0
25.177,24.619,0,0.16068,36.13,0
25.177,24.635,0,0.16555,36.185,0
25.177,24.651,0,0.17078,36.238,0
25.177,24.668,0,0.17672,36.29,0
25.177,24.686,0,0.18404,36.34,0
25.177,24.705,0,0.18749,36.388,0
25.503,24.723,0.39966,0.19453,36.576,0
25.503,24.743,0,0.19946,36.653,0
25.503,24.763,0,0.20332,36.728,0
25.503,24.783,0,0.20585,36.801,0
25.503,24.804,0,0.20924,36.872,0
25.503,24.825,0,0.21351,36.941,0
25.503,24.846,0,0.21778,37.008,0
25.503,24.868,0,0.22283,37.072,0
25.503,24.89,0,0.22668,37.135,0
25.503,24.913,0,0.22985,37.195,0
25.503,24.936,0,0.23517,37.253,0
25.503,24.959,0,0.24113,37.308,0
25.958,24.983,0.38907,0.24541,37.66,0
25.958,25.008,0,0.24991,37.756,0
25.958,25.033,0,0.25141,37.85,0
25.958,25.058,0,0.25578,37.941,0
25.958,25.083,0,0.25868,38.03,0
25.958,25.109,0,0.26121,38.116,0
25.958,25.135,0,0.26374,38.2,0
25.958,25.162,0,0.26433,38.281,0
25.958,25.188,0,0.266,38.359,0
25.958,25.215,0,0.27007,38.435,0
25.958,25.242,0,0.2718,38.508,0
25.958,25.269,0,0.27427,38.578,0
25.958,25.297,0,0.27731,38.645,0
25.958,25.324,0,0.28081,38.71,0
25.958,25.352,0,0.2839,38.772,0
25.958,25.381,0,0.28761,38.831,0
25.958,25.409,0,0.28774,38.888,0
26.582,25.438,0.32886,0.29089,39.43,0
26.582,25.467,0,0.28965,39.543,0
26.582,25.496,0,0.29252,39.653,0
26.582,25.526,0,0.29332,39.76,0
26.582,25.555,0,0.29441,39.864,0
26.582,25.584,0,0.29076,39.966,0
26.582,25.613,0,0.28932,40.064,0
26.582,25.642,0,0.28402,40.159,0
26.582,25.671,0,0.27852,40.252,0
26.582,25.699,0,0.27745,40.341,0
26.582,25.726,0,0.27346,40.428,0
26.807,25.754,0.15902,0.26973,40.645,0
26.807,25.781,0,0.26777,40.749,0
26.807,25.807,0,0.26231,40.85,0
26.807,25.834,0,0.25673,40.949,0
26.807,25.859,0,0.25127,41.045,0
26.845,25.884,0.10628,0.24656,41.157,0
26.845,25.909,0,0.24435,41.252,0
26.845,25.934,0,0.24255,41.344,0
26.845,25.958,0,0.23948,41.434,0
26.845,25.982,0,0.23442,41.522,0
26.845,26.005,0,0.23145,41.607,0
26.845,26.028,0,0.22603,41.689,0
26.845,26.051,0,0.22391,41.77,0
26.845,26.073,0,0.21984,41.848,0
26.845,26.095,0,0.21375,41.924,0
26.845,26.117,0,0.20852,41.998,0
26.845,26.138,0,0.20117,42.07,0
26.845,26.158,0,0.19743,42.14,0
26.845,26.177,0,0.19232,42.207,0
26.845,26.197,0,0.18584,42.273,0
26.845,26.215,0,0.18296,42.337,0
26.845,26.234,0,0.18179,42.399,0
26.845,26.252,0,0.17982,42.459,0
26.845,26.27,0,0.17552,42.518,0
26.845,26.287,0,0.16966,42.574,0
26.845,26.304,0,0.16672,42.629,0
26.845,26.321,0,0.16176,42.682,0
26.939,26.337,-0.028326,0.15603,42.967,0
26.939,26.353,0,0.14979,43.027,0
26.939,26.368,0,0.14147,43.084,0
26.939,26.382,0,0.13667,43.141,0
26.939,26.395,0,0.12784,43.196,0
26.939,26.408,0,0.1173,43.25,0
26.939,26.42,0,0.10901,43.302,0
26.939,26.431,0,0.096819,43.354,0
26.779,26.441,-0.27202,0.087762,43.339,0.16438
26.779,26.449,0,0.080523,43.373,0
26.779,26.457,0,0.06914,43.405,0
26.779,26.464,0,0.05941,43.437,0
26.779,26.47,0,0.050202,43.468,0
26.779,26.475,0,0.037498,43.499,0
26.779,26.479,0,0.025295,43.529,0
26.779,26.482,0,0.012352,43.559,0
26.487,26.483,-0.46052,0.00099495,43.495,1.5381
26.487,26.483,0,-0.0047484,43.495,0
26.487,26.482,0,-0.01002,43.496,0
26.487,26.481,0,-0.015756,43.496,0
26.487,26.48,0,-0.02158,43.497,0
26.487,26.478,0,-0.026411,43.498,0
26.487,26.475,0,-0.033259,43.499,0
26.487,26.472,0,-0.042467,43.5,0
26.487,26.467,0,-0.056182,43.502,0
26.487,26.462,0,-0.072702,43.504,0
26.487,26.455,0,-0.091548,43.507,0
26.487,26.445,0,-0.11399,43.51,0
26.487,26.434,0,-0.13849,43.515,0
24.911,26.42,-2.3854,-0.16288,42.853,38.175
24.911,26.404,0,-0.18713,42.703,3.3273
24.911,26.385,0,-0.21309,42.554,3.1553
24.911,26.364,0,-0.2381,42.408,2.9838
24.911,26.34,0,-0.26236,42.264,2.8127
24.911,26.314,0,-0.28745,42.122,2.6362
24.911,26.285,0,-0.31314,41.984,2.4561
24.911,26.254,0,-0.33857,41.848,2.2763
24.911,26.22,0,-0.36298,41.715,2.0999
24.911,26.184,0,-0.38603,41.586,1.9287
24.911,26.145,0,-0.40721,41.461,1.7646
24.911,26.104,0,-0.42484,41.34,1.6126
22.439,26.062,-1.0105,-0.43888,39.605,21.005
22.439,26.018,0,-0.45134,39.245,9.7003
22.439,25.973,0,-0.46314,38.889,9.4298
22.439,25.926,0,-0.47169,38.538,9.1784
22.439,25.879,0,-0.48083,38.192,8.9222
22.439,25.831,0,-0.48834,37.85,8.675
22.439,25.782,0,-0.49639,37.513,8.424
22.439,25.733,0,-0.50271,37.181,8.1831
22.439,25.682,0,-0.5101,36.855,7.9357
22.439,25.631,0,-0.51889,36.533,7.6797
22.439,25.58,0,-0.52755,36.216,7.4241
22.439,25.527,0,-0.53493,35.905,7.176
22.439,25.473,0,-0.54118,35.599,6.9346
21.67,25.419,-0.49285,-0.54957,34.715,14.222
21.67,25.364,0,-0.55644,34.343,9.498
21.67,25.309,0,-0.56484,33.976,9.2098
21.67,25.252,0,-0.57225,33.615,8.9275
21.67,25.195,0,-0.58038,33.26,8.6409
21.67,25.137,0,-0.58961,32.91,8.3477
21.67,25.078,0,-0.59776,32.566,8.0611
21.67,25.018,0,-0.60759,32.228,7.765
21.67,24.957,0,-0.61577,31.897,7.479
21.67,24.896,0,-0.62306,31.571,7.1991
21.67,24.833,0,-0.63028,31.251,6.9208
21.67,24.77,0,-0.63839,30.938,6.6392
21.67,24.707,0,-0.64687,30.631,6.3572
21.67,24.642,0,-0.65511,30.331,6.0782
21.67,24.576,0,-0.66293,30.037,5.8034
21.67,24.51,0,-0.66941,29.75,5.5379
21.67,24.443,0,-0.67611,29.469,5.274
21.67,24.376,0,-0.68515,29.195,5.0019
21.67,24.307,0,-0.69275,28.928,4.7396
21.67,24.238,0,-0.70133,28.668,4.4765
21.67,24.168,0,-0.71063,28.414,4.2141
21.67,24.097,0,-0.71683,28.168,3.9686
21.67,24.025,0,-0.72214,27.929,3.7313
21.67,23.953,0,-0.72582,27.697,3.505
21.67,23.88,0,-0.72911,27.472,3.2851
20.559,23.807,-0.032725,-0.72775,25.718,6.8941
20.559,23.734,0,-0.72287,25.396,6.4549
20.559,23.662,0,-0.71735,25.082,6.2222
20.559,23.59,0,-0.71032,24.776,6.002
20.596,23.519,0.25069,-0.70036,24.496,4.4692
20.612,23.449,0.23028,-0.69127,24.202,4.3353
20.612,23.38,0,-0.67969,23.922,5.2392
20.612,23.312,0,-0.67091,23.649,5.0517
20.612,23.245,0,-0.66178,23.382,4.8707
20.612,23.179,0,-0.65255,23.122,4.6952
20.612,23.114,0,-0.6456,22.868,4.5142
20.612,23.049,0,-0.63409,22.621,4.358
20.612,22.986,0,-0.61895,22.381,4.2229
20.71,22.924,0.1087,-0.60713,22.192,3.3318
20.71,22.863,0,-0.5954,21.974,3.6372
20.71,22.804,0,-0.58517,21.762,3.4997
20.71,22.745,0,-0.57702,21.555,3.3584
20.71,22.687,0,-0.57449,21.355,3.1994
20.71,22.63,0,-0.57248,21.16,3.0419
20.71,22.573,0,-0.56904,20.971,2.8928
20.71,22.516,0,-0.56765,20.788,2.7398
20.71,22.459,0,-0.56829,20.61,2.5832
20.71,22.402,0,-0.57013,20.438,2.4258
20.71,22.345,0,-0.57365,20.271,2.2665
20.71,22.288,0,-0.57728,20.111,2.1102
20.71,22.23,0,-0.57988,19.956,1.9604
20.367,22.172,-0.51417,-0.58342,19.657,5.2503
20.367,22.114,0,-0.59124,19.479,2.5007
20.367,22.055,0,-0.59255,19.308,2.3421
20.367,21.995,0,-0.59536,19.142,2.1826
20.367,21.936,0,-0.59507,18.982,2.036
20.367,21.876,0,-0.59615,18.828,1.8893
20.367,21.817,0,-0.59772,18.68,1.7453
20.367,21.757,0,-0.59526,18.538,1.6154
20.367,21.697,0,-0.59372,18.402,1.4872
20.367,21.638,0,-0.59663,18.272,1.3532
20.367,21.578,0,-0.59774,18.148,1.2273
20.367,21.519,0,-0.59984,18.03,1.1039
20.367,21.459,0,-0.60175,17.918,0.98551
20.367,21.398,0,-0.60834,17.812,0.86455
20.367,21.338,0,-0.61468,17.712,0.74979
20.367,21.276,0,-0.62296,17.618,0.63893
20.367,21.214,0,-0.62658,17.53,0.5395
20.367,21.151,0,-0.63623,17.448,0.44184
20.367,21.088,0,-0.64338,17.373,0.35377
20.367,21.023,0,-0.64798,17.304,0.27442
20.367,20.958,0,-0.64961,17.242,0.2028
19.33,20.893,-0.49662,-0.65274,16.191,3.8618
19.33,20.828,0,-0.65725,16.038,1.7037
19.33,20.762,0,-0.65725,15.891,1.5599
19.178,20.697,-0.42883,-0.6579,15.736,3.3294
19.178,20.631,0,-0.65694,15.587,1.6051
19.178,20.565,0,-0.65461,15.445,1.4698
19.058,20.5,-0.38685,-0.64777,15.295,2.9276
19.058,20.435,0,-2.9,15.154,20.35
19.058,20.145,0,-2.9,15.031,24.448
19.058,19.855,0,-0.41383,14.937,0.76598
19.058,19.814,0,-2.9,14.859,30.135
19.058,19.524,0,-2.9,14.798,36.179
19.058,19.234,0,-0.1815,14.766,0.0023305
19.058,19.215,0,-0.19246,14.749,0
19.058,19.196,0,-0.19857,14.734,0
19.058,19.176,0,-2.9,14.722,45.054
19.058,18.886,0,-0.083905,14.724,0
18.671,18.878,-0.30872,-0.092682,14.528,1.1449
18.671,18.869,0,-0.10184,14.508,0.19174
18.671,18.858,0,-0.10886,14.489,0.15679
18.583,18.848,-0.2484,-0.11893,14.464,0.98892
18.561,18.836,-0.25721,-0.12394,14.433,1.0306
18.561,18.823,0,-2.9,14.406,41.134
18.561,18.533,0,-0.01163,14.394,0
18.561,18.532,0,-0.026035,14.397,0
18.561,18.53,0,-0.039452,14.4,0
18.561,18.526,0,-0.055642,14.404,0
18.561,18.52,0,-0.069761,14.407,0
18.561,18.513,0,-0.084768,14.412,0
18.561,18.505,0,-0.095464,14.417,0
18.561,18.495,0,-0.10629,14.423,0
18.561,18.484,0,-0.12237,14.43,0
18.561,18.472,0,-2.9,14.439,51.398
18.561,18.182,0,-0.015719,14.462,0
18.561,18.181,0,-0.026732,14.5,0
18.561,18.178,0,-0.043069,14.538,0
18.561,18.174,0,-0.050046,14.577,0
18.561,18.169,0,-0.060274,14.616,0
18.561,18.163,0,-0.060383,14.655,0
18.561,18.157,0,-0.063038,14.695,0
18.561,18.15,0,-0.059746,14.736,0
18.013,18.144,-0.059422,-0.058808,14.118,0.28009
18.013,18.138,0,-0.059647,14.105,0.13087
18.013,18.132,0,-0.054804,14.093,0.12884
18.013,18.127,0,-0.056036,14.081,0.11499
18.013,18.121,0,-0.054015,14.07,0.10775
18.013,18.116,0,-0.053114,14.06,0.098591
18.013,18.111,0,-4.4,14.05,583.49
18.013,17.671,0,0.063017,14.062,0
18.013,17.677,0,0.064645,14.096,0
18.013,17.683,0,0.065488,14.129,0
18.013,17.69,0,0.068743,14.162,0
18.013,17.697,0,0.073631,14.194,0
18.013,17.704,0,0.078264,14.225,0
18.159,17.712,0.4069,0.084432,14.302,0
18.159,17.72,0,0.089265,14.346,0
18.159,17.729,0,0.094718,14.389,0
18.159,17.739,0,0.10125,14.432,0
18.159,17.749,0,0.10857,14.473,0
18.159,17.76,0,0.11506,14.514,0
18.159,17.771,0,0.12155,14.553,0
18.159,17.783,0,0.12559,14.591,0
18.159,17.796,0,0.13051,14.628,0
18.159,17.809,0,0.13863,14.664,0
18.159,17.823,0,0.14856,14.698,0
18.159,17.838,0,0.15519,14.731,0
18.159,17.853,0,0.16172,14.763,0
18.159,17.87,0,0.16875,14.792,0
18.159,17.886,0,0.17613,14.82,0
18.159,17.904,0,0.18456,14.847,0
18.159,17.922,0,0.19077,14.871,0
18.159,17.942,0,0.19824,14.894,0
18.159,17.961,0,0.20348,14.915,0.050414
18.159,17.982,0,0.21081,14.934,0.11725
18.159,18.003,0,0.21805,14.95,0.18694
18.159,18.025,0,0.22426,14.965,0.25683
18.159,18.047,0,0.23304,14.977,0.33715
18.159,18.07,0,0.23861,14.987,0.41167
18.159,18.094,0,0.24349,14.995,0.48674
19.332,18.119,0.51782,0.24891,16.382,0
19.332,18.143,0,0.25414,16.502,0
19.332,18.169,0,0.262,16.619,0
19.332,18.195,0,0.26813,16.734,0
19.332,18.222,0,0.27548,16.847,0
19.332,18.249,0,0.28278,16.956,0
19.332,18.278,0,0.28802,17.063,0
19.695,18.306,0.40022,0.29346,17.265,0
19.695,18.336,0,0.29602,17.402,0
19.755,18.365,-0.7852,0.2963,17.544,0
19.755,18.395,0,0.27382,17.682,0
19.755,18.422,0,0.22107,17.817,0
19.755,18.445,0,0.12581,17.949,0
19.755,18.457,0,-0.0090988,18.079,0
17.643,18.456,-8.0439,-0.25314,17.832,0
17.643,18.431,0,-0.49832,17.752,0.60118
17.643,18.381,0,-0.72937,17.676,0.35272
17.643,18.308,0,-0.92863,17.605,0.46573
14.952,18.215,-3.9197,-1.0879,16.963,120.92
14.952,18.106,0,-1.2123,16.642,4.1706
14.952,17.985,0,-1.3212,16.333,3.5034
14.952,17.853,0,-1.4242,16.036,2.9551
14.952,17.711,0,-1.528,15.753,2.5318
14.952,17.558,0,-1.6436,15.485,2.2676
14.952,17.394,0,-1.7646,15.233,2.24
14.952,17.217,0,-1.8953,14.997,2.5491
14.952,17.028,0,-2.0254,14.78,3.2858
14.952,16.825,0,-4.4,14.583,110.73
14.952,16.385,0,-4.4,14.418,151.77
14.952,15.945,0,-4.4,14.296,216.16
14.952,15.505,0,-4.4,14.219,328.81
14.952,15.065,0,-4.4,14.186,569.66
14.952,14.625,0,-4.4,14.196,1412.6
14.952,14.185,0,-4.4,14.251,0
14.952,13.745,0,-4.4,14.35,0
14.952,13.305,0,-4.4,14.492,0
14.952,12.865,0,-4.4,14.679,0
14.952,12.425,0,-4.4,14.91,0
14.952,11.985,0,-5.2,15.184,0
14.952,11.465,0,-5.2,15.507,0
14.952,10.945,0,-5.2,15.882,0
14.952,10.425,0,-5.2,16.309,0
8.7217,9.905,-1.6516,-5.2,8.4155,0
8.5591,9.385,-1.6085,-5.2,8.3163,0
8.5591,8.865,0,-5.2,8.2597,361.73
8.5591,8.345,0,-5.2,8.2551,360.66
8.5591,7.825,0,-5.2,8.3025,359.6
8.5591,7.305,0,-5.2,8.4019,358.53
8.5591,6.785,0,-5.2,8.5533,357.47
8.5591,6.265,0,1.0737,8.7567,0
8.5591,6.3724,0,0.95187,8.9808,0
7.7677,6.4676,-0.3918,0.85669,8.794,0.92561
7.7677,6.5532,0,0.77162,8.9197,0
7.6952,6.6304,-0.48083,0.68804,9.0139,1.3844
7.6952,6.6992,0,0.60917,9.1169,0
7.6952,6.7601,0,0.53197,9.2135,0
7.6952,6.8133,0,0.4562,9.3043,0
7.6952,6.8589,0,0.39456,9.3902,0
7.6952,6.8984,0,0.33977,9.4719,0
7.6952,6.9324,0,0.28043,9.5498,0
7.6952,6.9604,0,0.22353,9.6247,0
7.2716,6.9828,-0.36826,0.17987,9.5319,1.0007
7.2716,7.0008,0,0.14388,9.5599,0
7.2018,7.0152,-0.19082,0.11574,9.5649,0.38155
7.2018,7.0267,0,0.093552,9.583,0
7.2018,7.0361,0,0.073955,9.6,0
7.2018,7.0435,0,0.055891,9.6162,0
7.2018,7.0491,0,0.043224,9.6318,0
7.2018,7.0534,0,0.028606,9.6468,0
7.2018,7.0562,0,0.016724,9.6615,0
7.2018,7.0579,0,-0.00043627,9.676,0
7.0448,7.0579,-0.15667,-0.003982,9.616,0.41292
7.0448,7.0575,0,-0.0070925,9.6147,0.011007
7.0448,7.0568,0,-0.010806,9.6135,0.0018103
7.0448,7.0557,0,-0.016025,9.6124,0
7.0448,7.0541,0,-0.019874,9.6114,0
7.0448,7.0521,0,-0.026063,9.6105,0
7.0448,7.0495,0,-0.028443,9.6099,0
7.0448,7.0466,0,-0.034174,9.6096,0
7.0448,7.0432,0,-0.035128,9.6096,0
7.0448,7.0397,0,-0.04063,9.6099,0
7.0448,7.0357,0,-0.046295,9.6106,0
7.0448,7.031,0,-0.05232,9.6118,0
7.0448,7.0258,0,-0.054076,9.6134,0
7.0448,7.0204,0,-0.056592,9.6156,0
7.0448,7.0147,0,-0.05908,9.6183,0
7.0448,7.0088,0,-0.064409,9.6217,0
7.0448,7.0024,0,-0.067625,9.6256,0
6.7868,6.9956,-0.077913,-0.066046,9.3617,0.48583
6.7868,6.989,0,-0.06544,9.3411,0.27986
6.7868,6.9825,0,-0.06591,9.3212,0.26489
6.7868,6.9759,0,-0.063644,9.302,0.256
6.7868,6.9695,0,-0.058117,9.2834,0.25493
6.7868,6.9637,0,-0.050398,9.2654,0.26005
6.7868,6.9587,0,-0.040072,9.248,0.27297
6.7868,6.9547,0,-0.025103,9.231,0.29945
6.7868,6.9521,0,-0.0040236,9.2143,0.34513
6.7868,6.9517,0,0.03049,9.1978,0.43256
7.062,6.9548,0.52217,0.065532,9.2627,0
7.062,6.9613,0,0.088593,9.2731,0
7.062,6.9702,0,0.10629,9.2827,0.044569
7.1913,6.9808,0.5355,0.12829,9.2964,0
7.1913,6.9937,0,0.15365,9.3168,0
7.1913,7.009,0,0.18144,9.3358,0.028646
7.1913,7.0272,0,0.21185,9.3532,0.15114
7.1913,7.0484,0,0.25228,9.3685,0.31777
7.1913,7.0736,0,0.29544,9.3816,0.51518
7.1913,7.1031,0,0.34412,9.3919,0.75687
7.1913,7.1375,0,0.3873,9.399,1.0085
7.1913,7.1763,0,0.43081,9.4024,1.2888
7.1913,7.2194,0,0.46166,9.4018,1.5444
7.1913,7.2655,0,0.49932,9.3966,1.8499
7.1913,7.3154,0,0.52507,9.3867,2.1261
7.1913,7.368,0,0.5477,9.3717,2.405
7.1913,7.4227,0,0.57706,9.3513,2.7329
7.1913,7.4804,0,0.60375,9.3253,3.068
7.1913,7.5408,0,0.62598,9.2933,3.3989
7.1913,7.6034,0,0.64274,9.2553,3.7166
7.1913,7.6677,0,0.66333,9.2108,4.0689
7.1913,7.734,0,0.67426,9.1599,4.3817
7.1913,7.8014,0,0.69378,9.1023,4.7546
7.1913,7.8708,0,0.70738,9.0378,5.1075
7.1913,7.9416,0,0.72656,8.9663,5.5063
7.1913,8.0142,0,0.73614,8.8876,5.8605
7.1913,8.0878,0,0.74834,8.8017,6.2408
