34.167,34.167,-0.1221,0,35.5,0.29488
34.167,34.167,0,-0.0013994,35.5,0
34.146,34.167,-0.14407,-0.0039075,35.486,0.39363
34.146,34.166,0,-0.0063137,35.484,0.027134
34.128,34.166,-0.11651,-0.0072438,35.476,0.34749
34.128,34.165,0,-0.0080458,35.472,0.058143
34.128,34.164,0,-0.0075728,35.468,0.057491
34.128,34.163,0,-0.0076823,35.465,0.055685
34.128,34.162,0,-0.0080941,35.461,0.05321
34.128,34.162,0,-0.0069808,35.458,0.053922
34.127,34.161,-0.032088,-0.0066054,35.441,0.12747
34.127,34.16,0,-0.0068379,35.437,0.053967
34.127,34.16,0,-0.0052759,35.434,0.055909
34.127,34.159,0,-0.0040089,35.431,0.057546
34.127,34.159,0,-0.0033566,35.428,0.058122
34.127,34.158,0,-0.0037754,35.425,0.05652
34.127,34.158,0,-0.0032034,35.421,0.05697
34.127,34.158,0,-0.0029534,35.418,0.056845
34.127,34.157,0,-0.0038474,35.415,0.054301
34.127,34.157,0,-0.0084845,35.412,0.043562
34.097,34.156,-0.17803,-0.011475,35.42,0.56909
34.097,34.155,0,-0.016285,35.415,0.084368
34.097,34.153,0,-0.019388,35.409,0.074316
34.097,34.151,0,-0.024124,35.403,0.060243
34.097,34.149,0,-0.026035,35.398,0.051272
34.097,34.146,0,-0.030171,35.393,0.037341
34.097,34.143,0,-0.031031,35.388,0.029435
34.097,34.14,0,-0.031386,35.384,0.022418
34.097,34.137,0,-0.033165,35.38,0.012447
33.956,34.134,-0.048064,-0.034758,35.318,0.41676
33.956,34.13,0,-0.03583,35.3,0.28735
33.956,34.127,0,-0.037749,35.283,0.27511
33.956,34.123,0,-0.037145,35.266,0.26837
33.956,34.119,0,-0.036318,35.25,0.26228
33.956,34.116,0,-0.037294,35.234,0.25221
33.956,34.112,0,-0.036124,35.218,0.2469
33.956,34.108,0,-0.037419,35.202,0.23619
33.956,34.105,0,-0.036876,35.187,0.22943
33.956,34.101,0,-0.040615,35.173,0.21311
33.956,34.097,0,-0.045264,35.159,0.19413
33.956,34.092,0,-0.04989,35.145,0.17446
33.956,34.087,0,-0.060252,35.131,0.14181
33.956,34.081,0,-0.06974,35.119,0.10969
33.956,34.074,0,-0.079557,35.106,0.075797
33.956,34.066,0,-0.090408,35.095,0.038889
33.956,34.057,0,-0.10131,35.085,0.00092468
33.49,34.047,-0.57646,-0.11106,34.889,3.5789
33.49,34.036,0,-0.12244,34.834,0.9129
33.49,34.024,0,-0.13236,34.78,0.85654
33.49,34.011,0,-0.14343,34.727,0.79599
33.49,33.996,0,-0.15391,34.676,0.73591
33.49,33.981,0,-0.16459,34.626,0.67442
33.099,33.964,-0.62542,-0.17571,34.447,4.738
33.099,33.947,0,-0.18523,34.361,1.4743
33.099,33.928,0,-0.19614,34.277,1.3929
33.099,33.909,0,-0.2041,34.195,1.3194
33.099,33.888,0,-0.21264,34.115,1.2436
33.099,33.867,0,-0.22308,34.038,1.162
33.099,33.845,0,-0.23014,33.962,1.0891
33.099,33.822,0,-0.23591,33.888,1.0195
33.099,33.798,0,-0.2426,33.817,0.94751
33.099,33.774,0,-0.24588,33.749,0.88416
33.099,33.749,0,-0.24946,33.682,0.82044
33.099,33.724,0,-0.24982,33.619,0.76474
33.099,33.699,0,-0.24574,33.557,0.72006
33.099,33.675,0,-0.23985,33.499,0.6807
33.099,33.651,0,-0.2329,33.442,0.64523
33.099,33.627,0,-0.22624,33.388,0.61069
33.099,33.605,0,-0.22145,33.336,0.57348
32.593,33.583,0.10643,-0.21735,32.607,1.4083
32.593,33.561,0,-0.21093,32.509,1.7045
32.593,33.54,0,-0.20316,32.414,1.6746
32.593,33.52,0,-0.19747,32.32,1.6398
32.593,33.5,0,-0.1936,32.228,1.6007
32.593,33.48,0,-0.1861,32.139,1.5745
32.593,33.462,0,-0.17764,32.051,1.5535
32.593,33.444,0,-0.17044,31.965,1.5305
32.593,33.427,0,-0.16442,31.88,1.5056
32.729,33.411,0.19256,-0.15481,31.851,0.66879
32.729,33.395,0,-0.14855,31.783,1.13
32.729,33.38,0,-0.13993,31.718,1.1188
32.729,33.366,0,-0.13285,31.653,1.1052
32.729,33.353,0,-0.12685,31.59,1.0902
32.729,33.34,0,-0.12166,31.528,1.0743
32.729,33.328,0,-0.11628,31.468,1.0602
32.729,33.316,0,-0.10944,31.408,1.0517
32.729,33.306,0,-0.10229,31.35,1.0458
32.729,33.295,0,-0.0967,31.293,1.0371
32.729,33.286,0,-0.091749,31.237,1.0279
32.729,33.276,0,-0.085544,31.181,1.0236
32.729,33.268,0,-0.081132,31.127,1.0155
32.729,33.26,0,-0.078451,31.073,1.0034
32.729,33.252,0,-0.072744,31.021,1.001
32.729,33.245,0,-0.068067,30.969,0.99687
32.729,33.238,0,-0.062314,30.917,0.99714
32.729,33.232,0,-0.055688,30.867,1.0015
32.729,33.226,0,-0.051179,30.817,1.0012
32.729,33.221,0,-0.044241,30.767,1.0093
32.729,33.217,0,-0.038769,30.718,1.0149
32.729,33.213,0,-0.035151,30.67,1.0162
32.729,33.209,0,-0.031331,30.621,1.019
32.729,33.206,0,-0.0279,30.574,1.0216
33.092,33.203,0.11899,-0.026318,30.966,0
33.092,33.201,0,-0.021439,30.955,0.1805
33.092,33.198,0,-0.019419,30.944,0.18051
33.092,33.196,0,-0.017174,30.934,0.18146
33.092,33.195,0,-0.013043,30.923,0.1872
33.092,33.193,0,-0.0093766,30.913,0.19281
33.092,33.193,0,-0.0066914,30.903,0.19699
33.092,33.192,0,-0.0045389,30.893,0.20054
33.092,33.191,0,-0.0033263,30.883,0.20237
33.092,33.191,0,-0.00074252,30.873,0.20768
33.092,33.191,0,-0.00076299,30.863,0.20747
33.092,33.191,0,0.0019528,30.853,0.21367
33.092,33.191,0,0.0041139,30.843,0.21919
33.092,33.192,0,0.0051064,30.833,0.22243
33.092,33.192,0,0.0069842,30.823,0.228
33.092,33.193,0,0.0090288,30.813,0.2344
33.288,33.194,0.17668,0.012455,30.96,0
33.288,33.195,0,0.013597,30.97,0
33.288,33.196,0,0.015083,30.979,0
33.288,33.198,0,0.017905,30.988,0
33.288,33.2,0,0.018827,30.997,0
33.288,33.201,0,0.01997,31.006,0
33.288,33.203,0,0.020636,31.015,0
33.288,33.205,0,0.021739,31.023,0
33.288,33.208,0,0.022246,31.031,0
33.288,33.21,0,0.022728,31.039,0
33.288,33.212,0,0.023404,31.047,0
33.288,33.214,0,0.024342,31.054,0
33.288,33.217,0,0.024479,31.062,0
33.288,33.219,0,0.025407,31.069,0
33.42,33.222,0.066948,0.026146,31.173,0
33.432,33.225,0.078032,0.027446,31.199,0
33.432,33.227,0,0.02865,31.219,0
33.432,33.23,0,0.028636,31.24,0
33.432,33.233,0,0.031534,31.26,0
33.432,33.236,0,0.033159,31.279,0
33.432,33.239,0,0.035911,31.299,0
33.432,33.243,0,0.038654,31.318,0
33.432,33.247,0,0.041061,31.337,0
33.432,33.251,0,0.040772,31.355,0
33.432,33.255,0,0.041882,31.373,0
33.432,33.259,0,0.041068,31.39,0
33.432,33.263,0,0.039922,31.407,0
33.576,33.267,0.11878,0.04108,31.512,0
33.576,33.272,0,0.042203,31.543,0
33.576,33.276,0,0.044015,31.573,0
33.576,33.28,0,0.046812,31.603,0
33.576,33.285,0,0.048337,31.632,0
33.576,33.29,0,0.048982,31.661,0
33.669,33.295,0.098568,0.05001,31.705,0
33.669,33.3,0,0.05056,31.742,0
33.669,33.305,0,0.051643,31.778,0
33.691,33.31,0.11765,0.051075,31.837,0
33.691,33.315,0,0.05276,31.875,0
33.691,33.32,0,0.055005,31.913,0
33.691,33.326,0,0.057418,31.949,0
33.691,33.331,0,0.058548,31.986,0
33.783,33.337,0.11743,0.060085,32.044,0
33.783,33.343,0,0.059587,32.088,0
33.783,33.349,0,0.058473,32.132,0
33.783,33.355,0,0.058373,32.175,0
33.783,33.361,0,0.056776,32.218,0
33.783,33.367,0,0.053466,32.26,0
33.783,33.372,0,0.046887,32.301,0
33.783,33.377,0,0.040231,32.342,0
33.783,33.381,0,0.033599,32.382,0
33.783,33.384,0,0.026054,32.422,0
33.783,33.387,0,0.017074,32.462,0
33.783,33.388,0,0.0074442,32.502,0
33.783,33.389,0,0.00037723,32.541,0
33.783,33.389,0,-0.013598,32.581,0
33.783,33.388,0,-0.026582,32.62,0
33.783,33.385,0,-0.038768,32.66,0
33.783,33.381,0,-0.052487,32.7,0
33.783,33.376,0,-0.064199,32.741,0
33.783,33.37,0,-0.073996,32.782,0
33.783,33.362,0,-0.084007,32.823,0
33.783,33.354,0,-0.094787,32.866,0
33.783,33.344,0,-0.10613,32.909,0
32.814,33.334,-0.55485,-0.11585,32.153,3.2767
32.814,33.322,0,-0.12663,32.102,0.81167
32.814,33.309,0,-0.13619,32.051,0.75697
32.814,33.296,0,-0.14619,32.003,0.70013
32.814,33.281,0,-0.15577,31.955,0.64343
32.814,33.266,0,-0.1654,31.909,0.58586
32.814,33.249,0,-0.17579,31.865,0.52593
32.814,33.231,0,-0.18672,31.822,0.46433
32.814,33.213,0,-0.19617,31.781,0.40548
32.814,33.193,0,-0.20481,31.743,0.34809
32.814,33.173,0,-0.2141,31.706,0.28947
32.814,33.151,0,-0.22147,31.671,0.23447
32.814,33.129,0,-0.23009,31.638,0.17761
32.814,33.106,0,-0.23574,31.608,0.12598
32.814,33.083,0,-0.23867,31.58,0.079024
32.814,33.059,0,-0.23943,31.554,0.035882
32.026,33.035,-0.16435,-0.23904,30.808,2.3397
32.026,33.011,0,-0.23968,30.709,1.6552
32.026,32.987,0,-0.23769,30.611,1.5995
32.026,32.963,0,-0.23954,30.516,1.5327
32.026,32.939,0,-0.23972,30.424,1.4714
32.026,32.915,0,-0.23998,30.334,1.4104
32.026,32.891,0,-0.23397,30.246,1.3687
32.026,32.868,0,-0.23043,30.16,1.3212
32.026,32.845,0,-0.22571,30.077,1.2784
32.026,32.822,0,-0.22158,29.997,1.2352
31.938,32.8,0.076223,-0.21347,29.856,1.1999
31.938,32.779,0,-0.20912,29.771,1.3823
31.938,32.758,0,-0.20053,29.688,1.3559
31.938,32.738,0,-0.19614,29.607,1.319
31.938,32.718,0,-0.18962,29.528,1.2897
31.938,32.699,0,-0.18058,29.451,1.2697
31.938,32.681,0,-0.17121,29.376,1.2528
31.938,32.664,0,-0.16163,29.302,1.239
31.938,32.648,0,-0.15259,29.23,1.2259
31.938,32.633,0,-0.14363,29.16,1.2149
31.938,32.618,0,-0.13436,29.091,1.207
31.938,32.605,0,-0.1293,29.024,1.1887
31.938,32.592,0,-0.1225,28.958,1.177
32.12,32.58,0.087079,-0.11832,29.021,0.51107
32.12,32.568,0,-0.11263,28.976,0.7084
32.12,32.556,0,-0.11053,28.932,0.68801
32.12,32.545,0,-0.10324,28.888,0.68162
32.12,32.535,0,-0.09853,28.846,0.67019
32.12,32.525,0,-0.096242,28.805,0.65354
32.12,32.516,0,-0.093504,28.765,0.6386
32.159,32.506,0.1053,-0.090816,28.729,0.30228
32.159,32.497,0,-0.086719,28.694,0.52705
32.159,32.488,0,-0.080907,28.661,0.5221
32.159,32.48,0,-0.078336,28.628,0.51038
32.185,32.473,0.14275,-0.075452,28.605,0.14487
32.185,32.465,0,-0.069459,28.576,0.43824
32.185,32.458,0,-0.06443,28.549,0.43511
32.185,32.452,0,-0.057644,28.522,0.43743
32.185,32.446,0,-0.051071,28.495,0.44079
32.185,32.441,0,-0.044474,28.47,0.44576
32.185,32.436,0,-0.039956,28.444,0.44707
32.185,32.432,0,-0.030259,28.419,0.46253
32.185,32.429,0,-0.024073,28.395,0.47146
32.185,32.427,0,-0.016797,28.371,0.48473
32.185,32.425,0,-0.014796,28.347,0.48608
32.185,32.424,0,-0.01608,28.323,0.47936
32.185,32.422,0,-0.020368,28.299,0.46463
32.185,32.42,0,-0.028965,28.275,0.43816
32.185,32.417,0,-0.040082,28.252,0.40398
32.185,32.413,0,-0.051928,28.229,0.36638
32.185,32.408,0,-0.065382,28.207,0.32341
32.185,32.401,0,-0.076707,28.185,0.28362
32.064,32.394,-0.43444,-0.087855,28.302,2.0902
32.064,32.385,0,-0.095685,28.269,0.4652
32.064,32.375,0,-0.10266,28.238,0.42778
32.064,32.365,0,-0.10444,28.207,0.40144
32.064,32.355,0,-0.10899,28.177,0.36868
32.064,32.344,0,-0.1075,28.149,0.34887
32.064,32.333,0,-0.10852,28.122,0.3239
32.064,32.322,0,-0.10834,28.095,0.30151
32.064,32.311,0,-0.10444,28.07,0.28738
32.064,32.301,0,-0.10245,28.046,0.26994
32.064,32.291,0,-0.099216,28.023,0.25562
32.064,32.281,0,-0.098352,28.001,0.23692
32.064,32.271,0,-0.092096,27.979,0.22996
32.064,32.262,0,-0.087263,27.959,0.22125
32.064,32.253,0,-0.083796,27.94,0.21061
31.942,32.245,0.014403,-0.083197,27.717,0.42192
31.942,32.236,0,-0.083401,27.688,0.4375
31.942,32.228,0,-0.081158,27.659,0.42459
31.942,32.22,0,-0.078622,27.63,0.41287
31.942,32.212,0,-0.076987,27.603,0.39958
31.942,32.204,0,-0.07604,27.576,0.38504
31.942,32.197,0,-0.072571,27.55,0.37669
31.931,32.189,-0.0042537,-0.071833,27.507,0.39684
31.931,32.182,0,-0.06942,27.482,0.37676
31.931,32.175,0,-0.067375,27.457,0.36647
31.931,32.169,0,-0.06775,27.433,0.35096
31.931,32.162,0,-0.066809,27.41,0.3385
31.931,32.155,0,-0.065911,27.387,0.32616
31.931,32.148,0,-0.063243,27.365,0.31814
31.931,32.142,0,-0.062334,27.343,0.30663
31.931,32.136,0,-0.061319,27.322,0.29559
31.931,32.13,0,-0.060595,27.302,0.28411
31.931,32.124,0,-0.057363,27.283,0.27853
31.931,32.118,0,-0.053115,27.264,0.27597
31.931,32.113,0,-0.048258,27.245,0.27573
31.931,32.108,0,-0.048451,27.227,0.26494
31.931,32.103,0,-0.047246,27.21,0.25732
31.947,32.098,0.0063787,-0.042885,27.135,0.2085
31.947,32.094,0,-0.039799,27.12,0.22064
31.947,32.09,0,-0.036005,27.106,0.22076
31.947,32.086,0,-0.038479,27.092,0.20751
31.947,32.083,0,-0.039637,27.078,0.19676
31.947,32.079,0,-0.044426,27.065,0.17779
31.947,32.074,0,-0.049544,27.052,0.15734
31.947,32.069,0,-0.060773,27.039,0.1232
31.947,32.063,0,-0.072008,27.027,0.087717
31.947,32.056,0,-0.084957,27.016,0.047709
31.947,32.047,0,-0.097539,27.005,0.0072772
31.947,32.038,0,-0.10825,26.996,0
31.947,32.027,0,-0.12106,26.987,0
31.947,32.015,0,-0.13521,26.98,0
31.485,32.001,-0.56043,-0.14895,26.775,3.116
31.485,31.986,0,-0.15909,26.724,0.71159
31.485,31.97,0,-0.17305,26.674,0.64167
31.485,31.953,0,-0.18268,26.627,0.58108
31.485,31.935,0,-0.1916,26.581,0.52163
31.485,31.916,0,-0.20067,26.537,0.46157
31.485,31.896,0,-0.20245,26.495,0.41648
31.485,31.875,0,-0.20484,26.455,0.37046
31.485,31.855,0,-0.2044,26.417,0.33032
31.485,31.834,0,-0.20014,26.381,0.29816
31.485,31.814,0,-0.19468,26.347,0.26929
31.485,31.795,0,-0.18881,26.315,0.24238
31.485,31.776,0,-0.18534,26.285,0.21216
31.485,31.758,0,-0.1834,26.257,0.17992
31.485,31.739,0,-0.18524,26.23,0.14156
31.485,31.721,0,-0.19585,26.206,0.088483
31.485,31.701,0,-0.21937,26.183,0.015644
31.485,31.679,0,-0.26572,26.163,0
31.485,31.653,0,-0.34009,26.144,0
31.485,31.619,0,-0.43381,26.129,0
31.485,31.575,0,-0.55114,26.118,0
29.381,31.52,-4.5284,-0.67543,25.098,198.14
29.381,31.453,0,-0.80602,24.888,2.6535
29.381,31.372,0,-0.94464,24.685,2.0979
29.381,31.278,0,-1.0877,24.49,1.6709
29.381,31.169,0,-1.2382,24.306,1.4287
26.996,31.045,-5.2693,-1.3987,23.534,366.18
26.996,30.905,0,-1.5743,23.137,4.9656
26.996,30.748,0,-1.7688,22.754,3.9836
26.996,30.571,0,-1.9882,22.387,3.3092
26.996,30.372,0,-2.2136,22.04,3.1882
26.996,30.151,0,-2.426,21.713,3.808
26.996,29.908,0,-2.6238,21.41,5.3447
26.996,29.646,0,-4.6211,21.132,89.709
26.996,29.183,0,-4.8322,20.89,168.78
26.996,28.7,0,-5.23,20.695,680.79
22.098,28.177,-4.2851,-5.3188,17.878,0
22.098,27.645,0,-5.1566,17.297,31.884
22.098,27.13,0,-4.4624,16.768,18.566
20.903,26.683,-2.5518,-3.5902,16.088,29.006
20.903,26.324,0,-2.8877,15.528,5.2028
20.903,26.036,0,-2.2003,15.001,6.1159
20.903,25.816,0,-2,14.498,6.233
20.903,25.616,0,-2,14.017,5.6695
20.903,25.416,0,-2,13.556,5.1459
20.903,25.216,0,-2,13.115,4.6645
20.903,25.016,0,-2,12.693,4.2282
20.903,24.816,0,-2,12.292,3.8396
20.903,24.616,0,-2,11.911,3.5018
20.903,24.416,0,-2,11.55,3.2182
20.903,24.216,0,-2.9,11.208,6.3948
20.903,23.926,0,-2.9,10.892,7.425
20.903,23.636,0,-2.9,10.604,8.7511
20.903,23.346,0,-2.9,10.345,10.415
20.903,23.056,0,-2.9,10.115,12.465
20.903,22.766,0,-2.9,9.9146,14.962
20.903,22.476,0,-2.9,9.7429,17.979
20.903,22.186,0,-2.9,9.6001,21.606
20.903,21.896,0,-2.9,9.4864,25.953
20.903,21.606,0,-2.9,9.4016,31.162
20.903,21.316,0,-2.9,9.3459,37.413
20.903,21.026,0,-2.9,9.3191,44.938
20.903,20.736,0,-2.9,9.3214,54.047
20.903,20.446,0,-2.9,9.3526,65.157
20.903,20.156,0,-2.9,9.4129,78.846
20.903,19.866,0,-2.9,9.5021,95.938
20.903,19.576,0,-2.9,9.6204,117.65
20.903,19.286,0,-2.9,9.7676,145.86
20.903,18.996,0,-2.9,9.9439,183.63
20.903,18.706,0,-2.9,10.149,236.27
20.903,18.416,0,-2.9,10.383,313.96
20.903,18.126,0,-4.4,10.647,0
20.903,17.686,0,-4.4,10.946,0
20.903,17.246,0,-4.4,11.29,0
20.903,16.806,0,-4.4,11.678,0
20.903,16.366,0,-4.4,12.11,0
20.903,15.926,0,-4.4,12.585,0
20.903,15.486,0,1.3026,13.105,0
20.903,15.616,0,1.3201,13.64,0
20.903,15.748,0,1.3338,14.163,0
20.903,15.881,0,1.3428,14.671,0
20.903,16.016,0,1.349,15.167,0
21.777,16.15,0.43015,1.3504,15.744,1.1862
21.777,16.286,0,1.3503,16.3,0
21.777,16.421,0,1.3477,16.843,0
21.777,16.555,0,1.3424,17.372,0
21.777,16.69,0,1.34,17.887,0
21.777,16.824,0,1.3347,18.389,0
21.777,16.957,0,1.3256,18.878,0
21.777,17.09,0,1.3154,19.353,0
22.126,17.221,0.57036,1.306,19.957,0
22.126,17.352,0,1.2992,20.441,0
22.126,17.482,0,1.2928,20.912,0
22.126,17.611,0,1.2848,21.37,0
22.126,17.739,0,1.2778,21.815,0
22.126,17.867,0,1.2676,22.247,0
22.126,17.994,0,1.2568,22.667,0
22.126,18.12,0,1.2471,23.074,0
22.126,18.244,0,1.2369,23.468,0
22.126,18.368,0,1.2268,23.85,0
22.126,18.491,0,1.2167,24.22,0
22.126,18.612,0,1.2078,24.577,0
22.126,18.733,0,1.2003,24.923,0
22.126,18.853,0,1.1873,25.256,0
22.126,18.972,0,1.1754,25.577,0
22.126,19.089,0,1.1676,25.887,0
22.126,19.206,0,1.1539,26.185,0
22.126,19.322,0,1.1417,26.471,0
22.126,19.436,0,1.1324,26.746,0
22.126,19.549,0,1.1201,27.009,0
22.126,19.661,0,1.1089,27.261,0
22.126,19.772,0,1.096,27.502,0
22.126,19.882,0,1.0848,27.732,0
22.126,19.99,0,1.0765,27.951,0
22.126,20.098,0,1.0633,28.159,0
22.126,20.204,0,1.0514,28.357,0
22.126,20.309,0,1.0397,28.544,0
22.126,20.413,0,1.0303,28.72,0
22.126,20.516,0,1.0209,28.887,0
22.126,20.618,0,1.0088,29.043,0
22.126,20.719,0,0.9997,29.188,0
22.126,20.819,0,0.98801,29.324,0
24.191,20.918,0.6196,0.98033,32.806,0
24.191,21.016,0,0.97251,33.128,0
24.191,21.113,0,0.96284,33.441,0
24.191,21.209,0,0.95151,33.744,0
24.191,21.305,0,0.94178,34.037,0
24.191,21.399,0,0.93447,34.321,0
24.191,21.492,0,0.92509,34.596,0
24.191,21.585,0,0.91539,34.861,0
24.191,21.676,0,0.90547,35.117,0
24.191,21.767,0,0.89449,35.364,0
24.191,21.856,0,0.88871,35.602,0
24.191,21.945,0,0.8807,35.831,0
24.191,22.033,0,0.87177,36.052,0
24.191,22.12,0,0.86346,36.263,0
24.191,22.207,0,0.85353,36.466,0
24.191,22.292,0,0.84748,36.66,0
24.191,22.377,0,0.84135,36.846,0
24.191,22.461,0,0.83224,37.023,0
25.26,22.544,0.57263,0.82184,38.194,0
25.26,22.626,0,0.8118,38.461,0
25.26,22.708,0,0.80124,38.72,0
25.26,22.788,0,0.79271,38.972,0
25.26,22.867,0,0.78337,39.215,0
25.26,22.945,0,0.77685,39.45,0
25.26,23.023,0,0.77252,39.678,0
25.26,23.1,0,0.76538,39.898,0
25.26,23.177,0,0.76014,40.11,0
25.26,23.253,0,0.7547,40.315,0
25.26,23.328,0,0.74779,40.512,0
25.841,23.403,0.47396,0.73831,41.014,0
25.841,23.477,0,0.72996,41.254,0
25.841,23.55,0,0.72547,41.487,0
25.841,23.622,0,0.71697,41.713,0
25.841,23.694,0,0.71325,41.931,0
25.841,23.765,0,0.70433,42.142,0
25.841,23.836,0,0.70071,42.346,0
25.841,23.906,0,0.69386,42.543,0
25.841,23.975,0,0.69132,42.733,0
25.841,24.044,0,0.68718,42.916,0
25.841,24.113,0,0.68269,43.092,0
25.841,24.181,0,0.67657,43.262,0
25.841,24.249,0,0.67036,43.424,0
26.508,24.316,0.50669,0.66322,44.031,0
26.508,24.382,0,0.6614,44.247,0
