23.157,23.157,-1.6671,0,35.5,13.182
23.157,23.157,0,-0.020051,35.5,0
23.157,23.155,0,-0.042078,35.5,0
23.157,23.15,0,-0.063275,35.501,0
23.157,23.144,0,-0.084597,35.501,0
23.157,23.136,0,-0.10408,35.503,0
23.157,23.125,0,-0.12503,35.506,0
23.157,23.113,0,-0.14621,35.51,0
23.157,23.098,0,-0.16784,35.515,0
23.157,23.081,0,-0.18867,35.521,0
23.157,23.062,0,-0.21234,35.53,0
23.157,23.041,0,-0.23418,35.54,0
23.157,23.018,0,-0.25745,35.553,0
23.157,22.992,0,-0.27834,35.568,0
23.157,22.964,0,-0.29915,35.586,0
23.157,22.934,0,-0.31913,35.607,0
23.157,22.902,0,-0.33597,35.631,0
20.358,22.869,-1.209,-0.35343,33.196,18.027
20.358,22.833,0,-0.36859,32.947,5.8048
20.358,22.797,0,-0.38363,32.701,5.5898
20.358,22.758,0,-0.39841,32.459,5.3741
20.358,22.718,0,-0.41534,32.221,5.1459
19.782,22.677,-1.2838,-0.43245,31.845,20.705
19.653,22.634,-1.3568,-0.4511,31.558,22.228
19.653,22.589,0,-0.47196,31.262,6.9559
19.653,22.541,0,-0.49429,30.971,6.6482
19.653,22.492,0,-0.51678,30.684,6.3376
19.653,22.44,0,-0.54253,30.403,6.0079
19.653,22.386,0,-0.56881,30.127,5.6743
19.653,22.329,0,-0.59479,29.856,5.3422
19.653,22.27,0,-0.6208,29.592,5.0106
19.653,22.208,0,-0.64529,29.333,4.6878
19.653,22.143,0,-0.66908,29.081,4.371
19.653,22.076,0,-0.69287,28.835,4.0578
19.653,22.007,0,-0.71938,28.596,3.7386
19.653,21.935,0,-0.74369,28.365,3.4343
19.653,21.861,0,-0.77276,28.14,3.1207
19.653,21.783,0,-0.80229,27.923,2.816
19.653,21.703,0,-0.83297,27.714,2.5204
19.653,21.62,0,-0.8641,27.513,2.2387
19.653,21.533,0,-0.89668,27.321,1.9718
19.653,21.444,0,-0.92937,27.137,1.7261
19.653,21.351,0,-0.95898,26.963,1.5097
19.653,21.255,0,-0.98736,26.798,1.3209
19.653,21.156,0,-1.0164,26.643,1.1605
19.653,21.054,0,-1.044,26.498,1.0333
16.514,20.95,-1.0258,-1.0735,22.571,19.63
16.514,20.843,0,-1.1016,22.133,8.6744
16.514,20.733,0,-1.1317,21.705,8.0748
16.514,20.619,0,-1.1601,21.289,7.4943
16.514,20.503,0,-1.193,20.885,6.9021
16.514,20.384,0,-1.2282,20.492,6.3131
16.514,20.261,0,-1.267,20.111,5.7268
16.514,20.135,0,-1.315,19.742,5.1257
16.514,20.003,0,-1.3668,19.387,4.5438
16.514,19.866,0,-1.4197,19.045,4.0002
16.514,19.724,0,-1.4819,18.717,3.4842
16.514,19.576,0,-1.5477,18.403,3.0322
16.514,19.421,0,-1.6112,18.105,2.6719
16.514,19.26,0,-1.6812,17.822,2.4135
16.514,19.092,0,-1.7529,17.556,2.2915
16.514,18.917,0,-1.8209,17.307,2.3279
16.514,18.735,0,-1.8842,17.076,2.5375
16.514,18.546,0,-1.9448,16.863,2.9459
16.514,18.352,0,-2.0016,16.67,3.5737
16.514,18.152,0,-4.4,16.496,130.61
16.514,17.712,0,-4.4,16.354,182.31
16.514,17.272,0,-4.4,16.256,267.68
16.514,16.832,0,-4.4,16.203,431.11
16.514,16.392,0,-4.4,16.193,856.16
16.514,15.952,0,-4.4,16.227,4387.6
16.514,15.512,0,-4.4,16.306,0
16.514,15.072,0,-4.4,16.428,0
16.514,14.632,0,-4.4,16.594,0
16.514,14.192,0,-4.4,16.804,0
16.514,13.752,0,-4.4,17.059,0
16.514,13.312,0,-4.4,17.357,0
16.514,12.872,0,-4.4,17.699,0
16.514,12.432,0,-4.4,18.085,0
11.569,11.992,-1.7549,-5.2,10.555,0
11.569,11.472,0,-5.2,10.539,0
11.569,10.952,0,0.080464,10.575,0
11.569,10.96,0,0.021709,10.636,0
11.569,10.962,0,-0.048141,10.697,0
11.569,10.957,0,-0.12125,10.758,0
11.569,10.945,0,-0.19161,10.82,0
11.569,10.926,0,-5.2,10.883,0
10.126,10.406,-1.831,-0.11442,10.39,16.526
10.126,10.394,0,-0.18256,10.362,0.17341
10.126,10.376,0,-0.25414,10.336,0.024008
10.126,10.351,0,-0.32061,10.313,0
10.126,10.319,0,-5.2,10.292,0
10.126,9.7987,0,-0.22523,10.298,0
9.0808,9.7761,-1.6155,-0.28279,10.006,13.692
9.0808,9.7479,0,-0.34139,9.9379,0.65074
9.0808,9.7137,0,-5.2,9.8729,759.7
8.6012,9.1937,-1.6353,-0.23448,9.7722,13.878
8.6012,9.1703,0,-0.29336,9.7142,0.55078
8.6012,9.1409,0,-0.35557,9.6587,0.38117
8.6012,9.1054,0,-5.2,9.6065,380.14
8.6012,8.5854,0,-0.27052,9.5821,0
8.6012,8.5583,0,-0.33416,9.585,0
8.6012,8.5249,0,-0.39864,9.591,0
8.6012,8.485,0,-5.2,9.6006,378.87
8.6012,7.965,0,-0.31859,9.6382,0
8.6012,7.9332,0,-0.38282,9.7034,0
8.6012,7.8949,0,-5.2,9.7722,377.66
8.6012,7.3749,0,-0.30993,9.8688,0
6.3447,7.3439,-1.9836,-5.2,8.6643,183.69
6.3447,6.8239,0,-0.24421,8.5904,0.46959
6.3447,6.7995,0,-0.30859,8.5437,0.30327
6.3447,6.7686,0,-0.3716,8.4997,0.15915
6.3447,6.7315,0,-5.2,8.4592,59.535
6.3447,6.2115,0,-0.29389,8.4465,0
6.3447,6.1821,0,-5.2,8.4613,58.409
6.3447,5.6621,0,-0.22901,8.5036,0
6.3447,5.6392,0,-0.28785,8.573,0
6.3447,5.6104,0,-0.3499,8.6449,0
6.3447,5.5754,0,-8.8,8.7201,49.6
6.3447,4.6954,0,-0.15445,8.841,0
6.3447,4.68,0,-0.20896,9.0067,0
6.3447,4.6591,0,-0.26229,9.1743,0
6.3447,4.6328,0,-0.31751,9.3441,0.24461
3.3781,4.6011,-1.9351,-8.8,7.2875,0
3.3781,3.7211,0,-0.13259,7.2092,0.42759
3.3781,3.7078,0,-0.17742,7.1756,0.30388
3.3781,3.6901,0,-0.22243,7.1435,0.18484
3.3781,3.6678,0,-0.26768,7.1134,0.072846
3.3781,3.6411,0,-0.3137,7.0858,0
3.3781,3.6097,0,-8.8,7.061,0
3.3781,2.7297,0,-0.13143,7.0819,0
3.3781,2.7166,0,-0.1647,7.1474,0
3.3781,2.7001,0,-0.19862,7.2143,0
3.3781,2.6802,0,-8.8,7.2831,0
3.3781,1.8002,0,-0.054315,7.3969,0
3.3781,1.7948,0,-0.078828,7.555,0
3.3781,1.7869,0,-0.10287,7.7137,0
3.3781,1.7766,0,-0.12588,7.8733,0
3.3781,1.764,0,-0.14961,8.0341,0
3.3781,1.7491,0,-0.16949,8.1962,0
3.3781,1.7321,0,-8.8,8.36,0
3.3781,0.85212,0,-1.1443,8.5686,2.9053
3.3781,0.7377,0,-1.0982,8.8269,2.7674
3.3781,0.62787,0,-1.0759,9.0964,2.5892
0.070311,0.52029,-1.0456,-1.0456,5.5483,0.92245
0.070311,0.41572,0,-0.99688,5.5085,0
0.070311,0.31604,0,-0.89916,5.4789,0
0.070311,0.22612,0,-0.892,5.4588,0
-0.3131,0.13692,-0.8784,-0.8784,5.3596,0.92551
-0.3131,0.049079,0,-0.89562,5.319,0
-0.3131,0,0,-0.94434,5.2873,0
-0.3131,0,0,-0.98981,5.2607,0
-0.3131,0,0,-1.0404,5.2343,0
-0.3131,0,0,-1.0602,5.2082,0
-0.3131,0,0,-1.062,5.1822,0
-0.3131,0,0,-8.8,5.1562,0
-0.3131,0,0,-8.8,5.1689,0
-1.2052,0,-0.99503,-8.8,4.7941,0
-1.2052,0,0,-8.8,4.7176,0
-1.2052,0,0,-8.8,4.6411,0
-1.2052,0,0,-8.8,4.5646,0
-1.2052,0,0,-8.8,4.4881,0
-1.2052,0,0,-8.8,4.4116,0
-1.2052,0,0,-8.8,4.3351,0
-1.2052,0,0,-8.8,4.2585,0
-1.2052,0,0,-8.8,4.182,0
-1.2052,0,0,-8.8,4.1055,0
-1.2052,0,0,-8.8,4.029,0
-1.2052,0,0,-8.8,3.9525,0
-1.2052,0,0,-8.8,3.876,0
-1.2052,0,0,-8.8,3.7994,0
-1.2052,0,0,-8.8,3.7229,0
-1.2052,0,0,-8.8,3.6464,0
-1.2052,0,0,-8.8,3.5699,0
-1.2052,0,0,-8.8,3.4934,0
-1.2052,0,0,-8.8,3.4169,0
-1.2052,0,0,-8.8,3.3403,0
-1.2052,0,0,-8.8,3.2638,0
-1.2052,0,0,-8.8,3.1873,0
-1.2052,0,0,-8.946,3.1108,0
-1.2052,0,0,-15.202,3.035,0
-1.2052,0,0,-44.057,2.9905,0
-3.6622,0,-0.98298,-744.11,0.009024,0
-3.6622,0,0,-8.8,3.3633,0
-3.6622,0,0,-8.8,3.0411,0
-3.6622,0,0,-8.8,2.7189,0
-3.6622,0,0,-8.8,2.3967,0
-3.6622,0,0,-8.8,2.0744,0
-3.6622,0,0,-8.8,1.7522,0
-3.6622,0,0,-10.511,1.43,0
-4.6888,0,-1.697,-16.568,0.73916,0
-4.6888,0,0,-36.725,0.35313,0
-4.6888,0,0,-672.46,0.067874,0
-4.6888,0,0,-8.8,2.9613,0
-4.6888,0,0,-8.8,2.5364,0
-4.6888,0,0,-10.31,2.1115,0
-4.6888,0,0,-14.312,1.6942,0
-4.6888,0,0,-23.298,1.2969,0
-6.1435,0,-1.6645,-58.037,0.33476,0
-6.1435,0,0,-4312.4,0.010596,0
-6.1435,0,0,7.8,20.958,28.987
-6.1435,0.78,0,-1.5766,20.305,10.883
-6.1435,0.62234,0,-1.5675,19.621,10.579
-6.1435,0.46559,0,-1.5046,18.952,10.39
-6.1435,0.31513,0,-1.4638,18.299,10.167
-6.1435,0.16875,0,-1.42,17.66,9.9593
-6.1435,0.026749,0,-1.3892,17.036,9.7328
-6.1435,0,0,-1.3684,16.426,9.7217
-6.1435,0,0,-1.4059,15.818,9.6429
-6.1435,0,0,-1.4583,15.211,9.5329
-6.1435,0,0,-1.5092,14.604,9.426
-6.1435,0,0,-1.5652,13.997,9.3082
-6.1435,0,0,-1.6272,13.391,9.178
-6.1435,0,0,-1.6548,12.784,9.12
-6.1435,0,0,-1.6412,12.178,9.1486
-6.1435,0,0,-1.6086,11.572,9.2171
-6.1435,0,0,-1.5251,10.966,9.3926
-6.1435,0,0,-1.419,10.359,9.6154
-6.1435,0,0,-1.3626,9.7519,9.7339
-9.3282,0,-1.3212,-1.3212,5.7274,19.126
-9.3282,0,0,-10.643,4.8012,0
-9.5961,0,-1.3095,-13.113,3.9008,0
-9.5961,0,0,-17.143,3.0068,0
-9.5961,0,0,-24.574,2.1329,0
-9.5961,0,0,-42.368,1.2961,0
-9.5961,0,0,-123.64,0.54838,0
-9.5961,0,0,-3066.5,0.20698,0
-9.5961,0,0,-1.5925,14.58,16.329
-9.5961,0,0,-1.584,13.628,16.346
-9.5961,0,0,-1.625,12.677,16.261
-9.5961,0,0,-1.5984,11.725,16.316
-9.5961,0,0,-1.5517,10.774,16.414
-9.5961,0,0,-1.51,9.8217,16.502
-11.415,0,-1.4685,-1.4685,7.8159,23.403
-11.415,0,0,-1.3925,6.6818,20.477
-11.415,0,0,-1.3673,5.5473,20.53
-11.415,0,0,-17.56,4.4126,0
-11.415,0,0,-23.705,3.3589,0
-11.415,0,0,-35.983,2.336,0
-11.415,0,0,-70.318,1.3744,0
-11.415,0,0,-357.94,0.58449,0
-11.415,0,0,-107.57,1.2327,0
-11.415,0,0,-4155.9,0.62911,0
-11.415,0,0,-1.9472,20.267,19.312
-11.415,0,0,-1.9703,19.136,19.263
-11.415,0,0,-1.9868,18.004,19.229
-11.415,0,0,-2.0123,16.872,19.175
-11.415,0,0,-1.9807,15.741,19.242
-11.415,0,0,-1.9135,14.609,19.383
-11.415,0,0,-1.9135,13.477,19.383
-11.415,0,0,-1.9388,12.346,19.329
-11.415,0,0,-1.9257,11.214,19.357
-11.415,0,0,-1.9044,10.082,19.402
-11.415,0,0,-1.9222,8.9499,19.364
-11.415,0,0,-29.397,7.818,0
-11.415,0,0,-43.895,6.8235,0
-11.415,0,0,-83.298,5.9015,0
-11.415,0,0,-379.25,5.1765,0
-11.415,0,0,-198.33,5.9313,0
-11.415,0,0,-4904.9,5.7815,0
-11.415,0,0,7.8,29.165,39.793
-11.415,0.78,0,7.8,27.984,41.392
-16.581,1.56,-1.4953,-0.33792,19.505,39.624
-16.581,1.5262,0,-0.38995,17.693,36.303
-16.581,1.4872,0,-0.45677,15.884,36.083
-16.581,1.4415,0,-0.54348,14.08,35.807
-16.581,1.3872,0,-0.66039,12.28,35.45
-16.581,1.3211,0,-0.8266,10.487,34.965
-16.581,1.2385,0,-1.0727,8.7005,34.279
-17.531,1.1312,-1.2942,-1.4651,6.6093,37.901
-17.531,0.98472,0,-37.967,4.7505,0
-17.531,0,0,-52.857,3.0888,0
-17.531,0,0,-105.35,1.6,0
-17.531,0,0,-609.16,0.37369,0
-17.531,0,0,-110.66,1.6665,0
-17.531,0,0,-683.77,0.46668,0
-17.531,0,0,-92.626,2.1325,0
-17.531,0,0,-377.82,0.84256,0
-17.531,0,0,-356.58,0.97858,0
-17.531,0,0,-434.83,1.0084,0
-17.531,0,0,-251.28,1.4295,0
-17.531,0,0,-2186.1,0.93285,0
-17.531,0,0,-1.1516,10.11,33.521
-17.531,0,0,-1.1949,8.363,33.43
-17.531,0,0,-1.2435,6.6159,33.328
-17.531,0,0,-56.775,4.8691,0
-17.531,0,0,-112.03,3.3999,0
-17.531,0,0,-588.52,2.207,0
-17.531,0,0,-150.65,3.3965,0
-17.531,0,0,-2605.7,2.3967,0
-17.531,0,0,-1.1424,13.672,33.54
-17.531,0,0,-1.1015,11.925,33.626
-17.531,0,0,-1.0536,10.178,33.727
-17.531,0,0,-1.0471,8.4297,33.74
-20.41,0,-1.0385,-68.857,3.0711,0
-20.41,0,0,-154.85,1.3744,0
-20.41,0,0,-2745,0.10769,0
-20.41,0,0,-0.99409,11.792,39.754
-20.41,0,0,-0.99277,9.7557,39.757
-20.41,0,0,-1.0206,7.7197,39.698
-20.41,0,0,-1.0235,5.6838,39.692
-20.41,0,0,-66.682,3.648,0
-20.41,0,0,-141.11,1.9404,0
-20.41,0,0,-1182.1,0.60499,0
-20.41,0,0,-58.994,4.4745,0
-20.41,0,0,-111.16,2.7285,0
-20.41,0,0,-456.81,1.2433,0
-20.41,0,0,-379.17,1.4864,0
-20.41,0,0,-713.83,1.3413,0
-20.41,0,0,-148.13,2.8694,0
-20.41,0,0,-1191.6,1.5692,0
-22.859,0,-3.8821,-70.903,3.8983,0
-22.859,0,0,-142.35,1.9669,0
-22.859,0,0,-853.8,0.39276,0
-22.859,0,0,-132.3,2.3758,0
-22.859,0,0,-642.63,0.75141,0
-22.859,0,0,-241.3,1.6787,0
-22.859,0,0,9.8,1.6028,67.456
-22.859,0.98,0,9.8,1.7696,69.465
-24.783,1.96,-1.0049,9.8,1,77.53
-24.783,2.94,0,9.8,1.0057,77.427
-24.783,3.92,0,9.8,1.0216,79.436
-24.783,4.9,0,9.8,1.0539,81.445
-24.783,5.88,0,9.8,1.0901,83.454
-24.783,6.86,0,9.8,1.1279,85.463
-24.783,7.84,0,9.8,1.1904,87.472
-24.783,8.82,0,9.8,1.258,89.481
-24.783,9.8,0,9.8,1.3784,91.49
-24.783,10.78,0,9.8,1.5479,93.499
-24.783,11.76,0,9.8,1.8029,95.508
-24.783,12.74,0,9.8,2.1567,97.517
-24.783,13.72,0,9.8,2.5865,99.526
-24.783,14.7,0,9.8,3.1164,101.54
-24.783,15.68,0,9.8,3.7104,103.54
-24.783,16.66,0,9.8,4.3611,105.55
-24.783,17.64,0,9.8,5.0518,107.56
-24.783,18.62,0,9.8,5.7714,109.57
-32.439,19.6,-1.8812,9.8,1,131.23
-32.439,20.58,0,9.8,1.0176,129.28
-32.784,21.56,-1.4967,9.8,1,135.14
-32.784,22.54,0,9.8,1.0098,134.01
-32.784,23.52,0,9.8,1.0252,136.02
-32.784,24.5,0,9.8,1.0559,138.03
-32.784,25.48,0,9.8,1.0934,140.04
-33.357,26.46,-1.0011,9.8,1,145.32
-33.357,27.44,0,9.8,1.0139,145.23
-33.357,28.42,0,9.8,1.0269,147.24
-33.357,29.4,0,9.8,1.0548,149.25
-33.357,30.38,0,9.8,1.0804,151.26
-33.357,31.36,0,9.8,1.1174,153.27
-33.785,32.34,-0.41131,9.8,1,157.02
-33.785,33.32,0,9.8,0.99666,158.16
-33.785,34.3,0,9.8,1.0004,160.17
-33.908,35.28,-0.53582,9.8,1,163.56
-33.966,36.26,-0.5943,9.8,1,165.81
-33.966,37.24,0,9.8,1.0049,166.57
-33.966,38.22,0,9.8,1.0063,168.58
-33.966,39.2,0,9.8,1.0204,170.58
-33.966,40.18,0,9.8,1.0337,172.59
-33.966,41.16,0,9.8,1.0519,174.6
-33.966,42.14,0,9.8,1.0751,176.61
-33.966,43.12,0,9.8,1.1092,178.62
-33.966,44.1,0,9.8,1.1616,180.63
-33.966,45.08,0,9.8,1.2127,182.64
-33.966,46.06,0,9.8,1.266,184.65
-33.966,47.04,0,9.8,1.3326,186.66
-33.966,48.02,0,9.8,1.3975,188.67
-33.966,49,0,9.8,1.4646,190.67
-33.966,49.98,0,9.8,1.5431,192.68
-33.966,50.96,0,9.8,1.6155,194.69
-33.966,51.94,0,9.8,1.7025,196.7
-33.966,52.92,0,9.8,1.7871,198.71
-33.966,53.9,0,9.8,1.8749,200.72
-33.966,54.88,0,9.8,1.9691,202.73
-33.966,55.86,0,9.8,2.07,204.74
-33.966,56.84,0,9.8,2.1908,206.75
-33.966,57.82,0,9.8,2.3137,208.76
-33.966,58.8,0,9.8,2.4439,210.76
-33.966,59.78,0,9.8,2.5724,212.77
-33.966,60.76,0,9.8,2.7164,214.78
-33.966,61.74,0,9.8,2.8571,216.79
-33.966,62.72,0,9.8,3.0119,218.8
-35.542,63.7,-0.59929,9.8,1,225.3
-35.604,64.68,-0.66361,9.8,1,227.57
-35.604,65.66,0,9.8,1.0038,228.19
-35.604,66.64,0,9.8,1.0175,230.19
-35.604,67.62,0,9.8,1.0391,232.2
-35.913,68.6,-1.0226,9.8,1,237
-36.025,69.58,-1.0637,9.8,1,239.32
-36.025,70.56,0,9.8,1.0116,239.09
-36.025,71.54,0,9.8,1.0264,241.1
-36.025,72.52,0,9.8,1.0514,243.11
-36.426,73.5,-0.94757,9.8,1,247.93
-36.518,74.48,-0.92933,9.8,1,250.09
-36.518,75.46,0,9.8,0.99637,250.15
-36.518,76.44,0,9.8,1.0187,252.16
-36.518,77.42,0,9.8,1.0383,254.17
-36.518,78.4,0,9.8,1.0818,256.18
-36.518,79.38,0,9.8,1.1337,258.19
-36.518,80.36,0,9.8,1.1918,260.2
-36.518,81.34,0,9.8,1.2618,262.2
-36.518,82.32,0,9.8,1.3441,264.21
-36.518,83.3,0,9.8,1.4481,266.22
-36.518,84.28,0,9.8,1.5633,268.23
-36.518,85.26,0,9.8,1.7036,270.24
-36.518,86.24,0,9.8,1.8649,272.25
-36.518,87.22,0,9.8,2.0368,274.26
-36.518,88.2,0,9.8,2.238,276.27
-38.957,89.18,-2.6434,9.8,1,288.83
-39.213,90.16,-2.6716,9.8,1,291.42
-39.485,91.14,-2.7322,9.8,1,294.12
-39.485,92.12,0,9.8,1.0069,290.39
-39.485,93.1,0,9.8,1.0529,292.4
-39.485,94.08,0,9.8,1.1248,294.4
-39.485,95.06,0,9.8,1.2284,296.41
-39.485,96.04,0,9.8,1.3592,298.42
-39.485,97.02,0,9.8,1.5122,300.43
-39.485,98,0,9.8,1.6887,302.44
-41.743,98.98,-2.5218,9.8,1,314.38
-41.743,99.96,0,9.8,1.0219,311.09
-41.743,100.94,0,9.8,1.0687,313.1
-41.743,101.92,0,9.8,1.1388,315.1
-41.743,102.9,0,9.8,1.2202,317.11
-41.743,103.88,0,9.8,1.3254,319.12
-41.743,104.86,0,9.8,1.4482,321.13
-41.743,105.84,0,9.8,1.5932,323.14
-41.743,106.82,0,9.8,1.7657,325.15
-43.727,107.8,-2.3471,9.8,1,336.16
-43.727,108.78,0,9.8,1.0025,333.23
-44.23,109.76,-2.9069,9.8,1,342.38
-44.23,110.74,0,9.8,1.016,338.28
-44.865,111.72,-4.2249,9.8,1,350.47
-44.865,112.7,0,9.8,1.0153,343.6
-44.865,113.68,0,9.8,1.0739,345.61
-44.865,114.66,0,9.8,1.2003,347.62
-44.865,115.64,0,9.8,1.3869,349.63
-47.924,116.62,-8.2375,9.8,1,375.22
-47.924,117.6,0,9.8,1.0472,359.92
-47.924,118.58,0,9.8,1.1626,361.93
-47.924,119.56,0,9.8,1.3727,363.94
-47.924,120.54,0,9.8,1.6636,365.95
-47.924,121.52,0,9.8,2.021,367.96
-47.924,122.5,0,9.8,2.4472,369.96
