10.556,10.556,-0.16736,0,35.5,0.42422
10.556,10.556,0,6.7,35.5,60.872
10.556,11.226,0,6.7,35.467,65.492
10.556,11.896,0,-0.088076,35.366,3.2814
10.556,11.887,0,-0.09025,35.232,3.2433
10.556,11.878,0,-0.092991,35.1,3.202
10.556,11.868,0,-0.095396,34.968,3.1616
10.556,11.859,0,-0.099113,34.837,3.1149
10.556,11.849,0,-0.10297,34.707,3.0665
10.556,11.839,0,-0.10656,34.579,3.0185
10.556,11.828,0,-0.11123,34.451,2.9649
10.556,11.817,0,-0.11639,34.324,2.9081
10.556,11.805,0,-0.12179,34.199,2.8492
10.556,11.793,0,-0.12723,34.074,2.7889
10.556,11.78,0,-0.13343,33.951,2.7242
10.556,11.767,0,-0.14006,33.829,2.6566
10.556,11.753,0,-0.14734,33.709,2.585
10.556,11.738,0,-0.15411,33.59,2.514
10.556,11.723,0,-0.16139,33.472,2.4398
10.556,11.707,0,-0.16941,33.356,2.3615
10.556,11.69,0,-0.17791,33.242,2.28
9.0968,11.672,-1.1171,-0.18691,31.934,18.804
9.0968,11.653,0,-0.19601,31.677,7.1051
9.0968,11.634,0,-0.20589,31.422,6.9681
9.0968,11.613,0,-0.21478,31.17,6.8341
9.0968,11.592,0,-0.22381,30.919,6.697
9.0968,11.569,0,-0.23341,30.671,6.5541
9.0968,11.546,0,-0.24359,30.425,6.4053
9.0968,11.522,0,-0.25416,30.181,6.2519
9.0968,11.496,0,-0.26457,29.94,6.0968
8.1197,11.47,-1.2423,-0.27587,29.245,24.659
8.1197,11.442,0,-0.28943,28.911,9.6853
8.1197,11.413,0,-0.30332,28.58,9.4673
8.1197,11.383,0,-0.31786,28.252,9.2409
8.1197,11.351,0,-0.33374,27.928,9.0018
8.1197,11.318,0,-0.34973,27.606,8.7578
8.1197,11.283,0,-0.36468,27.288,8.5165
8.1197,11.246,0,-0.37913,26.974,8.2748
8.1197,11.208,0,-0.39207,26.663,8.0394
8.1197,11.169,0,-0.40456,26.356,7.8041
8.1197,11.129,0,-0.41515,26.053,7.5782
8.1197,11.087,0,-0.42652,25.754,7.3459
8.1197,11.044,0,-0.43896,25.46,7.1058
8.1197,11.001,0,-0.45133,25.169,6.8644
8.1197,10.955,0,-0.46251,24.884,6.6284
8.1197,10.909,0,-0.47505,24.602,6.3839
8.1197,10.862,0,-0.48793,24.326,6.1366
8.1197,10.813,0,-0.49861,24.054,5.9005
8.1197,10.763,0,-0.51147,23.787,5.6528
8.1197,10.712,0,-0.52309,23.525,5.4113
8.1197,10.66,0,-0.53419,23.269,5.1727
8.1197,10.606,0,-0.54644,23.018,4.9293
6.4457,10.552,-0.32532,-0.55801,20.439,14.234
6.4457,10.496,0,-0.57176,20.032,10.928
6.4457,10.439,0,-0.58469,19.629,10.589
6.4457,10.38,0,-0.59816,19.233,10.244
6.4457,10.32,0,-0.61006,18.843,9.9079
6.4457,10.259,0,-0.62165,18.458,9.5731
6.4457,10.197,0,-0.63477,18.08,9.228
6.233,10.134,-0.27335,-0.64817,17.622,12.028
6.2109,10.069,-0.28003,-0.66001,17.241,11.798
6.2109,10.003,0,-0.67425,16.859,9.1433
6.2109,9.9354,0,-0.68966,16.483,8.7696
6.116,9.8664,-0.21632,-0.70365,16.088,10.438
6.116,9.796,0,-0.715,15.717,8.4335
6.116,9.7245,0,-0.72973,15.352,8.0601
6.116,9.6516,0,-0.74074,14.995,7.7096
6.116,9.5775,0,-0.75202,14.645,7.3595
6.116,9.5023,0,-0.76209,14.303,7.0185
6.0209,9.4261,-0.14792,-0.7715,13.928,8.0001
6.0209,9.3489,0,-0.78017,13.591,6.7029
6.0209,9.2709,0,-0.788,13.262,6.377
6.0209,9.1921,0,-0.80029,12.941,6.0319
6.0209,9.1121,0,-0.81098,12.628,5.6989
6.0209,9.031,0,-0.82162,12.323,5.3709
6.0209,8.9488,0,-0.82813,12.026,5.067
6.0209,8.866,0,-0.83195,11.738,4.7808
6.0209,8.7828,0,-0.83351,11.457,4.5101
6.0209,8.6995,0,-0.83067,11.185,4.264
6.0209,8.6164,0,-0.81822,10.922,4.063
6.0209,8.5346,0,-0.80418,10.666,3.8751
6.0209,8.4541,0,-0.78864,10.419,3.6996
6.0209,8.3753,0,-0.77286,10.179,3.5318
6.0209,8.298,0,-0.75666,9.9478,3.372
6.0209,8.2223,0,-0.73741,9.7239,3.2297
6.0209,8.1486,0,-0.71652,9.5074,3.0998
6.0209,8.0769,0,-0.68571,9.2982,3.0116
6.0209,8.0084,0,-0.65162,9.0961,2.9436
6.0209,7.9432,0,-5.2,8.9006,50.237
6.0209,7.4232,0,-0.35486,8.7343,2.3843
6.0209,7.3877,0,-0.31,8.5959,2.4487
6.0209,7.3567,0,-5.2,8.4607,49.035
6.0209,6.8367,0,-0.029621,8.3531,1.9273
6.0209,6.8338,0,0.020927,8.2717,2.1137
6.0209,6.8359,0,0.088187,8.1903,2.3948
6.0209,6.8447,0,0.1558,8.1084,2.7167
7.2325,6.8603,1.3055,0.21876,8.6383,0.26013
7.2325,6.8821,0,0.27656,8.6744,0
7.2325,6.9098,0,0.33262,8.7081,0.11194
7.2325,6.943,0,0.38568,8.7387,0.36022
7.7211,6.9816,1.2079,0.43139,8.8531,0
7.7211,7.0248,0,0.47363,8.9249,0
7.7211,7.0721,0,0.51032,8.9921,0
7.7211,7.1231,0,0.54811,9.0545,0.083018
7.7211,7.178,0,0.58127,9.1115,0.34416
7.7211,7.2361,0,0.60786,9.1629,0.60488
7.7211,7.2969,0,0.62861,9.2084,0.86232
7.7211,7.3597,0,0.65551,9.2477,1.1618
8.6107,7.4253,1.0178,0.67425,9.6591,0
8.6107,7.4927,0,0.69501,9.7743,0
8.6107,7.5622,0,0.70957,9.8826,0
8.6107,7.6332,0,0.72659,9.9839,0
8.6107,7.7058,0,0.73252,10.078,0
8.6107,7.7791,0,0.74121,10.165,0.1173
8.6107,7.8532,0,0.75175,10.244,0.36705
8.6107,7.9284,0,0.75568,10.316,0.6023
8.6107,8.0039,0,0.75142,10.381,0.81144
8.6107,8.0791,0,0.74589,10.438,1.018
8.6107,8.1537,0,0.72584,10.487,1.1638
8.6107,8.2263,0,0.69951,10.529,1.2772
8.6107,8.2962,0,0.66561,10.564,1.3499
8.6107,8.3628,0,0.62617,10.592,1.3881
8.6107,8.4254,0,0.586,10.614,1.4112
8.6107,8.484,0,0.56003,10.63,1.4824
8.6107,8.54,0,0.53751,10.639,1.5603
9.5847,8.5937,0.63129,0.52686,11.778,0
9.5847,8.6464,0,0.53574,11.875,0
9.5847,8.7,0,0.54271,11.966,0
9.5847,8.7543,0,0.55565,12.052,0
9.5847,8.8098,0,0.56935,12.132,0
9.5847,8.8668,0,0.59195,12.207,0
9.5847,8.926,0,0.61244,12.275,0.13737
9.5847,8.9872,0,0.62767,12.338,0.35964
9.5847,9.05,0,0.62847,12.395,0.54002
9.5847,9.1128,0,0.6227,12.445,0.69919
9.5847,9.1751,0,0.61489,12.489,0.85106
9.5847,9.2366,0,0.59185,12.527,0.9416
9.5847,9.2958,0,0.56214,12.559,0.99893
9.5847,9.352,0,0.52828,12.585,1.0311
9.5847,9.4048,0,0.49379,12.606,1.051
9.5847,9.4542,0,0.46896,12.621,1.0987
9.5847,9.5011,0,0.44826,12.632,1.1553
10.427,9.5459,0.54839,0.44569,13.569,0
10.427,9.5905,0,0.45288,13.655,0
10.427,9.6358,0,0.46376,13.736,0
10.427,9.6821,0,0.48237,13.813,0
10.72,9.7304,0.90644,0.49751,13.958,0
10.72,9.7801,0,0.51373,14.055,0
10.72,9.8315,0,0.53455,14.146,0
10.72,9.885,0,0.55035,14.232,0
11.087,9.94,0.90597,0.57069,14.366,0
11.087,9.9971,0,0.5902,14.478,0
11.087,10.056,0,0.60122,14.584,0
11.087,10.116,0,0.61539,14.684,0
11.087,10.178,0,0.62794,14.778,0
11.087,10.241,0,0.64024,14.866,0
11.63,10.305,0.93226,0.65022,15.126,0
11.63,10.37,0,0.66529,15.255,0
11.63,10.436,0,0.68255,15.378,0
11.63,10.504,0,0.70104,15.494,0
12.061,10.574,1.3214,0.72108,15.682,0
12.061,10.647,0,0.74923,15.827,0
12.061,10.721,0,0.775,15.965,0
12.061,10.799,0,0.80604,16.095,0
12.061,10.88,0,0.83105,16.217,0
12.061,10.963,0,0.85515,16.331,0
12.061,11.048,0,0.87575,16.436,0.10367
12.061,11.136,0,0.88571,16.533,0.39982
12.061,11.224,0,0.89459,16.621,0.70523
13.233,11.314,1.1265,0.90454,17.238,0
13.233,11.404,0,0.91525,17.426,0
13.233,11.496,0,0.91998,17.604,0
13.233,11.588,0,0.92148,17.773,0
13.233,11.68,0,0.9188,17.933,0
13.233,11.772,0,0.9176,18.084,0
13.233,11.864,0,0.90531,18.225,0
13.233,11.954,0,0.8785,18.358,0
13.233,12.042,0,0.84227,18.481,0
13.233,12.126,0,0.79698,18.596,0
13.233,12.206,0,0.74852,18.703,0
13.233,12.281,0,0.71023,18.801,0
13.233,12.352,0,0.67156,18.893,0
13.233,12.419,0,0.64084,18.978,0
13.233,12.483,0,0.60786,19.056,0
13.832,12.544,-0.11054,0.58107,19.91,0
13.832,12.602,0,0.54783,20.036,0
13.832,12.657,0,0.51764,20.157,0
13.832,12.708,0,0.48787,20.272,0
13.832,12.757,0,0.46122,20.381,0
13.832,12.803,0,0.43884,20.487,0
13.832,12.847,0,0.41653,20.587,0
13.832,12.889,0,0.39434,20.684,0
13.832,12.928,0,0.37019,20.776,0
13.832,12.965,0,0.34514,20.865,0
13.724,13,-0.17803,0.32143,20.905,0
13.724,13.032,0,0.30178,20.976,0
13.724,13.062,0,0.28261,21.044,0
13.724,13.09,0,0.25748,21.109,0
13.658,13.116,-0.20253,0.2394,21.166,0
13.658,13.14,0,0.224,21.219,0
13.623,13.163,-0.21497,0.20307,21.263,0.033316
13.623,13.183,0,0.18312,21.308,0
13.623,13.201,0,0.16224,21.351,0
13.623,13.217,0,0.14637,21.392,0
13.623,13.232,0,0.1313,21.432,0
13.623,13.245,0,0.11478,21.47,0
13.623,13.257,0,0.10488,21.507,0
13.623,13.267,0,0.10788,21.543,0
13.623,13.278,0,0.12307,21.579,0
13.616,13.29,0.8927,0.14326,21.54,0
13.616,13.305,0,0.17867,21.572,0
13.616,13.322,0,0.2143,21.602,0
13.616,13.344,0,0.25359,21.63,0.009919
13.616,13.369,0,0.29224,21.656,0.179
13.616,13.398,0,0.32796,21.68,0.36052
13.616,13.431,0,0.36139,21.7,0.55484
13.616,13.467,0,0.39611,21.717,0.77339
13.616,13.507,0,0.42843,21.729,1.0042
13.616,13.55,0,0.4531,21.738,1.2248
13.616,13.595,0,0.47263,21.743,1.4398
13.616,13.642,0,0.49582,21.742,1.6831
14.874,13.692,0.92727,0.51334,22.487,0
14.874,13.743,0,0.53047,22.603,0
14.874,13.796,0,0.54593,22.713,0
14.874,13.851,0,0.55945,22.818,0
14.874,13.907,0,0.56791,22.918,0
14.874,13.964,0,0.57536,23.012,0
14.874,14.021,0,0.58581,23.1,0
14.874,14.08,0,0.59876,23.182,0
14.874,14.14,0,0.61395,23.258,0
14.874,14.201,0,0.63916,23.329,0.1918
14.874,14.265,0,0.66114,23.393,0.45051
14.874,14.331,0,0.69276,23.451,0.76545
16.093,14.4,1.3952,0.72034,24.161,0
16.093,14.472,0,0.74959,24.326,0
16.093,14.547,0,0.77228,24.485,0
16.093,14.625,0,0.79739,24.635,0
16.093,14.704,0,0.81378,24.778,0
16.093,14.786,0,0.83353,24.913,0
16.093,14.869,0,0.84641,25.04,0
16.093,14.954,0,0.85913,25.158,0
16.093,15.04,0,0.86984,25.268,0
16.093,15.127,0,0.87205,25.369,0.2233
16.093,15.214,0,0.87339,25.461,0.48705
16.093,15.301,0,0.86634,25.544,0.72334
16.093,15.388,0,0.85647,25.619,0.94996
16.093,15.473,0,0.84953,25.686,1.1903
16.093,15.558,0,0.84025,25.743,1.4222
16.093,15.642,0,0.83086,25.793,1.6541
16.093,15.725,0,0.81999,25.834,1.8793
16.093,15.807,0,0.80231,25.866,2.0708
16.093,15.888,0,0.78484,25.891,2.2589
16.093,15.966,0,0.75909,25.907,2.4013
16.093,16.042,0,0.73224,25.916,2.5298
16.093,16.115,0,0.70285,25.918,2.6366
16.093,16.186,0,0.66943,25.912,2.7129
16.093,16.253,0,0.63258,25.899,2.7605
16.093,16.316,0,0.59895,25.88,2.8115
17.785,16.376,-0.12097,0.56742,28.897,0
17.772,16.432,-0.10533,0.53843,29.029,0
17.772,16.486,0,0.51384,29.16,0
17.772,16.538,0,0.49249,29.286,0
17.772,16.587,0,0.46837,29.407,0
17.772,16.634,0,0.44954,29.523,0
17.772,16.679,0,0.42667,29.635,0
17.772,16.721,0,0.40271,29.742,0
17.772,16.762,0,0.38763,29.845,0
17.772,16.8,0,0.36997,29.944,0
17.729,16.837,-0.0083846,0.35461,30.024,0
17.729,16.873,0,0.33672,30.111,0
17.729,16.907,0,0.32356,30.195,0
17.729,16.939,0,0.31566,30.276,0
17.729,16.97,0,0.30949,30.353,0
17.729,17.001,0,0.30006,30.428,0
17.729,17.031,0,0.29201,30.499,0
17.729,17.061,0,0.28071,30.567,0
17.729,17.089,0,0.26585,30.633,0
17.729,17.115,0,0.25551,30.695,0
17.756,17.141,-0.19229,0.24271,30.776,0
17.756,17.165,0,0.22183,30.836,0
17.756,17.187,0,0.204,30.894,0
17.756,17.208,0,0.1872,30.95,0
17.756,17.226,0,0.17109,31.004,0
17.756,17.244,0,0.15689,31.056,0
17.756,17.259,0,0.14499,31.106,0
17.756,17.274,0,0.13622,31.155,0
17.622,17.287,-0.060225,0.13137,31.137,0
17.622,17.3,0,0.1207,31.17,0
17.622,17.313,0,0.11256,31.201,0
17.622,17.324,0,0.10214,31.232,0
17.622,17.334,0,0.089138,31.261,0
17.622,17.343,0,0.07522,31.289,0
17.622,17.35,0,0.065995,31.317,0
17.622,17.357,0,0.05199,31.344,0
17.622,17.362,0,0.041247,31.37,0
17.622,17.366,0,0.034852,31.396,0
17.622,17.37,0,0.037085,31.421,0
17.622,17.374,0,0.043736,31.446,0
17.622,17.378,0,0.050965,31.47,0
17.622,17.383,0,0.054496,31.495,0
17.622,17.388,0,0.057438,31.518,0
17.622,17.394,0,0.04303,31.541,0
17.622,17.399,0,0.020708,31.564,0
17.622,17.401,0,-0.0053806,31.586,0
17.622,17.4,0,-0.023045,31.608,0
17.622,17.398,0,-0.04905,31.63,0
17.622,17.393,0,-0.080429,31.653,0
17.622,17.385,0,-0.11617,31.676,0
17.622,17.373,0,-0.15686,31.7,0
17.622,17.357,0,-0.19975,31.726,0
17.622,17.338,0,-0.24371,31.753,0
17.622,17.313,0,-0.28959,31.783,0
17.622,17.284,0,-0.33851,31.815,0
17.622,17.25,0,-0.3918,31.851,0
17.622,17.211,0,-0.4512,31.89,0
17.622,17.166,0,-0.5174,31.933,0
17.622,17.114,0,-0.59001,31.981,0
17.622,17.055,0,-0.67031,32.035,0.25028
17.622,16.988,0,-0.76006,32.095,0.82115
17.622,16.912,0,-0.85657,32.162,1.6274
17.622,16.827,0,-0.95439,32.237,2.6956
17.622,16.731,0,-1.0535,32.322,4.0897
17.622,16.626,0,-1.1478,32.416,5.8051
17.622,16.511,0,-1.238,32.521,7.9012
17.622,16.387,0,-1.3218,32.638,10.394
17.622,16.255,0,-1.4056,32.768,13.474
17.622,16.115,0,-1.4894,32.912,17.288
8.0224,15.966,-1.1967,-1.5698,21.362,39.468
8.0224,15.809,0,-1.6457,20.576,20.523
8.0224,15.644,0,-1.7146,19.805,19.121
8.0224,15.473,0,-1.774,19.052,17.8
8.0224,15.295,0,-1.8281,18.315,16.529
8.0224,15.112,0,-1.876,17.597,15.318
8.0224,14.925,0,-1.9239,16.898,14.126
8.0224,14.732,0,-1.9754,16.217,12.932
8.0224,14.535,0,-2.0245,15.556,11.785
8.0224,14.332,0,-2.0707,14.915,10.691
8.0224,14.125,0,-2.1136,14.294,9.6572
8.0224,13.914,0,-2.1546,13.694,8.681
8.0224,13.698,0,-2.1878,13.116,7.7958
8.0224,13.48,0,-2.2239,12.559,6.957
8.0224,13.257,0,-2.2477,12.025,6.2299
8.0224,13.033,0,-4.4,11.513,17.443
8.039,12.593,0.32716,-4.4,10.859,26.015
8.039,12.153,0,-5.2,10.426,76.418
8.039,11.633,0,-5.2,10.04,106.51
8.039,11.113,0,-5.2,9.7069,153.4
8.039,10.593,0,-5.2,9.4255,219.97
8.039,10.073,0,-5.2,9.1962,218.9
8.039,9.5525,0,-5.2,9.0188,217.84
8.039,9.0325,0,-5.2,8.8935,216.77
8.039,8.5125,0,-5.2,8.8201,215.71
8.4275,7.9925,0.29298,-5.2,8.9682,258.51
8.4275,7.4725,0,0.52367,9.0377,0
8.4275,7.5249,0,0.51233,9.1306,0
8.4275,7.5761,0,0.49613,9.2183,0
8.4275,7.6257,0,0.47545,9.301,0
8.4275,7.6733,0,0.44843,9.3788,0
8.4275,7.7181,0,0.4203,9.4519,0
8.4275,7.7601,0,0.39098,9.5208,0
8.4275,7.7992,0,0.35848,9.5855,0
8.4275,7.8351,0,0.32048,9.6466,0
8.4275,7.8671,0,0.27786,9.7042,0
8.4275,7.8949,0,0.24348,9.7589,0
8.4275,7.9193,0,0.22686,9.8109,0
8.4275,7.942,0,0.21613,9.8606,0
8.4275,7.9636,0,0.21213,9.9081,0
8.4275,7.9848,0,0.20813,9.9534,0
8.396,8.0056,0.13501,0.20274,10.043,0
8.396,8.0259,0,0.20304,10.081,0
8.396,8.0462,0,0.1993,10.117,0
8.396,8.0661,0,0.19101,10.151,0
8.396,8.0852,0,0.18381,10.183,0
8.396,8.1036,0,0.181,10.213,0
8.396,8.1217,0,0.18094,10.241,0
8.396,8.1398,0,0.18098,10.268,0
8.396,8.1579,0,0.17766,10.293,0
8.5147,8.1756,0.13733,0.17485,10.365,0
8.5147,8.1931,0,0.17287,10.398,0
8.5147,8.2104,0,0.16797,10.429,0
8.5147,8.2272,0,0.16669,10.459,0
8.5147,8.2439,0,0.16975,10.487,0
8.5147,8.2609,0,0.16598,10.513,0
8.5147,8.2775,0,0.16766,10.537,0
8.5147,8.2942,0,0.16734,10.56,0
8.5147,8.311,0,0.16303,10.582,0
8.5147,8.3273,0,0.16552,10.601,0
8.5147,8.3438,0,0.15907,10.619,0
8.6578,8.3597,0.12113,0.15261,10.72,0
8.6675,8.375,0.12429,0.14967,10.749,0
8.6675,8.3899,0,0.1448,10.777,0
8.6675,8.4044,0,0.14352,10.804,0
8.6675,8.4188,0,0.14791,10.83,0
8.6675,8.4336,0,0.15187,10.854,0
8.6675,8.4488,0,0.14957,10.877,0
8.6675,8.4637,0,0.14778,10.898,0
8.6675,8.4785,0,0.14265,10.917,0
8.6675,8.4928,0,0.14567,10.935,0
8.6675,8.5073,0,0.14421,10.952,0
8.6675,8.5217,0,0.14542,10.968,0.020454
8.6675,8.5363,0,0.14773,10.981,0.05878
8.6675,8.5511,0,0.14907,10.994,0.095547
8.6675,8.566,0,0.14398,11.005,0.11641
8.6675,8.5804,0,0.14052,11.014,0.14034
8.6675,8.5944,0,0.14057,11.022,0.17265
8.6675,8.6085,0,0.14441,11.029,0.21528
8.6675,8.6229,0,0.14047,11.034,0.23836
8.6675,8.637,0,0.14091,11.038,0.27242
8.6675,8.6511,0,0.13684,11.04,0.29448
8.6675,8.6647,0,0.13376,11.041,0.31833
8.6675,8.6781,0,0.13604,11.041,0.35635
8.6675,8.6917,0,0.13896,11.039,0.39711
8.6675,8.7056,0,0.13622,11.036,0.42279
8.6675,8.7192,0,0.13902,11.031,0.46381
8.6675,8.7331,0,0.13446,11.025,0.48448
8.6675,8.7466,0,0.13616,11.018,0.52235
8.6675,8.7602,0,0.13326,11.01,0.54732
8.6675,8.7735,0,0.13725,11,0.59219
8.6675,8.7872,0,0.1396,10.988,0.63356
8.6675,8.8012,0,0.14027,10.976,0.67073
8.6675,8.8152,0,0.13836,10.962,0.70033
8.6675,8.8291,0,0.13717,10.946,0.73178
8.6675,8.8428,0,0.13813,10.929,0.76983
8.6675,8.8566,0,0.13506,10.911,0.79558
8.6675,8.8701,0,0.13801,10.891,0.83983
8.6675,8.8839,0,0.14121,10.871,0.8861
8.6675,8.898,0,0.14579,10.848,0.93815
8.6675,8.9126,0,0.14146,10.824,0.9623
8.6675,8.9268,0,0.1459,10.799,1.0147
9.2393,8.9413,0.13758,0.14911,11.855,0
9.2393,8.9563,0,0.15036,11.884,0
9.2393,8.9713,0,0.14548,11.911,0
9.2393,8.9858,0,0.14024,11.938,0
9.2393,8.9999,0,0.13964,11.962,0
9.2393,9.0138,0,0.14051,11.985,0
9.3074,9.0279,0.14097,0.13953,12.039,0
9.3074,9.0418,0,0.1389,12.066,0
9.3074,9.0557,0,0.14122,12.092,0
9.353,9.0698,0.13835,0.14113,12.121,0
9.353,9.084,0,0.14511,12.149,0
9.3832,9.0985,0.1299,0.1419,12.19,0
9.3832,9.1127,0,0.14258,12.218,0
