21.95,21.95,0.094782,0,35.5,0
21.95,21.95,0,0.0050147,35.5,0.0106
21.95,21.95,0,0.018332,35.5,0.040413
21.95,21.952,0,0.02721,35.5,0.063973
21.95,21.955,0,0.040565,35.499,0.10022
22.12,21.959,0.38866,0.047668,35.544,0
22.166,21.964,0.38125,0.060148,35.561,0
22.208,21.97,0.41538,0.070826,35.58,0
22.208,21.977,0,0.078404,35.604,0
22.208,21.984,0,0.086612,35.627,0
22.208,21.993,0,0.095507,35.648,0
22.208,22.003,0,0.10804,35.67,0
22.208,22.013,0,0.12111,35.69,0
22.208,22.026,0,0.13258,35.708,0
22.208,22.039,0,0.14342,35.726,0
22.208,22.053,0,0.15311,35.742,0.018528
22.208,22.069,0,0.15735,35.757,0.063606
22.208,22.084,0,0.16053,35.77,0.10757
22.208,22.1,0,0.16507,35.782,0.15642
22.208,22.117,0,0.16927,35.792,0.20613
22.208,22.134,0,0.17565,35.8,0.26356
22.208,22.151,0,0.18345,35.807,0.32758
22.208,22.17,0,0.19453,35.811,0.40432
22.208,22.189,0,0.20309,35.814,0.47805
22.91,22.209,0.49998,0.20843,36.432,0
22.91,22.23,0,0.21854,36.501,0
22.91,22.252,0,0.2251,36.568,0
22.91,22.275,0,0.23097,36.632,0
23.095,22.298,0.43684,0.23738,36.724,0
23.095,22.321,0,0.24085,36.802,0
23.095,22.346,0,0.24359,36.879,0
23.095,22.37,0,0.25035,36.952,0
23.095,22.395,0,0.25484,37.024,0
23.095,22.42,0,0.25691,37.092,0
23.095,22.446,0,0.26254,37.159,0
23.362,22.472,0.35021,0.26515,37.315,0
23.362,22.499,0,0.26593,37.402,0
23.362,22.525,0,0.26579,37.487,0
23.362,22.552,0,0.26731,37.57,0
23.362,22.579,0,0.26711,37.649,0
23.362,22.605,0,0.26782,37.726,0
23.362,22.632,0,0.26762,37.801,0
23.539,22.659,0.12303,0.26246,37.923,0
23.539,22.685,0,0.2556,38.01,0
23.539,22.711,0,0.24731,38.094,0
23.539,22.736,0,0.23756,38.176,0
23.539,22.759,0,0.23001,38.255,0
23.539,22.782,0,0.21726,38.332,0
23.504,22.804,-0.15405,0.2088,38.395,0
23.504,22.825,0,0.19874,38.464,0
23.504,22.845,0,0.18495,38.531,0
23.504,22.863,0,0.17655,38.596,0
23.504,22.881,0,0.16305,38.659,0
23.504,22.897,0,0.1539,38.721,0
23.504,22.913,0,0.14113,38.781,0
23.504,22.927,0,0.13212,38.839,0
23.504,22.94,0,0.12038,38.896,0
23.504,22.952,0,0.11498,38.952,0
23.332,22.964,0.024478,0.10993,38.895,0
23.332,22.975,0,0.10719,38.931,0
23.332,22.985,0,0.10549,38.966,0
23.332,22.996,0,0.10584,39.001,0
23.361,23.006,0.19547,0.10594,39.053,0
23.361,23.017,0,0.11094,39.088,0
23.361,23.028,0,0.11549,39.122,0
23.361,23.04,0,0.12278,39.154,0
23.361,23.052,0,0.12941,39.186,0
23.361,23.065,0,0.14029,39.216,0
23.361,23.079,0,0.15371,39.245,0
23.361,23.094,0,0.16759,39.273,0
23.361,23.111,0,0.18568,39.299,0
23.361,23.13,0,0.20097,39.323,0
23.361,23.15,0,0.21857,39.345,0.057697
23.361,23.172,0,0.23789,39.365,0.16198
23.361,23.195,0,0.25458,39.383,0.26744
23.361,23.221,0,0.26942,39.398,0.37506
23.361,23.248,0,0.28327,39.411,0.48664
23.361,23.276,0,0.29586,39.421,0.60092
23.361,23.306,0,0.30193,39.428,0.69949
23.361,23.336,0,0.30324,39.432,0.78509
23.361,23.366,0,0.30236,39.433,0.86442
23.361,23.396,0,0.29808,39.431,0.93227
23.361,23.426,0,0.29168,39.426,0.99183
23.361,23.455,0,0.28222,39.418,1.0388
23.361,23.484,0,0.27802,39.407,1.1023
23.361,23.511,0,0.27269,39.394,1.1609
23.361,23.539,0,0.27152,39.377,1.2336
23.361,23.566,0,0.27476,39.358,1.3233
23.361,23.593,0,0.27513,39.337,1.404
23.361,23.621,0,0.28053,39.312,1.5051
23.361,23.649,0,0.28542,39.285,1.6073
23.361,23.677,0,0.29187,39.254,1.7185
23.361,23.707,0,0.29988,39.221,1.8399
23.361,23.737,0,0.30383,39.185,1.9484
23.361,23.767,0,0.30418,39.146,2.0439
24.818,23.797,0.29089,0.30505,41.708,0
24.818,23.828,0,0.30244,41.809,0
24.818,23.858,0,0.3012,41.906,0
24.818,23.888,0,0.30407,42.001,0
24.934,23.919,0.3395,0.30379,42.121,0
24.934,23.949,0,0.30299,42.221,0
24.934,23.979,0,0.30018,42.318,0
24.934,24.009,0,0.29767,42.412,0
24.934,24.039,0,0.2905,42.503,0
24.934,24.068,0,0.28222,42.591,0
24.934,24.096,0,0.26658,42.676,0
24.934,24.123,0,0.25199,42.759,0
24.934,24.148,0,0.23554,42.839,0
24.934,24.172,0,0.21498,42.916,0
24.934,24.193,0,0.19493,42.991,0
24.934,24.213,0,0.16775,43.064,0
24.934,24.23,0,0.13657,43.136,0
24.934,24.243,0,0.10608,43.205,0
24.934,24.254,0,0.076734,43.274,0
24.934,24.261,0,0.047925,43.342,0
24.934,24.266,0,0.019489,43.409,0
24.245,24.268,-0.90198,-0.0022643,43.226,4.3914
24.245,24.268,0,-0.010305,43.223,0.025692
24.245,24.267,0,-0.019868,43.221,0.0036921
23.968,24.265,-0.87599,-0.028845,43.195,5.207
23.968,24.262,0,-0.037035,43.165,0.55249
23.968,24.258,0,-0.045035,43.136,0.52324
23.968,24.254,0,-0.051344,43.107,0.49691
23.968,24.249,0,-0.05564,43.079,0.47453
23.968,24.243,0,-0.058777,43.051,0.45429
23.968,24.237,0,-0.063079,43.024,0.43066
23.968,24.231,0,-0.067477,42.997,0.40611
23.968,24.224,0,-0.070839,42.971,0.38333
23.455,24.217,-0.47919,-0.075314,42.696,3.9508
23.455,24.21,0,-0.080468,42.621,1.5733
23.455,24.202,0,-0.083718,42.546,1.5406
23.455,24.193,0,-0.087888,42.471,1.5041
23.455,24.184,0,-0.091647,42.398,1.4682
23.455,24.175,0,-0.095043,42.326,1.4328
23.175,24.166,-0.43946,-0.099813,42.162,4.4378
23.175,24.156,0,-0.10292,42.064,2.1243
23.175,24.145,0,-0.10693,41.966,2.0797
23.175,24.135,0,-0.10953,41.87,2.0395
23.175,24.124,0,-0.1121,41.774,1.999
23.175,24.113,0,-0.11524,41.68,1.9559
22.945,24.101,-0.43059,-0.11912,41.513,4.9126
22.945,24.089,0,-0.123,41.398,2.5244
22.853,24.077,-0.4464,-0.12716,41.279,5.2431
22.853,24.064,0,-0.13206,41.157,2.6894
22.853,24.051,0,-0.13609,41.037,2.633
22.853,24.037,0,-0.14,40.917,2.5763
22.853,24.023,0,-0.14413,40.8,2.518
22.853,24.009,0,-0.1489,40.683,2.4564
22.853,23.994,0,-0.15387,40.568,2.3931
22.853,23.979,0,-0.15872,40.455,2.3295
22.453,23.963,-0.45532,-0.16315,40.174,6.2565
22.453,23.946,0,-0.16749,40.024,3.4176
22.453,23.93,0,-0.17211,39.876,3.3432
22.453,23.913,0,-0.17496,39.729,3.2758
22.453,23.895,0,-0.17787,39.584,3.2077
22.453,23.877,0,-0.18087,39.44,3.1387
22.453,23.859,0,-0.18346,39.299,3.0711
22.453,23.841,0,-0.18615,39.159,3.0028
22.453,23.822,0,-0.18906,39.021,2.9332
22.453,23.803,0,-0.19119,38.885,2.8665
22.453,23.784,0,-0.19321,38.751,2.8001
22.453,23.765,0,-0.19545,38.619,2.7327
22.453,23.745,0,-0.19817,38.489,2.6632
22.453,23.725,0,-0.19953,38.361,2.5989
22.453,23.706,0,-0.20057,38.235,2.5359
22.453,23.685,0,-0.20132,38.11,2.4742
22.453,23.665,0,-0.20221,37.988,2.4121
21.968,23.645,-0.051836,-0.20126,37.371,4.1265
21.968,23.625,0,-0.20053,37.204,3.7984
21.968,23.605,0,-0.20042,37.04,3.733
21.968,23.585,0,-0.19827,36.877,3.6773
21.968,23.565,0,-0.19721,36.716,3.6175
21.967,23.545,0.15279,-0.1954,36.57,2.8933
21.967,23.526,0,-0.19169,36.414,3.5184
21.967,23.507,0,-0.18883,36.259,3.4695
21.967,23.488,0,-0.18426,36.106,3.4293
21.967,23.469,0,-0.17834,35.955,3.3967
21.967,23.451,0,-0.17301,35.805,3.3634
21.967,23.434,0,-0.16513,35.658,3.3432
21.967,23.418,0,-0.1568,35.512,3.3275
21.967,23.402,0,-0.14974,35.368,3.3088
21.967,23.387,0,-0.14244,35.225,3.2934
21.967,23.373,0,-0.13399,35.084,3.2855
21.967,23.359,0,-0.12762,34.944,3.271
21.967,23.347,0,-0.12152,34.805,3.2574
21.967,23.334,0,-0.11477,34.668,3.2486
21.967,23.323,0,-0.10878,34.532,3.2386
22.534,23.312,0.18938,-0.10339,34.802,0.99635
22.534,23.302,0,-0.10044,34.724,1.5405
22.534,23.292,0,-0.097018,34.648,1.5252
22.534,23.282,0,-0.093746,34.573,1.5104
22.534,23.273,0,-0.091583,34.499,1.4927
22.534,23.263,0,-0.087387,34.425,1.4824
22.534,23.255,0,-0.08133,34.353,1.4794
22.699,23.247,0.36432,-0.0743,34.33,0.26899
22.699,23.239,0,-0.069478,34.276,1.0536
22.699,23.232,0,-0.063564,34.222,1.0542
22.699,23.226,0,-0.058242,34.169,1.0544
22.699,23.22,0,-0.053055,34.117,1.0556
22.699,23.215,0,-0.046727,34.065,1.0616
22.699,23.21,0,-0.04165,34.013,1.0654
22.949,23.206,0.38877,-0.03518,34.063,0
22.949,23.202,0,-0.030583,34.038,0.47603
22.949,23.199,0,-0.025693,34.013,0.48161
22.949,23.197,0,-0.02157,33.988,0.48637
22.949,23.195,0,-0.018648,33.963,0.48901
22.949,23.193,0,-0.015806,33.939,0.49212
22.949,23.191,0,-0.016831,33.914,0.48583
22.949,23.189,0,-0.020804,33.89,0.47172
22.949,23.187,0,-0.028482,33.866,0.4474
22.949,23.185,0,-0.040165,33.843,0.41181
22.949,23.181,0,-0.058503,33.819,0.35859
22.949,23.175,0,-0.081774,33.797,0.29234
22.949,23.167,0,-0.11155,33.774,0.21109
22.949,23.155,0,-0.1471,33.753,0.11896
22.949,23.141,0,-0.18742,33.733,0.021298
22.949,23.122,0,-0.23197,33.715,0
22.949,23.099,0,-0.27728,33.699,0
22.949,23.071,0,-0.32291,33.685,0
20.487,23.039,-3.2586,-0.37026,32.748,78.17
20.487,23.002,0,-0.41679,32.495,5.6883
20.487,22.96,0,-0.46474,32.246,5.2892
20.487,22.914,0,-0.51289,32.001,4.8879
20.487,22.862,0,-0.56222,31.761,4.4822
18.856,22.806,-3.3529,-0.61656,31.125,89.938
18.856,22.744,0,-0.67319,30.733,9.5515
18.856,22.677,0,-0.73124,30.348,8.9028
18.856,22.604,0,-0.79025,29.969,8.2473
18.856,22.525,0,-0.84996,29.599,7.5901
18.856,22.44,0,-0.90642,29.236,6.9569
18.856,22.349,0,-0.9605,28.882,6.3456
18.856,22.253,0,-1.0093,28.538,5.7727
18.856,22.152,0,-1.058,28.203,5.2161
18.856,22.046,0,-1.1016,27.879,4.7004
18.856,21.936,0,-1.1465,27.565,4.2023
18.856,21.822,0,-1.1887,27.263,3.7404
15.93,21.703,-1.2929,-1.2325,24.921,30.565
15.93,21.58,0,-1.2727,24.35,13.124
15.93,21.452,0,-1.3139,23.792,12.271
15.93,21.321,0,-1.3604,23.246,11.391
15.93,21.185,0,-1.4053,22.714,10.532
15.93,21.044,0,-1.4577,22.195,9.6422
15.93,20.899,0,-1.5146,21.691,8.7478
15.93,20.747,0,-1.579,21.202,7.8429
15.93,20.589,0,-1.6534,20.728,6.9306
15.93,20.424,0,-1.7272,20.27,6.078
15.93,20.251,0,-1.81,19.83,5.2646
15.93,20.07,0,-1.9201,19.407,4.4767
15.93,19.878,0,-2.0773,19.002,3.788
15.93,19.67,0,-2.2913,18.618,3.4615
12.477,19.441,-7.3573,-2.5709,16.641,38.489
12.477,19.184,0,-2.9128,15.957,7.9304
11.033,18.893,-6.267,-3.2868,15.144,34.343
11.033,18.564,0,-3.6601,14.374,7.7492
11.033,18.198,0,-6.8034,13.639,91.883
11.033,17.518,0,-6.024,12.957,52.702
11.033,16.915,0,-5.6906,12.339,49.692
8.8255,16.346,-3.3839,-5.9207,11.148,0
8.8255,15.754,0,-6.3566,10.426,60.953
8.8255,15.119,0,-6.842,9.7649,174.92
8.8255,14.434,0,-6.8951,9.1698,355.79
8.8255,13.745,0,-6.6129,8.6433,402.66
8.8255,13.084,0,-6.0087,8.1845,225.78
8.8255,12.483,0,-5.0518,7.7887,83.709
8.8255,11.978,0,-5.2,7.4482,144.77
8.8255,11.458,0,-5.2,7.159,218.02
6.0242,10.938,-0.4622,-5.2,5.4138,41.806
6.0242,10.418,0,-5.2,4.9485,55.418
6.0242,9.8976,0,-5.2,4.5352,54.352
5.9156,9.3776,-0.47753,-5.2,4.175,44.118
5.8652,8.8576,-0.68257,-5.2,3.8511,38.995
5.8652,8.3376,0,-5.2,3.5779,46.243
5.7016,7.8176,-1.1084,-5.2,3.3528,26.612
5.7016,7.2976,0,-5.2,3.1672,39.567
5.7016,6.7776,0,-5.2,3.0336,38.501
5.7016,6.2576,0,-5.2,2.952,37.435
5.7016,5.7376,0,-8.8,2.9224,28.804
5.7016,4.8576,0,-8.8,2.9628,27
5.7016,3.9776,0,-8.8,3.0912,25.196
5.7016,3.0976,0,-8.8,3.3076,23.392
5.7016,2.2176,0,-8.8,3.612,21.588
5.7016,1.3376,0,-8.8,4.0044,19.784
5.7016,0.45759,0,-8.8,4.4848,17.98
5.7016,0,0,-8.8,5.0532,17.042
5.7016,0,0,-8.8,5.6673,17.042
5.7016,0,0,0.002374,6.2815,35.4
5.7016,0.0002374,0,0.1225,6.8516,29.169
5.7016,0.012487,0,0.16633,7.4212,26.864
5.7016,0.02912,0,0.1605,7.9892,26.778
5.7016,0.04517,0,0.14598,8.5557,27.097
5.7016,0.059767,0,0.18409,9.1206,25.115
5.7016,0.078177,0,0.35694,9.6838,18.131
5.7016,0.11387,0,0.73734,10.244,7.259
5.7016,0.18761,0,1.2079,10.799,0
5.7016,0.3084,0,1.7673,11.345,0
5.7016,0.48512,0,2.2804,11.875,0
5.7016,0.71316,0,2.6356,12.386,0
5.7016,0.97672,0,4.9,12.871,11.563
5.7016,1.4667,0,4.9,13.319,14.265
5.7016,1.9567,0,4.9,13.718,17.038
5.7016,2.4467,0,4.9,14.068,19.875
6.0341,2.9367,2.6644,4.9,11.287,0
6.0341,3.4267,0,4.9,11.573,23.713
6.0341,3.9167,0,4.9,11.809,26.679
6.0341,4.4067,0,4.083,11.996,21.316
6.0341,4.815,0,3.4284,12.138,17.352
6.0341,5.1579,0,3.0653,12.243,15.895
6.0341,5.4644,0,2.8261,12.315,15.398
6.0341,5.747,0,2.672,12.358,15.542
8.3767,6.0142,3.0608,2.545,13.33,0
8.6914,6.2687,3.0904,2.475,13.575,0
9.0033,6.5162,3.0926,2.4188,13.813,0
9.0033,6.7581,0,2.3721,14.05,3.6148
9.0033,6.9953,0,2.3354,14.262,4.3891
9.0033,7.2288,0,2.3002,14.451,5.1724
9.0033,7.4589,0,2.2529,14.617,5.8671
9.0033,7.6842,0,2.2008,14.76,6.5149
9.0033,7.9042,0,2.1353,14.881,7.0466
9.0033,8.1178,0,2.0572,14.981,7.4582
9.0033,8.3235,0,1.9739,15.059,7.7958
9.0033,8.5209,0,1.8879,15.117,8.075
9.0033,8.7097,0,1.797,15.156,8.277
9.0033,8.8894,0,1.7284,15.176,8.6046
9.0033,9.0622,0,1.6669,15.179,8.9532
9.0033,9.2289,0,1.6301,15.165,9.4625
9.0033,9.3919,0,1.6063,15.134,10.059
9.0033,9.5525,0,1.5915,15.087,10.72
9.0033,9.7117,0,1.5658,15.024,11.295
9.0033,9.8683,0,1.5364,14.945,11.832
9.0033,10.022,0,1.5093,14.851,12.377
9.0033,10.173,0,1.4766,14.742,12.866
9.0033,10.32,0,1.4309,14.618,13.234
12.791,10.464,0.29981,1.3757,19.2,0
12.791,10.601,0,1.3024,19.426,0
12.791,10.731,0,1.1811,19.638,0
12.791,10.85,0,1.0035,19.838,0
12.791,10.95,0,0.77206,20.028,0
12.791,11.027,0,0.50932,20.208,0
12.791,11.078,0,0.22975,20.382,0
12.791,11.101,0,-0.010812,20.552,0
12.791,11.1,0,-0.073085,20.721,0
12.791,11.093,0,-0.12719,20.89,0
12.791,11.08,0,-0.17463,21.061,0
12.791,11.062,0,-0.21998,21.233,0
12.791,11.04,0,-0.26504,21.407,0
12.791,11.014,0,-0.31153,21.583,0.35699
12.791,10.983,0,-0.36317,21.762,0.8272
12.791,10.946,0,-0.41787,21.945,1.3975
12.791,10.905,0,-0.47611,22.131,2.0941
12.791,10.857,0,-0.54361,22.322,3.0094
12.791,10.803,0,-0.61928,22.518,4.194
12.791,10.741,0,-0.7041,22.72,5.7425
12.791,10.67,0,-0.80191,22.929,7.8384
12.791,10.59,0,-0.91263,23.145,10.682
12.791,10.499,0,-1.0374,23.369,14.597
12.791,10.395,0,-1.1723,23.604,19.922
12.791,10.278,0,-1.3133,23.849,27.103
12.791,10.147,0,-1.4585,24.107,36.863
12.791,10.001,0,-1.608,24.379,50.439
12.791,9.8399,0,-1.7735,24.666,71.126
12.791,9.6626,0,-1.95,24.97,103.99
12.791,9.4676,0,-2.1436,25.292,163.02
12.791,9.2532,0,-2.3552,25.635,291.83
12.791,9.0177,0,-2.5585,26.001,676.04
12.791,8.7618,0,-2.7441,26.391,10882
12.791,8.4874,0,-5.2,26.808,0
12.791,7.9674,0,-5.2,27.264,0
1.6339,7.4474,0.34161,-5.2,7.6649,3.9479
1.6339,6.9274,0,-5.2,7.1096,1.8485
1.6339,6.4074,0,-5.2,6.6062,0.78251
1.6339,5.8874,0,-8.8,6.1549,0
1.6339,5.0074,0,-8.8,5.7735,0
1.6339,4.1274,0,-8.8,5.4802,0
1.7947,3.2474,0.16986,-8.8,5.3229,0
1.7947,2.3674,0,-8.8,5.2217,0
1.7947,1.4874,0,-8.8,5.2084,0
1.7947,0.60742,0,-8.8,5.2831,0
1.7947,0,0,0.18459,5.4459,0
1.7947,0.018459,0,0.19026,5.6244,0
1.7947,0.037485,0,0.17653,5.8011,0
1.7947,0.055138,0,0.17515,5.9759,0
1.9632,0.072653,0.18773,0.18773,6.2324,0
1.9632,0.091426,0,0.18091,6.4206,0
1.9632,0.10952,0,0.17776,6.6068,0
2.0015,0.12729,0.18413,0.18413,6.8154,0
2.0015,0.1457,0,0.18243,7.0019,0
2.0338,0.16395,0.17439,0.17439,7.1898,0
2.0423,0.18139,0.18025,0.18025,7.3802,0
2.0423,0.19941,0,0.18025,7.5654,0
2.0614,0.21744,0.17765,0.17765,7.7503,0
2.0614,0.2352,0,0.18085,7.9338,0
2.0614,0.25329,0,0.18427,8.1155,0
2.0614,0.27171,0,0.17919,8.2954,0
2.0614,0.28963,0,0.18044,8.4735,0
2.0614,0.30768,0,0.18342,8.6498,0
2.0614,0.32602,0,0.18414,8.8242,0
2.0614,0.34443,0,0.1837,8.9968,0
2.0614,0.3628,0,0.1876,9.1676,0
2.0614,0.38156,0,0.18696,9.3365,0
2.0614,0.40026,0,0.18779,9.5036,0
2.0614,0.41904,0,0.18728,9.6688,0
2.0614,0.43777,0,0.18709,9.8321,0
2.0614,0.45647,0,0.18621,9.9935,0
2.327,0.4751,0.18622,0.18622,10.342,0
2.327,0.49372,0,0.18512,10.527,0
2.327,0.51223,0,0.18503,10.709,0
2.327,0.53073,0,0.18672,10.89,0
2.327,0.5494,0,0.18335,11.068,0
2.327,0.56774,0,0.18386,11.245,0
2.327,0.58613,0,0.18326,11.42,0
2.327,0.60445,0,0.18247,11.593,0
2.327,0.6227,0,0.18268,11.765,0
2.327,0.64097,0,0.18331,11.934,0
2.327,0.6593,0,0.18365,12.102,0
2.327,0.67766,0,0.18383,12.268,0
2.5351,0.69605,0.18488,0.18488,12.58,0
2.5351,0.71453,0,0.18397,12.763,0
2.5351,0.73293,0,0.18501,12.944,0
2.5351,0.75143,0,0.18295,13.123,0
2.5351,0.76973,0,0.18216,13.301,0
2.5351,0.78794,0,0.18233,13.477,0
2.5351,0.80618,0,0.18298,13.65,0
2.5351,0.82447,0,0.18383,13.822,0
2.5351,0.84286,0,0.18487,13.992,0
2.5351,0.86134,0,0.25741,14.161,0
2.5351,0.88708,0,4.9,14.327,29.565
2.5351,1.3771,0,4.9,14.467,32.621
2.5351,1.8671,0,4.9,14.558,35.718
2.5351,2.3571,0,2.8182,14.601,17.468
2.5351,2.6389,0,1.2967,14.604,6.4954
2.5351,2.7686,0,0.92729,14.588,4.6646
2.5351,2.8613,0,0.8077,14.56,4.3204
2.5351,2.9421,0,0.79719,14.523,4.572
2.5351,3.0218,0,0.84879,14.478,5.1975
2.5351,3.1067,0,0.96322,14.425,6.2726
2.5351,3.203,0,1.1326,14.363,7.8434
2.5351,3.3163,0,1.2935,14.291,9.5351
2.5351,3.4456,0,1.4282,14.206,11.193
2.5351,3.5884,0,1.5365,14.108,12.774
2.5351,3.7421,0,1.6651,13.995,14.638
2.5351,3.9086,0,1.7449,13.866,16.206
2.5351,4.0831,0,1.8043,13.72,17.67
2.5351,4.2635,0,1.8833,13.556,19.377
2.5351,4.4519,0,1.9163,13.374,20.731
2.5351,4.6435,0,1.9567,13.173,22.194
2.5351,4.8392,0,1.9774,12.952,23.51
2.5351,5.0369,0,2.0187,12.712,25.055
2.5351,5.2388,0,2.0774,12.451,26.818
2.5351,5.4465,0,2.1293,12.171,28.572
2.5351,5.6594,0,2.1759,11.869,30.324
7.5034,5.877,3.0976,2.1845,16.357,0
7.8161,6.0955,3.0142,2.1945,16.527,0
7.8161,6.3149,0,2.1835,16.688,5.5696
8.4023,6.5333,2.753,2.1631,16.877,0
8.4023,6.7496,0,2.1389,17.053,4.5959
8.4023,6.9635,0,2.0911,17.208,5.2015
8.4023,7.1726,0,2.0299,17.341,5.699
9.3724,7.3756,1.8847,1.9655,17.664,0
9.3724,7.5721,0,1.8944,17.854,2.4308
9.7372,7.7616,1.7095,1.8212,18.058,0
9.7372,7.9437,0,1.7556,18.246,1.6588
9.7372,8.1193,0,1.7106,18.417,2.067
9.7372,8.2903,0,1.6882,18.57,2.5935
9.7372,8.4591,0,1.6767,18.706,3.1879
9.7372,8.6268,0,1.6756,18.826,3.8565
9.7372,8.7944,0,1.7048,18.929,4.7391
9.7372,8.9649,0,1.7388,19.014,5.6979
9.7372,9.1387,0,1.7663,19.083,6.6582
9.7372,9.3154,0,1.8053,19.134,7.7438
9.7372,9.4959,0,1.8384,19.167,8.8355
9.7372,9.6797,0,1.8561,19.182,9.8521
9.7372,9.8654,0,1.884,19.178,10.981
9.7372,10.054,0,1.9018,19.156,12.066
9.7372,10.244,0,1.9248,19.115,13.226
9.7372,10.436,0,1.932,19.055,14.282
9.7372,10.63,0,1.9406,18.975,15.371
9.7372,10.824,0,1.9516,18.876,16.501
9.7372,11.019,0,1.9591,18.758,17.621
9.7372,11.215,0,1.9535,18.62,18.64
9.7372,11.41,0,1.9435,18.462,19.626
9.7372,11.604,0,1.9272,18.285,20.556
9.7372,11.797,0,1.8946,18.089,21.331
