12.222,12.222,0.085503,0,35.5,0
12.222,12.222,0,0.003294,35.5,0.0069487
12.222,12.223,0,0.02042,35.5,0.044645
12.222,12.225,0,0.029422,35.5,0.069023
12.222,12.228,0,0.04001,35.499,0.099492
12.222,12.232,0,0.04431,35.499,0.11815
12.222,12.236,0,0.041395,35.498,0.12093
12.222,12.24,0,0.043021,35.496,0.13373
12.222,12.244,0,0.022145,35.494,0.094733
12.222,12.247,0,-0.0013081,35.492,0.047557
12.222,12.246,0,-0.0057377,35.489,0.037793
12.222,12.246,0,-0.011165,35.487,0.025119
12.222,12.245,0,-0.016803,35.485,0.011068
12.222,12.243,0,-0.022852,35.482,0
12.222,12.241,0,-0.027485,35.48,0
12.222,12.238,0,-0.030673,35.479,0
12.222,12.235,0,-0.031659,35.477,0
12.222,12.232,0,-0.031405,35.476,0
12.222,12.229,0,-0.030415,35.475,0
11.766,12.226,0.093822,-0.029977,35.144,0.70722
11.766,12.223,0,-0.029376,35.098,0.96601
11.766,12.22,0,-0.028494,35.053,0.96134
11.766,12.217,0,-0.02762,35.008,0.95686
11.766,12.214,0,-0.027255,34.963,0.95107
11.766,12.211,0,-0.026945,34.918,0.94521
11.766,12.209,0,-0.027647,34.873,0.9364
11.766,12.206,0,-0.029281,34.829,0.92465
11.766,12.203,0,-0.031746,34.785,0.91006
11.766,12.2,0,-0.035701,34.742,0.89056
11.766,12.196,0,-0.040152,34.698,0.86877
11.766,12.192,0,-0.045587,34.656,0.84324
11.431,12.188,-0.68444,-0.050505,34.557,5.5389
11.431,12.183,0,-0.054947,34.482,1.6543
11.431,12.177,0,-0.058191,34.407,1.6279
11.431,12.171,0,-0.061347,34.332,1.601
11.431,12.165,0,-0.063359,34.259,1.5773
11.431,12.159,0,-0.063521,34.186,1.5596
11.431,12.153,0,-0.063915,34.113,1.5411
11.431,12.146,0,-0.062983,34.041,1.5271
11.431,12.14,0,-0.062266,33.97,1.5126
11.431,12.134,0,-0.061417,33.9,1.4987
11.247,12.127,0.052211,-0.061079,33.664,1.7998
11.247,12.121,0,-0.061142,33.577,1.9772
11.247,12.115,0,-0.06038,33.489,1.9626
11.247,12.109,0,-0.059845,33.403,1.9474
11.247,12.103,0,-0.059636,33.317,1.9312
11.247,12.097,0,-0.059194,33.231,1.9159
11.247,12.091,0,-0.058532,33.147,1.9016
11.247,12.085,0,-0.0581,33.063,1.8867
11.247,12.08,0,-0.057249,32.979,1.8734
11.247,12.074,0,-0.057272,32.896,1.8572
11.247,12.068,0,-0.058715,32.813,1.8358
11.247,12.062,0,-0.060448,32.732,1.813
11.247,12.056,0,-0.064809,32.65,1.7804
11.247,12.05,0,-0.070281,32.57,1.7428
11.247,12.043,0,-0.077151,32.49,1.699
11.247,12.035,0,-0.085071,32.41,1.6502
11.247,12.027,0,-0.092754,32.332,1.6006
11.247,12.017,0,-0.099476,32.254,1.5528
11.247,12.007,0,-0.10413,32.178,1.5107
10.573,11.997,-0.1898,-0.10695,31.847,4.4864
10.573,11.986,0,-0.1077,31.705,3.4299
10.573,11.975,0,-0.10995,31.565,3.3846
10.573,11.964,0,-0.11205,31.425,3.3396
10.573,11.953,0,-0.11687,31.286,3.2819
10.573,11.942,0,-0.12215,31.149,3.221
10.573,11.929,0,-0.13007,31.013,3.1472
10.573,11.916,0,-0.13742,30.878,3.0741
10.573,11.903,0,-0.14375,30.744,3.0038
10.573,11.888,0,-0.14965,30.612,2.9341
10.573,11.873,0,-0.15302,30.481,2.8737
10.573,11.858,0,-0.15434,30.352,2.8213
9.9676,11.843,0.11,-0.15474,29.823,4.1892
9.9676,11.827,0,-0.15452,29.636,4.7174
9.9676,11.812,0,-0.15271,29.451,4.6721
9.9676,11.796,0,-0.15136,29.268,4.6252
9.9676,11.781,0,-0.15081,29.086,4.5749
9.9676,11.766,0,-0.1494,28.905,4.5292
9.9676,11.751,0,-0.14831,28.726,4.4826
9.9676,11.736,0,-0.14796,28.548,4.4327
9.9676,11.722,0,-0.14713,28.372,4.3855
9.9676,11.707,0,-0.14741,28.197,4.3333
9.9676,11.692,0,-0.14776,28.024,4.2807
9.9676,11.677,0,-0.1474,27.853,4.2317
9.9676,11.663,0,-0.14815,27.682,4.1776
9.9676,11.648,0,-0.14858,27.514,4.125
9.9676,11.633,0,-0.149,27.346,4.0724
9.9676,11.618,0,-0.14914,27.181,4.0213
9.9676,11.603,0,-0.14849,27.016,3.9741
9.9676,11.588,0,-0.14657,26.853,3.9334
9.9676,11.574,0,-0.14533,26.692,3.8901
9.9676,11.559,0,-0.14306,26.532,3.8523
9.9676,11.545,0,-0.14211,26.374,3.8091
9.9676,11.531,0,-0.14058,26.217,3.769
9.9676,11.516,0,-0.14059,26.061,3.7224
10.098,11.502,0.075901,-0.14004,26.095,2.9177
10.098,11.488,0,-0.13993,25.955,3.2125
10.098,11.474,0,-0.13788,25.817,3.1771
10.098,11.461,0,-0.13564,25.68,3.1433
10.136,11.447,0.049559,-0.13472,25.538,2.7682
10.136,11.434,0,-0.13363,25.408,2.9468
10.136,11.42,0,-0.1339,25.279,2.9042
10.136,11.407,0,-0.13341,25.151,2.865
10.136,11.394,0,-0.13243,25.025,2.828
10.136,11.38,0,-0.13225,24.9,2.7882
10.136,11.367,0,-0.13136,24.776,2.7514
10.136,11.354,0,-0.12899,24.654,2.7212
10.136,11.341,0,-0.12734,24.532,2.6888
10.136,11.328,0,-0.12618,24.413,2.655
10.193,11.316,0.14274,-0.12371,24.302,1.9215
10.193,11.303,0,-0.12233,24.19,2.4269
10.193,11.291,0,-0.12091,24.08,2.3964
10.193,11.279,0,-0.1178,23.971,2.373
10.193,11.267,0,-0.11558,23.863,2.3471
10.193,11.256,0,-0.11395,23.756,2.3195
10.193,11.244,0,-0.11109,23.65,2.2974
10.193,11.233,0,-0.10565,23.546,2.286
10.193,11.223,0,-0.10072,23.442,2.2743
10.193,11.212,0,-0.095802,23.339,2.264
10.193,11.203,0,-0.089685,23.238,2.2598
10.193,11.194,0,-0.085695,23.137,2.2492
10.484,11.185,0.10745,-0.082524,23.177,1.0933
10.484,11.177,0,-0.080922,23.107,1.4092
10.484,11.169,0,-0.079087,23.038,1.394
10.484,11.161,0,-0.076855,22.97,1.3805
10.484,11.153,0,-0.075089,22.902,1.3661
10.54,11.146,0.27319,-0.072716,22.838,0.52059
10.54,11.139,0,-0.068571,22.778,1.2025
10.54,11.132,0,-0.062695,22.719,1.2034
10.54,11.126,0,-0.058894,22.66,1.1993
10.54,11.12,0,-0.054873,22.602,1.1969
10.54,11.114,0,-0.052398,22.544,1.1907
10.54,11.109,0,-0.047847,22.487,1.1916
10.54,11.104,0,-0.045369,22.43,1.1872
10.755,11.1,0.16585,-0.04229,22.468,0.27253
10.755,11.095,0,-0.039898,22.434,0.65249
10.78,11.091,0.15472,-0.038343,22.402,0.23596
10.78,11.088,0,-0.037009,22.371,0.58322
10.78,11.084,0,-0.036239,22.341,0.57668
10.78,11.08,0,-0.034377,22.311,0.57322
10.78,11.077,0,-0.031957,22.281,0.57166
10.78,11.074,0,-0.029665,22.251,0.57033
10.78,11.071,0,-0.028354,22.222,0.56693
10.78,11.068,0,-0.026261,22.193,0.56591
10.78,11.065,0,-0.025584,22.165,0.56161
10.78,11.063,0,-0.026081,22.136,0.55437
10.78,11.06,0,-0.026221,22.108,0.54797
10.78,11.057,0,-0.028031,22.08,0.53716
10.78,11.055,0,-0.02871,22.053,0.52893
10.78,11.052,0,-0.028864,22.026,0.52193
10.78,11.049,0,-0.027595,21.999,0.5186
10.78,11.046,0,-0.026046,21.972,0.5163
10.78,11.043,0,-0.025439,21.945,0.51191
10.78,11.041,0,-0.023866,21.919,0.51016
10.78,11.038,0,-0.022783,21.893,0.50751
10.78,11.036,0,-0.02051,21.868,0.5082
10.78,11.034,0,-0.0191,21.842,0.50716
10.78,11.032,0,-0.017331,21.817,0.5074
10.78,11.031,0,-0.015679,21.792,0.50773
10.904,11.029,-0.24759,-0.01585,21.921,0.96541
10.904,11.027,0,-0.018691,21.909,0.21758
10.904,11.025,0,-0.022569,21.897,0.20467
10.789,11.023,-0.62137,-0.029858,21.866,3.0944
10.789,11.02,0,-0.037072,21.842,0.41036
10.789,11.017,0,-0.043837,21.819,0.38553
10.789,11.012,0,-0.050423,21.797,0.36
10.789,11.007,0,-0.057428,21.775,0.33242
10.789,11.001,0,-0.060393,21.753,0.3131
10.789,10.995,0,-0.062652,21.732,0.29493
10.789,10.989,0,-0.063117,21.712,0.28047
10.789,10.983,0,-0.0623,21.692,0.26887
10.789,10.977,0,-0.060343,21.673,0.26004
10.789,10.97,0,-0.057973,21.655,0.25256
10.789,10.965,0,-0.056307,21.637,0.24401
10.789,10.959,0,-0.055357,21.62,0.2342
10.789,10.954,0,-0.054233,21.603,0.22501
10.789,10.948,0,-0.054388,21.587,0.21322
10.789,10.943,0,-0.058409,21.571,0.19295
10.789,10.937,0,-0.06613,21.556,0.16416
10.789,10.93,0,-0.079995,21.542,0.12169
10.789,10.922,0,-0.093585,21.528,0.078498
10.789,10.913,0,-0.10748,21.515,0.03367
10.789,10.902,0,-0.11567,21.503,0
10.789,10.891,0,-0.12126,21.492,0
10.789,10.878,0,-0.12119,21.483,0
10.789,10.866,0,-0.1192,21.475,0
10.004,10.854,-0.13202,-0.11822,20.538,2.2169
10.004,10.843,0,-0.11999,20.454,1.6653
10.004,10.831,0,-0.12428,20.37,1.6184
10.004,10.818,0,-0.13304,20.288,1.5559
10.004,10.805,0,-0.14475,20.208,1.4824
10.004,10.79,0,-0.1595,20.128,1.3977
9.5505,10.774,-1.2276,-0.17699,19.955,12.443
9.5505,10.757,0,-0.19267,19.834,2.4316
9.5505,10.737,0,-0.21062,19.714,2.3075
9.5505,10.716,0,-0.2263,19.596,2.1897
9.5505,10.694,0,-0.24107,19.481,2.0735
8.9893,10.67,-0.80642,-0.25597,19.213,9.3996
8.9893,10.644,0,-0.26822,19.047,3.4852
8.9893,10.617,0,-0.27516,18.882,3.3701
8.9893,10.59,0,-0.27908,18.721,3.2672
8.9893,10.562,0,-0.27887,18.562,3.1816
8.9893,10.534,0,-0.28041,18.406,3.0894
8.9893,10.506,0,-0.28242,18.253,2.9958
8.9893,10.478,0,-0.28806,18.103,2.8878
8.9893,10.449,0,-0.29484,17.956,2.775
8.9893,10.419,0,-0.30098,17.811,2.6645
8.6309,10.389,-0.016444,-0.305,17.452,3.7305
8.6309,10.359,0,-0.305,17.278,3.5553
8.6309,10.328,0,-0.30265,17.107,3.4691
8.6309,10.298,0,-0.29954,16.938,3.3875
8.6309,10.268,0,-0.29505,16.773,3.3132
8.6309,10.239,0,-0.29055,16.611,3.2408
8.6309,10.209,0,-0.29134,16.452,3.1479
8.6309,10.18,0,-0.29479,16.295,3.0446
8.6309,10.151,0,-0.30337,16.142,2.9208
8.6309,10.121,0,-0.31784,15.991,2.7732
8.6309,10.089,0,-0.33565,15.844,2.6122
8.6309,10.055,0,-0.35408,15.7,2.4484
8.6309,10.02,0,-0.37653,15.559,2.2704
8.6309,9.9821,0,-0.39885,15.422,2.0936
8.6309,9.9422,0,-0.42308,15.289,1.9122
7.7949,9.8999,-1.1945,-0.45089,14.88,14.427
7.7949,9.8548,0,-0.47728,14.672,3.8503
7.7949,9.8071,0,-0.49615,14.468,3.6204
7.7949,9.7575,0,-0.50556,14.269,3.43
7.7949,9.7069,0,-0.50592,14.076,3.2771
7.7949,9.6563,0,-0.50214,13.887,3.1427
7.7949,9.6061,0,-0.4969,13.703,3.0167
7.7949,9.5564,0,-0.48923,13.525,2.9028
7.5833,9.5075,0.13272,-0.48135,13.191,2.8915
7.6,9.4594,0.11296,-0.47321,13.01,2.8133
7.6,9.412,0,-0.46853,12.826,3.1295
7.6,9.3652,0,-0.45999,12.648,3.0254
7.6251,9.3192,0.1276,-0.45471,12.475,2.3857
7.6251,9.2737,0,-0.44786,12.308,2.736
7.6251,9.2289,0,-0.43984,12.145,2.6391
7.6251,9.1849,0,-0.43448,11.987,2.5357
7.6357,9.1415,0.026005,-0.431,11.848,2.308
7.6357,9.0984,0,-0.42698,11.699,2.2961
7.6357,9.0557,0,-0.41894,11.555,2.2089
7.6357,9.0138,0,-0.41307,11.415,2.1174
7.6357,8.9725,0,-0.40591,11.28,2.0324
7.6357,8.9319,0,-0.40145,11.148,1.9415
7.6357,8.8918,0,-0.39948,11.02,1.8449
7.6357,8.8518,0,-0.39591,10.897,1.7551
7.6357,8.8122,0,-0.40044,10.777,1.6434
7.5159,8.7722,-0.65107,-0.40987,10.653,5.0468
7.5159,8.7312,0,-0.42746,10.529,1.6596
7.5159,8.6884,0,-0.4419,10.41,1.5166
7.5159,8.6443,0,-0.45128,10.295,1.3891
7.5159,8.5991,0,-0.45578,10.184,1.2759
7.5159,8.5535,0,-0.44833,10.078,1.1934
7.5159,8.5087,0,-0.43568,9.9768,1.1256
7.5159,8.4651,0,-0.42408,9.8797,1.0586
7.5159,8.4227,0,-0.41209,9.7869,0.99536
7.5159,8.3815,0,-0.39476,9.6982,0.9469
7.5159,8.3421,0,-0.37579,9.6136,0.9058
7.5159,8.3045,0,-0.35978,9.5329,0.86209
7.5159,8.2685,0,-0.34188,9.4559,0.82599
7.5159,8.2343,0,-0.32312,9.3823,0.79561
7.5159,8.202,0,-5.2,9.3121,140.58
7.5159,7.682,0,-0.083761,9.2695,0.16446
7.5159,7.6736,0,-0.074968,9.2533,0.16576
7.5159,7.6661,0,-0.061841,9.2379,0.17829
7.5178,7.6599,0.22551,-0.053146,8.9752,0
7.5178,7.6546,0,-0.044651,8.9612,0.18788
7.5178,7.6502,0,-0.034814,8.9478,0.20039
7.5178,7.6467,0,-0.020098,8.9347,0.22652
7.5178,7.6447,0,-0.011334,8.9219,0.24262
7.5178,7.6435,0,0.0062213,8.9093,0.28215
7.5178,7.6442,0,0.024932,8.8967,0.32994
7.5178,7.6467,0,0.047468,8.8839,0.39382
7.5178,7.6514,0,0.071742,8.8708,0.47048
7.5178,7.6586,0,0.10192,8.8571,0.57346
7.9169,7.6688,0.65333,0.12538,8.9827,0
7.9169,7.6813,0,0.15003,9.0069,0
7.9169,7.6963,0,0.17767,9.0297,0
7.9169,7.7141,0,0.20041,9.0508,0.030629
7.9169,7.7341,0,0.22855,9.0701,0.15298
7.9169,7.757,0,0.25639,9.0873,0.28801
7.9169,7.7826,0,0.28531,9.102,0.44037
7.9169,7.8111,0,0.31334,9.114,0.60499
7.9169,7.8425,0,0.34253,9.123,0.78883
7.9169,7.8767,0,0.37739,9.1287,1.0102
7.9169,7.9145,0,0.41039,9.1309,1.2453
7.9169,7.9555,0,0.44394,9.1291,1.5031
7.9169,7.9999,0,0.47591,9.123,1.7755
7.9169,8.0475,0,0.50327,9.1123,2.0479
9.1564,8.0978,1.0111,0.5321,9.8922,0
9.1564,8.151,0,0.55793,9.9954,0
9.1564,8.2068,0,0.58347,10.093,0
9.1564,8.2652,0,0.60299,10.185,0
9.1564,8.3255,0,0.62602,10.271,0
9.1564,8.3881,0,0.64694,10.351,0
9.1564,8.4528,0,0.67146,10.425,0.22215
9.1564,8.5199,0,0.69664,10.492,0.50619
9.1564,8.5896,0,0.71272,10.552,0.77435
9.1564,8.6608,0,0.73127,10.605,1.0676
9.1564,8.734,0,0.74277,10.651,1.3462
9.1564,8.8083,0,0.74224,10.69,1.5819
9.1564,8.8825,0,0.7403,10.721,1.8155
9.1564,8.9565,0,0.7315,10.744,2.0198
9.1564,9.0297,0,0.72539,10.761,2.2368
9.1564,9.1022,0,0.71015,10.77,2.4096
9.1564,9.1732,0,0.69298,10.772,2.5688
9.1564,9.2425,0,0.67623,10.766,2.7252
9.1564,9.3101,0,0.65673,10.754,2.8627
9.1564,9.3758,0,0.63724,10.736,2.994
9.1564,9.4395,0,0.61336,10.711,3.0963
9.1564,9.5009,0,0.58931,10.679,3.1894
9.1564,9.5598,0,0.56104,10.642,3.2523
9.1564,9.6159,0,0.53878,10.599,3.3362
9.1564,9.6698,0,0.50283,10.55,3.3415
9.1564,9.7201,0,0.44633,10.496,3.2301
9.1564,9.7647,0,0.37543,10.438,3.032
9.1564,9.8022,0,0.2791,10.375,2.7001
9.1564,9.8301,0,0.15428,10.309,2.2383
9.1564,9.8456,0,0.0051062,10.241,1.6971
9.1564,9.8461,0,-0.078298,10.172,1.4085
9.1564,9.8383,0,-0.15997,10.103,1.1341
9.1564,9.8223,0,-0.24413,10.036,0.86818
8.547,9.7978,-2.8369,-0.32407,13.17,49.542
8.547,9.7654,0,-0.39629,13.047,1.7599
8.547,9.7258,0,-0.45832,12.927,1.487
8.547,9.68,0,-0.51406,12.811,1.2462
7.6036,9.6286,-1.6965,-0.5623,12.485,20.567
7.44,9.5723,-1.2809,-0.60563,12.268,14.22
7.44,9.5118,0,-0.63929,12.058,3.2258
7.44,9.4478,0,-0.65936,11.854,2.9723
7.44,9.3819,0,-0.67626,11.656,2.7349
7.44,9.3143,0,-0.68184,11.466,2.5393
7.44,9.2461,0,-0.67501,11.282,2.3866
7.44,9.1786,0,-0.66481,11.104,2.2487
7.44,9.1121,0,-0.64991,10.934,2.1291
7.44,9.0471,0,-0.63093,10.77,2.0261
7.44,8.984,0,-0.59845,10.612,1.9662
7.44,8.9242,0,-0.54808,10.461,1.9661
7.5122,8.8694,1.4061,-0.48805,10.115,1.8109
7.5122,8.8206,0,-0.42988,9.9821,1.8835
7.5122,8.7776,0,-0.3746,9.8535,1.9479
7.5122,8.7401,0,-0.32471,9.7288,2.014
7.5122,8.7077,0,-0.27577,9.6076,2.0946
7.5122,8.6801,0,-0.22648,9.4895,2.1948
8.1942,8.6574,1.3488,-0.17689,9.601,1.189
8.1942,8.6397,0,-0.11685,9.5556,0.69278
8.1942,8.6281,0,-0.051699,9.5116,0.84314
8.1942,8.6229,0,0.014755,9.4685,1.0304
8.1942,8.6244,0,0.082732,9.4255,1.2587
8.1942,8.6326,0,0.14506,9.3821,1.5052
8.1942,8.6471,0,0.20346,9.3375,1.7723
9.2444,8.6675,1.4215,0.25332,9.655,0.66317
9.2444,8.6928,0,0.30692,9.7114,0
9.2444,8.7235,0,0.3554,9.7651,0
9.2444,8.7591,0,0.40601,9.8154,0
9.2444,8.7997,0,0.44662,9.8619,0.15351
9.2444,8.8443,0,0.49212,9.9041,0.42295
9.2444,8.8935,0,0.52764,9.9416,0.68711
9.2444,8.9463,0,0.56403,9.9741,0.97952
9.2444,9.0027,0,0.60136,10.001,1.3022
9.2444,9.0628,0,0.63655,10.022,1.6431
9.2444,9.1265,0,0.66784,10.037,1.9925
9.2444,9.1933,0,0.69872,10.046,2.3642
9.2444,9.2631,0,0.72817,10.047,2.753
9.2444,9.336,0,0.7539,10.042,3.1458
9.2444,9.4114,0,0.78062,10.029,3.5656
9.2444,9.4894,0,0.80099,10.008,3.9716
9.2444,9.5695,0,0.82021,9.9797,4.389
9.2444,9.6515,0,0.83529,9.9431,4.7989
11.641,9.7351,1.0431,0.84557,12.146,0
11.641,9.8196,0,0.85288,12.332,0
11.838,9.9049,1.0166,0.85645,12.528,0
11.945,9.9906,1.066,0.8656,12.725,0
11.945,10.077,0,0.86981,12.916,0
11.945,10.164,0,0.87336,13.098,0
11.945,10.251,0,0.86367,13.272,0
11.945,10.338,0,0.84668,13.437,0
11.945,10.422,0,0.82245,13.593,0
11.945,10.505,0,0.79131,13.742,0
11.945,10.584,0,0.75331,13.882,0
11.945,10.659,0,0.72254,14.014,0
11.945,10.731,0,0.69048,14.139,0
11.945,10.8,0,0.66393,14.257,0
11.945,10.867,0,0.64304,14.368,0
12.36,10.931,0.36243,0.62452,14.846,0
12.36,10.994,0,0.61163,14.986,0
12.36,11.055,0,0.60391,15.12,0
12.36,11.115,0,0.58827,15.247,0
12.36,11.174,0,0.57872,15.369,0
12.36,11.232,0,0.56843,15.484,0
12.36,11.289,0,0.55799,15.594,0
12.604,11.345,0.3838,0.54615,15.773,0
12.604,11.399,0,0.53959,15.897,0
12.692,11.453,0.45296,0.53639,16.027,0
12.692,11.507,0,0.53137,16.148,0
12.692,11.56,0,0.5264,16.264,0
12.692,11.613,0,0.52661,16.374,0
12.692,11.665,0,0.52989,16.48,0
12.692,11.718,0,0.53067,16.58,0
12.692,11.771,0,0.53522,16.674,0
12.692,11.825,0,0.53766,16.764,0
13.125,11.879,0.27178,0.53544,17.021,0
13.125,11.932,0,0.51936,17.143,0
13.125,11.984,0,0.50749,17.26,0
13.125,12.035,0,0.49245,17.371,0
13.125,12.084,0,0.47419,17.478,0
13.125,12.131,0,0.45861,17.58,0
13.125,12.177,0,0.43303,17.677,0
13.125,12.221,0,0.40207,17.769,0
13.125,12.261,0,0.36545,17.857,0
13.125,12.297,0,0.31604,17.942,0
13.125,12.329,0,0.27013,18.023,0
13.125,12.356,0,0.22669,18.101,0
13.125,12.379,0,0.19246,18.177,0
13.125,12.398,0,0.16857,18.251,0
13.125,12.415,0,0.15426,18.323,0
13.125,12.43,0,0.14383,18.393,0
13.125,12.445,0,0.13959,18.462,0
13.125,12.458,0,0.13106,18.529,0
13.125,12.472,0,0.11313,18.595,0
13.125,12.483,0,0.093186,18.66,0
13.125,12.492,0,0.067214,18.723,0
12.573,12.499,-0.75499,0.031475,18.44,3.1227
12.573,12.502,0,-0.00063122,18.447,0
12.573,12.502,0,-0.016935,18.454,0
12.342,12.5,-0.80198,-0.030683,18.426,4.0139
12.342,12.497,0,-0.046725,18.41,0.22242
12.342,12.493,0,-0.062183,18.395,0.17857
12.342,12.486,0,-0.077741,18.38,0.13294
12.342,12.479,0,-0.090697,18.366,0.091108
12.342,12.47,0,-0.10505,18.352,0.045554
12.342,12.459,0,-0.11646,18.34,0.0043565
12.342,12.447,0,-0.12846,18.329,0
12.342,12.435,0,-0.13458,18.319,0
12.342,12.421,0,-0.136,18.311,0
12.342,12.407,0,-0.13501,18.303,0
12.342,12.394,0,-0.13178,18.297,0
12.342,12.381,0,-0.12765,18.293,0
12.342,12.368,0,-0.12207,18.29,0
12.342,12.356,0,-0.11981,18.288,0
12.342,12.344,0,-0.11649,18.287,0
12.342,12.332,0,-0.11433,18.287,0
12.342,12.321,0,-0.11661,18.289,0
12.342,12.309,0,-0.12032,18.292,0
12.342,12.297,0,-0.12732,18.295,0
12.342,12.284,0,-0.13887,18.301,0
11.516,12.27,-1.169,-0.15892,17.301,9.2961
11.516,12.255,0,-0.18156,17.227,1.2103
11.516,12.236,0,-0.20608,17.154,1.0957
11.15,12.216,-1.2836,-0.22944,17.028,11.759
11.15,12.193,0,-0.25425,16.922,1.7596
11.15,12.167,0,-0.278,16.819,1.6175
11.15,12.14,0,-0.29342,16.719,1.5002
11.15,12.11,0,-0.30681,16.621,1.3887
11.15,12.08,0,-0.31267,16.527,1.2983
11.15,12.048,0,-0.30921,16.435,1.2338
11.15,12.017,0,-0.3016,16.347,1.1819
11.15,11.987,0,-0.29734,16.262,1.1231
10.727,11.958,0.082744,-0.29088,15.864,1.8581
10.727,11.928,0,-0.28521,15.742,2.0788
10.727,11.9,0,-0.28367,15.623,2.0068
10.727,11.872,0,-0.28293,15.507,1.9331
10.727,11.843,0,-0.28588,15.394,1.8481
10.727,11.815,0,-0.29287,15.284,1.7506
10.727,11.785,0,-0.30531,15.177,1.6362
10.727,11.755,0,-0.31734,15.073,1.5232
10.727,11.723,0,-0.3316,14.971,1.4041
10.727,11.69,0,-0.34115,14.873,1.2985
10.727,11.656,0,-0.34728,14.779,1.2027
10.727,11.621,0,-0.34423,14.687,1.1312
10.727,11.587,0,-0.33659,14.6,1.0728
10.354,11.553,0.16101,-0.32499,14.273,1.4594
10.373,11.521,0.16005,-0.31447,14.155,1.373
10.373,11.489,0,-0.30632,14.042,1.781
10.373,11.458,0,-0.2958,13.932,1.7354
10.373,11.429,0,-0.289,13.825,1.6809
10.422,11.4,0.05831,-0.27865,13.731,1.3447
10.422,11.372,0,-0.27062,13.635,1.47
10.422,11.345,0,-0.26456,13.541,1.4208
10.422,11.319,0,-0.25771,13.45,1.3757
10.422,11.293,0,-0.24547,13.362,1.3483
10.422,11.268,0,-0.23433,13.276,1.3207
10.422,11.245,0,-0.2263,13.192,1.2866
10.422,11.222,0,-0.21922,13.111,1.2519
10.422,11.2,0,-0.20847,13.032,1.2295
10.422,11.179,0,-0.19633,12.955,1.2139
10.422,11.16,0,-0.18278,12.88,1.2055
10.422,11.142,0,-0.16884,12.808,1.2016
10.422,11.125,0,-0.15133,12.736,1.212
