11.944,11.944,0.69164,0,35.5,0
11.944,11.944,0,0.0641,35.5,0.1449
12.097,11.951,0.61015,0.11978,35.511,0
12.097,11.963,0,0.15173,35.525,0.061731
12.097,11.978,0,0.18737,35.538,0.1903
12.097,11.997,0,0.21812,35.549,0.32193
12.097,12.019,0,0.24214,35.558,0.44782
12.097,12.043,0,0.26273,35.565,0.57425
12.097,12.069,0,0.29008,35.569,0.73347
12.097,12.098,0,0.31326,35.57,0.89233
12.097,12.129,0,0.32251,35.569,1.0124
12.097,12.162,0,0.31904,35.564,1.0904
12.583,12.194,0.085014,0.31076,35.803,0
12.583,12.225,0,0.28882,35.84,0
12.59,12.253,0.020522,0.26633,35.883,0
12.59,12.28,0,0.24702,35.915,0
12.59,12.305,0,0.22925,35.945,0
12.59,12.328,0,0.22474,35.972,0
12.649,12.35,0.28946,0.23391,35.984,0
12.649,12.374,0,0.24036,36.013,0
12.729,12.398,0.46791,0.25869,36.045,0
12.729,12.424,0,0.27941,36.077,0.0019152
12.834,12.451,0.69394,0.29659,36.114,0
12.909,12.481,0.86054,0.33059,36.147,0
12.909,12.514,0,0.36584,36.188,0.033252
12.909,12.551,0,0.41097,36.225,0.26402
12.909,12.592,0,0.44509,36.259,0.48625
12.909,12.636,0,0.47438,36.289,0.71276
12.909,12.684,0,0.50705,36.313,0.97146
12.909,12.735,0,0.53208,36.333,1.2212
12.909,12.788,0,0.55696,36.348,1.4875
12.909,12.843,0,0.56848,36.357,1.7123
12.909,12.9,0,0.586,36.361,1.9736
12.909,12.959,0,0.5926,36.359,2.1966
13.834,13.018,0.69185,0.59831,36.855,0
13.834,13.078,0,0.60658,36.933,0
13.834,13.139,0,0.61276,37.006,0.040224
13.834,13.2,0,0.60841,37.072,0.19042
13.834,13.261,0,0.59394,37.133,0.30612
13.834,13.32,0,0.57848,37.187,0.4152
13.834,13.378,0,0.55168,37.235,0.47961
13.834,13.433,0,0.52665,37.278,0.54296
13.834,13.486,0,0.49707,37.316,0.58292
13.834,13.536,0,0.45947,37.348,0.58627
13.834,13.581,0,0.41945,37.376,0.57173
13.834,13.623,0,0.38038,37.399,0.55097
14.154,13.661,-0.15647,0.34032,37.757,0.20141
14.135,13.695,-0.16878,0.30268,37.811,0.25877
14.122,13.726,-0.19361,0.27259,37.856,0.35714
14.122,13.753,0,0.23407,37.894,0
14.122,13.776,0,0.20559,37.93,0
14.122,13.797,0,0.17136,37.964,0
14.122,13.814,0,0.15062,37.995,0
14.122,13.829,0,0.12791,38.026,0
14.122,13.842,0,0.10139,38.054,0
14.122,13.852,0,0.079726,38.082,0
14.122,13.86,0,0.064014,38.108,0
14.122,13.866,0,0.042303,38.134,0
14.122,13.871,0,0.027042,38.16,0
13.886,13.873,-0.17102,0.0087572,38.033,0.42924
13.886,13.874,0,-6.0478e-05,38.034,0
13.886,13.874,0,-0.00089292,38.035,0
13.886,13.874,0,-0.0021579,38.036,0
13.886,13.874,0,-0.0039362,38.038,0
13.886,13.874,0,-0.0045882,38.039,0
13.886,13.873,0,-0.0063873,38.04,0
13.764,13.872,-0.21101,-0.0071233,37.977,0.82096
13.764,13.872,0,-0.0080183,37.966,0.20886
13.764,13.871,0,-0.0094345,37.955,0.20384
13.764,13.87,0,-0.011149,37.945,0.19786
13.764,13.869,0,-0.012098,37.934,0.19328
13.764,13.868,0,-0.012897,37.924,0.18886
13.764,13.866,0,-0.014112,37.914,0.18332
13.764,13.865,0,-0.015008,37.903,0.17827
13.629,13.863,-0.13285,-0.015476,37.85,0.86245
13.629,13.862,0,-0.016343,37.827,0.46628
13.629,13.86,0,-0.01739,37.803,0.45986
13.575,13.859,-0.14111,-0.018812,37.752,1.0096
13.575,13.857,0,-0.019228,37.724,0.57189
13.575,13.855,0,-0.020733,37.696,0.56339
13.575,13.853,0,-0.021495,37.668,0.55655
13.575,13.851,0,-0.021896,37.64,0.5505
13.575,13.848,0,-0.022111,37.613,0.54486
13.575,13.846,0,-0.02184,37.585,0.54046
13.575,13.844,0,-0.021368,37.558,0.53666
13.575,13.842,0,-0.02138,37.532,0.53169
13.575,13.84,0,-0.022101,37.505,0.52487
13.575,13.837,0,-0.02224,37.479,0.51942
13.575,13.835,0,-0.022682,37.452,0.51314
13.575,13.833,0,-0.021551,37.427,0.51088
13.575,13.831,0,-0.02075,37.401,0.50802
13.575,13.829,0,-0.020315,37.375,0.50439
13.553,13.827,0.20332,-0.018481,37.29,0.11389
13.553,13.825,0,-0.017056,37.263,0.55468
13.553,13.823,0,-0.015786,37.235,0.5541
13.627,13.822,0.41928,-0.013174,37.224,0
13.627,13.82,0,-0.01046,37.205,0.39193
13.716,13.819,0.54934,-0.0070143,37.181,0
13.78,13.819,0.59653,-0.002638,37.176,0
13.78,13.818,0,0.019162,37.172,0.12312
13.78,13.82,0,0.06492,37.168,0.23734
13.78,13.827,0,0.1013,37.164,0.34722
13.78,13.837,0,0.12997,37.159,0.45107
13.78,13.85,0,0.16219,37.152,0.57797
13.78,13.866,0,0.18847,37.145,0.70084
13.78,13.885,0,0.21311,37.135,0.83035
14.264,13.906,0.61025,0.23745,37.314,0
14.264,13.93,0,0.26742,37.349,0
14.396,13.957,0.58989,0.29073,37.384,0
14.396,13.986,0,0.31513,37.426,0
14.396,14.017,0,0.32794,37.466,0
14.396,14.05,0,0.35248,37.502,0.11238
14.396,14.085,0,0.37634,37.535,0.27439
14.396,14.123,0,0.39046,37.564,0.41777
14.789,14.162,0.63071,0.40803,37.711,0
14.789,14.203,0,0.42641,37.772,0
14.789,14.245,0,0.43605,37.828,0
14.789,14.289,0,0.43745,37.88,0
14.789,14.333,0,0.446,37.928,0.12085
14.789,14.377,0,0.45346,37.972,0.26049
14.789,14.423,0,0.46043,38.011,0.40411
14.789,14.469,0,0.47839,38.045,0.59225
15.315,14.517,0.83407,0.50487,38.278,0
15.315,14.567,0,0.52112,38.355,0
15.489,14.619,0.85705,0.54569,38.453,0
15.489,14.674,0,0.56349,38.537,0
15.489,14.73,0,0.58171,38.616,0
15.489,14.788,0,0.60129,38.689,0
15.489,14.848,0,0.61428,38.756,0.19359
15.489,14.91,0,0.62791,38.817,0.41252
15.489,14.973,0,0.64209,38.872,0.64527
16.116,15.037,0.89947,0.65661,39.167,0
16.116,15.102,0,0.67089,39.272,0
16.116,15.17,0,0.68277,39.37,0
16.116,15.238,0,0.69277,39.461,0
16.116,15.307,0,0.70305,39.546,0.044537
16.116,15.377,0,0.71094,39.623,0.26856
16.116,15.449,0,0.71273,39.693,0.47864
16.116,15.52,0,0.71763,39.756,0.70697
16.116,15.592,0,0.70764,39.812,0.8816
16.116,15.662,0,0.68428,39.861,0.99998
16.116,15.731,0,0.65872,39.903,1.1026
16.116,15.797,0,0.63418,39.938,1.2018
16.116,15.86,0,0.60701,39.967,1.2825
16.116,15.921,0,0.57752,39.99,1.3453
16.116,15.979,0,0.55185,40.006,1.415
16.116,16.034,0,0.52983,40.017,1.4923
16.116,16.087,0,0.51417,40.023,1.5899
16.116,16.138,0,0.49328,40.023,1.6605
16.116,16.187,0,0.46893,40.019,1.7098
16.116,16.234,0,0.44956,40.009,1.7729
17.047,16.279,-0.047499,0.42849,41.279,0
17.047,16.322,0,0.40347,41.354,0
17.047,16.362,0,0.37791,41.424,0
17.047,16.4,0,0.35463,41.491,0
17.047,16.436,0,0.32928,41.554,0
17.047,16.469,0,0.30498,41.613,0
17.047,16.499,0,0.28411,41.669,0
17.047,16.528,0,0.25912,41.723,0
16.98,16.553,-0.10824,0.23379,41.739,0
16.98,16.577,0,0.21118,41.78,0
16.98,16.598,0,0.19212,41.82,0
16.98,16.617,0,0.17045,41.857,0
16.917,16.634,-0.13462,0.15439,41.866,0.085591
16.917,16.65,0,0.13434,41.894,0
16.917,16.663,0,0.11635,41.92,0
16.917,16.675,0,0.099202,41.945,0
16.917,16.685,0,0.085267,41.968,0
16.826,16.693,-0.038612,0.072062,41.965,0
16.826,16.7,0,0.068474,41.978,0
16.836,16.707,0.061572,0.069701,42.001,0
16.834,16.714,0.11842,0.065044,42.013,0
16.834,16.721,0,0.069338,42.024,0
16.834,16.728,0,0.073453,42.035,0
16.834,16.735,0,0.076723,42.046,0
16.834,16.743,0,0.078582,42.055,0
16.834,16.751,0,0.078726,42.064,0
16.834,16.758,0,0.075552,42.072,0.0074456
16.834,16.766,0,0.061654,42.079,0
16.834,16.772,0,0.056177,42.086,0
16.834,16.778,0,0.047592,42.091,0
16.834,16.782,0,0.035369,42.097,0
16.834,16.786,0,0.022866,42.102,0
16.834,16.788,0,0.015892,42.107,0
16.834,16.79,0,0.010858,42.111,0
16.834,16.791,0,-0.00040523,42.115,0
16.834,16.791,0,-0.0018997,42.12,0
16.834,16.791,0,-0.0033821,42.124,0
16.834,16.79,0,-0.0038402,42.128,0
16.834,16.79,0,-0.0044085,42.133,0
16.834,16.79,0,-0.0061894,42.137,0
16.677,16.789,-0.17919,-0.0076155,42.146,0.72156
16.677,16.788,0,-0.0086036,42.135,0.21514
16.64,16.787,-0.19366,-0.010034,42.136,0.85593
16.64,16.786,0,-0.011238,42.121,0.28576
16.64,16.785,0,-0.012055,42.106,0.28134
16.64,16.784,0,-0.012857,42.092,0.27679
16.64,16.783,0,-0.013518,42.078,0.2724
16.64,16.781,0,-0.014183,42.063,0.26787
16.64,16.78,0,-0.015595,42.049,0.26143
16.64,16.778,0,-0.016508,42.035,0.25589
16.64,16.777,0,-0.01827,42.022,0.24816
16.64,16.775,0,-0.019524,42.008,0.24128
16.64,16.773,0,-0.020398,41.995,0.23503
16.64,16.771,0,-0.020862,41.981,0.22955
16.445,16.769,-0.16907,-0.02227,41.83,1.2062
16.445,16.767,0,-0.022683,41.798,0.65585
16.445,16.764,0,-0.023929,41.766,0.64707
16.445,16.762,0,-0.025352,41.734,0.63754
16.445,16.759,0,-0.026096,41.703,0.62955
16.445,16.757,0,-0.027558,41.671,0.61946
16.445,16.754,0,-0.028231,41.64,0.61119
16.445,16.751,0,-0.029208,41.61,0.60197
16.445,16.748,0,-0.02979,41.579,0.5936
16.445,16.745,0,-0.030704,41.549,0.58422
16.445,16.742,0,-0.031251,41.519,0.57564
16.274,16.739,-0.11692,-0.032502,41.377,1.3698
16.267,16.736,-0.11615,-0.032774,41.337,1.375
16.267,16.733,0,-0.033528,41.291,0.97349
16.267,16.729,0,-0.034314,41.244,0.96276
16.267,16.726,0,-0.03579,41.198,0.94979
16.267,16.722,0,-0.03741,41.152,0.93608
16.267,16.719,0,-0.039032,41.107,0.922
16.14,16.715,-0.31138,-0.040686,41.022,2.5132
16.14,16.711,0,-0.042617,40.964,1.2142
16.08,16.706,-0.29607,-0.044534,40.89,2.5894
16.08,16.702,0,-0.046214,40.828,1.3357
16.08,16.697,0,-0.047678,40.766,1.3188
16.08,16.692,0,-0.048563,40.704,1.3034
16.08,16.688,0,-0.049863,40.643,1.2864
16.08,16.683,0,-0.050648,40.583,1.2709
16.08,16.678,0,-0.052095,40.523,1.253
15.938,16.672,-0.18504,-0.053113,40.404,2.3668
15.938,16.667,0,-0.054781,40.331,1.5928
15.938,16.662,0,-0.056079,40.258,1.5734
15.88,16.656,-0.16947,-0.056606,40.185,2.4131
15.88,16.65,0,-0.057275,40.108,1.6986
15.88,16.645,0,-0.058675,40.031,1.6778
15.82,16.639,-0.15476,-0.060198,39.958,2.4641
15.803,16.633,-0.16586,-0.061167,39.874,2.5448
15.803,16.627,0,-0.062274,39.792,1.827
15.803,16.62,0,-0.063119,39.71,1.8065
15.803,16.614,0,-0.063557,39.628,1.7873
15.803,16.608,0,-0.064438,39.548,1.7665
15.803,16.601,0,-0.065666,39.467,1.7442
15.803,16.595,0,-0.066763,39.388,1.7221
15.803,16.588,0,-0.068215,39.309,1.6986
15.803,16.581,0,-0.068677,39.231,1.6782
15.652,16.574,-0.12771,-0.070018,39.1,2.6252
15.652,16.567,0,-0.071176,39.008,2.0561
15.652,16.56,0,-0.071289,38.917,2.0352
15.652,16.553,0,-0.072417,38.826,2.0106
15.652,16.546,0,-0.072398,38.736,1.99
15.652,16.539,0,-0.07288,38.647,1.9676
15.652,16.531,0,-0.073597,38.559,1.9442
15.652,16.524,0,-0.074026,38.471,1.9218
15.652,16.516,0,-0.075033,38.385,1.8972
15.652,16.509,0,-0.074892,38.298,1.8766
15.652,16.501,0,-0.074436,38.213,1.8573
15.652,16.494,0,-0.072105,38.129,1.8449
15.652,16.487,0,-0.069849,38.045,1.8329
15.652,16.48,0,-0.066304,37.961,1.8263
15.652,16.473,0,-0.063913,37.879,1.8164
15.652,16.467,0,-0.060072,37.797,1.8125
15.652,16.461,0,-0.055912,37.716,1.8108
15.652,16.455,0,-0.051975,37.635,1.8095
15.652,16.45,0,-0.0488,37.555,1.8065
15.652,16.445,0,-0.045299,37.476,1.8056
15.652,16.441,0,-0.04127,37.397,1.8076
15.979,16.436,0.42241,-0.03709,37.345,0.098531
15.979,16.433,0,-0.033092,37.299,0.94565
15.979,16.429,0,-0.029452,37.254,0.94833
15.979,16.427,0,-0.025169,37.209,0.95388
15.979,16.424,0,-0.021696,37.165,0.95808
15.979,16.422,0,-0.018187,37.12,0.96329
15.979,16.42,0,-0.014417,37.076,0.9702
15.979,16.419,0,-0.011157,37.032,0.97654
15.979,16.417,0,-0.0072116,36.988,0.98583
15.979,16.417,0,-0.0040369,36.945,0.9938
15.979,16.416,0,0.00037041,36.901,1.0064
15.979,16.416,0,0.022436,36.857,1.0762
15.979,16.419,0,0.044079,36.813,1.1525
15.979,16.423,0,0.065266,36.769,1.2352
15.979,16.43,0,0.079445,36.725,1.3016
16.634,16.437,0.40531,0.09865,37.195,0
16.634,16.447,0,0.11518,37.215,0
16.634,16.459,0,0.12851,37.233,0
16.634,16.472,0,0.14427,37.25,0
16.634,16.486,0,0.16244,37.265,0.057387
16.634,16.502,0,0.17831,37.279,0.13586
16.634,16.52,0,0.19367,37.291,0.21935
16.634,16.54,0,0.20639,37.302,0.30168
16.634,16.56,0,0.21071,37.31,0.36456
16.634,16.581,0,0.21538,37.317,0.43053
16.634,16.603,0,0.2237,37.321,0.50987
16.634,16.625,0,0.23136,37.323,0.59087
17.13,16.648,0.37735,0.23835,37.622,0
17.13,16.672,0,0.24768,37.669,0
17.13,16.697,0,0.25651,37.713,0
17.13,16.723,0,0.26714,37.755,0
17.13,16.749,0,0.27134,37.795,0
17.13,16.776,0,0.27248,37.831,0
17.13,16.804,0,0.27654,37.865,0
17.13,16.831,0,0.2746,37.896,0.0065975
17.13,16.859,0,0.26542,37.925,0.046288
17.13,16.885,0,0.25949,37.951,0.092851
17.431,16.911,0.024428,0.25403,38.157,0
17.431,16.937,0,0.24722,38.208,0
17.431,16.961,0,0.23197,38.256,0
17.431,16.985,0,0.21654,38.302,0
17.431,17.006,0,0.20683,38.346,0
17.431,17.027,0,0.19493,38.387,0
17.431,17.046,0,0.18329,38.426,0
17.431,17.065,0,0.16964,38.464,0
17.431,17.082,0,0.15481,38.5,0
17.431,17.097,0,0.1392,38.534,0
17.431,17.111,0,0.1216,38.567,0
17.431,17.123,0,0.10584,38.598,0
17.431,17.134,0,0.037073,38.628,0
17.431,17.138,0,-0.01679,38.658,0
17.431,17.136,0,-0.050397,38.687,0
15.958,17.131,-6.2195,-0.094731,38.467,1697.2
15.958,17.121,0,-0.1454,38.351,2.49
14.781,17.107,-4.2118,-0.19057,38.106,147.23
14.781,17.088,0,-0.22498,37.874,5.9701
14.781,17.065,0,-0.24903,37.645,5.7526
13.939,17.04,-0.83038,-0.26237,37.279,17.231
13.939,17.014,0,-0.27083,36.97,8.7539
13.939,16.987,0,-0.27736,36.664,8.5981
13.939,16.959,0,-0.28432,36.361,8.4379
13.939,16.931,0,-0.29144,36.06,8.2749
13.939,16.902,0,-0.29912,35.763,8.1066
13.939,16.872,0,-0.3057,35.468,7.9433
13.939,16.841,0,-0.31095,35.176,7.7866
13.939,16.81,0,-0.31594,34.888,7.6307
13.939,16.779,0,-0.31893,34.602,7.486
13.939,16.747,0,-0.32099,34.32,7.3466
13.939,16.715,0,-0.32404,34.041,7.2013
13.939,16.682,0,-0.32589,33.765,7.063
13.939,16.65,0,-0.32858,33.492,6.9198
13.939,16.617,0,-0.33318,33.223,6.7655
13.939,16.583,0,-0.33948,32.957,6.6008
13.939,16.55,0,-0.34762,32.694,6.4248
13.939,16.515,0,-0.35597,32.435,6.2464
13.939,16.479,0,-0.3641,32.179,6.0679
13.939,16.443,0,-0.3697,31.927,5.9022
13.939,16.406,0,-0.37349,31.678,5.7459
13.939,16.368,0,-0.37631,31.433,5.595
13.939,16.331,0,-0.37786,31.192,5.451
13.939,16.293,0,-0.38071,30.955,5.301
13.04,16.255,-0.12184,-0.38357,29.349,9.5347
13.04,16.217,0,-0.38621,29.029,8.4356
13.04,16.178,0,-0.38894,28.713,8.2599
13.04,16.139,0,-0.39137,28.402,8.0861
13.04,16.1,0,-0.39399,28.094,7.9114
13.04,16.061,0,-0.39595,27.79,7.741
13.04,16.021,0,-0.39771,27.489,7.5723
13.04,15.981,0,-0.39888,27.193,7.4076
13.04,15.941,0,-0.4022,26.901,7.2308
13.04,15.901,0,-0.40559,26.613,7.0538
13.04,15.86,0,-0.40941,26.329,6.8745
13.04,15.82,0,-0.41086,26.049,6.709
13.04,15.778,0,-0.41316,25.773,6.5394
13.04,15.737,0,-0.41543,25.501,6.3706
13.04,15.696,0,-0.41931,25.234,6.1935
13.04,15.654,0,-0.42207,24.97,6.0229
13.04,15.611,0,-0.42395,24.711,5.8577
13.04,15.569,0,-0.42683,24.456,5.688
13.04,15.526,0,-0.42967,24.205,5.5193
13.04,15.483,0,-0.43066,23.959,5.3609
13.04,15.44,0,-0.42967,23.717,5.2138
13.04,15.397,0,-0.42859,23.479,5.0688
13.04,15.355,0,-0.42374,23.245,4.9444
13.04,15.312,0,-0.41699,23.016,4.8317
13.04,15.27,0,-0.40834,22.791,4.7314
13.04,15.23,0,-0.39813,22.57,4.6421
13.04,15.19,0,-0.3844,22.353,4.5736
13.04,15.151,0,-0.3678,22.14,4.5238
13.04,15.115,0,-0.35036,21.93,4.4836
13.04,15.08,0,-0.33069,21.725,4.4602
13.04,15.046,0,-0.30852,21.522,4.4557
13.504,15.016,0.9602,-0.28556,21.087,0.99925
13.504,14.987,0,-0.26461,20.937,2.9662
13.504,14.961,0,-0.24263,20.79,2.9766
13.803,14.936,1.0287,-0.21972,20.686,0.68126
13.803,14.914,0,-0.19806,20.574,2.1391
13.803,14.895,0,-0.17508,20.464,2.1679
13.803,14.877,0,-0.15226,20.356,2.2034
14.222,14.862,1.0517,-0.12707,20.329,0.39276
14.322,14.849,1.0545,-0.10505,20.278,0.34241
14.322,14.839,0,-0.081131,20.226,0.96047
14.322,14.831,0,-0.0583,20.175,1.008
14.322,14.825,0,-0.035566,20.124,1.0627
14.322,14.821,0,-0.012849,20.074,1.1249
14.322,14.82,0,0.016137,20.024,1.2156
14.975,14.821,1.1025,0.053125,20.182,0.18058
14.975,14.827,0,0.090054,20.197,0
14.975,14.836,0,0.12092,20.211,0
14.975,14.848,0,0.15236,20.224,0.079191
15.39,14.863,1.0376,0.18228,20.323,0
15.39,14.881,0,0.20966,20.375,0
15.39,14.902,0,0.23685,20.424,0
15.686,14.926,1.0363,0.26347,20.524,0
15.686,14.952,0,0.29287,20.598,0
15.686,14.982,0,0.32117,20.67,0
15.686,15.014,0,0.34933,20.739,0
15.686,15.049,0,0.37156,20.805,0
15.686,15.086,0,0.39243,20.866,0
15.686,15.125,0,0.41785,20.925,0
15.686,15.167,0,0.43841,20.979,0
15.686,15.211,0,0.46157,21.028,0.12202
15.686,15.257,0,0.4839,21.074,0.31625
15.686,15.305,0,0.50276,21.114,0.51285
15.686,15.356,0,0.51429,21.15,0.69505
16.895,15.407,0.50105,0.51973,21.96,0
16.895,15.459,0,0.51761,22.107,0
16.895,15.511,0,0.5049,22.248,0
16.895,15.561,0,0.49063,22.384,0
16.895,15.61,0,0.46635,22.515,0
16.895,15.657,0,0.44148,22.641,0
16.895,15.701,0,0.42089,22.763,0
16.895,15.743,0,0.39837,22.88,0
16.895,15.783,0,0.37802,22.993,0
16.895,15.821,0,0.35947,23.102,0
16.895,15.857,0,0.33822,23.208,0
16.895,15.891,0,0.31605,23.31,0
16.895,15.922,0,0.29294,23.409,0
16.895,15.951,0,0.2745,23.505,0
16.895,15.979,0,0.25855,23.598,0
16.895,16.005,0,0.24249,23.689,0
16.895,16.029,0,0.2278,23.776,0
16.895,16.052,0,0.21338,23.862,0
16.895,16.073,0,0.2074,23.945,0
