0,0,0.36649,0,35.5,0
0.041676,0,0.24923,7.8,35.506,68.96
0.041676,0.78,0,7.8,35.471,79.455
0.041676,1.56,0,7.8,35.358,84.995
0.041676,2.34,0,7.8,35.168,90.569
0.041676,3.12,0,7.8,34.899,96.172
0.041676,3.9,0,7.8,34.552,101.8
0.041676,4.68,0,7.8,34.127,107.46
0.041676,5.46,0,7.8,33.624,113.14
0.041676,6.24,0,6.7,33.043,104.73
0.041676,6.91,0,6.7,32.39,109.59
0.041676,7.58,0,6.7,31.67,114.47
0.041676,8.25,0,-0.40723,30.882,34.481
0.48204,8.2093,0.34331,-0.41828,30.298,27.146
0.48204,8.1674,0,-0.43017,29.528,31.154
0.48204,8.1244,0,-0.44218,28.761,30.784
0.48204,8.0802,0,-0.45454,27.999,30.404
0.48204,8.0348,0,-0.46682,27.242,30.02
0.48204,7.9881,0,-0.47919,26.489,29.628
0.48204,7.9402,0,-0.49246,25.741,29.222
0.48204,7.8909,0,-0.50592,24.997,28.808
0.48204,7.8403,0,-0.52071,24.259,28.375
0.48204,7.7883,0,-0.53573,23.526,27.933
0.48204,7.7347,0,-0.55225,22.798,27.471
0.48204,7.6795,0,-0.56918,22.075,26.997
0.48204,7.6225,0,-0.58614,21.358,26.515
0.48204,7.5639,0,-0.6032,20.647,26.026
0.48204,7.5036,0,-0.62007,19.942,25.531
0.48204,7.4416,0,-0.63805,19.243,25.02
0.48204,7.3778,0,-0.65711,18.55,24.491
0.48204,7.3121,0,-0.6769,17.864,23.949
0.48204,7.2444,0,-0.69753,17.184,23.392
0.48204,7.1746,0,-0.71811,16.512,22.828
0.48204,7.1028,0,-0.73953,15.846,22.249
0.48204,7.0289,0,-0.76084,15.188,21.665
0.48204,6.9528,0,-0.78457,14.537,21.053
0.48204,6.8743,0,-0.80713,13.893,20.444
0.48204,6.7936,0,-0.83044,13.258,19.823
0.48204,6.7106,0,-0.85481,12.631,19.187
0.48204,6.6251,0,-0.88062,12.013,18.534
0.48204,6.537,0,-0.90553,11.403,17.882
0.48204,6.4465,0,-0.93056,10.802,17.225
0.48204,6.3534,0,-0.95366,10.21,16.58
0.48204,6.2581,0,-0.97976,9.6277,15.908
0.48204,6.1601,0,-1.0043,9.055,15.246
0.48204,6.0596,0,-1.0276,8.4922,14.591
0.48204,5.9569,0,-1.0486,7.9396,13.954
1.686,5.852,0.34378,-1.0671,9.4644,6.3468
1.686,5.7453,0,-1.088,9.0531,7.7216
1.7546,5.6365,0.34541,-1.1079,8.6486,5.3032
1.7546,5.5257,0,-1.1231,8.266,6.4934
1.8197,5.4134,0.34473,-1.1384,7.9069,4.405
1.8197,5.2996,0,-8.8,7.5532,0
1.8197,4.4196,0,-0.73995,7.2493,4.4069
1.9161,4.3456,0.34157,-8.8,7.0253,0
1.954,3.4656,0.34441,-0.37704,6.8255,1.5833
1.954,3.4279,0,-8.8,6.6763,0
1.954,2.5479,0,-0.09906,6.5729,1.0972
2.0725,2.538,0.34577,-0.089443,6.5203,0.14016
2.0725,2.529,0,-0.083169,6.4742,0.80878
2.0725,2.5207,0,-0.076262,6.4289,0.80818
2.0725,2.5131,0,-0.068575,6.3845,0.81146
2.0725,2.5062,0,-0.05996,6.3408,0.81928
2.0725,2.5002,0,-0.051464,6.2977,0.82897
2.0725,2.4951,0,-0.045334,6.2552,0.83406
2.0725,2.4905,0,-0.038992,6.2132,0.84131
2.0725,2.4866,0,-0.029935,6.1716,0.85811
2.3773,2.4836,0.47974,-8.8,6.2403,0
2.4315,1.6036,0.5981,4.1433,6.2684,18.903
2.4315,2.018,0,1.6147,6.3305,6.4161
2.4315,2.1795,0,1.1735,6.3637,4.223
2.4315,2.2968,0,0.95138,6.3831,3.3865
2.4315,2.3919,0,0.89757,6.3918,3.4429
2.4315,2.4817,0,0.83051,6.3913,3.4068
2.4315,2.5647,0,0.79993,6.3821,3.5464
2.4315,2.6447,0,0.81329,6.3648,3.9206
2.4315,2.7261,0,0.79754,6.3394,4.1401
2.4315,2.8058,0,0.81037,6.306,4.5221
2.4315,2.8869,0,0.78461,6.2645,4.6863
2.4315,2.9653,0,0.77564,6.215,4.9413
2.4315,3.0429,0,0.73675,6.1578,5.0145
2.4315,3.1166,0,0.66743,6.093,4.8914
3.5465,3.1833,0.32188,0.62235,6.8065,0
3.5465,3.2455,0,0.56629,6.8397,0.98004
3.5465,3.3022,0,0.49777,6.867,0.87931
3.6377,3.3519,0.17254,0.45399,6.8868,0.051956
3.6377,3.3973,0,0.38727,6.9131,0.49465
3.6377,3.4361,0,0.32061,6.9352,0.3791
3.6377,3.4681,0,0.25829,6.9538,0.2699
3.6377,3.494,0,0.19308,6.9694,0.14811
3.6377,3.5133,0,0.10315,6.9828,0
3.6377,3.5236,0,0.024022,6.9948,0
3.6377,3.526,0,-0.011855,7.0061,0
3.6377,3.5248,0,-0.02605,7.0173,0
3.6377,3.5222,0,-0.039094,7.0287,0
3.6377,3.5183,0,-0.058418,7.0405,0
3.6377,3.5124,0,-0.076698,7.0527,0
3.6377,3.5048,0,-0.098154,7.0656,0
3.6377,3.495,0,-0.11876,7.0794,0
3.6377,3.4831,0,-0.13888,7.0943,0
3.6377,3.4692,0,-0.15843,7.1104,0
3.6377,3.4534,0,-8.8,7.1281,0
3.6377,2.5734,0,0.28597,7.1905,0
3.6377,2.6019,0,0.079734,7.2955,0
3.6377,2.6099,0,-0.0062577,7.3987,0
3.6377,2.6093,0,-0.015673,7.5015,0
2.5014,2.6077,-0.25642,-0.020398,6.6424,0.93028
2.5014,2.6057,0,-0.024837,6.6319,0.16323
2.5014,2.6032,0,-0.025622,6.6216,0.15624
2.5014,2.6006,0,-0.022314,6.6115,0.1582
2.5014,2.5984,0,-0.018272,6.6017,0.16253
2.5014,2.5966,0,-0.0081874,6.5921,0.18151
2.5014,2.5958,0,0.062724,6.5826,0.35429
2.5014,2.602,0,0.2489,6.5729,0.93955
2.5014,2.6269,0,0.40479,6.5616,1.6056
2.5014,2.6674,0,0.52837,6.547,2.2787
2.5014,2.7202,0,0.62174,6.5278,2.913
2.5014,2.7824,0,0.65868,6.5028,3.325
2.5014,2.8483,0,0.66837,6.4714,3.6162
3.2339,2.9151,0.46269,0.62915,6.7632,0
3.2339,2.978,0,0.57515,6.7919,1.1504
3.2339,3.0356,0,0.53816,6.8146,1.173
3.2339,3.0894,0,0.49669,6.8318,1.167
3.2339,3.139,0,0.46388,6.8438,1.1838
3.2339,3.1854,0,0.42346,6.8509,1.1616
3.2339,3.2278,0,0.39042,6.8536,1.1572
3.2339,3.2668,0,0.37735,6.8523,1.2202
3.2339,3.3045,0,0.36581,6.8471,1.2855
3.2339,3.3411,0,0.32831,6.8382,1.2474
3.2339,3.374,0,0.3035,6.8259,1.2477
3.2339,3.4043,0,0.28243,6.8103,1.2552
3.2339,3.4326,0,0.24444,6.7919,1.1946
3.2339,3.457,0,0.17384,6.7708,1.0125
3.2339,3.4744,0,0.1228,6.7476,0.88924
3.2339,3.4867,0,0.07159,6.7229,0.7605
3.2339,3.4938,0,0.004513,6.6973,0.58461
3.2339,3.4943,0,-0.0056268,6.6713,0.55816
3.2339,3.4937,0,-0.014836,6.6453,0.53229
3.4067,3.4922,-0.070081,-0.020158,7.0972,0.30142
3.4067,3.4902,0,-0.021751,7.0887,0.12629
3.4067,3.488,0,-0.016591,7.0805,0.13311
3.4067,3.4864,0,-0.012188,7.0724,0.1394
3.4067,3.4852,0,-0.0029121,7.0645,0.15774
3.4067,3.4849,0,0.040925,7.0567,0.2616
3.4067,3.489,0,0.10769,7.0487,0.44815
3.4067,3.4997,0,0.18319,7.0399,0.70098
3.4067,3.518,0,0.22773,7.0297,0.89569
3.4067,3.5408,0,0.24604,7.0174,1.021
3.4067,3.5654,0,0.22952,7.0028,1.0303
3.7102,3.5884,-0.35307,0.17889,7.1646,1.4498
3.7102,3.6063,0,0.096369,7.1759,0
3.7102,3.6159,0,-0.0013511,7.1858,0
3.536,3.6158,-0.63924,-0.01926,7.1548,2.6834
3.536,3.6138,0,-0.03512,7.1469,0.085699
3.536,3.6103,0,-0.052379,7.1393,0.042872
3.536,3.6051,0,-0.068166,7.1322,0.0013209
3.536,3.5983,0,-0.084975,7.1256,0
3.536,3.5898,0,-0.098936,7.1198,0
3.536,3.5799,0,-0.1122,7.1149,0
3.0668,3.5687,-0.59493,-0.12586,6.9351,3.3998
3.0668,3.5561,0,-0.13645,6.8856,0.74203
3.0668,3.5424,0,-0.14889,6.8373,0.67928
3.0668,3.5275,0,-0.16078,6.7905,0.61684
3.0668,3.5115,0,-8.8,6.7453,0
3.0668,2.6315,0,0.24936,6.7448,0
2.6608,2.6564,-0.9183,0.010055,6.6837,4.4856
2.6608,2.6574,0,-0.01764,6.6841,0
2.6608,2.6556,0,-0.034561,6.6845,0
2.6608,2.6522,0,-0.05013,6.6852,0
2.6608,2.6472,0,-0.064007,6.6863,0
2.6608,2.6408,0,-0.07726,6.688,0
2.6608,2.633,0,-0.087838,6.6904,0
2.1223,2.6243,-0.90078,-0.1009,6.4845,5.83
2.1223,2.6142,0,-0.11744,6.4348,0.79829
2.1223,2.6024,0,-0.13541,6.3862,0.72371
2.1223,2.5889,0,-8.8,6.3389,0
2.1223,1.7089,0,0.05909,6.3362,0
2.1223,1.7148,0,-0.014451,6.3773,0
2.1223,1.7134,0,-0.028192,6.4181,0
2.1223,1.7105,0,-0.039162,6.4591,0
1.3369,1.7066,-0.83531,-0.050584,6.1779,3.2385
1.3369,1.7016,0,-0.060478,6.1412,0.65433
1.3369,1.6955,0,-0.072146,6.105,0.60959
1.3369,1.6883,0,-0.079625,6.0695,0.57385
1.3369,1.6803,0,-0.081238,6.0348,0.55175
1.3369,1.6722,0,-0.080768,6.0008,0.53463
1.3369,1.6641,0,-0.07517,5.9677,0.53052
1.3369,1.6566,0,-0.066827,5.9354,0.53463
1.3369,1.6499,0,-8.8,5.9037,0
1.3369,0.76993,0,0.47854,5.9164,0
1.3574,0.81779,0.4686,0.4686,5.8593,0
1.3574,0.86465,0,0.44809,5.9109,0.035447
1.4355,0.90945,0.47337,4.9,5.9542,29.481
1.4355,1.3995,0,0.51416,5.9823,1.5684
1.4355,1.4509,0,0.47102,5.9833,1.5449
1.4355,1.498,0,0.42272,5.9794,1.4883
1.4355,1.5402,0,0.42177,5.9711,1.6129
1.4355,1.5824,0,0.43622,5.9585,1.8044
1.4355,1.626,0,0.45953,5.9416,2.0444
1.4355,1.672,0,0.43631,5.9202,2.0879
1.4355,1.7156,0,0.38918,5.8944,2.0186
1.4355,1.7545,0,0.43963,5.8645,2.3704
1.4355,1.7985,0,0.46155,5.8304,2.6188
1.4355,1.8447,0,0.46238,5.7917,2.7783
1.4355,1.8909,0,0.44635,5.7485,2.8574
1.4355,1.9355,0,0.44644,5.7007,3.0104
1.4355,1.9802,0,0.46584,5.6485,3.2625
1.4355,2.0268,0,0.47732,5.5917,3.4859
1.4355,2.0745,0,0.43133,5.5302,3.4178
1.4355,2.1176,0,0.42565,5.4641,3.541
1.4355,2.1602,0,0.41747,5.3938,3.6499
1.4355,2.2019,0,0.40467,5.3192,3.7322
1.4355,2.2424,0,0.41118,5.2406,3.912
1.4355,2.2835,0,0.39501,5.1578,3.9748
1.4355,2.323,0,0.42494,5.071,4.2811
1.4355,2.3655,0,0.39961,4.9802,4.2995
1.4355,2.4055,0,0.4046,4.8852,4.4751
1.4355,2.4459,0,0.40325,4.7861,4.6189
1.4355,2.4863,0,0.39596,4.6831,4.7297
1.4355,2.5259,0,0.41447,4.576,4.9854
1.4355,2.5673,0,0.39501,4.4649,5.0322
2.7826,2.6068,0.46662,0.39535,6.3482,0
2.7826,2.6463,0,0.40868,6.3638,0.8543
2.7826,2.6872,0,0.41455,6.3754,0.99182
2.9272,2.7287,0.4652,0.41701,6.4061,0
2.9272,2.7704,0,0.41321,6.4239,0.8132
2.9272,2.8117,0,0.43394,6.4375,1.0074
2.9272,2.8551,0,0.44366,6.4469,1.1711
3.1189,2.8994,0.46095,0.42119,6.4875,0
3.1189,2.9416,0,0.42822,6.5073,0.81044
3.2168,2.9844,0.46144,0.42681,6.5167,0
3.2168,3.0271,0,0.40647,6.5378,0.69775
3.2168,3.0677,0,0.42256,6.5548,0.86914
3.2168,3.11,0,0.42929,6.5676,1.0147
3.4114,3.1529,0.46615,0.43801,6.6009,0
3.4114,3.1967,0,0.43918,6.6246,0.74579
3.4114,3.2406,0,0.42904,6.6438,0.83192
3.4114,3.2835,0,0.42281,6.6588,0.93024
3.4114,3.3258,0,0.4318,6.6694,1.0858
3.4114,3.369,0,0.41585,6.6758,1.1498
3.4114,3.4106,0,0.41153,6.678,1.2546
3.4114,3.4517,0,0.41796,6.676,1.4023
3.4114,3.4935,0,0.41335,6.6699,1.5093
3.4114,3.5349,0,0.41124,6.6596,1.6262
3.4114,3.576,0,0.41473,6.6452,1.7674
3.4114,3.6175,0,0.42229,6.6267,1.9295
3.4114,3.6597,0,0.4352,6.604,2.1207
3.4114,3.7032,0,0.42138,6.577,2.1986
3.4114,3.7453,0,0.41331,6.5457,2.2983
3.4114,3.7867,0,0.42237,6.5102,2.4751
4.1606,3.8289,0.46541,0.4311,7.0538,0
4.1606,3.872,0,0.43594,7.0848,0.53083
4.1606,3.9156,0,0.43302,7.1115,0.63968
4.1606,3.9589,0,0.44016,7.1338,0.78565
4.1606,4.0029,0,0.44615,7.1518,0.9326
4.1606,4.0475,0,0.43303,7.1653,1.011
4.1606,4.0908,0,0.43964,7.1745,1.1623
4.1606,4.1348,0,0.4306,7.1793,1.2561
4.1606,4.1779,0,0.43708,7.1797,1.4104
4.6065,4.2216,0.46286,0.44116,7.3553,0
4.6065,4.2657,0,0.43336,7.3916,0.38188
4.6065,4.309,0,0.42317,7.4235,0.46312
4.7261,4.3513,0.46118,0.41397,7.4698,0
4.7261,4.3927,0,0.42005,7.5052,0.3574
4.7261,4.4347,0,0.42581,7.5364,0.48855
4.7261,4.4773,0,0.41577,7.5634,0.56903
4.7261,4.5189,0,0.42132,7.5862,0.70232
4.9577,4.561,0.46752,0.41395,7.655,0
4.9577,4.6024,0,0.42372,7.6926,0.31199
4.9577,4.6448,0,0.43179,7.726,0.45111
4.9577,4.688,0,0.42944,7.7552,0.5596
5.1657,4.7309,0.46283,0.43508,7.822,0
5.1657,4.7744,0,0.44175,7.8633,0.27669
5.1657,4.8186,0,0.43992,7.9002,0.3873
5.1657,4.8626,0,0.431,7.9327,0.4748
5.1657,4.9057,0,0.43842,7.9608,0.61764
5.1657,4.9495,0,0.42815,7.9846,0.70207
5.1657,4.9924,0,0.43443,8.0041,0.84456
5.1657,5.0358,0,0.43131,8.0193,0.95633
5.1657,5.0789,0,0.42369,8.0301,1.0513
5.1657,5.1213,0,0.42944,8.0367,1.1969
5.1657,5.1642,0,0.42111,8.039,1.2906
5.1657,5.2064,0,0.41373,8.037,1.3863
5.1657,5.2477,0,0.42232,8.0309,1.5459
5.1657,5.29,0,0.42145,8.0205,1.6714
5.1657,5.3321,0,0.42643,8.006,1.8232
5.1657,5.3748,0,0.43107,7.9872,1.9774
5.1657,5.4179,0,0.43999,7.9642,2.1547
5.1657,5.4619,0,0.4402,7.9367,2.2982
5.1657,5.5059,0,0.43953,7.9049,2.4393
5.1657,5.5498,0,0.44575,7.8687,2.6144
5.1657,5.5944,0,0.46757,7.8281,2.8701
5.1657,5.6412,0,0.492,7.7829,3.1531
5.1657,5.6904,0,0.53177,7.7329,3.5324
6.4455,5.7435,1.0075,0.5695,8.8916,0
6.4455,5.8005,0,0.60678,8.959,0.15518
6.6604,5.8612,0.99863,0.63702,9.0542,0
6.6604,5.9249,0,0.6601,9.1309,0.094208
6.6604,5.9909,0,0.67398,9.2012,0.32687
6.6604,6.0583,0,0.70342,9.2647,0.63279
6.6604,6.1286,0,0.72009,9.3214,0.91004
6.6604,6.2006,0,0.74986,9.371,1.2593
6.6604,6.2756,0,0.77914,9.4132,1.6314
6.6604,6.3535,0,0.81865,9.4478,2.0785
6.6604,6.4354,0,0.86642,9.4744,2.6023
6.6604,6.522,0,0.94134,9.4926,3.3175
6.6604,6.6162,0,1.0285,9.5017,4.1758
6.6604,6.719,0,1.1203,9.501,5.1487
8.5718,6.8311,2.4076,1.2169,10.414,1.019
8.5718,6.9527,0,1.2875,10.582,0
8.5718,7.0815,0,1.2975,10.737,0.40274
8.5718,7.2112,0,1.2598,10.88,0.65264
8.5718,7.3372,0,1.1983,11.01,0.78173
8.5718,7.457,0,1.1199,11.127,0.81331
8.5718,7.569,0,1.0141,11.233,0.7001
8.5718,7.6704,0,0.89622,11.328,0.51418
8.5718,7.7601,0,0.768,11.414,0.27295
8.5718,7.8369,0,0.60756,11.491,0
8.5718,7.8976,0,0.4136,11.562,0
8.5718,7.939,0,0.19965,11.627,0
7.9557,7.959,-3.1265,-0.0007814,12.027,57.819
7.9557,7.9589,0,-0.077195,12.027,0
7.3422,7.9512,-2.5925,-0.14725,11.978,37.904
7.3422,7.9364,0,-0.20745,11.918,0.79913
7.3422,7.9157,0,-0.26394,11.86,0.62172
7.3422,7.8893,0,-0.32436,11.804,0.44844
7.3422,7.8569,0,-0.3898,11.75,0.28596
7.3422,7.8179,0,-0.41288,11.701,0.19323
7.3422,7.7766,0,-0.46439,11.655,0.084297
7.3422,7.7301,0,-0.52461,11.614,0
7.3422,7.6777,0,-0.56745,11.578,0
7.3422,7.6209,0,-0.58192,11.547,0
7.3422,7.5627,0,-0.63367,11.522,0
7.3422,7.4994,0,-0.66458,11.504,0
7.3422,7.4329,0,-0.67988,11.491,0
7.3422,7.3649,0,-0.71784,11.486,0.016621
7.3422,7.2932,0,-0.80168,11.487,0.2937
7.3422,7.213,0,-0.91969,11.496,0.87123
7.3422,7.121,0,-1.0494,11.513,1.8049
7.3422,7.0161,0,-1.1845,11.541,3.1889
7.3422,6.8976,0,-5.2,11.579,120.86
7.3422,6.3776,0,-5.2,11.65,119.8
3.3091,5.8576,0.27948,-8.8,7.6957,0
3.3091,4.9776,0,-8.8,7.4849,0
3.3091,4.0976,0,-0.18546,7.362,1.3226
3.3091,4.0791,0,-0.17377,7.2841,1.3117
3.425,4.0617,-0.054982,-0.1715,7.2287,1.1535
3.425,4.0446,0,-0.16806,7.1659,0.96112
3.425,4.0278,0,-0.15859,7.1048,0.94741
3.425,4.0119,0,-0.15203,7.0453,0.92791
3.425,3.9967,0,-0.14549,6.9873,0.90992
3.425,3.9821,0,-8.8,6.9309,0
3.425,3.1021,0,0.71674,6.9192,1.5486
3.5217,3.1738,0.096644,0.61413,6.9969,0.64844
3.5228,3.2352,0.13952,0.49335,7.0252,0.25858
3.5228,3.2846,0,0.40814,7.0515,0.57136
3.5566,3.3254,0.15452,0.38128,7.0733,0.032573
3.5566,3.3635,0,0.33789,7.0945,0.45625
3.5791,3.3973,0.15925,0.29057,7.1087,0
3.5791,3.4263,0,0.2535,7.1255,0.29714
3.5791,3.4517,0,0.22923,7.1395,0.28831
3.5791,3.4746,0,0.21025,7.1511,0.28932
3.5791,3.4956,0,0.19321,7.1605,0.29153
3.5791,3.515,0,0.19574,7.1679,0.34555
3.5791,3.5345,0,0.1994,7.1733,0.40416
3.5791,3.5545,0,0.19357,7.1768,0.43611
3.5791,3.5738,0,0.18803,7.1783,0.46757
3.5791,3.5926,0,0.18484,7.1778,0.50476
3.5791,3.6111,0,0.16751,7.1756,0.49884
3.5791,3.6279,0,0.17143,7.1715,0.55226
3.5791,3.645,0,0.17243,7.1658,0.59838
3.5791,3.6623,0,0.16185,7.1583,0.60942
3.5791,3.6784,0,0.15239,7.1492,0.62121
3.5791,3.6937,0,0.14011,7.1385,0.62211
3.5791,3.7077,0,0.15095,7.1264,0.69072
3.5791,3.7228,0,0.15112,7.1128,0.72974
3.5791,3.7379,0,0.16114,7.0976,0.80053
3.5791,3.754,0,0.15193,7.081,0.8127
3.5791,3.7692,0,0.16173,7.0627,0.8842
3.5791,3.7854,0,0.1507,7.0429,0.89047
3.5791,3.8005,0,0.16156,7.0215,0.96623
3.5791,3.8166,0,0.17189,6.9986,1.0445
3.5791,3.8338,0,0.16147,6.974,1.0552
3.5791,3.85,0,0.15457,6.9477,1.0751
3.5791,3.8654,0,0.14053,6.9198,1.0687
3.5791,3.8795,0,0.14419,6.8905,1.1191
3.5791,3.8939,0,0.14617,6.8598,1.165
3.5791,3.9085,0,0.1332,6.8276,1.1598
3.5791,3.9218,0,0.1223,6.794,1.1583
3.5791,3.934,0,0.12853,6.7591,1.213
3.5791,3.9469,0,0.1376,6.7229,1.2802
3.5791,3.9607,0,0.13887,6.6855,1.3228
3.5791,3.9745,0,0.15225,6.6466,1.41
3.5791,3.9898,0,0.15563,6.6063,1.4655
3.5791,4.0053,0,0.16014,6.5645,1.5266
3.5791,4.0213,0,0.15815,6.5211,1.565
3.5791,4.0372,0,0.1521,6.4761,1.5875
3.5791,4.0524,0,0.14402,6.4295,1.6006
3.5791,4.0668,0,0.14361,6.3815,1.6405
3.5791,4.0811,0,0.14683,6.332,1.6944
3.5791,4.0958,0,0.15337,6.281,1.7626
3.5791,4.1112,0,0.14421,6.2286,1.7718
3.5791,4.1256,0,0.13486,6.1747,1.7776
3.5791,4.1391,0,0.13458,6.1194,1.816
3.5791,4.1525,0,0.12816,6.0627,1.8304
3.5791,4.1653,0,0.14147,6.0047,1.9209
3.5791,4.1795,0,0.14975,5.9454,1.9964
3.5791,4.1945,0,0.15087,5.8846,2.046
3.5791,4.2095,0,0.15885,5.8223,2.1247
3.5791,4.2254,0,0.1531,5.7585,2.1492
3.5791,4.2407,0,0.14689,5.6931,2.1701
3.5791,4.2554,0,0.15337,5.6262,2.2422
3.5791,4.2708,0,0.1546,5.5578,2.2948
4.4201,4.2862,0.1534,0.15777,7.8131,0
4.4201,4.302,0,0.16518,7.8257,0.13358
4.4201,4.3185,0,0.16694,7.8366,0.17649
4.4201,4.3352,0,0.17509,7.846,0.23776
4.4201,4.3527,0,0.17271,7.8536,0.27271
4.4201,4.37,0,0.17385,7.8594,0.31717
4.4201,4.3874,0,0.17536,7.8636,0.3634
4.4201,4.4049,0,0.16637,7.866,0.38012
4.4201,4.4216,0,0.15962,7.8666,0.4011
4.4201,4.4375,0,0.15331,7.8657,0.42169
4.4201,4.4528,0,0.15662,7.8632,0.46869
4.4201,4.4685,0,0.15537,7.8591,0.50353
4.4201,4.484,0,0.15368,7.8535,0.53692
4.4201,4.4994,0,0.15119,7.8463,0.56767
4.4201,4.5145,0,0.14784,7.8376,0.59528
4.4201,4.5293,0,0.14103,7.8274,0.61165
4.4201,4.5434,0,0.1487,7.8158,0.67054
4.4201,4.5583,0,0.14592,7.8027,0.69966
4.4201,4.5729,0,0.15583,7.7882,0.76817
4.4201,4.5885,0,0.16334,7.7721,0.8327
4.4201,4.6048,0,0.16463,7.7545,0.87971
4.7806,4.6213,0.15025,0.17129,8.1104,0
4.7806,4.6384,0,0.1727,8.1254,0.097586
4.813,4.6557,0.15027,0.16757,8.1373,0
4.813,4.6724,0,0.17003,8.1522,0.094357
4.813,4.6894,0,0.17546,8.1654,0.14785
4.813,4.707,0,0.17085,8.1769,0.17639
4.813,4.7241,0,0.16369,8.1866,0.19705
4.813,4.7404,0,0.15652,8.1947,0.21601
4.813,4.7561,0,0.14996,8.2012,0.23494
4.813,4.7711,0,0.14294,8.2062,0.25112
4.813,4.7854,0,0.14252,8.2096,0.28351
4.813,4.7996,0,0.13761,8.2117,0.30371
4.9472,4.8134,0.15222,0.1368,8.2733,0
4.9472,4.8271,0,0.13697,8.286,0.056683
4.9472,4.8408,0,0.13351,8.2973,0.078757
4.9472,4.8541,0,0.12946,8.3073,0.098619
4.9472,4.8671,0,0.12403,8.316,0.11411
4.9472,4.8795,0,0.13131,8.3234,0.1608
4.9472,4.8926,0,0.12942,8.3295,0.18598
4.9472,4.9055,0,0.13128,8.3343,0.22067
5.0457,4.9187,0.15734,0.12644,8.3635,0
5.0624,4.9313,0.18397,0.13023,8.382,0
5.0624,4.9443,0,0.12704,8.3945,0.036765
