3.0556,3.0556,1.0807,0,35.5,0.22212
3.1571,3.0556,0.73474,7.8,35.496,59.549
3.2301,3.8356,0.65281,7.8,35.462,65.739
3.2906,4.6156,0.48597,7.8,35.364,73.772
3.3298,5.3956,0.32836,7.8,35.189,82.033
3.3535,6.1756,0.16278,6.7,34.942,77.215
3.3722,6.8456,-0.05026,6.7,34.627,86.242
3.3589,7.5156,-0.31909,6.7,34.256,97.111
3.3338,8.1856,-0.59553,6.7,33.806,108.74
3.2734,8.8556,-0.81827,6.7,33.293,119.75
3.1884,9.5256,-0.87403,-0.35535,32.689,36.983
3.1088,9.49,-0.80674,-0.3681,32.054,35.968
3.0326,9.4532,-0.5221,-0.38151,31.404,31.504
2.9782,9.4151,-0.04183,-0.39392,30.766,24.895
2.9813,9.3757,0.56125,-0.40336,30.124,18.093
3.0309,9.3353,1.1264,-0.41015,29.482,13.102
3.1369,9.2943,1.6596,-0.41284,28.865,9.4657
3.302,9.253,2.0149,-0.4114,28.253,7.4087
3.511,9.2119,2.1772,-0.40611,27.662,6.3113
3.7208,9.1713,2.1861,-0.39949,27.111,5.748
3.9478,9.1313,2.112,-0.39069,26.579,5.3683
4.1523,9.0923,1.9203,-0.38254,26.074,5.3044
4.3461,9.054,1.6581,-0.37427,25.592,5.4853
4.5194,9.0166,1.3657,-0.36658,25.138,5.9117
4.6485,8.9799,1.1173,-0.36198,24.695,6.4207
4.765,8.9437,0.93187,-0.358,24.262,6.7905
4.867,8.9079,0.79718,-0.35454,23.852,7.0109
4.9423,8.8725,0.69407,-0.35294,23.456,7.1755
5.0136,8.8372,0.61378,-0.35143,23.068,7.2443
5.0671,8.802,0.47509,-0.35139,22.685,7.7152
5.0671,8.7669,0,-0.35058,22.313,10.921
5.1551,8.7318,0.11208,-0.3522,21.952,9.5014
5.1679,8.6966,-0.065727,-0.35526,21.602,10.665
5.1594,8.6611,-0.20785,-0.36061,21.251,11.73
5.1306,8.625,-0.27816,-0.36842,20.892,12.283
5.0964,8.5882,-0.33466,-0.3769,20.539,12.742
5.0581,8.5505,-0.36793,-0.38619,20.182,12.997
5.03,8.5119,-0.32516,-0.39424,19.836,12.465
5.0074,8.4725,-0.30718,-0.40216,19.482,12.152
4.9765,8.4322,-0.31362,-0.4109,19.139,12.099
4.9506,8.3912,-0.30833,-0.41936,18.793,11.911
4.924,8.3492,-0.29842,-0.42775,18.458,11.682
4.9025,8.3064,-0.30952,-0.43565,18.125,11.623
4.8733,8.2629,-0.23664,-0.44471,17.793,10.837
4.8508,8.2184,-0.21317,-0.45373,17.447,10.47
4.8324,8.173,-0.22667,-0.46164,17.119,10.405
4.8084,8.1269,-0.21994,-0.47115,16.778,10.18
4.7894,8.0798,-0.20954,-0.47928,16.457,9.9103
4.7756,8.0318,-0.2683,-0.48675,16.138,10.193
4.744,7.9831,-0.25394,-0.49739,15.814,9.92
4.7152,7.9334,-0.19512,-0.50804,15.487,9.2772
4.6943,7.8826,-0.17314,-0.51753,15.164,8.9137
4.6694,7.8309,-0.18959,-0.5278,14.844,8.856
4.6694,7.7781,0,-0.53824,14.531,7.2384
4.6311,7.7242,-0.2098,-0.54572,14.227,8.5993
4.6058,7.6697,-0.25725,-0.55588,13.923,8.7698
4.5767,7.6141,-0.31203,-0.56732,13.615,9.0082
4.5449,7.5574,-0.32959,-0.57953,13.309,8.9551
4.5118,7.4994,-0.31921,-0.59181,13.009,8.68
4.4799,7.4402,-0.32515,-0.60471,12.703,8.5208
4.4496,7.3798,-0.40695,-0.61609,12.416,8.9624
4.4141,7.3181,-0.45213,-0.62964,12.12,9.1232
4.3621,7.2552,-0.45821,-0.64758,11.821,8.9969
4.322,7.1904,-0.4957,-0.66282,11.528,9.0908
4.2707,7.1241,-0.47761,-0.68022,11.244,8.749
4.2228,7.0561,-0.40864,-0.69732,10.959,7.9975
4.2228,6.9864,0,-0.71416,10.68,5.0571
4.1458,6.915,-0.3593,-0.72683,10.402,7.1754
4.1033,6.8423,-0.33825,-0.7426,10.129,6.8097
4.064,6.768,-0.38129,-0.757,9.8635,6.8768
4.0337,6.6923,-0.38232,-0.77064,9.5868,6.6183
3.9879,6.6153,-0.33974,-0.78895,9.3129,6.1076
3.9467,6.5364,-0.29771,-0.80307,9.0617,5.6275
3.916,6.4561,-0.27362,-0.81645,8.7953,5.2358
3.8884,6.3744,-0.26969,-0.82797,8.5365,4.9636
3.87,6.2916,-0.23931,-0.83611,8.281,4.5427
3.8376,6.208,-0.25531,-5.2,8.0405,6.1773
3.8135,5.688,-0.2805,-8.8,7.8314,0
3.781,4.808,-0.31158,-0.29926,7.6963,2.8007
3.7524,4.7781,-0.28681,-0.3041,7.5851,2.6576
3.7524,4.7477,0,-0.30859,7.484,1.4679
3.6939,4.7168,-0.33713,-0.3126,7.3846,2.8504
3.6511,4.6856,-0.35907,-8.8,7.2725,0
3.615,3.8056,-0.32644,-0.048144,7.2014,1.3388
3.5832,3.8007,-0.31171,-0.055115,7.1824,1.3305
3.5578,3.7952,-0.30548,-0.060302,7.1655,1.3434
3.5578,3.7892,0,-0.068567,7.1421,0.33525
3.4998,3.7823,-0.12294,-0.072554,7.1019,0.77494
3.4872,3.7751,-0.099255,-0.074264,7.0724,0.71164
3.4831,3.7677,-0.14281,-0.073801,7.0417,0.83832
3.4759,3.7603,-0.10934,-0.073925,7.0219,0.73405
3.4613,3.7529,-0.05646,-0.076189,6.9911,0.59387
3.4613,3.7453,-0.04784,-0.074523,6.9639,0.55744
3.4539,3.7378,-0.012903,-0.074865,6.9345,0.46642
3.4601,3.7303,0.15423,-0.071477,6.9131,0.10115
3.4855,3.7232,0.28338,-0.063104,6.8888,0
3.514,3.7169,0.3246,-0.053943,6.8736,0
3.5431,3.7115,0.3807,-0.044788,6.8648,0
3.5888,3.707,0.43948,-8.8,6.8411,0
3.6233,2.827,0.44997,1.6808,6.8848,2.2795
3.6684,2.9951,0.44463,1.3016,6.951,0.97011
3.718,3.1252,0.46025,1.075,7.0074,0.2914
3.7577,3.2327,0.45651,0.90597,7.061,0
3.8133,3.3233,0.50475,0.8128,7.1137,0
3.8557,3.4046,0.48709,0.72264,7.1575,0
3.9069,3.4769,0.44466,0.66846,7.1988,0
3.9565,3.5437,0.40875,0.62467,7.2393,0
3.9565,3.6062,0,0.56309,7.2774,0.82285
4.0355,3.6625,0.44139,0.53867,7.3063,0
4.0825,3.7164,0.47538,0.51769,7.3334,0
4.1383,3.7681,0.52907,0.51408,7.3748,0
4.185,3.8195,0.58105,0.49888,7.4202,0
4.2425,3.8694,0.61084,0.50017,7.4512,0
4.2988,3.9194,0.63518,0.50049,7.4962,0
4.3635,3.9695,0.70569,0.51151,7.5378,0
4.4345,4.0206,0.71708,0.52831,7.5764,0
4.5133,4.0735,0.63384,0.55155,7.6106,0
4.5739,4.1286,0.55699,0.54921,7.6618,0
4.6283,4.1835,0.46212,0.53881,7.6977,0
4.6688,4.2374,0.35294,0.514,7.7381,0
4.7048,4.2888,0.21706,0.48837,7.7852,0
4.7251,4.3377,0.151,0.44868,7.8305,0
4.7439,4.3825,0.1546,0.41262,7.8595,0
4.7516,4.4238,0.19057,0.36975,7.8885,0
4.7622,4.4608,0.17544,0.33669,7.9268,0
4.7793,4.4944,0.15505,0.31526,7.9536,0
4.7866,4.526,0.1992,0.28582,7.978,0
4.8087,4.5545,0.25694,0.27647,7.9988,0
4.8281,4.5822,0.30147,0.26544,8.0221,0
4.8665,4.6087,0.32839,0.27611,8.0385,0
4.9083,4.6364,0.42462,0.2892,8.064,0
4.9584,4.6653,0.466,0.30952,8.0942,0
4.9584,4.6962,0,0.31715,8.122,0.21578
5.0277,4.7279,0.25903,0.31173,8.1557,0
5.0277,4.7591,0,0.30657,8.1841,0.16828
5.0851,4.7898,0.18967,0.30239,8.2144,0
5.1131,4.82,0.15228,0.29774,8.2397,0
5.1259,4.8498,0.14643,0.27836,8.2633,0
5.131,4.8776,0.10858,0.2538,8.2926,0
5.1466,4.903,0.12752,0.24239,8.3097,0
5.1533,4.9272,0.22246,0.22362,8.3342,0
5.1837,4.9496,0.33266,0.23037,8.3555,0
5.2232,4.9726,0.52,0.2453,8.3788,0
5.2781,4.9972,0.74996,0.27365,8.409,0
5.3486,5.0245,0.89228,0.31376,8.4391,0
5.3486,5.0559,0,0.36195,8.47,0.27623
5.5326,5.0921,1.2583,0.42112,8.5303,0
5.6524,5.1342,1.4023,0.49091,8.575,0
5.7837,5.1833,1.6007,0.56358,8.6395,0
5.9356,5.2397,1.7652,0.64587,8.7045,0.16688
6.1098,5.3043,1.8518,0.73839,8.7834,0.14705
6.3035,5.3781,1.8467,0.83547,8.8625,0
6.3035,5.4616,0,0.91862,8.9509,0.79123
6.6836,5.5535,1.891,0.98636,9.061,0
6.8724,5.6521,1.9352,1.0451,9.1688,0
7.0714,5.7566,1.9433,1.1057,9.2973,0
7.2618,5.8672,1.8579,1.1518,9.4417,0
7.4426,5.9824,1.7278,1.1834,9.5862,0
7.6092,6.1007,1.6061,1.1998,9.7374,0
7.7734,6.2207,1.4382,1.2111,9.8805,0
7.9129,6.3418,1.3185,1.2034,10.039,0
8.0527,6.4622,1.3343,1.1967,10.192,0
8.1834,6.5818,1.3484,1.1858,10.36,0
8.3259,6.7004,1.3147,1.1833,10.511,0
8.4574,6.8188,1.2387,1.1755,10.684,0
8.5902,6.9363,1.13,1.1695,10.855,0
8.6953,7.0532,0.95514,1.1445,11.021,0
8.7896,7.1677,0.75744,1.115,11.185,0
8.874,7.2792,0.58934,1.0814,11.337,0
8.9372,7.3873,0.51197,1.0383,11.499,0
8.9865,7.4912,0.46657,0.99029,11.652,0
8.9865,7.5902,0,0.94686,11.796,0
9.071,7.6849,0.46402,0.89867,11.935,0
9.1217,7.7747,0.50158,0.8656,12.077,0
9.1731,7.8613,0.4995,0.83622,12.22,0
9.2155,7.9449,0.48185,0.80314,12.347,0
9.2697,8.0252,0.47952,0.78045,12.472,0
9.3265,8.1033,0.46797,0.7611,12.588,0
9.3745,8.1794,0.42539,0.73826,12.708,0
9.4157,8.2532,0.38257,0.71307,12.822,0
9.4565,8.3245,0.33548,0.69031,12.945,0
9.4909,8.3936,0.24276,0.66551,13.065,0
9.5104,8.4601,0.12464,0.63363,13.182,0
9.5138,8.5235,0.02336,0.59394,13.28,0
9.5074,8.5829,-0.056077,0.5516,13.376,0
9.507,8.638,-0.10797,0.51613,13.47,0
9.491,8.6896,-0.12501,0.47358,13.544,0
9.4814,8.737,-0.15348,0.43798,13.616,0
9.4814,8.7808,0,0.40622,13.688,0
9.4504,8.8214,-0.41939,0.36729,13.747,0.97847
9.4504,8.8581,0,0.32329,13.808,0
9.3466,8.8905,-0.95072,0.26486,13.862,4.5373
9.2589,8.917,-1.1838,0.19808,13.902,6.7934
9.1374,8.9368,-1.3156,0.11598,13.923,8.301
9.0097,8.9484,-1.349,0.035416,13.938,8.7288
8.8671,8.9519,-1.3029,-0.018155,13.933,8.4901
8.742,8.9501,-1.2213,-0.044659,13.913,7.9827
8.6241,8.9456,-1.0998,-0.069159,13.891,7.0732
8.524,8.9387,-0.94633,-0.089495,13.856,5.9102
8.4306,8.9298,-0.75317,-0.10813,13.814,4.579
8.3595,8.9189,-0.56337,-0.12174,13.766,3.4451
8.2944,8.9068,-0.35646,-0.1341,13.701,2.4235
8.2608,8.8934,-0.16195,-0.13933,13.639,1.618
8.2608,8.8794,0,-0.14096,13.576,1.035
8.2608,8.8653,0,-0.13745,13.515,1.0109
8.2834,8.8516,0.50373,-0.12762,13.436,0.12134
8.3431,8.8388,0.81166,-0.11186,13.386,0.082329
8.4193,8.8276,1.1226,-0.092561,13.338,0.43313
8.4193,8.8184,0,-0.063789,13.298,0.72599
8.6805,8.812,1.5989,-0.029976,13.279,1.6897
8.8388,8.809,1.8917,0.0169,13.265,2.8349
9.0201,8.8107,2.0767,0.11879,13.278,3.3795
9.2289,8.8226,2.19,0.23054,13.313,3.6009
9.4568,8.8456,2.2363,0.34631,13.358,3.4995
9.6878,8.8803,2.221,0.45682,13.431,3.1203
9.912,8.9259,2.0872,0.55604,13.513,2.2419
10.13,8.9815,1.8952,0.6453,13.613,1.2088
10.324,9.0461,1.6803,0.71521,13.739,0.24442
10.492,9.1176,1.4489,0.76559,13.867,0
10.643,9.1942,1.3132,0.80325,14.013,0
10.765,9.2745,1.2769,0.82185,14.159,0
10.897,9.3567,1.2819,0.84414,14.301,0
11.017,9.4411,1.2309,0.85953,14.463,0
11.15,9.527,1.1331,0.88025,14.618,0
11.256,9.6151,0.99724,0.88554,14.79,0
11.365,9.7036,0.78194,0.89156,14.952,0
11.441,9.7928,0.6334,0.87971,15.118,0
11.514,9.8807,0.66896,0.86697,15.277,0
11.572,9.9674,0.86472,0.84696,15.432,0
11.666,10.052,1.0557,0.84794,15.596,0
11.777,10.137,1.2418,0.85738,15.757,0
11.899,10.223,1.3802,0.87235,15.927,0
12.031,10.31,1.4813,0.89115,16.091,0
12.173,10.399,1.5567,0.9146,16.269,0
12.338,10.49,1.6828,0.94753,16.446,0
12.496,10.585,1.842,0.97576,16.641,0.45396
12.688,10.683,2.0055,1.0185,16.828,1.063
12.688,10.785,0,1.063,17.023,0
13.1,10.891,2.3238,1.1103,17.249,2.4081
13.337,11.002,2.4602,1.1681,17.485,3.0157
13.581,11.119,2.5552,1.2246,17.719,3.4454
13.836,11.241,2.5776,1.2839,17.981,3.4796
14.084,11.37,2.5243,1.3352,18.247,3.1228
14.084,11.503,0,1.3873,18.512,0
14.576,11.642,2.0826,1.4256,18.818,0.76813
14.779,11.784,1.7177,1.4463,19.122,0
14.954,11.929,1.3729,1.4518,19.43,0
15.084,12.074,1.0661,1.4356,19.735,0
15.195,12.218,0.82279,1.4117,20.044,0
15.271,12.359,0.64085,1.3724,20.339,0
15.335,12.496,0.41517,1.3292,20.619,0
15.372,12.629,0.1599,1.2769,20.895,0
15.394,12.757,-0.14913,1.2211,21.163,0
15.37,12.879,-0.4483,1.1474,21.418,0
15.319,12.994,-0.60389,1.0654,21.649,0
15.251,13.1,-0.58797,0.98126,21.879,0
15.201,13.198,-0.51255,0.91023,22.087,0
15.16,13.289,-0.40365,0.84685,22.281,0
15.11,13.374,-0.32371,0.78362,22.467,0
15.08,13.452,-0.27478,0.73243,22.636,0
15.046,13.526,-0.32007,0.68199,22.788,0
15.015,13.594,-0.35436,0.63582,22.937,0
14.971,13.657,-0.33581,0.58615,23.069,0
14.933,13.716,-0.28687,0.54148,23.187,0
14.904,13.77,-0.30494,0.50337,23.299,0
14.904,13.821,0,0.46689,23.41,0
14.904,13.867,0,0.43486,23.516,0
14.822,13.911,-0.15925,0.40229,23.593,0
14.808,13.951,-0.16616,0.37764,23.687,0
14.808,13.989,0,0.35483,23.771,0
14.783,14.024,-0.10881,0.33394,23.86,0
14.776,14.058,-0.10361,0.31539,23.927,0
14.765,14.089,-0.062102,0.29637,23.996,0
14.753,14.119,-0.014683,0.27802,24.07,0
14.749,14.147,0.0085651,0.26385,24.135,0
14.753,14.173,0.050858,0.25387,24.192,0
14.751,14.198,0.12012,0.24164,24.255,0
14.76,14.223,0.17926,0.23456,24.302,0
14.76,14.246,0,0.23462,24.354,0
14.808,14.269,0.29777,0.23485,24.405,0
14.838,14.293,0.35483,0.23743,24.464,0
14.873,14.317,0.37723,0.24205,24.517,0
14.912,14.341,0.35696,0.24859,24.583,0
14.912,14.366,0,0.25134,24.639,0
14.983,14.391,0.39179,0.25731,24.708,0
15.025,14.417,0.41055,0.26422,24.773,0
15.072,14.443,0.46921,0.27285,24.829,0
15.121,14.47,0.56966,0.28214,24.901,0
15.121,14.499,0,0.29538,24.965,0
15.252,14.528,0.7505,0.31307,25.024,0
15.252,14.559,0,0.33328,25.095,0
15.421,14.593,0.94354,0.3575,25.176,0
15.524,14.628,1.0292,0.38599,25.253,0
15.633,14.667,1.0916,0.41625,25.35,0
15.739,14.709,1.1124,0.4433,25.457,0
15.85,14.753,1.1341,0.47129,25.559,0
15.955,14.8,1.1931,0.49531,25.668,0
16.069,14.85,1.2294,0.52237,25.788,0
16.197,14.902,1.2683,0.55403,25.913,0
16.33,14.957,1.2978,0.58588,26.04,0
16.33,15.016,0,0.61369,26.174,0
16.585,15.077,1.3353,0.64142,26.323,0
16.723,15.141,1.2245,0.6712,26.473,0
16.723,15.209,0,0.68905,26.628,0
16.934,15.277,1.0233,0.69995,26.789,0
17.034,15.347,1.0473,0.71119,26.951,0
17.139,15.419,0.98138,0.72369,27.114,0
17.246,15.491,0.91322,0.73636,27.278,0
17.345,15.565,0.97571,0.74549,27.453,0
17.444,15.639,0.95952,0.75448,27.641,0
17.536,15.715,0.79411,0.75944,27.82,0
17.61,15.79,0.69548,0.7568,28.001,0
17.673,15.866,0.71651,0.74995,28.181,0
17.736,15.941,0.71572,0.74307,28.354,0
17.807,16.015,0.63852,0.74014,28.528,0
17.872,16.089,0.61583,0.73444,28.7,0
17.937,16.163,0.6544,0.72926,28.868,0
18.007,16.236,0.69922,0.72668,29.053,0
18.071,16.309,0.7335,0.72187,29.224,0
18.136,16.381,0.74756,0.71751,29.403,0
18.205,16.452,0.76404,0.71481,29.578,0
18.282,16.524,0.77933,0.71556,29.747,0
18.351,16.595,0.81573,0.71326,29.932,0
18.428,16.667,0.85842,0.71445,30.113,0
18.428,16.738,0,0.71981,30.286,0
18.598,16.81,0.88342,0.72231,30.464,0
18.684,16.882,0.85245,0.72612,30.639,0
18.76,16.955,0.78949,0.72624,30.816,0
18.838,17.028,0.72252,0.72688,30.999,0
18.908,17.1,0.72387,0.72428,31.183,0
18.982,17.173,0.78665,0.72367,31.367,0
19.061,17.245,0.87901,0.72507,31.548,0
19.061,17.318,0,0.72669,31.726,0
19.244,17.39,1.1194,0.73741,31.918,0
19.356,17.464,1.2034,0.75142,32.11,0
19.475,17.539,1.2699,0.76713,32.294,0
19.611,17.616,1.3263,0.78906,32.491,0
19.752,17.695,1.3369,0.81199,32.692,0
19.884,17.776,1.2954,0.83063,32.895,0
19.884,17.859,0,0.84927,33.102,0
20.151,17.944,1.2869,0.86585,33.318,0
20.277,18.031,1.0679,0.87932,33.543,0
20.387,18.119,0.79166,0.8861,33.774,0
20.457,18.207,0.53296,0.87703,34.004,0
20.517,18.295,0.283,0.86444,34.23,0
20.54,18.381,0.092804,0.83802,34.445,0
20.546,18.465,0.022561,0.80602,34.668,0
20.55,18.546,-0.10078,0.77489,34.864,0
20.544,18.623,-0.35296,0.74095,35.058,0
20.544,18.697,0,0.69911,35.246,0
20.451,18.767,-0.79826,0.6472,35.42,0.76549
20.362,18.832,-0.82549,0.58684,35.574,1.1788
20.288,18.891,-0.70527,0.53507,35.724,0.66585
20.222,18.944,-0.44156,0.48894,35.861,0
20.168,18.993,-0.19039,0.44906,35.983,0
20.168,19.038,0,0.42218,36.098,0
20.14,19.08,-0.13325,0.40404,36.19,0
20.135,19.121,-0.22297,0.38614,36.289,0
20.108,19.159,-0.3692,0.36082,36.383,0
20.079,19.195,-0.52885,0.33555,36.475,0.53629
20.025,19.229,-0.67639,0.30238,36.559,1.4323
19.951,19.259,-0.82669,0.26226,36.63,2.5503
19.862,19.285,-0.92451,0.21848,36.693,3.4642
19.862,19.307,0,0.17164,36.749,0
19.667,19.324,-0.86399,0.12963,36.798,3.4136
19.581,19.337,-0.71371,0.092103,36.823,2.5516
19.515,19.346,-0.43103,0.063792,36.841,1.1577
19.475,19.353,-0.16108,0.046369,36.848,0.2411
19.467,19.357,0.12791,0.0413,36.867,0
19.467,19.362,0,0.041106,36.878,0
19.529,19.366,0.83003,0.06192,36.906,0
19.621,19.372,0.83751,0.094078,36.927,0
19.701,19.381,0.84567,0.12089,36.949,0
19.78,19.393,0.96465,0.14606,36.98,0
19.877,19.408,1.025,0.17715,37.019,0
19.97,19.426,1.075,0.20567,37.07,0
20.082,19.446,1.2661,0.23987,37.123,0.30064
20.213,19.47,1.4682,0.28053,37.197,0.91334
20.361,19.498,1.4658,0.32546,37.275,0.85074
20.505,19.531,1.3071,0.36746,37.374,0.24816
20.643,19.568,1.1518,0.40549,37.48,0
20.754,19.608,1.0908,0.43151,37.594,0
20.856,19.651,1.0355,0.45337,37.703,0
20.962,19.697,1.013,0.47568,37.835,0
21.062,19.744,0.92557,0.4948,37.959,0
21.158,19.794,0.82082,0.51179,38.093,0
21.246,19.845,0.64742,0.52479,38.223,0
21.311,19.897,0.48859,0.5289,38.362,0
21.365,19.95,0.36785,0.52897,38.512,0
21.411,20.003,0.40024,0.52554,38.646,0
21.445,20.056,0.47952,0.5183,38.792,0
21.445,20.108,0,0.51328,38.929,0
21.53,20.159,0.47313,0.51025,39.055,0
21.53,20.21,0,0.51179,39.19,0
21.634,20.261,0.48437,0.50967,39.329,0
21.691,20.312,0.47992,0.51123,39.463,0
21.748,20.363,0.53078,0.51281,39.6,0
21.797,20.414,0.56818,0.51135,39.739,0
21.851,20.466,0.63643,0.5121,39.883,0
21.912,20.517,0.66603,0.51509,40.025,0
21.986,20.568,0.67529,0.52306,40.167,0
22.059,20.621,0.70935,0.5299,40.315,0
22.127,20.674,0.75197,0.53502,40.459,0
22.204,20.727,0.71138,0.54311,40.611,0
22.268,20.781,0.68804,0.54596,40.753,0
22.341,20.836,0.69123,0.55212,40.9,0
22.405,20.891,0.77106,0.55443,41.042,0
22.473,20.947,0.80642,0.55869,41.197,0
22.473,21.003,0,0.56951,41.346,0
22.646,21.059,0.75015,0.57923,41.508,0
22.724,21.117,0.82305,0.58575,41.661,0
22.805,21.176,0.84532,0.59308,41.821,0
22.805,21.235,0,0.59844,41.981,0
22.975,21.295,0.95129,0.61014,42.143,0
23.068,21.356,1.0806,0.621,42.313,0
23.18,21.418,1.0715,0.63865,42.491,0
23.288,21.482,1.0048,0.65374,42.675,0
23.397,21.547,1.0163,0.66895,42.864,0
23.504,21.614,1.0018,0.68245,43.057,0
23.602,21.683,0.89687,0.6922,43.241,0
23.685,21.752,0.81816,0.69631,43.428,0
23.685,21.821,0,0.69814,43.618,0
23.839,21.891,0.79475,0.69947,43.815,0
23.909,21.961,0.74883,0.69851,44.019,0
23.981,22.031,0.73072,0.69836,44.22,0
24.059,22.101,0.71176,0.70044,44.418,0
24.136,22.171,0.5456,0.70204,44.614,0
24.182,22.241,0.34083,0.6923,44.811,0
24.182,22.31,0,0.67819,45.002,0
24.231,22.378,0.094541,0.65933,45.192,0
24.234,22.444,-0.0054192,0.63574,45.366,0
24.228,22.508,0.018463,0.61044,45.546,0
24.224,22.569,0.066281,0.58669,45.722,0
24.224,22.627,0,0.56752,45.884,0
24.232,22.684,0.049902,0.54754,46.043,0
24.233,22.739,0.050019,0.52767,46.187,0
24.247,22.792,0.051913,0.51347,46.341,0
24.245,22.843,0.042638,0.49414,46.486,0
24.251,22.892,0.03993,0.4783,46.615,0
24.251,22.94,0,0.46058,46.748,0
24.261,22.986,0.049547,0.44793,46.876,0
24.268,23.031,0.040646,0.43435,47.001,0
24.271,23.075,0.052553,0.4196,47.113,0
24.276,23.117,0.056751,0.40646,47.233,0
24.272,23.157,0.048324,0.39046,47.352,0
24.273,23.196,0.055069,0.37697,47.453,0
24.275,23.234,0.055325,0.36427,47.563,0
24.28,23.27,0.051448,0.35306,47.675,0
24.278,23.306,0.049996,0.33962,47.777,0
24.287,23.34,0.050696,0.33062,47.864,0
24.293,23.373,0.048496,0.32094,47.961,0
24.306,23.405,0.050482,0.31413,48.05,0
24.318,23.436,0.056678,0.30723,48.147,0
24.318,23.467,0,0.29778,48.234,0
24.33,23.497,0.055375,0.29005,48.318,0
24.328,23.526,0.052076,0.27924,48.403,0
24.324,23.554,0.052278,0.26794,48.474,0
24.324,23.58,0,0.26233,48.549,0
24.338,23.607,0.048673,0.25405,48.61,0
24.341,23.632,0.046506,0.24607,48.678,0
24.341,23.657,0.048118,0.23735,48.751,0
24.351,23.68,0.048114,0.23245,48.827,0
24.356,23.704,0.047461,0.22614,48.89,0
24.365,23.726,0.051852,0.22138,48.954,0
24.375,23.748,0.049025,0.21719,49.022,0
24.377,23.77,0.050682,0.21021,49.076,0
24.375,23.791,0.051645,0.20213,49.141,0
24.382,23.811,0.047996,0.19752,49.191,0
24.392,23.831,0.044436,0.19393,49.238,0
24.394,23.851,0.052194,0.18789,49.3,0
24.393,23.869,0.050542,0.18087,49.351,0
24.397,23.887,0.052106,0.176,49.407,0
24.411,23.905,0.055753,0.17486,49.463,0
24.42,23.922,0.056317,0.17164,49.51,0
24.416,23.94,0.055166,0.16427,49.565,0
24.416,23.956,0,0.15866,49.612,0
24.422,23.972,0.057176,0.1553,49.657,0
24.422,23.987,0.053689,0.14973,49.702,0
24.435,24.002,0.053685,0.149,49.737,0
24.437,24.017,0.055061,0.14476,49.788,0
24.435,24.032,0.05321,0.13884,49.839,0
24.435,24.046,0,0.139,49.879,0
24.451,24.06,0.04887,0.13471,49.912,0
24.456,24.073,0.054062,0.13168,49.945,0
24.47,24.086,0.050768,0.13207,49.978,0
24.471,24.099,0.053594,0.12786,50.017,0
24.475,24.112,0.054955,0.12471,50.057,0
24.487,24.125,0.056488,0.12456,50.095,0
24.484,24.137,0.057831,0.11931,50.136,0
24.484,24.149,0,0.11814,50.171,0
24.484,24.161,0,0.11891,50.203,0
24.504,24.173,-0.027642,0.11387,50.234,0
24.497,24.184,-0.11082,0.10745,50.269,0
24.49,24.195,-0.21101,0.10131,50.295,0.12648
24.461,24.205,-0.29965,0.087932,50.315,0.47385
24.44,24.214,-0.36718,0.077483,50.339,0.77415
24.41,24.222,-0.39837,0.064763,50.364,0.96012
24.363,24.228,-0.412,0.046223,50.387,1.1052
24.329,24.233,-0.43657,0.033087,50.397,1.2757
24.289,24.236,-0.51287,0.018238,50.407,1.7108
24.232,24.238,-0.64707,-0.00043716,50.402,2.56
24.164,24.238,-0.83366,-0.0055751,50.4,4.0587
24.077,24.237,-1.0364,-0.012024,50.395,6.1143
23.971,24.236,-1.2178,-0.019926,50.37,8.461
23.848,24.234,-1.3231,-0.029127,50.341,10.31
23.718,24.231,-1.3599,-0.038723,50.302,11.423
23.718,24.227,0,-0.049226,50.251,1.0361
23.442,24.222,-1.368,-0.059122,50.167,12.899
23.311,24.216,-1.3405,-0.068831,50.076,13.165
23.17,24.21,-1.3471,-0.079223,49.972,13.948
23.038,24.202,-1.3234,-0.088976,49.864,14.256
22.899,24.193,-1.3307,-0.099329,49.742,15.042
