27.778,27.778,-0.3789,0,35.5,1.1819
27.746,27.778,-0.30061,-0.0049542,35.492,0.94261
27.715,27.777,-0.37354,-0.0096738,35.488,1.3073
27.715,27.776,0,-0.015514,35.481,0.093421
27.638,27.775,-0.42999,-0.021243,35.463,1.7449
27.588,27.773,-0.43205,-0.028779,35.439,1.877
27.544,27.77,-0.43583,-0.035284,35.425,2.002
27.496,27.766,-0.42856,-0.042119,35.403,2.0782
27.46,27.762,-0.41816,-0.047205,35.376,2.1094
27.412,27.757,-0.40512,-0.054001,35.349,2.1555
27.368,27.752,-0.43224,-0.060081,35.319,2.393
27.326,27.746,-0.42199,-0.065781,35.287,2.4339
27.288,27.739,-0.41491,-0.070884,35.239,2.4799
27.249,27.732,-0.38893,-0.076066,35.193,2.4297
27.22,27.725,-0.33565,-0.079584,35.15,2.221
27.22,27.717,0,-0.082494,35.1,0.90701
27.167,27.708,-0.22299,-0.08578,35.039,1.8035
27.144,27.7,-0.1511,-0.088178,34.991,1.548
27.144,27.691,0,-0.089198,34.936,1.0097
27.122,27.682,-0.092191,-0.089343,34.863,1.3409
27.122,27.673,-0.073219,-0.088124,34.813,1.2566
27.111,27.664,-0.084436,-0.088719,34.762,1.2996
27.104,27.655,-0.11796,-0.08861,34.706,1.4129
27.087,27.647,-0.15043,-0.090137,34.656,1.5511
27.087,27.638,0,-0.091744,34.6,1.0129
27.056,27.628,-0.19429,-0.09251,34.538,1.749
27.029,27.619,-0.21504,-0.095679,34.471,1.8754
27.002,27.61,-0.23601,-0.098757,34.418,2.0061
26.976,27.6,-0.28017,-0.10164,34.36,2.2431
26.946,27.59,-0.3164,-0.10518,34.292,2.4638
26.946,27.579,0,-0.11007,34.228,1.1621
26.946,27.568,0,-0.1143,34.165,1.1218
26.946,27.557,0,-0.11831,34.103,1.0816
26.806,27.545,-0.35942,-0.12208,34.027,2.9216
26.76,27.533,-0.3751,-0.12798,33.953,3.0916
26.713,27.52,-0.39439,-0.13404,33.883,3.2879
26.673,27.506,-0.39761,-0.13907,33.794,3.3764
26.637,27.492,-0.41721,-0.14317,33.718,3.5463
26.594,27.478,-0.40764,-0.14857,33.637,3.5682
26.557,27.463,-0.40274,-0.15278,33.553,3.5966
26.514,27.448,-0.37225,-0.15798,33.47,3.4937
26.478,27.432,-0.32912,-0.16204,33.381,3.3061
26.447,27.416,-0.2724,-0.1651,33.294,3.0422
26.447,27.4,0,-0.16914,33.198,1.8039
26.378,27.383,-0.2519,-0.17255,33.106,3.0222
26.348,27.365,-0.26568,-0.17566,32.996,3.1214
26.329,27.348,-0.23015,-0.17656,32.896,2.9417
26.306,27.33,-0.23725,-0.17824,32.804,2.9876
26.306,27.312,0,-0.18163,32.702,1.9075
26.241,27.294,-0.21836,-0.18488,32.603,2.959
26.222,27.276,-0.21997,-0.18581,32.503,2.9649
26.21,27.257,-0.24601,-0.18548,32.406,3.0747
26.187,27.239,-0.21356,-0.18699,32.299,2.9194
26.171,27.22,-0.18718,-0.18741,32.192,2.7834
26.145,27.201,-0.14183,-0.18972,32.085,2.5912
26.13,27.182,-0.079573,-0.18979,31.976,2.3115
26.117,27.163,-0.042499,-0.18958,31.875,2.1478
26.112,27.144,0.018587,-0.18801,31.766,1.8891
26.121,27.125,0.12823,-0.18389,31.655,1.4766
26.129,27.107,0.1995,-0.17992,31.548,1.2295
26.129,27.089,0,-0.17411,31.452,1.8072
26.129,27.072,0,-0.16655,31.356,1.7862
26.207,27.055,0.24175,-0.15801,31.271,0.8993
26.207,27.039,0,-0.15048,31.187,1.5463
26.26,27.024,0.13666,-0.14338,31.108,0.99794
26.278,27.01,0.12557,-0.13788,31.023,0.96737
26.293,26.996,0.1201,-0.13278,30.953,0.92789
26.299,26.983,0.10531,-0.12969,30.887,0.93182
26.306,26.97,0.096063,-0.1262,30.819,0.918
26.324,26.957,0.1124,-0.12067,30.758,0.82111
26.336,26.945,0.059333,-0.11655,30.692,0.91501
26.332,26.933,0.053857,-0.11542,30.63,0.91493
26.332,26.922,0.071754,-0.1135,30.575,0.84595
26.345,26.91,0.058432,-0.10904,30.522,0.83604
26.35,26.9,0.079261,-0.10617,30.464,0.75278
26.366,26.889,0.10305,-0.10128,30.412,0.64843
26.367,26.879,0.088937,-0.099401,30.358,0.66235
26.367,26.869,0,-0.097024,30.307,0.87811
26.378,26.859,0.070169,-0.093753,30.276,0.65343
26.387,26.85,0.059538,-0.090505,30.228,0.64821
26.385,26.841,0.067893,-0.089149,30.184,0.61368
26.386,26.832,0.059536,-0.087523,30.144,0.61781
26.401,26.823,0.054453,-0.083084,30.092,0.58859
26.402,26.815,0.05931,-0.081375,30.047,0.55988
26.402,26.807,0,-0.079738,30.006,0.69633
26.403,26.799,0.00075457,-0.07832,29.975,0.67795
26.401,26.791,-0.0012732,-0.077187,29.935,0.67132
26.407,26.783,0.0010214,-0.074696,29.889,0.64083
26.411,26.776,0.0078057,-0.072595,29.853,0.60288
26.418,26.768,-0.018437,-0.069839,29.822,0.6463
26.424,26.761,-0.038194,-0.067245,29.782,0.67531
26.423,26.755,-0.031527,-0.066345,29.746,0.64736
26.427,26.748,-0.061606,-0.064326,29.716,0.71229
26.428,26.742,-0.088295,-0.062946,29.686,0.77697
26.419,26.735,-0.081866,-0.063482,29.654,0.76152
26.409,26.729,-0.09442,-0.06425,29.616,0.80508
26.394,26.723,-0.11877,-0.066235,29.584,0.89862
26.394,26.716,0,-0.067428,29.551,0.53872
26.368,26.709,-0.12883,-0.069046,29.504,0.95471
26.346,26.702,-0.10613,-0.072198,29.468,0.91023
26.331,26.695,-0.09138,-0.073924,29.434,0.87884
26.331,26.688,-0.086995,-0.072413,29.397,0.84968
26.328,26.68,-0.057071,-0.071647,29.367,0.75244
26.314,26.673,-0.055756,-0.07334,29.327,0.76224
26.313,26.666,-0.052308,-0.072035,29.299,0.73946
26.298,26.659,-0.054715,-0.07381,29.261,0.7607
26.293,26.651,-0.085118,-0.073386,29.233,0.84604
26.284,26.644,-0.095303,-0.073796,29.196,0.87952
26.284,26.637,0,-0.073586,29.161,0.59128
26.262,26.629,-0.15709,-0.075609,29.121,1.0954
26.262,26.622,0,-0.077824,29.085,0.59703
26.224,26.614,-0.17014,-0.080614,29.052,1.186
26.206,26.606,-0.21253,-0.082829,29.009,1.3613
26.206,26.598,0,-0.086483,28.97,0.64826
26.162,26.589,-0.28516,-0.088867,28.914,1.7097
26.134,26.58,-0.30349,-0.093055,28.871,1.8301
26.104,26.571,-0.31286,-0.097543,28.833,1.9166
26.08,26.561,-0.30796,-0.10069,28.781,1.9243
26.042,26.551,-0.2706,-0.10674,28.739,1.8211
26.016,26.54,-0.23592,-0.11015,28.697,1.7076
26.001,26.529,-0.2322,-0.11139,28.64,1.7006
25.969,26.518,-0.21752,-0.11611,28.588,1.684
25.938,26.506,-0.20222,-0.12052,28.532,1.6621
25.938,26.494,0,-0.12382,28.476,0.93397
25.891,26.482,-0.24026,-0.12594,28.421,1.8621
25.891,26.469,0,-0.12938,28.363,0.97076
25.891,26.456,0,-0.13016,28.306,0.93751
25.821,26.443,-0.23608,-0.13384,28.256,1.9086
25.803,26.43,-0.21376,-0.13524,28.191,1.8236
25.778,26.417,-0.2621,-0.13791,28.134,2.0497
25.753,26.403,-0.3449,-0.14085,28.065,2.4572
25.728,26.389,-0.40806,-0.14367,27.998,2.8018
25.687,26.374,-0.38501,-0.15006,27.941,2.7432
25.687,26.359,0,-0.15549,27.873,1.1245
25.619,26.344,-0.28938,-0.15932,27.803,2.353
25.592,26.328,-0.29703,-0.1623,27.728,2.4099
25.558,26.312,-0.26065,-0.16676,27.659,2.2783
25.528,26.295,-0.30097,-0.17029,27.589,2.492
25.499,26.278,-0.39939,-0.17362,27.508,3.015
25.466,26.261,-0.43967,-0.17808,27.424,3.2725
25.43,26.243,-0.39345,-0.18264,27.353,3.0556
25.381,26.224,-0.42558,-0.19046,27.266,3.3016
25.329,26.205,-0.47659,-0.19876,27.173,3.6712
25.273,26.186,-0.45455,-0.20802,27.092,3.6263
25.219,26.165,-0.42603,-0.2165,26.999,3.5339
25.17,26.143,-0.44955,-0.22394,26.898,3.7306
25.117,26.121,-0.45513,-0.23219,26.794,3.8307
25.077,26.097,-0.41766,-0.23722,26.699,3.6446
25.03,26.074,-0.4123,-0.24409,26.587,3.6615
24.981,26.049,-0.41072,-0.25121,26.488,3.7047
24.947,26.024,-0.40211,-0.25476,26.381,3.6689
24.899,25.999,-0.39022,-0.26158,26.279,3.6477
24.856,25.973,-0.40937,-0.26699,26.169,3.7874
24.809,25.946,-0.41314,-0.2735,26.054,3.8481
24.769,25.919,-0.42131,-0.27818,25.941,3.9163
24.719,25.891,-0.45634,-0.28568,25.817,4.1712
24.671,25.862,-0.44447,-0.29235,25.691,4.1334
24.63,25.833,-0.38471,-0.29725,25.566,3.798
24.594,25.803,-0.39271,-0.30057,25.449,3.8471
24.549,25.773,-0.42894,-0.30643,25.327,4.0842
24.509,25.742,-0.40431,-0.31097,25.201,3.9492
24.474,25.711,-0.40226,-0.31401,25.073,3.9326
24.439,25.68,-0.44781,-0.3171,24.954,4.2017
24.394,25.648,-0.45767,-0.32292,24.823,4.2804
24.349,25.616,-0.45075,-0.32836,24.694,4.2523
24.311,25.583,-0.46207,-0.3323,24.564,4.3217
24.269,25.55,-0.47826,-0.33728,24.426,4.4283
24.222,25.516,-0.44734,-0.34315,24.3,4.2533
24.175,25.482,-0.44005,-0.34912,24.163,4.2212
24.125,25.447,-0.44145,-0.35596,24.028,4.2489
24.071,25.411,-0.43478,-0.36355,23.901,4.2353
24.019,25.375,-0.38713,-0.37082,23.759,3.9732
23.973,25.338,-0.38514,-0.37624,23.627,3.9673
23.938,25.3,-0.3818,-0.37846,23.49,3.9264
23.891,25.262,-0.35287,-0.38399,23.354,3.7681
23.852,25.224,-0.28426,-0.38702,23.224,3.3938
23.822,25.185,-0.24102,-0.38772,23.092,3.1514
23.805,25.147,-0.23155,-0.38466,22.949,3.0485
23.779,25.108,-0.20537,-0.38409,22.823,2.8931
23.753,25.07,-0.13878,-0.3835,22.693,2.5716
23.743,25.031,-0.11398,-0.37846,22.555,2.4093
23.723,24.994,-0.097186,-0.3759,22.432,2.3022
23.706,24.956,-0.069572,-0.37235,22.315,2.1544
23.696,24.919,-0.032818,-0.36709,22.184,1.9689
23.701,24.882,-0.035142,-0.35761,22.055,1.8996
23.695,24.846,-0.049199,-0.35076,21.948,1.8901
23.7,24.811,-0.072874,-0.34093,21.842,1.8992
23.685,24.777,-0.067725,-0.33726,21.731,1.8417
23.684,24.743,-0.056956,-0.32901,21.632,1.7451
23.683,24.71,-0.042392,-0.32107,21.535,1.641
23.671,24.678,-0.044763,-0.317,21.427,1.61
23.671,24.647,-0.054847,-0.30885,21.335,1.5873
23.661,24.616,-0.052119,-0.30402,21.244,1.5407
23.664,24.585,-0.051069,-0.29495,21.152,1.4797
23.661,24.556,-0.080428,-0.28832,21.062,1.5279
23.648,24.527,-0.098329,-0.28487,20.965,1.5555
23.634,24.499,-0.092251,-0.28177,20.872,1.5068
23.618,24.47,-0.11307,-0.27913,20.795,1.5526
23.6,24.442,-0.19655,-0.2775,20.713,1.8323
23.579,24.415,-0.23127,-0.27654,20.639,1.952
23.55,24.387,-0.28756,-0.27844,20.556,2.1821
23.525,24.359,-0.30361,-0.27916,20.472,2.2416
23.489,24.331,-0.32393,-0.2836,20.385,2.3395
23.45,24.303,-0.32393,-0.28889,20.291,2.349
23.415,24.274,-0.31425,-0.29241,20.207,2.3078
23.379,24.245,-0.25206,-0.29636,20.126,2.0466
23.356,24.215,-0.25327,-0.296,20.034,2.034
23.326,24.186,-0.3147,-0.2978,19.945,2.2886
23.298,24.156,-0.3208,-0.29904,19.865,2.3075
23.267,24.126,-0.32455,-0.3013,19.773,2.3178
23.241,24.096,-0.34297,-0.30118,19.697,2.3872
23.201,24.066,-0.40913,-0.30654,19.614,2.7129
23.165,24.035,-0.41602,-0.3102,19.521,2.7457
23.132,24.004,-0.40252,-0.3129,19.438,2.6747
23.085,23.973,-0.38949,-0.32013,19.355,2.6269
23.085,23.941,0,-0.3262,19.267,1.0885
23.007,23.908,-0.39628,-0.32901,19.178,2.6634
23.007,23.875,0,-0.33167,19.089,1.1032
22.938,23.842,-0.39739,-0.33409,19.011,2.657
22.897,23.809,-0.40319,-0.33904,18.917,2.6864
22.858,23.775,-0.37925,-0.34319,18.826,2.569
22.811,23.74,-0.34385,-0.35001,18.74,2.415
22.77,23.705,-0.32086,-0.35453,18.651,2.3124
22.735,23.67,-0.30977,-0.35669,18.558,2.2536
22.712,23.634,-0.30663,-0.35391,18.465,2.2109
22.679,23.599,-0.3495,-0.35542,18.376,2.3864
22.649,23.563,-0.37557,-0.35578,18.282,2.4874
22.613,23.528,-0.36059,-0.35819,18.193,2.4089
22.586,23.492,-0.36997,-0.35714,18.101,2.4288
22.546,23.456,-0.3539,-0.36128,18.002,2.3496
22.506,23.42,-0.2994,-0.36564,17.903,2.1093
22.477,23.383,-0.23305,-0.36509,17.81,1.828
22.451,23.347,-0.22852,-0.363,17.726,1.7887
22.436,23.311,-0.22296,-0.35674,17.642,1.7329
22.419,23.275,-0.18177,-0.3512,17.56,1.5562
22.407,23.24,-0.14217,-0.3442,17.469,1.3896
22.393,23.205,-0.098528,-0.33738,17.395,1.2257
22.392,23.172,-0.1009,-0.32582,17.312,1.1863
22.39,23.139,-0.083907,-0.31506,17.236,1.096
22.379,23.108,-0.074303,-0.3079,17.167,1.0402
22.362,23.077,-0.087325,-0.30374,17.091,1.0541
22.356,23.046,-0.18087,-0.29506,17.024,1.3034
22.33,23.017,-0.19156,-0.29507,16.958,1.3295
22.32,22.987,-0.21706,-0.28774,16.897,1.387
22.32,22.959,0,-0.28733,16.832,0.70613
22.277,22.93,-0.27274,-0.28436,16.766,1.5595
22.277,22.901,0,-0.28259,16.702,0.6868
22.227,22.873,-0.22045,-0.28457,16.632,1.3535
22.213,22.845,-0.21206,-0.27957,16.565,1.3026
22.183,22.817,-0.26522,-0.28215,16.502,1.4882
22.157,22.789,-0.3078,-0.28287,16.429,1.6408
22.122,22.76,-0.36078,-2.9,16.366,27.747
22.095,22.47,-0.34002,-0.16735,16.315,1.4685
22.095,22.454,0,-0.1772,16.278,0.3626
22.034,22.436,-0.30842,-0.18011,16.242,1.3707
22.005,22.418,-0.33149,-2.9,16.203,33.094
21.971,22.128,-0.34774,-0.069619,16.183,1.2408
21.935,22.121,-0.33593,-0.082781,16.159,1.2275
21.935,22.113,0,-0.09242,16.141,0.16986
21.885,22.103,-0.20234,-0.097759,16.108,0.78362
21.858,22.094,-0.14557,-0.10559,16.081,0.62837
21.835,22.083,-0.089846,-0.11132,16.058,0.48799
21.822,22.072,-0.17318,-2.9,16.03,39.241
21.822,21.782,0,0.0036668,16.019,0
21.771,21.782,-0.3565,-0.0051155,16.016,1.103
21.734,21.782,-0.31294,-0.021318,16.013,0.97448
21.694,21.78,-0.3049,-0.03825,16.017,0.98913
21.667,21.776,-0.2713,-0.048497,15.998,0.89198
21.633,21.771,-0.25918,-0.061532,15.994,0.88313
21.616,21.765,-0.30222,-0.066388,15.971,1.0523
21.585,21.758,-0.36645,-0.077551,15.948,1.336
21.552,21.75,-0.36092,-0.088945,15.929,1.3423
21.522,21.742,-0.30335,-0.098472,15.917,1.1385
21.483,21.732,-0.25549,-0.11188,15.893,0.99685
21.465,21.72,-0.22957,-0.11497,15.869,0.91398
21.437,21.709,-0.23591,-2.9,15.842,37.852
21.405,21.419,-0.25169,-0.0062562,15.83,0.71177
21.387,21.418,-0.28685,-0.014169,15.821,0.8577
21.365,21.417,-0.33937,-0.023348,15.809,1.0825
21.324,21.415,-0.34669,-0.040527,15.803,1.1574
21.284,21.411,-0.31578,-0.056728,15.785,1.0779
21.254,21.405,-0.30257,-0.067499,15.77,1.0553
21.223,21.398,-0.3136,-0.078247,15.758,1.1251
21.184,21.39,-0.32053,-0.092694,15.741,1.189
21.184,21.381,0,-0.10678,15.721,0.1805
21.113,21.37,-0.34971,-0.11612,15.691,1.3636
21.071,21.359,-0.39989,-2.9,15.67,35.327
21.024,21.069,-0.42091,-0.020145,15.651,1.4186
20.983,21.067,-0.38915,-0.037519,15.642,1.3261
20.951,21.063,-0.38047,-0.049862,15.627,1.3218
20.921,21.058,-0.38885,-0.061154,15.613,1.3873
20.878,21.052,-0.36396,-0.078097,15.589,1.3261
20.834,21.044,-0.34844,-0.094431,15.573,1.3046
20.795,21.035,-0.36187,-0.10788,15.553,1.394
20.759,21.024,-0.40824,-0.11898,15.533,1.6211
20.717,21.012,-0.42571,-0.13293,15.515,1.7353
20.676,20.999,-0.4071,-2.9,15.487,34.34
20.643,20.709,-0.3962,-0.029449,15.462,1.3347
20.643,20.706,0,-0.04427,15.456,0.036713
20.56,20.701,-0.30799,-0.063346,15.442,1.0655
20.531,20.695,-0.28283,-0.073476,15.432,0.99775
20.493,20.688,-0.31296,-0.087068,15.421,1.1462
20.464,20.679,-0.31823,-0.096468,15.4,1.1902
20.44,20.669,-0.29158,-0.10305,15.376,1.1046
20.419,20.659,-0.27282,-0.10821,15.35,1.0475
20.392,20.648,-0.28224,-2.9,15.319,37.67
20.362,20.358,-0.25363,0.00063776,15.312,0.69346
20.338,20.358,-0.23145,-0.0089186,15.313,0.64995
20.308,20.357,-0.25449,-0.022145,15.305,0.76316
20.284,20.355,-0.26614,-0.031569,15.305,0.82893
20.257,20.352,-0.22077,-0.042375,15.307,0.70196
20.242,20.348,-0.23507,-0.046993,15.293,0.76145
20.219,20.343,-0.42231,-0.055354,15.272,1.5192
20.174,20.337,-0.91101,-0.073331,15.248,4.59
20.075,20.33,-1.4505,-0.1145,15.224,10.387
19.938,20.319,-2.1102,-0.17118,15.193,22.277
19.737,20.302,-2.8417,-2.9,15.141,0
19.448,20.012,-3.4301,-0.25281,15.077,76.881
19.107,19.986,-3.7165,-0.39655,15.004,99.709
18.733,19.947,-3.9458,-3.9953,14.906,0.40549
18.328,19.547,-3.8432,-0.54943,14.795,112.08
17.95,19.492,-3.1421,-3.2232,14.657,0
17.635,19.17,-2.338,-2.9,14.508,2.5251
17.391,18.88,-1.5597,-2.9,14.358,3.6083
17.244,18.59,-0.87296,-2.9,14.212,10.915
17.162,18.3,-0.416,-4.4,14.092,243.59
17.125,17.86,-0.31778,-0.3288,14.006,1.8011
17.092,17.827,-0.11717,-0.33093,13.938,1.1105
17.09,17.794,0.17641,-4.4,13.862,253.59
17.105,17.354,0.55762,-0.11019,13.821,0
17.157,17.343,0.94472,-0.082353,13.803,0.12823
17.253,17.335,1.2176,-0.036103,13.792,0.61687
17.373,17.331,1.3017,0.0078973,13.785,0.77847
17.501,17.332,1.3402,0.032073,13.792,0.92177
17.633,17.335,1.2662,0.056629,13.823,0.72651
17.769,17.341,1.1058,0.081521,13.866,0.27962
17.884,17.349,0.86114,0.10204,13.909,0
17.884,17.359,0,0.11721,13.962,0
18.031,17.371,0.53825,0.12665,14.033,0
18.082,17.383,0.60676,0.13443,14.101,0
18.148,17.397,0.83771,0.14502,14.181,0
18.234,17.411,1.1723,0.15931,14.251,0.58794
18.234,17.427,0,0.18146,14.332,0
18.504,17.445,1.7394,0.20672,14.435,3.2482
18.673,17.466,1.9134,0.23692,14.544,4.3932
18.867,17.49,2.0614,0.27193,14.68,5.5409
19.08,17.517,2.1177,0.31056,14.827,6.2307
19.301,17.548,2.0961,0.35063,14.988,6.4526
19.301,17.583,0,0.38745,15.162,0
19.714,17.622,1.9728,0.42518,15.381,6.2745
19.912,17.664,1.8768,0.4606,15.601,5.9132
20.094,17.71,1.8402,0.49298,15.84,5.9038
20.273,17.76,1.8804,0.52447,16.082,6.4132
20.453,17.812,1.9332,0.55605,16.336,7.0229
20.453,17.868,0,0.59199,16.597,0
20.861,17.927,1.9811,0.62985,16.895,7.9507
21.063,17.99,1.9796,0.66626,17.197,8.2111
21.265,18.057,1.9797,0.7025,17.508,8.4768
21.468,18.127,1.9774,0.7385,17.826,8.7173
21.662,18.201,1.9691,0.77272,18.163,8.8725
21.853,18.278,1.9638,0.8065,18.523,9.0237
22.055,18.359,1.9512,0.84208,18.886,9.1351
22.243,18.443,1.9065,0.87386,19.252,8.9375
22.431,18.53,1.8619,0.90627,19.646,8.7163
22.609,18.621,1.7792,0.93525,20.035,8.153
22.787,18.714,1.7221,0.96377,20.433,7.7858
22.957,18.811,1.672,0.99027,20.846,7.4411
23.129,18.91,1.5969,1.017,21.27,6.8933
23.292,19.011,1.5176,1.0409,21.698,6.2893
23.446,19.116,1.4728,1.0618,22.128,5.9331
23.585,19.222,1.4377,1.0789,22.57,5.6145
23.735,19.33,1.3475,1.0979,23.009,4.9038
23.874,19.439,1.3333,1.1129,23.442,4.7534
23.999,19.551,1.3149,1.1242,23.877,4.5465
24.137,19.663,1.3004,1.1381,24.317,4.3919
24.265,19.777,1.2261,1.1495,24.77,3.7744
24.382,19.892,1.2177,1.1573,25.221,3.6266
24.511,20.008,1.172,1.1677,25.668,3.2388
24.635,20.124,1.0945,1.1767,26.124,2.6253
24.746,20.242,1.0276,1.1812,26.575,2.0829
24.854,20.36,1.0226,1.1853,27.033,1.9644
24.953,20.479,1,1.1855,27.471,1.7273
25.05,20.597,0.96399,1.1856,27.923,1.4017
25.14,20.716,0.95664,1.1833,28.37,1.2623
25.232,20.834,0.91125,1.181,28.808,0.89482
25.332,20.952,0.83892,1.1812,29.251,0.38599
25.408,21.07,0.80535,1.1741,29.684,0.10398
25.492,21.188,0.74713,1.1693,30.114,0
25.57,21.305,0.68138,1.1627,30.549,0
25.57,21.421,0,1.1554,30.97,0
25.711,21.536,0.66708,1.1446,31.381,0
25.782,21.651,0.64729,1.1357,31.788,0
25.848,21.764,0.6358,1.1257,32.204,0
25.92,21.877,0.62566,1.1178,32.618,0
25.983,21.989,0.60846,1.1067,33.016,0
26.047,22.1,0.57906,1.0967,33.422,0
26.102,22.209,0.52082,1.0839,33.821,0
26.154,22.318,0.50448,1.07,34.199,0
26.205,22.425,0.49001,1.0562,34.572,0
26.256,22.53,0.47028,1.0424,34.939,0
26.305,22.634,0.43594,1.029,35.316,0
26.35,22.737,0.40722,1.0144,35.683,0
26.381,22.839,0.41222,0.99589,36.031,0
26.426,22.938,0.42212,0.9817,36.374,0
26.463,23.037,0.4292,0.96531,36.711,0
26.503,23.133,0.44469,0.95075,37.054,0
26.549,23.228,0.49954,0.93796,37.384,0
26.597,23.322,0.4504,0.9258,37.713,0
26.635,23.415,0.43096,0.91167,38.045,0
26.683,23.506,0.4018,0.9003,38.367,0
26.731,23.596,0.35531,0.88913,38.677,0
26.77,23.685,0.31424,0.87568,38.986,0
26.794,23.772,0.35693,0.85828,39.296,0
26.825,23.858,0.30593,0.8433,39.596,0
26.825,23.942,0,0.82896,39.889,0
26.884,24.025,0.26291,0.8137,40.173,0
26.904,24.107,0.19372,0.79658,40.464,0
26.93,24.186,0.085677,0.78211,40.748,0
26.936,24.264,0.061246,0.76162,41.009,0
26.94,24.341,0.036886,0.74152,41.274,0
26.954,24.415,0.0078603,0.72441,41.523,0
26.945,24.487,0.01131,0.70139,41.763,0
26.938,24.557,0.0019589,0.67963,42.012,0
26.937,24.625,0.0078077,0.66015,42.247,0
26.93,24.691,-0.023304,0.63968,42.477,0
26.92,24.755,-0.025564,0.61858,42.695,0
26.912,24.817,-0.051883,0.59872,42.904,0
26.897,24.877,-0.032314,0.57748,43.104,0
26.897,24.935,0,0.56034,43.304,0
26.878,24.991,-0.07053,0.53977,43.496,0
26.878,25.045,0,0.52007,43.682,0
26.859,25.097,-0.12368,0.50432,43.865,0
26.842,25.147,-0.15946,0.48485,44.03,0
26.826,25.196,-0.19373,0.46649,44.198,0
26.801,25.242,-0.24667,0.44615,44.364,0
26.777,25.287,-0.29037,0.42648,44.515,0
26.741,25.33,-0.29597,0.40392,44.657,0
26.717,25.37,-0.33352,0.38561,44.786,0
26.682,25.409,-0.34868,0.36446,44.914,0
26.649,25.445,-0.36865,0.3448,45.041,0
26.622,25.48,-0.37907,0.32708,45.159,0
26.578,25.512,-0.41056,0.30501,45.267,0
26.527,25.543,-0.40143,0.28169,45.368,0
26.486,25.571,-0.38269,0.26208,45.471,0
26.445,25.597,-0.34332,0.24269,45.561,0
26.415,25.621,-0.30221,0.22727,45.638,0
26.415,25.644,0,0.20993,45.716,0
26.354,25.665,-0.20318,0.19725,45.776,0
26.342,25.685,-0.16528,0.18819,45.846,0
26.342,25.704,0,0.18078,45.91,0
26.319,25.722,-0.13655,0.17105,45.98,0
26.319,25.739,0,0.1619,46.039,0
26.286,25.755,-0.12836,0.15208,46.095,0
26.269,25.77,-0.10243,0.14285,46.145,0
26.26,25.785,-0.11014,0.13611,46.189,0
26.239,25.798,-0.095093,0.12628,46.234,0
26.224,25.811,-0.076243,0.11831,46.267,0
26.214,25.823,-0.081341,0.11197,46.312,0
26.203,25.834,-0.085607,0.10584,46.348,0
26.187,25.844,-0.0431,0.098003,46.381,0
26.187,25.854,0,0.091432,46.415,0
26.18,25.863,0.037302,0.090799,46.452,0
26.177,25.872,0.077254,0.087114,46.487,0
26.192,25.881,0.12101,0.089072,46.512,0
26.196,25.89,0.15271,0.087729,46.549,0
26.208,25.899,0.17506,0.088598,46.58,0
26.218,25.908,0.20603,0.089011,46.616,0
26.243,25.917,0.22943,0.093502,46.653,0
26.273,25.926,0.24719,0.099445,46.677,0
26.273,25.936,0,0.10263,46.711,0
26.318,25.946,0.25422,0.10664,46.736,0
26.349,25.957,0.25603,0.11222,46.77,0
26.367,25.968,0.24752,0.11435,46.819,0
26.383,25.979,0.22523,0.11549,46.855,0
26.414,25.991,0.20403,0.12105,46.887,0
26.425,26.003,0.19554,0.12079,46.932,0
