17.222,17.222,-0.10042,0,35.5,0.23682
17.215,17.222,-0.095169,-0.0006597,35.503,0.23771
17.208,17.222,-0.099585,-0.0012693,35.495,0.26281
17.189,17.222,-0.10693,-0.0030277,35.493,0.32189
17.17,17.222,-0.14325,-0.004776,35.496,0.46521
17.165,17.221,-0.15206,-0.005186,35.483,0.50108
17.16,17.221,-0.15911,-0.005676,35.471,0.53406
17.143,17.22,-0.1751,-0.0071828,35.462,0.6202
17.12,17.219,-0.16239,-0.0092437,35.462,0.63008
17.097,17.219,-0.12071,-0.01128,35.445,0.55089
17.097,17.217,0,-0.012101,35.433,0.22633
17.074,17.216,-0.090303,-0.013206,35.43,0.50704
17.075,17.215,-0.10783,-0.013028,35.411,0.55338
17.068,17.214,-0.11421,-0.013595,35.403,0.58546
17.057,17.212,-0.11571,-0.014498,35.395,0.61116
17.049,17.211,-0.12118,-0.015085,35.37,0.64121
17.031,17.209,-0.13955,-0.016655,35.353,0.73594
17.018,17.208,-0.13058,-0.017743,35.333,0.73344
17.009,17.206,-0.14366,-0.018406,35.307,0.79086
16.991,17.204,-0.15003,-0.019967,35.283,0.84953
16.972,17.202,-0.13412,-0.021526,35.27,0.8353
16.972,17.2,0,-0.022851,35.247,0.43798
16.972,17.198,0,-0.02387,35.225,0.43024
16.972,17.195,0,-0.024841,35.202,0.42242
16.929,17.193,-0.085357,-0.024787,35.167,0.7569
16.921,17.19,-0.09665,-0.025379,35.138,0.80509
16.913,17.188,-0.10657,-0.025868,35.116,0.84757
16.908,17.185,-0.13452,-0.026158,35.081,0.94508
16.89,17.182,-0.14326,-0.027616,35.056,1.01
16.866,17.18,-0.13592,-0.029686,35.025,1.0352
16.846,17.177,-0.12229,-0.031357,34.991,1.0288
16.826,17.174,-0.1072,-0.033001,34.954,1.017
16.814,17.17,-0.095948,-0.033844,34.924,0.99899
16.814,17.167,-0.083192,-0.033553,34.884,0.9489
16.804,17.164,-0.07279,-0.034298,34.84,0.93163
16.796,17.16,-0.098427,-0.0348,34.804,1.0256
16.793,17.157,-0.12145,-0.034759,34.77,1.1012
16.786,17.153,-0.13167,-0.035145,34.738,1.145
16.763,17.15,-0.1543,-0.037067,34.71,1.2732
16.745,17.146,-0.17354,-0.038537,34.663,1.3805
16.745,17.142,0,-0.040602,34.623,0.78664
16.704,17.138,-0.11119,-0.041791,34.585,1.2304
16.687,17.134,-0.099063,-0.043146,34.54,1.219
16.687,17.13,0,-0.042863,34.496,0.89016
16.678,17.125,-0.10297,-0.043297,34.46,1.2323
16.676,17.121,-0.097156,-0.043219,34.414,1.2078
16.676,17.117,-0.099229,-0.042882,34.366,1.2044
16.664,17.112,-0.10091,-0.04369,34.315,1.2273
16.648,17.108,-0.082946,-0.044859,34.268,1.1909
16.643,17.103,-0.083257,-0.045084,34.215,1.1946
16.644,17.099,-0.11074,-0.044571,34.177,1.2762
16.636,17.094,-0.11012,-0.045043,34.122,1.2825
16.619,17.09,-0.089651,-0.046333,34.07,1.2388
16.605,17.085,-0.063402,-0.047325,34.03,1.1706
16.599,17.081,-0.035372,-0.047614,33.984,1.0829
16.601,17.076,0.0027992,-0.046991,33.943,0.9486
16.604,17.071,0.034735,-0.046335,33.9,0.83956
16.613,17.067,0.086926,-0.045094,33.854,0.67215
16.613,17.062,0,-0.043381,33.809,0.90508
16.636,17.058,0.14107,-0.042095,33.764,0.48158
16.647,17.053,0.15638,-0.04062,33.719,0.41935
16.664,17.049,0.16933,-0.038594,33.672,0.35416
16.664,17.046,0,-0.037,33.634,0.75874
16.702,17.042,0.17738,-0.034126,33.588,0.2567
16.711,17.038,0.18988,-0.032993,33.552,0.21307
16.728,17.035,0.17938,-0.030978,33.513,0.19656
16.738,17.032,0.17408,-0.029675,33.492,0.18338
16.764,17.029,0.16117,-0.026808,33.457,0.157
16.776,17.026,0.17227,-0.02533,33.427,0.11157
16.798,17.024,0.18993,-0.022904,33.409,0.041595
16.798,17.022,0,-0.021137,33.386,0.43366
16.798,17.019,0,-0.019357,33.364,0.4334
16.841,17.017,0.20259,-0.017893,33.346,0
16.866,17.016,0.19246,-0.015168,33.33,0
16.888,17.014,0.18634,-0.012847,33.326,0
16.915,17.013,0.19106,-0.0099424,33.314,0
16.928,17.012,0.19283,-0.0085508,33.305,0
16.95,17.011,0.21047,-0.0062353,33.302,0
16.974,17.01,0.19885,-0.0036612,33.304,0
17.003,17.01,0.21267,-0.00075437,33.295,0
17.003,17.01,0,0.0036765,33.294,0.0229
17.04,17.01,0.23305,0.012809,33.295,0
17.063,17.012,0.22088,0.022076,33.297,0
17.09,17.014,0.21338,0.032799,33.304,0
17.09,17.017,0,0.040195,33.312,0
17.122,17.021,0.16241,0.043308,33.314,0
17.136,17.025,0.18072,0.047455,33.317,0
17.155,17.03,0.20314,0.053353,33.339,0
17.166,17.036,0.20093,0.05572,33.359,0
17.183,17.041,0.20842,0.060756,33.374,0
17.2,17.047,0.19693,0.065228,33.379,0
17.225,17.054,0.17739,0.073474,33.386,0
17.244,17.061,0.15988,0.07824,33.402,0
17.26,17.069,0.16104,0.08176,33.426,0
17.267,17.077,0.16128,0.08103,33.446,0
17.291,17.085,0.16303,0.088112,33.457,0
17.308,17.094,0.1487,0.091308,33.487,0
17.326,17.103,0.12524,0.095175,33.51,0
17.331,17.113,0.11545,0.093278,33.53,0
17.343,17.122,0.090161,0.094338,33.556,0
17.352,17.131,0.060557,0.094321,33.588,0
17.361,17.141,0.04683,0.093868,33.613,0
17.365,17.15,0.059684,0.091703,33.644,0
17.37,17.159,0.079395,0.089724,33.658,0
17.38,17.168,0.091252,0.090243,33.688,0
17.392,17.177,0.10497,0.09147,33.703,0
17.397,17.187,0.11011,0.089509,33.719,0
17.398,17.195,0.090824,0.0863,33.746,0
17.4,17.204,0.03535,0.083278,33.766,0
17.404,17.212,-0.0084469,0.081697,33.788,0
17.397,17.221,-0.0029291,0.07523,33.805,0
17.392,17.228,0.026294,0.069657,33.819,0
17.392,17.235,0.023912,0.066757,33.832,0
17.4,17.242,0.042678,0.067314,33.853,0
17.407,17.249,0.084409,0.067524,33.862,0
17.418,17.255,0.084153,0.06898,33.868,0
17.419,17.262,0.068238,0.066537,33.876,0
17.425,17.269,0.076956,0.066151,33.891,0
17.425,17.275,0,0.063726,33.906,0
17.44,17.282,0.035698,0.067326,33.937,0
17.446,17.289,0.027389,0.066955,33.953,0
17.446,17.295,0,0.065539,33.969,0
17.463,17.302,0.024541,0.068335,33.998,0
17.461,17.309,0.019445,0.064758,34.011,0
17.468,17.315,0.048696,0.064862,34.035,0
17.481,17.322,0.045544,0.067659,34.058,0
17.489,17.328,0.035025,0.068106,34.082,0
17.494,17.335,0.059865,0.067539,34.098,0
17.503,17.342,0.076929,0.06836,34.118,0
17.515,17.349,0.07057,0.070587,34.128,0
17.523,17.356,0.081913,0.070795,34.136,0
17.53,17.363,0.053106,0.07097,34.144,0
17.541,17.37,-0.0036085,0.072267,34.168,0
17.548,17.377,-0.017458,0.072509,34.182,0
17.548,17.384,0.00073187,0.069182,34.192,0
17.548,17.391,0,0.067265,34.208,0
17.549,17.398,0.052659,0.063693,34.218,0
17.549,17.404,0,0.066075,34.233,0
17.572,17.411,0.093705,0.067968,34.239,0
17.587,17.418,0.056915,0.071653,34.262,0
17.597,17.425,0.016982,0.07254,34.272,0
17.598,17.432,-0.010864,0.069803,34.296,0
17.596,17.439,-0.027835,0.066321,34.31,0
17.596,17.446,0,0.066066,34.326,0
17.593,17.453,-0.050259,0.059362,34.348,0
17.59,17.458,-0.0682,0.055543,34.366,0
17.585,17.464,-0.10102,0.050934,34.371,0.094046
17.584,17.469,-0.11794,0.048548,34.385,0.14527
17.566,17.474,-0.13888,0.03892,34.404,0.23002
17.558,17.478,-0.16003,0.033759,34.414,0.30517
17.544,17.481,-0.14767,0.026333,34.419,0.29088
17.525,17.484,-0.1229,0.017514,34.415,0.24703
17.509,17.486,-0.14797,0.0099263,34.411,0.33885
17.5,17.487,-0.17446,0.0056833,34.404,0.429
17.483,17.487,-0.20283,-0.00044119,34.397,0.54336
17.46,17.487,-0.24201,-0.0026879,34.391,0.7252
17.437,17.487,-0.25772,-0.0049599,34.383,0.83449
17.412,17.486,-0.23339,-0.0073711,34.383,0.80586
17.382,17.486,-0.21972,-0.010348,34.38,0.82859
17.369,17.485,-0.19405,-0.01147,34.378,0.7671
17.341,17.483,-0.1991,-0.014188,34.363,0.84746
17.328,17.482,-0.22501,-0.015362,34.342,0.9663
17.308,17.48,-0.23428,-0.01717,34.317,1.0433
17.289,17.479,-0.21928,-0.018949,34.292,1.0308
17.257,17.477,-0.22598,-0.021935,34.266,1.1274
17.243,17.475,-0.24712,-0.023217,34.247,1.2391
17.243,17.472,0,-0.025122,34.224,0.43711
17.243,17.47,0,-0.02847,34.201,0.42303
17.15,17.467,-0.3237,-0.031844,34.163,1.7804
17.121,17.464,-0.31217,-0.034497,34.125,1.7979
17.088,17.46,-0.27316,-0.037497,34.091,1.704
17.07,17.457,-0.28556,-0.03902,34.058,1.7964
17.043,17.453,-0.30415,-0.041389,34.013,1.9405
17.019,17.449,-0.28227,-0.0435,33.972,1.8956
17.019,17.444,0,-0.045791,33.93,0.84002
16.961,17.44,-0.26962,-0.048591,33.874,1.9675
16.928,17.435,-0.27453,-0.051572,33.833,2.0662
16.928,17.43,0,-0.054664,33.783,1.0007
16.857,17.424,-0.30711,-0.057987,33.72,2.3851
16.817,17.418,-0.3366,-0.061683,33.669,2.6308
16.785,17.412,-0.34128,-0.064454,33.605,2.7273
16.753,17.406,-0.30522,-0.067267,33.541,2.6156
16.732,17.399,-0.27422,-0.068967,33.467,2.5017
16.699,17.392,-0.27275,-0.071855,33.405,2.5667
16.699,17.385,0,-0.07366,33.336,1.414
16.646,17.378,-0.31088,-0.076318,33.267,2.8677
16.61,17.37,-0.29737,-0.079528,33.199,2.879
16.61,17.362,0,-0.08275,33.123,1.5607
16.553,17.354,-0.31618,-0.084394,33.026,3.0926
16.529,17.345,-0.3564,-0.0863,32.95,3.3579
16.501,17.337,-0.44654,-0.088698,32.869,3.9518
16.459,17.328,-0.58604,-0.092545,32.781,4.9967
16.406,17.319,-0.72107,-0.097544,32.692,6.1949
16.406,17.309,0,-0.10478,32.601,1.8944
16.258,17.298,-0.89536,-0.11213,32.505,8.2647
16.159,17.287,-0.97984,-0.12211,32.403,9.4936
16.063,17.275,-0.99832,-0.13189,32.294,10.051
15.958,17.262,-0.96752,-0.14267,32.165,10.1
15.958,17.247,0,-0.1535,32.035,2.8375
15.755,17.232,-0.89808,-0.16374,31.878,10.073
15.662,17.216,-0.85813,-0.17336,31.737,9.9671
15.579,17.198,-0.91689,-0.18209,31.571,10.863
15.49,17.18,-1.1817,-0.19145,31.409,14.394
15.369,17.161,-1.6387,-0.20449,31.244,22.126
15.2,17.141,-2.1256,-0.22338,31.049,33.532
14.993,17.118,-2.5493,-0.24696,30.853,46.973
14.73,17.094,-2.8998,-0.27759,30.623,61.404
14.434,17.066,-3.1119,-0.3126,30.381,72.294
14.113,17.034,-3.1461,-0.35176,30.095,75.545
13.791,16.999,-3.1184,-0.39188,29.793,75.865
13.488,16.96,-3.1245,-0.43116,29.453,77.609
13.488,16.917,0,-0.4726,29.108,8.9287
12.865,16.87,-3.145,-0.51559,28.715,81.44
12.551,16.818,-3.0516,-0.56102,28.297,78.641
12.25,16.762,-3.0013,-0.60624,27.864,77.744
11.942,16.701,-2.937,-0.65505,27.397,76.317
11.647,16.636,-2.8492,-0.70458,26.903,73.918
11.647,16.566,0,-0.75537,26.408,13.547
11.083,16.49,-2.6829,-0.8079,25.848,69.529
10.811,16.409,-2.6451,-0.86229,25.296,68.93
10.537,16.323,-2.5988,-0.91983,24.729,67.981
10.275,16.231,-2.5725,-0.97882,24.148,67.594
10.014,16.133,-2.5776,-1.0414,23.547,68.169
9.7615,16.029,-2.6222,-1.1068,22.93,69.959
9.5066,15.918,-2.6003,-1.1777,22.287,69.341
9.2413,15.8,-2.6524,-1.2542,21.646,71.247
8.9804,15.675,-2.6074,-1.3364,20.979,69.587
8.7257,15.541,-2.5274,-1.4224,20.308,66.617
8.4754,15.399,-2.1516,-1.5143,19.62,54.707
8.2657,15.248,-1.7888,-1.6039,18.922,44.667
8.0769,15.087,-1.3382,-1.6954,18.215,34.302
7.9429,14.918,-0.96315,-1.7791,17.506,26.824
7.8536,14.74,-0.71272,-1.8518,16.822,22.066
7.7761,14.555,-0.75392,-1.9242,16.145,21.286
7.7043,14.362,-0.81318,-1.9988,15.471,20.645
7.6321,14.162,-0.9202,-2.0745,14.813,20.564
7.5351,13.955,-0.98502,-2.162,14.161,19.927
7.4431,13.739,-1.067,-2.2491,13.525,19.439
7.3361,13.514,-1.1273,-2.3435,12.901,18.634
7.2183,13.28,-1.1901,-2.4424,12.296,17.824
7.0917,13.035,-1.2358,-2.5512,11.691,16.696
6.9646,12.78,-1.2776,-4.4,11.106,5.8097
6.8465,12.34,-1.2367,-4.4,10.534,5.9804
6.7325,11.9,-1.1259,-5.2,9.9924,26.637
6.6118,11.38,-1.0092,-5.2,9.5007,39.86
6.5099,10.86,-0.78979,-5.2,9.0424,59.975
6.4339,10.34,-0.62671,-5.2,8.6237,66.627
6.3702,9.8202,-0.4721,-5.2,8.2482,63.103
6.3208,9.3002,-0.32884,-5.2,7.9314,60.852
6.2908,8.7802,-0.17734,-5.2,7.6586,59.866
6.2741,8.2602,-0.11533,-5.2,7.4337,58.721
6.2607,7.7402,-0.10796,-5.2,7.2643,57.201
6.2527,7.2202,-0.16088,-5.2,7.1463,55.294
6.2351,6.7002,-0.25898,-5.2,7.0711,52.57
6.205,6.1802,-0.36911,-5.2,7.0469,49.234
6.1682,5.6602,-0.46583,-8.8,7.0833,38.194
6.1119,4.7802,-0.44569,-8.8,7.1668,34.394
6.0686,3.9002,-0.37237,2.83,7.3373,11.107
6.0217,4.1832,-0.32344,2.1843,7.5293,6.8635
5.9993,4.4016,-0.28764,1.7798,7.7061,4.6594
5.9796,4.5796,-0.29759,1.4858,7.861,3.5995
5.9562,4.7282,-0.31069,1.2544,7.9949,2.9331
5.9327,4.8536,-0.36601,1.0692,8.1148,2.7766
5.896,4.9605,-0.37447,0.90454,8.2254,2.4203
5.8529,5.051,-0.40142,0.75953,8.3133,2.271
5.8115,5.1269,-0.38805,0.63794,8.3947,1.9586
5.7752,5.1907,-0.39927,0.53666,8.4506,1.8492
5.7442,5.2444,-0.37788,0.45382,8.5077,1.6096
5.6972,5.2898,-0.37698,0.36659,8.559,1.4956
5.6537,5.3264,-0.35959,0.29208,8.5902,1.3279
5.6251,5.3556,-0.39283,0.2392,8.6263,1.4345
5.5797,5.3796,-0.46371,0.17668,8.6465,1.7248
5.531,5.3972,-0.51695,0.11756,8.6552,1.941
5.4888,5.409,-0.56358,0.069986,8.6698,2.1429
5.4888,5.416,0,0.014321,8.6774,0
5.3632,5.4174,-0.62707,-0.014809,8.6571,2.5413
5.2968,5.4159,-0.61182,-0.032545,8.6515,2.5933
5.2293,5.4127,-0.62648,-0.050193,8.6384,2.8211
5.165,5.4077,-0.65599,-0.066749,8.6076,3.1335
5.0951,5.401,-0.69192,-0.084551,8.5751,3.5071
5.018,5.3925,-0.72667,-0.10411,8.5374,3.8986
4.94,5.3821,-0.76104,-0.12337,8.5065,4.2994
4.8651,5.3698,-0.7369,-0.1419,8.4546,4.2653
4.7959,5.3556,-0.7136,-0.15837,8.4076,4.2212
4.7174,5.3398,-0.70419,-0.17728,8.3577,4.2921
4.6523,5.322,-0.71147,-0.19281,8.2857,4.4399
4.575,5.3027,-0.658,-0.21132,8.2232,4.1873
4.5125,5.2816,-0.64097,-0.22561,8.1519,4.1506
4.451,5.2591,-0.66617,-0.24005,8.0667,4.3897
4.3904,5.235,-0.72099,-0.25358,7.9913,4.845
4.3121,5.2097,-0.74523,-0.27296,7.9041,5.1217
4.2352,5.1824,-0.77823,-0.29251,7.804,5.4574
4.1583,5.1531,-0.77385,-0.31119,7.7151,5.5031
4.0874,5.122,-0.75247,-0.32809,7.6208,5.395
4.0098,5.0892,-0.70965,-8.8,7.5209,0
3.9366,4.2092,-0.71298,-0.072534,7.4543,3.5888
3.8651,4.202,-0.73634,-0.090161,7.4188,3.8998
3.7878,4.1929,-0.78043,-0.10901,7.3856,4.3805
3.7138,4.182,-0.78728,-0.12688,7.3413,4.581
3.6434,4.1694,-0.76583,-0.14395,7.2823,4.5522
3.557,4.155,-0.73292,-0.16491,7.2323,4.4756
3.4788,4.1385,-0.72838,-0.18396,7.1649,4.5766
3.3967,4.1201,-0.76059,-0.20402,7.0954,4.9534
3.3115,4.0997,-0.79595,-8.8,7.0228,0
3.238,3.2197,-0.84358,0.03151,6.9915,3.9862
3.238,3.2228,0,-0.016797,6.9932,0
3.0609,3.2211,-0.9486,-0.035615,6.9776,5.1523
2.9591,3.2176,-1.0148,-0.057691,6.9549,6.0341
2.9591,3.2118,0,-0.080641,6.9293,0.35314
2.731,3.2037,-1.3412,-0.10706,6.874,5.7778
2.5889,3.193,-1.5816,-0.13841,6.8117,6.2229
2.4384,3.1792,-1.7454,-0.17213,6.7344,6.5816
2.2624,3.162,-1.8919,-0.21202,6.6526,6.9464
2.2624,3.1408,0,-8.8,6.5637,0
1.8702,2.2608,-1.9773,-0.066614,6.4982,5.7669
1.8702,2.2541,0,-0.10078,6.4595,0.59384
1.4712,2.244,-2.0694,-0.13487,6.3771,6.4487
1.2701,2.2306,-2.4443,-0.17031,6.2906,7.4098
1.0313,2.2135,-2.8823,-0.21345,6.1912,8.564
0.74744,2.1922,-3.5223,-8.8,6.0551,0
0.38989,1.3122,-4.22,-0.10126,5.9436,10.705
-0.032876,1.3021,-4.9096,-0.15042,5.8213,12.897
-0.51405,1.287,-5.2873,-0.21025,5.6546,14.52
-1.0479,1.266,-5.6477,-8.8,5.4544,0
-1.613,0.38599,-5.6868,-5.6868,5.2351,4.2575
-2.1856,0,-5.4991,-5.4991,5.0399,4.6401
-2.7404,0,-5.2475,-8.8,4.82,0
-3.2618,0,-5.0388,-8.8,4.5669,0
-3.2618,0,0,-8.8,4.2847,0
-4.2329,0,-4.7736,-8.8,3.9017,0.37674
-4.2329,0,0,-8.8,3.5224,0
-5.1705,0,-4.664,-9.0624,3.0391,1.5171
-5.6364,0,-4.4884,-10.714,2.5513,0
-6.0934,0,-4.1584,-13.312,2.0282,0
-6.51,0,-3.738,-18.266,1.4586,0
-6.8797,0,-3.3638,-30.406,0.87512,0
-7.2063,0,-3.06,-83.906,0.32117,0
-7.508,0,-2.6802,-4005.3,0.0070415,0
-7.508,0,0,-2.2097,19.283,10.908
-7.9915,0,-1.749,-1.749,18.503,16.542
-7.9915,0,0,-1.3157,17.713,13.778
-8.2988,0,-0.91041,-0.91041,16.882,17.172
-8.3952,0,-0.59482,-0.59482,16.062,17.37
-8.3952,0,0,-0.44538,15.225,16.434
-8.4953,0,-0.34809,-0.34809,14.384,17.575
-8.5361,0,-0.26768,-0.26768,13.537,17.659
-8.5555,0,-0.20401,-0.20401,12.681,17.699
-8.5706,0,-0.19767,-0.19767,11.829,17.73
-8.5832,0,-0.21779,-0.21779,10.975,17.755
-8.5983,0,-0.22087,-0.22087,10.123,17.786
-8.6197,0,-0.17244,-0.17244,9.2556,17.83
-8.6456,0,-0.027981,-0.027981,8.4012,17.883
-8.6394,0,0.27961,0.27961,7.5358,17.871
-8.619,0.027961,0.74909,0.74909,6.6705,17.886
-8.5457,0.10287,1.2891,1.2891,5.7989,17.889
-8.4152,0.23178,1.785,-8.8,4.9409,0
-8.2346,0,2.1416,-8.8,4.13,0
-8.2346,0,0,-8.8,3.3505,0
-7.8035,0,2.2062,-9.4476,2.6127,0
-7.579,0,2.0393,-13.174,1.8879,0
-7.3832,0,1.8667,-20.803,1.2023,0
-7.1909,0,1.7187,-42.636,0.58291,0
-7.0211,0,1.592,-308.6,0.079461,0
-6.8546,0,1.4833,-23.691,0.93323,0
-6.7126,0,1.3676,-60.008,0.36707,0
-6.5692,0,1.2404,9.8,1,31.612
-6.4416,0.98,1.1143,-91.589,0.29708,0
-6.3361,0,1.0207,-1104,0.018165,0
-6.3361,0,0,-8.8,4.9046,0
-6.1545,0,0.83038,-8.8,4.3209,0
-6.0805,0,0.73586,-8.8,3.7446,0
-6.0026,0,0.64968,-8.8,3.1915,0
-5.9435,0,0.56743,-8.8,2.6372,0
-5.877,0,0.48085,-8.8,2.0859,0
-5.8236,0,0.35587,-10.67,1.5379,0
-5.783,0,0.30376,-16.163,1.0155,0
-5.7574,0,0.26729,-31.088,0.52858,0
-5.738,0,0.16071,-162.88,0.10097,0
-5.7242,0,0.041695,-47.725,0.34298,0
-5.7104,0,-0.058279,-1236.3,0.013188,0
-5.722,0,-0.23573,-0.23573,5.6241,11.89
-5.7514,0,-0.4534,-0.4534,5.055,11.95
-5.7514,0,0,-8.8,4.4822,0
-5.8582,0,-0.73647,-8.8,3.9327,0
-5.9267,0,-0.83707,-8.8,3.384,0
-5.9267,0,0,-8.8,2.8354,0
-6.101,0,-0.99888,-9.1855,2.2734,0
-6.101,0,0,-12.247,1.7092,0
-6.3013,0,-1.115,-18.269,1.1574,0
-6.4194,0,-1.1853,-35.029,0.60881,0
-6.5403,0,-1.2156,-156.2,0.138,0
-6.6552,0,-1.2571,-89.804,0.2501,0
-6.6552,0,0,-785.36,0.033603,0
-6.9096,0,-1.3777,-8.8,3.2626,0
-7.0393,0,-1.3626,-10.892,2.6,0
-7.1696,0,-1.3476,-14.57,1.9438,0
-7.3117,0,-1.3525,-21.903,1.3007,0
-7.4488,0,-1.3454,-42.416,0.67548,0
-7.5912,0,-1.3215,-209.27,0.13856,0
-7.733,0,-1.317,-74.176,0.41038,0
-7.733,0,0,9.8,1.0094,36.605
-7.9908,0.98,-1.3235,-264.05,0.15315,0
-8.1233,0,-1.3307,-59.849,0.56383,0
-8.2566,0,-1.3182,-736.3,0.046376,0
-8.3916,0,-1.3211,-13.487,2.894,0
-8.5196,0,-1.3631,-18.478,2.1205,0
-8.6658,0,-1.4359,-28.998,1.3623,0
-8.8052,0,-1.5068,-62.897,0.63147,0
-8.9463,0,-1.5712,-834.6,0.048039,0
-9.1117,0,-1.6911,-14.236,3.3091,0
-9.2798,0,-1.7472,-19.201,2.467,0
-9.4452,0,-1.7514,-29.028,1.6353,0
-9.6123,0,-1.7883,-57.872,0.82375,0
-9.7992,0,-1.8761,-315.88,0.1529,0
-9.9884,0,-1.8776,-68.613,0.74749,0
-10.169,0,-1.8939,-634.03,0.081793,0
-10.362,0,-1.8609,-26.028,2.2216,0
-10.543,0,-1.7939,-44.109,1.3135,0
-10.543,0,0,-124.52,0.47972,0
-10.895,0,-1.9231,-6152.3,0.0096505,0
-11.091,0,-2.1487,7.8,29.674,43.801
-11.3,0.78,-2.3691,7.8,28.511,46.292
-11.534,1.56,-2.5533,7.8,27.248,48.758
-11.782,2.34,-2.637,7.8,25.878,51.041
-12.045,3.12,-2.6299,7.8,24.421,53.164
-12.298,3.9,-2.5698,-0.62542,22.844,37.452
-12.556,3.8375,-2.5329,-0.70266,21.217,37.611
-12.807,3.7672,-2.4801,-0.796,19.565,37.675
-13.045,3.6876,-2.4118,-0.90911,17.904,37.62
-13.293,3.5967,-2.3287,-1.0514,16.22,37.468
-13.52,3.4915,-2.1941,-1.2298,14.53,37.061
-13.73,3.3686,-1.997,-1.4627,12.816,36.335
-13.926,3.2223,-1.7627,-1.7699,11.11,35.298
-13.926,3.0453,0,-2.1927,9.4037,30.343
-14.263,2.826,-1.4006,-2.8054,7.696,32.241
-14.412,2.5455,-1.2581,-25.261,5.9903,0
-14.529,0.019424,-1.1723,-25.107,4.4215,0
-14.637,0,-1.1564,-35.788,3.093,0
-14.755,0,-1.0539,-61.539,1.7997,0
-14.866,0,-0.91256,-175.78,0.6319,0
-14.948,0,-0.82524,-4289.9,0.026047,0
-15.028,0,-0.76385,-0.76385,19.985,30.967
-15.1,0,-0.68084,-0.68084,18.489,31.115
-15.17,0,-0.67612,-0.67612,16.983,31.258
-15.228,0,-0.72785,-0.72785,15.456,31.377
-15.228,0,0,-0.73269,13.937,29.838
-15.364,0,-0.70379,-0.70379,12.402,31.656
-15.44,0,-0.70579,-0.70579,10.871,31.812
-15.506,0,-0.73341,-0.73341,9.3202,31.948
-15.581,0,-0.73024,-0.73024,7.7795,32.101
-15.663,0,-0.71542,-0.71542,6.2235,32.269
-15.731,0,-0.72659,-27.35,4.6477,0
-15.806,0,-0.73507,-39.785,3.1988,0
-15.883,0,-0.7198,-70.193,1.8156,0
-15.955,0,-0.71742,-222.65,0.57352,0
-16.033,0,-0.69394,-1472.5,0.087321,0
-16.103,0,-0.71796,-0.71796,5.8468,33.172
