15,15,-0.26597,0,35.5,0.74523
14.977,15,-0.36041,-0.0018664,35.493,1.167
14.941,15,-0.37805,-0.0047196,35.489,1.3376
14.907,14.999,-0.40684,-0.0073998,35.484,1.5582
14.856,14.999,-0.41471,-0.011375,35.479,1.7355
14.818,14.997,-0.38845,-0.01438,35.462,1.7188
14.776,14.996,-0.39856,-0.017655,35.438,1.8825
14.776,14.994,0,-0.020668,35.416,0.42295
14.711,14.992,-0.27935,-0.022581,35.387,1.5157
14.68,14.99,-0.1825,-0.02492,35.363,1.2078
14.652,14.987,-0.15172,-0.026977,35.338,1.1581
14.627,14.985,-0.12321,-0.028785,35.305,1.1109
14.606,14.982,-0.11523,-0.030289,35.272,1.1269
14.594,14.979,-0.12476,-0.031062,35.234,1.1818
14.576,14.976,-0.20049,-0.032348,35.204,1.505
14.555,14.972,-0.18146,-0.033855,35.157,1.4756
14.533,14.969,-0.14696,-0.035381,35.123,1.3895
14.533,14.966,0,-0.036603,35.079,0.88336
14.489,14.962,-0.16304,-0.038532,35.023,1.5442
14.48,14.958,-0.11477,-0.039074,34.975,1.3754
14.462,14.954,-0.1251,-0.040242,34.931,1.4469
14.453,14.95,-0.18895,-0.040724,34.884,1.7099
14.431,14.946,-0.14841,-0.042303,34.838,1.5945
14.417,14.942,-0.07813,-0.043184,34.792,1.3561
14.411,14.938,-0.039322,-0.043393,34.744,1.2254
14.408,14.933,-0.016864,-0.043365,34.695,1.148
14.401,14.929,0.052646,-0.043692,34.645,0.94174
14.407,14.924,0.13165,-0.042951,34.592,0.70891
14.426,14.92,0.11242,-0.041132,34.532,0.70953
14.431,14.916,0.087228,-0.040385,34.485,0.75364
14.436,14.912,0.14963,-0.039732,34.43,0.58161
14.461,14.908,0.17401,-0.03744,34.389,0.47318
14.48,14.904,0.085295,-0.035607,34.337,0.63434
14.488,14.901,0.075432,-0.034696,34.297,0.63551
14.5,14.897,0.097623,-0.033458,34.249,0.54901
14.519,14.894,0.096776,-0.03159,34.211,0.50564
14.532,14.891,0.097399,-0.030324,34.178,0.47351
14.532,14.888,0,-0.028897,34.142,0.72079
14.554,14.885,0.088719,-0.027996,34.121,0.43792
14.571,14.882,0.13209,-0.026342,34.084,0.30444
14.58,14.879,0.11964,-0.025397,34.055,0.30887
14.583,14.877,0.094504,-0.024922,34.031,0.35198
14.601,14.874,0.073209,-0.023229,33.995,0.36048
14.605,14.872,0.016055,-0.022719,33.962,0.48574
14.607,14.87,-0.053408,-0.022378,33.934,0.66593
14.604,14.868,-0.087083,-0.022477,33.898,0.76818
14.597,14.865,-0.017924,-0.022915,33.864,0.57763
14.588,14.863,0.049966,-0.023587,33.833,0.4189
14.588,14.861,0,-0.02352,33.805,0.53977
14.588,14.858,0,-0.023058,33.778,0.53556
14.585,14.856,-0.15672,-0.023329,33.757,1.0153
14.56,14.854,-0.19897,-0.025281,33.728,1.2224
14.536,14.851,-0.14187,-0.02713,33.704,1.0677
14.521,14.848,-0.05581,-0.02822,33.668,0.81518
14.52,14.846,0.073012,-0.028144,33.637,0.46346
14.531,14.843,0.14972,-0.026934,33.604,0.26859
14.538,14.84,0.13794,-0.026201,33.576,0.27595
14.55,14.837,0.10394,-0.024895,33.55,0.31822
14.559,14.835,0.11947,-0.023966,33.531,0.26503
14.564,14.833,0.090215,-0.023347,33.495,0.31288
14.564,14.83,0,-0.02312,33.468,0.52548
14.565,14.828,0.11983,-0.022915,33.433,0.23965
14.569,14.826,0.095714,-0.022391,33.402,0.27802
14.585,14.823,0.069329,-0.020809,33.377,0.30063
14.582,14.821,0.12332,-0.020909,33.358,0.18911
14.597,14.819,0.20821,-0.019465,33.34,0.011628
14.597,14.817,0,-0.018312,33.318,0.43334
14.634,14.815,0.1217,-0.015917,33.301,0.089028
14.647,14.814,0.12008,-0.014598,33.289,0.065313
14.65,14.812,0.11486,-0.014282,33.276,0.068435
14.653,14.811,0.11567,-0.013914,33.251,0.059169
14.658,14.81,0.1824,-0.013319,33.241,0
14.658,14.808,0,-0.011501,33.226,0.29339
14.703,14.807,0.29166,-0.0091308,33.214,0
14.703,14.806,0,-0.0059331,33.203,0.20336
14.765,14.806,0.32534,-0.0035494,33.218,0
14.797,14.805,0.36055,-0.00069124,33.217,0
14.84,14.805,0.37336,0.018792,33.209,0
14.869,14.807,0.38681,0.033369,33.214,0
14.907,14.81,0.37164,0.052146,33.222,0
14.947,14.816,0.36901,0.070571,33.239,0
14.991,14.823,0.40263,0.090566,33.256,0
14.991,14.832,0,0.106,33.272,0
15.067,14.842,0.41521,0.12114,33.287,0
15.11,14.854,0.46179,0.13766,33.312,0
15.166,14.868,0.44985,0.16002,33.333,0
15.206,14.884,0.3843,0.173,33.37,0
15.247,14.901,0.41189,0.18517,33.399,0
15.288,14.92,0.46355,0.19704,33.444,0
15.339,14.94,0.45968,0.2139,33.49,0
15.378,14.961,0.49813,0.22286,33.522,0
15.435,14.983,0.52967,0.24073,33.568,0
15.435,15.007,0,0.2529,33.611,0
15.532,15.033,0.52829,0.26537,33.663,0
15.583,15.059,0.53069,0.27839,33.723,0
15.644,15.087,0.50357,0.29556,33.78,0
15.698,15.117,0.47177,0.30772,33.834,0
15.749,15.147,0.45103,0.31815,33.896,0
15.786,15.179,0.44467,0.32005,33.96,0
15.827,15.211,0.47594,0.3241,34.029,0
15.88,15.244,0.49429,0.33437,34.082,0
15.93,15.277,0.51241,0.34229,34.147,0
15.983,15.311,0.51134,0.3518,34.209,0
15.983,15.347,0,0.36255,34.274,0
16.081,15.383,0.42989,0.36401,34.364,0
16.12,15.419,0.42698,0.36492,34.437,0
16.172,15.456,0.43489,0.37197,34.515,0
16.215,15.493,0.4586,0.3742,34.58,0
16.259,15.53,0.46428,0.37682,34.657,0
16.307,15.568,0.44934,0.38139,34.721,0
16.353,15.606,0.43158,0.38466,34.802,0
16.394,15.645,0.39469,0.38465,34.87,0
16.431,15.683,0.35845,0.38338,34.954,0
16.431,15.721,0,0.38565,35.027,0
16.504,15.76,0.28216,0.38005,35.113,0
16.54,15.798,0.24053,0.37813,35.194,0
16.573,15.836,0.22706,0.37469,35.265,0
16.573,15.873,0,0.36456,35.337,0
16.618,15.91,0.26235,0.35858,35.417,0
16.65,15.946,0.21994,0.35573,35.484,0
16.676,15.981,0.18566,0.35062,35.563,0
16.689,16.016,0.15322,0.33864,35.637,0
16.701,16.05,0.10477,0.32732,35.704,0
16.721,16.083,0.11027,0.32039,35.769,0
16.725,16.115,0.1355,0.30581,35.832,0
16.742,16.145,0.17995,0.29843,35.902,0
16.769,16.175,0.21332,0.29641,35.958,0
16.769,16.205,0,0.28887,36.016,0
16.811,16.234,0.1177,0.28713,36.07,0
16.831,16.262,0.096023,0.28269,36.125,0
16.842,16.291,0.079202,0.27333,36.178,0
16.854,16.318,0.090336,0.26535,36.231,0
16.857,16.345,0.15256,0.25333,36.283,0
16.878,16.37,0.23606,0.2511,36.342,0
16.909,16.395,0.29078,0.25343,36.387,0
16.938,16.42,0.33502,0.25514,36.447,0
16.976,16.446,0.37054,0.26107,36.498,0
17.009,16.472,0.39284,0.26402,36.555,0
17.048,16.498,0.40128,0.26957,36.605,0
17.083,16.525,0.39913,0.27323,36.666,0
17.119,16.553,0.38179,0.27726,36.726,0
17.163,16.58,0.38393,0.28481,36.777,0
17.163,16.609,0,0.29058,36.833,0
17.243,16.638,0.39002,0.29467,36.892,0
17.289,16.667,0.38787,0.30241,36.959,0
17.289,16.698,0,0.30237,37.02,0
17.354,16.728,0.35788,0.30388,37.097,0
17.38,16.758,0.33059,0.30126,37.167,0
17.406,16.788,0.29213,0.2988,37.233,0
17.445,16.818,0.27774,0.30279,37.292,0
17.471,16.849,0.26252,0.3003,37.345,0
17.495,16.879,0.22576,0.29703,37.401,0
17.521,16.908,0.19923,0.2947,37.457,0
17.545,16.938,0.18691,0.29158,37.512,0
17.563,16.967,0.17519,0.28586,37.566,0
17.563,16.996,0,0.27801,37.624,0
17.599,17.023,0.16534,0.27514,37.669,0
17.611,17.051,0.17036,0.26745,37.731,0
17.626,17.078,0.20465,0.26148,37.794,0
17.65,17.104,0.20061,0.25989,37.855,0
17.65,17.13,0,0.25305,37.909,0
17.679,17.155,0.17267,0.24891,37.96,0
17.679,17.18,0,0.24943,38.011,0
17.726,17.205,0.12345,0.24668,38.067,0
17.73,17.23,0.10293,0.23674,38.121,0
17.745,17.253,0.1251,0.23246,38.173,0
17.758,17.276,0.12685,0.2275,38.22,0
17.767,17.299,0.12743,0.22038,38.259,0
17.777,17.321,0.088919,0.21471,38.3,0
17.778,17.343,0.033997,0.2048,38.341,0
17.772,17.363,-0.039728,0.19204,38.381,0
17.761,17.382,-0.12226,0.17784,38.422,0
17.755,17.4,-0.21214,0.16668,38.467,0.17832
17.74,17.417,-0.2821,0.15168,38.493,0.44967
17.706,17.432,-0.32992,0.12818,38.529,0.68283
17.676,17.445,-0.36948,0.10846,38.56,0.88714
17.676,17.456,0,0.084631,38.583,0
17.589,17.464,-0.39735,0.05825,38.602,1.1227
17.557,17.47,-0.38659,0.040856,38.611,1.1178
17.557,17.474,0,0.01643,38.62,0
17.462,17.476,-0.40044,-0.0011386,38.613,1.3117
17.426,17.476,-0.40176,-0.0040292,38.613,1.414
17.426,17.475,0,-0.0072629,38.609,0.085273
17.336,17.474,-0.43191,-0.011407,38.588,1.8068
17.29,17.473,-0.41869,-0.015059,38.563,1.8704
17.247,17.472,-0.40868,-0.018462,38.538,1.9406
17.201,17.47,-0.41069,-0.022175,38.506,2.0806
17.159,17.468,-0.42059,-0.025432,38.483,2.2462
17.116,17.465,-0.41904,-0.028849,38.454,2.3605
17.075,17.462,-0.39755,-0.032031,38.427,2.3635
17.045,17.459,-0.39356,-0.034283,38.392,2.4224
17.007,17.456,-0.38403,-0.037186,38.34,2.4749
16.959,17.452,-0.36945,-0.040898,38.3,2.5308
16.959,17.448,0,-0.043543,38.251,1.0016
16.889,17.444,-0.41096,-0.046221,38.193,2.9404
16.84,17.439,-0.41847,-0.050046,38.145,3.1222
16.802,17.434,-0.43068,-0.052895,38.084,3.2952
16.75,17.429,-0.43718,-0.056987,38.021,3.4844
16.701,17.423,-0.42135,-0.060781,37.954,3.5293
16.653,17.417,-0.4429,-0.064488,37.878,3.7949
16.607,17.41,-0.4049,-0.068045,37.796,3.6921
16.575,17.404,-0.39749,-0.070372,37.705,3.7259
16.575,17.397,0,-0.07271,37.623,1.7843
16.507,17.389,-0.35449,-0.075401,37.54,3.6413
16.481,17.382,-0.32359,-0.077269,37.44,3.5201
16.441,17.374,-0.34865,-0.080413,37.342,3.7676
16.4,17.366,-0.35842,-0.083533,37.242,3.9279
16.367,17.358,-0.39345,-0.085995,37.149,4.2223
16.367,17.349,0,-0.089242,37.051,2.1791
16.285,17.34,-0.42901,-0.092308,36.952,4.6637
16.237,17.331,-0.41966,-0.096111,36.844,4.7317
16.186,17.321,-0.40072,-0.1002,36.736,4.7459
16.138,17.311,-0.38964,-0.10391,36.629,4.7963
16.091,17.301,-0.41495,-0.1077,36.502,5.0873
16.054,17.29,-0.51389,-0.11058,36.379,5.8829
15.994,17.279,-0.66157,-0.11555,36.259,7.2524
15.924,17.267,-0.75245,-0.12142,36.133,8.2992
15.851,17.255,-0.75666,-0.12763,35.988,8.5825
15.784,17.243,-0.71785,-0.13336,35.842,8.4349
15.719,17.229,-0.64356,-0.13895,35.69,7.9627
15.651,17.215,-0.55353,-0.14481,35.534,7.393
15.592,17.201,-0.49417,-0.14993,35.382,7.0745
15.534,17.186,-0.51872,-0.15488,35.226,7.4277
15.491,17.17,-0.54275,-0.15859,35.055,7.7257
15.427,17.155,-0.54301,-0.16427,34.888,7.9059
15.372,17.138,-0.548,-0.16903,34.722,8.0873
15.309,17.121,-0.58335,-0.17474,34.551,8.5711
15.309,17.104,0,-0.18003,34.37,4.364
15.197,17.086,-0.62474,-0.18506,34.17,9.2324
15.132,17.067,-0.64124,-0.19104,33.983,9.5615
15.078,17.048,-0.62616,-0.19615,33.787,9.549
15.022,17.028,-0.58878,-0.20149,33.585,9.3322
14.966,17.008,-0.55468,-0.20686,33.389,9.1516
14.907,16.988,-0.52399,-0.21267,33.176,9.0112
14.849,16.966,-0.50486,-0.21847,32.957,8.9679
14.803,16.945,-0.4811,-0.22311,32.738,8.8378
14.756,16.922,-0.4756,-0.22796,32.514,8.8697
14.715,16.899,-0.47283,-0.232,32.306,8.9002
14.715,16.876,0,-0.23624,32.089,5.3713
14.629,16.853,-0.57592,-0.24067,31.878,9.952
14.57,16.829,-0.6583,-0.24707,31.647,10.877
14.497,16.804,-0.697,-0.25482,31.424,11.448
14.435,16.778,-0.75654,-0.26161,31.198,12.216
14.367,16.752,-0.77425,-0.26917,30.957,12.561
14.28,16.725,-0.70189,-0.27911,30.714,12.006
14.219,16.697,-0.63552,-0.28627,30.462,11.427
14.15,16.669,-0.58361,-0.29447,30.204,11.042
14.093,16.639,-0.54834,-0.30126,29.952,10.78
14.038,16.609,-0.56427,-0.30781,29.701,11.002
13.983,16.578,-0.62048,-0.31453,29.451,11.632
13.926,16.547,-0.68648,-0.32148,29.2,12.391
13.926,16.515,0,-0.33126,28.939,6.4372
13.783,16.482,-0.74113,-0.33981,28.665,13.235
13.706,16.448,-0.67215,-0.3498,28.4,12.623
13.637,16.413,-0.57969,-0.35919,28.118,11.759
13.576,16.377,-0.4846,-0.36769,27.831,10.886
13.523,16.34,-0.416,-0.37532,27.544,10.275
13.476,16.302,-0.4249,-0.38193,27.269,10.35
13.44,16.264,-0.43436,-0.38723,26.989,10.386
13.395,16.226,-0.46772,-0.39386,26.704,10.669
13.353,16.186,-0.45356,-0.4002,26.419,10.502
13.305,16.146,-0.43821,-0.40767,26.128,10.344
13.252,16.105,-0.41016,-0.41582,25.843,10.09
13.22,16.064,-0.38051,-0.42112,25.547,9.746
13.185,16.022,-0.31281,-0.42684,25.258,9.1047
13.149,15.979,-0.30332,-0.43239,24.979,8.9574
13.149,15.936,0,-0.43822,24.698,6.5788
13.087,15.892,-0.28367,-0.44229,24.423,8.6257
13.062,15.848,-0.28628,-0.4466,24.135,8.5344
13.042,15.803,-0.31259,-0.44963,23.86,8.6106
13.021,15.758,-0.33471,-0.45333,23.575,8.658
12.985,15.713,-0.36581,-0.45932,23.292,8.8239
12.952,15.667,-0.39492,-0.46468,23.023,8.9714
12.91,15.62,-0.45622,-0.47115,22.761,9.4214
12.855,15.573,-0.7151,-0.4802,22.496,11.854
12.786,15.525,-1.2744,-0.49227,22.219,18.95
12.668,15.476,-1.9004,-0.51364,21.936,30.788
12.483,15.425,-2.5115,-0.54755,21.656,47.925
12.234,15.37,-3.0222,-0.59483,21.36,68.237
11.936,15.31,-3.2213,-0.65358,21.038,78.611
11.605,15.245,-3.029,-0.72181,20.684,70.671
11.3,15.173,-2.7007,-0.78678,20.318,58.406
11.031,15.094,-2.3467,-0.84864,19.913,47.377
10.804,15.009,-2.0286,-0.90303,19.508,39.05
10.61,14.919,-1.6974,-0.9528,19.091,31.637
10.431,14.824,-1.3641,-1.0027,18.647,25.331
10.299,14.723,-1.0396,-1.0427,18.208,20.065
10.194,14.619,-0.76152,-1.0781,17.764,16.161
10.124,14.511,-0.53393,-1.1055,17.321,13.278
10.075,14.401,-0.41827,-1.1265,16.893,11.726
10.028,14.288,-0.39187,-1.1483,16.459,11.031
9.995,14.173,-0.41585,-1.1659,16.033,10.736
9.995,14.057,0,-1.1861,15.621,7.1974
9.8909,13.938,-0.90621,-1.208,15.224,14.627
9.8909,13.817,0,-1.2419,14.825,6.4393
9.6729,13.693,-1.7132,-1.2867,14.425,25.872
9.6729,13.564,0,-1.3479,14.03,5.8289
9.6729,13.43,0,-1.4324,13.647,5.0634
9.0042,13.286,-2.843,-1.539,13.183,56.549
8.7295,13.133,-2.8536,-1.6514,12.749,56.36
8.4494,12.967,-2.7402,-1.7738,12.298,51.116
8.1753,12.79,-2.4832,-1.9006,11.84,41.255
7.922,12.6,-2.2139,-2.0274,11.367,32.351
7.7067,12.397,-1.972,-4.4,10.901,4.7319
7.5148,11.957,-1.9293,-5.2,10.438,81.619
7.312,11.437,-1.8724,-5.2,10.02,284.55
7.1235,10.917,-1.7718,-5.2,9.6185,0
6.9418,10.397,-1.607,-5.2,9.2561,453.39
6.7807,9.8772,-1.4334,-5.2,8.9327,138.78
6.6344,9.3572,-1.2025,-5.2,8.6394,86.602
6.5085,8.8372,-1.0289,-5.2,8.3934,69.26
6.4,8.3172,-1.2377,-5.2,8.1795,61.937
6.273,7.7972,-1.8607,-5.2,8.0127,77.822
6.0927,7.2772,-2.563,-5.2,7.8692,0
5.8304,6.7572,-3.5137,-5.2,7.7702,0
5.4845,6.2372,-4.721,-5.2,7.6905,0.53654
5.0105,5.7172,-5.4979,-8.8,7.6083,0
4.4565,4.8372,-5.3695,-0.11508,7.5576,13.978
3.9276,4.8257,-5.1082,-0.27459,7.4934,13.931
3.4195,4.7983,-4.9873,-8.8,7.3879,0
2.9242,3.9183,-4.9792,-0.25499,7.2726,13.235
2.4185,3.8928,-5.3036,-0.3861,7.151,14.371
1.884,3.8542,-6.2141,-0.5309,6.9825,16.698
1.266,3.8011,-6.9677,-8.8,6.7493,1.3469
0.57407,2.9211,-6.9065,-0.52786,6.4982,18.51
-0.11537,2.8683,-6.1492,-8.8,6.2238,0.84199
-0.73445,1.9883,-5.0022,-8.8,5.9468,0
-1.2418,1.1083,-3.5184,-0.23131,5.6861,12.02
-1.5985,1.0852,-2.0551,-8.8,5.4372,0
-1.8081,0.20516,-1.0458,-1.0458,5.1974,4.4225
-1.9119,0.10057,-0.37953,-8.8,4.9898,0
-1.9571,0,0.094052,-8.8,4.8373,0
-1.9408,0,0.28413,-8.8,4.6916,0
-1.9066,0,0.27534,-8.8,4.5377,0
-1.8849,0,0.26573,-8.8,4.3973,0
-1.8592,0,0.26067,-8.8,4.2545,0
-1.8259,0,0.24464,-8.8,4.1141,0
-1.8259,0,0,-8.8,3.9755,0
-1.7729,0,0.24525,-8.8,3.8475,0
-1.7468,0,0.24896,-8.8,3.715,0
-1.7169,0,0.24581,-8.8,3.5765,0
-1.6874,0,0.2391,-8.8,3.4523,0
-1.6874,0,0,-8.8,3.3275,0
-1.6482,0,0.17719,-8.8,3.2042,0
-1.6221,0,0.15251,-8.8,3.0775,0
-1.6079,0,0.1438,-8.8,2.968,0
-1.6079,0,0,-8.8,2.8512,0
-1.5894,0,0.1505,-8.8,2.7327,0
-1.5894,0,0,-8.8,2.6177,0
-1.578,0,0.13831,-8.8,2.5098,0
-1.5637,0,0.11699,-8.8,2.3986,0
-1.5515,0,0.10393,-8.8,2.284,0
-1.5511,0,0.16375,-8.8,2.1665,0
-1.5388,0,0.39135,-8.8,2.0612,0
-1.5058,0,0.76642,-8.8,1.9623,0
-1.4239,0,1.2451,-8.8,1.8669,0
-1.3004,0,1.7504,-8.8,1.7844,0
-1.3004,0,0,-8.8,1.6984,0
-0.91194,0,2.4054,-8.8,1.6618,0
-0.66684,0,2.4439,-8.8,1.6308,0
-0.42041,0,2.3705,-8.8,1.6121,0
-0.18443,0,2.2706,-8.8,1.6214,0
0.036304,0,2.1639,-8.8,1.6505,0
0.24372,0,2.0723,-8.8,1.7161,0
0.45335,0,2.0018,-8.8,1.8041,0
0.6505,0,1.917,-8.8,1.9108,0
0.83356,0,1.8166,-8.8,2.0231,0
1.0109,0,1.7323,-8.8,2.1577,0
1.1931,0,1.6722,-8.8,2.3053,0
1.362,0,1.6627,-8.8,2.472,0
1.5185,0,1.6718,-8.8,2.6597,0
1.6941,0,1.6848,-8.8,2.8667,0
1.869,0,1.6916,-8.8,3.0911,0
2.0359,0,1.6857,-8.8,3.323,0
2.198,0,1.6486,-8.8,3.5784,0
2.3675,0,1.6083,-8.8,3.8502,0
2.5222,0,1.5585,-8.8,4.1388,0
2.6718,0,1.5098,-8.8,4.445,0
2.8162,0,1.4697,-8.8,4.7606,0
2.971,0,1.444,1.444,5.1003,0
3.1102,0.1444,1.4191,1.4191,5.4032,0
3.2594,0.28632,1.4013,1.4013,5.7054,0
3.3907,0.42644,1.3885,1.3885,6.0079,0
3.5331,0.5653,1.3251,1.3251,6.3027,0
3.6649,0.6978,1.1904,1.1904,6.6016,0
3.7743,0.81684,1.1072,1.1072,6.8979,0
3.8828,0.92756,1.0702,4.9,7.2016,9.514
3.8828,1.4176,0,4.9,7.4726,24.568
4.1208,1.9076,1.2182,4.9,7.7275,11.683
4.2427,2.3976,1.3554,4.9,7.9324,12.171
4.3691,2.8876,1.3751,3.4911,8.1074,4.1043
4.5085,3.2367,1.3897,2.5162,8.2522,0.15514
4.638,3.4883,1.3474,2.0336,8.3736,0
4.7721,3.6916,1.315,1.7577,8.4771,0
4.8987,3.8674,1.3173,1.5685,8.5765,0
5.0371,4.0243,1.3913,1.4576,8.6847,0
5.1684,4.17,1.4318,1.3675,8.7821,0
5.3201,4.3068,1.4667,1.3274,8.8745,0
5.3201,4.4395,0,1.29,8.9692,2.4831
5.608,4.5685,1.4869,1.2598,9.0837,0
5.7575,4.6945,1.4639,1.2434,9.1858,0
5.9004,4.8188,1.4343,1.2246,9.3015,0
6.038,4.9413,1.4056,1.2043,9.4201,0
6.1808,5.0617,1.4086,1.1922,9.5253,0
6.3146,5.1809,1.4143,1.1742,9.6406,0
6.4654,5.2983,1.4183,1.1774,9.7623,0
6.6126,5.4161,1.4099,1.1754,9.8735,0
6.6126,5.5336,0,1.1765,9.9872,1.196
6.9043,5.6513,1.4127,1.1704,10.105,0
7.047,5.7683,1.4212,1.166,10.221,0
7.1895,5.8849,1.4648,1.1637,10.353,0
7.3285,6.0013,1.5236,1.1591,10.488,0
7.4755,6.1172,1.542,1.1627,10.629,0
7.6245,6.2335,1.515,1.168,10.776,0
7.6245,6.3503,0,1.1792,10.909,0.56592
7.9289,6.4682,1.4637,1.1794,11.052,0
8.068,6.5861,1.4024,1.1745,11.197,0
8.2057,6.7036,1.3663,1.1705,11.356,0
8.3431,6.8206,1.3234,1.1665,11.511,0
8.4831,6.9373,1.2363,1.1654,11.669,0
8.5999,7.0538,1.1439,1.1472,11.826,0
8.7089,7.1685,1.075,1.1252,11.978,0
8.8088,7.2811,1.0016,1.0998,12.131,0
8.903,7.391,0.98979,1.0737,12.289,0
8.9943,7.4984,0.99448,1.049,12.447,0
9.1004,7.6033,1.0182,1.0367,12.597,0
9.202,7.707,1.0511,1.0223,12.739,0
9.2977,7.8092,1.0788,1.0056,12.883,0
9.4081,7.9098,1.0773,1.0011,13.032,0
9.5089,8.0099,1.1144,0.99015,13.173,0
9.6265,8.1089,1.1207,0.99144,13.314,0
9.7403,8.208,1.1027,0.99046,13.46,0
9.8605,8.3071,1.0969,0.99475,13.622,0
9.9787,8.4065,1.0666,0.99683,13.775,0
10.081,8.5062,0.99705,0.98922,13.941,0
10.176,8.6052,0.95345,0.97769,14.1,0
10.263,8.7029,0.92072,0.96185,14.25,0
10.363,8.7991,0.8846,0.95615,14.405,0
10.458,8.8947,0.84582,0.94803,14.569,0
10.458,8.9895,0,0.93734,14.721,0
10.62,9.0833,0.71405,0.9177,14.892,0
10.695,9.175,0.63867,0.90079,15.045,0
10.749,9.2651,0.46345,0.87305,15.194,0
10.792,9.3524,0.44821,0.84081,15.343,0
10.792,9.4365,0,0.81048,15.483,0
