20,20,0.12012,0,35.5,0
20.016,20,0.12975,0.0053972,35.492,0
20.022,20.001,0.20435,0.0074592,35.501,0
20.044,20.001,0.28359,0.014787,35.495,0
20.063,20.003,0.34008,0.020951,35.51,0
20.101,20.005,0.36401,0.033358,35.509,0
20.134,20.008,0.37482,0.043692,35.515,0
20.181,20.013,0.31811,0.058209,35.521,0
20.216,20.018,0.27406,0.068352,35.543,0
20.236,20.025,0.27615,0.072853,35.563,0
20.262,20.033,0.26244,0.079557,35.593,0
20.285,20.04,0.28505,0.084734,35.611,0
20.319,20.049,0.35383,0.093568,35.629,0
20.347,20.058,0.38762,0.099844,35.651,0
20.388,20.068,0.34998,0.11073,35.672,0
20.431,20.079,0.32482,0.12145,35.697,0
20.47,20.091,0.30505,0.13085,35.742,0
20.504,20.105,0.30938,0.13807,35.777,0
20.533,20.118,0.31162,0.14337,35.819,0
20.571,20.133,0.34043,0.15147,35.861,0
20.603,20.148,0.37069,0.15736,35.91,0
20.643,20.164,0.34327,0.16575,35.958,0
20.683,20.18,0.26736,0.17377,36.001,0
20.7,20.198,0.22701,0.1736,36.055,0
20.727,20.215,0.23235,0.17675,36.115,0
20.745,20.233,0.25964,0.17682,36.167,0
20.763,20.25,0.26417,0.17702,36.212,0
20.784,20.268,0.19848,0.17823,36.255,0
20.797,20.286,0.10187,0.17635,36.301,0
20.797,20.303,0,0.17565,36.352,0
20.804,20.321,-0.17047,0.1666,36.418,0
20.791,20.338,-0.23411,0.15644,36.468,0
20.759,20.353,-0.20889,0.13992,36.503,0
20.736,20.367,-0.21908,0.12722,36.533,0.043867
20.706,20.38,-0.14507,0.11246,36.568,0
20.692,20.391,-0.12889,0.10372,36.596,0
20.67,20.402,-0.17453,0.092354,36.623,0.059438
20.643,20.411,-0.22736,0.080051,36.644,0.26852
20.625,20.419,-0.17831,0.070796,36.665,0.15966
20.625,20.426,0,0.059185,36.685,0
20.575,20.432,-0.11604,0.049317,36.691,0.077128
20.57,20.437,-0.090231,0.045733,36.699,0.026159
20.562,20.441,-0.086907,0.041356,36.704,0.035443
20.545,20.446,-0.13692,0.034375,36.724,0.19389
20.532,20.449,-0.20154,0.028638,36.743,0.40688
20.52,20.452,-0.23032,0.02351,36.758,0.52087
20.502,20.454,-0.21561,0.016382,36.771,0.50388
20.487,20.456,-0.20362,0.01089,36.77,0.48922
20.471,20.457,-0.18143,0.0047534,36.782,0.44653
20.457,20.457,-0.17422,-4.571e-05,36.773,0.44571
20.434,20.457,-0.18442,-0.0025089,36.776,0.52813
20.407,20.457,-0.17982,-0.0052887,36.775,0.57195
20.385,20.457,-0.16768,-0.00754,36.769,0.58101
20.367,20.456,-0.18311,-0.0093359,36.77,0.66802
20.357,20.455,-0.19021,-0.010328,36.76,0.71239
20.34,20.454,-0.1628,-0.011959,36.754,0.6583
20.322,20.453,-0.13772,-0.013774,36.744,0.61774
20.311,20.451,-0.11833,-0.014833,36.739,0.58072
20.307,20.45,-0.070198,-0.015047,36.716,0.44697
20.3,20.448,-0.050483,-0.015681,36.705,0.40608
20.286,20.447,-0.062499,-0.016967,36.69,0.46305
20.286,20.445,0,-0.017141,36.674,0.29843
20.265,20.443,-0.13302,-0.018891,36.659,0.70822
20.242,20.441,-0.17032,-0.021114,36.638,0.87672
20.229,20.439,-0.19337,-0.022281,36.618,0.98153
20.213,20.437,-0.22247,-0.023788,36.596,1.1203
20.184,20.435,-0.25554,-0.026666,36.573,1.3132
20.16,20.432,-0.26465,-0.028947,36.537,1.4025
20.129,20.429,-0.28146,-0.031958,36.515,1.5432
20.129,20.426,0,-0.035551,36.485,0.56332
20.073,20.422,-0.26819,-0.037297,36.448,1.6134
20.047,20.419,-0.25248,-0.039718,36.405,1.6037
20.018,20.415,-0.27385,-0.04245,36.374,1.7593
19.991,20.41,-0.30209,-0.045003,36.325,1.9456
19.962,20.406,-0.35555,-0.047724,36.282,2.266
19.922,20.401,-0.35992,-0.051568,36.235,2.3851
19.884,20.396,-0.34373,-0.05522,36.185,2.3963
19.854,20.391,-0.28378,-0.057981,36.14,2.1748
19.817,20.385,-0.24208,-0.061514,36.08,2.0673
19.79,20.379,-0.22997,-0.063919,36.013,2.0669
19.773,20.372,-0.26948,-0.065255,35.954,2.2759
19.74,20.366,-0.30121,-0.068312,35.891,2.5008
19.717,20.359,-0.35852,-0.070205,35.837,2.8389
19.691,20.352,-0.38914,-0.072535,35.77,3.0611
19.652,20.345,-0.36695,-0.076269,35.694,3.0321
19.611,20.337,-0.33838,-0.080103,35.632,2.9736
19.577,20.329,-0.30547,-0.083274,35.555,2.8752
19.553,20.321,-0.2641,-0.085256,35.469,2.7068
19.533,20.312,-0.24297,-0.086824,35.382,2.6329
19.511,20.303,-0.18542,-0.088569,35.304,2.3965
19.491,20.295,-0.079982,-0.090138,35.227,1.975
19.493,20.285,0.0098596,-0.089185,35.153,1.6122
19.493,20.277,0,-0.088569,35.074,1.6249
19.493,20.268,0.12109,-0.087806,34.98,1.2157
19.496,20.259,0.16388,-0.086751,34.904,1.0718
19.506,20.25,0.19872,-0.084849,34.822,0.94338
19.531,20.242,0.23678,-0.081315,34.757,0.79086
19.553,20.234,0.26027,-0.078077,34.69,0.68464
19.586,20.226,0.3036,-0.073577,34.619,0.52834
19.608,20.218,0.22803,-0.070467,34.551,0.62497
19.637,20.211,0.10069,-0.066403,34.497,0.85656
19.644,20.205,0.01755,-0.064979,34.434,1.0632
19.651,20.198,-0.019479,-0.06356,34.376,1.1487
19.656,20.192,-0.064917,-0.062389,34.326,1.2736
19.654,20.186,-0.091819,-0.062102,34.276,1.3588
19.635,20.179,-0.13457,-0.063625,34.224,1.5435
19.616,20.173,-0.25103,-0.065269,34.171,2.0578
19.616,20.167,0,-0.067216,34.116,1.0848
19.563,20.16,-0.49799,-0.070341,34.055,3.4731
19.519,20.153,-0.55756,-0.074873,33.998,3.965
19.455,20.145,-0.59613,-0.081756,33.938,4.4079
19.455,20.137,0,-0.088885,33.869,1.3551
19.32,20.128,-0.6396,-0.096319,33.782,5.1124
19.261,20.119,-0.68323,-0.10261,33.696,5.6159
19.201,20.108,-0.77456,-0.10895,33.6,6.5416
19.121,20.098,-0.87673,-0.11782,33.498,7.7284
19.026,20.086,-0.96261,-0.12842,33.398,8.9115
18.923,20.073,-0.97415,-0.14001,33.29,9.3982
18.83,20.059,-0.96842,-0.15033,33.166,9.6533
18.734,20.044,-0.89606,-0.16122,33.034,9.221
18.644,20.028,-0.8301,-0.17122,32.906,8.8454
18.565,20.011,-0.76607,-0.1801,32.758,8.4629
18.498,19.993,-0.78605,-0.18737,32.61,8.8329
18.419,19.974,-0.81129,-0.19627,32.452,9.305
18.339,19.954,-0.86812,-0.20538,32.294,10.117
18.248,19.934,-0.88067,-0.216,32.12,10.523
18.168,19.912,-0.8852,-0.22512,31.953,10.795
18.082,19.89,-0.85238,-0.23533,31.77,10.688
17.989,19.866,-0.79201,-0.24649,31.582,10.32
17.9,19.841,-0.7542,-0.25693,31.401,10.171
17.9,19.816,0,-0.26463,31.208,4.3601
17.762,19.789,-0.64472,-0.27315,31.015,9.4025
17.762,19.762,0,-0.28097,30.813,4.5705
17.762,19.734,0,-0.28662,30.615,4.4464
17.601,19.705,-0.39169,-0.29158,30.407,7.4571
17.564,19.676,-0.31134,-0.29544,30.197,6.8587
17.524,19.646,-0.28167,-0.29978,29.993,6.6627
17.524,19.616,0,-0.30331,29.783,4.7771
17.457,19.586,-0.27635,-0.30701,29.563,6.6089
17.426,19.555,-0.29436,-0.31021,29.345,6.7147
17.39,19.524,-0.31057,-0.31403,29.142,6.8285
17.359,19.493,-0.30889,-0.31745,28.921,6.7948
17.334,19.461,-0.30488,-0.31974,28.703,6.7203
17.304,19.429,-0.28117,-0.32301,28.483,6.5261
17.271,19.397,-0.23091,-0.3267,28.261,6.1627
17.271,19.364,0,-0.32944,28.05,4.6492
17.224,19.331,-0.16412,-0.33115,27.824,5.6369
17.224,19.298,0,-0.33221,27.614,4.5724
17.188,19.265,-0.16558,-0.33349,27.4,5.5178
17.172,19.232,-0.12242,-0.33427,27.193,5.1903
17.154,19.198,-0.025253,-0.33534,26.987,4.5877
17.15,19.165,0.12787,-0.33409,26.778,3.7499
17.15,19.131,0,-0.33073,26.578,4.2647
17.195,19.098,0.42401,-0.32248,26.369,2.4027
17.233,19.066,0.50239,-0.31354,26.189,2.056
17.233,19.035,0,-0.30275,26.007,3.8023
17.341,19.004,0.53172,-0.29004,25.83,1.6832
17.39,18.975,0.53842,-0.27903,25.664,1.5373
17.447,18.947,0.55668,-0.2662,25.506,1.3635
17.498,18.921,0.5512,-0.25468,25.353,1.2503
17.555,18.895,0.55576,-0.24166,25.215,1.1157
17.605,18.871,0.54591,-0.22993,25.085,1.0189
17.667,18.848,0.54251,-0.21594,24.96,0.89873
17.725,18.827,0.55117,-0.20275,24.851,0.77628
17.786,18.806,0.58644,-0.18868,24.751,0.62898
17.836,18.788,0.61157,-0.17698,24.65,0.52135
17.906,18.77,0.63206,-0.16143,24.559,0.40347
17.965,18.754,0.64931,-0.14817,24.479,0.31176
18.029,18.739,0.6342,-0.13396,24.402,0.231
18.095,18.725,0.63398,-0.11955,24.324,0.1469
18.16,18.713,0.65759,-0.10518,24.267,0.066092
18.221,18.703,0.68684,-0.091942,24.222,0.0023444
18.281,18.694,0.71784,-0.078768,24.181,0
18.352,18.686,0.7903,-0.064016,24.135,0
18.428,18.68,0.81143,-0.048229,24.109,0
18.518,18.675,0.81924,-0.030011,24.086,0
18.596,18.672,0.82631,-0.014523,24.073,0
18.596,18.67,0,0.0043558,24.066,0.1652
18.596,18.671,0,0.029024,24.058,0.22445
18.859,18.674,0.83852,0.05101,24.089,0
18.951,18.679,0.81905,0.074827,24.103,0
19.038,18.686,0.8133,0.096881,24.133,0
19.112,18.696,0.82271,0.11461,24.178,0
19.193,18.707,0.81502,0.13368,24.216,0
19.279,18.721,0.83319,0.154,24.268,0
19.363,18.736,0.85974,0.17299,24.321,0
19.45,18.753,0.8398,0.19231,24.383,0
19.538,18.773,0.79875,0.21149,24.448,0
19.61,18.794,0.78893,0.22567,24.53,0
19.683,18.816,0.74283,0.23969,24.606,0
19.751,18.84,0.69537,0.25207,24.685,0
19.812,18.865,0.64528,0.26247,24.776,0
19.88,18.892,0.60155,0.27433,24.878,0
19.938,18.919,0.49593,0.28297,24.969,0
19.978,18.947,0.36569,0.28638,25.064,0
19.978,18.976,0,0.28713,25.166,0
20.02,19.005,0.023904,0.2829,25.26,0
20.021,19.033,-0.098168,0.27545,25.358,0
20.01,19.061,-0.18003,0.26486,25.454,0
19.993,19.087,-0.2374,0.25289,25.541,0
19.979,19.112,-0.24803,0.24205,25.623,0
19.945,19.137,-0.26181,0.22611,25.703,0
19.92,19.159,-0.30196,0.21303,25.783,0
19.92,19.181,0,0.19788,25.858,0
19.843,19.2,-0.35617,0.18006,25.924,0
19.843,19.218,0,0.16425,25.987,0
19.777,19.235,-0.24324,0.15208,26.032,0
19.754,19.25,-0.1998,0.14141,26.077,0
19.743,19.264,-0.18142,0.13444,26.128,0
19.733,19.278,-0.22085,0.12797,26.178,0
19.716,19.29,-0.2592,0.11948,26.212,0.0019942
19.7,19.302,-0.32163,0.11157,26.248,0.2512
19.668,19.313,-0.3405,0.09972,26.292,0.39107
19.668,19.323,0,0.085012,26.327,0
19.592,19.332,-0.23976,0.073219,26.342,0.21522
19.563,19.339,-0.18076,0.062808,26.365,0.10117
19.538,19.346,-0.167,0.054061,26.386,0.11255
19.531,19.351,-0.17843,0.050547,26.4,0.16473
19.507,19.356,-0.2079,0.0426,26.424,0.29773
19.483,19.36,-0.24535,0.03447,26.428,0.46439
19.465,19.364,-0.28646,0.02848,26.435,0.64136
19.442,19.367,-0.27684,0.021324,26.446,0.65168
19.418,19.369,-0.24162,0.013781,26.446,0.57705
19.384,19.37,-0.17875,0.0039202,26.441,0.43556
19.367,19.37,-0.093296,-0.00066379,26.433,0.22543
19.364,19.37,0.036755,-0.0010147,26.426,0
19.369,19.37,0.17045,-0.0001987,26.43,0
19.395,19.37,0.29117,0.0068822,26.437,0
19.432,19.371,0.384,0.017177,26.432,0
19.432,19.373,0,0.026774,26.438,0
19.508,19.375,0.47882,0.037398,26.469,0
19.557,19.379,0.54292,0.050107,26.486,0
19.611,19.384,0.58211,0.063908,26.497,0
19.661,19.39,0.56475,0.076071,26.521,0
19.708,19.398,0.53953,0.087107,26.542,0
19.764,19.407,0.55784,0.10052,26.576,0
19.815,19.417,0.5447,0.11203,26.618,0
19.878,19.428,0.55108,0.12678,26.651,0
19.933,19.441,0.56841,0.13859,26.693,0
19.996,19.455,0.58817,0.15255,26.748,0
20.059,19.47,0.60004,0.16616,26.797,0
20.119,19.486,0.60519,0.17844,26.867,0
20.173,19.504,0.61819,0.18877,26.937,0
20.173,19.523,0,0.20041,27.003,0
20.297,19.543,0.76354,0.21339,27.094,0
20.367,19.565,0.74222,0.22717,27.178,0
20.438,19.587,0.67627,0.24109,27.261,0
20.515,19.611,0.64581,0.25634,27.342,0
20.515,19.637,0,0.26801,27.432,0
20.644,19.664,0.62603,0.27841,27.529,0
20.644,19.692,0,0.28924,27.625,0
20.772,19.721,0.69565,0.29907,27.731,0
20.835,19.751,0.69059,0.30895,27.843,0
20.904,19.781,0.63804,0.32001,27.953,0
20.976,19.813,0.58178,0.33171,28.057,0
21.035,19.847,0.49454,0.33936,28.178,0
21.09,19.881,0.38462,0.34574,28.29,0
21.139,19.915,0.2984,0.34992,28.406,0
21.174,19.95,0.26467,0.35041,28.527,0
21.198,19.985,0.24622,0.34747,28.651,0
21.215,20.02,0.24215,0.34259,28.768,0
21.231,20.054,0.25106,0.33778,28.892,0
21.247,20.088,0.2387,0.33286,29.012,0
21.262,20.121,0.21042,0.32795,29.135,0
21.288,20.154,0.20025,0.32631,29.242,0
21.299,20.187,0.22701,0.32026,29.355,0
21.316,20.219,0.25959,0.31611,29.466,0
21.338,20.25,0.30115,0.31362,29.582,0
21.366,20.282,0.31164,0.31279,29.688,0
21.389,20.313,0.27747,0.31086,29.805,0
21.423,20.344,0.19502,0.31178,29.904,0
21.45,20.375,0.088756,0.31057,30.008,0
21.45,20.406,0,0.30184,30.114,0
21.455,20.436,-0.16898,0.2947,30.221,0
21.437,20.466,-0.27798,0.28128,30.314,0
21.437,20.494,0,0.26367,30.409,0
21.378,20.52,-0.39932,0.24859,30.502,0
21.334,20.545,-0.36553,0.22881,30.593,0
21.306,20.568,-0.34447,0.21406,30.67,0
21.267,20.59,-0.31362,0.19652,30.737,0
21.245,20.609,-0.28284,0.18465,30.802,0
21.223,20.628,-0.24709,0.17283,30.857,0
21.199,20.645,-0.25883,0.16072,30.906,0
21.181,20.661,-0.26835,0.15107,30.955,0
21.155,20.676,-0.29486,0.13903,30.999,0.038579
21.155,20.69,0,0.12569,31.046,0
21.082,20.703,-0.38266,0.1103,31.086,0.51625
21.042,20.714,-0.40998,0.095287,31.112,0.71584
20.997,20.723,-0.39951,0.079607,31.133,0.77039
20.953,20.731,-0.39091,0.064367,31.151,0.82983
20.918,20.738,-0.36012,0.052477,31.164,0.78049
20.886,20.743,-0.32741,0.041644,31.177,0.72101
20.86,20.747,-0.31623,0.032855,31.186,0.7321
20.837,20.75,-0.29245,0.025114,31.197,0.69132
20.804,20.753,-0.29273,0.014988,31.198,0.75244
20.773,20.754,-0.30305,0.0054731,31.211,0.84739
20.744,20.755,-0.31157,-0.0015002,31.202,0.93716
20.713,20.755,-0.31525,-0.005822,31.204,1.023
20.672,20.754,-0.3414,-0.011491,31.196,1.2237
20.646,20.753,-0.33423,-0.015086,31.18,1.2555
20.607,20.751,-0.31724,-0.020273,31.165,1.274
20.567,20.749,-0.31741,-0.025731,31.152,1.3679
20.545,20.747,-0.33485,-0.028506,31.124,1.4889
20.515,20.744,-0.36339,-0.032322,31.11,1.6819
20.515,20.741,0,-0.035928,31.087,0.40142
20.44,20.737,-0.49391,-0.042019,31.059,2.5135
20.385,20.733,-0.63545,-0.049304,31.024,3.51
20.318,20.728,-0.88404,-0.058202,30.986,5.5781
20.227,20.722,-1.1829,-0.07032,30.946,8.8504
20.104,20.715,-1.4781,-0.087162,30.881,13.169
19.961,20.706,-1.7072,-0.10667,30.809,17.501
19.783,20.696,-1.8543,-0.13104,30.729,21.109
19.601,20.683,-1.8835,-0.15601,30.621,22.573
19.421,20.667,-1.8553,-0.18095,30.494,22.85
19.24,20.649,-1.836,-0.20586,30.354,23.287
19.047,20.628,-1.8886,-0.23282,30.195,25.263
18.863,20.605,-1.9637,-0.25849,30.033,27.736
18.66,20.579,-1.9615,-0.28744,29.841,28.605
18.472,20.55,-1.9377,-0.31434,29.637,28.88
18.268,20.519,-1.952,-0.34388,29.424,30.076
18.074,20.485,-1.9203,-0.37274,29.183,30.154
18.074,20.447,0,-0.40076,28.944,5.2683
17.694,20.407,-1.8472,-0.43007,28.677,29.992
17.517,20.364,-1.8185,-0.45784,28.389,29.98
17.517,20.319,0,-0.48627,28.106,6.3683
17.171,20.27,-1.4376,-0.51327,27.799,23.668
17.028,20.219,-1.2156,-0.53665,27.491,20.379
16.902,20.165,-0.95624,-0.55804,27.169,16.935
16.8,20.109,-0.7725,-0.57585,26.839,14.767
16.72,20.052,-0.65394,-0.58971,26.511,13.438
16.66,19.993,-0.65265,-0.60002,26.187,13.34
16.604,19.933,-0.65835,-0.61018,25.855,13.297
16.529,19.872,-0.65107,-0.62418,25.516,13.174
16.467,19.809,-1.0321,-0.63604,25.172,17.641
16.373,19.745,-2.0849,-0.65393,24.834,37.529
16.168,19.68,-3.1905,-0.69482,24.481,77.567
15.851,19.611,-4.124,-0.75968,24.114,140.41
15.436,19.535,-5.0781,-0.84753,23.717,262.01
14.928,19.45,-5.5528,-0.95893,23.293,360.76
14.378,19.354,-5.3875,-1.0859,22.816,313.1
13.842,19.245,-5.2367,-1.2168,22.304,279.26
13.842,19.124,0,-1.352,21.77,10.985
12.803,18.989,-5.5431,-1.4989,21.149,335.44
12.253,18.839,-5.948,-1.6645,20.508,440.53
11.667,18.672,-6.376,-1.8542,19.828,40.924
11.025,18.487,-6.7616,-2.0789,19.096,40.26
10.353,18.279,-6.8756,-2.3361,18.319,39.357
9.6732,18.045,-6.34,-2.6259,17.494,37.76
9.0473,17.783,-5.2239,-2.929,16.64,35.513
9.0473,17.49,0,-3.2288,15.781,12.2
8.1577,17.167,-2.1841,-3.507,14.854,44.504
7.9367,16.816,-0.85922,-3.7463,13.957,17.492
7.856,16.442,-0.14608,-4.4,13.087,8.6736
7.856,16.002,0,-4.4,12.25,7.9564
7.8507,15.562,0.10721,-4.4,11.463,7.9228
7.8627,15.122,0.146,-4.4,10.707,8.3465
7.8704,14.682,0.34274,-4.4,10,10.121
7.8704,14.242,0,-4.4,9.3412,9.5974
7.9716,13.802,1.1199,-4.4,8.7399,21.382
8.0894,13.362,1.5016,-4.4,8.1758,30.744
8.0894,12.922,0,-4.4,7.6706,19.146
8.4177,12.482,1.8435,-4.4,7.2437,52.671
8.6088,12.042,1.8147,-5.2,6.8758,121.24
8.7868,11.522,1.715,-5.2,6.5664,158.53
8.9551,11.002,1.6292,-5.2,6.3297,213.27
9.1275,10.482,1.5774,-5.2,6.1536,273.22
9.2886,9.9616,1.5857,-5.2,6.0443,294.63
9.4415,9.4416,1.6146,-5.2,6.0009,315.46
9.6013,8.9216,1.6181,-5.2,6.0342,342.01
9.7718,8.4016,1.6028,-5.2,6.1461,376.71
9.9365,7.8816,1.5548,-5.2,6.3158,421.75
10.095,7.3616,1.5042,-5.2,6.5526,476.44
10.243,6.8416,1.4648,-5.2,6.8617,538.38
10.383,6.3216,1.4895,-5.2,7.2316,586.76
10.527,5.8016,1.5291,-8.8,7.6759,628.95
10.527,4.9216,0,4.9,8.1924,6.9078
10.842,5.4116,1.6284,4.7985,8.7526,0
11.013,5.8914,1.6898,4.1396,9.286,0
11.182,6.3054,1.7037,3.6883,9.7903,0
11.352,6.6742,1.7405,3.3567,10.266,0
11.533,7.0099,1.7967,3.1082,10.722,0
11.71,7.3207,1.8604,2.9097,11.172,0
11.896,7.6117,1.9104,2.7519,11.599,0
12.095,7.8869,1.946,2.6288,12.018,0
12.291,8.1498,1.9044,2.5227,12.426,0
12.478,8.402,1.8257,2.4285,12.832,0
12.653,8.6449,1.7656,2.3414,13.241,0
12.838,8.879,1.691,2.2717,13.646,0
12.838,9.1062,0,2.2047,14.03,0
13.175,9.3267,1.6265,2.1359,14.412,0
13.332,9.5402,1.6428,2.0751,14.802,0
13.505,9.7478,1.6175,2.0283,15.178,0
13.671,9.9506,1.6194,1.9833,15.553,0
13.826,10.149,1.6468,1.9366,15.926,0
13.992,10.343,1.6577,1.9001,16.286,0
14.161,10.533,1.6467,1.8682,16.642,0
14.319,10.719,1.6422,1.8339,17,0
14.487,10.903,1.6157,1.8086,17.359,0
14.487,11.084,0,1.7834,17.708,0
14.487,11.262,0,1.7537,18.04,0
14.953,11.437,1.593,1.7269,18.424,0
15.115,11.61,1.6154,1.7082,18.782,0
15.278,11.781,1.6194,1.6906,19.133,0
15.445,11.95,1.6026,1.6762,19.473,0
15.445,12.118,0,1.656,19.814,0
15.746,12.283,1.5157,1.6363,20.17,0
15.906,12.447,1.4825,1.6227,20.508,0
16.054,12.609,1.4795,1.6057,20.861,0
16.054,12.77,0,1.591,21.197,0
16.36,12.929,1.5114,1.5791,21.554,0
16.36,13.087,0,1.5611,21.889,0
16.653,13.243,1.4394,1.5494,22.224,0
16.787,13.398,1.3899,1.5307,22.558,0
16.935,13.551,1.3628,1.5195,22.897,0
17.069,13.703,1.343,1.5029,23.23,0
17.069,13.853,0,1.49,23.559,0
17.341,14.002,1.4015,1.4743,23.898,0
17.341,14.149,0,1.4659,24.224,0
17.637,14.296,1.3921,1.4608,24.571,0
17.637,14.442,0,1.4495,24.898,0
17.637,14.587,0,1.4375,25.21,0
18.026,14.731,1.2218,1.4198,25.566,0
18.026,14.873,0,1.4041,25.889,0
18.26,15.013,1.1734,1.3856,26.21,0
18.38,15.152,1.1605,1.3712,26.529,0
18.501,15.289,1.1129,1.3581,26.842,0
18.621,15.425,1.0621,1.3456,27.16,0
18.725,15.559,0.97538,1.3272,27.474,0
18.819,15.692,0.91557,1.3062,27.797,0
18.911,15.823,0.91596,1.2843,28.098,0
18.997,15.951,0.9631,1.2618,28.403,0
19.093,16.077,0.99843,1.2447,28.706,0
19.189,16.202,1.0413,1.2286,29.005,0
19.291,16.325,1.0533,1.2157,29.308,0
19.398,16.446,1.024,1.2056,29.598,0
19.499,16.567,0.98544,1.1935,29.894,0
19.598,16.686,0.97786,1.1816,30.196,0
19.703,16.804,0.98548,1.1724,30.489,0
19.806,16.921,0.99438,1.163,30.782,0
19.9,17.038,1.0383,1.1506,31.073,0
20.014,17.153,1.025,1.1466,31.364,0
20.114,17.267,0.93373,1.1378,31.658,0
20.198,17.381,0.85441,1.1224,31.945,0
20.291,17.493,0.83859,1.1115,32.227,0
20.382,17.605,0.82301,1.1002,32.501,0
20.467,17.715,0.84291,1.087,32.774,0
20.554,17.823,0.92892,1.0759,33.058,0
20.655,17.931,1.0085,1.0698,33.322,0
20.762,18.038,0.97582,1.0671,33.601,0
20.867,18.145,0.89329,1.0637,33.873,0
20.951,18.251,0.8208,1.0521,34.146,0
21.026,18.356,0.80885,1.0379,34.419,0
21.112,18.46,0.80611,1.0283,34.685,0
21.189,18.563,0.83808,1.0158,34.948,0
21.28,18.664,0.83707,1.0092,35.213,0
21.371,18.765,0.84579,1.0027,35.471,0
21.371,18.866,0,0.99286,35.727,0
21.526,18.965,0.80315,0.98077,35.98,0
21.602,19.063,0.84495,0.97017,36.233,0
21.69,19.16,0.92378,0.96468,36.495,0
21.69,19.256,0,0.95874,36.744,0
21.881,19.352,0.97857,0.96001,37.007,0
21.986,19.448,0.96219,0.9612,37.262,0
22.082,19.544,0.91296,0.9594,37.52,0
22.169,19.64,0.85045,0.95375,37.772,0
22.251,19.736,0.81273,0.94701,38.034,0
22.323,19.83,0.85187,0.93674,38.295,0
22.411,19.924,0.79828,0.93239,38.54,0
22.5,20.017,1.0167,0.92886,38.781,0
