21.667,21.667,0.81534,0,35.5,0
21.738,21.667,0.7756,0.02171,35.498,0
21.812,21.669,0.71555,0.043246,35.512,0
21.891,21.673,0.66446,0.06609,35.531,0
21.958,21.68,0.6561,0.084354,35.556,0
22.025,21.688,0.66782,0.10203,35.592,0
22.092,21.698,0.6837,0.11939,35.628,0
22.156,21.71,0.70525,0.13501,35.662,0
22.223,21.724,0.72105,0.15121,35.699,0
22.297,21.739,0.72593,0.16909,35.756,0
22.363,21.756,0.6904,0.18419,35.808,0
22.431,21.774,0.68747,0.19924,35.879,0
22.51,21.794,0.68857,0.21703,35.94,0
22.58,21.816,0.66544,0.23165,36.012,0
22.651,21.839,0.63521,0.24617,36.083,0
22.709,21.864,0.65725,0.25642,36.166,0
22.774,21.889,0.63597,0.26826,36.248,0
22.83,21.916,0.53233,0.27715,36.336,0
22.873,21.944,0.42237,0.28199,36.431,0
22.923,21.972,0.3335,0.28865,36.534,0
22.961,22.001,0.37579,0.29133,36.623,0
23.007,22.03,0.4954,0.29667,36.715,0
23.061,22.06,0.64514,0.304,36.824,0
23.118,22.09,0.71275,0.3121,36.916,0
23.198,22.121,0.70695,0.32699,37.014,0
23.198,22.154,0,0.33691,37.12,0
23.321,22.188,0.34173,0.3444,37.244,0
23.354,22.222,0.23399,0.34395,37.35,0
23.376,22.257,0.33256,0.34007,37.469,0
23.415,22.291,0.46925,0.34189,37.589,0
23.47,22.325,0.56193,0.34825,37.702,0
23.533,22.36,0.59578,0.35686,37.811,0
23.583,22.395,0.58234,0.36117,37.926,0
23.632,22.431,0.52756,0.3651,38.037,0
23.685,22.468,0.47583,0.37014,38.166,0
23.731,22.505,0.50088,0.3728,38.29,0
23.772,22.542,0.53774,0.37407,38.405,0
23.826,22.58,0.55196,0.37907,38.53,0
23.871,22.618,0.52253,0.38139,38.654,0
23.914,22.656,0.49237,0.38295,38.785,0
23.967,22.694,0.47237,0.38728,38.918,0
24.016,22.733,0.46369,0.39062,39.04,0
24.059,22.772,0.49893,0.39178,39.169,0
24.109,22.811,0.53953,0.39494,39.294,0
24.164,22.85,0.56659,0.39967,39.427,0
24.213,22.89,0.56711,0.40247,39.559,0
24.264,22.931,0.56201,0.40605,39.702,0
24.314,22.971,0.54764,0.40881,39.827,0
24.314,23.012,0,0.41541,39.959,0
24.42,23.054,0.52018,0.41602,40.095,0
24.47,23.095,0.52335,0.41831,40.224,0
24.47,23.137,0,0.41938,40.359,0
24.566,23.179,0.50854,0.42197,40.496,0
24.62,23.221,0.53827,0.42549,40.63,0
24.68,23.264,0.51017,0.43104,40.771,0
24.724,23.307,0.50178,0.43112,40.91,0
24.777,23.35,0.50857,0.43439,41.061,0
24.821,23.393,0.52286,0.43428,41.2,0
24.877,23.437,0.50649,0.4382,41.338,0
24.935,23.481,0.50542,0.44264,41.492,0
24.986,23.525,0.48956,0.44469,41.632,0
25.036,23.569,0.47228,0.44615,41.773,0
25.089,23.614,0.43377,0.44867,41.923,0
25.134,23.659,0.4409,0.44869,42.066,0
25.186,23.704,0.45707,0.45095,42.221,0
25.227,23.749,0.45398,0.44972,42.364,0
25.265,23.794,0.44095,0.44735,42.513,0
25.265,23.839,0,0.44767,42.657,0
25.359,23.883,0.42563,0.4487,42.804,0
25.405,23.928,0.42811,0.44903,42.958,0
25.449,23.973,0.44346,0.44896,43.112,0
25.499,24.018,0.4778,0.45041,43.251,0
25.553,24.063,0.50993,0.45287,43.39,0
25.611,24.108,0.52123,0.45666,43.53,0
25.665,24.154,0.51719,0.45906,43.675,0
25.665,24.2,0,0.46099,43.824,0
25.665,24.246,0,0.46431,43.968,0
25.665,24.292,0,0.46468,44.108,0
25.873,24.339,0.37866,0.4659,44.28,0
25.918,24.385,0.36427,0.46528,44.427,0
25.962,24.432,0.38325,0.46453,44.573,0
26.009,24.478,0.43911,0.46468,44.732,0
26.056,24.525,0.48597,0.46467,44.884,0
26.111,24.571,0.50125,0.46713,45.036,0
26.155,24.618,0.4686,0.46617,45.181,0
26.155,24.665,0,0.4645,45.333,0
26.238,24.711,0.34602,0.46304,45.482,0
26.279,24.757,0.33497,0.46115,45.631,0
26.32,24.804,0.33622,0.45961,45.777,0
26.32,24.85,0,0.45394,45.926,0
26.378,24.895,0.38218,0.4496,46.088,0
26.418,24.94,0.41316,0.44801,46.245,0
26.454,24.985,0.45905,0.44537,46.399,0
26.499,25.029,0.45093,0.44538,46.54,0
26.499,25.074,0,0.44269,46.685,0
26.578,25.118,0.34812,0.44224,46.825,0
26.604,25.162,0.29017,0.43661,46.968,0
26.64,25.206,0.25344,0.43391,47.104,0
26.673,25.249,0.25585,0.43098,47.253,0
26.7,25.292,0.24677,0.42599,47.391,0
26.733,25.335,0.28125,0.42292,47.536,0
26.762,25.377,0.34461,0.41882,47.684,0
26.799,25.419,0.36574,0.4174,47.829,0
26.84,25.461,0.41392,0.417,47.967,0
26.88,25.503,0.46449,0.41638,48.1,0
26.923,25.544,0.45577,0.41675,48.233,0
26.964,25.586,0.39608,0.41644,48.369,0
27,25.628,0.3178,0.4148,48.514,0
27.026,25.669,0.22595,0.4101,48.648,0
27.056,25.71,0.19588,0.40646,48.775,0
27.069,25.751,0.1988,0.39815,48.902,0
27.095,25.791,0.19546,0.39393,49.04,0
27.119,25.83,0.22208,0.3892,49.171,0
27.143,25.869,0.24162,0.38447,49.291,0
27.175,25.907,0.22538,0.38237,49.425,0
27.192,25.946,0.20379,0.37606,49.56,0
27.21,25.983,0.18771,0.37015,49.69,0
27.236,26.02,0.15969,0.36684,49.817,0
27.259,26.057,0.103,0.36254,49.943,0
27.265,26.093,0.047363,0.35333,50.054,0
27.278,26.128,-0.017174,0.34641,50.166,0
27.276,26.163,-0.061992,0.33541,50.272,0
27.274,26.197,-0.11625,0.32461,50.382,0
27.269,26.229,-0.18788,0.31325,50.48,0
27.247,26.26,-0.25327,0.2972,50.582,0
27.247,26.29,0,0.27763,50.679,0
27.185,26.318,-0.35847,0.26096,50.754,0
27.141,26.344,-0.39509,0.23971,50.839,0
27.092,26.368,-0.36596,0.21782,50.914,0
27.049,26.39,-0.34752,0.19838,50.99,0
27.008,26.41,-0.32305,0.17989,51.051,0
26.975,26.428,-0.31176,0.16475,51.106,0
26.947,26.444,-0.29658,0.15131,51.164,0.020441
26.916,26.459,-0.25037,0.13746,51.216,0
26.883,26.473,-0.25408,0.12324,51.261,0.036674
26.883,26.485,0,0.11398,51.301,0
26.84,26.497,-0.2566,0.10329,51.343,0.15056
26.815,26.507,-0.24603,0.092592,51.369,0.17435
26.796,26.516,-0.26863,0.084155,51.399,0.29192
26.763,26.525,-0.2451,0.071683,51.416,0.28308
26.734,26.532,-0.22767,0.060715,51.445,0.28686
26.705,26.538,-0.19174,0.050237,51.463,0.23312
26.688,26.543,-0.15231,0.043693,51.487,0.15443
26.688,26.547,0,0.039629,51.502,0
26.675,26.551,-0.060702,0.037271,51.515,0
26.662,26.555,0.0046996,0.032302,51.521,0
26.654,26.558,0.04076,0.028754,51.524,0
26.65,26.561,0.072308,0.02686,51.537,0
26.664,26.564,0.096658,0.030159,51.556,0
26.681,26.567,0.095977,0.034443,51.559,0
26.701,26.57,0.087074,0.039133,51.562,0
26.714,26.574,0.066134,0.042038,51.576,0
26.722,26.578,0.024834,0.043231,51.596,0
26.722,26.583,0,0.043209,51.61,0
26.724,26.587,-0.037216,0.04117,51.62,0
26.717,26.591,-0.09254,0.037862,51.638,0.027815
26.713,26.595,-0.1582,0.035458,51.659,0.21308
26.705,26.598,-0.26795,0.032149,51.663,0.57381
26.686,26.602,-0.33517,0.025313,51.67,0.85763
26.658,26.604,-0.4096,0.016085,51.673,1.217
26.607,26.606,-0.4343,0.00035359,51.672,1.4222
26.564,26.606,-0.4323,-0.0033605,51.679,1.5335
26.526,26.605,-0.39663,-0.006336,51.681,1.4752
26.479,26.605,-0.40102,-0.010074,51.662,1.6258
26.445,26.604,-0.42372,-0.012684,51.656,1.8259
26.412,26.603,-0.43325,-0.015268,51.63,1.9661
26.362,26.601,-0.44105,-0.019107,51.606,2.1465
26.312,26.599,-0.41018,-0.022994,51.58,2.1338
26.268,26.597,-0.38584,-0.026397,51.54,2.1362
26.225,26.594,-0.35534,-0.029644,51.501,2.1036
26.193,26.591,-0.37342,-0.03201,51.472,2.2775
26.155,26.588,-0.40665,-0.034851,51.424,2.552
26.122,26.585,-0.44419,-0.037302,51.38,2.8478
26.081,26.581,-0.46845,-0.040319,51.323,3.1015
26.041,26.577,-0.48987,-0.043325,51.277,3.3461
25.997,26.572,-0.46306,-0.046619,51.217,3.3148
25.945,26.568,-0.43705,-0.05046,51.165,3.3114
25.9,26.563,-0.46266,-0.053794,51.108,3.594
25.86,26.557,-0.50093,-0.056738,51.036,3.9488
25.81,26.552,-0.51276,-0.060492,50.967,4.1772
25.755,26.546,-0.55319,-0.064639,50.883,4.6201
25.699,26.539,-0.56225,-0.068811,50.81,4.8583
25.648,26.532,-0.53783,-0.072621,50.733,4.8437
25.648,26.525,0,-0.077382,50.645,1.9243
25.537,26.517,-0.50704,-0.080927,50.548,4.9656
25.488,26.509,-0.48876,-0.084522,50.446,4.9799
25.443,26.501,-0.40212,-0.087812,50.338,4.523
25.412,26.492,-0.25981,-0.090032,50.224,3.7369
25.385,26.483,-0.16897,-0.091794,50.115,3.3004
25.367,26.474,-0.10797,-0.0928,50.012,3.0213
25.359,26.465,-0.015544,-0.093017,49.909,2.5967
25.358,26.455,-0.0039546,-0.092527,49.806,2.5216
25.351,26.446,-0.036304,-0.092696,49.69,2.655
25.347,26.437,-0.0092329,-0.092569,49.585,2.5236
25.353,26.427,0.044661,-0.091522,49.467,2.2599
25.35,26.418,0.051712,-0.091355,49.353,2.2169
25.35,26.409,0,-0.091061,49.247,2.3986
25.342,26.4,0.020113,-0.090985,49.156,2.3126
25.335,26.391,0.010929,-0.091147,49.052,2.3451
25.332,26.382,-0.001753,-0.090867,48.938,2.3777
25.323,26.373,-0.0036494,-0.091122,48.841,2.3842
25.332,26.364,-0.020171,-0.089864,48.728,2.4041
25.334,26.355,-0.049078,-0.089229,48.626,2.498
25.333,26.346,-0.10715,-0.088792,48.525,2.7339
25.321,26.337,-0.19068,-0.089342,48.418,3.1459
25.321,26.328,0,-0.089942,48.317,2.2485
25.278,26.319,-0.38062,-0.092093,48.215,4.2969
25.245,26.31,-0.45731,-0.094533,48.11,4.8776
25.202,26.3,-0.52629,-0.097813,48.009,5.4807
25.15,26.29,-0.49317,-0.10193,47.901,5.3901
25.108,26.28,-0.43897,-0.10515,47.776,5.1174
25.06,26.27,-0.37543,-0.10889,47.659,4.8168
25.02,26.259,-0.36595,-0.11193,47.542,4.851
24.98,26.248,-0.36344,-0.11497,47.425,4.9304
24.94,26.236,-0.4313,-0.11795,47.304,5.4854
24.94,26.224,0,-0.12202,47.175,2.9546
24.848,26.212,-0.52361,-0.12522,47.033,6.4076
24.801,26.2,-0.49257,-0.12896,46.897,6.2928
24.757,26.187,-0.4801,-0.13239,46.753,6.306
24.704,26.174,-0.48036,-0.13668,46.608,6.4485
24.652,26.16,-0.52512,-0.14092,46.468,6.9396
24.606,26.146,-0.5929,-0.14461,46.313,7.617
24.551,26.131,-0.60591,-0.14914,46.164,7.8829
24.485,26.116,-0.57162,-0.15466,46.009,7.7783
24.427,26.101,-0.51268,-0.1596,45.845,7.4446
24.376,26.085,-0.48416,-0.16384,45.667,7.3363
24.338,26.069,-0.47809,-0.16689,45.494,7.3637
24.285,26.052,-0.52965,-0.17133,45.313,7.9182
24.231,26.035,-0.58005,-0.17596,45.125,8.4895
24.181,26.017,-0.62728,-0.18018,44.947,9.0389
24.111,25.999,-0.62092,-0.18646,44.763,9.1831
24.045,25.981,-0.56275,-0.19241,44.563,8.8316
23.981,25.961,-0.51875,-0.19811,44.37,8.6084
23.981,25.941,0,-0.20283,44.173,4.827
23.872,25.921,-0.52094,-0.20779,43.964,8.8753
23.829,25.9,-0.50007,-0.21152,43.752,8.7664
23.77,25.879,-0.4479,-0.21683,43.547,8.4518
23.732,25.858,-0.36549,-0.22,43.343,7.8278
23.705,25.836,-0.24827,-0.22219,43.122,6.9478
23.705,25.813,0,-0.2245,42.91,5.241
23.663,25.791,-0.050282,-0.22526,42.685,5.606
23.662,25.768,-0.054998,-0.22464,42.477,5.5599
23.661,25.746,-0.083101,-0.22397,42.259,5.6528
23.659,25.724,-0.080107,-0.22347,42.048,5.5629
23.658,25.701,-0.052848,-0.22274,41.843,5.3235
23.656,25.679,-0.0021198,-0.2221,41.629,4.9582
23.648,25.657,0.10305,-0.22221,41.423,4.3513
23.658,25.634,0.19953,-0.22008,41.23,3.7963
23.658,25.612,0,-0.21667,41.034,4.7329
23.694,25.591,0.18638,-0.21406,40.849,3.6328
23.711,25.569,0.18331,-0.21121,40.659,3.5415
23.722,25.548,0.13828,-0.20889,40.474,3.651
23.738,25.527,0.12065,-0.20591,40.303,3.6279
23.742,25.507,0.1393,-0.20441,40.134,3.4764
23.753,25.486,0.16587,-0.20204,39.953,3.2735
23.774,25.466,0.15499,-0.19857,39.778,3.2114
23.782,25.446,0.16979,-0.19639,39.612,3.0731
23.805,25.427,0.18284,-0.19251,39.453,2.9118
23.815,25.407,0.21382,-0.1901,39.297,2.7169
23.829,25.388,0.26039,-0.18724,39.138,2.4671
23.861,25.37,0.26485,-0.18218,38.99,2.3344
23.878,25.351,0.2622,-0.179,38.836,2.262
23.904,25.334,0.2266,-0.17457,38.689,2.2797
23.918,25.316,0.22149,-0.17161,38.551,2.2234
23.933,25.299,0.20587,-0.1685,38.417,2.2014
23.957,25.282,0.18603,-0.16428,38.277,2.1738
23.981,25.266,0.23427,-0.16013,38.149,1.9248
24.011,25.25,0.30961,-0.1551,38.02,1.6049
24.033,25.234,0.34406,-0.15113,37.892,1.4391
24.068,25.219,0.29184,-0.14546,37.783,1.4749
24.106,25.204,0.27095,-0.13945,37.662,1.4244
24.132,25.19,0.21803,-0.1349,37.563,1.4887
24.164,25.177,0.18613,-0.12972,37.451,1.4863
24.172,25.164,0.1639,-0.12736,37.359,1.5052
24.182,25.151,0.2337,-0.12503,37.262,1.2638
24.214,25.139,0.29691,-0.11964,37.167,1.0227
24.242,25.127,0.31596,-0.11489,37.082,0.90884
24.272,25.115,0.28592,-0.10985,36.989,0.89717
24.303,25.104,0.23634,-0.10477,36.906,0.93198
24.326,25.094,0.18699,-0.10072,36.825,0.98746
24.353,25.084,0.16106,-0.09613,36.747,0.9807
24.363,25.074,0.16164,-0.09381,36.674,0.94049
24.363,25.065,0,-0.089967,36.603,1.4017
24.41,25.056,0.19653,-0.085665,36.528,0.73306
24.426,25.047,0.17191,-0.082633,36.467,0.74428
24.442,25.039,0.11472,-0.079596,36.406,0.8378
24.463,25.031,0.019384,-0.075921,36.352,1.0444
24.461,25.023,0.026472,-0.075361,36.291,1.0113
24.463,25.016,-0.031876,-0.074148,36.238,1.1692
24.467,25.008,-0.032522,-0.072801,36.18,1.1466
24.459,25.001,-0.041289,-0.073072,36.12,1.1758
24.451,24.994,0.024582,-0.073326,36.075,0.97415
24.453,24.987,-0.043098,-0.072209,36.014,1.1621
24.446,24.979,-0.034267,-0.072418,35.958,1.1338
24.438,24.972,-0.071987,-0.072644,35.913,1.2595
24.432,24.965,-0.094612,-0.072616,35.859,1.3342
24.414,24.958,-0.17995,-0.074249,35.801,1.6793
24.391,24.95,-0.22143,-0.076575,35.736,1.8878
24.375,24.942,-0.29292,-0.07784,35.689,2.2282
24.337,24.935,-0.33707,-0.082139,35.641,2.5214
24.296,24.926,-0.33707,-0.086897,35.582,2.6095
24.254,24.918,-0.37356,-0.091754,35.514,2.8896
24.218,24.909,-0.42468,-0.095687,35.451,3.2464
24.179,24.899,-0.45251,-0.10005,35.388,3.4933
24.142,24.889,-0.50977,-0.10403,35.306,3.9215
24.142,24.879,0,-0.10948,35.232,1.4282
24.042,24.868,-0.56891,-0.11582,35.146,4.5542
23.985,24.856,-0.49255,-0.12264,35.057,4.1833
23.945,24.844,-0.42093,-0.127,34.971,3.817
23.903,24.831,-0.3974,-0.13162,34.881,3.7591
23.862,24.818,-0.41079,-0.13601,34.788,3.9165
23.813,24.804,-0.48326,-0.14164,34.687,4.4769
23.762,24.79,-0.58594,-0.14755,34.583,5.3033
23.712,24.775,-0.66868,-0.15339,34.475,6.0505
23.647,24.76,-0.68038,-0.16122,34.37,6.3082
23.574,24.744,-0.65873,-0.17016,34.264,6.321
23.517,24.727,-0.62045,-0.17695,34.144,6.1471
23.452,24.709,-0.60275,-0.18482,34.014,6.1586
23.396,24.691,-0.6382,-0.1915,33.883,6.5617
23.33,24.672,-0.65998,-0.19948,33.751,6.8914
23.274,24.652,-0.69872,-0.20615,33.608,7.3377
23.211,24.631,-0.75154,-0.21367,33.475,7.9482
23.127,24.61,-0.78717,-0.22453,33.328,8.4962
23.042,24.587,-0.7503,-0.23541,33.176,8.363
22.959,24.564,-0.70033,-0.24618,33.024,8.1093
22.959,24.539,0,-0.25625,32.865,3.3028
22.808,24.514,-0.59488,-0.26545,32.686,7.5145
22.746,24.487,-0.55338,-0.2731,32.508,7.2763
22.689,24.46,-0.55568,-0.27982,32.34,7.3804
22.631,24.432,-0.56527,-0.28679,32.167,7.5456
22.575,24.403,-0.54138,-0.29352,31.981,7.4222
22.511,24.374,-0.50194,-0.30153,31.798,7.2027
22.455,24.343,-0.42904,-0.30813,31.62,6.7084
22.406,24.313,-0.35199,-0.31402,31.421,6.1914
22.377,24.281,-0.24628,-0.31626,31.23,5.4623
22.354,24.25,-0.16545,-0.31743,31.05,4.932
22.343,24.218,-0.074724,-0.31669,30.862,4.358
22.329,24.186,0.0092267,-0.31644,30.676,3.8767
22.32,24.155,0.06649,-0.31503,30.498,3.5433
22.334,24.123,0.09359,-0.31009,30.309,3.3089
22.352,24.092,0.13054,-0.3041,30.125,3.0329
22.364,24.062,0.16448,-0.29911,29.954,2.7995
22.376,24.032,0.15519,-0.29393,29.795,2.736
22.387,24.002,0.17176,-0.28888,29.634,2.5803
22.411,23.973,0.18935,-0.2818,29.469,2.4026
22.427,23.945,0.2167,-0.27589,29.309,2.2143
22.451,23.918,0.23381,-0.2684,29.164,2.0531
22.477,23.891,0.29845,-0.26043,29.025,1.7621
22.499,23.865,0.2761,-0.25312,28.891,1.7287
22.535,23.84,0.1193,-0.24332,28.763,2.0833
22.556,23.815,-0.51179,-0.2364,28.628,5.1624
22.512,23.792,-1.6013,-0.24155,28.511,17.641
22.352,23.767,-2.6915,-0.26903,28.382,46.014
22.084,23.74,-3.381,-0.31715,28.238,79.509
21.745,23.709,-3.4036,-0.3794,28.053,82.117
21.399,23.671,-2.8105,-0.44403,27.833,54.789
21.113,23.626,-1.9115,-0.49714,27.597,29.115
20.917,23.577,-1.1743,-0.53274,27.347,16.596
20.8,23.523,-0.65391,-0.55292,27.088,10.674
20.738,23.468,-0.57571,-0.56215,26.812,9.8952
20.671,23.412,-0.70484,-0.57272,26.532,11.098
20.61,23.355,-0.83451,-0.58188,26.261,12.404
20.53,23.296,-0.87713,-0.59536,25.98,12.874
20.446,23.237,-0.94474,-0.60939,25.709,13.661
20.352,23.176,-1.0805,-0.62629,25.425,15.372
20.242,23.113,-1.1564,-0.64716,25.135,16.456
20.127,23.049,-1.0878,-0.66911,24.846,15.616
20.015,22.982,-0.95384,-0.69112,24.543,13.988
19.912,22.913,-0.92136,-0.71134,24.238,13.608
19.814,22.841,-0.91478,-0.72964,23.946,13.51
19.726,22.769,-0.90391,-0.74677,23.634,13.313
19.637,22.694,-0.81897,-0.76387,23.327,12.298
19.546,22.617,-0.74537,-0.78188,23.017,11.458
19.471,22.539,-0.69688,-0.79561,22.707,10.848
19.471,22.46,0,-0.80615,22.404,5.3718
19.334,22.379,-0.74357,-0.81957,22.1,11.002
19.269,22.297,-0.85731,-0.82984,21.805,11.998
19.188,22.214,-0.99727,-0.84563,21.496,13.418
19.091,22.13,-1.0875,-0.866,21.188,14.392
18.988,22.043,-1.1097,-0.88855,20.877,14.553
18.867,21.954,-1.1199,-0.91562,20.576,14.605
18.764,21.863,-1.0886,-0.93797,20.268,14.068
18.656,21.769,-1.0218,-0.96265,19.95,13.12
18.546,21.673,-0.92285,-0.98708,19.643,11.87
18.457,21.574,-0.82622,-1.0046,19.34,10.681
18.367,21.473,-0.7288,-1.023,19.031,9.5679
18.299,21.371,-0.65159,-1.0332,18.731,8.667
18.241,21.268,-0.5945,-1.0414,18.417,7.9532
18.181,21.164,-0.57404,-1.0489,18.115,7.5564
18.127,21.059,-0.55284,-1.0533,17.824,7.1598
18.079,20.953,-0.53509,-1.0545,17.543,6.7928
18.027,20.848,-0.50002,-1.0581,17.251,6.3217
17.979,20.742,-0.4385,-1.0583,16.977,5.7112
17.929,20.636,-0.30699,-1.0602,16.697,4.776
17.897,20.53,-0.18621,-1.0541,16.42,4.005
17.885,20.425,-0.037559,-1.0384,16.157,3.2422
17.89,20.321,0.1151,-1.0136,15.91,2.6188
17.905,20.22,0.26072,-0.98441,15.672,2.1609
17.937,20.121,0.33357,-0.94524,15.454,1.8958
17.937,20.027,0,-0.90772,15.241,2.4061
18.007,19.936,0.43165,-0.86281,15.058,1.5233
18.053,19.85,0.41729,-2.9,14.879,20.08
18.091,19.56,0.35586,-2.9,14.72,23.325
18.091,19.27,0,-2.9,14.588,23.069
18.156,18.98,0.25892,-2.9,14.482,32.194
18.177,18.69,0.25339,-0.22957,14.42,0.16617
18.2,18.667,0.2573,-0.20983,14.375,0.11278
18.2,18.646,0,-0.19127,14.329,0.51299
18.243,18.627,0.24427,-2.9,14.29,41.289
18.272,18.337,0.2185,-0.028793,14.271,0
18.287,18.334,0.16872,-0.020792,14.263,0
18.299,18.332,0.10876,-0.014454,14.267,0
18.304,18.33,0.097016,-0.011808,14.271,0
18.319,18.329,0.12587,-0.004318,14.268,0
18.327,18.329,0.18212,-0.00083955,14.265,0
18.335,18.328,0.22702,0.0011922,14.262,0
18.335,18.329,0,0.0053524,14.263,0
18.381,18.329,0.31873,0.0091666,14.275,0
18.404,18.33,0.30942,0.013212,14.286,0
18.428,18.331,0.27496,0.017212,14.293,0
18.465,18.333,0.19571,0.023577,14.302,0
18.485,18.335,0.13622,0.026652,14.324,0
18.496,18.338,0.055566,0.028235,14.338,0
18.505,18.341,-0.025619,0.029271,14.356,0
18.495,18.344,-0.1192,0.027063,14.375,0.010899
18.495,18.347,0,0.024406,14.39,0
18.475,18.349,-0.17851,0.022573,14.398,0.21514
18.475,18.351,0,0.020396,14.411,0
18.449,18.353,-0.20211,0.017215,14.44,0.34231
18.425,18.355,-0.16838,0.012549,14.441,0.29295
18.411,18.356,-0.15386,0.0099077,14.439,0.27948
18.389,18.357,-0.13424,0.0057302,14.446,0.26861
18.376,18.358,-0.1284,0.0033106,14.454,0.27775
18.376,18.358,0,-0.0011687,14.456,0
18.351,18.358,-0.1306,-0.0030196,14.465,0.32637
18.337,18.358,-0.15833,-0.0088872,14.466,0.42135
18.329,18.357,-0.22457,-0.012224,14.46,0.63699
18.312,18.356,-0.28996,-0.019256,14.448,0.88459
18.278,18.354,-0.37508,-0.033142,14.434,1.2583
18.241,18.35,-0.41529,-0.048115,14.415,1.4737
18.193,18.346,-0.43859,-0.067012,14.412,1.6324
18.141,18.339,-0.44478,-0.087356,14.388,1.717
18.101,18.33,-0.42208,-0.10128,14.368,1.6503
18.068,18.32,-0.40056,-0.11149,14.339,1.5803
18.037,18.309,-0.40042,-0.12092,14.304,1.6028
17.994,18.297,-0.402,-0.13486,14.27,1.6447
17.959,18.283,-0.40811,-0.14487,14.23,1.695
17.959,18.269,0,-0.15773,14.198,0.30296
17.871,18.253,-0.44623,-0.17239,14.146,1.9338
17.83,18.236,-0.45033,-4.4,14.111,938.51
17.83,17.796,0,-0.0018002,14.093,0
17.74,17.796,-0.47398,-0.024526,14.081,1.6785
17.74,17.793,0,-0.047741,14.076,0.0096206
17.74,17.788,0,-0.06311,14.071,0
17.593,17.782,-0.43791,-0.083733,14.061,1.6722
17.549,17.774,-0.42965,-0.099481,14.04,1.6763
17.505,17.764,-0.46227,-0.11474,14.023,1.8699
17.505,17.752,0,-0.12773,13.998,0.23778
17.419,17.74,-0.48707,-0.14301,13.965,2.0631
17.363,17.725,-0.47558,-0.16231,13.936,2.0561
17.312,17.709,-0.45242,-0.17816,13.905,1.9837
17.26,17.691,-0.45706,-0.19466,13.856,2.0434
17.22,17.672,-0.47348,-4.4,13.821,894.55
17.174,17.232,-0.451,-0.025611,13.787,1.5725
17.124,17.229,-0.44756,-0.046668,13.776,1.6145
17.124,17.224,0,-0.061005,13.766,0.078785
17.037,17.218,-0.40205,-0.080563,13.74,1.5
17.003,17.21,-0.37208,-0.092254,13.728,1.4023
16.96,17.201,-0.38912,-0.10745,13.711,1.5151
16.96,17.19,0,-0.1192,13.688,0.22238
16.89,17.178,-0.38214,-0.12869,13.672,1.5394
16.851,17.166,-0.33318,-0.14096,13.634,1.3659
16.821,17.151,-0.31264,-0.14839,13.611,1.3028
16.793,17.137,-0.27476,-4.4,13.568,646.27
16.793,16.697,0,0.015583,13.555,0
16.756,16.698,-0.30633,0.011587,13.569,0.77173
16.727,16.699,-0.34698,0.005451,13.567,0.99207
16.686,16.7,-0.36862,-0.0060903,13.576,1.156
16.652,16.699,-0.41586,-0.02087,13.582,1.4005
16.61,16.697,-0.43828,-0.038194,13.584,1.5511
16.566,16.693,-0.45772,-0.055848,13.575,1.6917
16.524,16.688,-0.46789,-0.071983,13.559,1.7854
16.481,16.681,-0.49216,-0.08797,13.532,1.9477
16.422,16.672,-0.49746,-0.11007,13.502,2.0344
16.378,16.661,-0.52203,-0.12492,13.485,2.2003
16.334,16.648,-0.56095,-0.13912,13.46,2.445
16.278,16.634,-0.60331,-0.15881,13.417,2.7325
16.224,16.618,-0.59422,-0.17581,13.388,2.7246
16.159,16.601,-0.58313,-0.19825,13.341,2.717
16.159,16.581,0,-0.21695,13.297,0.41043
16.047,16.559,-0.52182,-4.4,13.248,899
16.001,16.119,-0.48571,-0.052393,13.206,1.8138
15.952,16.114,-0.50435,-0.071709,13.2,1.9606
15.894,16.107,-0.57823,-0.094202,13.187,2.4144
15.831,16.098,-0.66055,-0.11817,13.172,2.9625
15.762,16.086,-0.69059,-0.14407,13.138,3.2206
15.697,16.071,-0.62644,-0.16683,13.105,2.8877
15.635,16.055,-0.50106,-0.18787,13.07,2.2537
15.591,16.036,-0.30686,-0.19964,13.031,1.4148
15.559,16.016,-0.13121,-4.4,12.98,422.19
15.559,15.576,0,-0.011692,12.956,0.010759
15.541,15.575,-0.085106,-0.014767,12.955,0.23594
15.523,15.573,-0.15377,-0.022057,12.944,0.44258
15.511,15.571,-0.22656,-0.026604,12.938,0.68177
15.482,15.568,-0.24948,-0.03804,12.924,0.78994
15.456,15.565,-0.1989,-0.04808,12.921,0.64883
15.444,15.56,-0.14382,-0.050929,12.909,0.48912
15.436,15.555,-0.13631,-0.052224,12.9,0.47081
15.43,15.549,-0.15768,-0.053024,12.88,0.53417
15.422,15.544,-0.20055,-0.054126,12.861,0.66817
15.394,15.539,-0.25517,-0.064198,12.852,0.87734
15.365,15.532,-0.31133,-0.074473,12.838,1.1102
15.329,15.525,-0.3032,-0.087157,12.828,1.1127
15.304,15.516,-0.31993,-0.094725,12.803,1.1956
15.279,15.507,-0.35888,-0.10186,12.776,1.369
15.234,15.497,-0.39292,-4.4,12.748,1169
15.197,15.057,-0.46545,0.031464,12.735,1.2601
15.144,15.06,-0.50965,0.018786,12.754,1.5951
15.095,15.062,-0.50726,0.0074029,12.768,1.6984
15.045,15.062,-0.47616,-0.0072937,12.775,1.6419
14.998,15.062,-0.44794,-0.027549,12.779,1.5676
14.949,15.059,-0.36936,-0.047623,12.763,1.2782
14.949,15.054,0,-0.063334,12.752,0.08246
14.883,15.048,-0.30947,-0.072013,12.719,1.1053
14.843,15.04,-0.26072,-0.086229,12.708,0.96417
14.823,15.032,-0.17063,-0.091374,12.685,0.67943
14.812,15.023,-0.09663,-0.09234,12.663,0.46987
14.808,15.014,-0.023155,-0.090377,12.638,0.28287
14.81,15.004,-0.0080863,-0.085517,12.62,0.23605
14.803,14.996,-0.0026994,-0.085109,12.6,0.22251
14.799,14.987,-0.068696,-0.08327,12.586,0.3709
14.799,14.979,0,-0.081839,12.568,0.19737
14.783,14.971,-0.19563,-0.083392,12.549,0.72937
14.755,14.963,-0.15189,-0.092069,12.537,0.61767
