20.278,20.278,-0.10254,0,35.5,0.2424
20.269,20.278,-0.29768,-0.00099493,35.503,0.88178
20.249,20.278,-0.22678,-0.0032054,35.499,0.67664
20.22,20.277,-0.27815,-0.0063155,35.499,0.92412
20.187,20.277,-0.29145,-0.0098856,35.502,1.0524
20.163,20.276,-0.34027,-0.012456,35.487,1.3066
20.139,20.274,-0.38646,-0.014989,35.473,1.567
20.092,20.273,-0.51437,-0.020106,35.46,2.3308
20.046,20.271,-0.58104,-0.02495,35.442,2.841
19.995,20.268,-0.68389,-0.030396,35.409,3.6512
19.995,20.265,0,-0.03719,35.382,0.49874
19.866,20.262,-0.83352,-0.044175,35.323,5.1934
19.866,20.257,0,-0.052886,35.284,0.73881
19.699,20.252,-0.99188,-0.061903,35.225,7.2103
19.601,20.246,-1.0883,-0.072379,35.159,8.5778
19.601,20.239,0,-0.084862,35.095,1.2515
19.36,20.23,-1.5172,-0.098373,35.002,15.243
19.207,20.22,-1.7495,-0.11489,34.907,19.965
19.03,20.209,-1.9555,-0.13442,34.792,25.066
18.834,20.195,-2.1355,-0.15601,34.659,30.334
18.628,20.18,-2.2696,-0.17902,34.507,34.983
18.406,20.162,-2.339,-0.20395,34.347,38.165
18.182,20.141,-2.46,-0.22934,34.169,43.041
17.938,20.119,-2.6456,-0.25742,33.96,50.548
17.668,20.093,-2.8428,-0.28904,33.738,59.415
17.377,20.064,-2.9807,-0.32366,33.487,66.671
17.078,20.031,-3.1076,-0.36005,33.215,73.877
16.759,19.995,-3.1661,-0.40004,32.898,78.205
16.445,19.955,-3.1069,-0.44054,32.553,76.967
16.125,19.911,-2.9916,-0.48271,32.198,73.43
15.817,19.863,-2.8879,-0.5249,31.807,70.577
15.536,19.811,-2.8253,-0.56512,31.391,69.342
15.262,19.754,-2.7713,-0.60614,30.946,68.415
14.991,19.694,-2.7642,-0.64807,30.491,69.212
14.707,19.629,-2.8044,-0.69395,30.008,71.813
14.425,19.559,-2.9052,-0.74131,29.512,76.753
14.133,19.485,-3.0243,-0.79242,28.993,82.646
13.821,19.406,-3.1455,-0.84911,28.455,88.944
13.508,19.321,-3.2159,-0.90906,27.894,93.078
13.188,19.23,-3.2016,-0.97388,27.303,93.28
12.862,19.133,-3.1423,-1.0442,26.679,91.388
12.551,19.028,-2.9585,-1.1156,26.045,84.172
12.265,18.917,-2.7258,-1.188,25.38,75.542
12.265,18.798,0,-1.263,24.721,17.364
11.742,18.672,-2.3216,-1.336,24.026,62.156
11.519,18.538,-2.0825,-1.4099,23.326,54.95
11.317,18.397,-1.8225,-1.484,22.619,47.756
11.131,18.249,-1.5177,-1.5579,21.917,40.249
10.976,18.093,-1.168,-1.6307,21.198,32.699
10.976,17.93,0,-1.6987,20.494,16.005
10.775,17.76,-0.49201,-1.7567,19.792,20.788
10.729,17.584,-0.25517,-1.8075,19.108,17.095
10.704,17.404,-0.13584,-1.8533,18.436,14.871
10.696,17.218,-0.15678,-1.8942,17.775,13.936
10.685,17.029,-0.29467,-1.9337,17.136,14.019
10.649,16.835,-0.5463,-1.9786,16.52,15.278
10.587,16.638,-0.76852,-2.0353,15.899,16.444
10.587,16.434,0,-2.0956,15.304,8.8243
10.401,16.224,-1.349,-2.168,14.707,21.427
10.275,16.008,-1.469,-2.2485,14.125,21.867
10.118,15.783,-1.5604,-2.3395,13.564,21.918
9.9653,15.549,-1.6815,-2.4337,13,22.384
9.7998,15.306,-1.7339,-4.4,12.443,5.6874
9.6198,14.866,-1.6149,-4.4,11.913,5.2775
9.4566,14.426,-1.5801,-4.4,11.401,5.4955
9.2931,13.986,-1.652,-4.4,10.917,5.7435
9.1329,13.546,-1.6898,-4.4,10.462,6.5556
8.9729,13.106,-1.5735,-4.4,10.035,9.5773
8.8113,12.666,-1.5084,-4.4,9.6435,13.699
8.6662,12.226,-1.4791,-4.4,9.2778,19.616
8.5146,11.786,-1.2889,-5.2,8.9301,553.35
8.3907,11.266,-1.1988,-5.2,8.6249,0
8.2808,10.746,-1.2713,-5.2,8.3649,0
8.1532,10.226,-1.4436,-5.2,8.1305,0
8.0021,9.7055,-1.4409,-5.2,7.9356,0
7.8533,9.1855,-1.2266,-5.2,7.7816,0
7.7211,8.6655,-0.83082,-5.2,7.6675,320.25
7.6477,8.1455,-0.33051,-5.2,7.5854,176.22
7.6083,7.6255,0.14901,-5.2,7.5619,144.66
7.626,7.1055,0.42695,-5.2,7.5781,138.99
7.6737,6.5855,0.52931,-5.2,7.6613,140.39
7.719,6.0655,0.72893,-8.8,7.7964,132.73
7.8005,5.1855,0.934,2.2951,8.0174,0
7.8882,5.415,1.177,2.0773,8.2774,0
8.0128,5.6227,1.5593,1.9324,8.5102,0
8.1647,5.816,1.8628,1.839,8.7464,0
8.3418,5.9999,2.0247,1.7825,8.9821,0
8.5371,6.1781,2.0916,1.7483,9.2099,0
8.7525,6.353,2.1743,1.737,9.4519,0
8.9779,6.5267,2.1198,1.7361,9.7018,0
9.1835,6.7003,2.1127,1.7229,9.9579,0
9.397,6.8726,2.071,1.7176,10.217,0
9.6053,7.0443,2.1152,1.7097,10.476,0
9.8079,7.2153,2.1084,1.7001,10.74,0
10.01,7.3853,2.2181,1.692,11.008,0
10.232,7.5545,2.2911,1.6995,11.283,0
10.458,7.7244,2.3751,1.7074,11.556,0
10.703,7.8952,2.4222,1.7266,11.831,0.048782
10.942,8.0678,2.5084,1.7406,12.114,0.45782
11.195,8.2419,2.5334,1.7627,12.402,0.59445
11.447,8.4182,2.5599,1.7826,12.701,0.75001
11.708,8.5964,2.5664,1.8053,13.001,0.81456
11.968,8.777,2.5363,1.8266,13.315,0.71358
11.968,8.9596,0,1.8472,13.624,0
11.968,9.1443,0,1.8655,13.916,0
12.739,9.3309,2.4561,1.879,14.32,0.48634
12.986,9.5188,2.4186,1.889,14.666,0.38232
13.22,9.7077,2.3981,1.89,15.008,0.38483
13.469,9.8967,2.3807,1.9009,15.368,0.36942
13.707,10.087,2.3689,1.9048,15.726,0.4013
13.94,10.277,2.343,1.9057,16.083,0.3763
14.166,10.468,2.356,1.9039,16.448,0.54169
14.398,10.658,2.3692,1.9049,16.811,0.70616
14.636,10.849,2.3798,1.9101,17.191,0.84405
14.873,11.04,2.3769,1.9146,17.57,0.92052
15.108,11.231,2.3557,1.9188,17.958,0.90101
15.347,11.423,2.311,1.9238,18.341,0.76315
15.585,11.615,2.282,1.9283,18.732,0.70473
15.821,11.808,2.2428,1.932,19.127,0.59505
16.049,12.001,2.2148,1.9327,19.536,0.54167
16.049,12.195,0,1.9279,19.931,0
16.481,12.388,2.21,1.9232,20.359,0.71877
16.711,12.58,2.1966,1.9248,20.76,0.74441
16.711,12.772,0,1.9178,21.164,0
17.14,12.964,2.2227,1.9151,21.577,1.0952
17.14,13.156,0,1.9141,21.985,0
17.575,13.347,2.2436,1.9106,22.413,1.4099
17.575,13.538,0,1.916,22.826,0
18.033,13.73,2.2635,1.9175,23.268,1.7027
18.259,13.921,2.2676,1.9194,23.696,1.8238
18.492,14.113,2.2433,1.9251,24.135,1.7721
18.724,14.306,2.23,1.9296,24.573,1.7877
18.724,14.499,0,1.9345,25.005,0
18.724,14.692,0,1.9342,25.418,0
19.386,14.886,2.1286,1.9281,25.906,1.494
19.608,15.079,2.0476,1.9292,26.364,1.1183
19.814,15.271,1.9593,1.9231,26.821,0.71681
20.009,15.464,1.8513,1.9132,27.282,0.21811
20.195,15.655,1.6706,1.8996,27.732,0
20.195,15.845,0,1.8774,28.177,0
20.509,16.033,1.1854,1.852,28.637,0
20.63,16.218,0.91506,1.8157,29.082,0
20.717,16.4,0.70954,1.7671,29.519,0
20.784,16.576,0.62535,1.7132,29.94,0
20.845,16.748,0.62004,1.66,30.353,0
20.905,16.914,0.60632,1.6092,30.754,0
20.973,17.074,0.6137,1.5648,31.151,0
21.034,17.231,0.57784,1.5206,31.544,0
21.089,17.383,0.53504,1.4757,31.922,0
21.142,17.531,0.45232,1.4321,32.281,0
21.142,17.674,0,1.3846,32.635,0
21.219,17.812,0.42975,1.3412,32.99,0
21.264,17.946,0.41033,1.3014,33.326,0
21.309,18.077,0.37268,1.2634,33.646,0
21.35,18.203,0.34523,1.2263,33.964,0
21.39,18.325,0.31953,1.1904,34.283,0
21.421,18.445,0.31695,1.1526,34.578,0
21.462,18.56,0.3153,1.1205,34.867,0
21.494,18.672,0.28195,1.0863,35.148,0
21.515,18.78,0.29599,1.0498,35.419,0
21.543,18.885,0.31705,1.0176,35.694,0
21.576,18.987,0.32098,0.98901,35.957,0
21.602,19.086,0.31741,0.95852,36.205,0
21.602,19.182,0,0.93256,36.452,0
21.664,19.275,0.27577,0.90641,36.707,0
21.694,19.366,0.26428,0.88143,36.939,0
21.726,19.454,0.25984,0.85822,37.161,0
21.745,19.54,0.28543,0.83137,37.388,0
21.784,19.623,0.33244,0.81287,37.601,0
21.815,19.704,0.36681,0.79249,37.805,0
21.857,19.783,0.34064,0.7769,38.006,0
21.891,19.861,0.30916,0.75914,38.208,0
21.923,19.937,0.27694,0.74168,38.415,0
21.956,20.011,0.24002,0.72501,38.605,0
21.976,20.084,0.21656,0.70423,38.793,0
21.976,20.154,0,0.68687,38.979,0
22.022,20.223,0.22958,0.66744,39.156,0
22.05,20.29,0.26232,0.65216,39.339,0
22.085,20.355,0.30506,0.64,39.523,0
22.113,20.419,0.29011,0.62574,39.685,0
22.151,20.481,0.28483,0.61583,39.844,0
22.176,20.543,0.29566,0.60156,40.011,0
22.21,20.603,0.28215,0.59086,40.164,0
22.21,20.662,0,0.57728,40.322,0
22.263,20.72,0.26569,0.56627,40.487,0
22.285,20.777,0.25337,0.55295,40.64,0
22.312,20.832,0.20675,0.54207,40.797,0
22.325,20.886,0.14314,0.52637,40.947,0
22.335,20.939,0.09954,0.51009,41.098,0
22.34,20.99,0.097911,0.49298,41.24,0
22.342,21.039,0.11691,0.47516,41.376,0
22.342,21.087,0,0.46003,41.504,0
22.352,21.133,0.11367,0.44378,41.623,0
22.366,21.177,0.13272,0.43235,41.752,0
22.38,21.22,0.14491,0.4213,41.867,0
22.395,21.262,0.16024,0.41111,41.976,0
22.408,21.303,0.21989,0.40033,42.083,0
22.422,21.343,0.31141,0.39073,42.202,0
22.453,21.383,0.35292,0.38773,42.317,0
22.482,21.421,0.40916,0.384,42.432,0
22.53,21.46,0.4463,0.38696,42.546,0
22.582,21.498,0.49461,0.39168,42.658,0
22.629,21.538,0.46109,0.39405,42.767,0
22.685,21.577,0.48607,0.39975,42.885,0
22.685,21.617,0,0.40266,42.994,0
22.789,21.657,0.65789,0.40786,43.123,0
22.863,21.698,0.78423,0.41962,43.234,0
22.94,21.74,0.88723,0.432,43.348,0
23.023,21.783,0.91996,0.44584,43.463,0
23.119,21.828,0.91534,0.46386,43.595,0
23.218,21.874,0.91149,0.48231,43.735,0
23.314,21.922,0.90975,0.49915,43.871,0
23.406,21.972,0.95334,0.51366,44.01,0
23.509,22.024,1.0405,0.53167,44.154,0
23.619,22.077,1.11,0.55148,44.296,0
23.734,22.132,1.1334,0.57236,44.452,0
23.857,22.189,1.1667,0.59513,44.613,0
23.976,22.249,1.1985,0.61574,44.781,0
24.091,22.31,1.2216,0.63387,44.965,0
24.203,22.374,1.2252,0.65055,45.149,0
24.329,22.439,1.213,0.67147,45.342,0
24.443,22.506,1.2106,0.68716,45.527,0
24.565,22.575,1.2717,0.7052,45.723,0
24.685,22.645,1.3016,0.72166,45.915,0
24.812,22.717,1.3514,0.74002,46.12,0.18494
24.94,22.791,1.428,0.75841,46.338,0.50579
25.092,22.867,1.4386,0.78432,46.566,0.54666
25.092,22.946,0,0.80328,46.785,0
25.363,23.026,1.3273,0.82165,47.039,0.0588
25.363,23.108,0,0.83978,47.269,0
25.625,23.192,1.1769,0.853,47.52,0
25.741,23.277,1.1848,0.86219,47.763,0
25.855,23.364,1.2539,0.87065,48.006,0
25.982,23.451,1.3286,0.88327,48.261,0.07459
26.122,23.539,1.4122,0.89974,48.508,0.45604
26.259,23.629,1.464,0.91447,48.773,0.70714
26.41,23.72,1.4444,0.93387,49.042,0.6225
26.558,23.814,1.2849,0.95134,49.318,0
26.684,23.909,1.0985,0.96062,49.602,0
26.684,24.005,0,0.9657,49.875,0
26.912,24.101,1.0715,0.96945,50.152,0
27.025,24.198,1.1097,0.97341,50.44,0
27.145,24.296,1.2738,0.9794,50.725,0
27.276,24.394,1.4999,0.98887,51.002,0.98581
27.276,24.493,0,1.0025,51.285,0
27.578,24.593,1.5958,1.0206,51.587,1.5266
27.746,24.695,1.5553,1.0414,51.889,1.3356
27.91,24.799,1.4929,1.06,52.192,1.0319
28.054,24.905,1.4391,1.0708,52.497,0.77444
28.204,25.012,1.3859,1.0834,52.808,0.52419
28.352,25.12,1.3911,1.0949,53.137,0.56905
28.493,25.23,1.4654,1.1036,53.471,0.97428
28.645,25.34,1.4862,1.1158,53.794,1.1112
28.786,25.452,1.4568,1.1236,54.136,0.97564
28.938,25.564,1.4023,1.1352,54.474,0.71111
29.087,25.678,1.3897,1.1448,54.817,0.66856
29.219,25.792,1.3442,4.8,55.15,4.4918
29.346,26.272,1.3299,1.0043,55.481,0.52633
29.481,26.373,1.31,1.0138,55.781,0.44522
29.613,26.474,1.3141,4.8,56.083,5.9292
29.746,26.954,1.34,0.88649,56.373,0.71833
29.884,27.043,1.377,0.90094,56.646,0.92451
29.884,27.133,0,4.8,56.926,21.846
30.156,27.613,1.3728,0.78567,57.205,0.98178
30.294,27.691,1.3992,0.80372,57.471,1.1367
30.429,27.772,1.4084,0.81985,57.726,1.2082
30.429,27.854,0,4.8,57.988,22.887
30.698,28.334,1.4191,0.71116,58.255,1.301
30.85,28.405,1.4539,0.73508,58.503,1.5121
30.995,28.478,1.4744,4.8,58.754,7.3725
31.136,28.958,1.4314,0.63856,58.998,1.4141
31.274,29.022,1.408,0.66043,59.229,1.3307
31.414,29.088,1.4114,0.68174,59.455,1.3818
31.414,29.156,0,-2,59.684,61.391
31.691,28.956,1.4211,4.8,59.968,6.8409
31.828,29.436,1.4229,-2,60.226,81.351
31.976,29.236,1.3813,-2,60.473,94.064
32.123,29.036,1.3348,4.8,60.766,5.9966
32.255,29.516,1.2387,-2,61.056,92.704
32.386,29.316,1.0867,-2,61.342,106.97
32.487,29.116,0.90759,-2,61.662,123.89
32.581,28.916,0.68303,4.8,62.016,8.9452
32.653,29.396,0.42214,-2,62.354,118.05
32.653,29.196,0,-2,62.69,143.35
32.721,28.996,0.14264,4.8,63.048,14.432
32.733,29.476,0.090363,-2,63.39,121.6
32.745,29.276,0.17589,-2,63.721,139.38
32.766,29.076,0.28402,-2,64.082,159.39
32.787,28.876,0.32513,4.8,64.464,11.354
32.809,29.356,0.31814,-2,64.831,134.96
32.848,29.156,0.30066,-2,65.196,159.04
32.872,28.956,0.12617,4.8,65.583,13.582
32.88,29.436,-0.073594,-2,65.961,144.5
32.877,29.236,-0.28403,-2,66.315,186.77
32.846,29.036,-0.48918,4.8,66.679,22.546
32.807,29.516,-0.68516,-2,67.032,162.81
32.807,29.316,0,-2,67.371,147.1
32.658,29.116,-0.95916,-2,67.718,353.88
32.559,28.916,-1.1524,4.8,68.084,35.375
32.441,29.396,-1.4618,-2,68.415,487.09
32.296,29.196,-1.9401,-2,68.718,0
32.106,28.996,-2.7507,4.8,69.034,83.629
31.828,29.476,-3.7529,-2,69.314,0
31.455,29.276,-4.7956,-2,69.532,0
30.974,29.076,-5.8276,-2,69.732,0
30.388,28.876,-6.5374,4.8,69.897,387.31
29.737,29.356,-6.6523,-2,69.988,0
29.082,29.156,-6.3563,-2,69.995,0
28.455,28.956,-5.9141,4.8,69.963,302.81
27.861,29.436,-5.4685,-2,69.864,0
27.323,29.236,-5.2364,-2,69.695,0
26.795,29.036,-5.3199,4.8,69.492,258.5
26.268,29.516,-5.5337,-2,69.226,0
25.713,29.316,-5.6027,-2,68.891,4100.6
25.157,29.116,-5.4253,-2,68.517,876.64
24.624,28.916,-4.9655,4.8,68.095,246.43
24.133,29.396,-4.424,-2,67.61,178.98
23.689,29.196,-3.9129,-2,67.074,122.98
23.689,28.996,0,4.8,66.533,74.645
22.962,29.476,-2.9788,-2,65.892,73.121
22.661,29.276,-2.6059,-2,65.234,59.612
22.406,29.076,-2.1968,-2,64.567,47.409
22.186,28.876,-1.8269,4.8,63.892,130.27
22.008,29.356,-1.5789,-2,63.184,37.676
21.86,29.156,-1.5983,-2,62.445,37.711
21.706,28.956,-1.7204,4.8,61.726,131.45
21.706,29.436,0,-2,60.977,17.393
21.359,29.236,-1.8636,-2,60.172,47.901
21.359,29.036,0,-0.548,59.394,29.948
21.028,28.982,-1.0555,-0.5663,58.592,48.857
20.93,28.925,-0.49665,-0.58104,57.794,38.858
20.885,28.867,0.054061,-0.59228,56.996,30.564
20.89,28.808,0.45997,-0.60002,56.198,25.203
20.935,28.748,0.58351,-0.60461,55.411,23.281
20.993,28.687,0.60304,-0.60791,54.644,22.449
21.06,28.626,0.54409,-0.61047,53.88,22.387
21.109,28.565,0.58488,-0.61444,53.122,21.389
21.174,28.504,0.52371,-0.6165,52.391,21.351
21.223,28.442,0.35452,-0.61992,51.667,22.525
21.251,28.38,0.14427,-0.62508,50.946,24.355
21.273,28.318,-0.013512,-0.63042,50.244,25.73
21.273,28.255,0,-0.63749,49.543,25.148
21.251,28.191,0.063957,-0.64754,48.843,24.059
21.259,28.126,0.61986,-0.65451,48.149,17.887
21.323,28.061,1.2786,-0.65574,47.469,12.353
21.452,27.995,1.9987,-0.64989,46.815,8.2455
21.642,27.93,2.6884,-0.63756,46.164,5.988
21.915,27.866,3.0186,-0.61543,45.547,5.2419
21.915,27.805,0,-0.58864,44.955,19.7
22.529,27.746,3.2086,-0.55952,44.424,4.7064
22.844,27.69,3.1774,-0.52839,43.927,4.5141
23.165,27.637,3.0817,-0.4951,43.469,4.2756
23.466,27.588,3.0234,-0.46289,43.042,4.121
23.769,27.541,2.9845,-0.42947,42.643,4.0358
24.065,27.499,2.9398,-0.39565,42.282,3.9778
24.36,27.459,2.9504,-0.36122,41.953,4.1002
24.646,27.423,2.9793,-0.3269,41.663,4.3465
24.937,27.39,3.0313,-0.29158,41.393,4.7618
25.242,27.361,3.1235,-0.25387,41.164,5.4608
25.547,27.336,3.0789,-0.21579,40.964,5.6943
25.848,27.314,2.8339,-0.17791,40.796,5.059
26.127,27.296,2.6311,-0.14259,40.663,4.57
26.398,27.282,2.3892,-0.10814,40.565,3.9001
26.628,27.271,2.1246,-0.078897,40.487,3.0987
26.834,27.263,2.0376,-0.052701,40.44,2.982
27.035,27.258,2.0999,-0.027444,40.398,3.4963
27.035,27.255,0,-0.0012039,40.376,0.47676
27.451,27.255,2.1517,0.045352,40.405,4.2345
27.66,27.26,2.1701,0.092858,40.427,4.5261
27.886,27.269,2.1639,0.14318,40.484,4.7229
28.108,27.283,2.1477,0.19155,40.563,4.8715
28.317,27.302,2.136,0.23562,40.659,5.0356
28.531,27.326,2.1074,0.28032,40.779,5.115
28.751,27.354,2.1049,0.3252,40.899,5.3613
28.966,27.387,2.1104,0.36819,41.046,5.6599
29.177,27.423,2.1232,0.40951,41.222,6.0091
29.391,27.464,2.133,0.45047,41.411,6.3534
29.613,27.509,2.2024,0.49273,41.61,7.1325
29.843,27.559,2.2134,0.53594,41.826,7.5477
30.062,27.612,2.1778,0.57567,42.064,7.6124
30.271,27.67,2.1445,0.61234,42.317,7.6687
30.492,27.731,2.1132,0.6512,42.579,7.7626
30.703,27.796,2.0633,0.68701,42.867,7.6886
30.908,27.865,2.0712,0.72068,43.163,8.0306
31.111,27.937,2.1032,0.75318,43.468,8.557
31.329,28.012,2.1522,0.78867,43.782,9.2649
31.54,28.091,2.1818,0.82159,44.116,9.81
31.76,28.173,2.2058,0.85614,44.458,10.343
31.976,28.259,2.1957,0.88911,44.814,10.585
32.204,28.348,2.2091,0.92475,45.203,11.052
32.421,28.44,2.1933,0.95687,45.603,11.235
32.634,28.536,2.1808,0.98719,45.999,11.437
32.634,28.635,0,1.0198,46.403,0
33.067,28.737,2.1175,1.0473,46.828,11.501
33.269,28.841,2.1364,1.0733,47.266,11.924
33.269,28.949,0,1.1013,47.704,0
33.702,29.059,2.2272,1.1308,48.184,13.344
33.929,29.172,2.2485,1.1608,48.651,13.872
34.156,29.288,2.2848,1.1904,49.128,14.546
34.393,29.407,2.2708,1.2218,49.618,14.778
34.624,29.529,2.2385,1.2511,50.126,14.802
34.843,29.654,2.1955,1.2768,50.645,14.672
35.065,29.782,2.1913,1.3026,51.164,14.925
35.065,29.912,0,1.3295,51.686,0
35.52,30.045,2.1757,1.355,52.244,15.371
35.742,30.181,2.1684,1.3792,52.804,15.568
35.956,30.319,2.1583,1.4006,53.366,15.703
36.175,30.459,2.139,1.4227,53.931,15.764
36.392,30.601,2.1356,1.4435,54.5,15.97
36.604,30.745,2.0833,1.4625,55.074,15.664
36.809,30.892,2.0382,1.4794,55.657,15.396
37.006,31.039,1.9575,1.4935,56.243,14.737
37.199,31.189,1.9108,1.5068,56.85,14.392
37.392,31.34,1.8352,1.5195,57.461,13.755
37.567,31.491,1.7639,1.5275,58.071,13.101
37.753,31.644,1.6449,1.5377,58.682,12.021
37.909,31.798,1.5678,1.54,59.297,11.25
38.068,31.952,1.4392,1.5431,59.911,10.013
38.217,32.106,1.3471,1.543,60.515,9.1056
38.217,32.261,0,1.5405,61.118,0
38.499,32.415,1.3556,1.539,61.726,9.0554
38.499,32.569,0,1.5339,62.327,0
38.499,32.722,0,1.5297,62.912,0
38.887,32.875,1.2185,1.5244,63.549,7.5185
39.017,33.027,1.0959,1.5195,64.147,6.3478
39.132,33.179,0.96882,1.5112,64.749,5.1345
39.225,33.33,0.95561,-2,65.337,646
39.317,33.13,0.91848,-2,65.937,938.91
39.408,32.93,0.9113,-2,66.564,1491.2
39.5,32.73,0.91261,-2,67.234,3060.8
39.588,32.53,0.95732,-2,67.919,11078
39.682,32.33,1.0234,-2,68.631,0
39.781,32.13,1.0961,-2,69.384,0
39.889,31.93,1.0946,-2,70.171,0
40,31.73,1.1477,-2,70.988,0
40.115,31.53,1.128,-2,71.829,0
40.22,31.33,1.0428,-2,72.711,0
40.316,31.13,0.95824,-2,73.622,0
40.414,30.93,0.96601,-2,74.563,0
40.513,30.73,0.92057,-2,75.529,0
40.615,30.53,0.91386,-2,76.522,0
40.701,30.33,0.92834,-2,77.537,0
40.8,30.13,0.96174,-2,78.596,0
40.903,29.93,0.96488,-2,79.685,0
41.004,29.73,0.97593,-2,80.806,0
41.099,29.53,0.95818,-2,81.945,0
41.197,29.33,0.95569,-2,83.115,0
41.287,29.13,0.94595,-2,84.311,0
41.376,28.93,0.94345,4.8,85.552,0
41.473,29.41,0.93448,-2,86.779,0
