2.414,2.414,-3.9519,0,35.5,9.0811
2.0152,2.414,-3.9824,7.8,35.473,58.49
1.6093,3.194,-3.1903,7.8,35.371,65.748
1.6093,3.974,0,7.8,35.174,91.045
1.0144,4.754,-2.1376,7.8,34.828,81.246
0.80918,5.534,-1.2652,7.8,34.407,93.943
0.68695,6.314,-0.28918,6.7,33.893,107.17
0.68695,6.984,0,6.7,33.297,105.45
0.736,7.654,1.6182,6.7,32.645,77.86
0.736,8.324,0,6.7,31.92,114.83
1.0948,8.994,2.0375,-0.45067,31.155,13.246
1.0948,8.9489,0,-0.45215,30.368,31.926
1.4842,8.9037,1.249,-0.45495,29.627,16.553
1.6002,8.8582,0.67246,-0.46142,28.888,20.772
1.6764,8.8121,0.24915,-0.47011,28.174,24.564
1.7063,8.7651,0.0033272,-0.48199,27.473,26.998
1.7081,8.7169,-0.24599,-0.4964,26.774,29.876
1.682,8.6672,-0.34366,-0.51398,26.065,30.939
1.6496,8.6158,-0.28296,-0.53291,25.358,29.77
1.6184,8.5626,-0.072241,-0.55263,24.658,26.635
1.6049,8.5073,0.12647,-0.57203,23.958,23.808
1.6227,8.4501,0.41627,-0.58933,23.271,20.14
1.6579,8.3912,0.70821,-0.60575,22.591,16.849
1.7281,8.3306,1.0391,-0.61903,21.928,13.621
1.8256,8.2687,1.2113,-0.62983,21.276,11.803
1.955,8.2057,1.3571,-0.63703,20.642,10.239
2.098,8.142,1.4684,-0.64242,20.02,8.9751
2.2399,8.0778,1.5905,-0.64681,19.422,7.8089
2.4073,8.0131,1.6595,-0.64653,18.856,6.9157
2.4073,7.9484,0,-0.64485,18.298,17.438
2.7527,7.8839,1.6059,-0.64148,17.767,5.8961
2.9147,7.8198,1.4942,-0.63721,17.266,5.6829
2.9147,7.7561,0,-0.63396,16.778,14.099
3.1868,7.6927,0.92065,-0.63074,16.325,6.6865
3.2803,7.6296,0.55383,-0.63156,15.881,7.9938
3.3382,7.5664,0.33161,-0.63635,15.456,8.8581
3.3711,7.5028,0.18355,-0.6442,15.045,9.421
3.3831,7.4384,0.11129,-0.65554,14.636,9.5484
3.3877,7.3728,0.15756,-0.66748,14.242,8.8684
3.3949,7.3061,0.21616,-0.67921,13.85,8.1291
3.4107,7.2382,0.18954,-0.68886,13.471,7.9225
3.4296,7.1693,0.16758,-0.69773,13.098,7.6773
3.4492,7.0995,0.1966,-0.70623,12.731,7.1264
3.4599,7.0289,0.25404,-0.71546,12.379,6.4696
3.4842,6.9573,0.32816,-0.72134,12.035,5.7452
3.5097,6.8852,0.35288,-0.72751,11.688,5.2939
3.5464,6.8124,0.29616,-0.72879,11.365,5.2016
3.5826,6.7396,0.19467,-0.73051,11.04,5.3187
3.6095,6.6665,0.10788,-0.73237,10.733,5.4071
3.6286,6.5933,0.15776,-0.73559,10.432,4.8547
3.6474,6.5197,0.29617,-0.73864,10.133,3.998
3.6693,6.4459,0.34584,-0.73895,9.8511,3.5667
3.7052,6.372,0.31854,-0.7344,9.5766,3.3863
3.7328,6.2985,0.22959,-0.73009,9.3174,3.43
3.7527,6.2255,-0.011753,-0.72588,9.0741,4.1234
3.7558,6.1529,-0.29622,-0.72685,8.8294,5.3251
3.726,6.0802,-0.42973,-0.73729,8.5911,5.9332
3.6751,6.0065,-0.43852,-0.75564,8.3474,5.7938
3.6327,5.9309,-0.37321,-0.76994,8.1142,5.1831
3.5978,5.854,-0.25535,-8.8,7.8782,0
3.5659,4.974,-0.17798,-0.42633,7.6886,2.8369
3.5576,4.9313,-0.13986,-0.42435,7.5531,2.5823
3.5388,4.8889,-0.16713,-8.8,7.4076,0
3.5201,4.0089,-0.17488,-0.1273,7.3146,1.3092
3.5073,3.9962,-0.1478,-0.12824,7.2673,1.2111
3.499,3.9833,-0.10091,-0.12784,7.225,1.046
3.4964,3.9705,-0.038953,-0.12592,7.1835,0.84099
3.4987,3.958,0.018734,-0.12313,7.1268,0.65993
3.4906,3.9456,0.02718,-0.12315,7.0719,0.6295
3.4969,3.9333,0.052124,-0.119,7.0255,0.53931
3.5062,3.9214,0.16024,-0.11385,6.9886,0.28767
3.5304,3.91,0.33759,-8.8,6.9548,0
3.5712,3.03,0.53526,1.0283,6.9676,0.032106
3.6294,3.1329,0.72325,0.89886,7.0256,0
3.6956,3.2228,0.82788,0.82204,7.0785,0
3.7746,3.305,0.82787,0.7874,7.1253,0
3.8619,3.3837,0.74079,0.77481,7.1662,0
3.8619,3.4612,0,0.73855,7.2101,1.3965
3.9933,3.535,0.57618,0.69815,7.2592,0
4.0532,3.6049,0.50873,0.66475,7.3041,0
4.1132,3.6713,0.46183,0.6387,7.3461,0
4.1584,3.7352,0.49277,0.59697,7.3835,0
4.2017,3.7949,0.51725,0.5614,7.4205,0
4.2483,3.851,0.56712,0.53808,7.469,0
4.3052,3.9048,0.63026,0.53234,7.5087,0
4.3703,3.9581,0.64717,0.53845,7.5509,0
4.4293,4.0119,0.57117,0.53563,7.5917,0
4.4864,4.0655,0.48198,0.53061,7.6288,0
4.5396,4.1185,0.34611,0.52177,7.6669,0
4.5396,4.1707,0,0.49376,7.7064,0.51384
4.5852,4.2201,0.069572,0.43869,7.7512,0.11317
4.5838,4.264,-0.020976,0.37922,7.7872,0.32912
4.5838,4.3019,0,0.33371,7.8173,0.21636
4.5788,4.3353,-0.084897,0.28242,7.8346,0.42491
4.5663,4.3635,-0.095704,0.23329,7.8615,0.4073
4.5623,4.3868,-0.17473,0.20047,7.8754,0.64073
4.5373,4.4069,-0.30562,0.14797,7.8833,1.0817
4.502,4.4217,-0.52655,0.090678,7.8897,2.0435
4.4458,4.4307,-0.78413,0.016913,7.8927,3.472
4.3633,4.4324,-1.0381,-0.017684,7.8988,5.6534
4.2653,4.4307,-1.2573,-0.042431,7.8812,8.1807
4.1451,4.4264,-1.4583,-0.072376,7.863,11.062
3.9905,4.4192,-1.6395,-0.11086,7.8291,14.252
3.8279,4.4081,-1.7714,-0.15126,7.7783,17.028
3.6458,4.393,-1.8575,-0.19652,7.7197,8.271
3.4535,4.3733,-1.9147,-0.24483,7.6416,8.4174
3.266,4.3488,-1.903,-0.29323,7.5342,8.4565
3.0843,4.3195,-1.8317,-0.34107,7.4132,8.3943
2.899,4.2854,-1.8089,-0.39136,7.2769,8.3769
2.7107,4.2463,-1.8301,-0.44344,7.1341,8.406
2.5238,4.2019,-1.8571,-8.8,6.9791,0
2.3477,3.3219,-1.9601,-0.23057,6.8537,7.3071
2.1499,3.2989,-2.0559,-0.27744,6.74,7.5965
1.9535,3.2711,-2.1732,-8.8,6.6136,0
1.7404,2.3911,-2.2942,-0.11724,6.5203,6.801
1.5049,2.3794,-2.3193,-0.15954,6.4502,7.1409
1.2662,2.3634,-2.2325,-0.20341,6.36,7.2613
1.0369,2.3431,-2.1291,-0.24718,6.2455,7.32
1.0369,2.3184,0,-8.8,6.1161,0
0.62606,1.4384,-1.7104,-0.097157,5.9929,5.4185
0.62606,1.4287,0,-0.11759,5.9121,1.5769
0.30012,1.4169,-1.3706,-0.13873,5.7994,5.2207
0.1547,1.403,-1.225,-8.8,5.6758,0
0.029425,0.52304,-1.1029,-1.1029,5.5969,1.0119
-0.082246,0.41275,-1.0109,-1.0109,5.5538,1.0147
-0.19051,0.31166,-0.94195,-0.94195,5.4984,1.0295
-0.29298,0.21746,-0.79623,-0.79623,5.4568,1.0464
-0.36439,0.13784,-0.60133,-0.60133,5.4099,1.0296
-0.43164,0.077706,-0.40718,-0.40718,5.3601,1.0442
-0.47503,0.036988,-0.19061,-0.19061,5.307,1.0496
-0.49986,0.017926,0.01266,0.01266,5.2482,1.0615
-0.49401,0.019192,0.16087,0.16087,5.2053,1.0521
-0.47396,0.03528,0.23025,0.23025,5.152,1.0439
-0.44976,0.058304,0.27891,0.27891,5.0975,1.0415
-0.41696,0.086196,0.30728,0.30728,5.0517,1.0315
-0.37955,0.11692,0.33511,-8.8,5.0041,0
-0.34598,0,0.32835,0.32835,5.0098,0.70926
-0.32144,0.032835,0.32394,-8.8,4.978,0
-0.28415,0,0.32657,-8.8,4.9838,0
-0.25823,0,0.32153,-8.8,4.9989,0
-0.22726,0,0.32377,0.32377,5.0195,0.46588
-0.19428,0.032377,0.32548,-8.8,4.9929,0
-0.16215,0,0.34991,0.34991,5.0135,0.33241
-0.1176,0.034991,0.35395,-8.8,4.9983,0
-0.090868,0,0.36326,0.36326,5.0192,0.18628
-0.057421,0.036326,0.32605,-8.8,5.0058,0
-0.033428,0,0.28543,0.28543,5.0389,0.068527
0.00016408,0.028543,0.25394,0.25394,5.0388,0.058616
0.015584,0.053937,0.2745,0.2745,5.0355,0.079419
0.051033,0.081387,0.32236,-8.8,5.0226,0
0.092639,0,0.41105,0.41105,5.0745,0
0.12808,0.041105,0.50637,0.50637,5.0746,0
0.18012,0.091743,0.56895,0.56895,5.0814,0
0.23935,0.14864,0.57773,0.57773,5.0841,0
0.30528,0.20641,0.58306,-8.8,5.0969,0
0.35566,0,0.60266,0.60266,5.1555,0
0.42394,0.060266,0.62192,0.62192,5.1937,0
0.47738,0.12246,0.6218,0.6218,5.2348,0
0.54754,0.18464,0.62473,0.62473,5.2603,0
0.60125,0.24711,0.63215,0.63215,5.3005,0
0.67313,0.31033,0.6338,0.6338,5.3278,0
0.73044,0.37371,0.59464,0.59464,5.36,0
0.78071,0.43317,0.56722,0.56722,5.3926,0
0.82808,0.48989,0.58019,0.58019,5.42,0
0.88535,0.54791,0.58324,0.58324,5.4553,0
0.93604,0.60624,0.55459,0.55459,5.4894,0
0.9989,0.66169,0.58671,0.58671,5.5222,0
1.0595,0.72037,0.61679,0.61679,5.555,0
1.1266,0.78204,0.62493,0.62493,5.5931,0
1.1906,0.84454,0.60721,0.60721,5.6213,0
1.2566,0.90526,0.60187,4.1739,5.6633,21.752
1.3105,1.3226,0.57865,-0.0014464,5.6777,0
1.3777,1.3225,0.59484,0.34932,5.6793,0
1.4309,1.3574,0.68656,0.44486,5.6835,0
1.4936,1.4019,0.83048,-8.8,5.6913,0
1.5696,0.52192,1.0705,1.0705,5.753,0
1.6772,0.62897,1.3415,1.3415,5.8586,0
1.8104,0.76312,1.6789,1.6789,5.9637,0
1.972,0.93102,1.9986,4.9,6.0593,10.345
2.1791,1.421,2.3384,4.5581,6.1397,6.8998
2.1791,1.8768,0,2.0366,6.1927,10.083
2.6642,2.0805,2.8547,1.8904,6.2646,0
2.9523,2.2695,3.0034,1.9312,6.3347,0
3.2501,2.4626,3.0682,1.9646,6.4123,0
3.5561,2.6591,3.1015,1.9932,6.502,0
3.5561,2.8584,0,2.0202,6.5817,8.0588
4.1881,3.0604,3.1434,2.0341,6.6966,0
4.5069,3.2639,3.1265,2.0462,6.8177,0
4.8174,3.4685,3.141,2.0398,6.9468,0
5.1257,3.6724,3.1214,2.0349,7.093,0
5.1257,3.8759,0,2.0357,7.2282,5.6503
5.7554,4.0795,3.0236,2.0479,7.4139,0
5.7554,4.2843,0,2.0321,7.5713,4.6596
6.3459,4.4875,2.7937,2.0195,7.7711,0
6.6258,4.6895,2.7184,1.9959,7.9534,0
6.891,4.8891,2.5751,1.965,8.1407,0
7.1551,5.0856,2.5452,1.9424,8.3353,0
7.4081,5.2798,2.5793,1.9186,8.5462,0
7.6593,5.4717,2.6077,1.9,8.7639,0
7.9277,5.6617,2.5837,1.8995,8.9785,0
8.1939,5.8516,2.6734,1.9017,9.2155,0
8.4656,6.0418,2.6771,1.9076,9.4494,0
8.7366,6.2325,2.6104,1.9144,9.6952,0
8.9883,6.424,2.5512,1.9071,9.9486,0
9.2357,6.6147,2.5162,1.8998,10.21,0
9.4943,6.8047,2.3455,1.9023,10.475,0
9.7249,6.9949,2.2256,1.885,10.737,0
9.9554,7.1834,2.1548,1.8739,11.021,0
9.9554,7.3708,0,1.8619,11.289,0
10.386,7.557,2.0285,1.8383,11.596,0
10.386,7.7408,0,1.815,11.869,0
10.784,7.9223,1.9587,1.7951,12.176,0
10.981,8.1018,1.8992,1.776,12.464,0
11.171,8.2794,1.8376,1.7547,12.742,0
11.346,8.4549,1.7227,1.7277,13.027,0
11.524,8.6277,1.7393,1.7056,13.313,0
11.696,8.7982,1.8097,1.6836,13.602,0
11.696,8.9666,0,1.6672,13.884,0
12.053,9.1333,1.8682,1.6538,14.176,0
12.053,9.2987,0,1.6468,14.46,0
12.423,9.4634,1.6916,1.638,14.765,0
12.423,9.6272,0,1.6261,15.053,0
12.751,9.7898,1.5362,1.6037,15.359,0
12.909,9.9502,1.6161,1.5869,15.66,0
13.062,10.109,1.6656,1.5679,15.948,0
13.233,10.266,1.6663,1.5598,16.235,0
13.403,10.422,1.6111,1.5526,16.525,0
13.558,10.577,1.4849,1.5378,16.813,0
13.714,10.731,1.3216,1.5258,17.105,0
13.841,10.883,1.1597,1.5006,17.404,0
13.955,11.033,1.0084,1.4703,17.698,0
14.056,11.18,0.9049,1.4356,17.982,0
14.137,11.324,0.91001,1.3948,18.274,0
14.23,11.463,0.91083,1.3626,18.557,0
14.323,11.6,0.95845,1.3323,18.828,0
14.417,11.733,0.99715,1.3043,19.097,0
14.518,11.863,0.98437,1.2827,19.37,0
14.613,11.992,0.84535,1.2587,19.625,0
14.7,12.117,0.73214,1.2327,19.885,0
14.781,12.241,0.64811,1.2063,20.15,0
14.84,12.361,0.61133,1.1708,20.401,0
14.906,12.478,0.58775,1.1409,20.643,0
14.956,12.592,0.59074,1.1054,20.883,0
15.017,12.703,0.63427,1.0765,21.109,0
15.09,12.811,0.69658,1.0558,21.337,0
15.154,12.916,0.80628,1.0323,21.57,0
15.229,13.019,0.91504,1.0154,21.802,0
15.315,13.121,1.0008,1.0041,22.021,0
15.415,13.221,0.93586,0.99985,22.231,0
15.519,13.321,0.75219,0.99785,22.46,0
15.59,13.421,0.50445,0.98123,22.684,0
15.637,13.519,0.25947,0.95429,22.891,0
15.637,13.615,0,0.92087,23.098,0
15.676,13.707,-0.17238,0.88024,23.281,0
15.663,13.795,-0.27206,0.83222,23.463,0
15.634,13.878,-0.31958,0.77955,23.646,0
15.612,13.956,-0.31891,0.73269,23.806,0
15.575,14.029,-0.209,0.68225,23.968,0
15.548,14.098,-0.05297,0.63881,24.126,0
15.55,14.161,0.061239,0.61005,24.268,0
15.559,14.222,0.14207,0.58613,24.41,0
15.575,14.281,0.1555,0.56627,24.55,0
15.59,14.338,0.096068,0.54698,24.68,0
15.59,14.392,0.10279,0.52226,24.811,0
15.59,14.445,0,0.49872,24.928,0
15.621,14.494,0.4458,0.48953,25.052,0
15.621,14.543,0,0.4898,25.162,0
15.734,14.592,0.81207,0.49458,25.264,0
15.816,14.642,0.84209,0.50777,25.388,0
15.904,14.693,0.76389,0.52283,25.503,0
15.972,14.745,0.67366,0.52897,25.635,0
16.048,14.798,0.59506,0.53846,25.765,0
16.101,14.852,0.57324,0.53701,25.885,0
16.158,14.905,0.64329,0.53732,26.012,0
16.214,14.959,0.74435,0.53729,26.139,0
16.292,15.013,0.82808,0.5471,26.266,0
16.373,15.068,0.85689,0.5572,26.394,0
16.451,15.123,0.82227,0.56603,26.531,0
16.528,15.18,0.72081,0.57363,26.66,0
16.528,15.237,0,0.5805,26.792,0
16.658,15.295,0.57719,0.57757,26.93,0
16.725,15.353,0.59706,0.58041,27.073,0
16.725,15.411,0,0.58017,27.207,0
16.841,15.469,0.66453,0.57817,27.338,0
16.898,15.527,0.68012,0.57693,27.472,0
16.96,15.585,0.67037,0.57771,27.607,0
17.018,15.642,0.65733,0.57657,27.742,0
17.074,15.7,0.66425,0.57521,27.889,0
17.074,15.758,0,0.57995,28.024,0
17.213,15.816,0.57766,0.583,28.164,0
17.268,15.874,0.55394,0.58044,28.296,0
17.318,15.932,0.57863,0.57609,28.432,0
17.383,15.989,0.59587,0.5782,28.576,0
17.383,16.047,0,0.57467,28.713,0
17.502,16.105,0.66772,0.57779,28.86,0
17.575,16.163,0.59221,0.58309,28.996,0
17.642,16.221,0.47726,0.58542,29.137,0
17.688,16.279,0.44201,0.57947,29.286,0
17.732,16.337,0.47094,0.57287,29.43,0
17.77,16.395,0.48563,0.5641,29.562,0
17.816,16.451,0.57911,0.5591,29.708,0
17.873,16.507,0.58178,0.55856,29.842,0
17.935,16.563,0.49977,0.55994,29.98,0
17.978,16.619,0.43268,0.55371,30.11,0
18.016,16.674,0.52691,0.54582,30.24,0
18.061,16.729,0.51078,0.54121,30.382,0
18.12,16.783,0.49248,0.54238,30.507,0
18.161,16.837,0.40835,0.53594,30.632,0
18.209,16.891,0.17493,0.53268,30.759,0
18.209,16.944,0,0.51734,30.888,0
18.192,16.996,-0.79621,0.48221,31.026,1.6705
18.12,17.044,-1.2324,0.43292,31.137,5.5166
18.004,17.087,-1.5529,0.36831,31.229,9.7017
17.85,17.124,-1.5004,0.2915,31.309,9.3325
17.708,17.153,-1.2191,0.2225,31.372,6.2759
17.591,17.175,-1.2007,0.16653,31.415,6.3265
17.48,17.192,-1.16,0.11531,31.455,6.1321
17.371,17.204,-0.8681,0.066796,31.468,3.773
17.281,17.21,-0.68079,0.028136,31.474,2.6393
17.281,17.213,0,0.0017356,31.481,0
17.185,17.213,-0.084523,-0.0032205,31.495,0.25237
17.168,17.213,-0.062237,-0.0050301,31.49,0.22725
17.172,17.212,-0.034133,-0.0045738,31.479,0.15118
17.175,17.212,0.046171,-0.0041854,31.476,0
17.173,17.212,-0.11907,-0.0043817,31.48,0.36614
17.157,17.211,-0.059179,-0.0061621,31.47,0.23913
17.147,17.211,0.26272,-0.0071782,31.461,0
17.168,17.21,0.23433,-0.0047893,31.462,0
17.196,17.209,-0.029644,-0.0014861,31.462,0.089115
17.191,17.209,-0.22125,-0.0020419,31.459,0.6333
17.169,17.209,-0.24618,-0.0045415,31.464,0.7686
17.14,17.209,-0.21769,-0.0077464,31.461,0.73533
17.127,17.208,-0.12471,-0.0091717,31.447,0.47027
17.117,17.207,-0.053594,-0.010168,31.439,0.29449
17.113,17.206,-0.032509,-0.010487,31.421,0.24726
17.115,17.205,-0.055703,-0.010158,31.401,0.29931
17.102,17.204,-0.10347,-0.011578,31.384,0.45305
17.089,17.203,-0.15213,-0.012877,31.377,0.62186
17.07,17.201,-0.15125,-0.014956,31.361,0.65878
17.053,17.2,-0.1176,-0.016713,31.347,0.58875
17.043,17.198,-0.078574,-0.01771,31.323,0.49377
17.043,17.196,-0.081405,-0.017517,31.304,0.49787
17.043,17.195,0,-0.0187,31.288,0.27977
17.013,17.193,-0.12192,-0.020551,31.264,0.6725
17.008,17.191,-0.13063,-0.020844,31.24,0.70458
16.993,17.189,-0.12856,-0.022359,31.214,0.7264
16.983,17.186,-0.11915,-0.023268,31.193,0.71376
16.979,17.184,-0.089893,-0.023479,31.17,0.62864
16.961,17.182,-0.081521,-0.02532,31.141,0.6372
16.959,17.179,-0.12219,-0.025337,31.116,0.76057
16.956,17.177,-0.16375,-0.025436,31.084,0.89728
16.934,17.174,-0.18874,-0.027731,31.057,1.0287
16.925,17.171,-0.31277,-0.028483,31.029,1.5291
16.888,17.168,-0.47924,-0.032399,31.005,2.4233
16.888,17.165,0,-0.037524,30.977,0.51253
16.761,17.162,-0.94716,-0.04647,30.946,6.1761
16.67,17.157,-1.2022,-0.056576,30.907,9.1522
16.549,17.151,-1.3794,-0.07008,30.853,11.894
16.409,17.144,-1.5218,-0.08589,30.784,14.601
16.248,17.136,-1.5426,-0.10409,30.701,15.689
16.1,17.125,-1.6437,-0.12065,30.614,18.069
15.93,17.113,-1.7213,-0.14003,30.507,20.299
15.75,17.099,-1.8118,-0.16061,30.379,22.938
15.578,17.083,-1.8311,-0.18029,30.241,24.176
15.578,17.065,0,-0.20247,30.091,3.2419
15.211,17.045,-1.8549,-0.22328,29.905,26.465
15.023,17.022,-1.8398,-0.24582,29.708,27.044
14.843,16.998,-1.8153,-0.26743,29.508,27.36
14.653,16.971,-1.871,-0.29065,29.291,29.429
14.462,16.942,-1.8837,-0.31469,29.051,30.576
14.268,16.911,-1.8617,-0.33949,28.801,30.947
14.084,16.877,-1.8368,-0.36371,28.521,31.168
13.898,16.84,-1.8493,-0.3885,28.244,32.209
13.714,16.801,-1.8382,-0.4138,27.952,32.695
13.531,16.76,-1.8842,-0.44006,27.626,34.427
13.351,16.716,-1.9945,-0.46631,27.3,37.704
13.156,16.669,-2.0497,-0.49552,26.958,39.8
12.956,16.62,-1.9757,-0.52654,26.603,38.675
12.755,16.567,-1.9034,-0.5592,26.221,37.608
12.573,16.511,-1.8847,-0.5902,25.826,37.695
12.39,16.452,-1.8463,-0.62257,25.417,37.291
12.39,16.39,0,-0.65456,25.014,10.149
12.017,16.325,-1.9356,-0.69119,24.593,40.318
11.82,16.255,-1.9538,-0.72958,24.16,41.21
11.615,16.182,-1.9231,-0.77125,23.708,40.892
11.425,16.105,-1.8919,-0.81213,23.247,40.444
11.227,16.024,-1.828,-0.85658,22.772,39.225
11.052,15.938,-1.834,-0.89848,22.292,39.477
11.052,15.849,0,-0.94395,21.808,11.638
10.683,15.754,-1.9537,-0.99215,21.306,42.48
10.49,15.655,-1.9707,-1.045,20.793,42.909
10.289,15.551,-1.975,-1.102,20.272,42.984
10.086,15.44,-2.015,-1.1628,19.74,43.879
9.876,15.324,-2.0444,-1.2293,19.191,44.445
9.664,15.201,-2.0376,-1.2989,18.646,44.014
9.453,15.071,-2.0523,-1.3717,18.097,44.031
9.2398,14.934,-2.0878,-1.4506,17.532,44.471
9.2398,14.789,0,-1.5319,16.97,10.942
8.8361,14.636,-1.8666,-1.616,16.388,37.659
8.6475,14.474,-1.5361,-1.7036,15.801,29.877
8.4912,14.304,-1.1652,-1.7844,15.223,22.641
8.4912,14.125,0,-1.8594,14.65,9.3183
8.4912,13.939,0,-1.9225,14.096,8.3075
8.2521,13.747,-0.16301,-1.9688,13.506,9.186
8.2521,13.55,0,-2.003,12.967,7.4109
8.217,13.35,-0.08413,-2.0397,12.444,7.1121
8.2019,13.146,-0.074115,-2.0682,11.941,6.3597
8.1925,12.939,0.1021,-4.4,11.45,21.149
8.1925,12.499,0,-4.4,10.997,25.462
8.2516,12.059,0.68762,-5.2,10.596,95.638
8.3108,11.539,1.0567,-5.2,10.251,128.15
8.4095,11.019,1.4627,-5.2,9.951,168.22
8.56,10.499,1.6383,-5.2,9.7205,207.74
8.7156,9.9792,1.7032,-5.2,9.5568,220.02
8.8881,9.4592,1.6831,-5.2,9.4728,237.42
9.0605,8.9392,1.5856,-5.2,9.4546,260.79
9.2275,8.4192,1.4865,0.36715,9.4976,0.63796
9.3738,8.456,1.433,0.41724,9.5836,0.36209
9.3738,8.4977,0,0.46641,9.6732,0
9.6652,8.5443,1.4044,0.51005,9.7824,0.089478
9.6652,8.5953,0,0.54955,9.892,0
9.9483,8.6503,1.4376,0.59217,10.041,0.037199
10.091,8.7095,1.4548,0.63099,10.18,0.018903
10.237,8.7726,1.4684,0.6693,10.327,0
10.392,8.8395,1.4289,0.70885,10.469,0
10.526,8.9104,1.4368,0.7383,10.636,0
10.672,8.9842,1.366,0.77154,10.804,0
10.805,9.0614,1.3074,0.7969,10.98,0
10.938,9.1411,1.3513,0.82093,11.154,0
10.938,9.2232,0,0.84218,11.329,0
11.215,9.3074,1.3707,0.87007,11.52,0
11.35,9.3944,1.5212,0.8912,11.711,0
11.494,9.4835,1.6341,0.91537,11.906,0.14959
11.653,9.5751,1.5612,0.94449,12.101,0
11.813,9.6695,1.4768,0.97307,12.306,0
11.959,9.7668,1.4202,0.99343,12.517,0
11.959,9.8662,0,1.0116,12.731,0
11.959,9.9673,0,1.0109,12.935,0
