24.722,24.722,-0.56219,0,35.5,2.0591
24.667,24.722,-0.52832,-0.0076169,35.506,2.0327
24.667,24.721,0,-0.014073,35.501,0.083208
24.571,24.72,-0.41837,-0.020426,35.481,1.7336
24.533,24.718,-0.37112,-0.02547,35.462,1.6096
24.493,24.715,-0.34664,-0.030536,35.443,1.593
24.454,24.712,-0.30968,-0.03555,35.412,1.5224
24.414,24.709,-0.28219,-0.040621,35.38,1.4956
24.387,24.705,-0.28188,-0.04388,35.34,1.5503
24.366,24.7,-0.22933,-0.04624,35.305,1.3767
24.345,24.696,-0.20979,-0.048468,35.279,1.3376
24.328,24.691,-0.2366,-0.050298,35.251,1.4728
24.308,24.686,-0.21175,-0.052442,35.207,1.4091
24.287,24.681,-0.19463,-0.054651,35.169,1.3784
24.287,24.675,0,-0.05721,35.13,0.71742
24.246,24.669,-0.20483,-0.058963,35.097,1.4871
24.222,24.664,-0.17422,-0.061667,35.06,1.4122
24.203,24.657,-0.23497,-0.063479,35.019,1.6822
24.182,24.651,-0.28597,-0.06568,34.978,1.9388
24.148,24.644,-0.30282,-0.069636,34.937,2.0846
24.109,24.638,-0.33202,-0.074221,34.893,2.3046
24.073,24.63,-0.32127,-0.078379,34.845,2.3265
24.05,24.622,-0.21356,-0.080798,34.787,1.8773
24.028,24.614,-0.093425,-0.082855,34.734,1.4383
24.016,24.606,-0.029324,-0.083662,34.679,1.2279
24.015,24.598,0.028546,-0.082761,34.624,1.0321
24.027,24.589,0.069032,-0.080009,34.573,0.8763
24.036,24.581,0.032231,-0.077854,34.513,0.94553
24.042,24.573,-0.033568,-0.07602,34.465,1.1151
24.029,24.566,-0.096695,-0.076999,34.415,1.3383
24.02,24.558,-0.13484,-0.077257,34.356,1.4769
24.016,24.55,-0.14726,-0.076965,34.311,1.5162
23.999,24.543,-0.097964,-0.078354,34.261,1.3543
23.998,24.535,-0.031489,-0.077645,34.198,1.1171
23.998,24.527,0,-0.078062,34.145,0.9994
23.991,24.519,0.052156,-0.07668,34.105,0.85209
23.991,24.512,0,-0.074124,34.052,0.98983
23.994,24.504,-0.062272,-0.074391,34,1.1579
23.997,24.497,-0.11376,-0.073061,33.953,1.3113
23.977,24.49,-0.12537,-0.075071,33.898,1.3802
23.958,24.482,-0.12356,-0.076881,33.843,1.3979
23.937,24.474,-0.10854,-0.079072,33.799,1.3743
23.917,24.466,-0.042326,-0.081013,33.754,1.1745
23.917,24.458,0,-0.081367,33.699,1.0209
23.9,24.45,-0.028196,-0.081465,33.633,1.1284
23.889,24.442,-0.047007,-0.082055,33.579,1.194
23.88,24.434,-0.065817,-0.082424,33.53,1.2588
23.875,24.426,-0.11254,-0.082012,33.484,1.413
23.875,24.417,0,-0.083279,33.43,1.0161
23.848,24.409,-0.14479,-0.083995,33.378,1.5554
23.83,24.401,-0.099595,-0.085616,33.323,1.4093
23.828,24.392,-0.062538,-0.084809,33.258,1.2648
23.814,24.384,-0.031059,-0.085944,33.209,1.1743
23.808,24.375,-0.027206,-0.08575,33.146,1.1553
23.812,24.366,-0.017761,-0.083998,33.094,1.0986
23.817,24.358,-0.03522,-0.082178,33.037,1.1252
23.806,24.35,-0.038572,-0.082804,32.979,1.1409
23.804,24.342,-0.065613,-0.082021,32.935,1.2158
23.801,24.333,-0.063381,-0.081374,32.873,1.1956
23.801,24.325,-0.049564,-0.080401,32.813,1.1335
23.792,24.317,-0.04451,-0.080736,32.752,1.1181
23.788,24.309,-0.024542,-0.08038,32.693,1.0472
23.776,24.301,0.01094,-0.08106,32.646,0.94719
23.785,24.293,0.041298,-0.07871,32.585,0.82868
23.795,24.285,0.0153,-0.076127,32.531,0.86566
23.795,24.277,0,-0.073908,32.483,0.8974
23.8,24.27,-0.01891,-0.073362,32.426,0.92419
23.808,24.263,0.0041282,-0.071102,32.388,0.82703
23.818,24.256,0.010109,-0.06851,32.352,0.77645
23.818,24.249,0,-0.068915,32.309,0.7872
23.812,24.242,0.1192,-0.067579,32.252,0.4899
23.824,24.235,0.14428,-0.064734,32.207,0.40329
23.832,24.229,0.13901,-0.062612,32.175,0.39009
23.837,24.222,0.13833,-0.060966,32.127,0.37199
23.855,24.216,0.13338,-0.057174,32.084,0.33998
23.864,24.211,0.099124,-0.054957,32.058,0.38719
23.87,24.205,0.010725,-0.053149,32.032,0.57635
23.871,24.2,-0.07888,-0.052324,32.005,0.81798
23.871,24.195,0,-0.052803,31.972,0.58045
23.861,24.189,-0.14816,-0.052366,31.937,1.04
23.855,24.184,-0.14182,-0.052469,31.908,1.0187
23.832,24.179,-0.074987,-0.055524,31.869,0.84145
23.833,24.173,0.011424,-0.054468,31.835,0.58328
23.84,24.168,0.051181,-0.052639,31.805,0.46249
23.838,24.163,0.06217,-0.052107,31.767,0.42954
23.842,24.157,0.085378,-0.050793,31.727,0.36161
23.856,24.152,0.12101,-0.047742,31.691,0.25395
23.856,24.147,0,-0.046277,31.661,0.52276
23.879,24.143,0.1433,-0.042588,31.641,0.15772
23.884,24.139,0.16896,-0.04113,31.607,0.097475
23.901,24.134,0.18888,-0.037784,31.589,0.032669
23.928,24.131,0.21572,-0.032895,31.57,0
23.946,24.127,0.24981,-0.029443,31.548,0
23.979,24.124,0.25429,-0.023588,31.533,0
24.014,24.122,0.20603,-0.017562,31.521,0
24.032,24.12,0.18271,-0.014284,31.518,0
24.046,24.119,0.16291,-0.01183,31.508,0
24.068,24.118,0.1719,-0.0080881,31.504,0
24.087,24.117,0.19439,-0.0048349,31.508,0
24.107,24.116,0.23275,-0.0014949,31.507,0
24.128,24.116,0.23204,0.0026233,31.498,0
24.141,24.117,0.21075,0.0056673,31.508,0
24.164,24.117,0.18792,0.010781,31.513,0
24.183,24.118,0.18002,0.014713,31.524,0
24.193,24.12,0.18485,0.016645,31.541,0
24.22,24.121,0.2029,0.022481,31.541,0
24.232,24.124,0.22343,0.024673,31.551,0
24.244,24.126,0.19087,0.026987,31.571,0
24.256,24.129,0.17022,0.028938,31.58,0
24.277,24.132,0.16333,0.033099,31.589,0
24.298,24.135,0.162,0.037258,31.61,0
24.298,24.139,0,0.038979,31.626,0
24.334,24.143,0.14941,0.043596,31.646,0
24.357,24.147,0.17413,0.047929,31.673,0
24.37,24.152,0.19992,0.04978,31.701,0
24.384,24.157,0.21252,0.051991,31.727,0
24.384,24.162,0,0.054542,31.749,0
24.426,24.167,0.23905,0.059228,31.773,0
24.441,24.173,0.22172,0.061197,31.795,0
24.454,24.179,0.21704,0.062813,31.822,0
24.468,24.186,0.20526,0.064593,31.847,0
24.468,24.192,0,0.066169,31.875,0
24.502,24.199,0.15283,0.069611,31.922,0
24.515,24.206,0.16197,0.070945,31.951,0
24.527,24.213,0.15365,0.071987,31.983,0
24.527,24.22,0,0.074106,32.014,0
24.556,24.227,0.20545,0.07541,32.052,0
24.575,24.235,0.22014,0.078136,32.094,0
24.595,24.243,0.21072,0.080974,32.12,0
24.626,24.251,0.19497,0.086263,32.153,0
24.639,24.259,0.17029,0.087344,32.201,0
24.658,24.268,0.15847,0.089666,32.245,0
24.68,24.277,0.16314,0.092702,32.278,0
24.693,24.286,0.18945,0.093492,32.309,0
24.703,24.296,0.20542,0.093792,32.359,0
24.718,24.305,0.1939,0.095106,32.403,0
24.728,24.315,0.18792,0.095378,32.446,0
24.75,24.324,0.16946,0.098294,32.491,0
24.762,24.334,0.11659,0.098761,32.539,0
24.781,24.344,0.10107,0.10107,32.587,0
24.785,24.354,0.098723,0.099746,32.629,0
24.785,24.364,0,0.10044,32.672,0
24.813,24.374,0.13308,0.1016,32.72,0
24.819,24.384,0.16677,0.10077,32.759,0
24.841,24.394,0.15143,0.10348,32.801,0
24.849,24.405,0.16049,0.103,32.844,0
24.849,24.415,0,0.10579,32.888,0
24.849,24.426,0,0.10599,32.931,0
24.901,24.436,0.0795,0.10795,32.988,0
24.9,24.447,0.091948,0.10522,33.032,0
24.909,24.457,0.096308,0.10491,33.075,0
24.911,24.468,0.11387,0.1031,33.127,0
24.919,24.478,0.1394,0.10251,33.164,0
24.919,24.488,0,0.10386,33.208,0
24.961,24.499,0.18487,0.10758,33.27,0
24.976,24.51,0.15265,0.10863,33.321,0
24.976,24.52,0,0.11124,33.367,0
25.011,24.532,0.12752,0.1117,33.405,0
25.03,24.543,0.11757,0.11364,33.461,0
25.031,24.554,0.10924,0.11145,33.503,0
25.033,24.565,0.1377,0.10924,33.551,0
25.04,24.576,0.14394,0.10838,33.598,0
25.063,24.587,0.13592,0.11135,33.65,0
25.067,24.598,0.13881,0.10968,33.704,0
25.081,24.609,0.12678,0.11038,33.747,0
25.087,24.62,0.12068,0.10943,33.79,0
25.098,24.631,0.12408,0.10947,33.836,0
25.109,24.642,0.15784,0.10952,33.879,0
25.126,24.653,0.12922,0.111,33.936,0
25.133,24.664,0.12058,0.11012,33.974,0
25.151,24.675,0.11784,0.1117,34.02,0
25.157,24.686,0.125,0.11066,34.073,0
25.172,24.697,0.096845,0.11148,34.116,0
25.179,24.709,0.13406,0.11051,34.158,0
25.187,24.72,0.18063,0.10989,34.198,0
25.187,24.731,0,0.11238,34.245,0
25.231,24.742,0.15599,0.11509,34.275,0
25.249,24.753,0.10511,0.11675,34.324,0
25.252,24.765,0.034061,0.11464,34.374,0
25.247,24.776,-0.015766,0.11086,34.414,0
25.242,24.788,-0.016018,0.10712,34.464,0
25.237,24.798,0.01267,0.1035,34.503,0
25.242,24.809,0.042733,0.10218,34.549,0
25.247,24.819,0.077465,0.10109,34.59,0
25.256,24.829,0.087488,0.10073,34.626,0
25.272,24.839,0.087366,0.1023,34.668,0
25.286,24.849,0.10807,0.10326,34.705,0
25.291,24.86,0.12027,0.10196,34.748,0
25.311,24.87,0.11655,0.10419,34.791,0
25.311,24.88,0,0.10252,34.834,0
25.311,24.89,0,0.10468,34.877,0
25.342,24.901,0.059572,0.10433,34.92,0
25.341,24.911,0.083033,0.10176,34.961,0
25.349,24.922,0.12698,0.10123,35.007,0
25.366,24.932,0.16504,0.10283,35.042,0
25.374,24.942,0.18639,0.10242,35.088,0
25.402,24.952,0.18497,0.10668,35.129,0
25.424,24.963,0.17698,0.10936,35.168,0
25.443,24.974,0.15511,0.11124,35.219,0
25.443,24.985,0,0.1138,35.265,0
25.478,24.996,0.12381,0.11442,35.308,0
25.498,25.008,0.14282,0.11653,35.359,0
25.519,25.019,0.15799,0.1188,35.402,0
25.544,25.031,0.16323,0.12185,35.446,0
25.558,25.043,0.17126,0.12244,35.502,0
25.585,25.056,0.18939,0.126,35.55,0
25.585,25.068,0,0.1262,35.602,0
25.611,25.081,0.20135,0.12617,35.637,0
25.611,25.094,0,0.1297,35.69,0
25.664,25.106,0.16119,0.13298,35.743,0
25.677,25.12,0.14021,0.13297,35.803,0
25.689,25.133,0.13232,0.13274,35.865,0
25.707,25.146,0.11593,0.13398,35.931,0
25.729,25.16,0.13604,0.13591,35.994,0
25.743,25.173,0.17134,0.13632,36.057,0
25.754,25.187,0.17891,0.13564,36.114,0
25.763,25.201,0.17175,0.13467,36.175,0
25.787,25.214,0.19471,0.13733,36.239,0
25.797,25.228,0.19961,0.1364,36.299,0
25.824,25.241,0.19157,0.13959,36.352,0
25.841,25.255,0.18444,0.14055,36.412,0
25.856,25.269,0.20117,0.14087,36.472,0
25.881,25.283,0.19785,0.14346,36.533,0
25.907,25.298,0.18807,0.1463,36.593,0
25.927,25.312,0.17117,0.14764,36.66,0
25.946,25.327,0.16584,0.14894,36.72,0
25.955,25.342,0.13992,0.14756,36.779,0
25.963,25.357,0.10904,0.14594,36.838,0
25.974,25.371,0.12897,0.14526,36.903,0
25.994,25.386,0.16299,0.14654,36.959,0
26.003,25.401,0.18177,0.14513,37.014,0
26.003,25.415,0,0.14482,37.074,0
26.036,25.43,0.23279,0.14644,37.138,0
26.057,25.444,0.22335,0.14801,37.207,0
26.057,25.459,0,0.14824,37.268,0
26.085,25.474,0.15406,0.14767,37.322,0
26.094,25.489,0.11726,0.14648,37.39,0
26.115,25.503,0.051202,0.14808,37.454,0
26.118,25.518,-0.014365,0.14524,37.517,0
26.118,25.533,0,0.14131,37.577,0
26.103,25.547,-0.059598,0.13479,37.619,0
26.096,25.56,-0.035237,0.12982,37.673,0
26.093,25.573,-0.0291,0.12594,37.729,0
26.088,25.586,-0.01134,0.12177,37.774,0
26.096,25.598,0.038326,0.12075,37.831,0
26.098,25.61,0.049143,0.11855,37.877,0
26.1,25.622,0.060666,0.11603,37.919,0
26.099,25.634,0.092746,0.113,37.961,0
26.106,25.645,0.12808,0.11211,37.999,0
26.117,25.656,0.13978,0.11208,38.04,0
26.122,25.667,0.1527,0.11041,38.091,0
26.127,25.678,0.1619,0.10913,38.136,0
26.139,25.689,0.16599,0.10938,38.178,0
26.16,25.7,0.16488,0.11178,38.214,0
26.183,25.711,0.17048,0.11469,38.259,0
26.193,25.723,0.17229,0.11435,38.3,0
26.218,25.734,0.16968,0.11775,38.348,0
26.243,25.746,0.18243,0.12094,38.393,0
26.253,25.758,0.18618,0.12067,38.45,0
26.265,25.77,0.17297,0.12049,38.492,0
26.289,25.782,0.16115,0.12351,38.534,0
26.308,25.795,0.14568,0.1251,38.577,0
26.329,25.807,0.11979,0.12729,38.624,0
26.338,25.82,0.10944,0.12634,38.668,0
26.345,25.832,0.11274,0.12518,38.722,0
26.347,25.845,0.11973,0.12257,38.781,0
26.363,25.857,0.13089,0.12345,38.839,0
26.368,25.87,0.16646,0.12183,38.891,0
26.391,25.882,0.2021,0.12456,38.948,0
26.391,25.894,0,0.12855,38.998,0
26.441,25.907,0.23969,0.13076,39.057,0
26.458,25.92,0.23556,0.13158,39.108,0
26.477,25.933,0.18237,0.13303,39.163,0
26.5,25.947,0.12671,0.13547,39.223,0
26.508,25.96,0.074459,0.13438,39.273,0
26.519,25.974,0.095919,0.13374,39.323,0
26.53,25.987,0.14639,0.13313,39.382,0
26.548,26,0.20898,0.13442,39.43,0
26.574,26.014,0.26448,0.13747,39.488,0
26.574,26.027,0,0.14261,39.544,0
26.64,26.042,0.28313,0.14708,39.613,0
26.667,26.056,0.24407,0.15007,39.668,0
26.686,26.071,0.19725,0.15103,39.726,0
26.707,26.087,0.15753,0.15249,39.793,0
26.73,26.102,0.14905,0.15453,39.85,0
26.749,26.117,0.12669,0.15539,39.905,0
26.759,26.133,0.10075,0.15404,39.967,0
26.778,26.148,0.11738,0.1551,40.023,0
26.787,26.164,0.15646,0.15349,40.076,0
26.805,26.179,0.17536,0.15426,40.145,0
26.821,26.194,0.1471,0.15439,40.205,0
26.829,26.21,0.145,0.15275,40.276,0
26.851,26.225,0.10846,0.15444,40.336,0
26.867,26.241,0.071651,0.15474,40.405,0
26.873,26.256,0.024883,0.15244,40.468,0
26.873,26.271,0.029568,0.14852,40.519,0
26.87,26.286,0.011296,0.1442,40.584,0
26.868,26.301,0.027027,0.14023,40.648,0
26.871,26.315,0.023407,0.1375,40.695,0
26.868,26.328,0.041048,0.13343,40.754,0
26.868,26.342,0,0.12962,40.807,0
26.869,26.355,0.084772,0.1273,40.863,0
26.875,26.367,0.066639,0.12564,40.924,0
26.885,26.38,0.051613,0.12517,40.976,0
26.899,26.393,0.061018,0.12547,41.027,0
26.9,26.405,0.071896,0.1227,41.073,0
26.916,26.417,0.068491,0.12373,41.115,0
26.918,26.43,0.10089,0.12112,41.173,0
26.929,26.442,0.11828,0.12098,41.23,0
26.949,26.454,0.057433,0.12295,41.284,0
26.963,26.466,-0.00071708,0.12349,41.332,0
26.964,26.479,-0.0021242,0.12066,41.386,0
26.964,26.491,0,0.11637,41.434,0
26.964,26.502,0,0.11697,41.481,0
26.981,26.514,-0.33778,0.11619,41.535,0.13585
26.953,26.526,-1.5679,0.10626,41.571,10.178
26.799,26.536,-2.5324,0.06526,41.598,32.06
26.555,26.543,-4.2448,0.0030108,41.614,163.05
26.125,26.543,-5.8896,-0.047651,41.586,1712.6
25.531,26.538,-6.6733,-0.11515,41.518,0
24.857,26.527,-5.6639,-0.19174,41.387,538.04
24.301,26.508,-4.4627,-0.25525,41.189,176.17
23.86,26.482,-2.7113,-0.30587,40.952,55.706
23.597,26.451,-1.1539,-0.33628,40.675,19.494
23.486,26.418,-0.11601,-0.3489,40.39,8.5039
23.473,26.383,0.33898,-0.34991,40.106,5.566
23.503,26.348,0.35739,-0.34572,39.818,5.2778
23.546,26.313,0.33284,-0.33976,39.539,5.1718
23.576,26.279,0.44244,-0.33522,39.266,4.4839
23.613,26.246,0.53337,-0.32958,39.005,3.9299
23.664,26.213,0.31194,-0.32218,38.748,4.6432
23.701,26.181,0.10469,-0.3162,38.506,5.4962
23.701,26.149,0,-0.31372,38.259,6.0037
23.714,26.118,0.12771,-0.31237,38.009,5.1255
23.733,26.086,0.19762,-0.30848,37.779,4.6173
23.758,26.056,0.28777,-0.30385,37.548,4.0439
23.794,26.025,0.34103,-0.29759,37.33,3.6485
23.825,25.995,0.32883,-0.29206,37.106,3.5427
23.825,25.966,0,-0.28735,36.89,5.0315
23.825,25.938,0,-0.28197,36.678,4.9577
23.825,25.909,0,-0.27879,36.468,4.8746
23.894,25.881,-0.026366,-0.27595,36.294,4.6908
23.895,25.854,-0.10893,-0.27435,36.088,5.0657
23.89,25.826,-0.10298,-0.27331,35.892,4.9543
23.875,25.799,-0.058678,-0.27364,35.699,4.6583
23.875,25.772,0,-0.27215,35.508,4.2598
23.881,25.745,-0.0029872,-0.26922,35.317,4.1789
23.874,25.718,-0.016811,-0.26833,35.126,4.1841
23.88,25.691,-0.064339,-0.26562,34.942,4.3356
23.883,25.664,-0.11491,-0.26319,34.762,4.5186
23.865,25.638,-0.17568,-0.26396,34.582,4.8324
23.841,25.611,-0.2287,-0.26564,34.402,5.1348
23.824,25.585,-0.24524,-0.26604,34.226,5.1962
23.795,25.558,-0.26292,-0.26845,34.042,5.3022
23.761,25.531,-0.25952,-0.27174,33.857,5.2911
23.738,25.504,-0.23745,-0.27312,33.686,5.1308
23.717,25.477,-0.24123,-0.27408,33.517,5.1247
23.688,25.45,-0.28085,-0.27639,33.333,5.364
23.66,25.422,-0.30487,-0.27857,33.16,5.5101
23.62,25.394,-0.33875,-0.28261,32.99,5.7607
23.62,25.366,0,-0.28656,32.814,3.6962
23.533,25.337,-0.3658,-0.29166,32.648,6.0111
23.486,25.308,-0.34187,-0.29685,32.465,5.8844
23.46,25.278,-0.39385,-0.29864,32.284,6.2216
23.46,25.248,0,-0.3011,32.103,3.767
23.38,25.218,-0.54996,-0.30678,31.922,7.4452
23.331,25.188,-0.67395,-0.31227,31.745,8.5561
23.273,25.156,-0.78118,-0.3196,31.55,9.6435
23.186,25.124,-0.79257,-0.33187,31.354,9.9305
23.106,25.091,-0.80905,-0.34292,31.165,10.245
23.025,25.057,-0.84575,-0.354,30.968,10.767
22.948,25.022,-0.85045,-0.3649,30.759,10.943
22.87,24.985,-0.79892,-0.37595,30.542,10.524
22.784,24.948,-0.76631,-0.38849,30.319,10.33
22.714,24.909,-0.66452,-0.39829,30.097,9.4201
22.65,24.869,-0.51936,-0.40699,29.875,8.1889
22.599,24.828,-0.39779,-0.41313,29.656,7.2271
22.555,24.787,-0.31373,-0.41793,29.437,6.5965
22.522,24.745,-0.26937,-0.4205,29.223,6.241
22.495,24.703,-0.28518,-0.42247,28.992,6.2777
22.458,24.661,-0.32231,-0.42589,28.777,6.4901
22.428,24.618,-0.33153,-0.42813,28.548,6.4863
22.428,24.575,0,-0.43057,28.331,4.3436
22.37,24.532,-0.29839,-0.43199,28.113,6.127
22.347,24.489,-0.24923,-0.43257,27.899,5.7242
22.32,24.446,-0.18859,-0.43399,27.68,5.2807
22.306,24.402,-0.15469,-0.43263,27.468,4.9832
22.282,24.359,-0.13019,-0.43342,27.256,4.7743
22.279,24.316,-0.088187,-0.42973,27.043,4.4277
22.275,24.273,-0.045201,-0.4259,26.844,4.0981
22.263,24.23,0.0039098,-0.42371,26.644,3.7744
22.264,24.188,0.064367,-0.41842,26.453,3.3947
22.263,24.146,0.10266,-0.41376,26.266,3.1386
22.266,24.105,0.090331,-0.40797,26.075,3.0786
22.284,24.064,0.082937,-0.39889,25.896,2.9751
22.284,24.024,0,-0.39232,25.72,3.2221
22.293,23.985,0.015813,-0.38605,25.556,3.0357
22.293,23.946,0,-0.3802,25.389,3.0097
22.285,23.908,0.0027112,-0.37716,25.226,2.9225
22.293,23.87,0.0057545,-0.36972,25.066,2.8049
22.284,23.833,-0.0077969,-0.36644,24.902,2.7893
22.282,23.797,-0.024049,-0.36158,24.74,2.773
22.284,23.761,-0.046759,-0.35549,24.59,2.7776
22.275,23.725,-0.053359,-0.35189,24.445,2.7398
22.275,23.69,-0.073221,-0.34593,24.307,2.7399
22.272,23.655,-0.090672,-0.34106,24.165,2.7392
22.272,23.621,0,-0.33875,24.028,2.2945
22.272,23.587,0,-0.33665,23.895,2.2089
22.272,23.554,0,-0.33411,23.765,2.1262
22.213,23.52,-0.086975,-0.3318,23.65,2.5341
22.207,23.487,-0.082252,-0.3274,23.525,2.4546
22.194,23.454,-0.073614,-0.32487,23.393,2.3733
22.189,23.422,-0.06574,-0.32011,23.271,2.283
22.189,23.39,0,-0.31711,23.149,1.9682
22.163,23.358,-0.14435,-0.31464,23.029,2.5067
22.154,23.327,-0.16946,-0.31096,22.907,2.5601
22.13,23.296,-0.18817,-0.31126,22.791,2.6185
22.118,23.264,-0.21899,-0.30828,22.675,2.7087
22.1,23.234,-0.24406,-0.30715,22.558,2.7897
22.07,23.203,-0.26527,-0.30888,22.445,2.8771
22.042,23.172,-0.26758,-0.31051,22.324,2.8724
22.014,23.141,-0.2755,-0.31181,22.215,2.8956
21.979,23.11,-0.27392,-0.31493,22.108,2.8863
21.953,23.078,-0.24434,-0.31567,21.989,2.7266
21.934,23.047,-0.23269,-0.31411,21.887,2.6413
21.919,23.015,-0.24305,-0.31156,21.774,2.6463
21.919,22.984,0,-0.31346,21.666,1.6267
21.862,22.953,-0.27631,-0.31428,21.562,2.772
21.833,22.921,-0.29901,-0.3157,21.449,2.8641
21.833,22.89,0,-0.31481,21.342,1.6017
21.833,22.858,0,-0.3177,21.238,1.5146
21.751,22.827,-0.52113,-0.31884,21.112,4.0201
21.751,22.795,0,-0.32562,21.006,1.5367
21.604,22.762,-1.2728,-0.34788,20.903,11.015
21.486,22.727,-1.5744,-0.37583,20.781,15.475
21.335,22.69,-1.7222,-0.41396,20.646,18.271
21.169,22.648,-1.6266,-0.45664,20.5,16.961
20.999,22.603,-1.3867,-0.49986,20.352,13.612
20.866,22.553,-0.9602,-0.53114,20.196,8.7351
20.769,22.5,-0.98885,-0.55153,20.018,9.0747
