0,0,0.097032,0,35.5,0
0.019515,0,0.2506,7.8,35.503,69.086
0.042163,0.78,0.14734,7.8,35.463,76.411
0.058143,1.56,0.17993,7.8,35.352,81.109
0.073076,2.34,0.16154,7.8,35.165,86.896
0.083716,3.12,0.15912,7.8,34.907,92.418
0.095489,3.9,0.15614,7.8,34.566,97.976
0.10872,4.68,0.15904,7.8,34.149,103.42
0.13405,5.46,0.12279,7.8,33.652,109.68
0.1533,6.24,0.1457,6.7,33.075,100.71
0.17518,6.91,0.1694,6.7,32.43,104.85
0.19023,7.58,0.19132,6.7,31.724,109.08
0.20733,8.25,0.18542,-0.42257,30.95,30.842
0.21781,8.2077,0.21637,-0.43593,30.15,30.013
0.24601,8.1641,0.21298,-0.44868,29.364,29.527
0.272,8.1193,0.19765,-0.46227,28.577,29.191
0.29921,8.0731,0.20749,-0.47662,27.789,28.518
0.3299,8.0254,0.21185,-0.49133,27.01,27.887
0.35368,7.9763,0.2057,-0.50706,26.241,27.41
0.3705,7.9256,0.185,-0.52355,25.492,27.134
0.3705,7.8732,0,-0.54129,24.739,29.005
0.41086,7.8191,0.17037,-0.55926,23.99,26.168
0.41856,7.7631,0.17787,-0.57912,23.256,25.547
0.42929,7.7052,0.18673,-0.60023,22.517,24.877
0.43914,7.6452,0.20239,-0.62164,21.803,24.126
0.45234,7.583,0.16921,-0.64438,21.085,23.899
0.47345,7.5186,0.16556,-0.66743,20.376,23.277
0.49747,7.4519,0.16174,-0.69158,19.671,22.625
0.50462,7.3827,0.1436,-0.71787,18.986,22.193
0.52265,7.3109,0.1673,-0.74494,18.3,21.23
0.53279,7.2364,0.23133,-0.77375,17.63,19.88
0.55963,7.159,0.20478,-0.80222,16.966,19.39
0.58634,7.0788,0.18447,-0.83144,16.317,18.82
0.601,6.9957,0.1878,-0.86447,15.669,18.034
0.62014,6.9092,0.16941,-0.89713,15.044,17.435
0.64279,6.8195,0.15332,-0.9317,14.42,16.77
0.64279,6.7264,0,-0.96937,13.807,17.504
0.66425,6.6294,0.16563,-1.0085,13.21,15.069
0.67862,6.5286,0.16042,-1.0483,12.625,14.291
0.67862,6.4237,0,-1.0903,12.045,14.907
0.69901,6.3147,0.1749,-1.1332,11.494,12.533
0.70788,6.2014,0.18398,-1.1791,10.942,11.636
0.72584,6.0835,0.20571,-1.2265,10.392,10.621
0.74537,5.9608,0.20279,-1.2729,9.8636,9.798
0.77094,5.8335,0.19108,-1.3206,9.3409,9.0147
0.79026,5.7015,0.20459,-1.3698,8.836,8.1177
0.80528,5.5645,0.23826,-1.4202,8.3477,7.1717
0.82259,5.4225,0.18371,-1.465,7.89,6.7117
0.84376,5.276,0.16001,-8.8,7.439,0
0.8529,4.396,0.14721,-8.8,7.0365,0
0.86726,3.516,0.088493,-8.8,6.7248,0
0.8855,2.636,0.055776,-0.35155,6.5074,3.1828
0.89328,2.6008,0.098703,-0.35386,6.3288,2.8755
0.90986,2.5654,0.10444,-8.8,6.1678,0
0.92825,1.6854,0.087775,-0.10598,6.0439,1.2176
0.92901,1.6748,0.093828,-0.1059,5.9668,1.1726
0.93313,1.6642,0.085711,-0.10518,5.8951,1.1625
0.94921,1.6537,0.091739,-8.8,5.8152,0
0.9622,0.77373,0.089355,0.089355,5.7888,0
0.96234,0.78266,0.10381,0.10381,5.8174,0
0.96303,0.79304,0.12577,0.12577,5.8337,0
0.96706,0.80562,0.10957,0.10957,5.8466,0
0.97063,0.81658,0.10368,0.10368,5.8673,0
0.98217,0.82694,0.11003,0.11003,5.8872,0
0.98501,0.83795,0.085204,0.085204,5.9066,0
0.99215,0.84647,0.069714,0.069714,5.9141,0
0.99588,0.85344,0.066504,0.066504,5.926,0
0.99534,0.86009,0.043962,0.043962,5.9458,0
0.99375,0.86449,0.042756,0.042756,5.9583,0
0.99936,0.86876,0.069545,0.069545,5.9685,0
0.99905,0.87572,0.059147,0.059147,5.9727,0
1.0026,0.88163,0.077599,1.5798,5.9914,6.8389
1.0079,1.0396,0.10247,-0.0026677,5.9975,0
1.0089,1.0393,0.07538,-0.0025618,5.9961,0
1.0145,1.0391,0.038425,-0.0020719,5.9928,0
1.0145,1.0389,0,-0.0025635,5.9903,0.044862
1.0145,1.0386,0,-0.0028462,5.9879,0.043723
0.99188,1.0383,-0.090292,-0.0039265,5.9758,0.30699
0.97403,1.0379,-0.098339,-0.0053919,5.9807,0.36555
0.96372,1.0374,-0.075251,-0.0062392,5.9656,0.32398
0.96044,1.0368,-0.090052,-0.0064755,5.9568,0.36919
0.96044,1.0361,0,-0.0075324,5.9492,0.14151
0.93584,1.0354,-0.057424,-0.008458,5.9452,0.33092
0.92038,1.0345,-0.040138,-0.0097111,5.9377,0.31656
0.92038,1.0336,0,-0.0094406,5.9263,0.21741
0.91347,1.0326,-0.057034,-0.010225,5.8991,0.37031
0.91235,1.0316,-0.088577,-0.010261,5.886,0.45615
0.89914,1.0306,-0.1175,-0.011359,5.8664,0.56606
0.88902,1.0294,-0.14395,-0.012137,5.8617,0.66708
0.8758,1.0282,-0.15039,-0.013233,5.8418,0.7147
0.85261,1.0269,-0.18422,-0.015173,5.8269,0.87765
0.83282,1.0254,-0.20114,-0.016867,5.7998,0.98022
0.80906,1.0237,-0.24587,-0.018925,5.7704,1.2003
0.79435,1.0218,-0.26368,-0.020146,5.7475,1.3024
0.77517,1.0198,-0.26818,-0.021807,5.7177,1.3641
0.75227,1.0176,-0.30865,-0.02376,5.6942,1.5877
0.71348,1.0152,-0.29767,-0.027207,5.662,1.637
0.69228,1.0125,-0.27182,-0.029093,5.6261,1.5747
0.69228,1.0096,0,-0.032181,5.5943,0.61979
0.63238,1.0064,-0.31229,-0.03454,5.5483,1.738
0.60944,1.0029,-0.2889,-0.036632,5.5091,1.8413
0.57557,0.99927,-0.29045,-8.8,5.4726,0
0.57557,0.11927,0,-0.26351,5.4742,0
0.52097,0.092915,-0.20835,-0.20835,5.5265,0
0.49603,0.07208,-0.19081,-0.19081,5.5747,0
0.4853,0.053,-0.18587,-0.18587,5.6106,0
0.46172,0.034413,-0.18701,-0.18701,5.6492,0
0.43614,0.015712,-0.20613,-0.20613,5.686,0
0.42552,0,-0.23606,-0.23606,5.7359,0
0.40339,0,-0.23833,-0.23833,5.7877,0
0.37811,0,-0.26097,-0.26097,5.8292,0
0.34501,0,-0.2665,-0.2665,5.86,0
0.34501,0,0,-0.25537,5.8958,0
0.30456,0,-0.21747,-0.21747,5.9327,0
0.30456,0,0,-0.21857,5.9642,0
0.27246,0,-0.18683,-0.18683,5.9911,0
0.26056,0,-0.19924,-0.19924,6.022,0
0.23777,0,-0.20278,-0.20278,6.0539,0
0.22024,0,-0.21231,-0.21231,6.0717,0
0.19124,0,-0.21294,-0.21294,6.0881,0
0.16827,0,-0.20165,-0.20165,6.1143,0
0.14582,0,-0.20954,-0.20954,6.1344,0
0.12878,0,-0.20845,-0.20845,6.1478,0
0.10152,0,-0.22266,-0.22266,6.159,0
0.10152,0,0,-0.24986,6.1702,0
0.049675,0,-0.23205,-0.23205,6.1922,0
0.021315,0,-0.21308,-0.21308,6.2065,0
-0.0069199,0,-0.22209,-0.22209,6.2009,0.014186
-0.019359,0,-0.22664,-0.22664,6.2033,0.039685
-0.051556,0,-0.18111,-0.18111,6.2065,0.10569
-0.076472,0,-0.19404,-0.19404,6.2028,0.15677
-0.10579,0,-0.21015,-0.21015,6.1896,0.21687
-0.10579,0,0,-0.20671,6.1801,0
-0.1376,0,-0.23853,-0.23853,6.1565,0.28207
-0.1376,0,0,-0.27728,6.1439,0
-0.18717,0,-0.26934,-0.26934,6.1275,0.3837
-0.21295,0,-0.27201,-0.27201,6.1179,0.43655
-0.23413,0,-0.27421,-0.27421,6.1024,0.47998
-0.25647,0,-0.24111,-0.24111,6.0704,0.52576
-0.28723,0,-0.23111,-0.23111,6.0403,0.58882
-0.28723,0,0,-0.2548,6.0128,0.053422
-0.32769,0,-0.23402,-0.23402,5.9757,0.67177
-0.34284,0,-0.27522,-0.27522,5.9393,0.70283
-0.37605,0,-0.26399,-0.26399,5.9141,0.7709
-0.40167,0,-0.27139,-0.27139,5.8806,0.82342
-0.42182,0,-0.27869,-0.27869,5.8375,0.86474
-0.45859,0,-0.26318,-0.26318,5.7979,0.94011
-0.49411,0,-0.22003,-0.22003,5.761,1.0129
-0.50919,0,-0.24386,-0.24386,5.7115,1.0438
-0.54236,0,-0.22409,-0.22409,5.6684,1.1118
-0.56773,0,-0.22492,-0.22492,5.6133,1.1639
-0.59042,0,-0.2706,-0.2706,5.565,1.2104
-0.59042,0,0,-0.32132,5.5073,0.5352
-0.64566,0,-0.41641,-0.41641,5.4524,1.3236
-0.69688,0,-0.50353,-0.50353,5.3868,1.4286
-0.75138,0,-0.6,-0.6,5.324,1.5403
-0.80697,0,-0.65587,-0.65587,5.2415,1.6543
-0.87617,0,-0.73874,-0.73874,5.1689,1.7961
-0.94496,0,-0.73377,-0.73377,5.0784,1.9372
-1.0223,0,-0.77613,-8.8,4.9854,0
-1.0935,0,-0.78649,-8.8,4.9229,0
-1.0935,0,0,-8.8,4.8576,0
-1.2513,0,-0.87554,-8.8,4.7796,0
-1.3368,0,-0.93966,-8.8,4.7039,0
-1.4276,0,-0.96304,-8.8,4.6134,0
-1.4276,0,0,-8.8,4.5147,0
-1.6406,0,-1.0387,-8.8,4.3888,0
-1.7384,0,-1.0472,-8.8,4.2692,0
-1.7384,0,0,-8.8,4.1393,0
-1.9414,0,-1.0558,-8.8,3.9957,0
-2.0429,0,-1.0544,-8.8,3.8306,0
-2.0429,0,0,-8.8,3.6704,0
-2.2634,0,-0.98215,-8.8,3.4964,0
-2.2634,0,0,-8.8,3.3141,0
-2.2634,0,0,-8.8,3.1318,0
-2.5648,0,-0.90924,-8.8,2.9274,0
-2.652,0,-0.94024,-8.8,2.7142,0
-2.7501,0,-0.97008,-8.8,2.4944,0
-2.841,0,-1.0013,-8.8,2.2667,0
-2.9506,0,-0.97759,-8.8,2.0144,0
-3.0538,0,-0.9708,-8.8,1.7563,0
-3.0538,0,0,-8.8,1.4949,0
-3.2534,0,-0.94475,-8.8,1.2151,0
-3.3422,0,-0.90125,-8.8,0.92217,0
-3.4323,0,-0.9681,-10.249,0.6347,0
-3.5312,0,-1.0049,-19.294,0.3409,0
-3.5312,0,0,-93.113,0.084247,0
-3.7123,0,-1.0111,-42.914,0.16444,0
-3.8072,0,-1.0495,-1147.1,0.0063238,0
-3.9146,0,-1.0362,-1.0362,5.3638,8.0249
-4.0117,0,-1.0424,-8.8,4.9802,0
-4.1089,0,-1.0423,-8.8,4.6272,0
-4.2061,0,-1.0117,-8.8,4.2542,0
-4.3117,0,-1.0275,-8.8,3.8777,0
-4.4107,0,-0.97832,-8.8,3.4785,0
-4.5023,0,-0.94547,-8.8,3.0682,0
-4.5948,0,-0.98136,-8.8,2.6653,0
-4.6996,0,-0.99583,-8.8,2.2459,0
-4.8086,0,-1.0213,-8.8,1.8088,0
-4.9034,0,-1.0111,-9.8351,1.3624,0
-5.0063,0,-1.0051,-14.538,0.92601,0
-5.0063,0,0,-27.254,0.49806,0
-5.1957,0,-1.0034,-109.6,0.12429,0
-5.2941,0,-0.96393,-96.735,0.14632,0
-5.3821,0,-0.95637,-164.26,0.088694,0
-5.4835,0,-0.96271,-43.065,0.35709,0
-5.5833,0,-0.94304,-543.36,0.028735,0
-5.6774,0,-0.91272,-8.8,2.1906,0
-5.7645,0,-0.91895,-10.87,1.6696,0
-5.7645,0,0,-16.058,1.1475,0
-5.9555,0,-0.93008,-29.262,0.62595,0
-6.0577,0,-0.93356,-104.61,0.17697,0
-6.1458,0,-0.94773,-213.11,0.089014,0
-6.2481,0,-0.96127,-36.846,0.54395,0
-6.3431,0,-0.9774,-204.11,0.099036,0
-6.3431,0,0,-43.919,0.48529,0
-6.5581,0,-1.0456,-384.35,0.056103,0
-6.6575,0,-1.0974,-17.823,1.325,0
-6.7629,0,-1.1462,-31.524,0.7528,0
-6.8731,0,-1.1782,-105.27,0.22691,0
-6.9988,0,-1.1883,-370.79,0.066264,0
-7.1139,0,-1.2161,-21.895,1.2236,0
-7.2257,0,-1.1945,-44.22,0.60675,0
-7.3379,0,-1.1657,-281.42,0.096064,0
-7.4635,0,-1.1657,-37.951,0.75714,0
-7.5705,0,-1.1768,-155.35,0.18586,0
-7.6927,0,-1.181,-151.42,0.19695,0
-7.8127,0,-1.2268,-178.67,0.17199,0
-7.9329,0,-1.2699,-118.06,0.26943,0
-8.0628,0,-1.2883,-589.78,0.055234,0
-8.188,0,-1.301,-16.657,2.1829,0
-8.3207,0,-1.3147,-25.237,1.4471,0
-8.459,0,-1.2876,-50.567,0.72601,0
-8.5901,0,-1.2505,-285.8,0.12966,0
-8.7118,0,-1.2336,-55.45,0.69994,0
-8.8438,0,-1.2043,-399.88,0.098092,0
-8.8438,0,0,-34.466,1.2131,0
-9.0865,0,-1.11,-89.538,0.46684,0
-9.2073,0,-1.0946,-4566.4,0.0092846,0
-9.3162,0,-1.0563,7.8,21.924,37.707
-9.4181,0.78,-1.0558,-1.0558,20.945,20.906
-9.5277,0.67442,-1.0673,-1.0673,19.928,20.914
-9.6316,0.56768,-1.0658,-1.0658,18.913,20.909
-9.7324,0.4611,-1.0382,-1.0382,17.884,20.897
-9.8387,0.35728,-1.0048,-1.0048,16.864,20.902
-9.9312,0.25679,-0.9649,-0.9649,15.847,20.885
-10.035,0.1603,-0.92742,-0.92742,14.826,20.901
-10.125,0.067563,-0.90905,-0.90905,13.798,20.895
-10.222,0,-0.89927,-0.89927,12.772,20.954
-10.308,0,-0.93042,-0.93042,11.756,21.132
-10.409,0,-0.93395,-0.93395,10.72,21.339
-10.499,0,-0.91685,-0.91685,9.6717,21.523
-10.59,0,-0.90106,-0.90106,8.6297,21.709
-10.67,0,-0.89877,-0.89877,7.5656,21.874
-10.762,0,-0.86211,-0.86211,6.5058,22.063
-10.84,0,-0.82889,-0.82889,5.4349,22.223
-10.929,0,-0.81111,-14.552,4.3466,0
-10.929,0,0,-19.056,3.3265,0
-11.103,0,-0.78715,-27.329,2.3224,0
-11.18,0,-0.7565,-47.392,1.3402,0
-11.266,0,-0.7686,-139.74,0.45662,0
-11.266,0,0,-3011.7,0.028757,0
-11.429,0,-0.73506,-0.73506,13.951,23.43
-11.497,0,-0.75516,-0.75516,12.81,23.569
-11.563,0,-0.75237,-0.75237,11.668,23.703
-11.648,0,-0.7104,-0.7104,10.512,23.878
-11.648,0,0,-0.70725,9.3506,22.392
-11.8,0,-0.68488,-0.68488,8.1688,24.189
-11.878,0,-0.65673,-0.65673,6.9958,24.349
-11.878,0,0,-0.63814,5.8113,23.008
-12.007,0,-0.63998,-16.271,4.612,0
-12.069,0,-0.65697,-21.556,3.485,0
-12.138,0,-0.66571,-31.483,2.3905,0
-12.138,0,0,-56.737,1.3341,0
-12.283,0,-0.70213,-191.17,0.39603,0
-12.354,0,-0.69856,-613.59,0.12452,0
-12.42,0,-0.68012,-40.04,1.9597,0
-12.482,0,-0.67765,-85.556,0.91777,0
-12.555,0,-0.65778,-859.9,0.091731,0
-12.623,0,-0.66311,-26.017,3.1422,0
-12.68,0,-0.65809,-40.769,2.0043,0
-12.745,0,-0.65948,-86.514,0.94594,0
-12.816,0,-0.65733,-746.73,0.11007,0
-12.882,0,-0.66335,-33.033,2.5635,0
-12.955,0,-0.62855,-59.37,1.4286,0
-13.026,0,-0.64401,-196.94,0.4322,0
-13.098,0,-0.61365,-752.88,0.11403,0
-13.167,0,-0.6157,-34.442,2.5626,0
-13.167,0,0,-62.185,1.4181,0
-13.277,0,-0.63789,-223.5,0.39552,0
-13.336,0,-0.66531,-466.68,0.19082,0
-13.394,0,-0.71441,-76.689,1.1806,0
-13.475,0,-0.77867,-403.34,0.22552,0
-13.55,0,-0.83564,-103.58,0.89356,0
-13.633,0,-0.95009,-1538.4,0.060439,0
-13.732,0,-1.2871,-1.2871,6.3924,28.15
-13.87,0,-1.8552,-1.8552,5.0227,28.434
-14.047,0,-2.614,-29.709,3.6412,0
-14.307,0,-3.5668,-46.706,2.3725,0
-14.66,0,-4.5751,-97.185,1.1603,0
-14.66,0,0,-740.81,0.18026,0
-15.66,0,-5.9117,-58.946,2.3119,0
-16.247,0,-6.2611,-136.66,1.0121,0
-16.87,0,-6.5769,-4032.6,0.035343,0
-17.532,0,-6.8885,-6.8885,18.478,35.94
-18.224,0,-7.0778,-7.0778,16.732,37.359
-18.926,0,-6.5698,-6.5698,14.913,38.798
-19.576,0,-6.2229,-6.2229,13.016,40.132
-20.194,0,-5.8713,-5.8713,11.051,41.398
-20.782,0,-5.1635,-5.1635,9.0306,42.603
-21.296,0,-4.3425,-4.3425,6.9489,43.657
-21.737,0,-3.9898,-53.002,4.8204,0
-21.737,0,0,-88.188,2.9117,0
-22.461,0,-2.4328,-231.04,1.1034,0
-22.703,0,-1.6903,9.8,1,70.686
-22.88,0.98,-1.135,9.8,1,71.89
-22.99,1.96,-0.83224,9.8,1,73.488
-23.076,2.94,-0.635,9.8,1,75.259
-23.133,3.92,-0.49759,9.8,1,77.097
-23.192,4.9,-0.48615,9.8,1,79.202
-23.239,5.88,-0.48625,9.8,1,81.307
-23.283,6.86,-0.4572,9.8,1,83.345
-23.328,7.84,-0.39718,9.8,1,85.322
-23.364,8.82,-0.25452,9.8,1,87.105
-23.387,9.8,-0.069128,9.8,1,88.77
-23.396,10.78,0.070596,9.8,1,90.505
-23.395,11.76,0.1911,9.8,1,92.259
-23.382,12.74,0.2322,9.8,1,94.155
-23.35,13.72,0.15156,9.8,1,96.268
-23.35,14.7,0,9.8,0.99884,98.596
-23.349,15.68,-0.096196,9.8,1,100.8
-23.357,16.66,-0.19166,9.8,1,103.03
-23.382,17.64,-0.24443,9.8,1,105.2
-23.397,18.62,-0.26579,9.8,1,107.29
-23.434,19.6,-0.25827,9.8,1,109.35
-23.465,20.58,-0.28635,9.8,1,111.49
-23.465,21.56,0,9.8,1.0092,112.89
-23.526,22.54,-0.41184,9.8,1,115.89
-23.575,23.52,-0.50317,9.8,1,118.19
-23.622,24.5,-0.54488,9.8,1,120.39
-23.684,25.48,-0.54393,9.8,1,122.52
-23.684,26.46,0,9.8,1.0005,123.39
-23.786,27.44,-0.42539,9.8,1,126.5
-23.819,28.42,-0.22539,9.8,1,128.16
-23.832,29.4,0.015251,9.8,1,129.69
-23.826,30.38,0.296,9.8,1,131.09
-23.799,31.36,0.60225,9.8,1,132.4
-23.736,32.34,0.93814,9.8,1,133.58
-23.638,33.32,1.2097,9.8,1,134.81
-23.515,34.3,1.4015,9.8,1,136.17
-23.381,35.28,1.5066,9.8,1,137.68
-23.228,36.26,1.5469,9.8,1,139.29
-23.071,37.24,1.541,9.8,1,140.99
-22.926,38.22,1.4567,9.8,1,142.88
-22.789,39.2,1.4009,9.8,1,144.73
-22.654,40.18,1.3442,9.8,1,146.58
-22.518,41.16,1.2421,9.8,1,148.52
-22.403,42.14,1.0467,9.8,1,150.71
-22.299,43.12,0.83432,9.8,1,152.95
-22.299,44.1,0,9.8,0.98856,156.71
-22.167,45.08,0.27944,9.8,1,157.86
-22.135,46.06,0.057347,9.8,1,160.27
-22.123,47.04,-0.024311,9.8,1,162.43
-22.12,48.02,0.026387,9.8,1,164.32
-22.117,49,0.15743,9.8,1,166.05
-22.117,49.98,0,9.8,0.9899,168.39
-22.117,50.96,0,9.8,0.99107,170.4
-22.117,51.94,0,9.8,0.99236,172.41
-22.117,52.92,0,9.8,0.96926,174.42
-21.848,53.9,1.0736,9.8,1,173.62
-21.732,54.88,1.0913,9.8,1,175.35
-21.614,55.86,1.071,9.8,1,177.16
-21.513,56.84,1.0421,9.8,1,179.03
-21.399,57.82,1.0371,9.8,1,180.81
-21.294,58.8,1.0281,9.8,1,182.62
-21.2,59.78,1.0171,9.8,1,184.46
-21.2,60.76,0,9.8,0.99248,188.61
-21.2,61.74,0,9.8,0.98612,190.62
-20.882,62.72,1.0498,9.8,1,189.77
-20.775,63.7,1.0674,9.8,1,191.52
-20.659,64.68,1.0697,9.8,1,193.29
-20.548,65.66,1.0489,9.8,1,195.11
-20.433,66.64,1.0267,9.8,1,196.93
-20.336,67.62,0.99878,9.8,1,198.8
-20.241,68.6,1.0058,9.8,1,200.6
-20.137,69.58,1.0178,9.8,1,202.37
-20.039,70.56,1.0376,9.8,1,204.14
-19.94,71.54,1.0322,9.8,1,205.96
-19.835,72.52,1.0365,9.8,1,207.74
-19.835,73.5,0,9.8,0.99823,211.93
-19.643,74.48,1.007,9.8,1,211.43
-19.541,75.46,1.0039,9.8,1,213.24
-19.445,76.44,1.0147,9.8,1,215.02
-19.335,77.42,1.0205,9.8,1,216.8
-19.335,78.4,0,9.8,1.0026,220.95
-19.147,79.38,1.029,9.8,1,220.41
-19.053,80.36,1.0304,9.8,1,222.22
-18.954,81.34,1.0305,9.8,1,224.03
-18.848,82.32,1.0701,9.8,1,225.74
-18.736,83.3,1.0915,9.8,1,227.47
-18.632,84.28,1.0762,9.8,1,229.3
-18.532,85.26,1.0944,9.8,1,231.07
-18.416,86.24,1.088,9.8,1,232.85
-18.31,87.22,1.0463,9.8,1,234.73
-18.201,88.2,1.0186,9.8,1,236.57
-18.098,89.18,1.0156,9.8,1,238.38
-18.098,90.16,0,9.8,0.98856,242.52
-17.901,91.14,1.0075,9.8,1,242.01
-17.804,92.12,1.0026,9.8,1,243.83
-17.804,93.1,0,9.8,0.98876,247.94
-17.607,94.08,0.97181,9.8,1,247.51
-17.503,95.06,0.97398,9.8,1,249.3
-17.408,96.04,0.94546,9.8,1,251.17
-17.312,97.02,0.91719,9.8,1,253.05
-17.218,98,0.92434,9.8,1,254.85
-17.218,98.98,0,9.8,0.98841,258.8
-17.039,99.96,0.92433,9.8,1,258.5
-17.039,100.94,0,9.8,1.003,262.45
-16.855,101.92,0.9181,9.8,1,262.15
-16.763,102.9,0.88913,9.8,1,264.03
-16.666,103.88,0.83219,9.8,1,265.96
-16.59,104.86,0.84822,9.8,1,267.78
-16.499,105.84,0.8335,9.8,1,269.64
-16.421,106.82,0.79064,9.8,1,271.57
-16.35,107.8,0.77842,9.8,1,273.46
-16.35,108.78,0,9.8,0.99893,277.11
-16.191,109.76,0.77238,9.8,1,277.17
-16.119,110.74,0.74818,9.8,1,279.08
-16.049,111.72,0.74019,9.8,1,280.96
-15.969,112.7,0.72915,9.8,1,282.83
-15.891,113.68,0.68131,9.8,1,284.78
-15.82,114.66,0.63098,9.8,1,286.75
-15.766,115.64,0.62517,9.8,1,288.66
-15.695,116.62,0.5951,9.8,1,290.59
-15.631,117.6,0.5728,9.8,1,292.51
-15.631,118.58,0,9.8,0.99744,295.73
-15.518,119.56,0.57952,9.8,1,296.29
-15.467,120.54,0.56617,9.8,1,298.22
-15.401,121.52,0.59631,9.8,1,300.03
-15.401,122.5,0,9.8,0.99218,303.29
-15.288,123.48,0.56689,9.8,1,303.87
-15.226,124.46,0.55405,9.8,1,305.79
-15.173,125.44,0.55108,9.8,1,307.69
-15.111,126.42,0.51635,9.8,1,309.65
-15.054,127.4,0.49505,9.8,1,311.58
-15.014,128.38,0.49638,9.8,1,313.51
-14.962,129.36,0.48961,9.8,1,315.42
-14.918,130.34,0.47558,9.8,1,317.37
-14.872,131.32,0.4763,9.8,1,319.29
-14.831,132.3,0.49161,9.8,1,321.18
-14.779,133.28,0.49077,9.8,1,323.08
-14.737,134.26,0.49515,9.8,1,325
-14.687,135.24,0.51767,9.8,1,326.85
-14.642,136.22,0.51405,9.8,1,328.78
-14.591,137.2,0.50011,9.8,1,330.71
-14.548,138.18,0.50518,9.8,1,332.62
-14.548,139.16,0,9.8,0.98796,335.69
-14.548,140.14,0,9.8,0.98635,337.7
-14.407,141.12,0.5238,9.8,1,338.32
-14.356,142.1,0.52111,9.8,1,340.23
-14.307,143.08,0.46513,9.8,1,342.26
-14.263,144.06,0.48171,9.8,1,344.14
-14.263,145.04,0,9.8,0.99801,347.16
-14.18,146.02,0.46126,9.8,1,348.03
-14.125,147,0.47292,9.8,1,349.9
-14.083,147.98,0.48734,9.8,1,351.8
-14.083,148.96,0,9.8,1.0043,354.83
-13.999,149.94,0.43993,9.8,1,355.74
-13.949,150.92,0.39901,9.8,1,357.73
-13.9,151.9,0.38715,9.8,1,359.67
-13.87,152.88,0.34123,9.8,1,361.71
-13.83,153.86,0.44802,9.8,1,363.42
