17.5,17.5,0.33492,0,35.5,0
17.524,17.5,0.13574,0.0106,35.506,0
17.539,17.501,0.26346,0.016499,35.503,0
17.563,17.503,0.23453,0.026204,35.513,0
17.592,17.505,0.22472,0.037449,35.52,0
17.592,17.509,0,0.042911,35.529,0
17.619,17.513,0.11008,0.045678,35.548,0
17.622,17.518,0.0096147,0.045226,35.559,0
17.622,17.522,0,0.044009,35.569,0
17.612,17.527,-0.23291,0.036708,35.578,0.52912
17.582,17.531,-0.37678,0.022454,35.592,1.1083
17.553,17.533,-0.45611,0.0088644,35.589,1.4991
17.509,17.534,-0.55888,-0.0023241,35.586,2.1154
17.461,17.533,-0.60964,-0.0068485,35.582,2.5493
17.399,17.533,-0.64437,-0.012597,35.566,2.9542
17.337,17.531,-0.62133,-0.01835,35.544,3.0086
17.276,17.53,-0.62906,-0.024008,35.516,3.2521
17.22,17.527,-0.61808,-0.029108,35.483,3.3583
17.22,17.524,0,-0.035261,35.452,0.58214
17.097,17.521,-0.61333,-0.040296,35.396,3.7153
17.035,17.517,-0.60123,-0.045862,35.351,3.8287
16.968,17.512,-0.58249,-0.051896,35.297,3.9131
16.919,17.507,-0.55914,-0.05617,35.237,3.9037
16.919,17.501,0,-0.061976,35.178,1.1812
16.919,17.495,0,-0.065841,35.12,1.1533
16.766,17.489,-0.44751,-0.06957,35.048,3.637
16.728,17.482,-0.46451,-0.072864,34.978,3.8433
16.676,17.474,-0.48553,-0.077423,34.892,4.1201
16.63,17.467,-0.46571,-0.081432,34.814,4.1186
16.581,17.458,-0.46777,-0.085659,34.725,4.2626
16.581,17.45,0,-0.089192,34.638,1.8567
16.483,17.441,-0.42481,-0.094195,34.548,4.2472
16.431,17.432,-0.39473,-0.098809,34.448,4.1944
16.431,17.422,0,-0.10222,34.349,2.1538
16.349,17.411,-0.4381,-0.10579,34.249,4.6708
16.303,17.401,-0.37471,-0.10988,34.141,4.3777
16.26,17.39,-0.28849,-0.11364,34.02,3.9544
16.237,17.379,-0.25746,-0.11534,33.911,3.8096
16.219,17.367,-0.25241,-0.1166,33.79,3.7979
16.219,17.355,0,-0.11828,33.675,2.5193
16.178,17.344,-0.013578,-0.11961,33.55,2.66
16.18,17.332,0.011902,-0.11872,33.431,2.512
16.18,17.32,0.12421,-0.11815,33.315,2.0498
16.196,17.308,0.32127,-0.11576,33.204,1.3845
16.223,17.296,0.44759,-0.11241,33.085,1.0271
16.26,17.285,0.40666,-0.10777,32.98,1.0202
16.302,17.274,0.46615,-0.10271,32.874,0.81698
16.342,17.264,0.46264,-0.097815,32.78,0.73919
16.381,17.254,0.41329,-0.092997,32.687,0.74009
16.426,17.245,0.30576,-0.087602,32.601,0.85298
16.46,17.236,0.20322,-0.083296,32.519,1.0086
16.48,17.228,0.06549,-0.08053,32.444,1.339
16.48,17.22,0,-0.080058,32.369,1.536
16.472,17.212,-0.14967,-0.080175,32.294,2.1132
16.451,17.204,-0.2235,-0.081848,32.224,2.4783
16.427,17.196,-0.26609,-0.083865,32.147,2.7273
16.405,17.187,-0.28939,-0.085556,32.075,2.8808
16.375,17.179,-0.26593,-0.088292,31.994,2.8224
16.356,17.17,-0.24775,-0.089729,31.905,2.7572
16.335,17.161,-0.24591,-0.091393,31.821,2.7799
16.312,17.152,-0.24146,-0.093248,31.738,2.7942
16.289,17.142,-0.23699,-0.095186,31.646,2.8088
16.263,17.133,-0.2518,-0.097401,31.563,2.9279
16.263,17.123,0,-0.098495,31.477,1.7988
16.211,17.113,-0.25376,-0.10182,31.39,3.0255
16.184,17.103,-0.26135,-0.10416,31.294,3.1099
16.162,17.093,-0.28603,-0.106,31.197,3.2729
16.134,17.082,-0.29486,-0.10849,31.102,3.3699
16.097,17.071,-0.32964,-0.11199,30.997,3.6375
16.068,17.06,-0.34806,-0.11451,30.903,3.7946
16.028,17.049,-0.34185,-0.1184,30.795,3.8413
15.985,17.037,-0.30169,-0.12267,30.69,3.7017
15.962,17.024,-0.25906,-0.12447,30.593,3.4939
15.93,17.012,-0.25928,-0.12728,30.493,3.5472
15.909,16.999,-0.25246,-0.12888,30.389,3.5309
15.885,16.986,-0.24447,-0.13094,30.276,3.5175
15.852,16.973,-0.28245,-0.13396,30.174,3.783
15.83,16.96,-0.28198,-0.13571,30.059,3.8015
15.793,16.946,-0.23156,-0.13923,29.948,3.5864
15.766,16.932,-0.19681,-0.1416,29.829,3.4349
15.74,16.918,-0.2064,-0.14382,29.719,3.5159
15.719,16.904,-0.18286,-0.14535,29.611,3.4075
15.697,16.889,-0.18512,-0.14704,29.489,3.4339
15.67,16.875,-0.15606,-0.14943,29.37,3.3159
15.651,16.86,-0.1495,-0.15089,29.249,3.2916
15.634,16.845,-0.1378,-0.15196,29.132,3.2341
15.621,16.829,-0.12391,-0.15258,29.005,3.1547
15.614,16.814,-0.12225,-0.15239,28.887,3.1202
15.601,16.799,-0.13195,-0.15313,28.762,3.1586
15.581,16.784,-0.092237,-0.15459,28.647,2.9777
15.581,16.768,0,-0.1558,28.527,2.5206
15.581,16.753,0,-0.1558,28.409,2.4745
15.581,16.737,0,-0.15188,28.293,2.444
15.581,16.722,0,-0.14626,28.178,2.4214
15.643,16.707,0.49413,-0.14084,28.058,0.87606
15.693,16.693,0.54019,-0.13311,27.956,0.71047
15.75,16.68,0.58504,-0.12428,27.856,0.55619
15.808,16.667,0.59011,-0.11542,27.76,0.45626
15.867,16.656,0.57176,-0.10639,27.686,0.38001
15.867,16.645,0,-0.098477,27.608,1.5764
15.974,16.635,0.41982,-0.089939,27.535,0.36413
16.013,16.626,0.27326,-0.083614,27.481,0.51564
16.037,16.618,0.12596,-0.079467,27.421,0.77469
16.056,16.61,-0.046498,-0.076039,27.355,1.2158
16.046,16.602,-0.20581,-0.076556,27.307,1.8149
16.017,16.595,-0.34548,-0.079707,27.251,2.5101
16.017,16.587,0,-0.084237,27.193,1.0825
15.934,16.578,-0.52769,-0.089549,27.116,3.7287
15.887,16.569,-0.56587,-0.095149,27.045,4.0892
15.822,16.56,-0.55547,-0.10322,26.984,4.1908
15.768,16.55,-0.52008,-0.10974,26.904,4.0892
15.715,16.539,-0.49292,-0.11622,26.817,4.0404
15.715,16.527,0,-0.12318,26.735,1.5837
15.62,16.515,-0.4177,-0.12721,26.657,3.779
15.62,16.502,0,-0.13281,26.568,1.7374
15.531,16.489,-0.46689,-0.13767,26.46,4.2648
15.492,16.475,-0.45415,-0.14214,26.356,4.256
15.446,16.461,-0.49599,-0.14742,26.261,4.6204
15.388,16.446,-0.51705,-0.15449,26.164,4.8929
15.388,16.43,0,-0.16024,26.059,2.0847
15.287,16.414,-0.4874,-0.16661,25.943,4.8939
15.238,16.398,-0.47926,-0.1726,25.82,4.9327
15.196,16.381,-0.449,-0.17738,25.7,4.7974
15.152,16.363,-0.40317,-0.1826,25.574,4.5713
15.114,16.345,-0.4141,-0.18675,25.454,4.6923
15.068,16.326,-0.36789,-0.19242,25.32,4.4737
15.026,16.307,-0.48335,-0.19716,25.195,5.2937
14.986,16.287,-0.57973,-0.20186,25.062,6.0556
14.929,16.267,-0.68705,-0.20914,24.925,7.0313
14.861,16.246,-0.75285,-0.21823,24.785,7.7578
14.779,16.224,-0.82161,-0.22941,24.649,8.6001
14.707,16.201,-0.75259,-0.23934,24.5,8.1138
14.637,16.177,-0.72273,-0.2487,24.356,7.9881
14.566,16.152,-0.71457,-0.25835,24.204,8.058
14.566,16.126,0,-0.26932,24.046,3.185
14.422,16.099,-0.75706,-0.27875,23.861,8.7285
14.343,16.072,-0.7939,-0.28998,23.695,9.2415
14.343,16.043,0,-0.30132,23.524,3.4818
14.178,16.012,-0.85752,-0.31421,23.345,10.217
14.093,15.981,-0.84749,-0.32706,23.153,10.277
14.008,15.948,-0.84587,-0.33978,22.972,10.421
13.928,15.914,-0.85785,-0.35207,22.775,10.681
13.928,15.879,0,-0.36446,22.578,4.0083
13.754,15.843,-0.87118,-0.37926,22.376,11.12
13.673,15.805,-0.85659,-0.39189,22.174,11.079
13.577,15.766,-0.80244,-0.4079,21.95,10.664
13.505,15.725,-0.69064,-0.41991,21.722,9.621
13.432,15.683,-0.66802,-0.43158,21.507,9.4667
13.358,15.64,-0.61449,-0.44352,21.289,9.0311
13.297,15.595,-0.61118,-0.45316,21.067,9.0073
13.235,15.55,-0.42235,-0.46287,20.846,7.4462
13.201,15.504,-0.34055,-0.46729,20.62,6.7638
13.166,15.457,-0.15366,-0.4722,20.387,5.4737
13.143,15.41,-0.094443,-0.47396,20.169,5.0359
13.132,15.362,0.012241,-0.47328,19.953,4.3604
13.141,15.315,-0.050155,-0.46804,19.736,4.5083
13.137,15.268,-0.1063,-0.46533,19.529,4.6701
13.133,15.222,-0.14847,-0.46318,19.309,4.7629
13.116,15.175,-0.081219,-0.46338,19.102,4.3052
13.114,15.129,-0.052717,-0.4599,18.901,4.0336
13.102,15.083,-0.058233,-0.45855,18.7,3.9539
13.102,15.037,0.013575,-0.45407,18.509,3.5002
13.109,14.992,0.052795,-0.44841,18.309,3.2022
13.109,14.947,0.01241,-0.44373,18.124,3.2548
13.102,14.903,0.015882,-0.44005,17.952,3.1422
13.106,14.859,0.007565,-0.43374,17.781,3.0597
13.1,14.815,-0.080231,-0.43041,17.602,3.3366
13.096,14.772,-0.091617,-0.42624,17.424,3.2823
13.09,14.73,-0.031852,-0.42227,17.262,2.9345
13.078,14.687,-0.096282,-0.41964,17.101,3.1266
13.059,14.645,-0.18775,-0.41843,16.949,3.4792
13.038,14.603,-0.19029,-0.41828,16.785,3.4239
13.018,14.562,-0.24666,-0.41772,16.622,3.6316
12.985,14.52,-0.30394,-0.42033,16.471,3.8884
12.961,14.478,-0.24109,-0.42059,16.317,3.5007
12.937,14.436,-0.12985,-0.42117,16.158,2.9271
12.932,14.394,-0.069621,-0.41597,16,2.5894
12.932,14.352,-0.01963,-0.40906,15.856,2.312
12.933,14.311,0.032193,-0.40161,15.715,2.0482
12.928,14.271,0.045842,-0.39617,15.572,1.9323
12.934,14.231,0.03836,-0.38742,15.432,1.8681
12.945,14.193,0.056279,-0.37668,15.297,1.721
12.946,14.155,0.063382,-0.36868,15.18,1.6298
12.943,14.118,0.10301,-0.36219,15.058,1.4597
12.945,14.082,0.1094,-0.35379,14.946,1.3777
12.957,14.047,0.078196,-0.34242,14.827,1.3783
12.957,14.012,0.056563,-0.33493,14.716,1.3766
12.958,13.979,0.063839,-0.32669,14.617,1.2987
12.961,13.946,0.015086,-0.318,14.522,1.372
12.972,13.914,0.028635,-0.30728,14.416,1.2639
12.981,13.884,0.094278,-0.29657,14.329,1.0357
12.999,13.854,0.14216,-0.28297,14.247,0.86037
12.999,13.826,0,-0.27164,14.163,1.1673
13.03,13.798,0.40545,-0.25807,14.085,0.37379
13.063,13.773,0.47308,-0.23958,14.017,0.26427
13.118,13.749,0.48902,-0.21436,13.941,0.17267
13.168,13.727,0.60503,-0.19098,13.888,0.090234
13.238,13.708,0.69277,-0.16124,13.84,0.039037
13.304,13.692,0.65513,-0.13366,13.796,0
13.371,13.679,0.65284,-0.10642,13.762,0
13.43,13.668,0.76985,-0.082692,13.726,0
13.516,13.66,0.64203,-0.049867,13.715,0
13.575,13.655,0.43315,-0.027852,13.699,0
13.625,13.652,0.22693,-0.0094099,13.696,0
13.645,13.651,0.13643,-0.002101,13.685,0
13.665,13.651,-0.10412,0.0038578,13.683,0.22498
13.657,13.651,-0.19265,0.0014917,13.69,0.49252
13.643,13.651,-0.15005,-0.0029458,13.686,0.38552
13.635,13.651,-0.085523,-0.0056844,13.687,0.22095
13.635,13.651,0,-0.0059926,13.686,0.01975
13.635,13.65,0,-0.011389,13.684,0.0072146
13.603,13.649,-0.036119,-0.015953,13.674,0.14083
13.609,13.647,-0.075252,-0.013216,13.66,0.22452
13.608,13.646,-0.14217,-0.013171,13.663,0.40448
13.592,13.645,-0.1516,-0.018343,13.669,0.45306
13.592,13.643,0,-0.019764,13.663,0.062685
13.576,13.641,-0.21827,-0.022657,13.663,0.679
13.552,13.638,-0.21009,-0.03001,13.665,0.6833
13.525,13.635,-0.18087,-0.038486,13.665,0.62535
13.515,13.632,-0.15422,-0.040826,13.644,0.55277
13.505,13.628,-0.16641,-0.042703,13.624,0.59678
13.485,13.623,-0.17253,-0.048331,13.602,0.63813
13.47,13.618,-0.17423,-0.052266,13.583,0.6589
13.443,13.613,-0.2268,-0.06005,13.563,0.86265
13.426,13.607,-0.24864,-0.063685,13.551,0.95395
13.41,13.601,-0.22461,-0.067241,13.535,0.88423
13.382,13.594,-0.22116,-0.074907,13.512,0.90323
13.359,13.587,-0.21262,-0.0806,13.5,0.89732
13.328,13.579,-0.22691,-0.088839,13.479,0.9795
13.312,13.57,-0.16838,-0.091718,13.45,0.79503
13.292,13.56,-0.14221,-0.095726,13.431,0.7291
13.279,13.551,-0.04644,-0.097005,13.404,0.46737
13.275,13.541,0.056838,-0.095405,13.382,0.22781
13.283,13.532,0.27946,-0.089138,13.347,0
13.31,13.523,0.36844,-0.076489,13.317,0
13.343,13.515,0.42404,-0.062076,13.293,0
13.343,13.509,0,-0.048109,13.276,0.24127
13.343,13.504,0,-0.029697,13.26,0.27335
13.459,13.501,0.43551,-0.015364,13.26,0
13.509,13.5,0.35892,0.0025017,13.262,0
13.547,13.5,0.3712,0.013034,13.27,0
13.59,13.501,0.28904,0.024752,13.279,0
13.618,13.504,0.14602,0.03188,13.291,0
13.64,13.507,-0.030994,0.037125,13.307,0
13.64,13.511,0,0.036549,13.32,0
13.63,13.514,-0.13546,0.032288,13.33,0.14701
13.63,13.517,0,0.029254,13.341,0
13.61,13.52,-0.19029,0.02501,13.334,0.34514
13.59,13.523,-0.18216,0.018838,13.337,0.3572
13.566,13.525,-0.11159,0.011431,13.348,0.20168
13.545,13.526,-0.072724,0.0054379,13.356,0.13627
13.537,13.526,0.05582,0.0028846,13.348,0
13.544,13.527,0.17591,0.0047939,13.344,0
13.557,13.527,0.28561,0.0082924,13.339,0
13.579,13.528,0.33576,0.014316,13.334,0
13.618,13.529,0.33953,0.024738,13.333,0
13.651,13.532,0.35851,0.033262,13.343,0
13.69,13.535,0.43677,0.043039,13.349,0
13.731,13.54,0.40756,0.053185,13.362,0
13.764,13.545,0.3717,0.061198,13.39,0
13.764,13.551,0,0.072335,13.412,0
13.846,13.558,0.26013,0.080481,13.443,0
13.871,13.566,0.15998,0.085125,13.475,0
13.887,13.575,0.14897,0.087496,13.504,0
13.905,13.584,0.17993,0.090203,13.544,0
13.925,13.593,0.17251,0.093315,13.576,0
13.95,13.602,0.10478,0.097863,13.606,0
13.962,13.612,0.062043,0.098475,13.647,0
13.962,13.622,0,0.099587,13.681,0
13.981,13.631,-0.10914,0.098388,13.722,0
13.976,13.641,-0.12472,0.094421,13.763,0
13.956,13.651,-0.09504,0.086143,13.801,0
13.953,13.659,-0.092914,0.083124,13.822,0
13.94,13.668,-0.084283,0.077022,13.858,0
13.929,13.675,-0.1069,0.071775,13.879,0
13.921,13.683,-0.107,0.067615,13.901,0
13.912,13.689,-0.14471,0.063264,13.934,0.0055515
13.904,13.696,-0.25386,0.059195,13.964,0.34917
13.88,13.702,-0.34129,0.050677,13.981,0.70831
13.845,13.707,-0.42928,0.03946,13.997,1.1392
13.804,13.711,-0.45574,0.026546,14,1.3438
13.758,13.713,-0.47575,0.012705,14.016,1.5314
13.714,13.714,-0.47375,-0.00028238,14.022,1.6103
13.66,13.714,-0.42037,-0.018452,14.018,1.4536
13.617,13.713,-0.39795,-0.032149,14.012,1.4218
13.568,13.709,-0.43113,-0.047696,14.006,1.6492
13.525,13.705,-0.44472,-0.060546,13.988,1.777
13.483,13.699,-0.37042,-0.072946,13.96,1.4996
13.442,13.691,-0.32734,-0.08443,13.941,1.3727
13.414,13.683,-0.25417,-0.091289,13.917,1.1193
13.383,13.674,-0.27347,-0.098911,13.881,1.2237
13.366,13.664,-0.29676,-0.10187,13.847,1.3248
13.328,13.654,-0.3623,-0.11134,13.821,1.6387
13.284,13.643,-0.38788,-0.12322,13.787,1.8057
13.245,13.63,-0.30603,-0.13295,13.74,1.4951
13.216,13.617,-0.21153,-0.13887,13.695,1.1593
13.194,13.603,-0.15563,-0.14236,13.648,0.98159
13.194,13.589,0,-0.14387,13.608,0.51258
13.147,13.574,-0.29411,-0.15004,13.566,1.5044
13.123,13.559,-0.49012,-0.1538,13.528,2.4185
13.123,13.544,0,-0.16972,13.485,0.51057
12.996,13.527,-0.69645,-0.18883,13.426,3.8016
12.933,13.508,-0.71435,-0.2056,13.368,3.9958
12.861,13.488,-0.721,-0.22528,13.305,4.1266
12.793,13.465,-0.72448,-0.24338,13.233,4.223
12.724,13.441,-0.77031,-0.26124,13.167,4.6221
12.646,13.415,-0.8021,-0.2821,13.1,4.944
12.556,13.386,-0.81354,-0.30686,13.028,5.1313
12.473,13.356,-0.87876,-0.32918,12.934,5.7268
12.394,13.323,-0.95815,-0.34928,12.847,6.4736
12.302,13.288,-1.0674,-0.37412,12.758,7.5861
12.188,13.25,-1.187,-0.40734,12.653,8.9501
12.078,13.21,-1.2264,-0.43812,12.553,9.4899
11.959,13.166,-1.2931,-0.47268,12.442,10.376
11.838,13.119,-1.3642,-0.5074,12.325,11.352
11.707,13.068,-1.3638,-0.54664,12.192,11.428
11.564,13.013,-1.4029,-0.59077,12.048,12.017
11.431,12.954,-1.6002,-0.63119,11.893,14.897
11.279,12.891,-1.8137,-0.67948,11.736,18.568
11.089,12.823,-2.0026,-0.7434,11.575,22.4
10.883,12.749,-2.2323,-0.81564,11.396,27.811
10.666,12.667,-2.4951,-4.4,11.211,0
10.426,12.227,-2.6499,-4.4,11.017,0
10.155,11.787,-2.7327,-5.2,10.851,0
9.8753,11.267,-2.816,-0.59003,10.708,46.109
9.5885,11.208,-2.862,-5.2,10.554,0
9.3082,10.688,-2.8626,-0.57893,10.41,48.082
9.0227,10.63,-2.9289,-5.2,10.253,0
8.7299,10.11,-3.0557,-0.5735,10.097,56.893
8.7299,10.053,0,-5.2,9.9621,446.66
8.1119,9.5329,-3.3834,-0.58372,9.7832,75.458
7.778,9.4746,-3.5233,-5.2,9.6207,0
7.4173,8.9546,-3.5825,-5.2,9.4645,0
7.0512,8.4346,-3.6214,-0.53948,9.3186,16.118
6.687,8.3806,-3.6219,-5.2,9.1736,0.1558
6.3234,7.8606,-3.7304,-0.58798,9.0037,15.344
5.9529,7.8018,-3.865,-5.2,8.8278,0.98499
5.9529,7.2818,0,-0.64283,8.6689,1.3736
5.1658,7.2175,-4.301,-5.2,8.4719,2.3171
4.7436,6.6975,-4.6816,-5.2,8.2769,2.9162
4.2714,6.1775,-4.9232,-5.2,8.0754,3.326
3.7842,5.6575,-5.2566,-0.62624,7.8776,15.558
3.2583,5.5949,-5.4851,-8.8,7.6707,0
2.7032,4.7149,-5.7139,-0.60571,7.4491,16.053
2.136,4.6543,-5.8309,-8.8,7.2271,0
1.5536,3.7743,-5.9023,-0.58306,6.997,16.382
0.96262,3.716,-5.6878,-8.8,6.749,0
0.40307,2.836,-5.5018,-0.53135,6.4882,15.753
-0.13899,2.7829,-5.0416,-8.8,6.2121,0
-0.64894,1.9029,-3.9298,-8.8,5.9322,0
-1.0482,1.0229,-2.762,-0.18597,5.704,9.9795
-1.3343,1.0043,-1.8405,-8.8,5.4866,0
-1.5227,0.12429,-0.83458,-0.83458,5.295,3.6973
-1.5971,0.040832,-0.19417,-0.19417,5.1365,3.6786
-1.622,0.021415,-0.26398,-8.8,4.9668,0
-1.6572,0,-0.41857,-8.8,4.8375,0
-1.7089,0,-0.43681,-8.8,4.7205,0
-1.7449,0,-0.56321,-8.8,4.5836,0
-1.7449,0,0,-8.8,4.4531,0
-1.8527,0,-0.31899,-8.8,4.3187,0
-1.8909,0,-0.21329,-8.8,4.1689,0
-1.9129,0,-0.16591,-8.8,4.0303,0
-1.9323,0,-0.10886,-8.8,3.8818,0
-1.9384,0,-0.11762,-8.8,3.7301,0
-1.9529,0,-0.12275,-8.8,3.578,0
-1.9662,0,-0.11556,-8.8,3.4273,0
-1.9751,0,-0.11619,-8.8,3.2727,0
-1.9957,0,-0.071039,-8.8,3.1088,0
-2.0105,0,0.084358,-8.8,2.9599,0
-2.0064,0,0.306,-8.8,2.7965,0
-1.9803,0,0.59994,-8.8,2.6378,0
-1.9257,0,0.91818,-8.8,2.4914,0
-1.827,0,1.1772,-8.8,2.353,0
-1.7136,0,1.3584,-8.8,2.2156,0
-1.5865,0,1.4767,-8.8,2.0944,0
-1.4338,0,1.56,-8.8,1.9932,0
-1.2687,0,1.6027,-8.8,1.9093,0
-1.1017,0,1.6261,-8.8,1.8358,0
-0.93604,0,1.6149,-8.8,1.7787,0
-0.93604,0,0,-8.8,1.7291,0
-0.93604,0,0,-8.8,1.6795,0
-0.47275,0,1.4941,-8.8,1.7071,0
-0.31753,0,1.4275,-8.8,1.7065,0
-0.17851,0,1.2748,-8.8,1.7209,0
-0.045367,0,1.1353,-8.8,1.7528,0
0.060675,0,0.93459,-8.8,1.7943,0
0.15865,0,0.67133,-8.8,1.8513,0
0.15865,0,0,-8.8,1.9111,0
0.27845,0,0.39537,-8.8,1.9829,0
0.32146,0,0.36064,-8.8,2.0621,0
0.35167,0,0.39384,-8.8,2.1426,0
0.38726,0,0.49809,-8.8,2.2249,0
0.44597,0,0.64655,-8.8,2.314,0
0.50334,0,0.88946,-8.8,2.4046,0
0.60122,0,1.0957,-8.8,2.5024,0
0.71983,0,1.244,-8.8,2.6175,0
0.83617,0,1.4434,-8.8,2.7446,0
0.97629,0,1.5885,-8.8,2.8867,0
1.1415,0,1.6731,-8.8,3.0383,0
1.3052,0,1.7255,-8.8,3.1981,0
1.4791,0,1.7551,-8.8,3.3911,0
1.6466,0,1.7443,-8.8,3.5822,0
1.8288,0,1.7661,-8.8,3.7941,0
2.0047,0,1.7411,-8.8,4.0263,0
2.169,0,1.7238,-8.8,4.2802,0
2.3422,0,1.7236,-8.8,4.5589,0
2.511,0,1.6869,-8.8,4.8431,0
2.67,0,1.5807,1.5807,5.1457,0
2.83,0.15807,1.4506,1.4506,5.4136,0
2.9813,0.30313,1.2805,1.2805,5.6811,0
3.1061,0.43118,1.1043,1.1043,5.9579,0
3.1061,0.54161,0,0.90609,6.2198,0
3.3228,0.63222,0.69581,0.69581,6.4813,0
3.4014,0.7018,0.45361,0.45361,6.7489,0
3.4521,0.74716,0.23316,0.23316,7.0211,0
3.4766,0.77048,0.066919,0.066919,7.2864,0.33075
3.4733,0.77717,-0.053937,-0.053937,7.5574,0.67859
3.4671,0.77178,-0.13697,-0.13697,7.8259,0.96555
3.4518,0.75808,-0.13091,-0.13091,8.1041,0.93745
3.4387,0.74499,-0.13928,-0.13928,8.3769,0.96786
3.4387,0.73106,0,-0.17416,8.6469,2.3078
3.4016,0.71365,-0.22993,-0.22993,8.906,1.2934
3.3738,0.69065,-0.27768,-0.27768,9.1717,1.4711
3.3506,0.66289,-0.36284,-0.36284,9.4318,1.3395
3.3129,0.6266,-0.42585,-0.42585,9.7041,0.56054
3.2723,0.58402,-0.50368,-0.50368,9.9798,0
3.2204,0.53365,-0.54734,-0.54734,10.254,0
3.1669,0.47891,-0.562,-0.562,10.518,0
3.1104,0.42271,-0.54916,-0.54916,10.794,0
3.0631,0.3678,-0.50135,-0.50135,11.059,0
3.0078,0.31766,-0.45055,-0.45055,11.333,0
2.9702,0.27261,-0.34082,-0.34082,11.608,0
2.9292,0.23853,-0.14945,-0.14945,11.883,0.60554
2.9094,0.22358,0.075423,0.075423,12.155,0.24357
2.912,0.23112,0.3117,0.3117,12.431,0
2.9397,0.26229,0.57148,0.57148,12.703,0
3.0056,0.31944,0.76403,0.76403,12.968,0
3.0916,0.39584,0.78164,0.78164,13.234,0
3.1617,0.47401,0.77263,0.77263,13.494,0
3.2416,0.55127,0.73558,0.73558,13.758,0
3.3072,0.62483,0.71488,0.71488,14.033,0
3.3726,0.69632,0.67681,0.67681,14.308,0
3.4321,0.764,0.75234,0.75234,14.572,0
3.5106,0.83923,0.77923,0.77923,14.847,0
3.5874,0.91715,0.81795,4.9,15.117,13.363
3.6634,1.4072,0.8599,4.9,15.369,15.046
3.7536,1.8972,0.9117,4.9,15.578,16.566
3.8476,2.3872,0.8861,4.9,15.747,18.947
3.9414,2.8772,0.85928,4.5895,15.88,18.62
4.0238,3.3361,0.87353,2.3273,15.966,3.6559
4.1105,3.5688,0.83417,1.6437,16.03,1.1142
4.1105,3.7332,0,1.3192,16.076,4.6158
4.2751,3.8651,0.77715,1.0946,16.125,0
4.3559,3.9746,0.77731,0.97391,16.165,0
4.4381,4.072,0.75577,0.89949,16.192,0
4.5143,4.1619,0.75102,0.8363,16.229,0
4.5845,4.2456,0.75878,0.7794,16.26,0
4.6607,4.3235,0.7812,0.75383,16.297,0
4.7331,4.3989,0.74713,0.72712,16.327,0
4.8129,4.4716,0.72391,0.72403,16.366,0
4.8791,4.544,0.53926,0.69334,16.404,0
4.9374,4.6133,0.70201,0.65518,16.441,0
