13.333,13.333,0.48833,0,35.5,0
13.381,13.333,0.52542,0.032197,35.495,0
13.43,13.337,0.59554,0.063783,35.503,0
13.49,13.343,0.63876,0.10033,35.505,0
13.557,13.353,0.67822,0.13866,35.528,0
13.634,13.367,0.8009,0.18164,35.546,0
13.634,13.385,0,0.21776,35.572,0
13.791,13.407,0.79576,0.26056,35.622,0
13.879,13.433,0.81092,0.30127,35.655,0
13.967,13.463,0.76777,0.33945,35.695,0
14.046,13.497,0.66399,0.36919,35.742,0
14.12,13.534,0.5583,0.39257,35.798,0
14.172,13.573,0.37456,0.39998,35.853,0
14.202,13.613,0.20626,0.39206,35.922,0
14.202,13.652,0,0.37834,35.979,0
14.23,13.69,-0.046915,0.35709,36.041,0
14.224,13.726,-0.19423,0.32816,36.098,0.27642
14.201,13.759,-0.24211,0.29095,36.144,0.47194
14.171,13.788,-0.33103,0.2515,36.182,0.848
14.147,13.813,-0.42961,0.21886,36.226,1.3072
14.107,13.835,-0.51243,0.17801,36.255,1.7383
14.051,13.853,-0.58341,0.12913,36.278,2.1409
13.988,13.865,-0.63888,0.079746,36.284,2.476
13.926,13.873,-0.59918,0.034359,36.288,2.2538
13.861,13.877,-0.57709,-0.0011232,36.28,2.1901
13.797,13.877,-0.58604,-0.0056317,36.274,2.4435
13.747,13.876,-0.54467,-0.0091708,36.263,2.3698
13.697,13.875,-0.49134,-0.012642,36.254,2.2335
13.697,13.874,0,-0.016602,36.236,0.3398
13.589,13.872,-0.3449,-0.020176,36.207,1.8222
13.563,13.87,-0.2153,-0.021876,36.179,1.336
13.532,13.868,-0.25636,-0.02398,36.156,1.5796
13.506,13.866,-0.38348,-0.025675,36.121,2.2297
13.472,13.863,-0.56915,-0.027949,36.081,3.3746
13.423,13.86,-0.80484,-0.031293,36.041,5.2321
13.341,13.857,-0.9772,-0.037027,35.989,7.0855
13.234,13.854,-1.0003,-0.044542,35.934,7.7652
13.124,13.849,-0.99625,-0.05226,35.857,8.189
13.028,13.844,-0.98872,-0.058987,35.78,8.5159
12.937,13.838,-0.87122,-0.065355,35.704,7.7186
12.851,13.831,-0.77657,-0.071414,35.619,7.1785
12.851,13.824,0,-0.076418,35.522,2.2044
12.701,13.817,-0.58965,-0.081864,35.419,6.1397
12.64,13.808,-0.55936,-0.086246,35.295,6.106
12.581,13.8,-0.65031,-0.090355,35.185,7.0379
12.525,13.791,-0.75366,-0.094245,35.068,8.1456
12.449,13.781,-0.83798,-0.099833,34.928,9.2502
12.364,13.771,-0.9262,-0.10606,34.781,10.507
12.364,13.761,0,-0.1125,34.641,3.3535
12.177,13.75,-1.0356,-0.12002,34.486,12.541
12.068,13.738,-1.0936,-0.12818,34.333,13.729
11.963,13.725,-1.2111,-0.1363,34.156,15.769
11.836,13.711,-1.2829,-0.14613,33.982,17.394
11.717,13.697,-1.3156,-0.15555,33.797,18.443
11.589,13.681,-1.4148,-0.16587,33.584,20.629
11.45,13.664,-1.4212,-0.17733,33.36,21.404
11.305,13.647,-1.3346,-0.18944,33.125,20.657
11.179,13.628,-1.2657,-0.20018,32.884,20.123
11.179,13.608,0,-0.21069,32.64,6.5172
10.94,13.587,-1.1165,-0.22131,32.374,18.874
10.82,13.564,-1.0835,-0.23219,32.11,18.876
10.709,13.541,-1.0901,-0.24267,31.831,19.398
10.603,13.517,-0.94573,-0.25304,31.535,17.758
10.508,13.492,-0.66504,-0.26248,31.246,14.575
10.443,13.465,-0.42831,-0.26977,30.937,12.204
10.402,13.438,-0.21934,-0.27495,30.626,10.307
10.382,13.411,0.024853,-0.27829,30.316,8.3337
10.377,13.383,0.118,-0.28007,30.02,7.588
10.395,13.355,0.22244,-0.27983,29.719,6.7545
10.422,13.327,0.36366,-0.27839,29.43,5.7677
10.461,13.299,0.53327,-0.2758,29.143,4.7476
10.511,13.272,0.6282,-0.27206,28.861,4.1457
10.571,13.245,0.76232,-0.26704,28.585,3.459
10.644,13.218,0.81107,-0.26044,28.323,3.0878
10.721,13.192,0.93755,-0.25338,28.061,2.5638
10.807,13.166,1.0218,-0.24491,27.818,2.1997
10.918,13.142,1.0207,-0.2334,27.597,1.9765
10.918,13.119,0,-0.22202,27.376,5.59
11.117,13.096,0.69857,-0.2122,27.185,2.15
11.184,13.075,0.50114,-0.20468,26.999,2.4891
11.242,13.055,0.43436,-0.19816,26.809,2.518
11.294,13.035,0.44416,-0.19217,26.625,2.3258
11.33,13.016,0.48815,-0.18763,26.462,2.0793
11.381,12.997,0.59832,-0.1815,26.295,1.6738
11.45,12.979,0.66892,-0.17322,26.137,1.3841
11.522,12.961,0.67119,-0.16445,25.979,1.2314
11.581,12.945,0.69184,-0.15711,25.831,1.0818
11.657,12.929,0.74466,-0.14753,25.705,0.88515
11.731,12.915,0.83421,-0.13819,25.574,0.70168
11.818,12.901,0.9295,-0.12735,25.452,0.56712
11.92,12.888,0.95341,-0.11451,25.344,0.46458
12.009,12.877,0.95763,-0.10316,25.243,0.38364
12.103,12.866,1.0052,-0.091243,25.153,0.33722
12.204,12.857,0.92098,-0.078378,25.083,0.20829
12.204,12.849,0,-0.066313,25.019,1.3311
12.386,12.843,0.89053,-0.055178,24.975,0.061165
12.482,12.837,1.0165,-0.042942,24.942,0.15465
12.587,12.833,0.97895,-0.029741,24.913,0.067438
12.679,12.83,1.0122,-0.018225,24.901,0.097884
12.774,12.828,0.95634,-0.0065586,24.9,0
12.864,12.827,0.87197,0.019471,24.907,0
12.864,12.829,0,0.067849,24.911,0.077752
13.031,12.836,0.62804,0.10313,24.937,0
13.099,12.846,0.58709,0.13397,24.963,0
13.159,12.86,0.53586,0.15862,25,0
13.21,12.876,0.46566,0.1773,25.038,0
13.252,12.893,0.36404,0.18973,25.072,0
13.292,12.912,0.34362,0.20058,25.112,0
13.316,12.932,0.23874,0.20268,25.153,0
13.331,12.953,0.19932,0.1994,25.188,0
13.36,12.973,0.17526,0.20373,25.234,0
13.374,12.993,0.087807,0.20042,25.273,0
13.385,13.013,0.16321,0.19561,25.316,0
13.402,13.033,0.11037,0.19389,25.347,0
13.406,13.052,0.058043,0.18561,25.38,0
13.414,13.071,0.025032,0.17983,25.418,0
13.407,13.089,0.036894,0.16651,25.46,0
13.414,13.105,-0.028408,0.16139,25.498,0
13.414,13.121,0,0.1525,25.528,0
13.404,13.137,-0.0017314,0.13953,25.561,0
13.408,13.151,-0.034549,0.13421,25.597,0
13.396,13.164,-0.0043396,0.12101,25.618,0
13.4,13.176,-0.031414,0.11635,25.641,0
13.39,13.188,-0.013668,0.10532,25.663,0
13.386,13.198,-0.070721,0.097627,25.673,0
13.377,13.208,-0.019032,0.087628,25.688,0
13.376,13.217,-0.091545,0.082366,25.7,0.06374
13.364,13.225,-0.091357,0.072156,25.707,0.08159
13.351,13.232,-0.091567,0.061696,25.712,0.10102
13.335,13.238,-0.17325,0.050059,25.726,0.35145
13.327,13.243,-0.20916,0.043259,25.729,0.47586
13.306,13.248,-0.16967,0.03017,25.735,0.37645
13.291,13.251,-0.19583,0.020749,25.736,0.47383
13.275,13.253,-0.13814,0.011341,25.744,0.31879
13.251,13.254,0.087783,-0.00034672,25.751,0
13.266,13.254,0.096102,0.0060759,25.752,0
13.275,13.254,0.13659,0.010805,25.757,0
13.288,13.256,0.15615,0.017009,25.757,0
13.313,13.257,0.14425,0.028792,25.768,0
13.324,13.26,0.10486,0.033128,25.775,0
13.331,13.263,0.18389,0.034838,25.79,0
13.356,13.267,0.21607,0.046332,25.806,0
13.372,13.272,0.31744,0.052162,25.819,0
13.405,13.277,0.32288,0.06651,25.824,0
13.435,13.283,0.33603,0.078327,25.83,0
13.476,13.291,0.34978,0.095261,25.849,0
13.507,13.301,0.38764,0.10651,25.871,0
13.538,13.311,0.29704,0.11699,25.885,0
13.569,13.323,0.36259,0.12686,25.908,0
13.596,13.336,0.36359,0.13406,25.93,0
13.623,13.349,0.40233,0.14083,25.95,0
13.655,13.363,0.42226,0.14983,25.982,0
13.695,13.378,0.54083,0.16255,26.004,0
13.749,13.395,0.46939,0.18217,26.041,0
13.79,13.413,0.4361,0.19323,26.085,0
13.836,13.432,0.39796,0.20689,26.122,0
13.836,13.453,0,0.2126,26.161,0
13.836,13.474,0,0.22284,26.198,0
13.941,13.496,0.43906,0.22732,26.26,0
13.978,13.519,0.43437,0.23421,26.3,0
14.017,13.542,0.49239,0.24151,26.344,0
14.063,13.567,0.45426,0.25229,26.398,0
14.114,13.592,0.43321,0.26537,26.442,0
14.161,13.618,0.2942,0.27513,26.501,0
14.189,13.646,0.27774,0.27482,26.563,0
14.213,13.673,0.24784,0.27272,26.608,0
14.228,13.701,0.30185,0.26648,26.668,0
14.249,13.727,0.32526,0.26283,26.718,0
14.278,13.754,0.35699,0.26396,26.773,0
14.322,13.78,0.33478,0.27221,26.826,0
14.362,13.807,0.17574,0.27832,26.883,0
14.376,13.835,0.31238,0.27096,26.929,0
14.411,13.862,0.14505,0.2746,26.988,0
14.434,13.89,0.11459,0.27176,27.036,0
14.446,13.917,0.18084,0.26401,27.097,0
14.456,13.943,0.27571,0.25571,27.158,0
14.479,13.969,0.17325,0.25418,27.215,0
14.494,13.994,0.36084,0.24859,27.272,0
14.53,14.019,0.36687,0.25357,27.319,0
14.569,14.044,0.28752,0.26037,27.379,0
14.569,14.07,0,0.2622,27.43,0
14.622,14.097,0.12626,0.25974,27.47,0
14.643,14.123,0.090647,0.25678,27.531,0
14.645,14.148,0.14111,0.24488,27.575,0
14.645,14.173,0,0.23901,27.624,0
14.68,14.197,0.25767,0.23781,27.673,0
14.71,14.22,0.31056,0.24056,27.723,0
14.74,14.245,0.29858,0.24289,27.765,0
14.761,14.269,0.25033,0.24085,27.811,0
14.786,14.293,0.25081,0.24139,27.86,0
14.786,14.317,0,0.24313,27.908,0
14.834,14.341,0.18174,0.24048,27.96,0
14.845,14.365,0.13772,0.23362,28.014,0
14.851,14.389,0.062458,0.2249,28.065,0
14.866,14.411,0.010993,0.22122,28.113,0
14.875,14.433,-0.021921,0.21478,28.16,0
14.877,14.455,-0.023452,0.20512,28.21,0
14.869,14.475,0.031399,0.19086,28.241,0
14.881,14.494,0.053956,0.18726,28.274,0
14.897,14.513,0.086547,0.18537,28.305,0
14.901,14.532,0.088065,0.17845,28.351,0
14.905,14.55,0.11859,0.17139,28.379,0
14.925,14.567,0.069987,0.17259,28.409,0
14.937,14.584,0.11733,0.17009,28.442,0
14.957,14.601,0.1143,0.17115,28.482,0
14.978,14.618,0.16567,0.173,28.526,0
14.997,14.635,0.14058,0.17366,28.555,0
15.012,14.653,0.19074,0.17237,28.6,0
15.032,14.67,0.20826,0.17358,28.63,0
15.06,14.687,0.21968,0.17889,28.667,0
15.08,14.705,0.17438,0.17946,28.702,0
15.106,14.723,0.21961,0.18337,28.731,0
15.138,14.742,0.18514,0.1895,28.771,0
15.151,14.76,0.17102,0.18632,28.81,0
15.174,14.779,0.17625,0.18822,28.84,0
15.186,14.798,0.19841,0.18491,28.871,0
15.211,14.816,0.18726,0.18766,28.901,0
15.228,14.835,0.16532,0.1868,28.935,0
15.247,14.854,0.1931,0.18681,28.971,0
15.266,14.873,0.18078,0.18654,29.015,0
15.284,14.891,0.15072,0.18616,29.049,0
15.309,14.91,0.13645,0.18904,29.087,0
15.325,14.929,0.14916,0.18775,29.127,0
15.325,14.947,0,0.18426,29.166,0
15.363,14.966,0.20074,0.18774,29.201,0
15.363,14.985,0,0.19008,29.24,0
15.409,15.004,0.16609,0.19122,29.278,0
15.423,15.023,0.17796,0.18836,29.309,0
15.446,15.042,0.11505,0.19017,29.359,0
15.455,15.061,0.10074,0.18548,29.391,0
15.462,15.079,0.1468,0.1797,29.437,0
15.471,15.097,0.16115,0.17532,29.482,0
15.471,15.115,0,0.17645,29.519,0
15.511,15.132,0.23304,0.17731,29.564,0
15.524,15.15,0.25239,0.17517,29.612,0
15.524,15.168,0,0.18249,29.648,0
15.588,15.186,0.24038,0.18793,29.689,0
15.616,15.205,0.18742,0.1922,29.739,0
15.639,15.224,0.15912,0.19381,29.783,0
15.663,15.243,0.15965,0.19564,29.817,0
15.68,15.263,0.1694,0.19451,29.867,0
15.693,15.282,0.16619,0.19143,29.908,0
15.707,15.301,0.13622,0.18871,29.955,0
15.727,15.32,0.10048,0.18917,29.986,0
15.738,15.339,-0.008405,0.18547,30.034,0
15.745,15.358,-0.077753,0.18,30.065,0
15.743,15.376,-0.12452,0.17034,30.1,0
15.723,15.393,-0.15582,0.1529,30.135,0.028887
15.704,15.408,-0.21088,0.13715,30.175,0.23264
15.689,15.422,-0.21748,0.12384,30.193,0.28486
15.668,15.434,-0.27155,0.10793,30.224,0.50541
15.65,15.445,-0.24847,0.094665,30.244,0.45684
15.628,15.454,-0.19208,0.080258,30.259,0.30777
15.613,15.462,-0.11428,0.069578,30.268,0.10872
15.606,15.469,-0.089287,0.062896,30.274,0.059178
15.593,15.476,-0.058982,0.053924,30.285,0.0055747
15.593,15.481,0,0.044763,30.297,0
15.58,15.486,-0.010413,0.043391,30.316,0
15.58,15.49,0,0.039824,30.325,0
15.562,15.494,-0.13055,0.031541,30.323,0.24297
15.548,15.497,-0.21382,0.023443,30.333,0.51215
15.523,15.499,-0.31804,0.010757,30.344,0.91092
15.487,15.5,-0.35834,-0.0014554,30.343,1.1311
15.455,15.5,-0.41345,-0.0048278,30.343,1.4502
15.419,15.5,-0.40396,-0.0087205,30.336,1.504
15.386,15.499,-0.40692,-0.012166,30.316,1.6032
15.348,15.498,-0.47685,-0.016062,30.3,2.0433
15.298,15.496,-0.55895,-0.021337,30.283,2.6339
15.25,15.494,-0.62962,-0.026284,30.258,3.2039
15.179,15.491,-0.62834,-0.033709,30.239,3.417
15.124,15.488,-0.60177,-0.039334,30.201,3.4124
15.064,15.484,-0.59487,-0.045481,30.163,3.5489
15.011,15.48,-0.58905,-0.050809,30.125,3.6677
14.946,15.474,-0.60153,-0.057424,30.069,3.9441
14.89,15.469,-0.66231,-0.063062,30.022,4.5362
14.83,15.462,-0.74051,-0.069128,29.953,5.3139
14.754,15.455,-0.79401,-0.076911,29.884,6.0016
14.677,15.448,-0.82982,-0.084823,29.808,6.5705
14.593,15.439,-0.89431,-0.093529,29.731,7.4552
14.508,15.43,-0.9562,-0.10232,29.641,8.3645
14.418,15.42,-0.99591,-0.11164,29.54,9.1011
14.322,15.409,-0.99925,-0.12182,29.432,9.4928
14.216,15.396,-0.97588,-0.13305,29.312,9.6297
14.123,15.383,-0.94111,-0.1429,29.188,9.5871
14.022,15.369,-0.83137,-0.15386,29.048,8.8169
13.949,15.353,-0.78159,-0.16154,28.913,8.5572
13.865,15.337,-0.71272,-0.17053,28.766,8.1689
13.789,15.32,-0.80408,-0.17865,28.617,9.2604
13.708,15.302,-0.76196,-0.18758,28.456,9.0896
13.641,15.284,-0.90525,-0.19476,28.295,10.746
13.557,15.264,-0.9331,-0.20412,28.13,11.313
13.47,15.244,-0.98433,-0.21391,27.96,12.172
13.368,15.222,-0.92932,-0.22559,27.789,11.868
13.274,15.2,-0.98367,-0.23651,27.596,12.787
13.171,15.176,-0.92445,-0.24882,27.402,12.416
13.085,15.151,-0.86054,-0.25906,27.197,11.923
12.997,15.125,-0.90779,-0.26987,26.985,12.698
12.911,15.098,-0.90916,-0.28067,26.759,12.937
12.817,15.07,-0.86873,-0.2926,26.535,12.719
12.732,15.041,-0.82458,-0.30366,26.299,12.42
12.654,15.011,-0.8548,-0.31377,26.064,12.923
12.572,14.979,-0.81354,-0.32478,25.822,12.63
12.483,14.947,-0.82522,-0.33713,25.569,12.956
12.401,14.913,-0.91849,-0.3483,25.326,14.21
12.3,14.878,-1.0612,-0.36241,25.078,16.271
12.204,14.842,-1.189,-0.37623,24.819,18.274
12.081,14.804,-1.3219,-0.39461,24.542,20.639
11.943,14.765,-1.3985,-0.41512,24.272,22.296
11.803,14.723,-1.4238,-0.43701,23.977,23.12
11.651,14.68,-1.4169,-0.46107,23.683,23.438
11.516,14.634,-1.4075,-0.48357,23.37,23.608
11.377,14.585,-1.3176,-0.50695,23.058,22.426
11.244,14.535,-1.2485,-0.52998,22.74,21.587
11.122,14.482,-1.2136,-0.55239,22.402,21.233
10.997,14.426,-1.0969,-0.57569,22.067,19.671
10.891,14.369,-1.019,-0.5968,21.718,18.646
10.799,14.309,-1.0553,-0.61647,21.359,19.15
10.698,14.247,-1.1375,-0.63796,21.002,20.354
10.588,14.184,-1.207,-0.662,20.637,21.434
10.463,14.117,-1.3571,-0.68945,20.271,23.928
10.329,14.048,-1.4702,-0.71989,19.897,25.983
10.181,13.976,-1.5472,-0.75338,19.529,27.522
10.022,13.901,-1.5809,-0.79154,19.138,28.283
9.8568,13.822,-1.6226,-0.83215,18.744,29.197
9.6871,13.739,-1.6997,-0.87472,18.352,30.834
9.5268,13.651,-1.9126,-0.91847,17.935,35.462
9.5268,13.559,0,-0.97197,17.528,8.285
9.1221,13.462,-2.2888,-1.0319,17.081,45.305
8.9028,13.359,-2.356,-1.0973,16.638,47.272
8.6581,13.249,-2.5313,-1.1729,16.183,52.774
8.4016,13.132,-2.5302,-1.2554,15.722,52.677
8.1402,13.006,-2.5436,-1.3451,15.243,52.932
7.8829,12.872,-2.7197,-1.4391,14.753,58.739
7.607,12.728,-2.9319,-1.5469,14.241,66.607
7.607,12.573,0,-1.6656,13.737,7.9253
7.01,12.407,-3.2433,-1.8003,13.188,79.771
6.6871,12.227,-3.3192,-1.9509,12.64,23.102
6.3461,12.032,-3.1866,-2.1202,12.081,21.925
6.0235,11.82,-3.0383,-2.3007,11.498,20.585
6.0235,11.59,0,-2.4864,10.93,6.3116
6.0235,11.341,0,-5.2,10.386,38.023
5.2104,10.821,-1.7873,-5.2,9.7505,10.628
5.0388,10.301,-1.422,-5.2,9.2103,13.904
4.8929,9.781,-1.0761,-5.2,8.6999,15.003
4.7938,9.261,-0.81076,-5.2,8.2314,15.763
4.7043,8.741,-0.75473,-5.2,7.8095,14.255
4.6323,8.221,-0.74099,-5.2,7.4199,12.524
4.5676,7.701,-0.74156,-5.2,7.0811,10.757
4.5676,7.181,0,-5.2,6.7938,18.046
4.4293,6.661,-0.5883,-5.2,6.5397,8.8478
4.3625,6.141,-0.51242,-5.2,6.3317,7.9211
4.3625,5.621,0,-8.8,6.1799,4.8032
4.2567,4.741,-0.3723,-8.8,6.0895,0
4.2122,3.861,-0.35287,-8.8,6.0784,0
4.1724,2.981,-0.38143,-8.8,6.1586,0
4.1439,2.101,-0.373,4.9,6.3157,33.015
4.1094,2.591,-0.37054,3.5233,6.5016,21.471
4.0707,2.9433,-0.3761,2.1515,6.6305,10.718
4.0321,3.1584,-0.37023,1.5034,6.7386,6.6702
3.998,3.3088,-0.38208,1.1099,6.8241,4.7796
3.9578,3.4198,-0.37718,0.82643,6.8847,3.5371
3.9242,3.5024,-0.37505,0.6257,6.9238,2.7885
3.8962,3.565,-0.37855,0.47968,6.9687,2.3413
3.8652,3.613,-0.37617,0.35858,6.9965,1.9811
3.8283,3.6488,-0.37521,0.25136,7.01,1.7012
3.7932,3.674,-0.37883,0.16543,7.0272,1.5192
3.7932,3.6905,0,0.099213,7.0383,0.0040259
3.7932,3.7004,0,0.045508,7.0481,0
3.7932,3.705,0,-0.0013519,7.0571,0
3.6707,3.7048,-0.3758,-0.0086581,7.0584,1.2363
3.6299,3.704,-0.37731,-0.018773,7.0616,1.3221
3.5914,3.7021,-0.38085,-0.028045,7.0579,1.4103
3.5914,3.6993,0,-0.039248,7.047,0.13904
3.5095,3.6954,-0.38057,-0.047553,7.009,1.5585
3.4732,3.6906,-0.37773,-0.055709,6.9974,1.6091
3.4332,3.685,-0.37613,-0.064659,6.9825,1.6709
3.3931,3.6786,-0.3788,-0.073767,6.9467,1.7488
3.3931,3.6712,0,-0.084754,6.9185,0.39841
3.3931,3.6627,0,-0.090426,6.8911,0.36688
3.2818,3.6537,-0.37453,-0.097701,6.8474,1.8975
3.2424,3.6439,-0.3818,-8.8,6.8109,0
3.1968,2.7639,-0.3787,0.93911,6.8051,4.7083
3.1515,2.8578,-0.37743,0.6054,6.8425,3.1782
3.1042,2.9184,-0.38811,0.37155,6.8739,2.3479
3.0683,2.9555,-0.38918,0.22107,6.8832,1.8508
3.0319,2.9776,-0.38158,0.10514,6.8906,1.471
2.9943,2.9881,-0.38647,0.011901,6.8841,1.2441
2.9495,2.9893,-0.38519,-0.0083376,6.8911,1.2949
2.9177,2.9885,-0.38347,-0.014814,6.8876,1.3548
2.887,2.987,-0.37959,-0.020994,6.874,1.4016
2.8549,2.9849,-0.37831,-0.027407,6.8551,1.4614
2.8075,2.9822,-0.37588,-0.036868,6.8451,1.5485
2.8075,2.9785,0,-0.043574,6.8278,0.2629
2.7389,2.9741,-0.35933,-0.050017,6.802,1.6067
2.6981,2.9691,-0.32018,-0.057952,6.7721,1.5136
2.6739,2.9633,-0.27447,-0.062074,6.7515,1.3638
2.6393,2.9571,-0.22288,-0.068499,6.7223,1.2217
2.6224,2.9503,-0.17827,-0.070946,6.6955,1.0794
2.6133,2.9432,-0.15191,-0.071788,6.6623,0.99189
2.5949,2.936,-0.15091,-0.074653,6.6282,1.0085
2.5798,2.9285,-0.16152,-0.076622,6.6017,1.0581
2.5562,2.9209,-0.17136,-0.080489,6.5723,1.1218
2.5386,2.9128,-0.17851,-0.082966,6.5432,1.1644
2.5285,2.9045,-0.22526,-0.083958,6.5028,1.3377
2.5158,2.8961,-0.31227,-0.085627,6.4576,1.6972
2.4928,2.8876,-0.43372,-8.8,6.4144,0
2.451,2.0076,-0.56385,1.5558,6.4103,11.215
2.3885,2.1631,-0.69779,0.70044,6.4358,6.6186
2.3214,2.2332,-0.78934,0.26064,6.4537,4.8162
2.2436,2.2592,-0.73512,-0.0026817,6.4673,3.1401
2.1642,2.259,-0.6095,-0.016298,6.4641,2.5785
2.1,2.2574,-0.53396,-0.027065,6.4575,2.3181
2.0507,2.2546,-0.44341,-0.035154,6.4443,1.9665
2.0113,2.2511,-0.34723,-0.041511,6.4219,1.6035
2.0113,2.247,0,-0.046661,6.3981,0.39665
1.9335,2.2423,-0.39627,-0.053995,6.367,1.9933
1.8897,2.2369,-0.38494,-0.061133,6.3293,2.0307
1.8572,2.2308,-0.37912,-0.066198,6.2938,2.0654
1.8212,2.2242,-0.37755,-0.07198,6.2516,2.1272
1.7885,2.217,-0.37698,-0.077011,6.2146,2.1845
1.7885,2.2093,0,-0.08385,6.1721,0.72258
1.6981,2.2009,-0.38047,-0.091911,6.1219,2.3774
1.6561,2.1917,-0.37193,-8.8,6.0617,0
1.6561,1.3117,0,2.0884,6.0521,10.288
1.5808,1.5205,-0.29519,0.31985,6.061,2.0219
1.5522,1.5525,-0.2461,-3.8723e-05,6.0724,0.67679
1.5352,1.5525,-0.20522,-0.0021954,6.0799,0.57849
1.5229,1.5523,-0.16858,-0.0037318,6.0833,0.48979
1.5098,1.5519,-0.11358,-0.0053553,6.0737,0.35628
1.4897,1.5514,-0.015134,-0.0078284,6.0732,0.14526
1.4952,1.5506,0.11757,-0.0070606,6.0603,0
1.5159,1.5499,0.29758,-0.0043318,6.0555,0
1.5481,1.5495,0.50712,-0.00016983,6.0447,0
1.5903,1.5495,0.68656,0.20965,6.0463,0
1.6614,1.5704,0.83324,0.45617,6.0435,0
1.749,1.616,1.0001,0.63699,6.0544,0
1.8542,1.6797,1.1416,0.78608,6.0762,0
1.9763,1.7583,1.262,0.911,6.0862,0
2.0972,1.8494,1.3338,0.9553,6.1114,0
2.236,1.945,1.5033,1.0346,6.1305,0
2.3925,2.0484,1.5928,1.1257,6.1551,0
2.5598,2.161,1.6102,1.2011,6.201,0
2.7168,2.2811,1.5147,1.206,6.2416,0
2.8609,2.4017,1.4944,1.1732,6.2841,0
3.001,2.519,1.3791,1.1443,6.3284,0
3.1483,2.6335,1.4034,1.1417,6.3711,0
3.2882,2.7476,1.535,1.1266,6.4337,0
3.4407,2.8603,1.7779,1.1385,6.4818,0
3.611,2.9741,1.9939,1.179,6.5345,0
3.8098,3.092,2.2044,1.2564,6.6001,0
4.0375,3.2177,2.3079,1.3566,6.6773,0
4.2668,3.3533,2.3565,1.4263,6.7594,0
4.2668,3.496,0,1.4866,6.8436,4.0588
4.7514,3.6446,2.4256,1.5417,6.9522,0
