9.7008,9.7008,-1.6409,0,35.5,12.77
9.5283,9.7008,-1.6602,6.7,35.482,101.15
9.3556,10.371,-1.6952,6.7,35.431,108.63
9.1858,11.041,-1.6399,6.7,35.291,113.52
9.0285,11.711,-1.3978,-0.16753,35.054,24.171
8.8794,11.694,-1.0849,-0.17778,34.784,19.885
8.7782,11.676,-0.74924,-0.18522,34.502,15.803
8.7022,11.658,-0.43871,-0.19124,34.209,12.61
8.65,11.639,-0.22729,-0.19576,33.92,10.738
8.6234,11.619,-0.2103,-0.19873,33.623,10.6
8.6095,11.599,-0.24843,-0.20081,33.333,10.893
8.5793,11.579,-0.27427,-0.20415,33.031,11.148
8.5463,11.559,-0.26876,-0.20767,32.736,11.131
8.5129,11.538,-0.2022,-0.21141,32.428,10.571
8.5002,11.517,-0.12179,-0.21366,32.127,9.8386
8.4836,11.495,-0.055262,-0.21628,31.822,9.2674
8.471,11.474,-0.016686,-0.21853,31.527,8.9174
8.471,11.452,0,-0.21954,31.228,8.6932
8.4683,11.43,-0.10371,-0.22139,30.942,9.3964
8.4667,11.408,-0.17226,-0.22284,30.65,9.8527
8.4667,11.386,0,-0.22611,30.357,8.3908
8.4137,11.363,-0.28874,-0.22979,30.058,10.847
8.3817,11.34,-0.32628,-0.23368,29.769,11.202
8.3464,11.317,-0.34403,-0.23807,29.468,11.39
8.3115,11.293,-0.35737,-0.24241,29.172,11.534
8.2704,11.269,-0.35555,-0.24732,28.878,11.561
8.238,11.244,-0.32383,-0.2518,28.568,11.267
8.238,11.219,0,-0.25543,28.269,8.4594
8.1811,11.193,-0.25922,-0.25986,27.98,10.652
8.1474,11.167,-0.29494,-0.26457,27.678,10.972
8.1114,11.141,-0.43473,-0.26943,27.384,12.302
8.0668,11.114,-0.62385,-0.27547,27.071,14.334
7.9953,11.086,-0.78445,-0.28402,26.762,16.388
7.9261,11.058,-0.89948,-0.29243,26.459,18.019
7.9261,11.028,0,-0.30297,26.147,8.661
7.7305,10.998,-0.86236,-0.31574,25.825,18.087
7.6362,10.967,-0.66871,-0.32762,25.498,15.91
7.5677,10.934,-0.46652,-0.33744,25.159,13.764
7.5677,10.9,0,-0.34458,24.824,9.3589
7.4897,10.866,-0.20867,-0.35149,24.487,11.218
7.4624,10.83,-0.15131,-0.35749,24.152,10.642
7.4411,10.795,-0.089011,-0.36309,23.812,10.023
7.4231,10.758,0.0062519,-0.36828,23.478,9.1679
7.4282,10.722,0.23479,-0.37112,23.138,7.4177
7.4599,10.684,0.44237,-0.37072,22.807,5.9971
7.5083,10.647,0.66628,-0.36771,22.498,4.7214
7.5756,10.611,0.88256,-0.36251,22.184,3.7067
7.669,10.574,0.9725,-0.3536,21.884,3.1846
7.7649,10.539,0.99197,-0.34366,21.603,2.881
7.8653,10.505,1.0379,-0.33286,21.325,2.5432
7.9664,10.471,0.98225,-0.32121,21.067,2.4087
8.0702,10.439,0.94445,-0.30848,20.83,2.2417
8.1576,10.408,1.0186,-0.2976,20.598,1.9381
8.2622,10.379,1.1099,-0.28375,20.387,1.6551
8.3643,10.35,1.2194,-0.26972,20.192,1.4471
8.4769,10.323,1.3586,-0.25383,20.009,1.3332
8.6088,10.298,1.4152,-0.23495,19.836,1.2594
8.756,10.274,1.3713,-0.21352,19.675,1.1223
8.8978,10.253,1.3047,-0.19232,19.541,0.96972
9.0244,10.234,1.1977,-0.17323,19.407,0.79178
9.1415,10.217,1.1708,-0.15528,19.287,0.68902
9.2682,10.201,1.1696,-0.13573,19.182,0.61208
9.3801,10.187,1.2088,-0.11821,19.093,0.60813
9.4939,10.176,1.2317,-0.10038,19.014,0.60485
9.6098,10.166,1.2701,-0.082237,18.945,0.6507
9.7275,10.157,1.266,-0.06383,18.895,0.63221
9.8461,10.151,1.2558,-0.045372,18.86,0.60842
9.9688,10.146,1.239,-0.026476,18.835,0.57613
10.092,10.144,1.1482,-0.0077851,18.826,0.37189
10.216,10.143,1.0465,0.044509,18.835,0.050339
10.314,10.147,0.92784,0.10179,18.85,0
10.409,10.158,0.89609,0.15391,18.864,0
10.507,10.173,0.88328,0.20403,18.902,0
10.507,10.193,0,0.24041,18.935,0
10.507,10.217,0,0.2842,18.965,0.053817
10.767,10.246,0.83462,0.3168,19.052,0
10.841,10.278,0.7231,0.34162,19.102,0
10.923,10.312,0.65581,0.36964,19.158,0
10.996,10.349,0.64103,0.39021,19.22,0
11.065,10.388,0.69038,0.40665,19.286,0
11.065,10.428,0,0.41772,19.351,0
11.21,10.47,0.77531,0.44147,19.417,0
11.294,10.514,0.75854,0.46325,19.49,0
11.361,10.561,0.73924,0.47363,19.562,0
11.442,10.608,0.6495,0.49228,19.653,0
11.501,10.657,0.59915,0.49569,19.742,0
11.565,10.707,0.65993,0.50243,19.83,0
11.626,10.757,0.69384,0.5068,19.908,0
11.704,10.808,0.71687,0.52058,20.002,0
11.704,10.86,0,0.52935,20.089,0
11.858,10.913,0.8747,0.5446,20.186,0
11.943,10.967,0.85223,0.56039,20.287,0
11.943,11.023,0,0.57485,20.381,0
12.104,11.081,0.73623,0.58183,20.474,0
12.168,11.139,0.63105,0.5827,20.572,0
12.168,11.197,0,0.58247,20.672,0
12.281,11.255,0.37789,0.57598,20.774,0
12.313,11.313,0.41579,0.55914,20.869,0
12.364,11.369,0.47826,0.55386,20.961,0
12.41,11.424,0.53581,0.5468,21.068,0
12.472,11.479,0.61326,0.54876,21.176,0
12.526,11.534,0.64621,0.54653,21.283,0
12.592,11.588,0.54677,0.5504,21.377,0
12.644,11.644,0.50442,0.54666,21.484,0
12.692,11.698,0.47756,0.54128,21.59,0
12.737,11.752,0.48485,0.53421,21.691,0
12.791,11.806,0.47949,0.53286,21.786,0
12.847,11.859,0.48833,0.53235,21.877,0
12.899,11.912,0.44654,0.52979,21.978,0
12.899,11.965,0,0.5234,22.074,0
12.982,12.018,0.37248,0.51424,22.162,0
13.023,12.069,0.36965,0.50686,22.261,0
13.023,12.12,0,0.4952,22.354,0
13.098,12.169,0.37863,0.49038,22.439,0
13.146,12.218,0.36002,0.48786,22.528,0
13.18,12.267,0.29025,0.47888,22.623,0
13.217,12.315,0.23169,0.47187,22.719,0
13.245,12.362,0.18948,0.46066,22.802,0
13.245,12.408,0,0.44798,22.888,0
13.278,12.453,0.23794,0.42812,22.976,0
13.299,12.496,0.34627,0.41564,23.064,0
13.327,12.537,0.39087,0.40729,23.141,0
13.364,12.578,0.35945,0.40481,23.217,0
13.399,12.619,0.30496,0.40106,23.301,0
13.434,12.659,0.24789,0.39726,23.377,0
13.434,12.698,0,0.39084,23.453,0
13.473,12.737,0.082825,0.3752,23.526,0
13.481,12.775,0.13319,0.35935,23.59,0
13.493,12.811,0.22111,0.34644,23.657,0
13.523,12.846,0.2528,0.3431,23.726,0
13.523,12.88,0,0.3335,23.792,0
13.576,12.913,0.35569,0.33457,23.852,0
13.619,12.947,0.30734,0.33868,23.913,0
13.641,12.981,0.23863,0.33227,23.987,0
13.641,13.014,0,0.32791,24.052,0
13.641,13.047,0,0.32308,24.113,0
13.697,13.079,0.073408,0.309,24.167,0
13.712,13.11,0.02574,0.30062,24.222,0
13.707,13.14,-0.050266,0.28214,24.272,0
13.7,13.168,-0.17047,0.26423,24.327,0
13.688,13.194,-0.2987,0.24522,24.383,0.37329
13.652,13.219,-0.37367,0.21447,24.422,0.7301
13.617,13.24,-0.45406,0.18629,24.453,1.1415
13.564,13.259,-0.45177,0.15098,24.489,1.2007
13.511,13.274,-0.3947,0.11686,24.523,1.0127
13.474,13.286,-0.34339,0.092824,24.546,0.84799
13.447,13.295,-0.32079,0.074689,24.562,0.79578
13.42,13.303,-0.28514,0.057724,24.572,0.69627
13.385,13.308,-0.3255,0.037801,24.589,0.8889
13.349,13.312,-0.38352,0.018387,24.589,1.164
13.313,13.314,-0.45453,-0.00014262,24.587,1.5207
13.269,13.314,-0.50829,-0.0058329,24.577,1.9024
13.22,13.313,-0.53268,-0.012013,24.568,2.1635
13.165,13.312,-0.55245,-0.019058,24.558,2.4274
13.165,13.31,0,-0.02622,24.543,0.2488
13.039,13.308,-0.69421,-0.034708,24.514,3.6739
12.963,13.304,-0.74072,-0.044231,24.49,4.2409
12.898,13.3,-0.79875,-0.052145,24.453,4.8842
12.898,13.295,0,-0.0621,24.413,0.7245
12.735,13.288,-0.77099,-0.072329,24.344,5.189
12.654,13.281,-0.68515,-0.082151,24.295,4.7807
12.584,13.273,-0.68808,-0.09058,24.224,5.0066
12.52,13.264,-0.70826,-0.09834,24.145,5.3467
12.45,13.254,-0.71206,-0.10683,24.063,5.5808
12.384,13.243,-0.72932,-0.1147,23.98,5.9071
12.316,13.232,-0.79392,-0.12289,23.883,6.6454
12.229,13.22,-0.76673,-0.13367,23.785,6.6738
12.155,13.206,-0.72164,-0.14281,23.681,6.503
12.081,13.192,-0.69447,-0.15173,23.581,6.4795
12.008,13.177,-0.66794,-0.16064,23.473,6.4562
12.008,13.161,0,-0.16758,23.357,2.3717
11.889,13.144,-0.63152,-0.17523,23.222,6.4445
11.828,13.126,-0.62456,-0.18254,23.102,6.5283
11.759,13.108,-0.61018,-0.19102,22.98,6.5762
11.759,13.089,0,-0.19727,22.846,2.7804
11.654,13.069,-0.55895,-0.20351,22.718,6.373
11.593,13.049,-0.54074,-0.21111,22.58,6.3562
11.546,13.028,-0.53703,-0.21709,22.425,6.4028
11.495,13.006,-0.61734,-0.22341,22.271,7.1271
11.495,12.984,0,-0.23144,22.121,3.1233
11.368,12.961,-0.59256,-0.24005,21.963,7.17
11.315,12.937,-0.48681,-0.24713,21.794,6.417
11.275,12.912,-0.41883,-0.2519,21.632,5.9491
11.239,12.887,-0.34756,-0.25615,21.478,5.4785
11.208,12.861,-0.37013,-0.25971,21.31,5.6287
11.17,12.835,-0.47177,-0.2645,21.139,6.3712
11.118,12.809,-0.60351,-0.27159,20.966,7.4752
11.062,12.782,-0.68119,-0.27948,20.789,8.2231
10.999,12.754,-0.68812,-0.28842,20.617,8.3829
10.932,12.725,-0.64569,-0.29837,20.433,8.1093
10.861,12.695,-0.60993,-0.30888,20.257,7.9129
10.861,12.664,0,-0.31695,20.075,3.7425
10.749,12.632,-0.58709,-0.32581,19.867,7.8218
10.69,12.6,-0.58119,-0.33467,19.678,7.8268
10.629,12.566,-0.57288,-0.34402,19.486,7.814
10.577,12.532,-0.55996,-0.35179,19.297,7.7318
10.515,12.497,-0.55883,-0.36148,19.102,7.7724
10.453,12.461,-0.53941,-0.37163,18.896,7.6561
10.453,12.423,0,-0.38128,18.697,3.9914
10.341,12.385,-0.61868,-0.38977,18.491,8.3646
10.282,12.346,-0.68409,-0.39948,18.286,8.9701
10.21,12.306,-0.75283,-0.41225,18.072,9.6764
10.135,12.265,-0.82149,-0.42561,17.858,10.42
10.052,12.223,-0.81854,-0.44076,17.642,10.467
9.977,12.178,-0.77969,-0.45418,17.433,10.121
9.8937,12.133,-0.73791,-0.46985,17.214,9.7728
9.8224,12.086,-0.6867,-0.48294,16.997,9.304
9.7524,12.038,-0.69258,-0.49596,16.778,9.362
9.6875,11.988,-0.73916,-0.50882,16.542,9.7763
9.6097,11.937,-0.78207,-0.52443,16.312,10.204
9.5221,11.885,-0.7917,-0.54223,16.084,10.331
9.448,11.831,-0.76438,-0.55767,15.846,10.034
9.3665,11.775,-0.67475,-0.57555,15.599,9.1741
9.3016,11.717,-0.64383,-0.58871,15.366,8.833
9.2457,11.658,-0.64892,-0.60032,15.124,8.778
9.1734,11.598,-0.68999,-0.61585,14.887,9.0855
9.1004,11.537,-0.72126,-0.63229,14.642,9.3005
9.0351,11.474,-0.72797,-0.64683,14.397,9.2605
8.9618,11.409,-0.76596,-0.66307,14.16,9.5314
8.9618,11.343,0,-0.68282,13.919,3.9698
8.7943,11.274,-0.76626,-0.70336,13.667,9.3792
8.7269,11.204,-0.77308,-0.71879,13.424,9.3092
8.6431,11.132,-0.81506,-0.73915,13.181,9.6048
8.5573,11.058,-0.78118,-0.76111,12.93,9.1722
8.4814,10.982,-0.7282,-0.77958,12.686,8.5555
8.4122,10.904,-0.73394,-0.79624,12.439,8.442
8.3341,10.825,-0.76844,-0.81723,12.182,8.5826
8.2569,10.743,-0.75262,-0.83654,11.938,8.2808
8.2569,10.659,0,-0.85686,11.694,3.3583
8.1005,10.573,-0.76679,-0.87696,11.445,8.0494
8.0238,10.486,-0.78542,-0.89811,11.189,8.0049
7.9466,10.396,-0.77912,-0.91728,10.951,7.7563
7.8591,10.304,-0.79519,-0.9411,10.709,7.7019
7.8591,10.21,0,-0.95888,10.469,2.8904
7.7112,10.114,-0.84185,-0.97954,10.217,7.6282
7.6322,10.016,-0.92145,-5.2,9.97,323.36
7.6322,9.4963,0,-0.8011,9.7576,2.1668
7.4641,9.4162,-0.74781,-5.2,9.5551,192.47
7.3969,8.8962,-0.6551,-5.2,9.3895,163.91
7.3398,8.3762,-0.56654,-0.4053,9.2604,3.6708
7.2882,8.3356,-0.46483,-5.2,9.1513,132.25
7.2427,7.8156,-0.52242,-0.21526,9.0682,2.7551
7.1909,7.7941,-0.54436,-0.22818,9.0142,2.9169
7.1312,7.7713,-0.55284,-0.24381,8.9596,3.015
7.0737,7.7469,-0.58078,-0.25904,8.8858,3.2151
7.0228,7.721,-0.56747,-5.2,8.8088,104.74
6.9693,7.201,-0.54048,-0.084234,8.7686,2.3244
6.9147,7.1926,-0.60713,-0.10129,8.7475,2.7755
6.9147,7.1825,0,-0.12141,8.7202,0.29404
6.7703,7.1703,-0.90559,-0.14756,8.6668,5.0743
6.6861,7.1556,-0.98879,-0.17432,8.6196,5.9095
6.5798,7.1381,-1.1419,-0.2088,8.5693,7.547
6.469,7.1172,-1.323,-5.2,8.5094,67.694
6.3346,6.5972,-1.4056,-0.091914,8.4719,10.061
6.1923,6.5881,-1.4792,-0.13925,8.437,11.357
6.0538,6.5741,-1.5531,-0.18415,8.3961,12.708
5.8939,6.5557,-1.5972,-0.23589,8.3446,13.702
5.7432,6.5321,-1.6487,-0.28416,8.2722,14.796
5.5783,6.5037,-1.7561,-5.2,8.1792,12.253
5.395,5.9837,-1.8783,-0.19948,8.1052,18.512
5.2069,5.9638,-1.9704,-0.25889,8.0416,20.814
5.017,5.9379,-2.0094,-8.8,7.9588,0
4.8224,5.0579,-2.0129,-0.069462,7.8968,20.368
4.6199,5.0509,-1.9721,-0.12794,7.8598,20.167
4.4221,5.0381,-1.9347,-0.18458,7.8024,20.001
4.2249,5.0197,-1.9425,-0.24047,7.7381,20.73
4.0327,4.9956,-1.9246,-0.29478,7.6594,20.876
3.8381,4.9661,-1.8282,-0.35144,7.5487,19.43
3.6634,4.931,-1.5798,-8.8,7.4334,0
3.5146,4.051,-1.2956,-0.1404,7.3426,9.7655
3.3872,4.037,-0.98313,-0.17191,7.2781,6.7319
3.2916,4.0198,-0.69942,-0.19503,7.2043,4.5803
3.2215,4.0003,-0.5008,-0.21117,7.1276,3.39
3.1627,3.9791,-0.47959,-0.22399,7.0531,3.3357
3.1214,3.9568,-0.45146,-8.8,6.972,0
3.083,3.0768,-0.45738,0.011545,6.9254,1.5627
3.083,3.0779,0,-0.0094055,6.926,0
2.9734,3.077,-0.52953,-0.022165,6.9285,2.1321
2.9304,3.0747,-0.59275,-0.030915,6.9233,2.5828
2.874,3.0717,-0.6083,-0.042406,6.9106,2.8076
2.817,3.0674,-0.54262,-0.053971,6.8855,2.5566
2.7638,3.062,-0.40673,-0.064645,6.8535,1.9606
2.727,3.0556,-0.35811,-0.071729,6.8139,1.7989
2.6893,3.0484,-0.2519,-0.078687,6.7887,1.4125
2.6595,3.0405,-0.28206,-0.08389,6.7572,1.5784
2.6408,3.0321,-0.41097,-0.086817,6.714,2.1836
2.5985,3.0234,-0.58739,-0.0949,6.6746,3.2371
2.5469,3.014,-0.65193,-0.10511,6.6303,3.7532
2.4753,3.0034,-0.72542,-0.11987,6.5807,4.4197
2.4125,2.9915,-0.76014,-0.13303,6.5154,4.8057
2.334,2.9782,-0.76962,-8.8,6.4517,0
2.2586,2.0982,-0.80163,0.52464,6.4332,6.5382
2.1862,2.1506,-0.91303,0.11196,6.4516,5.0251
2.1862,2.1618,0,-0.010646,6.4546,0
2.0027,2.1607,-1.0311,-0.026035,6.4417,3.7253
1.9021,2.1581,-1.0947,-0.042327,6.4237,3.9533
1.9021,2.1539,0,-0.059234,6.3983,0.40181
1.6903,2.148,-1.0583,-0.076409,6.3656,4.147
1.5861,2.1403,-1.0118,-0.093514,6.3104,4.1858
1.4945,2.131,-0.95539,-0.10864,6.2483,4.1855
1.3921,2.1201,-0.88039,-0.12578,6.1818,4.1634
1.2966,2.1076,-0.81849,-0.14186,6.1114,4.1478
1.2966,2.0934,0,-8.8,6.031,0
1.1369,1.2134,-0.54241,-0.0076055,5.9957,2.1801
1.0751,1.2126,-0.46641,-0.013706,5.9862,1.9618
1.019,1.2112,-0.45921,-0.019241,5.9663,2.0823
0.97383,1.2093,-0.43704,-0.02364,5.9485,2.0936
0.93833,1.2069,-0.53767,-0.027146,5.9171,2.1325
0.88692,1.2042,-0.95733,-0.032172,5.8967,3.0024
0.782,1.201,-1.6551,-0.04286,5.855,4.547
0.61975,1.1967,-2.6715,-0.059676,5.8022,6.8802
0.35307,1.1908,-3.9535,-0.088052,5.7269,9.9801
0.35307,1.182,0,-0.13183,5.6436,1.599
-0.58749,1.1688,-6.1569,-8.8,5.4787,0
-1.1973,0.28877,-6.2507,-6.2507,5.3078,3.2233
-1.8306,0,-5.6763,-5.6763,5.1495,3.9296
-1.8306,0,0,-8.8,4.9948,0
-2.8706,0,-3.3685,-8.8,4.7451,0
-3.2004,0,-2.2499,-8.8,4.4867,0
-3.2004,0,0,-8.8,4.2106,0
-3.5827,0,-1.0165,-8.8,3.8916,0
-3.6786,0,-0.74238,-8.8,3.5661,0
-3.7623,0,-0.57237,-8.8,3.2291,0
-3.8258,0,-0.43563,-8.8,2.901,0
-3.864,0,-0.36312,-8.8,2.5674,0
-3.864,0,0,-8.8,2.225,0
-3.9434,0,-0.28607,-8.8,1.8735,0
-3.9701,0,-0.28797,-8.8,1.5183,0
-4.0023,0,-0.17609,-8.8,1.1656,0
-4.024,0,2.0275e-05,-9.9235,0.81585,0
-4.0331,0,0.11982,-17.35,0.46554,0
-4.0264,0,0.27288,-55.057,0.14651,0
-4.0004,0,0.49046,-505.39,0.015817,0
-4.0004,0,0,-8.8,2.1427,0
-3.8966,0,0.67343,-8.8,1.7939,0
-3.8344,0,0.77601,-8.8,1.4588,0
-3.8344,0,0,-8.8,1.1194,0
-3.6652,0,0.93595,-8.8,0.79195,0
-3.5775,0,0.95606,-12.514,0.47507,0
-3.4906,0,0.98689,-32.64,0.18117,0
-3.4906,0,0,9.8,1.0014,27.925
-3.2887,0.98,0.95832,-13.682,0.62231,0
-3.186,0,0.88459,-18.653,0.25977,0
-3.0925,0,0.80826,-136.84,0.03474,0
-3.0117,0,0.7515,-10.179,0.41491,0
-2.9289,0,0.7342,-24.988,0.16675,0
-2.8584,0,0.71845,-357.41,0.011407,0
-2.8584,0,0,-8.8,1.5126,0
-2.7174,0,0.83636,-8.8,1.2936,0
-2.6343,0,0.71368,-8.8,1.0776,0
-2.5675,0,0.64106,-8.8,0.87111,0
-2.5036,0,0.54358,-8.8,0.65193,0
-2.5036,0,0,-8.8,0.44557,0
-2.4069,0,0.30235,-10.739,0.26233,0
-2.3765,0,0.29873,-36.305,0.077145,0
-2.3454,0,0.30298,-150.9,0.01819,0
-2.3055,0,0.34128,-8.8,0.54879,0
-2.2708,0,0.35069,-8.8,0.37123,0
-2.2708,0,0,-12.587,0.18815,0
-2.2131,0,0.2878,-94.161,0.025928,0
-2.1891,0,0.19923,-8.8,0.26948,0
-2.1891,0,0,-22.565,0.094573,0
-2.1616,0,0.073993,9.8,1,25.045
-2.149,0.98,0.074599,-8.8,0.74064,0
-2.139,0.1,0.16013,-8.8,0.46617,0
-2.1226,0,0.24049,-8.8,0.28087,0
-2.1066,0,0.31751,-18.328,0.11901,0
-2.1066,0,0,9.8,1.0019,25.088
-2.0534,0.98,0.3004,-8.8,0.74829,0
-2.0292,0.1,0.29064,-8.8,0.49834,0
-2.0292,0,0,-8.8,0.32942,0
-1.9755,0,0.41695,-11.737,0.16056,0
-1.9359,0,0.54834,-55.713,0.033306,0
-1.9359,0,0,-13.591,0.11828,0
-1.8269,0,0.67331,9.8,1,23.099
-1.7638,0.98,0.64693,-8.8,0.76413,0
-1.6906,0.1,0.57839,-8.8,0.53579,0
-1.6289,0,0.49915,-8.8,0.41301,0
-1.5815,0,0.44094,-8.8,0.30352,0
-1.5402,0,0.35419,-8.8,0.19597,0
-1.5068,0,0.18961,-11.529,0.096871,0
-1.4871,0,-0.0032517,9.8,1,23.824
-1.4803,0.98,-0.19025,-8.8,0.79556,0
-1.5061,0.1,-0.39515,-8.8,0.60053,0
-1.5383,0,-0.57332,-8.8,0.48494,0
-1.591,0,-0.67401,-8.8,0.38033,0
-1.6656,0,-0.70406,-8.8,0.26423,0
-1.7431,0,-0.74348,-11.128,0.14629,0
-1.8138,0,-0.7195,-68.762,0.024176,0
-1.8138,0,0,-10.565,0.1866,0
-1.9654,0,-0.74097,-51.722,0.037884,0
-2.0417,0,-0.74389,-21.765,0.099156,0
-2.1252,0,-0.68271,-1076.4,0.0020994,0
-2.2004,0,-0.63022,-0.63022,5.1634,4.6877
-2.2567,0,-0.55066,-8.8,4.9476,0
-2.3122,0,-0.4858,-8.8,4.7712,0
-2.3641,0,-0.40812,-8.8,4.5764,0
-2.4012,0,-0.36571,-8.8,4.3882,0
-2.4376,0,-0.36483,-8.8,4.1884,0
-2.4642,0,-0.36057,-8.8,3.9946,0
-2.5029,0,-0.39288,-8.8,3.7889,0
-2.5459,0,-0.46399,-8.8,3.5833,0
-2.5829,0,-0.55364,-8.8,3.3705,0
-2.6304,0,-0.60834,-8.8,3.1466,0
-2.7004,0,-0.64613,-8.8,2.9194,0
-2.7649,0,-0.62678,-8.8,2.6908,0
-2.833,0,-0.63531,-8.8,2.4601,0
-2.8906,0,-0.65395,-8.8,2.2153,0
-2.9504,0,-0.68619,-8.8,1.9674,0
-3.0249,0,-0.72091,-8.8,1.7098,0
-3.1015,0,-0.70649,-8.8,1.4504,0
-3.1766,0,-0.68441,-8.8,1.186,0
-3.2431,0,-0.66567,-8.8,0.90701,0
-3.3068,0,-0.62864,-9.3136,0.62954,0
-3.3068,0,0,-17.617,0.34543,0
-3.4387,0,-0.69264,-80.084,0.074469,0
-3.4387,0,0,-48.329,0.13102,0
-3.4387,0,0,-643.65,0.028804,0
-3.6784,0,-0.91027,-8.8,2.8661,0
-3.7641,0,-0.83294,-8.8,2.5299,0
-3.8553,0,-0.78797,-8.8,2.1932,0
-3.9409,0,-0.7104,-8.8,1.8454,0
-4.0144,0,-0.60331,-8.8,1.4827,0
-4.0827,0,-0.42966,-8.8,1.1131,0
-4.133,0,-0.27337,-11.83,0.73906,0
-4.1599,0,-0.019977,-22.915,0.37791,0
-4.1686,0,0.18018,-117.5,0.073829,0
-4.1572,0,0.28962,-35.894,0.23881,0
-4.1267,0,0.21823,-623.02,0.013662,0
-4.101,0,-0.075657,-8.8,2.7217,0
-4.101,0,-0.28447,-8.8,2.3606,0
