20.206,20.206,0.43223,0,35.5,0
20.206,20.206,0,0.016618,35.5,0.035612
20.206,20.208,0,0.027785,35.5,0.063836
20.324,20.211,0.22171,0.038659,35.524,0
20.355,20.215,0.1841,0.047696,35.531,0
20.365,20.219,0.16346,0.049584,35.548,0
20.385,20.224,0.1634,0.054784,35.565,0
20.394,20.23,0.15337,0.055876,35.576,0
20.401,20.235,0.14392,0.056553,35.593,0
20.423,20.241,0.11153,0.061865,35.616,0
20.441,20.247,0.1112,0.065999,35.63,0
20.446,20.254,0.11347,0.065534,35.65,0
20.457,20.26,0.1053,0.066871,35.661,0
20.459,20.267,0.082517,0.065208,35.681,0
20.459,20.274,0,0.062944,35.7,0
20.471,20.28,0.061876,0.064899,35.712,0
20.475,20.286,0.019395,0.06407,35.725,0
20.473,20.293,0.0082191,0.061221,35.749,0
20.481,20.299,-0.011886,0.062125,35.776,0
20.485,20.305,-0.029554,0.061103,35.801,0
20.477,20.311,-0.064379,0.056462,35.824,0
20.477,20.317,-0.078536,0.054439,35.847,0
20.465,20.322,-0.090066,0.048669,35.863,0.010467
20.45,20.327,-0.065045,0.041781,35.877,0
20.447,20.331,-0.058043,0.039453,35.895,0
20.441,20.335,-0.047235,0.036007,35.915,0
20.444,20.339,-0.043035,0.035792,35.93,0
20.432,20.342,-0.051383,0.030423,35.949,0
20.431,20.345,-0.070652,0.029066,35.963,0.04311
20.423,20.348,-0.064221,0.025439,35.964,0.04239
20.412,20.351,-0.019876,0.020629,35.965,0
20.412,20.353,0,0.021128,35.971,0
20.425,20.355,0.088844,0.023718,35.968,0
20.443,20.357,0.16412,0.029004,35.977,0
20.455,20.36,0.24322,0.032165,35.978,0
20.473,20.364,0.27682,0.037157,35.979,0
20.491,20.367,0.3248,0.042117,36.001,0
20.491,20.371,0,0.048655,36.013,0
20.557,20.376,0.37158,0.06129,36.031,0
20.594,20.382,0.35599,0.072076,36.044,0
20.638,20.39,0.34166,0.084432,36.067,0
20.638,20.398,0,0.093922,36.092,0
20.697,20.408,0.28605,0.098369,36.123,0
20.721,20.417,0.25477,0.10334,36.16,0
20.742,20.428,0.20718,0.10691,36.199,0
20.763,20.438,0.15701,0.11034,36.238,0
20.778,20.449,0.11478,0.11176,36.278,0
20.778,20.461,0,0.11435,36.31,0
20.802,20.472,0.024572,0.1121,36.342,0
20.802,20.483,-0.0017556,0.10842,36.375,0
20.804,20.494,-0.0053105,0.1052,36.4,0
20.806,20.505,-0.012956,0.10262,36.44,0
20.808,20.515,-0.030291,0.099555,36.473,0
20.795,20.525,-0.045713,0.091782,36.498,0
20.794,20.534,-0.062562,0.088511,36.528,0
20.78,20.543,-0.086652,0.080669,36.551,0
20.769,20.551,-0.10967,0.074257,36.583,0
20.757,20.558,-0.12605,0.067396,36.606,0.024181
20.745,20.565,-0.12716,0.061165,36.628,0.052925
20.735,20.571,-0.11289,0.055723,36.651,0.038482
20.722,20.577,-0.10503,0.049535,36.676,0.043999
20.704,20.582,-0.081988,0.041451,36.694,0.019898
20.693,20.586,-0.073424,0.036472,36.696,0.019388
20.693,20.59,0,0.030406,36.707,0
20.677,20.593,-0.06987,0.028613,36.734,0.042833
20.672,20.595,-0.086886,0.026169,36.734,0.094326
20.656,20.598,-0.10782,0.019775,36.736,0.1741
20.655,20.6,-0.13211,0.018793,36.739,0.24332
20.633,20.602,-0.14858,0.010608,36.746,0.32404
20.612,20.603,-0.16196,0.0029153,36.745,0.39567
20.602,20.603,-0.16554,-0.00017982,36.748,0.42241
20.581,20.603,-0.14675,-0.0023983,36.745,0.4117
20.56,20.603,-0.12352,-0.0045278,36.735,0.38729
20.539,20.603,-0.10844,-0.0068154,36.726,0.38979
20.529,20.602,-0.09697,-0.0077213,36.715,0.37566
20.519,20.601,-0.080363,-0.0087348,36.717,0.35026
20.514,20.6,-0.094489,-0.0091403,36.713,0.39639
20.507,20.599,-0.10944,-0.0098808,36.71,0.45275
20.49,20.598,-0.12125,-0.011492,36.709,0.51898
20.49,20.597,0,-0.01258,36.698,0.19629
20.463,20.596,-0.13983,-0.014165,36.681,0.62885
20.458,20.594,-0.14334,-0.014579,36.662,0.64799
20.441,20.593,-0.14714,-0.016253,36.655,0.69448
20.43,20.591,-0.14925,-0.017257,36.646,0.72193
20.412,20.59,-0.12307,-0.018993,36.631,0.67535
20.409,20.588,-0.11804,-0.019125,36.615,0.66234
20.404,20.586,-0.12325,-0.019474,36.6,0.68521
20.388,20.584,-0.11431,-0.020991,36.586,0.6884
20.373,20.582,-0.12317,-0.022388,36.562,0.74406
20.364,20.58,-0.16314,-0.023137,36.537,0.88942
20.342,20.577,-0.16507,-0.025233,36.519,0.94045
20.342,20.575,0,-0.027235,36.496,0.43805
20.311,20.572,-0.042136,-0.028088,36.475,0.61492
20.302,20.569,0.057904,-0.028755,36.451,0.37045
20.317,20.566,0.15713,-0.026911,36.418,0.13464
20.327,20.564,0.25586,-0.025497,36.393,0
20.356,20.561,0.3069,-0.022185,36.362,0
20.394,20.559,0.32894,-0.017839,36.344,0
20.434,20.557,0.33707,-0.013255,36.332,0
20.463,20.556,0.35448,-0.010059,36.322,0
20.505,20.555,0.33509,-0.0053717,36.319,0
20.532,20.554,0.30743,-0.0024011,36.314,0
20.565,20.554,0.27586,0.0037665,36.306,0
20.587,20.554,0.22913,0.011062,36.311,0
20.61,20.555,0.17305,0.018488,36.317,0
20.619,20.557,0.13991,0.020857,36.314,0
20.63,20.559,0.12055,0.023951,36.328,0
20.63,20.562,0,0.028358,36.335,0
20.655,20.565,0.1346,0.030485,36.345,0
20.667,20.568,0.15162,0.033518,36.359,0
20.684,20.571,0.15332,0.038016,36.36,0
20.692,20.575,0.15206,0.03955,36.382,0
20.708,20.579,0.15501,0.0437,36.39,0
20.729,20.583,0.13399,0.049071,36.402,0
20.737,20.588,0.12024,0.05024,36.411,0
20.741,20.593,0.11555,0.049989,36.417,0
20.755,20.598,0.12951,0.053048,36.428,0
20.755,20.603,0,0.058889,36.443,0
20.78,20.609,0.10507,0.057568,36.453,0
20.793,20.615,0.13404,0.060003,36.465,0
20.793,20.621,0,0.062433,36.483,0
20.82,20.627,0.10334,0.0651,36.497,0
20.83,20.634,0.10722,0.066118,36.518,0
20.834,20.64,0.1174,0.065334,36.547,0
20.847,20.647,0.099912,0.06731,36.56,0
20.847,20.654,0,0.067535,36.58,0
20.847,20.66,0,0.066746,36.599,0
20.878,20.667,0.11956,0.07111,36.613,0
20.878,20.674,0,0.07121,36.634,0
20.899,20.681,0.10805,0.073366,36.659,0
20.914,20.689,0.085852,0.075886,36.69,0
20.927,20.696,0.055689,0.077704,36.706,0
20.927,20.704,0.037342,0.075125,36.736,0
20.938,20.712,0.014764,0.076197,36.765,0
20.942,20.719,-0.01448,0.075095,36.783,0
20.946,20.727,-0.010907,0.073868,36.802,0
20.951,20.734,-0.011555,0.073017,36.829,0
20.95,20.741,-0.014867,0.070336,36.841,0
20.951,20.748,-0.01113,0.068236,36.861,0
20.953,20.755,-0.022535,0.066626,36.877,0
20.943,20.762,-0.058854,0.061038,36.898,0
20.932,20.768,-0.067859,0.055363,36.916,0
20.926,20.774,-0.072259,0.05119,36.937,0
20.916,20.779,-0.067415,0.046231,36.961,0
20.904,20.783,-0.055724,0.040794,36.982,0
20.905,20.787,-0.046937,0.039552,36.99,0
20.892,20.791,-0.045897,0.03378,37.011,0
20.885,20.795,-0.050398,0.030277,37.02,0
20.882,20.798,-0.066503,0.028344,37.035,0.034183
20.874,20.801,-0.07818,0.02469,37.051,0.077434
20.868,20.803,-0.076139,0.02192,37.06,0.083905
20.868,20.805,0,0.020361,37.067,0
20.856,20.807,-0.059983,0.016582,37.079,0.067028
20.842,20.809,-0.063328,0.011021,37.084,0.097856
20.837,20.81,-0.057521,0.0092458,37.084,0.091283
20.823,20.811,-0.057742,0.003949,37.091,0.11357
20.824,20.811,-0.068091,0.0042849,37.091,0.13716
20.822,20.812,-0.074941,0.0035717,37.088,0.15696
20.805,20.812,-0.053255,-0.00070262,37.084,0.13193
20.799,20.812,-0.046478,-0.0013559,37.076,0.12774
20.787,20.812,-0.047685,-0.0026455,37.07,0.1541
20.786,20.812,-0.031435,-0.0026733,37.066,0.1164
20.775,20.811,0.0037433,-0.0038894,37.072,0.059467
20.775,20.811,0.043321,-0.0038471,37.068,0
20.775,20.811,0,-0.003708,37.064,0.066311
20.787,20.81,0.19873,-0.0024855,37.053,0
20.8,20.81,0.27963,-0.0010462,37.057,0
20.819,20.81,0.32514,0.002969,37.061,0
20.844,20.81,0.35224,0.011243,37.069,0
20.878,20.811,0.3491,0.022498,37.076,0
20.922,20.814,0.30126,0.036438,37.083,0
20.945,20.817,0.25062,0.043217,37.096,0
20.98,20.821,0.21885,0.053343,37.116,0
21.011,20.827,0.17736,0.062103,37.132,0
21.022,20.833,0.15586,0.063675,37.152,0
21.043,20.839,0.1298,0.068706,37.162,0
21.049,20.846,0.10382,0.068381,37.173,0
21.061,20.853,0.070575,0.070057,37.202,0
21.075,20.86,0.06215,0.072329,37.223,0
21.075,20.867,0.054824,0.069939,37.241,0
21.078,20.874,0.060101,0.068648,37.257,0
21.088,20.881,0.064696,0.069686,37.272,0
21.088,20.888,0,0.067625,37.292,0
21.104,20.895,0.092259,0.070263,37.319,0
21.123,20.902,0.072781,0.074272,37.341,0
21.126,20.909,0.056041,0.072751,37.355,0
21.138,20.917,0.057463,0.074616,37.38,0
21.143,20.924,0.044268,0.073575,37.396,0
21.151,20.931,0.036341,0.073805,37.417,0
21.164,20.939,0.033146,0.075675,37.443,0
21.174,20.946,0.024876,0.0767,37.472,0
21.172,20.954,-0.0037337,0.07333,37.486,0
21.173,20.961,-0.024699,0.071288,37.507,0
21.165,20.969,-0.045209,0.065895,37.522,0
21.16,20.975,-0.0525,0.06227,37.548,0
21.155,20.981,-0.054398,0.058236,37.576,0
21.145,20.987,-0.041745,0.052904,37.59,0
21.143,20.993,-0.042435,0.050581,37.606,0
21.147,20.998,-0.048487,0.050215,37.612,0
21.141,21.003,-0.038231,0.046633,37.63,0
21.14,21.007,-0.072061,0.044496,37.637,0
21.132,21.012,-0.076199,0.040416,37.654,0.0070803
21.116,21.016,-0.15179,0.033736,37.667,0.23235
21.102,21.019,-0.087349,0.02785,37.677,0.086484
21.102,21.022,-0.075088,0.026818,37.687,0.060666
21.1,21.025,-0.033621,0.025407,37.693,0
21.1,21.027,0,0.021458,37.7,0
21.087,21.029,0.027671,0.019335,37.715,0
21.096,21.031,-0.055515,0.02161,37.722,0.035568
21.082,21.033,-0.099555,0.016508,37.726,0.16492
21.067,21.035,-0.13543,0.010637,37.729,0.28602
21.06,21.036,-0.16134,0.0081553,37.737,0.37077
21.053,21.037,-0.17334,0.005509,37.737,0.41791
21.027,21.037,-0.18756,-0.0010822,37.745,0.50843
21.015,21.037,-0.17415,-0.0023473,37.752,0.49373
20.991,21.037,-0.1619,-0.0047914,37.751,0.50764
20.976,21.037,-0.1626,-0.0063275,37.739,0.54199
20.965,21.036,-0.18093,-0.0074243,37.74,0.62276
20.946,21.035,-0.23614,-0.0092744,37.731,0.84934
20.921,21.034,-0.29905,-0.011772,37.724,1.143
20.889,21.033,-0.36597,-0.015027,37.702,1.5028
20.845,21.032,-0.45352,-0.019491,37.682,2.0339
20.806,21.03,-0.53896,-0.023371,37.655,2.6004
20.759,21.027,-0.63243,-0.028044,37.623,3.3044
20.701,21.025,-0.77945,-0.033856,37.599,4.5213
20.627,21.021,-0.92751,-0.0413,37.553,6.0051
20.537,21.017,-1.0599,-0.050387,37.513,7.6182
20.437,21.012,-1.1765,-0.060481,37.468,9.294
20.325,21.006,-1.2469,-0.071872,37.401,10.614
20.205,20.999,-1.2713,-0.083983,37.333,11.443
20.086,20.99,-1.29,-0.095985,37.239,12.203
19.961,20.981,-1.3071,-0.10861,37.149,12.98
19.837,20.97,-1.3067,-0.12123,37.038,13.517
19.714,20.958,-1.3026,-0.13363,36.925,13.99
19.593,20.944,-1.3328,-0.14604,36.789,14.939
19.465,20.93,-1.335,-0.1591,36.655,15.521
19.337,20.914,-1.3173,-0.17223,36.512,15.807
19.206,20.897,-1.3157,-0.18586,36.354,16.338
19.066,20.878,-1.3163,-0.20058,36.176,16.933
18.926,20.858,-1.2685,-0.21559,35.986,16.809
18.8,20.836,-1.2498,-0.22908,35.783,17.029
18.676,20.814,-1.2472,-0.24256,35.566,17.466
18.556,20.789,-1.2689,-0.25559,35.355,18.239
18.425,20.764,-1.3594,-0.27017,35.13,20.154
18.298,20.737,-1.4767,-0.28456,34.89,22.609
18.15,20.708,-1.5651,-0.30152,34.646,24.8
17.999,20.678,-1.647,-0.31913,34.388,26.975
17.841,20.646,-1.7193,-0.33799,34.115,29.079
17.668,20.612,-1.7136,-0.35898,33.838,29.685
17.501,20.577,-1.7115,-0.37991,33.534,30.31
17.334,20.539,-1.7415,-0.40127,33.219,31.589
17.161,20.498,-1.7703,-0.42394,32.889,32.872
16.99,20.456,-1.785,-0.44663,32.557,33.827
16.99,20.411,0,-0.47255,32.213,8.8966
16.632,20.364,-1.835,-0.49699,31.824,36.236
16.444,20.314,-1.856,-0.52463,31.434,37.376
16.252,20.262,-1.8579,-0.5531,31.047,38.068
16.067,20.207,-1.8669,-0.58206,30.633,38.856
16.067,20.148,0,-0.61279,30.222,10.781
15.694,20.087,-1.8745,-0.6429,29.784,40.111
15.694,20.023,0,-0.6735,29.348,11.451
15.335,19.955,-1.8693,-0.70599,28.892,40.847
15.157,19.885,-1.8624,-0.73912,28.428,41.041
14.969,19.811,-1.8462,-0.77557,27.943,41.023
14.784,19.733,-1.8612,-0.81289,27.453,41.688
14.598,19.652,-1.792,-0.85169,26.955,40.334
14.41,19.567,-1.582,-0.89276,26.444,35.966
14.245,19.478,-1.2454,-0.93181,25.918,29.603
14.114,19.385,-0.86103,-0.96608,25.389,23.388
14.031,19.288,-0.47471,-0.99139,24.871,18.112
13.975,19.189,-0.16837,-1.0128,24.346,14.522
13.962,19.087,0.0088722,-1.0258,23.828,12.45
13.956,18.985,-0.012706,-1.0371,23.317,12.119
13.948,18.881,-0.035393,-1.0476,22.825,11.806
13.944,18.776,-0.047738,-1.0573,22.333,11.393
13.948,18.671,-0.062461,-1.0644,21.856,10.987
13.947,18.564,-0.05512,-1.0722,21.383,10.425
13.951,18.457,0.011539,-1.077,20.934,9.4538
13.957,18.349,0.033338,-1.0811,20.486,8.8274
13.958,18.241,0.050496,-1.0858,20.045,8.2679
13.958,18.133,0,-1.0885,19.622,8.1563
13.957,18.024,0.06591,-1.092,19.207,7.3362
13.954,17.915,0.089961,-1.0929,18.815,6.8173
13.968,17.805,0.11424,-1.0884,18.43,6.29
13.978,17.696,0.15033,-1.0846,18.049,5.7442
13.994,17.588,0.19439,-1.0771,17.683,5.1928
14.019,17.48,0.23187,-1.0643,17.34,4.7025
14.039,17.374,0.24102,-1.0529,16.998,4.3589
14.039,17.269,0,-1.036,16.67,5.1028
14.039,17.165,0,-1.0178,16.352,4.8559
14.106,17.063,-0.5002,-1.0054,16.062,7.1943
14.054,16.963,-1.3608,-1.0131,15.765,15.834
13.922,16.861,-2.2254,-1.0497,15.47,32.604
13.922,16.756,0,-1.1179,15.181,3.6299
13.403,16.645,-3.8805,-1.2199,14.857,117.26
13.021,16.523,-4.1558,-1.3587,14.515,146.45
13.021,16.387,0,-1.5149,14.171,3.7556
13.021,16.235,0,-1.6782,13.842,3.0938
11.815,16.067,-3.3789,-1.84,13.342,79.322
11.476,15.883,-2.7565,-4.4,12.911,15.293
11.207,15.443,-2.1788,-4.4,12.481,4.4324
10.99,15.003,-1.7369,-4.4,12.073,9.0416
10.816,14.563,-1.4971,-4.4,11.694,15.577
10.67,14.123,-1.4644,-4.4,11.339,22.441
10.519,13.683,-1.3976,-4.4,11.017,32.781
10.38,13.243,-1.2572,-4.4,10.723,48.293
10.258,12.803,-1.0212,-4.4,10.446,68.672
10.148,12.363,-0.7001,-4.4,10.219,91.472
10.081,11.923,-0.43,-5.2,10.015,1890.9
10.031,11.403,-0.2721,-5.2,9.86,0
9.9992,10.883,-0.45536,-5.2,9.7543,0
9.9522,10.363,-0.8525,-5.2,9.6899,0
9.9522,9.8434,0,-5.2,9.6748,0
9.7472,9.3234,-1.6561,0.16535,9.6947,12.128
9.5746,9.3399,-2.0227,0.091625,9.7352,19.243
9.3651,9.3491,-2.0744,0.0062393,9.7483,20.857
9.1639,9.3497,-1.89,-0.075359,9.7343,17.457
8.9743,9.3422,-1.6496,-0.14961,9.7138,13.605
8.9743,9.3272,0,-0.20909,9.6778,0.28767
8.6667,9.3063,-1.3698,-5.2,9.623,0
8.5364,8.7863,-1.1902,-0.097477,9.5711,7.4098
8.4234,8.7766,-0.87203,-0.13826,9.5426,4.6632
8.3331,8.7628,-0.63767,-0.16906,9.5036,3.1487
8.2726,8.7458,-0.40561,-0.18702,9.4659,1.9694
8.2353,8.7271,-0.01534,-0.19588,9.4087,0.63778
8.2353,8.7076,0,-0.19324,9.3605,0.56556
8.2598,8.6882,0.81558,-5.2,9.3199,196.06
8.347,8.1682,1.168,0.083835,9.2986,0.25031
8.4683,8.1766,1.4672,0.13675,9.3152,1.0009
8.6161,8.1903,1.6135,0.19985,9.355,1.3828
8.776,8.2103,1.6361,0.26555,9.3996,1.3362
8.9427,8.2368,1.6222,0.33161,9.4654,1.1533
9.1142,8.27,1.5643,0.39657,9.5362,0.81402
9.2657,8.3096,1.5138,0.44944,9.6305,0.531
9.4218,8.3546,1.4257,0.50192,9.7336,0.13132
9.5705,8.4048,1.2061,0.5482,9.8424,0
9.7005,8.4596,0.89213,0.58343,9.9611,0
9.7883,8.5179,0.5884,0.597,10.085,0
9.8506,8.5776,0.3153,0.59783,10.21,0
9.8849,8.6374,0.15005,0.58501,10.327,0
9.9095,8.6959,0.14359,0.56857,10.448,0
9.9177,8.7528,0.20412,0.54541,10.569,0
9.9345,8.8073,0.29578,0.52706,10.677,0
9.9345,8.86,0,0.51388,10.787,0
9.9987,8.9114,0.32423,0.50805,10.906,0
10.024,8.9622,0.24089,0.49542,11.011,0
10.024,9.0118,0,0.48117,11.115,0
10.067,9.0599,-0.022028,0.46946,11.214,0
10.073,9.1068,-0.24481,0.44961,11.303,0
10.051,9.1518,-0.46645,0.41791,11.394,0.55923
10.005,9.1936,-0.72863,0.37693,11.488,2.1096
9.9375,9.2313,-0.99897,0.32799,11.572,4.2666
9.8421,9.2641,-1.2178,0.26816,11.637,6.5305
9.7124,9.2909,-1.3946,0.19551,11.696,8.7774
9.5753,9.3104,-1.506,0.12274,11.733,10.446
9.4279,9.3227,-1.557,0.0487,11.746,11.371
9.2726,9.3276,-1.5992,-0.016287,11.756,12.298
9.1189,9.326,-1.5763,-0.0614,11.748,12.416
8.9685,9.3198,-1.4509,-0.10451,11.721,11.052
8.8249,9.3094,-1.1931,-0.14464,11.687,8.2577
8.6979,9.2949,-0.88092,-0.17944,11.628,5.5264
8.6979,9.277,0,-0.20394,11.569,0.77377
8.5409,9.2566,-0.29281,-0.21838,11.491,2.0847
8.5031,9.2347,-0.064345,-0.22513,11.415,1.2572
8.5039,9.2122,0.0018752,-0.21943,11.35,1.0248
8.4961,9.1903,0.015476,-0.217,11.271,0.96216
8.4961,9.1686,0,-0.20853,11.203,0.97548
8.5111,9.1477,0.0068278,-0.20175,11.144,0.89243
8.5073,9.1275,-0.09741,-0.19802,11.079,1.1623
8.4912,9.1077,-0.22662,-0.19819,11.016,1.6008
8.4636,9.0879,-0.37069,-0.20203,10.957,2.2216
8.4271,9.0677,-0.50457,-0.20853,10.902,2.9293
8.3687,9.0469,-0.63866,-0.22249,10.834,3.7972
8.2978,9.0246,-0.70938,-0.2407,10.755,4.358
8.2177,9.0005,-0.72188,-0.26117,10.688,4.5468
8.2177,8.9744,0,-0.28201,10.611,0.9774
8.0541,8.9462,-0.77055,-0.30354,10.52,5.0879
7.9837,8.9159,-0.75521,-0.32055,10.429,5.0302
7.9139,8.8838,-0.76479,-0.33758,10.329,5.1501
7.832,8.8501,-0.81598,-0.35817,10.236,5.6156
7.7482,8.8142,-0.8474,-0.37943,10.137,5.9337
7.6618,8.7763,-0.90531,-0.40221,10.024,6.4789
7.5671,8.7361,-0.99925,-0.42761,9.9127,7.3972
7.5671,8.6933,0,-0.45199,9.798,1.3824
7.3653,8.6481,-1.0244,-0.48344,9.671,7.7522
7.3653,8.5998,0,-0.5156,9.5451,1.4658
7.3653,8.5482,0,-0.54087,9.4243,1.2917
7.0675,8.4941,-0.84484,-0.56759,9.249,6.1965
6.9811,8.4374,-0.79991,-5.2,9.0965,109.5
6.902,7.9174,-0.75298,-0.39327,8.9777,4.8906
6.8233,7.878,-0.68473,-5.2,8.8654,88.812
6.7466,7.358,-0.62843,-0.22662,8.7889,3.4528
6.689,7.3354,-0.50567,-0.24187,8.7208,2.786
6.6343,7.3112,-0.3512,-0.25545,8.6568,2.0659
6.5896,7.2857,-0.21189,-5.2,8.5873,70.389
6.5717,6.7657,-0.11284,-0.068854,8.5385,0.53899
6.5687,6.7588,-0.010275,-0.067567,8.5266,0.27242
6.5687,6.752,0,-0.064563,8.5079,0.24168
6.5687,6.7456,0,-0.058944,8.4899,0.24058
6.5687,6.7397,0,-0.055526,8.4725,0.23575
6.5687,6.7341,0,-0.050176,8.4557,0.236
6.6023,6.7291,0.051823,-0.045741,8.4256,0.058053
6.6105,6.7245,0.058486,-0.041271,8.4064,0.029001
6.6211,6.7204,0.11328,-0.035926,8.4028,0
6.6253,6.7168,0.21842,-0.033208,8.3852,0
6.6422,6.7135,0.35674,-0.0259,8.378,0
6.6833,6.7109,0.50661,-0.010055,8.363,0
6.6833,6.7099,0,0.0091642,8.3602,0.07502
6.7937,6.7108,0.76646,0.049132,8.3672,0
6.8612,6.7157,0.83631,0.086162,8.3733,0
6.9434,6.7243,0.88668,0.12984,8.398,0
7.0221,6.7373,0.93765,0.16868,8.4223,0
7.1236,6.7542,1,0.21863,8.4545,0
7.2159,6.776,1.0592,0.26004,8.4951,0
7.3192,6.802,1.0999,0.3052,8.5409,0
7.4243,6.8326,1.1298,0.34833,8.5874,0
7.5298,6.8674,1.104,0.38876,8.6413,0
7.6449,6.9063,0.94463,0.43258,8.7132,0
7.7332,6.9495,0.72438,0.45752,8.7848,0
7.8085,6.9953,0.51251,0.47342,8.8652,0
7.8523,7.0426,0.29179,0.4698,8.9448,0
7.8851,7.0896,0.11463,0.45995,9.0209,0
7.8875,7.1356,0.070902,0.43351,9.1023,0
7.8898,7.179,0.13116,0.40852,9.1729,0
7.9088,7.2198,0.23062,0.39474,9.2384,0
7.9335,7.2593,0.35361,0.38531,9.307,0
7.966,7.2978,0.47684,0.38097,9.3759,0
8.0216,7.3359,0.5817,0.39028,9.4499,0
8.0871,7.3749,0.64717,0.40474,9.5287,0
8.1486,7.4154,0.65656,0.41582,9.6036,0
8.1486,7.457,0,0.42601,9.6749,0
8.2671,7.4996,0.46662,0.43313,9.755,0
8.3182,7.5429,0.35088,0.43663,9.8388,0
8.3591,7.5866,0.22597,0.4339,9.915,0
8.3591,7.63,0,0.42178,9.9901,0
8.3989,7.6721,0.052621,0.40611,10.068,0
8.4136,7.7127,-0.0080185,0.39086,10.145,0
8.4036,7.7518,-0.083621,0.36273,10.218,0
8.3887,7.7881,-0.18513,0.33335,10.276,0
8.363,7.8214,-0.2965,0.29969,10.326,0.43233
