18.889,18.889,-0.16767,0,35.5,0.42513
18.862,18.889,-0.064937,-0.002738,35.5,0.19983
18.853,18.889,-0.074246,-0.0036989,35.502,0.24197
18.849,18.888,-0.059619,-0.0040172,35.499,0.21132
18.849,18.888,0,-0.0041711,35.496,0.071296
18.836,18.887,-0.061072,-0.0053078,35.484,0.23988
18.825,18.887,-0.030596,-0.0063261,35.472,0.1848
18.825,18.886,0,-0.0071669,35.466,0.11129
18.819,18.886,-0.067198,-0.0067943,35.457,0.2843
18.821,18.885,-0.07603,-0.0065116,35.446,0.30159
18.823,18.884,-0.086724,-0.0062958,35.436,0.3255
18.823,18.884,0,-0.0064759,35.43,0.11201
18.804,18.883,-0.10786,-0.0081332,35.436,0.4205
18.787,18.882,-0.099896,-0.009802,35.425,0.43212
18.786,18.881,-0.080088,-0.0097974,35.415,0.37746
18.783,18.88,-0.069781,-0.0099651,35.406,0.35317
18.783,18.879,0,-0.010644,35.396,0.17736
18.776,18.878,-0.080516,-0.010546,35.384,0.39331
18.777,18.877,-0.059013,-0.010352,35.382,0.33235
18.766,18.876,-0.032044,-0.011346,35.366,0.28304
18.766,18.875,0,-0.011876,35.356,0.20264
18.746,18.874,-0.067273,-0.013205,35.353,0.41033
18.734,18.872,-0.037179,-0.014285,35.331,0.35229
18.73,18.871,-0.031576,-0.014528,35.318,0.34257
18.725,18.869,-0.054627,-0.014946,35.304,0.4104
18.711,18.868,-0.044217,-0.016223,35.284,0.40774
18.698,18.866,-0.036883,-0.01739,35.268,0.41115
18.696,18.865,-0.038478,-0.017451,35.255,0.41634
18.692,18.863,-0.035684,-0.017715,35.23,0.41376
18.696,18.861,-0.036969,-0.017104,35.214,0.40493
18.695,18.859,-0.021076,-0.017083,35.202,0.36359
18.7,18.858,-0.04258,-0.016335,35.186,0.40419
18.694,18.856,-0.076128,-0.016836,35.166,0.50484
18.683,18.854,-0.091298,-0.01781,35.151,0.56769
18.68,18.853,-0.13736,-0.017932,35.141,0.70955
18.674,18.851,-0.15464,-0.018452,35.118,0.77566
18.656,18.849,-0.15963,-0.020137,35.101,0.82838
18.637,18.847,-0.14842,-0.021868,35.074,0.82848
18.632,18.845,-0.17477,-0.022237,35.061,0.92488
18.622,18.843,-0.14489,-0.023013,35.047,0.84116
18.604,18.84,-0.15066,-0.024682,35.023,0.89608
18.582,18.838,-0.13529,-0.026792,34.99,0.89002
18.568,18.835,-0.12909,-0.027977,34.974,0.89482
18.558,18.832,-0.10764,-0.028816,34.937,0.84226
18.54,18.829,-0.090423,-0.030413,34.906,0.82073
18.528,18.826,-0.061108,-0.031328,34.884,0.74958
18.517,18.823,-0.079115,-0.03228,34.844,0.82271
18.517,18.82,0,-0.032162,34.813,0.58709
18.503,18.817,-0.1331,-0.033165,34.783,1.0148
18.492,18.813,-0.15122,-0.034018,34.742,1.0946
18.472,18.81,-0.1536,-0.035828,34.703,1.1417
18.453,18.806,-0.10778,-0.037475,34.666,1.0184
18.447,18.803,-0.088736,-0.037836,34.636,0.96237
18.435,18.799,-0.081046,-0.038678,34.603,0.95406
18.431,18.795,-0.086828,-0.038822,34.573,0.97458
18.424,18.791,-0.11378,-0.039168,34.542,1.0702
18.413,18.787,-0.13451,-0.039974,34.498,1.1574
18.402,18.783,-0.14568,-0.040847,34.455,1.2144
18.38,18.779,-0.14802,-0.042832,34.412,1.2648
18.365,18.775,-0.13971,-0.044047,34.362,1.2591
18.347,18.771,-0.11919,-0.045535,34.325,1.2168
18.326,18.766,-0.11111,-0.047422,34.28,1.227
18.305,18.761,-0.10379,-0.049251,34.233,1.2384
18.291,18.756,-0.083706,-0.050409,34.179,1.1909
18.29,18.751,-0.089554,-0.05001,34.131,1.1999
18.291,18.746,-0.085055,-0.049473,34.077,1.1704
18.291,18.741,0,-0.049486,34.031,0.88848
18.29,18.736,-0.056264,-0.04873,33.979,1.0547
18.286,18.731,-0.063028,-0.048776,33.928,1.0751
18.289,18.727,-0.052354,-0.047972,33.889,1.0225
18.287,18.722,-0.071574,-0.047787,33.851,1.0792
18.271,18.717,-0.11077,-0.049092,33.805,1.2373
18.264,18.712,-0.11796,-0.049444,33.751,1.2674
18.244,18.707,-0.099106,-0.051128,33.708,1.2342
18.244,18.702,0,-0.050741,33.662,0.90377
18.244,18.697,0,-0.051751,33.617,0.8884
18.226,18.692,-0.093968,-0.051758,33.584,1.2231
18.223,18.687,-0.13311,-0.051575,33.546,1.3567
18.207,18.681,-0.18395,-0.05286,33.506,1.5764
18.196,18.676,-0.22586,-0.053611,33.449,1.7613
18.182,18.671,-0.2623,-0.054734,33.4,1.9419
18.161,18.665,-0.29847,-0.056618,33.345,2.1479
18.124,18.66,-0.31532,-0.060285,33.298,2.3136
18.084,18.654,-0.35512,-0.064165,33.243,2.6042
18.057,18.647,-0.38779,-0.066661,33.18,2.8342
18.013,18.641,-0.40299,-0.071062,33.122,3.0257
18.013,18.633,0,-0.075315,33.059,1.2369
17.93,18.626,-0.3868,-0.079354,32.986,3.1374
17.884,18.618,-0.35577,-0.083848,32.925,3.0756
17.854,18.61,-0.33876,-0.086621,32.856,3.0463
17.854,18.601,0,-0.088933,32.781,1.5253
17.798,18.592,-0.34202,-0.091666,32.705,3.1737
17.771,18.583,-0.35088,-0.093998,32.621,3.2711
17.735,18.574,-0.38745,-0.09744,32.542,3.5571
17.692,18.564,-0.39423,-0.10169,32.453,3.695
17.648,18.554,-0.40675,-0.10612,32.361,3.8727
17.607,18.543,-0.40523,-0.11001,32.277,3.9528
17.607,18.532,0,-0.11444,32.184,1.9215
17.522,18.521,-0.31708,-0.11835,32.087,3.6184
17.482,18.509,-0.25238,-0.12232,31.986,3.3446
17.461,18.496,-0.19479,-0.12394,31.881,3.0693
17.432,18.484,-0.16673,-0.1265,31.781,2.9742
17.418,18.471,-0.13818,-0.12721,31.683,2.8386
17.412,18.459,-0.11655,-0.12704,31.574,2.7181
17.402,18.446,-0.15409,-0.12732,31.462,2.8825
17.386,18.433,-0.13686,-0.12834,31.353,2.8065
17.372,18.42,-0.096572,-0.12919,31.243,2.6243
17.368,18.408,-0.094134,-0.12865,31.145,2.5878
17.352,18.395,-0.07736,-0.12963,31.042,2.5196
17.352,18.382,0,-0.12865,30.938,2.1669
17.347,18.369,-0.013142,-0.12821,30.833,2.196
17.344,18.356,-0.00084167,-0.12755,30.738,2.1227
17.35,18.343,0.015806,-0.12576,30.635,2.0124
17.354,18.331,0.010428,-0.12434,30.534,1.9934
17.355,18.318,-0.0017256,-0.12318,30.431,2.0046
17.346,18.306,-0.032239,-0.12335,30.328,2.1121
17.342,18.294,-0.088618,-0.12281,30.227,2.318
17.341,18.281,-0.12706,-0.12193,30.136,2.4544
17.321,18.269,-0.16848,-0.12347,30.043,2.6595
17.296,18.257,-0.2044,-0.12563,29.95,2.8606
17.275,18.244,-0.23205,-0.12735,29.857,3.0192
17.275,18.231,0,-0.12849,29.761,1.9599
17.228,18.219,-0.28683,-0.13142,29.662,3.3593
17.189,18.205,-0.2614,-0.13544,29.563,3.2914
17.157,18.192,-0.22991,-0.13859,29.458,3.1746
17.138,18.178,-0.17533,-0.13995,29.36,2.9144
17.124,18.164,-0.11768,-0.14067,29.25,2.642
17.116,18.15,-0.090918,-0.14047,29.151,2.505
17.116,18.136,0,-0.13957,29.049,2.0965
17.116,18.122,0,-0.14041,28.948,2.0539
17.096,18.108,-0.13814,-0.13964,28.846,2.6523
17.081,18.094,-0.12699,-0.14047,28.742,2.6008
17.081,18.08,0,-0.14011,28.641,2.0365
17.056,18.066,-0.07223,-0.14152,28.531,2.3502
17.051,18.052,-0.064392,-0.14103,28.422,2.2928
17.053,18.038,-0.045765,-0.13946,28.315,2.1751
17.049,18.024,-0.049292,-0.13879,28.214,2.1635
17.036,18.01,-0.060561,-0.13934,28.118,2.2045
17.038,17.996,-0.067639,-0.13758,28.03,2.1916
17.025,17.982,-0.063687,-0.1382,27.936,2.1727
17.025,17.968,0,-0.13631,27.841,1.8955
17.013,17.955,-0.047234,-0.1371,27.758,2.065
17.001,17.941,-0.041312,-0.13743,27.672,2.0357
17.001,17.927,0,-0.13809,27.578,1.8401
16.981,17.913,-0.015113,-0.13761,27.489,1.9146
16.976,17.9,-0.0065691,-0.13698,27.393,1.8609
16.973,17.886,-0.015735,-0.136,27.31,1.8692
16.976,17.872,-0.039766,-0.13414,27.227,1.92
16.976,17.859,0,-0.13449,27.138,1.7362
16.957,17.846,-0.034675,-0.1342,27.052,1.8791
16.962,17.832,-0.01163,-0.132,26.965,1.7515
16.96,17.819,0.021146,-0.13087,26.871,1.6095
16.968,17.806,0.075699,-0.12825,26.785,1.3874
16.983,17.793,0.099239,-0.12453,26.699,1.2588
16.983,17.781,0,-0.12168,26.619,1.5493
16.983,17.768,0,-0.11882,26.54,1.5265
17.022,17.757,0.18597,-0.11421,26.475,0.88194
17.047,17.745,0.20934,-0.10902,26.395,0.76245
17.077,17.734,0.2189,-0.10295,26.333,0.67006
17.089,17.724,0.21292,-0.099823,26.266,0.64368
17.089,17.714,0,-0.09377,26.203,1.1905
17.14,17.705,0.20615,-0.089418,26.146,0.53768
17.16,17.696,0.2167,-0.085171,26.081,0.46845
17.171,17.687,0.19883,-0.082147,26.033,0.46883
17.171,17.679,0,-0.078637,25.982,0.9445
17.171,17.671,0,-0.075734,25.931,0.93372
17.223,17.663,0.15281,-0.07075,25.885,0.43376
17.235,17.656,0.12339,-0.067754,25.84,0.46178
17.256,17.65,0.16019,-0.063479,25.796,0.339
17.274,17.643,0.17185,-0.059792,25.753,0.27745
17.282,17.637,0.14479,-0.057573,25.709,0.30485
17.296,17.631,0.14463,-0.054473,25.679,0.27236
17.318,17.626,0.15605,-0.050094,25.638,0.20535
17.343,17.621,0.14135,-0.045377,25.605,0.18444
17.35,17.616,0.14707,-0.04359,25.574,0.15534
17.357,17.612,0.19564,-0.041712,25.557,0.054944
17.37,17.608,0.18969,-0.038959,25.535,0.038007
17.389,17.604,0.20492,-0.035287,25.522,0
17.409,17.601,0.23323,-0.031389,25.496,0
17.435,17.597,0.21037,-0.026613,25.488,0
17.453,17.595,0.1733,-0.023237,25.477,0
17.468,17.592,0.18916,-0.020378,25.464,0
17.484,17.59,0.19588,-0.017494,25.455,0
17.484,17.589,0,-0.014494,25.445,0.18755
17.519,17.587,0.2325,-0.011202,25.439,0
17.535,17.586,0.23811,-0.0084488,25.44,0
17.535,17.585,0,-0.0054632,25.435,0.093038
17.565,17.585,0.19438,-0.0033117,25.437,0
17.591,17.584,0.17018,0.0021642,25.429,0
17.613,17.585,0.17436,0.0092347,25.429,0
17.64,17.585,0.16479,0.017334,25.432,0
17.655,17.587,0.12674,0.021535,25.446,0
17.667,17.589,0.12074,0.024854,25.444,0
17.683,17.592,0.10048,0.028932,25.452,0
17.684,17.595,0.10169,0.028329,25.453,0
17.703,17.598,0.11902,0.033606,25.466,0
17.714,17.601,0.16712,0.03601,25.481,0
17.725,17.605,0.16066,0.038307,25.487,0
17.725,17.608,0,0.041703,25.499,0
17.725,17.613,0,0.042806,25.511,0
17.753,17.617,0.12106,0.043312,25.511,0
17.765,17.621,0.098581,0.045943,25.534,0
17.769,17.626,0.1111,0.045797,25.542,0
17.769,17.63,0,0.04836,25.556,0
17.804,17.635,0.1877,0.05406,25.585,0
17.815,17.641,0.2133,0.055797,25.596,0
17.847,17.646,0.22252,0.063981,25.62,0
17.868,17.653,0.20183,0.068773,25.642,0
17.883,17.659,0.13018,0.071372,25.657,0
17.9,17.667,0.090251,0.074497,25.683,0
17.91,17.674,0.019402,0.075427,25.7,0
17.917,17.682,-0.070352,0.075317,25.724,0
17.917,17.689,0,0.072009,25.747,0
17.907,17.696,-0.18615,0.067335,25.771,0.15994
17.883,17.703,-0.2547,0.057567,25.785,0.41988
17.862,17.709,-0.31163,0.048904,25.801,0.6619
17.832,17.714,-0.3193,0.037775,25.817,0.74725
17.832,17.717,0,0.026601,25.829,0
17.769,17.72,-0.34249,0.015511,25.829,0.9516
17.738,17.722,-0.3933,0.00517,25.823,1.2153
17.698,17.722,-0.40077,-0.0038718,25.818,1.3325
17.698,17.722,0,-0.0098953,25.816,0.027469
17.63,17.721,-0.35104,-0.014662,25.803,1.277
17.587,17.719,-0.30047,-0.021377,25.785,1.1663
17.557,17.717,-0.2107,-0.025946,25.766,0.89395
17.536,17.715,-0.15739,-0.029086,25.742,0.75512
17.536,17.712,0,-0.030586,25.724,0.30421
17.536,17.709,0,-0.032,25.707,0.2942
17.505,17.705,-0.14029,-0.032744,25.685,0.74502
17.496,17.702,-0.15654,-0.033588,25.664,0.80727
17.473,17.699,-0.16895,-0.036967,25.635,0.89047
17.456,17.695,-0.13529,-0.03919,25.605,0.80719
17.442,17.691,-0.10294,-0.040802,25.589,0.7257
17.439,17.687,-0.08661,-0.040754,25.555,0.67501
17.439,17.683,0,-0.040211,25.53,0.43124
17.419,17.679,-0.11295,-0.042826,25.514,0.7786
17.417,17.675,-0.099498,-0.042539,25.494,0.7331
17.402,17.67,-0.093001,-0.044388,25.459,0.73449
17.398,17.666,-0.050215,-0.044282,25.434,0.60812
17.383,17.662,0.026875,-0.046054,25.407,0.42669
17.392,17.657,0.051399,-0.04388,25.372,0.34485
17.398,17.653,0.028843,-0.04233,25.354,0.38003
17.402,17.648,-0.0014324,-0.041014,25.332,0.43879
17.402,17.644,-0.051654,-0.040396,25.306,0.56307
17.398,17.64,-0.078518,-0.040349,25.274,0.63736
17.394,17.636,-0.052287,-0.040488,25.256,0.56428
17.38,17.632,-0.016746,-0.042156,25.238,0.48749
17.374,17.628,0.0012089,-0.042453,25.213,0.44427
17.365,17.624,0.0013257,-0.043368,25.184,0.45301
17.372,17.619,-0.0062332,-0.041531,25.157,0.45117
17.372,17.615,0,-0.041646,25.133,0.42593
17.372,17.611,-0.051515,-0.040317,25.101,0.55532
17.372,17.607,0,-0.039847,25.077,0.41279
17.374,17.603,0.015332,-0.038635,25.043,0.36363
17.385,17.599,0.012966,-0.03626,25.016,0.34344
17.385,17.596,0,-0.035067,24.994,0.36956
17.385,17.592,0,-0.033401,24.973,0.36586
17.396,17.589,-0.0065937,-0.032739,24.96,0.352
17.399,17.585,-0.013556,-0.031702,24.935,0.35748
17.399,17.582,-0.0011006,-0.031112,24.926,0.32077
17.402,17.579,0.010783,-0.030147,24.903,0.2821
17.408,17.576,-0.0035983,-0.028587,24.882,0.29931
17.408,17.573,-0.054277,-0.028167,24.862,0.42178
17.408,17.57,0,-0.027578,24.846,0.28125
17.408,17.568,-0.089228,-0.027355,24.829,0.50749
17.404,17.565,-0.058139,-0.027532,24.814,0.42407
17.39,17.562,-0.049832,-0.029406,24.807,0.42236
17.382,17.559,-0.025515,-0.030283,24.798,0.3691
17.378,17.556,0.0205,-0.030492,24.782,0.26073
17.386,17.553,0.021002,-0.028705,24.771,0.24123
17.391,17.55,0.0077361,-0.027387,24.751,0.25776
17.385,17.548,0.018706,-0.027889,24.737,0.23749
17.382,17.545,0.020399,-0.027911,24.719,0.23351
17.393,17.542,-0.016855,-0.025677,24.702,0.29743
17.385,17.539,-0.040208,-0.026601,24.682,0.3648
17.385,17.537,-0.050437,-0.026198,24.67,0.38663
17.388,17.534,-0.078082,-0.025281,24.645,0.44995
17.388,17.532,0,-0.02677,24.631,0.24331
17.378,17.529,-0.044595,-0.026079,24.599,0.3688
17.367,17.526,-0.022754,-0.027673,24.587,0.33029
17.356,17.524,0.0076371,-0.029114,24.579,0.27209
17.364,17.521,0.037606,-0.027155,24.572,0.18523
17.376,17.518,0.014494,-0.024614,24.566,0.21094
17.371,17.515,-0.0057434,-0.025001,24.552,0.26123
17.374,17.513,-0.011578,-0.024163,24.531,0.26613
17.372,17.511,-0.022493,-0.024138,24.519,0.29193
17.364,17.508,-0.054166,-0.025091,24.509,0.3815
17.353,17.506,-0.06228,-0.026667,24.487,0.41916
17.342,17.503,-0.032797,-0.028065,24.481,0.35738
17.336,17.5,-0.010181,-0.028622,24.474,0.30725
17.341,17.497,-0.0099881,-0.027194,24.454,0.29183
17.338,17.495,-0.0023735,-0.027412,24.43,0.27542
17.347,17.492,-0.034219,-0.025318,24.417,0.33122
17.347,17.489,-0.069561,-0.024955,24.4,0.41872
17.347,17.487,0,-0.02459,24.386,0.24011
17.326,17.484,-0.1331,-0.027779,24.361,0.63061
17.317,17.482,-0.096509,-0.028844,24.351,0.53417
17.315,17.479,-0.052136,-0.028749,24.331,0.41107
17.302,17.476,-0.027152,-0.030663,24.305,0.36616
17.309,17.473,-0.014688,-0.02887,24.297,0.31695
17.31,17.47,-0.063955,-0.028207,24.284,0.43573
17.304,17.467,-0.095878,-0.028817,24.267,0.53017
17.293,17.464,-0.11455,-0.030221,24.243,0.59917
17.283,17.461,-0.17059,-0.031487,24.22,0.78773
17.27,17.458,-0.19023,-0.033328,24.206,0.87427
17.246,17.455,-0.1817,-0.036899,24.193,0.88647
17.246,17.451,0,-0.040229,24.172,0.34354
17.21,17.447,-0.27941,-0.042091,24.149,1.3079
17.186,17.443,-0.35521,-0.045666,24.129,1.6737
17.142,17.438,-0.4132,-0.052723,24.106,2.0394
17.097,17.433,-0.4406,-0.059919,24.082,2.2758
17.061,17.427,-0.47631,-0.065313,24.043,2.5381
17.013,17.42,-0.4967,-0.072976,23.996,2.7579
16.957,17.413,-0.5858,-0.081913,23.956,3.4181
16.899,17.405,-0.8246,-0.091266,23.899,5.2798
16.808,17.396,-1.2114,-0.10637,23.841,9.3571
16.68,17.385,-1.7111,-0.12791,23.784,17.053
16.507,17.372,-2.2234,-0.15766,23.71,28.817
16.279,17.357,-2.6481,-0.1976,23.614,42.804
16.279,17.337,0,-0.24605,23.507,1.8258
16.279,17.312,0,-0.29952,23.402,1.5903
15.387,17.282,-3.3976,-0.357,23.166,81.577
15.041,17.247,-3.5354,-0.42038,22.967,91.338
14.692,17.204,-3.7048,-0.48629,22.721,103.93
14.312,17.156,-3.8968,-0.55949,22.452,119.44
13.915,17.1,-4.1458,-0.63863,22.149,141.78
13.915,17.036,0,-0.72267,21.833,6.2577
13.057,16.964,-4.6892,-0.81913,21.444,202.71
12.596,16.882,-4.9144,-0.92244,21.039,233.82
12.109,16.79,-5.0469,-1.0375,20.595,252.95
11.604,16.686,-5.1001,-1.1639,20.109,259.56
11.099,16.569,-5.0869,-1.2995,19.579,255.64
10.586,16.44,-5.0438,-1.4468,19.014,247.8
10.08,16.295,-5.0002,-1.605,18.409,35.597
9.583,16.134,-4.9605,-1.7739,17.773,34.841
9.583,15.957,0,-1.9579,17.126,11.637
8.601,15.761,-4.8589,-2.156,16.412,32.875
8.109,15.546,-4.8377,-2.3768,15.687,31.659
7.6342,15.308,-4.7382,-2.6188,14.925,30.194
7.6342,15.046,0,-2.887,14.17,10.286
6.6994,14.757,-4.4639,-3.1723,13.362,26.635
6.2496,14.44,-4.3134,-3.4952,12.545,24.503
5.8186,14.091,-4.1869,-7.1076,11.714,10.82
5.4078,13.38,-4.0991,-7.0143,10.9,10.217
4.9942,12.678,-4.0527,-6.968,10.127,9.6268
4.5858,11.982,-4.0272,-6.948,9.3635,9.0241
4.1774,11.287,-4.0055,-6.9281,8.6471,8.4332
3.7702,10.594,-3.8693,-6.7959,7.9553,7.8392
3.388,9.9144,-3.6985,-6.6182,7.2939,7.2438
3.012,9.2526,-3.534,-6.4628,6.6486,6.639
3.012,8.6063,0,-6.2833,6.0568,6.1474
2.3259,7.9779,-3.2354,-6.1546,5.4717,5.4528
2.0002,7.3625,-3.1889,-6.114,4.915,4.8462
1.6811,6.7511,-3.128,-6.0535,4.3933,4.2463
1.3653,6.1457,-3.0387,-5.9611,3.9098,3.6591
1.3653,5.5496,0,-8.8,3.4616,0
0.76784,4.6696,-2.8513,-8.8,3.0404,0
0.76784,3.7896,0,-8.8,2.6943,0
0.20549,2.9096,-2.6267,-8.8,2.3861,0
-0.053614,2.0296,-2.5771,-8.8,2.1474,0
-0.30977,1.1496,-2.5179,-8.8,1.9793,0
-0.55983,0.26962,-2.4948,-8.8,1.8663,0
-0.81381,0,-2.5225,-8.8,1.8186,0
-1.0747,0,-2.5132,-8.8,1.7724,0
-1.0747,0,0,-8.8,1.7089,0
-1.5755,0,-2.2371,-8.8,1.6006,0
-1.5755,0,0,-8.8,1.487,0
-1.9724,0,-0.99371,-8.8,1.3458,0
-1.9724,0,0,-8.8,1.1926,0
-2.1334,0,-0.13932,-8.8,1.022,0
-2.1411,0,0.1091,-8.8,0.85111,0
-2.1232,0,0.068934,-8.8,0.67473,0
-2.1242,0,-0.13789,-8.8,0.50766,0
-2.1445,0,-0.19576,-8.8,0.33682,0
-2.1657,0,-0.094783,-14.35,0.1645,0
-2.1737,0,-0.097393,-176.36,0.013403,0
-2.1782,0,-0.13751,-8.8,0.67346,0
-2.1882,0,-0.10767,-8.8,0.4945,0
-2.1882,0,0,-8.8,0.31969,0
-2.2119,0,-0.11998,-18.709,0.13159,0
-2.215,0,-0.11378,-3791,0.00064709,0
-2.215,0,0,-0.11077,18.734,4.3079
-2.2372,0,-0.11365,-0.11365,18.506,4.5863
-2.2387,0,-0.10942,-0.10942,18.286,4.5893
-2.2583,0,-0.11073,-0.11073,18.056,4.6296
-2.2736,0,-0.1083,-0.1083,17.823,4.6609
-2.2937,0,-0.10138,-0.10138,17.6,4.702
-2.2937,0,0,-0.10675,17.371,4.4777
-2.3069,0,-0.11204,-0.11204,17.14,4.7291
-2.3157,0,-0.10629,-0.10629,16.903,4.7471
-2.3237,0,-0.11124,-0.11124,16.675,4.7637
-2.3252,0,-0.12036,-0.12036,16.435,4.7666
-2.3348,0,-0.11644,-0.11644,16.208,4.7863
-2.3379,0,-0.11489,-0.11489,15.984,4.7927
-2.3556,0,-0.12238,-0.12238,15.759,4.8289
-2.3596,0,-0.11733,-0.11733,15.519,4.8371
-2.3617,0,-0.11516,-0.11516,15.276,4.8415
-2.3617,0,0,-0.11784,15.04,4.5939
-2.3853,0,-0.11816,-0.11816,14.798,4.8898
-2.3929,0,-0.11489,-0.11489,14.564,4.9054
-2.3948,0,-0.11316,-0.11316,14.319,4.9094
-2.4128,0,-0.10917,-0.10917,14.07,4.9462
-2.414,0,-0.11112,-0.11112,13.83,4.9488
-2.4212,0,-0.10927,-0.10927,13.597,4.9634
-2.4292,0,-0.10365,-0.10365,13.349,4.9799
-2.4429,0,-0.10746,-0.10746,13.103,5.0079
-2.4474,0,-0.11065,-0.11065,12.863,5.0173
-2.4515,0,-0.1052,-0.1052,12.618,5.0256
-2.4636,0,-0.10901,-0.10901,12.364,5.0505
-2.4806,0,-0.11745,-0.11745,12.12,5.0852
-2.5003,0,-0.11208,-0.11208,11.87,5.1256
-2.5003,0,0,-0.11202,11.62,4.8902
-2.5056,0,-0.11163,-0.11163,11.379,5.1364
-2.5092,0,-0.10945,-0.10945,11.125,5.1438
-2.5232,0,-0.10975,-0.10975,10.867,5.1726
-2.5252,0,-0.1154,-0.1154,10.617,5.1767
-2.5317,0,-0.11371,-0.11371,10.365,5.19
-2.5514,0,-0.11816,-0.11816,10.104,5.2304
-2.5659,0,-0.11973,-0.11973,9.8531,5.26
-2.5789,0,-0.12002,-0.12002,9.5883,5.2867
-2.5917,0,-0.11915,-0.11915,9.3393,5.313
-2.5976,0,-0.11647,-0.11647,9.0859,5.3251
-2.6003,0,-0.11853,-0.11853,8.8283,5.3305
-2.6097,0,-0.12089,-0.12089,8.5654,5.35
-2.6274,0,-0.12251,-0.12251,8.3043,5.3862
-2.6396,0,-0.12216,-0.12216,8.0341,5.4111
-2.6591,0,-0.12069,-0.12069,7.7752,5.4511
-2.6746,0,-0.11256,-0.11256,7.5141,5.4829
-2.6866,0,-0.10591,-0.10591,7.2466,5.5075
-2.6866,0,0,-0.1033,6.9785,5.2904
-2.6996,0,-0.10427,-0.10427,6.6949,5.5341
-2.7042,0,-0.10669,-0.10669,6.4155,5.5436
-2.7061,0,-0.11226,-0.11226,6.1474,5.5475
-2.7267,0,-0.11616,-0.11616,5.8854,5.5898
-2.7432,0,-0.11789,-0.11789,5.6067,5.6235
-2.7628,0,-0.1175,-0.1175,5.3422,5.6638
-2.7725,0,-0.12079,-0.12079,5.0615,5.6836
-2.792,0,-0.11619,-8.8,4.7823,0
-2.8105,0,-0.11626,-8.8,4.5527,0
-2.8105,0,0,-8.8,4.3157,0
-2.821,0,-0.11714,-8.8,4.0681,0
-2.841,0,-0.11735,-8.8,3.8384,0
-2.8552,0,-0.12059,-8.8,3.5937,0
-2.8683,0,-0.12294,-8.8,3.3516,0
-2.8839,0,-0.12252,-8.8,3.1059,0
-2.8888,0,-0.11678,-8.8,2.867,0
-2.9091,0,-0.11317,-8.8,2.6305,0
-2.9192,0,-0.10828,-8.8,2.3877,0
-2.9257,0,-0.10546,-8.8,2.1397,0
-2.9268,0,-0.10229,-8.8,1.8925,0
-2.9429,0,-0.10689,-8.8,1.6471,0
-2.9587,0,-0.11232,-8.8,1.4004,0
-2.9758,0,-0.11862,-8.8,1.1498,0
-2.9844,0,-0.11612,-8.8,0.90548,0
-2.9891,0,-0.12108,-8.8,0.64931,0
-3.0072,0,-0.12022,-11.81,0.38682,0
-3.0072,0,0,-32.784,0.14514,0
-3.0072,0,0,-4045.3,0.0083396,0
-3.041,0,-0.11742,-0.11742,19.919,6.234
-3.0455,0,-0.11422,-0.11422,19.608,6.2433
-3.0547,0,-0.11656,-0.11656,19.304,6.2621
-3.0547,0,0,-0.114,18.999,6.0226
-3.0547,0,0,-0.11276,18.694,6.0252
-3.0846,0,-0.099765,-0.099765,18.373,6.3235
-3.1036,0,-0.11955,-0.11955,18.066,6.3624
