0,0,0.9134,0,35.5,0
0.087016,0,0.91105,7.8,35.5,56.596
0.087016,0.78,0,7.8,35.47,79.134
0.27031,1.56,0.91691,7.8,35.377,65.551
0.37129,2.34,0.91594,7.8,35.215,70.096
0.45517,3.12,0.91511,7.8,34.989,74.792
0.53812,3.9,0.91624,7.8,34.693,79.494
0.63236,4.68,0.91275,7.8,34.329,84.24
0.63236,5.46,0,7.8,33.885,108.84
0.80275,6.24,0.91646,6.7,33.375,80.581
0.88568,6.91,0.91617,6.7,32.801,84.583
0.88568,7.58,0,6.7,32.165,108.33
1.0678,8.25,0.92014,6.7,31.482,92.455
1.1644,8.92,0.91831,-0.44841,30.738,20.944
1.2501,8.8752,0.91969,-0.45738,29.961,20.238
1.3431,8.8294,0.92104,-0.4658,29.205,19.506
1.4444,8.7828,0.92131,-0.47392,28.455,18.753
1.5281,8.7354,0.92041,-0.48271,27.735,18.092
1.6271,8.6872,0.9245,-0.49082,27.017,17.329
1.7113,8.6381,0.92816,-0.50003,26.31,16.636
1.8015,8.5881,0.93117,-0.50857,25.623,15.932
1.8869,8.5372,0.92535,-0.51728,24.954,15.326
1.9718,8.4855,0.92185,-0.52614,24.293,14.706
1.9718,8.4329,0,-0.53379,23.644,23.235
2.1599,8.3795,0.91735,-0.54225,23.004,13.401
2.2426,8.3253,0.91329,-0.5509,22.384,12.815
2.3265,8.2702,0.91603,-0.55925,21.777,12.186
2.4229,8.2143,0.91852,-0.56607,21.186,11.529
2.5186,8.1577,0.97617,-0.57212,20.619,10.551
2.6232,8.1005,1.0617,-0.57692,20.063,9.4456
2.7371,8.0428,1.1474,-0.58045,19.516,8.3999
2.8587,7.9847,1.2173,-0.58181,18.995,7.4985
2.9869,7.9265,1.2829,-0.58099,18.501,6.6785
3.1196,7.8684,1.2971,-0.57857,18.023,6.1029
3.2452,7.8106,1.3132,-0.57669,17.548,5.5705
3.3859,7.7529,1.3965,-0.57093,17.103,4.861
3.5272,7.6958,1.633,-0.56345,16.68,3.9727
3.5272,7.6395,0,-0.55166,16.266,11.345
3.5272,7.5843,0,-0.53178,15.857,11.239
3.5272,7.5311,0,-0.50254,15.454,11.207
4.4304,7.4809,3.1449,-0.46601,15.203,5.1925
4.7413,7.4343,3.2356,-0.42208,14.907,5.8497
5.0698,7.3921,3.1955,-0.37161,14.666,6.0838
5.3917,7.3549,3.1358,-0.32033,14.447,6.2543
5.7087,7.3229,3.0982,-0.26758,14.268,6.5392
6.0197,7.2961,3.1274,-0.21422,14.127,7.1852
6.3414,7.2747,3.2093,-0.15819,14.017,8.2158
6.654,7.2589,3.2638,-0.10318,13.942,9.1749
6.9804,7.2486,3.243,-0.045955,13.89,9.7687
7.3012,7.244,3.1781,0.046871,13.881,9.7038
7.6115,7.2486,3.0572,0.29692,13.895,7.6222
7.9084,7.2783,2.8956,0.51345,13.936,5.6471
8.1993,7.3297,2.7418,0.70378,14.012,4.0121
8.4829,7.4001,2.584,0.86749,14.103,2.6248
8.7333,7.4868,2.4025,0.9861,14.212,1.4447
8.9815,7.5854,2.1647,1.0899,14.349,0.24715
9.1913,7.6944,1.9081,1.152,14.504,0
9.3882,7.8096,1.619,1.1968,14.666,0
9.5536,7.9293,1.4033,1.2129,14.835,0
9.6923,8.0506,1.2336,1.2072,15.003,0
9.6923,8.1713,0,1.1956,15.161,0
9.9434,8.2909,1.0729,1.1794,15.33,0
10.054,8.4088,0.96574,1.1578,15.5,0
10.155,8.5246,0.78554,1.1331,15.671,0
10.228,8.6379,0.57289,1.091,15.835,0
10.289,8.747,0.33221,1.0453,15.996,0
10.322,8.8515,0.20839,0.98483,16.138,0
10.322,8.95,0,0.92665,16.28,0
10.369,9.0427,0.11805,0.87051,16.42,0
10.377,9.1297,0.10922,0.81149,16.549,0
10.398,9.2109,0.088608,0.7659,16.67,0
10.411,9.2875,0.055984,0.71973,16.792,0
10.42,9.3594,0.071944,0.67441,16.908,0
10.429,9.4269,0.01319,0.63324,17.005,0
10.432,9.4902,-0.0025772,0.59162,17.109,0
10.431,9.5494,0.079181,0.55072,17.195,0
10.431,9.6044,0.17327,0.51354,17.29,0
10.443,9.6558,0.17937,0.48699,17.371,0
10.465,9.7045,0.20487,0.4684,17.455,0
10.465,9.7513,0,0.45538,17.529,0
10.52,9.7969,0.1073,0.44194,17.605,0
10.521,9.8411,-0.016853,0.41361,17.666,0
10.521,9.8824,-0.060106,0.38688,17.735,0
10.524,9.9211,-0.086972,0.36419,17.792,0
10.507,9.9575,-0.10746,0.33065,17.844,0
10.489,9.9906,-0.027574,0.29897,17.901,0
10.486,10.02,-0.014391,0.27883,17.945,0
10.486,10.048,0,0.26177,17.99,0
10.481,10.075,-0.11299,0.24183,18.026,0
10.463,10.099,-0.24054,0.21619,18.057,0.41619
10.433,10.12,-0.40401,0.18529,18.098,1.109
10.4,10.139,-0.50067,0.1547,18.129,1.6021
10.4,10.154,0,0.11731,18.155,0
10.305,10.166,-0.39475,0.081783,18.168,1.1667
10.255,10.174,-0.099689,0.047832,18.17,0.17353
10.253,10.179,0.21404,0.043385,18.183,0
10.271,10.183,0.51318,0.051382,18.189,0
10.316,10.189,0.78841,0.075191,18.192,0
10.405,10.196,0.8304,0.12286,18.201,0
10.497,10.208,0.74617,0.16971,18.218,0
10.574,10.225,0.70832,0.20474,18.256,0
10.646,10.246,0.72663,0.23471,18.298,0
10.711,10.269,0.69609,0.25886,18.331,0
10.785,10.295,0.52483,0.28617,18.378,0
10.847,10.324,0.24719,0.30532,18.435,0
10.863,10.354,-0.19205,0.296,18.492,0.13074
10.841,10.384,-0.74166,0.26517,18.547,2.9269
10.759,10.41,-1.291,0.20176,18.588,7.9844
10.62,10.431,-1.6516,0.10957,18.622,12.928
10.449,10.442,-1.8095,0.0042842,18.625,15.593
10.269,10.442,-1.8141,-0.027136,18.61,16.519
10.082,10.439,-1.6889,-0.056119,18.584,15.208
9.9169,10.434,-1.5523,-0.081512,18.538,13.755
9.7555,10.425,-1.4162,-0.10606,18.487,12.443
9.7555,10.415,0,-0.1271,18.421,1.1761
9.4707,10.402,-1.5431,-0.14908,18.339,15.485
9.3134,10.387,-1.7422,-0.17315,18.24,19.557
9.146,10.37,-1.8605,-0.19913,18.121,22.574
8.9625,10.35,-2.011,-0.22819,17.981,26.62
8.7688,10.327,-2.0905,-0.2592,17.832,29.34
8.5563,10.301,-2.1566,-0.29402,17.664,31.913
8.3499,10.272,-2.25,-0.32866,17.473,35.247
8.1348,10.239,-2.2794,-0.3654,17.275,36.949
7.9094,10.202,-2.2016,-0.40543,17.047,35.733
7.6917,10.162,-2.1856,-0.44479,16.816,36.125
7.4758,10.117,-2.1552,-0.48588,16.553,36.074
7.2536,10.069,-2.058,-0.52975,16.275,34.334
7.2536,10.016,0,-0.57222,15.996,5.7606
6.8391,9.9587,-2.187,-0.61647,15.685,38.78
6.8391,9.897,0,-0.6643,15.377,6.3399
6.8391,9.8306,0,-0.71441,15.074,5.8383
6.2226,9.7591,-1.7038,-0.76302,14.677,28.675
6.0593,9.6828,-1.4884,-0.8073,14.32,24.659
5.9031,9.6021,-1.1856,-0.85192,13.958,19.746
5.7797,9.5169,-0.87041,-0.89132,13.587,15.389
5.6864,9.4278,-0.61501,-0.92533,13.209,12.328
5.6321,9.3353,-0.3149,-0.95013,12.835,9.3171
5.6047,9.2402,0.078015,-0.96683,12.475,6.3868
5.6138,9.1436,0.37518,-0.97438,12.113,4.6863
5.6519,9.0461,0.61473,-0.97123,11.769,3.6354
5.7072,8.949,0.81843,-0.96198,11.431,2.9833
5.7984,8.8528,1.0006,-0.93734,11.122,2.5832
5.8967,8.7591,1.1325,-0.90673,10.835,2.3888
5.8967,8.6684,0,-0.87246,10.553,4.3747
6.1217,8.5811,1.2821,-0.82904,10.295,2.2254
6.254,8.4982,1.2433,-0.77697,10.065,2.0488
6.3834,8.4205,1.0889,-0.72312,9.8546,1.7304
6.4826,8.3482,0.88155,-0.67894,9.6525,1.4367
6.4826,8.2803,0,-0.63571,9.4693,2.4891
6.6505,8.2168,0.71059,-0.59519,9.3054,1.1075
6.7223,8.1573,0.68816,-0.55592,9.1534,0.97862
6.7984,8.1017,0.68075,-5.2,9.0243,87.819
6.8601,7.5817,0.65557,-0.26891,8.9331,0.26921
6.925,7.5548,0.56112,-0.23632,8.8749,0.16139
6.9874,7.5311,0.44307,-0.20596,8.8067,0.092326
7.0353,7.5105,0.37065,-0.1812,8.7557,0.055107
7.0813,7.4924,0.32298,-5.2,8.7193,100.14
7.1064,6.9724,0.31658,0.077192,8.7095,0
7.1285,6.9801,0.29621,0.085523,8.7338,0
7.154,6.9887,0.28577,0.095233,8.7448,0
7.1904,6.9982,0.23593,0.11059,8.7589,0
7.2187,7.0093,0.19949,0.12044,8.7767,0
7.2477,7.0213,0.1848,0.1301,8.7995,0
7.2625,7.0343,0.21667,0.13095,8.8146,0
7.2903,7.0474,0.24153,0.13919,8.8319,0
7.3072,7.0613,0.26703,0.14074,8.8541,0
7.3283,7.0754,0.30597,0.14476,8.8866,0
7.3683,7.0899,0.36053,0.15925,8.9129,0
7.4101,7.1058,0.43641,0.17398,8.9455,0
7.4494,7.1232,0.5381,0.18623,8.974,0
7.508,7.1418,0.66261,0.20891,9.0089,0
7.5757,7.1627,0.76523,0.23547,9.0535,0
7.647,7.1863,0.82643,0.2622,9.0891,0
7.7218,7.2125,0.84143,0.2894,9.1371,0
7.7218,7.2414,0,0.32322,9.1866,0
7.8964,7.2738,0.83944,0.35308,9.2612,0
7.9809,7.3091,0.84549,0.38024,9.3262,0
7.9809,7.3471,0,0.40444,9.3915,0
8.1569,7.3875,1.0358,0.43339,9.464,0
8.1569,7.4309,0,0.46566,9.5388,0
8.3714,7.4774,1.3754,0.50138,9.6337,0
8.4992,7.5276,1.5749,0.54391,9.7346,0.30911
8.6472,7.582,1.7124,0.59472,9.837,0.65819
8.8207,7.6414,1.7942,0.6565,9.9502,0.80872
9.0027,7.7071,1.8528,0.71901,10.076,0.88101
9.1795,7.779,1.8635,0.77417,10.208,0.79241
9.3726,7.8564,1.8631,0.8344,10.347,0.65143
9.564,7.9398,1.8834,0.88973,10.501,0.60441
9.7516,8.0288,1.8741,0.93936,10.666,0.45869
9.9476,8.1228,1.7939,0.98968,10.836,0.048799
10.123,8.2217,1.6939,1.026,11.022,0
10.286,8.3243,1.5571,1.053,11.218,0
10.438,8.4296,1.3872,1.0722,11.416,0
10.582,8.5368,1.2624,1.086,11.615,0
10.582,8.6454,0,1.0937,11.814,0
10.83,8.7548,1.1556,1.0909,12.041,0
10.937,8.8639,1.1539,1.0842,12.252,0
10.937,8.9723,0,1.0815,12.454,0
11.158,9.0805,1.1569,1.0742,12.66,0
11.27,9.1879,1.1574,1.0715,12.877,0
11.377,9.295,1.1421,1.0669,13.094,0
11.481,9.4017,1.1296,1.061,13.311,0
11.602,9.5078,1.1196,1.0634,13.519,0
11.723,9.6142,1.0995,1.0652,13.727,0
11.829,9.7207,1.0348,1.0601,13.937,0
11.932,9.8267,0.78699,1.0531,14.147,0
12.002,9.932,0.47922,1.0307,14.353,0
12.047,10.035,0.1215,0.9963,14.551,0
12.06,10.135,-0.2611,0.94935,14.75,0
12.06,10.23,0,0.88793,14.938,0
11.977,10.318,-0.79316,0.8112,15.113,1.8036
11.897,10.4,-0.93697,0.72942,15.273,3.0462
11.795,10.472,-1.0049,0.64223,15.412,3.7852
11.685,10.537,-1.0126,0.55565,15.529,4.0202
11.578,10.592,-1.0402,0.47556,15.629,4.4273
11.471,10.64,-1.079,0.40004,15.72,4.944
11.365,10.68,-1.0939,0.32905,15.793,5.2371
11.261,10.713,-1.1275,0.26295,15.858,5.7087
11.261,10.739,0,0.20008,15.911,0
11.035,10.759,-1.193,0.13206,15.947,6.6717
10.922,10.772,-1.2285,0.071466,15.961,7.19
10.808,10.779,-1.2428,0.013466,15.968,7.4812
10.68,10.781,-1.2252,-0.021139,15.97,7.6676
10.68,10.779,0,-0.044764,15.96,0.109
10.434,10.774,-1.2046,-0.071233,15.935,8.2621
10.311,10.767,-1.1292,-0.096021,15.892,7.8388
10.192,10.757,-1.0517,-0.11934,15.851,7.3995
10.087,10.746,-0.99474,-0.13975,15.789,7.1365
9.9909,10.732,-0.95219,-0.15815,15.716,6.9855
9.9006,10.716,-0.88933,-0.17531,15.633,6.6317
9.8097,10.698,-0.83625,-0.19244,15.549,6.378
9.7347,10.679,-0.79713,-0.20635,15.448,6.1984
9.6485,10.658,-0.74091,-0.22234,15.358,5.9161
9.5708,10.636,-0.67154,-0.23657,15.258,5.5178
9.5123,10.612,-0.52241,-0.24676,15.144,4.5396
9.4546,10.588,-0.142,-0.25633,15.043,2.5484
9.4546,10.562,0,-0.25585,14.931,1.9248
9.4624,10.537,0.64653,-0.24776,14.819,0.61906
9.5314,10.512,1.0151,-0.22815,14.717,0.60373
9.6275,10.489,1.2878,-0.20189,14.633,0.92114
9.7656,10.469,1.3773,-0.166,14.551,1.0633
9.8954,10.452,1.6083,-0.1322,14.484,1.6736
10.065,10.439,1.9981,-0.088937,14.447,3.1388
10.065,10.43,0,-0.040015,14.411,0.70978
10.524,10.426,3.137,0.045024,14.408,9.6227
10.846,10.431,3.5592,0.19148,14.44,12.268
11.21,10.45,3.7185,0.35069,14.496,13.172
11.584,10.485,3.6591,0.50701,14.586,12.503
11.941,10.535,3.3997,0.64782,14.706,10.443
12.284,10.6,3.131,0.77523,14.855,8.4231
12.284,10.678,0,0.8801,15.02,0
12.892,10.766,2.8602,0.97613,15.243,6.375
13.171,10.863,2.8604,1.0574,15.471,6.2635
13.461,10.969,2.9294,1.1387,15.708,6.6013
13.756,11.083,3.0221,1.2178,15.962,7.119
14.053,11.205,3.0947,1.2937,16.235,7.53
14.361,11.334,3.0142,1.3703,16.529,6.9218
14.669,11.471,2.7041,1.4424,16.837,4.8636
14.947,11.615,2.2725,1.4973,17.163,2.2825
15.182,11.765,1.6298,1.5293,17.5,0
15.347,11.918,1.0311,1.528,17.841,0
15.441,12.071,0.76574,1.4955,18.188,0
15.514,12.22,0.77923,1.4551,18.523,0
15.601,12.366,0.91427,1.4229,18.844,0
15.694,12.508,1.1216,1.3956,19.165,0
15.804,12.648,1.3069,1.3774,19.484,0
15.804,12.786,0,1.366,19.793,0
16.074,12.922,1.4652,1.3654,20.115,0
16.214,13.059,1.529,1.3623,20.437,0
16.372,13.195,1.7467,1.3659,20.747,0.18492
16.372,13.331,0,1.3787,21.058,0
16.752,13.469,2.1083,1.4019,21.401,2.0352
16.971,13.61,2.1637,1.43,21.724,2.351
17.192,13.753,2.1848,1.4576,22.058,2.4831
17.405,13.898,2.15,1.4807,22.409,2.3012
17.615,14.046,2.1615,1.5014,22.767,2.3875
17.833,14.197,2.1943,1.5245,23.131,2.5982
18.044,14.349,2.3098,1.5428,23.492,3.3218
18.28,14.503,2.368,1.5704,23.858,3.7148
18.513,14.66,2.3734,1.5958,24.237,3.788
18.76,14.82,2.2777,1.6261,24.635,3.227
18.988,14.982,2.0925,1.6466,25.037,2.1542
19.203,15.147,1.7888,1.6613,25.448,0.49548
19.374,15.313,1.5196,1.6568,25.861,0
19.527,15.479,1.3741,1.6453,26.274,0
19.665,15.643,1.2591,1.6281,26.684,0
19.783,15.806,1.2422,1.6033,27.084,0
19.9,15.967,1.3417,1.5802,27.489,0
20.043,16.125,1.426,1.5679,27.874,0
20.181,16.281,1.4322,1.5543,28.266,0
20.316,16.437,1.4586,1.5408,28.663,0
20.462,16.591,1.4368,1.5322,29.055,0
20.608,16.744,1.4293,1.5239,29.436,0
20.749,16.897,1.4733,1.5136,29.818,0
20.904,17.048,1.4965,1.5097,30.198,0
21.058,17.199,1.4816,1.5062,30.593,0
21.216,17.349,1.5271,1.5041,30.985,0
21.36,17.5,1.5492,1.4966,31.371,0
21.512,17.65,1.509,1.4929,31.768,0
21.667,17.799,1.1019,1.4905,32.159,0
21.773,17.948,0.36729,1.4689,32.543,0
21.803,18.095,-0.47609,1.4194,32.924,0
21.764,18.237,-1.4059,1.3459,33.29,2.4453
21.614,18.371,-2.1209,1.2333,33.63,14.181
21.614,18.495,0,1.1005,33.949,0
21.168,18.605,-2.1256,0.96883,34.2,15.826
21.168,18.702,0,0.84682,34.451,0
20.764,18.786,-1.7542,0.74403,34.638,10.138
20.589,18.861,-1.7633,0.64898,34.832,10.837
20.408,18.926,-1.9058,0.55588,35,13.879
20.214,18.981,-2.0581,0.46149,35.139,17.512
19.999,19.027,-2.1684,0.3633,35.242,20.628
19.776,19.064,-2.226,0.26614,35.323,22.672
19.554,19.09,-2.1948,0.17309,35.38,22.532
19.339,19.108,-2.0463,0.086362,35.415,19.705
19.129,19.116,-1.8478,0.0048519,35.426,16.259
18.954,19.117,-1.6741,-0.016964,35.42,14.146
18.794,19.115,-1.4444,-0.033496,35.403,11.495
18.651,19.112,-1.2283,-0.048083,35.368,9.3868
18.52,19.107,-1.1282,-0.061399,35.314,8.8032
18.398,19.101,-1.1008,-0.073773,35.25,9.0055
18.29,19.093,-0.95724,-0.084592,35.169,7.9244
18.204,19.085,-0.80733,-0.093112,35.083,6.8234
18.131,19.075,-0.71487,-0.10024,34.995,6.2712
18.05,19.065,-0.47033,-0.10821,34.889,4.6877
18.01,19.055,-0.15017,-0.11179,34.792,2.9371
18.004,19.043,0.027366,-0.11165,34.693,2.1523
18.002,19.032,0.18552,-0.11118,34.585,1.5848
18.02,19.021,0.39004,-0.10847,34.491,1.0056
18.02,19.01,0,-0.10453,34.392,2.1453
18.099,19,0.32715,-0.098328,34.309,0.95345
18.125,18.99,0.35889,-0.094766,34.226,0.823
18.153,18.981,0.30979,-0.090948,34.136,0.85405
18.177,18.971,0.1166,-0.087722,34.046,1.2786
18.177,18.963,0,-0.08515,33.967,1.6436
18.198,18.954,-0.076707,-0.084028,33.893,1.8501
18.196,18.946,-0.074208,-0.083503,33.819,1.8222
18.185,18.937,0.079706,-0.08416,33.737,1.2958
18.192,18.929,0.31685,-0.082629,33.665,0.67468
18.219,18.921,0.56063,-0.07896,33.591,0.28849
18.285,18.913,0.75761,-0.070879,33.527,0.13072
18.363,18.906,0.86869,-0.061365,33.467,0.096882
18.458,18.9,0.90562,-0.050088,33.416,0.061247
18.545,18.895,0.9402,-0.039762,33.368,0.051042
18.629,18.891,1.0663,-0.029761,33.334,0.20461
18.734,18.888,1.3094,-0.017442,33.312,0.73613
18.863,18.886,1.5403,-0.0026175,33.305,1.5014
19.016,18.886,1.7571,0.046796,33.306,2.2873
19.184,18.89,1.9576,0.10566,33.326,3.1142
19.377,18.901,2.0199,0.1716,33.367,3.3799
19.574,18.918,1.9888,0.23607,33.424,3.2109
19.778,18.942,2.0196,0.30107,33.505,3.3443
19.98,18.972,2.0876,0.36299,33.6,3.681
20.184,19.008,2.1922,0.42321,33.703,4.2406
20.401,19.05,2.3545,0.48576,33.822,5.1771
20.636,19.099,2.5362,0.55259,33.972,6.3127
20.89,19.154,2.6314,0.62393,34.139,6.9768
21.153,19.217,2.6679,0.69566,34.327,7.2879
21.428,19.286,2.6645,0.76889,34.534,7.3481
21.696,19.363,2.6572,0.83666,34.748,7.3866
21.696,19.447,0,0.90054,34.977,0
22.212,19.537,2.5286,0.95733,35.248,6.6816
22.469,19.633,2.4737,1.0138,35.527,6.3907
22.722,19.734,2.3842,1.0668,35.823,5.8671
22.968,19.841,2.2143,1.1149,36.135,4.8184
23.184,19.952,1.9889,1.1503,36.45,3.4511
23.184,20.067,0,1.1771,36.768,0
23.553,20.185,1.5024,1.1948,37.115,0.7425
23.696,20.304,1.2176,1.2012,37.451,0
23.822,20.424,0.95068,1.201,37.789,0
23.926,20.545,0.71999,1.1932,38.13,0
23.995,20.664,0.50152,1.1729,38.458,0
24.037,20.781,0.32085,1.1442,38.787,0
24.061,20.896,0.14074,1.1107,39.117,0
24.075,21.007,-0.034476,1.0745,39.42,0
24.068,21.114,-0.25287,1.0324,39.716,0
24.036,21.217,-0.47398,0.98356,40.002,0
23.992,21.316,-0.68921,0.93205,40.271,0
23.914,21.409,-0.81368,0.8711,40.527,0
23.83,21.496,-0.87153,0.8103,40.769,0
23.74,21.577,-0.79145,0.75013,41,0
23.666,21.652,-0.66614,0.69761,41.215,0
23.59,21.722,-0.51429,0.64645,41.414,0
23.541,21.786,-0.4057,0.60619,41.588,0
23.503,21.847,-0.26025,0.5718,41.764,0
23.478,21.904,-0.1319,0.54314,41.933,0
23.478,21.959,0,0.51953,42.088,0
23.474,22.01,0.1308,0.50405,42.235,0
23.487,22.061,0.46661,0.4907,42.382,0
23.534,22.11,0.68711,0.48976,42.514,0
23.606,22.159,0.49584,0.49699,42.65,0
23.649,22.209,0.084215,0.49447,42.789,0
23.654,22.258,-0.31906,0.47873,42.929,0
23.627,22.306,-0.65362,0.45279,43.068,0.24826
23.565,22.351,-0.68154,0.41579,43.198,0.57352
23.502,22.393,-0.40674,0.37971,43.308,0
23.458,22.431,0.083019,0.35134,43.413,0
23.467,22.466,0.46878,0.3421,43.521,0
23.467,22.5,0,0.34802,43.619,0
23.573,22.535,0.25858,0.35468,43.728,0
23.6,22.57,0.20518,0.35137,43.828,0
23.627,22.606,0.22392,0.3485,43.934,0
23.656,22.64,0.34944,0.34642,44.032,0
23.69,22.675,0.60335,0.34582,44.125,0
23.744,22.71,0.88133,0.35222,44.237,0
23.841,22.745,1.0439,0.37327,44.348,0
23.946,22.782,1.0535,0.39627,44.469,0
24.054,22.822,0.98769,0.41929,44.595,0
24.15,22.864,0.86842,0.43753,44.72,0
24.233,22.907,0.6985,0.45058,44.842,0
24.301,22.953,0.41974,0.45793,44.971,0
24.344,22.998,0.11499,0.4566,45.111,0
24.352,23.044,-0.06837,0.44371,45.249,0
24.352,23.088,0,0.4232,45.378,0
24.352,23.131,0,0.39852,45.502,0
24.288,23.171,-0.2387,0.37823,45.599,0
24.262,23.208,-0.18711,0.35633,45.709,0
24.244,23.244,-0.2979,0.33802,45.817,0
24.207,23.278,-0.36276,0.31404,45.909,0
24.168,23.309,-0.45656,0.29011,46,0.10909
24.125,23.338,-0.58325,0.26538,46.077,0.79138
24.063,23.365,-0.55557,0.23549,46.157,0.80857
24.006,23.388,-0.34335,0.2083,46.221,0.063809
23.968,23.409,-0.14926,0.18845,46.275,0
23.95,23.428,0.010951,0.17592,46.329,0
23.95,23.446,0,0.16919,46.381,0
23.963,23.462,0.050214,0.1686,46.433,0
23.977,23.479,0.00275,0.16742,46.482,0
23.982,23.496,-0.12118,0.16359,46.53,0
23.972,23.512,-0.27773,0.15468,46.569,0.082405
23.952,23.528,-0.21603,0.14267,46.615,0
23.928,23.542,-0.51448,0.12987,46.665,1.1429
