14.722,14.722,1.2126,0,35.5,0.53336
14.722,14.722,0,0.067921,35.5,0.15417
14.957,14.729,1.2766,0.13147,35.522,0.39323
15.077,14.742,1.2775,0.19333,35.556,0.2509
15.2,14.761,1.2341,0.2529,35.596,0.0032035
15.316,14.787,1.2002,0.30458,35.635,0
15.431,14.817,1.1828,0.35242,35.7,0
15.556,14.852,1.092,0.40312,35.769,0
15.66,14.893,1.0237,0.43869,35.848,0
15.755,14.937,0.99027,0.46604,35.926,0
15.849,14.983,1.0054,0.4919,36.001,0
15.849,15.032,0,0.51643,36.086,0
16.053,15.084,1.0933,0.5467,36.187,0
16.153,15.139,1.1007,0.57017,36.285,0
16.272,15.196,1.0965,0.60261,36.383,0
16.381,15.256,1.003,0.62726,36.487,0
16.477,15.319,0.88505,0.64318,36.596,0
16.575,15.383,0.78301,0.65929,36.72,0
16.65,15.449,0.73136,0.66153,36.831,0
16.723,15.515,0.713,0.66228,36.96,0
16.802,15.581,0.73074,0.6664,37.077,0
16.867,15.648,0.68701,0.66307,37.206,0
16.929,15.714,0.6478,0.65804,37.333,0
16.991,15.78,0.65045,0.65342,37.45,0
17.061,15.845,0.65674,0.65311,37.568,0
17.132,15.911,0.65885,0.65365,37.699,0
17.194,15.976,0.68105,0.64892,37.812,0
17.263,16.041,0.68981,0.64858,37.938,0
17.34,16.106,0.69045,0.65267,38.058,0
17.34,16.171,0,0.65656,38.178,0
17.481,16.237,0.67753,0.65306,38.318,0
17.541,16.302,0.65171,0.64819,38.449,0
17.611,16.367,0.57928,0.64856,38.579,0
17.66,16.432,0.54722,0.63801,38.709,0
17.712,16.496,0.52364,0.62938,38.826,0
17.767,16.559,0.43952,0.62295,38.939,0
17.813,16.621,0.40249,0.61214,39.051,0
17.854,16.682,0.40746,0.59943,39.165,0
17.904,16.742,0.3657,0.59235,39.278,0
17.935,16.801,0.3429,0.57645,39.398,0
17.967,16.859,0.36372,0.56151,39.509,0
17.967,16.915,0,0.54964,39.617,0
18.032,16.97,0.35071,0.53437,39.712,0
18.069,17.023,0.36176,0.52501,39.815,0
18.102,17.076,0.30976,0.51352,39.924,0
18.135,17.127,0.23724,0.50289,40.023,0
18.152,17.178,0.15434,0.48477,40.117,0
18.161,17.226,0.11701,0.46429,40.211,0
18.17,17.272,0.022528,0.44473,40.309,0
18.168,17.317,-0.0449,0.4208,40.403,0
18.163,17.359,-0.08891,0.39632,40.488,0
18.155,17.399,-0.11575,0.37195,40.562,0
18.146,17.436,-0.18001,0.34856,40.636,0
18.122,17.471,-0.20334,0.31919,40.704,0
18.094,17.503,-0.19754,0.28937,40.766,0
18.078,17.532,-0.17503,0.26688,40.825,0
18.078,17.558,0,0.24556,40.878,0
18.042,17.583,-0.065573,0.22362,40.931,0
18.042,17.605,0,0.2104,40.976,0
18.045,17.626,0.039411,0.20379,41.017,0
18.04,17.647,0.019958,0.19102,41.049,0
18.036,17.666,0.0013181,0.17988,41.094,0
18.04,17.684,-0.00033198,0.17276,41.14,0
18.046,17.701,-0.026336,0.16728,41.166,0
18.051,17.718,-0.10573,0.16152,41.207,0
18.051,17.734,0,0.15001,41.239,0
18.051,17.749,0,0.13193,41.27,0
17.998,17.762,-0.19015,0.11417,41.29,0.2477
17.983,17.773,-0.20344,0.10131,41.315,0.31681
17.968,17.784,-0.17093,0.088803,41.336,0.24328
17.946,17.792,-0.14906,0.074053,41.361,0.21077
17.923,17.8,-0.18531,0.059466,41.385,0.35008
17.9,17.806,-0.20378,0.045442,41.398,0.4381
17.872,17.81,-0.24723,0.0295,41.402,0.61602
17.851,17.813,-0.22893,0.018143,41.405,0.57889
17.851,17.815,0,0.0074839,41.408,0
17.794,17.816,-0.30231,-0.0016353,41.422,0.93322
17.768,17.816,-0.36133,-0.0035446,41.427,1.2363
17.724,17.815,-0.3527,-0.0068295,41.411,1.3188
17.683,17.815,-0.39551,-0.009817,41.398,1.6187
17.683,17.814,0,-0.012913,41.385,0.24678
17.606,17.812,-0.44147,-0.01542,41.368,2.0575
17.56,17.811,-0.41712,-0.018738,41.349,2.067
17.523,17.809,-0.43968,-0.021385,41.314,2.2867
17.485,17.807,-0.46906,-0.024091,41.292,2.5535
17.441,17.804,-0.44194,-0.027266,41.251,2.5364
17.387,17.802,-0.42614,-0.031153,41.216,2.6099
17.341,17.799,-0.45778,-0.034471,41.179,2.9212
17.286,17.795,-0.47621,-0.038361,41.131,3.1912
17.245,17.791,-0.45668,-0.041266,41.074,3.1977
17.199,17.787,-0.45775,-0.044505,41.021,3.3394
17.148,17.783,-0.44755,-0.048188,40.952,3.4321
17.113,17.778,-0.39641,-0.050601,40.884,3.2311
17.079,17.773,-0.32882,-0.052896,40.807,2.9461
17.041,17.768,-0.34347,-0.05557,40.74,3.128
17.002,17.762,-0.347,-0.058251,40.665,3.2502
16.958,17.756,-0.30789,-0.061322,40.592,3.1533
16.925,17.75,-0.28457,-0.063631,40.509,3.1121
16.886,17.744,-0.29839,-0.066312,40.417,3.284
16.86,17.737,-0.27231,-0.067997,40.339,3.2018
16.86,17.73,0,-0.069734,40.251,1.9311
16.807,17.723,-0.31772,-0.071495,40.166,3.5733
16.77,17.716,-0.32332,-0.074048,40.083,3.6997
16.742,17.709,-0.31959,-0.075957,39.989,3.7444
16.709,17.701,-0.34965,-0.078196,39.896,4.0023
16.681,17.693,-0.34607,-0.080057,39.796,4.0444
16.644,17.685,-0.37052,-0.082706,39.693,4.2908
16.602,17.677,-0.42735,-0.085675,39.593,4.7701
16.553,17.668,-0.46887,-0.089251,39.492,5.1955
16.503,17.66,-0.48465,-0.092968,39.373,5.4535
16.459,17.65,-0.4805,-0.096145,39.247,5.5433
16.402,17.641,-0.45941,-0.10043,39.132,5.5616
16.402,17.631,0,-0.10392,39.009,2.8599
16.309,17.62,-0.46682,-0.10727,38.883,5.8711
16.264,17.609,-0.45747,-0.11069,38.75,5.9264
16.216,17.598,-0.45032,-0.11431,38.614,6.0051
16.176,17.587,-0.453,-0.11725,38.478,6.1247
16.131,17.575,-0.44918,-0.12065,38.34,6.2147
16.077,17.563,-0.42023,-0.12478,38.203,6.1483
16.031,17.551,-0.41759,-0.12825,38.06,6.2447
15.992,17.538,-0.42342,-0.1313,37.906,6.3819
15.959,17.525,-0.44762,-0.13369,37.758,6.6313
15.909,17.511,-0.505,-0.13766,37.596,7.2147
15.853,17.498,-0.5952,-0.14214,37.444,8.1359
15.791,17.483,-0.69033,-0.14728,37.273,9.1967
15.713,17.469,-0.75005,-0.15384,37.092,10.041
15.641,17.453,-0.75293,-0.15988,36.921,10.306
15.571,17.437,-0.78558,-0.1658,36.741,10.87
15.487,17.421,-0.82894,-0.17306,36.55,11.622
15.401,17.403,-0.91861,-0.18064,36.357,12.946
15.309,17.385,-1.0302,-0.18894,36.146,14.658
15.196,17.366,-1.131,-0.19926,35.925,16.449
15.082,17.347,-1.2273,-0.20978,35.696,18.29
14.952,17.326,-1.3477,-0.22205,35.462,20.717
14.812,17.303,-1.3664,-0.23546,35.211,21.628
14.68,17.28,-1.3812,-0.24831,34.954,22.431
14.536,17.255,-1.4196,-0.26262,34.686,23.707
14.404,17.229,-1.3343,-0.27611,34.406,22.797
14.269,17.201,-1.3388,-0.29013,34.113,23.407
14.145,17.172,-1.3611,-0.30331,33.819,24.261
14.006,17.142,-1.4418,-0.31837,33.51,26.228
13.872,17.11,-1.557,-0.33325,33.195,28.908
13.718,17.077,-1.7051,-0.35078,32.855,32.538
13.542,17.042,-1.7154,-0.37096,32.517,33.508
13.379,17.004,-1.744,-0.39062,32.155,34.787
13.206,16.965,-1.7035,-0.41171,31.788,34.598
13.042,16.924,-1.6905,-0.43276,31.399,34.932
12.864,16.881,-1.703,-0.45587,31.009,35.876
12.702,16.835,-1.7253,-0.47787,30.609,36.927
12.523,16.788,-1.7901,-0.50285,30.191,39.018
12.336,16.737,-1.8346,-0.52969,29.76,40.705
12.144,16.684,-1.8043,-0.55854,29.305,40.643
11.971,16.628,-1.8465,-0.58563,28.854,42.141
11.781,16.57,-1.9224,-0.61648,28.38,44.554
11.586,16.508,-1.94,-0.64938,27.896,45.561
11.393,16.443,-2.0777,-0.68323,27.404,49.644
11.179,16.375,-2.2659,-0.7217,26.894,55.516
10.96,16.303,-2.3373,-0.76347,26.359,58.215
10.729,16.226,-2.3484,-0.80941,25.807,59.124
10.729,16.146,0,-0.85975,25.261,15.108
10.248,16.06,-2.3252,-0.91097,24.677,59.452
10.025,15.968,-2.3173,-0.96404,24.083,59.51
9.7926,15.872,-2.3732,-1.0219,23.474,61.477
9.5558,15.77,-2.4997,-1.0841,22.854,65.705
9.3117,15.661,-2.5376,-1.152,22.218,67.082
9.0604,15.546,-2.5925,-1.226,21.567,68.979
8.8005,15.424,-2.5775,-1.3068,20.906,68.413
8.5502,15.293,-2.5308,-1.3909,20.236,66.595
8.2954,15.154,-2.4598,-1.4811,19.565,63.913
8.049,15.006,-2.4774,-1.5769,18.877,63.915
7.8111,14.848,-2.4942,-1.678,18.18,63.682
7.562,14.68,-2.5081,-1.7917,17.464,63.184
7.3091,14.501,-2.5185,-1.9132,16.752,62.405
7.0508,14.31,-2.5,-2.0456,16.037,60.474
6.8108,14.105,-2.3822,-2.1856,15.307,55.071
6.5643,13.887,-2.2047,-2.3408,14.568,47.984
6.5643,13.653,0,-2.4947,13.848,11.229
6.1639,13.403,-1.7355,-2.6486,13.116,32.141
5.9989,13.138,-1.5785,-2.8063,12.395,26.595
5.8352,12.858,-1.4375,-2.9691,11.693,21.71
5.6952,12.561,-1.51,-4.4,10.991,9.0081
5.5374,12.121,-1.6809,-5.2,10.316,6.8947
5.3731,11.601,-1.8859,-5.2,9.6708,6.6389
5.1882,11.081,-2.0526,-5.2,9.0581,6.5862
4.9785,10.561,-2.3352,-5.2,8.4792,5.6458
4.9785,10.041,0,-5.2,7.947,29.946
4.4965,9.5207,-2.561,-5.2,7.4101,4.7544
4.2464,9.0007,-2.6545,-5.2,6.9174,4.3974
3.9855,8.4807,-2.7365,-5.2,6.4526,4.0387
3.7161,7.9607,-2.7352,-5.2,6.0114,3.5224
3.4406,7.4407,-2.7311,-5.2,5.5932,3.0123
3.1709,6.9207,-2.7114,-5.2,5.208,2.4578
2.8987,6.4007,-2.7155,-5.2,4.8396,1.9587
2.6179,5.8807,-2.7228,-8.8,4.5036,0
2.3417,5.0007,-2.7705,-8.8,4.1989,0
2.0683,4.1207,-2.8034,-8.8,3.9628,0
1.7855,3.2407,-2.8235,-8.8,3.783,0
1.512,2.3607,-2.7812,-8.8,3.6628,0
1.2376,1.4807,-2.7476,-8.8,3.6064,0
0.96557,0.6007,-2.6884,-8.8,3.6142,0
0.69938,0,-2.6703,-8.8,3.6731,0
0.42962,0,-2.6473,-8.8,3.7805,0
0.1666,0,-2.6591,-8.8,3.8552,0
-0.099696,0,-2.6841,-8.8,3.9098,0
-0.36441,0,-2.6673,-8.8,3.9312,0
-0.63637,0,-2.6674,-8.8,3.9348,0
-0.89524,0,-2.6917,-8.8,3.8965,0
-1.1612,0,-2.6785,-8.8,3.8373,0
-1.4357,0,-2.6459,-8.8,3.7476,0
-1.6987,0,-2.7488,-8.8,3.6267,0
-1.9689,0,-2.8079,-8.8,3.4898,0
-2.25,0,-2.8459,-8.8,3.3205,0
-2.5246,0,-2.9249,-8.8,3.1315,0
-2.8118,0,-2.9943,-8.8,2.904,0
-3.1169,0,-2.9914,-8.8,2.6501,0
-3.1169,0,0,-8.8,2.3824,0
-3.7167,0,-3.0749,-8.8,2.0584,0
-4.0225,0,-3.0596,-8.8,1.7124,0
-4.3311,0,-3.0884,-10.084,1.3408,0
-4.6487,0,-3.0862,-14.429,0.95261,0
-4.6487,0,0,-25.869,0.55988,0
-5.2738,0,-2.9905,-96.209,0.14918,0
-5.5783,0,-2.9407,-195.52,0.08079,0
-5.5783,0,0,-38.23,0.50058,0
-6.1565,0,-2.8046,-278.51,0.068736,0
-6.4355,0,-2.7966,-27.794,0.8284,0
-6.7194,0,-2.783,-77.664,0.30148,0
-6.9917,0,-2.8445,-4098.4,0.0059678,0
-7.2781,0,-2.8463,-2.8463,19.78,14.92
-7.5636,0,-2.9741,-2.9741,19.056,15.505
-7.8671,0,-3.0213,-3.0213,18.301,16.128
-8.1686,0,-3.1927,-3.1927,17.517,16.746
-8.4812,0,-3.2374,-3.2374,16.694,17.386
-8.8082,0,-3.444,-3.444,15.844,18.057
-9.1486,0,-3.4175,-3.4175,14.974,18.755
-9.4943,0,-3.5285,-3.5285,14.053,19.463
-9.8403,0,-3.5062,-3.5062,13.097,20.173
-10.196,0,-3.5774,-3.5774,12.12,20.903
-10.552,0,-3.4783,-3.4783,11.092,21.632
-10.896,0,-3.4881,-3.4881,10.036,22.337
-11.248,0,-3.4709,-3.4709,8.9551,23.058
-11.596,0,-3.5006,-3.5006,7.8232,23.772
-11.596,0,0,-3.5393,6.6811,16.335
-12.307,0,-3.62,-3.62,5.4631,25.229
-12.664,0,-3.6791,-22.591,4.2399,0
-13.032,0,-3.6846,-31.367,3.0674,0
-13.409,0,-3.6766,-51.012,1.8992,0
-13.775,0,-3.638,-122.91,0.79553,0
-14.145,0,-3.7135,-10267,0.0097469,0
-14.508,0,-3.7167,7.8,49.908,53.94
-14.508,0.78,0,7.8,48.419,47.729
-15.252,1.56,-3.7693,7.8,46.77,58.774
-15.627,2.34,-3.7416,7.8,45.025,61.085
-16.005,3.12,-3.716,7.8,43.162,63.404
-16.37,3.9,-3.7988,7.8,41.197,65.925
-16.743,4.68,-3.823,7.8,39.111,68.34
-17.12,5.46,-3.8686,7.8,36.904,70.808
-17.517,6.24,-3.8603,6.7,34.589,70.891
-17.899,6.91,-3.8004,6.7,32.168,72.922
-18.277,7.58,-3.7658,-1.3325,29.627,58.119
-18.663,7.4468,-3.7529,-1.5363,27.024,58.182
-19.033,7.2931,-3.7723,-1.7935,24.392,58.126
-19.407,7.1138,-3.9178,-2.1266,21.741,58.131
-19.791,6.9011,-4.0462,-2.571,19.071,57.818
-20.186,6.644,-4.0453,-3.1867,16.385,56.806
-20.6,6.3253,-4.0828,-4.0755,13.698,55.211
-21.008,5.9178,-3.926,-5.4464,11,52.002
-21.392,5.3731,-3.8556,-7.7494,8.3093,46.687
-21.781,4.5982,-3.6892,-65.199,5.6565,0
-22.146,0,-3.5613,-77.496,3.3168,0
-22.493,0,-3.5271,-174.37,1.4807,0
-22.855,0,-3.7076,-3163.2,0.082665,0
-23.227,0,-3.815,-3.815,13.597,47.615
-23.613,0,-3.9938,-3.9938,11.272,48.407
-24.019,0,-4.1176,-4.1176,8.9093,49.239
-24.019,0,0,-4.1392,6.528,40.541
-24.841,0,-4.1614,-80.195,4.0579,0
-25.248,0,-4.2606,-167.65,1.9508,0
-25.669,0,-4.3734,-1335.5,0.24751,0
-26.109,0,-4.6665,-83.44,4.3267,0
-26.574,0,-4.8782,-171.96,2.1133,0
-27.068,0,-4.9259,-1285.5,0.28609,0
-27.068,0,0,-100.11,4.0066,0
-28.023,0,-4.497,-235.79,1.6975,0
-28.47,0,-3.8525,-8816.5,0.045987,0
-28.47,0,0,7.8,41.281,74.753
-29.163,0.78,-2.2402,7.8,38.325,82.48
-29.393,1.56,-1.5068,7.8,35.27,83.009
-29.549,2.34,-0.91622,7.8,32.135,83.688
-29.637,3.12,-0.52918,7.8,28.899,84.653
-29.684,3.9,-0.36305,7.8,25.578,86
-29.729,4.68,-0.33494,-1.6985,22.179,67.673
-29.76,4.5102,-0.3048,-2.1457,18.744,66.386
-29.791,4.2956,-0.26693,-2.8203,15.333,64.513
-29.824,4.0136,-0.21982,-3.9275,11.946,61.576
-29.849,3.6208,-0.17608,-6.0062,8.5757,56.362
-29.859,3.0202,-0.15583,-103.1,5.2507,0
-29.88,0,-0.16721,-179.82,2.4849,0
-29.903,0,-0.17213,-1154.2,0.38744,0
-29.927,0,-0.18287,-141.45,3.1699,0
-29.944,0,-0.27757,-511.7,0.87659,0
-29.964,0,-0.39121,-1044.7,0.42987,0
-30.011,0,-0.50905,-169.62,2.6629,0
-30.011,0,0,-878.07,0.50989,0
-30.135,0,-0.95279,-241.14,1.8904,0
-30.23,0,-1.1693,-5374.8,0.085029,0
-30.23,0,0,7.8,23.936,78.36
-30.482,0.78,-1.4758,-1.4758,20.855,64.087
-30.635,0.63242,-1.6204,-1.6204,17.729,64.098
-30.802,0.47038,-1.7366,-1.7366,14.593,64.108
-30.975,0.29671,-1.9249,-1.9249,11.474,64.107
-31.165,0.10423,-2.0524,-2.0524,8.34,64.101
-31.363,0,-2.1971,-2.1971,5.2175,64.295
-31.582,0,-2.4235,-241.83,2.0831,0
-31.827,0,-2.8501,-3943,0.12854,0
-32.109,0,-3.4116,-3.4116,16.652,65.823
-32.109,0,0,-4.1375,13.458,57.129
-32.86,0,-4.8425,-4.8425,10.191,67.363
-33.344,0,-5.4526,-5.4526,6.895,68.355
-33.897,0,-5.6526,-166.57,3.5701,0
-34.462,0,-5.7665,-604.53,0.99175,0
-35.033,0,-5.7492,-1152.7,0.53505,0
-35.033,0,0,-235.39,2.7951,0
-36.191,0,-5.734,-1900.5,0.34562,0
-36.756,0,-5.7723,-5.7723,6.1935,75.349
-37.34,0,-5.4656,-282.7,2.5146,0
-37.34,0,0,-4365.7,0.19411,0
-38.368,0,-4.3265,-4.3265,18.176,78.655
-38.81,0,-3.6198,-3.6198,14.345,79.56
-39.175,0,-2.8008,-2.8008,10.461,80.309
-39.445,0,-2.0806,-2.0806,6.5391,80.862
-39.655,0,-1.6091,-303.81,2.6018,0
-39.82,0,-1.3213,-5565.9,0.14248,0
-39.82,0,0,7.8,23.99,98.021
-40.106,0.78,-2.3788,-2.3788,19.952,83.816
-40.337,0.54212,-3.6182,-3.6182,15.856,83.803
-40.695,0.1803,-4.9408,-4.9408,11.776,83.794
-41.195,0,-6.1173,-6.1173,7.6914,84.45
-41.812,0,-6.6348,-251.31,3.5726,0
-42.479,0,-6.3085,-1469.6,0.61657,0
-43.111,0,-5.5447,-257.04,3.695,0
-43.66,0,-4.4999,-1474.4,0.64839,0
-44.102,0,-3.4482,-271.67,3.6257,0
-44.455,0,-2.6742,-1757.4,0.5631,0
-44.72,0,-2.1695,-206.38,4.8967,0
-44.945,0,-1.7976,-704.18,1.438,0
-45.119,0,-1.52,-2237.3,0.45526,0
-45.281,0,-1.2764,-1.2764,7.1245,92.825
-45.41,0,-1.0446,-399,2.5908,0
-45.524,0,-0.86379,-22351,0.046361,0
-45.524,0,0,7.8,107.25,109.71
-45.699,0.78,-0.69326,7.8,102.64,113.13
-45.699,1.56,0,7.8,97.949,113.27
-45.844,2.34,-0.6828,7.8,93.164,116.6
-45.844,3.12,0,7.8,88.306,116.77
-45.988,3.9,-0.58613,7.8,83.351,119.89
-45.988,4.68,0,7.8,78.323,120.26
-46.078,5.46,-0.23857,7.8,73.195,122.54
-46.102,6.24,-0.12455,6.7,68.001,121.64
-46.115,6.91,0.0049802,6.7,62.74,122.77
-46.115,7.58,0,6.7,57.404,124.15
-46.11,8.25,-0.017849,6.7,52.003,125.55
-46.107,8.92,-0.042082,6.7,46.53,126.97
-46.112,9.59,-0.032326,6.7,40.995,128.34
-46.12,10.26,-0.036952,6.7,35.399,129.73
-46.118,10.93,-0.036655,-4.3427,29.72,107.9
-46.119,10.496,-0.032104,-5.8585,24.027,103.82
-46.116,9.9099,-0.029732,-7.84,18.399,98.442
-46.119,9.1259,-0.01747,-7.84,12.839,96.815
-46.128,8.3419,0.018227,-201.74,7.3528,0
-46.128,0,0,-363.92,2.9145,0
-46.128,0,0,-7647.1,0.12124,0
-46.089,0,0.29611,7.8,33.768,110.25
-46.051,0.78,0.39141,7.8,29.114,111.57
-46.018,1.56,0.46887,7.8,24.399,112.94
-45.967,2.34,0.49288,-1.3834,19.598,95.087
-45.922,2.2017,0.49115,-2.0566,14.775,93.301
-45.865,1.996,0.47023,-3.5209,9.9698,89.729
-45.825,1.6439,0.44573,-216.26,5.1988,0
-45.825,0,0,-677.89,1.5333,0
-45.734,0,0.43938,-2908.8,0.35947,0
-45.691,0,0.50299,0.50299,10.342,93.666
-45.647,0.050299,0.64344,0.64344,5.7777,93.68
-45.585,0.11464,0.84496,-857.92,1.2159,0
-45.585,0,0,-1094,0.93563,0
-45.389,0,1.2976,-548.03,1.8752,0
-45.389,0,0,-14030,0.076413,0
-45.115,0,1.5422,7.8,65.711,105.63
-44.954,0.78,1.5373,7.8,61.172,106.91
-44.795,1.56,1.4848,7.8,56.57,108.3
-44.653,2.34,1.4005,7.8,51.897,109.78
-44.509,3.12,1.3358,7.8,47.174,111.22
-44.378,3.9,1.3098,7.8,42.379,112.61
-44.246,4.68,1.3538,7.8,37.524,113.84
-44.111,5.46,1.4371,7.8,32.593,114.99
-43.971,6.24,1.5363,-2.3579,27.596,94.75
-43.821,6.0042,1.6056,-3.1207,22.6,92.212
-43.652,5.6921,1.6536,-4.3875,17.648,88.462
-43.489,5.2534,1.6574,-6.8049,12.739,82.14
-43.314,4.5729,1.6623,-7.84,7.8988,78.2
-43.314,3.7889,0,-346.43,3.1494,0
-42.974,0,1.8158,-4221,0.21867,0
-42.784,0,1.917,1.917,17.041,87.707
-42.588,0.1917,2.0141,2.0141,12.763,87.699
-42.381,0.39311,2.0738,2.0738,8.4897,87.687
-42.182,0.60049,2.0596,-215.26,4.2111,0
-41.98,0,2.0242,-863.65,1.0179,0
-41.98,0,0,-754.41,1.1382,0
-41.597,0,1.6887,-1138.7,0.75866,0
-41.436,0,1.4767,-373.15,2.2915,0
-41.287,0,1.286,-34806,0.024487,0
-41.287,0,0,7.8,169.93,101.03
-41.058,0.78,1.1219,7.8,165.79,99.8
-40.937,1.56,1.1735,7.8,161.57,101.04
-40.816,2.34,1.2357,7.8,157.28,102.26
-40.684,3.12,1.3175,7.8,152.93,103.42
-40.555,3.9,1.4035,7.8,148.52,104.57
-40.405,4.68,1.4346,7.8,144.04,105.8
-40.254,5.46,1.4191,7.8,139.51,107.12
-40.102,6.24,1.2858,6.7,134.91,106.38
-39.967,6.91,1.0339,6.7,130.25,108
-39.859,7.58,0.74981,6.7,125.53,109.75
-39.79,8.25,0.50469,6.7,120.76,111.5
-39.747,8.92,0.29779,6.7,115.92,113.22
-39.719,9.59,0.21951,6.7,111.01,114.7
-39.719,10.26,0,6.7,106.05,116.53
-39.681,10.93,0.19084,6.7,101.01,117.43
-39.665,11.6,0.18118,6.7,95.912,118.79
-39.648,12.27,0.22916,4.8,90.754,116.04
-39.628,12.75,0.36633,4.8,85.545,116.69
-39.583,13.23,0.60672,4.8,80.286,117.08
-39.528,13.71,0.90986,4.8,74.976,117.31
-39.446,14.19,1.2165,4.8,69.629,117.48
-39.333,14.67,1.4534,4.8,64.242,117.74
-39.191,15.15,1.5873,4.8,58.832,118.15
-39.039,15.63,1.6431,4.8,53.373,118.7
-38.872,16.11,1.6357,4.8,47.88,119.36
-38.714,16.59,1.6049,-3.6817,42.36,102.26
-38.714,16.222,0,-4.4769,36.848,103.21
-38.382,15.774,1.5008,-5.5888,31.422,96.123
-38.226,15.215,1.4485,-7.2284,26.048,91.322
-38.086,14.492,1.4499,-7.84,20.755,88.265
-37.933,13.708,1.4179,-7.84,15.548,86.411
-37.933,12.924,0,-121.82,10.423,0
-37.651,0.7428,1.4614,1.4614,5.9911,78.708
-37.51,0.88894,1.5033,-340.99,2.1525,0
-37.368,0,1.5309,-44126,0.015822,0
-37.22,0,1.5769,7.8,216.92,89.378
-37.057,0.78,1.6099,7.8,213.18,90.572
-37.057,1.56,0,7.8,209.36,95.554
-37.057,2.34,0,7.8,205.45,97.153
-37.057,3.12,0,7.8,201.48,98.752
-36.395,3.9,1.6907,7.8,197.55,95.442
-36.234,4.68,1.7293,7.8,193.49,96.63
-36.054,5.46,1.723,7.8,189.37,97.872
