18.611,18.611,0.16375,0,35.5,0
18.625,18.611,0.16727,0.0055244,35.501,0
18.641,18.612,0.12711,0.01149,35.508,0
18.644,18.613,0.089643,0.012246,35.504,0
18.653,18.614,0.04695,0.01512,35.503,0
18.652,18.616,0.0056628,0.014303,35.5,0
18.659,18.617,-0.016216,0.016208,35.498,0
18.665,18.619,-0.024512,0.018273,35.506,0
18.661,18.62,-0.012563,0.015763,35.503,0
18.658,18.622,0.02655,0.013878,35.514,0
18.653,18.623,0.03458,0.011706,35.522,0
18.661,18.625,0.033287,0.014093,35.519,0
18.673,18.626,0.053245,0.018362,35.526,0
18.687,18.628,0.051887,0.022933,35.523,0
18.694,18.63,0.043232,0.025118,35.529,0
18.694,18.633,0,0.022801,35.535,0
18.697,18.635,0.060286,0.024138,35.54,0
18.698,18.637,0.071262,0.02348,35.539,0
18.706,18.64,0.066018,0.025945,35.541,0
18.711,18.642,0.043507,0.026806,35.552,0
18.717,18.645,0.019458,0.027946,35.552,0
18.709,18.648,-0.025936,0.023755,35.568,0
18.697,18.65,-0.095811,0.018328,35.568,0.16475
18.681,18.652,-0.16616,0.011468,35.565,0.38199
18.672,18.653,-0.22893,0.0072041,35.566,0.59333
18.644,18.654,-0.3015,-0.00095782,35.567,0.89767
18.617,18.654,-0.34001,-0.0037439,35.573,1.1168
18.589,18.653,-0.3873,-0.0064565,35.574,1.3861
18.554,18.653,-0.39351,-0.009913,35.572,1.5051
18.515,18.652,-0.40728,-0.013835,35.558,1.6735
18.474,18.65,-0.38318,-0.017762,35.551,1.6683
18.474,18.649,0,-0.021159,35.533,0.32301
18.4,18.646,-0.29004,-0.024868,35.509,1.4461
18.379,18.644,-0.25631,-0.026798,35.488,1.3565
18.354,18.641,-0.15936,-0.029127,35.452,1.048
18.354,18.638,0,-0.030901,35.423,0.54734
18.328,18.635,-0.038027,-0.031206,35.381,0.70477
18.332,18.632,0.0233,-0.030525,35.349,0.52307
18.327,18.629,0.069249,-0.03072,35.325,0.4139
18.327,18.626,0.052641,-0.030497,35.295,0.44822
18.333,18.623,0.0512,-0.029584,35.269,0.43353
18.329,18.62,0.06511,-0.029714,35.249,0.40263
18.329,18.617,0,-0.029565,35.22,0.55853
18.329,18.614,0,-0.029324,35.191,0.55234
18.342,18.611,0.12315,-0.027571,35.163,0.23574
18.352,18.608,0.13945,-0.026258,35.141,0.18062
18.368,18.606,0.15067,-0.0244,35.124,0.1279
18.391,18.603,0.15124,-0.021791,35.094,0.082823
18.413,18.601,0.15109,-0.01939,35.075,0.043197
18.436,18.599,0.14818,-0.016774,35.05,0.005112
18.45,18.598,0.13178,-0.01517,35.039,0.0068806
18.466,18.596,0.12252,-0.013413,35.033,0
18.478,18.595,0.11048,-0.012043,35.019,0
18.49,18.593,0.11667,-0.010663,35.009,0
18.505,18.592,0.1183,-0.0089879,34.992,0
18.511,18.591,0.11332,-0.0082816,34.983,0
18.518,18.591,0.11197,-0.007462,34.97,0
18.524,18.59,0.12108,-0.0068422,34.972,0
18.532,18.589,0.092675,-0.0059002,34.964,0
18.548,18.589,0.095258,-0.00423,34.959,0
18.555,18.588,0.12294,-0.0034319,34.963,0
18.555,18.588,0,-0.0014821,34.959,0.064811
18.58,18.588,0.10426,-0.00074956,34.964,0
18.583,18.588,0.11871,-0.000526,34.957,0
18.595,18.588,0.071566,0.0028358,34.947,0
18.604,18.588,0.042292,0.0061098,34.945,0
18.609,18.588,0.042007,0.0077913,34.947,0
18.603,18.589,0.09344,0.0052805,34.957,0
18.606,18.59,0.1208,0.0062862,34.967,0
18.622,18.59,0.1825,0.012227,34.975,0
18.635,18.592,0.23187,0.016603,34.986,0
18.665,18.593,0.26507,0.027529,34.997,0
18.692,18.596,0.2676,0.037207,35.009,0
18.724,18.6,0.26754,0.047941,35.017,0
18.747,18.605,0.27002,0.054895,35.025,0
18.782,18.61,0.2704,0.066513,35.032,0
18.815,18.617,0.25557,0.076455,35.051,0
18.847,18.624,0.22527,0.08571,35.07,0
18.864,18.633,0.21387,0.0891,35.102,0
18.892,18.642,0.17065,0.096336,35.118,0
18.904,18.651,0.10375,0.097491,35.149,0
18.919,18.661,0.030434,0.099369,35.165,0
18.918,18.671,-0.076778,0.095269,35.186,0
18.905,18.681,-0.18394,0.086428,35.212,0.17584
18.877,18.689,-0.26549,0.072165,35.24,0.48595
18.856,18.697,-0.32218,0.061419,35.25,0.72878
18.821,18.703,-0.38475,0.045687,35.261,1.0355
18.793,18.707,-0.39744,0.032881,35.269,1.1371
18.748,18.711,-0.4221,0.014389,35.275,1.3146
18.699,18.712,-0.40616,-0.0013521,35.287,1.3338
18.651,18.712,-0.4195,-0.0061989,35.28,1.5203
18.604,18.711,-0.4224,-0.010971,35.265,1.6604
18.565,18.71,-0.40402,-0.014884,35.244,1.6784
18.524,18.709,-0.34507,-0.018932,35.236,1.5183
18.484,18.707,-0.30245,-0.022903,35.217,1.4363
18.451,18.704,-0.2345,-0.026065,35.185,1.2398
18.419,18.702,-0.16409,-0.029131,35.16,1.0514
18.408,18.699,-0.12475,-0.030071,35.122,0.93708
18.397,18.696,-0.096539,-0.030899,35.094,0.86273
18.39,18.693,-0.087068,-0.03135,35.056,0.84132
18.381,18.69,-0.0782,-0.031934,35.031,0.82537
18.37,18.687,-0.076319,-0.032848,35,0.83796
18.368,18.683,-0.11552,-0.03276,34.969,0.96067
18.361,18.68,-0.17424,-0.033142,34.934,1.1718
18.339,18.677,-0.24391,-0.035151,34.901,1.4863
18.312,18.673,-0.31665,-0.037652,34.863,1.8601
18.284,18.669,-0.36544,-0.040202,34.83,2.1551
18.255,18.665,-0.38423,-0.04297,34.782,2.3204
18.213,18.661,-0.42696,-0.046999,34.749,2.6526
18.179,18.656,-0.45219,-0.050118,34.7,2.8765
18.179,18.651,0,-0.054073,34.653,0.92984
18.093,18.646,-0.51096,-0.058339,34.596,3.4541
18.093,18.64,0,-0.062888,34.541,1.0903
17.999,18.634,-0.51095,-0.067258,34.477,3.7112
17.95,18.627,-0.49783,-0.072014,34.406,3.7647
17.909,18.62,-0.48862,-0.075788,34.332,3.812
17.852,18.612,-0.4881,-0.081396,34.25,3.9672
17.8,18.604,-0.48751,-0.086321,34.176,4.1024
17.742,18.596,-0.48991,-0.091963,34.101,4.2786
17.7,18.586,-0.49252,-0.095783,34.017,4.3997
17.647,18.577,-0.47656,-0.10088,33.917,4.4332
17.592,18.567,-0.4697,-0.10623,33.829,4.5352
17.551,18.556,-0.45925,-0.10995,33.731,4.5617
17.501,18.545,-0.45122,-0.11473,33.633,4.6345
17.458,18.534,-0.45752,-0.11867,33.535,4.7768
17.418,18.522,-0.46676,-0.12241,33.419,4.9293
17.362,18.509,-0.47072,-0.12777,33.312,5.0968
17.362,18.497,0,-0.13275,33.198,2.4555
17.268,18.483,-0.46881,-0.13673,33.079,5.3038
17.215,18.47,-0.4612,-0.14198,32.955,5.3798
17.16,18.456,-0.45681,-0.1473,32.838,5.4809
17.16,18.441,0,-0.15121,32.709,2.8216
17.071,18.426,-0.42775,-0.15576,32.575,5.4627
17.071,18.41,0,-0.1603,32.44,2.9613
16.986,18.394,-0.42636,-0.16398,32.287,5.6188
16.935,18.378,-0.41173,-0.16914,32.141,5.6255
16.885,18.361,-0.40283,-0.17427,31.986,5.6668
16.852,18.343,-0.38789,-0.17716,31.846,5.6066
16.818,18.326,-0.36122,-0.18024,31.706,5.4707
16.783,18.308,-0.33252,-0.18362,31.549,5.3271
16.756,18.289,-0.29876,-0.18595,31.393,5.1257
16.724,18.271,-0.24771,-0.18872,31.249,4.8379
16.724,18.252,0,-0.19048,31.095,3.4239
16.689,18.233,-0.15306,-0.19112,30.94,4.2625
16.665,18.214,-0.11478,-0.19316,30.781,4.0605
16.652,18.194,-0.083322,-0.19374,30.625,3.8694
16.653,18.175,-0.062377,-0.1926,30.467,3.7
16.653,18.156,0,-0.19119,30.316,3.3423
16.644,18.137,-0.013956,-0.19166,30.162,3.3743
16.644,18.117,0,-0.1908,30.014,3.2523
16.64,18.098,0.0079403,-0.18987,29.863,3.1714
16.646,18.079,0.027879,-0.188,29.715,3.0147
16.645,18.061,0.031819,-0.18686,29.576,2.9471
16.653,18.042,0.04092,-0.18443,29.443,2.8358
16.666,18.023,0.050793,-0.18156,29.298,2.7131
16.661,18.005,0.063862,-0.18093,29.165,2.6232
16.668,17.987,0.070639,-0.17874,29.032,2.5326
16.68,17.969,0.090937,-0.17576,28.902,2.3789
16.681,17.952,0.087053,-0.17425,28.784,2.3476
16.692,17.934,0.10339,-0.17147,28.649,2.2171
16.705,17.917,0.11839,-0.16835,28.524,2.0922
16.722,17.9,0.11868,-0.16451,28.413,2.0127
16.739,17.884,0.11171,-0.16087,28.293,1.9608
16.751,17.868,0.12918,-0.15783,28.175,1.8374
16.769,17.852,0.13429,-0.15396,28.056,1.7452
16.776,17.837,0.13813,-0.15158,27.947,1.6827
16.781,17.821,0.14274,-0.14968,27.835,1.6255
16.802,17.806,0.16925,-0.14522,27.731,1.4689
16.812,17.792,0.16161,-0.14245,27.627,1.4399
16.812,17.778,0,-0.1387,27.529,1.9487
16.839,17.764,0.17318,-0.13579,27.427,1.2931
16.861,17.75,0.17184,-0.1311,27.34,1.225
16.874,17.737,0.17051,-0.1279,27.243,1.1764
16.901,17.724,0.18003,-0.12261,27.156,1.0749
16.912,17.712,0.17459,-0.11958,27.078,1.0429
16.935,17.7,0.17445,-0.11492,26.992,0.97712
16.948,17.689,0.20604,-0.11171,26.91,0.85506
16.948,17.677,0,-0.10695,26.837,1.4189
16.984,17.667,0.20462,-0.10364,26.776,0.75261
17.001,17.656,0.21659,-0.099813,26.711,0.67788
17.014,17.646,0.23066,-0.096662,26.645,0.60892
17.045,17.637,0.23592,-0.090778,26.592,0.53058
17.059,17.628,0.2512,-0.087407,26.541,0.46284
17.083,17.619,0.26202,-0.08264,26.476,0.39013
17.117,17.611,0.27077,-0.076289,26.428,0.30837
17.138,17.603,0.28749,-0.072181,26.378,0.23947
17.168,17.596,0.27062,-0.066525,26.329,0.20735
17.196,17.589,0.28056,-0.06129,26.291,0.14094
17.217,17.583,0.29079,-0.057073,26.254,0.086016
17.252,17.577,0.31124,-0.050858,26.215,0.0027426
17.281,17.572,0.31547,-0.045609,26.188,0
17.309,17.568,0.3308,-0.040551,26.161,0
17.309,17.564,0,-0.035616,26.136,0.46621
17.38,17.56,0.34626,-0.02823,26.129,0
17.412,17.557,0.32819,-0.022793,26.105,0
17.449,17.555,0.33867,-0.016755,26.094,0
17.48,17.553,0.3558,-0.011533,26.075,0
17.507,17.552,0.34572,-0.0071063,26.065,0
17.533,17.551,0.34304,-0.0028331,26.053,0
17.533,17.551,0,0.0064354,26.051,0.050323
17.609,17.552,0.34369,0.01871,26.045,0
17.64,17.554,0.32832,0.028197,26.049,0
17.664,17.556,0.32455,0.035302,26.067,0
17.69,17.56,0.29051,0.042508,26.083,0
17.724,17.564,0.22491,0.052253,26.092,0
17.751,17.569,0.21525,0.059299,26.114,0
17.766,17.575,0.17643,0.062362,26.129,0
17.78,17.582,0.11736,0.065,26.159,0
17.787,17.588,0.091433,0.065155,26.17,0
17.806,17.595,0.082395,0.069202,26.195,0
17.804,17.602,0.045616,0.066407,26.219,0
17.806,17.608,0.029912,0.064669,26.23,0
17.812,17.615,0.047046,0.064668,26.244,0
17.808,17.621,0.038359,0.061222,26.271,0
17.803,17.627,0.034694,0.057408,26.284,0
17.803,17.633,0,0.054504,26.301,0
17.796,17.638,0.022526,0.051459,26.32,0
17.796,17.644,0,0.050433,26.335,0
17.792,17.649,0.029194,0.046966,26.357,0
17.786,17.653,0.040028,0.043584,26.382,0
17.79,17.658,0.041768,0.043332,26.405,0
17.799,17.662,0.061002,0.044985,26.412,0
17.797,17.667,0.056137,0.042625,26.433,0
17.808,17.671,0.048174,0.044877,26.453,0
17.811,17.675,0.043191,0.044343,26.465,0
17.82,17.68,0.064219,0.046111,26.475,0
17.818,17.684,0.066134,0.043914,26.498,0
17.821,17.689,0.072758,0.043494,26.505,0
17.834,17.693,0.10158,0.046323,26.526,0
17.836,17.698,0.095216,0.045387,26.546,0
17.836,17.702,0,0.049059,26.56,0
17.854,17.707,0.10301,0.048272,26.578,0
17.869,17.712,0.11854,0.051507,26.591,0
17.885,17.717,0.14011,0.054994,26.599,0
17.897,17.723,0.19236,0.05702,26.607,0
17.92,17.728,0.21844,0.062711,26.616,0
17.949,17.735,0.22661,0.070338,26.628,0
17.963,17.742,0.24779,0.072614,26.66,0
17.992,17.749,0.2397,0.079669,26.69,0
18.018,17.757,0.23851,0.085801,26.724,0
18.048,17.765,0.24571,0.092704,26.749,0
18.074,17.775,0.23774,0.098285,26.77,0
18.09,17.785,0.22602,0.10027,26.797,0
18.115,17.795,0.25431,0.10494,26.823,0
18.146,17.805,0.25043,0.11188,26.866,0
18.146,17.816,0,0.11502,26.899,0
18.188,17.828,0.30386,0.11818,26.931,0
18.215,17.84,0.30028,0.12322,26.959,0
18.243,17.852,0.3099,0.12821,27.007,0
18.268,17.865,0.31126,0.13232,27.048,0
18.307,17.878,0.27608,0.1409,27.093,0
18.335,17.892,0.21662,0.14537,27.134,0
18.358,17.907,0.18057,0.14818,27.187,0
18.37,17.921,0.075405,0.14729,27.224,0
18.383,17.936,-0.013369,0.14677,27.268,0
18.377,17.951,-0.087617,0.14007,27.308,0
18.378,17.965,-0.17069,0.13585,27.345,0
18.355,17.978,-0.24971,0.12376,27.385,0.10791
18.33,17.991,-0.29708,0.11156,27.425,0.32055
18.295,18.002,-0.31682,0.096181,27.448,0.46326
18.273,18.012,-0.34208,0.085668,27.467,0.60704
18.242,18.02,-0.36908,0.072767,27.499,0.77524
18.209,18.027,-0.39025,0.059515,27.519,0.92732
18.167,18.033,-0.41138,0.043883,27.539,1.0959
18.129,18.038,-0.44301,0.030128,27.559,1.3066
18.129,18.041,0,0.013563,27.568,0
18.041,18.042,-0.47881,-0.0001545,27.563,1.6359
18.001,18.042,-0.49295,-0.0061467,27.569,1.8108
17.944,18.041,-0.50845,-0.014443,27.568,2.0386
17.898,18.04,-0.5189,-0.021081,27.555,2.2145
17.844,18.038,-0.50256,-0.028796,27.548,2.2685
17.791,18.035,-0.52395,-0.0362,27.523,2.5212
17.734,18.031,-0.53816,-0.04417,27.502,2.7509
17.675,18.027,-0.52211,-0.052385,27.461,2.8119
17.618,18.022,-0.52739,-0.060289,27.421,2.9901
17.564,18.016,-0.54395,-0.067518,27.377,3.2243
17.518,18.009,-0.52465,-0.073621,27.332,3.2217
17.46,18.002,-0.48395,-0.081396,27.273,3.1235
17.46,17.993,0,-0.088272,27.219,0.97938
17.46,17.985,0,-0.093358,27.166,0.9431
17.314,17.975,-0.44761,-0.10036,27.094,3.247
17.268,17.965,-0.41999,-0.10622,27.019,3.1873
17.227,17.955,-0.39834,-0.11134,26.944,3.1489
17.184,17.944,-0.33688,-0.11663,26.867,2.9002
17.152,17.932,-0.26131,-0.1203,26.788,2.5724
17.12,17.92,-0.20305,-0.1239,26.707,2.3487
17.093,17.907,-0.1178,-0.12674,26.62,2.017
17.091,17.895,-0.049948,-0.12562,26.544,1.7302
17.094,17.882,0.0263,-0.12361,26.469,1.4314
17.105,17.87,0.084257,-0.12047,26.395,1.2055
17.114,17.858,0.11896,-0.11755,26.323,1.0654
17.13,17.846,0.10389,-0.11364,26.248,1.0521
17.13,17.835,0,-0.1121,26.177,1.3382
17.152,17.823,0.10739,-0.10747,26.091,0.9553
17.169,17.813,0.10053,-0.10336,26.026,0.91978
17.174,17.802,0.087467,-0.10133,25.961,0.92548
17.178,17.792,0.10757,-0.099427,25.89,0.84542
17.188,17.782,0.10338,-0.096547,25.823,0.81818
17.189,17.773,0.11383,-0.095045,25.76,0.77057
17.191,17.763,0.12402,-0.093498,25.697,0.72422
17.196,17.754,0.11762,-0.091505,25.646,0.7143
17.217,17.745,0.02775,-0.086721,25.599,0.8906
17.212,17.736,-0.62087,-0.086361,25.549,3.8831
17.158,17.727,-1.7679,-0.094014,25.503,17.555
16.988,17.718,-3.0344,-0.12099,25.446,56.97
16.679,17.706,-3.8299,-0.17108,25.354,110.37
16.304,17.689,-4.0207,-0.23219,25.233,128.74
15.909,17.666,-3.4951,-0.29707,25.081,87.356
15.567,17.636,-2.3819,-0.35368,24.891,39.78
15.335,17.6,-1.1676,-0.39196,24.679,15.582
15.226,17.561,-0.45022,-0.40956,24.446,8.1215
15.185,17.52,-0.31942,-0.41506,24.21,7.0792
15.185,17.479,0,-0.4182,23.978,4.9004
15.116,17.437,-0.49318,-0.42389,23.741,8.3089
15.064,17.395,-0.5808,-0.43149,23.507,9.0491
15.01,17.351,-0.57162,-0.43941,23.28,8.9615
14.955,17.307,-0.53547,-0.44769,23.044,8.6371
14.898,17.263,-0.46375,-0.45609,22.818,8.0361
14.849,17.217,-0.40329,-0.4636,22.573,7.525
14.817,17.171,-0.40297,-0.46729,22.345,7.4385
14.779,17.124,-0.43489,-0.47214,22.112,7.6106
14.728,17.077,-0.43266,-0.48005,21.872,7.5562
14.688,17.029,-0.45506,-0.4856,21.637,7.6589
14.652,16.98,-0.4877,-0.48979,21.412,7.8323
14.613,16.931,-0.48159,-0.49547,21.173,7.7051
14.57,16.882,-0.4684,-0.50182,20.934,7.5298
14.518,16.832,-0.47517,-0.50998,20.697,7.5331
14.518,16.781,0,-0.51483,20.468,4.3325
14.443,16.729,-0.4275,-0.51922,20.242,6.9917
14.402,16.677,-0.42258,-0.52488,20.015,6.8768
14.358,16.625,-0.44976,-0.53066,19.796,7.0037
14.303,16.572,-0.44878,-0.53973,19.562,6.9451
14.251,16.518,-0.43765,-0.54741,19.344,6.8053
14.208,16.463,-0.45222,-0.55307,19.122,6.8272
14.163,16.408,-0.44589,-0.55918,18.897,6.6963
14.111,16.352,-0.42108,-0.56681,18.682,6.4554
14.073,16.295,-0.41117,-0.57071,18.468,6.2865
14.023,16.238,-0.41983,-0.57834,18.242,6.2706
13.986,16.18,-0.41022,-0.58217,18.027,6.1005
13.955,16.122,-0.41788,-0.58457,17.805,6.03
13.91,16.063,-0.43799,-0.59028,17.592,6.0785
13.856,16.004,-0.41151,-0.59808,17.382,5.8299
13.814,15.945,-0.39007,-0.60343,17.161,5.5913
13.77,15.884,-0.37292,-0.60915,16.943,5.3878
13.726,15.823,-0.34001,-0.61427,16.732,5.0934
13.726,15.762,0,-0.61569,16.525,3.2115
13.661,15.7,-0.28325,-0.61712,16.321,4.5444
13.641,15.639,-0.24141,-0.61441,16.121,4.1918
13.61,15.577,-0.19323,-0.61497,15.92,3.8466
13.598,15.516,-0.16241,-0.60964,15.72,3.5684
13.58,15.455,-0.12096,-0.60537,15.53,3.271
13.575,15.394,-0.062409,-0.5965,15.345,2.9049
13.579,15.334,-0.029315,-0.58489,15.16,2.6476
13.567,15.276,-0.014628,-0.57727,14.996,2.4962
13.573,15.218,0.0094697,-0.56334,14.836,2.2947
13.582,15.162,0.041071,-0.54873,14.675,2.078
13.583,15.107,0.053923,-0.537,14.514,1.9391
13.591,15.053,0.061579,-0.52142,14.373,1.8128
13.6,15.001,0.084234,-0.50642,14.223,1.6514
13.6,14.951,0,-0.49392,14.086,1.7963
13.615,14.901,0.13153,-0.47634,13.953,1.3598
13.636,14.854,0.14094,-0.45583,13.834,1.2419
13.653,14.808,0.13117,-0.43716,13.713,1.1729
13.653,14.764,0,-0.4174,13.6,1.4384
13.685,14.722,0.083617,-0.4009,13.491,1.1093
13.685,14.682,0,-0.38293,13.389,1.2658
13.708,14.644,-0.03642,-0.36909,13.285,1.2587
13.704,14.607,-0.10578,-0.35901,13.198,1.4085
13.687,14.571,-0.17853,-0.35486,13.102,1.6092
13.67,14.536,-0.25473,-0.35051,13.006,1.8487
13.67,14.501,0,-0.35252,12.921,0.96849
13.608,14.466,-0.36248,-0.35357,12.825,2.2589
13.573,14.43,-0.40112,-0.35624,12.738,2.4202
13.573,14.395,0,-0.35797,12.654,0.93546
13.506,14.359,-0.46225,-0.36026,12.574,2.6843
13.454,14.323,-0.48928,-0.37036,12.489,2.8292
13.407,14.286,-0.4829,-0.37746,12.41,2.7956
13.349,14.248,-0.47247,-0.38908,12.327,2.7528
13.304,14.209,-0.47403,-0.39557,12.239,2.753
13.252,14.169,-0.46603,-0.40382,12.158,2.7123
13.204,14.129,-0.44959,-4.4,12.057,332.22
13.163,13.689,-0.45911,-0.22827,11.989,2.2061
13.117,13.666,-0.46737,-0.23992,11.931,2.2694
13.07,13.642,-0.4502,-0.25144,11.871,2.2074
13.03,13.617,-0.43116,-0.25965,11.819,2.1306
12.991,13.591,-0.42622,-4.4,11.762,547.42
12.951,13.151,-0.41386,-0.086408,11.725,1.5864
12.901,13.143,-0.39388,-0.10434,11.708,1.5492
12.86,13.132,-0.38617,-0.11764,11.687,1.5526
12.829,13.12,-0.36722,-0.1266,11.661,1.4952
12.786,13.108,-0.3545,-0.13997,11.633,1.4774
12.743,13.094,-0.34256,-0.15319,11.605,1.4628
12.7,13.078,-0.31901,-0.16585,11.562,1.3984
12.678,13.062,-0.31518,-4.4,11.518,655.2
12.678,12.622,0,0.008247,11.501,0
12.626,12.623,-0.32355,0.00099151,11.506,0.95181
12.597,12.623,-0.30904,-0.010968,11.508,0.93522
12.569,12.622,-0.29421,-0.022253,11.499,0.91255
12.531,12.619,-0.27471,-0.037731,11.487,0.886
12.504,12.616,-0.26772,-0.047638,11.48,0.88941
12.48,12.611,-0.2489,-0.055709,11.473,0.84616
12.48,12.605,0,-0.066379,11.461,0.1165
12.427,12.599,-0.26967,-0.073647,11.438,0.96969
12.405,12.591,-0.24641,-0.07992,11.415,0.9039
12.372,12.583,-0.22283,-0.091053,11.389,0.85326
12.352,12.574,-0.17251,-0.096315,11.359,0.70436
12.334,12.565,-0.10629,-0.099828,11.337,0.52116
12.325,12.555,-0.063917,-0.10011,11.306,0.40975
12.314,12.545,-0.012645,-0.10052,11.284,0.28882
12.308,12.534,0.06176,-4.4,11.262,449.18
12.308,12.094,0,0.064865,11.261,0
12.321,12.101,0.15055,0.063515,11.283,0
12.335,12.107,0.18051,0.065805,11.312,0
12.349,12.114,0.19516,0.068191,11.342,0
12.36,12.121,0.18044,0.069247,11.363,0
12.382,12.128,0.17902,0.073717,11.392,0
12.406,12.135,0.16924,0.078819,11.418,0
12.428,12.143,0.13454,0.08306,11.455,0
12.449,12.151,0.13874,0.086951,11.487,0
12.465,12.16,-0.0039753,0.08904,11.517,0
