18.611,18.611,-0.68366,0,35.5,2.7642
18.547,18.611,-0.86091,-0.0064551,35.503,4.2175
18.469,18.61,-1.0352,-0.014277,35.498,5.9979
18.363,18.609,-1.1637,-0.024881,35.488,7.7262
18.24,18.607,-1.2804,-0.036991,35.464,9.5948
18.11,18.603,-1.3719,-0.049865,35.417,11.355
18.11,18.598,0,-0.063864,35.368,0.93899
17.825,18.591,-1.4737,-0.078,35.278,14.146
17.678,18.584,-1.5241,-0.092494,35.202,15.635
17.525,18.574,-1.572,-0.10758,35.113,17.163
17.366,18.564,-1.4715,-0.12336,34.998,16.314
17.223,18.551,-1.2504,-0.13757,34.873,13.737
17.091,18.538,-0.95472,-0.1507,34.728,10.643
16.989,18.523,-0.64063,-0.1606,34.589,7.8816
16.932,18.506,-0.31723,-0.16604,34.424,5.5234
16.897,18.49,-0.11825,-0.16918,34.265,4.3563
16.89,18.473,-0.057204,-0.16919,34.106,3.99
16.89,18.456,0,-0.16828,33.949,3.6488
16.888,18.439,-0.043464,-0.16798,33.803,3.8193
16.879,18.422,-0.034457,-0.16821,33.645,3.7451
16.879,18.406,-0.046442,-0.16758,33.482,3.753
16.87,18.389,-0.0087614,-0.16787,33.326,3.5404
16.87,18.372,0,-0.16708,33.175,3.4476
16.879,18.355,0.092509,-0.16537,33.011,2.9585
16.888,18.339,0.16099,-0.16351,32.87,2.615
16.909,18.322,0.26556,-0.16035,32.731,2.155
16.942,18.306,0.32661,-0.15569,32.587,1.8556
16.978,18.291,0.39022,-0.15075,32.451,1.5761
17.01,18.276,0.45743,-0.14618,32.322,1.3272
17.057,18.261,0.51431,-0.13983,32.201,1.1042
17.113,18.247,0.58094,-0.13237,32.081,0.88061
17.172,18.234,0.6467,-0.12455,31.963,0.6913
17.244,18.221,0.67726,-0.11531,31.852,0.5501
17.311,18.21,0.67595,-0.10636,31.766,0.45019
17.387,18.199,0.64851,-0.096502,31.677,0.36093
17.458,18.19,0.60624,-0.087235,31.604,0.28913
17.512,18.181,0.59759,-0.07998,31.544,0.21756
17.576,18.173,0.63894,-0.071495,31.481,0.1143
17.576,18.166,0,-0.064115,31.422,1.1932
17.705,18.159,0.78581,-0.054631,31.393,0
17.78,18.154,0.83945,-0.045031,31.356,0
17.856,18.149,0.82337,-0.035429,31.333,0
17.934,18.146,0.8239,-0.025597,31.318,0
18.023,18.143,0.87477,-0.014504,31.303,0
18.023,18.142,0,-0.0048902,31.291,0.2399
18.023,18.141,0,0.017401,31.279,0.2927
18.29,18.143,0.938,0.053423,31.307,0
18.389,18.148,0.88779,0.087511,31.326,0
18.475,18.157,0.79988,0.11588,31.356,0
18.554,18.169,0.7599,0.14042,31.382,0
18.621,18.183,0.76783,0.1596,31.419,0
18.69,18.199,0.78812,0.17868,31.462,0
18.768,18.217,0.82685,0.20054,31.513,0
18.847,18.237,0.83648,0.2222,31.574,0
18.941,18.259,0.82481,0.24809,31.634,0
19.026,18.284,0.82189,0.26981,31.698,0
19.113,18.311,0.86571,0.29179,31.782,0
19.203,18.34,0.85005,0.31389,31.874,0
19.293,18.371,0.83426,0.33503,31.972,0
19.377,18.405,0.81677,0.35346,32.065,0
19.462,18.44,0.79569,0.37114,32.162,0
19.547,18.477,0.74426,0.38856,32.276,0
19.616,18.516,0.76037,0.39917,32.388,0
19.694,18.556,0.81819,0.41275,32.502,0
19.77,18.597,0.8677,0.42516,32.61,0
19.866,18.64,0.881,0.44439,32.726,0
19.951,18.684,0.88056,0.4587,32.854,0
20.038,18.73,0.89201,0.47315,32.981,0
20.129,18.777,0.88047,0.489,33.122,0
20.129,18.826,0,0.50029,33.255,0
20.289,18.876,0.7856,0.51015,33.393,0
20.377,18.927,0.81001,0.52299,33.528,0
20.461,18.98,0.82353,0.53416,33.673,0
20.552,19.033,0.81469,0.54705,33.817,0
20.639,19.088,0.88772,0.55864,33.977,0
20.723,19.144,0.885,0.56809,34.126,0
20.813,19.2,0.83884,0.57956,34.279,0
20.888,19.258,0.78061,0.58483,34.437,0
20.966,19.317,0.75699,0.59161,34.606,0
21.045,19.376,0.73977,0.59839,34.777,0
21.112,19.436,0.77088,0.60029,34.945,0
21.185,19.496,0.75848,0.6044,35.112,0
21.263,19.556,0.7278,0.61028,35.285,0
21.334,19.617,0.68827,0.61314,35.45,0
21.402,19.679,0.63068,0.61479,35.619,0
21.473,19.74,0.57694,0.61769,35.786,0
21.53,19.802,0.56503,0.61548,35.968,0
21.582,19.863,0.57707,0.61154,36.142,0
21.642,19.925,0.58829,0.61068,36.321,0
21.697,19.986,0.55431,0.60816,36.492,0
21.697,20.047,0,0.60443,36.66,0
21.797,20.107,0.50003,0.59942,36.834,0
21.85,20.167,0.48019,0.59649,37.009,0
21.901,20.227,0.43561,0.593,37.184,0
21.942,20.286,0.44124,0.58614,37.36,0
21.985,20.344,0.45962,0.58001,37.533,0
22.032,20.402,0.45285,0.57595,37.702,0
22.074,20.46,0.45554,0.56995,37.872,0
22.112,20.517,0.50478,0.5627,38.024,0
22.17,20.573,0.50394,0.56266,38.174,0
22.229,20.63,0.47252,0.56292,38.329,0
22.266,20.686,0.48808,0.55592,38.487,0
22.323,20.741,0.50718,0.55568,38.645,0
22.375,20.797,0.4583,0.55401,38.801,0
22.375,20.852,0,0.55067,38.956,0
22.479,20.908,0.52685,0.55111,39.13,0
22.531,20.963,0.51617,0.54954,39.291,0
22.575,21.018,0.46844,0.54543,39.45,0
22.621,21.072,0.47156,0.54193,39.615,0
22.663,21.126,0.44112,0.53727,39.764,0
22.663,21.18,0,0.53632,39.915,0
22.758,21.234,0.46024,0.53205,40.08,0
22.758,21.287,0,0.53142,40.23,0
22.867,21.34,0.45506,0.53208,40.385,0
22.867,21.393,0,0.52899,40.535,0
22.957,21.446,0.43089,0.52586,40.689,0
22.992,21.499,0.40224,0.51932,40.844,0
23.037,21.551,0.4189,0.51654,40.995,0
23.087,21.602,0.4431,0.51538,41.152,0
23.133,21.654,0.4362,0.51326,41.293,0
23.179,21.705,0.45008,0.51078,41.436,0
23.227,21.756,0.45352,0.50949,41.588,0
23.279,21.807,0.41843,0.50966,41.744,0
23.316,21.858,0.40406,0.50447,41.898,0
23.366,21.909,0.40287,0.50362,42.039,0
23.413,21.959,0.43396,0.50212,42.177,0
23.454,22.009,0.4429,0.49846,42.325,0
23.501,22.059,0.40862,0.49725,42.476,0
23.501,22.109,0,0.49093,42.618,0
23.564,22.158,0.37067,0.48417,42.76,0
23.591,22.206,0.2835,0.47669,42.902,0
23.618,22.254,0.23619,0.46923,43.047,0
23.618,22.301,0,0.46041,43.181,0
23.672,22.347,0.32516,0.45513,43.313,0
23.708,22.392,0.25696,0.45169,43.453,0
23.738,22.438,0.21388,0.44613,43.579,0
23.738,22.482,0,0.43522,43.707,0
23.764,22.526,0.13874,0.42415,43.841,0
23.776,22.568,0.12257,0.41328,43.955,0
23.789,22.609,0.11718,0.40358,44.069,0
23.803,22.65,0.13514,0.39411,44.182,0
23.821,22.689,0.11126,0.38674,44.305,0
23.825,22.728,0.11271,0.3744,44.411,0
23.836,22.765,0.11965,0.36523,44.528,0
23.836,22.802,0,0.35947,44.633,0
23.865,22.838,0.14716,0.35026,44.753,0
23.884,22.873,0.17123,0.34471,44.859,0
23.899,22.907,0.18975,0.33773,44.968,0
23.928,22.941,0.18499,0.33589,45.066,0
23.941,22.975,0.15626,0.3288,45.16,0
23.957,23.008,0.17903,0.32315,45.263,0
23.983,23.04,0.21719,0.3207,45.36,0
24,23.072,0.25893,0.31534,45.462,0
24.016,23.103,0.33058,0.30985,45.545,0
24.056,23.134,0.40523,0.31286,45.629,0
24.104,23.166,0.46397,0.3183,45.715,0
24.154,23.198,0.46787,0.32444,45.805,0
24.208,23.23,0.46348,0.33152,45.902,0
24.257,23.263,0.45956,0.3367,46.003,0
24.302,23.297,0.43379,0.34038,46.093,0
24.354,23.331,0.41834,0.34618,46.202,0
24.391,23.366,0.45823,0.3469,46.311,0
24.445,23.4,0.47095,0.35338,46.421,0
24.485,23.436,0.4307,0.35473,46.534,0
24.538,23.471,0.44683,0.36053,46.646,0
24.574,23.507,0.45564,0.36036,46.746,0
24.622,23.543,0.40859,0.36423,46.858,0
24.622,23.58,0,0.36318,46.964,0
24.695,23.616,0.35412,0.36388,47.076,0
24.734,23.652,0.34228,0.36465,47.176,0
24.777,23.689,0.35998,0.36666,47.277,0
24.811,23.725,0.39409,0.36552,47.387,0
24.855,23.762,0.42552,0.36791,47.502,0
24.895,23.799,0.45148,0.36865,47.61,0
24.949,23.836,0.43351,0.37433,47.719,0
24.998,23.873,0.37456,0.37792,47.837,0
25.044,23.911,0.34181,0.38042,47.955,0
25.085,23.949,0.3371,0.38129,48.076,0
25.112,23.987,0.35055,0.37744,48.185,0
25.155,24.025,0.34159,0.37908,48.288,0
25.182,24.063,0.33057,0.37495,48.407,0
25.222,24.1,0.32256,0.37584,48.518,0
25.254,24.138,0.33794,0.37375,48.638,0
25.254,24.175,0,0.37025,48.748,0
25.317,24.212,0.18799,0.36928,48.851,0
25.339,24.249,0.10683,0.36412,48.956,0
25.357,24.285,0.039846,0.35799,49.07,0
25.369,24.321,-0.046009,0.34981,49.178,0
25.364,24.356,-0.06291,0.33617,49.278,0
25.358,24.39,-0.04997,0.32275,49.373,0
25.357,24.422,-0.071086,0.31139,49.463,0
25.351,24.453,-0.13771,0.29886,49.546,0
25.33,24.483,-0.21926,0.28186,49.635,0
25.309,24.511,-0.22802,0.26558,49.723,0
25.29,24.538,-0.18016,0.25028,49.801,0
25.27,24.563,-0.10853,0.2352,49.871,0
25.254,24.586,-0.079156,0.22174,49.935,0
25.244,24.609,-0.073782,0.21109,50.001,0
25.238,24.63,-0.1505,0.20203,50.062,0
25.228,24.65,-0.10184,0.19177,50.125,0
25.216,24.669,0.012676,0.18163,50.186,0
25.222,24.687,0.12415,0.17742,50.243,0
25.235,24.705,0.18094,0.17593,50.294,0
25.255,24.723,0.19538,0.17674,50.35,0
25.277,24.74,0.11268,0.1781,50.396,0
25.285,24.758,0.058644,0.17463,50.458,0
25.29,24.776,0.079017,0.17059,50.505,0
25.293,24.793,0.090645,0.16595,50.556,0
25.31,24.809,0.13785,0.16578,50.601,0
25.31,24.826,0,0.16692,50.651,0
25.355,24.842,0.19389,0.16971,50.717,0
25.366,24.859,0.18608,0.16787,50.77,0
25.39,24.876,0.27255,0.17022,50.815,0
25.427,24.893,0.37994,0.17656,50.859,0
25.464,24.911,0.43707,0.18306,50.903,0
25.51,24.929,0.46442,0.1919,50.955,0
25.565,24.948,0.48169,0.20394,51.005,0
25.614,24.969,0.49342,0.21309,51.068,0
25.614,24.99,0,0.21927,51.132,0
25.694,25.012,0.49214,0.22513,51.193,0
25.743,25.035,0.47638,0.23386,51.261,0
25.793,25.058,0.49984,0.24266,51.332,0
25.843,25.082,0.48176,0.25082,51.414,0
25.899,25.107,0.47513,0.26114,51.482,0
25.899,25.133,0,0.2649,51.56,0
25.985,25.16,0.49502,0.27201,51.649,0
26.026,25.187,0.47493,0.27646,51.727,0
26.084,25.215,0.51299,0.28606,51.803,0
26.126,25.243,0.52989,0.29041,51.884,0
26.179,25.272,0.52797,0.29816,51.978,0
26.222,25.302,0.52134,0.30229,52.064,0
26.267,25.332,0.53849,0.30721,52.151,0
26.326,25.363,0.55241,0.31633,52.252,0
26.372,25.395,0.56645,0.32104,52.35,0
26.431,25.427,0.55732,0.32971,52.444,0
26.496,25.46,0.57614,0.33985,52.548,0
26.546,25.494,0.57729,0.34519,52.661,0
26.607,25.528,0.55924,0.35367,52.77,0
26.673,25.564,0.53491,0.36348,52.873,0
26.732,25.6,0.55979,0.3706,52.982,0
26.788,25.637,0.58036,0.37649,53.087,0
26.788,25.675,0,0.38112,53.2,0
26.788,25.713,0,0.38833,53.31,0
26.957,25.752,0.58666,0.394,53.45,0
27.008,25.791,0.57081,0.39748,53.58,0
27.06,25.831,0.5352,0.40134,53.711,0
27.117,25.871,0.47794,0.40683,53.84,0
27.157,25.912,0.47174,0.40627,53.963,0
27.2,25.952,0.38079,0.4067,54.085,0
27.2,25.993,0,0.40875,54.208,0
27.277,26.034,0.36752,0.40483,54.329,0
27.306,26.074,0.42986,0.4007,54.456,0
27.351,26.114,0.4457,0.40223,54.571,0
27.388,26.155,0.43883,0.401,54.703,0
27.436,26.195,0.39782,0.4033,54.833,0
27.481,26.235,0.37288,0.40464,54.962,0
27.481,26.276,0,0.40386,55.085,0
27.555,26.316,0.33571,0.40176,55.199,0
27.593,26.356,0.31447,0.40096,55.322,0
27.626,26.396,0.25813,0.3983,55.44,0
27.647,26.436,0.18324,0.3922,55.562,0
27.67,26.475,0.078734,0.38645,55.674,0
27.68,26.514,-0.029352,0.37712,55.798,0
27.668,26.552,-0.090907,0.3608,55.909,0
27.662,26.588,-0.09021,0.34704,56.025,0
27.656,26.622,-0.093961,0.33385,56.121,0
27.648,26.656,-0.064768,0.32025,56.221,0
27.644,26.688,-0.038101,4.8,56.311,33.411
27.641,27.168,-0.057719,0.14829,56.38,0
27.638,27.183,-0.057705,0.14263,56.433,0
27.637,27.197,-0.03151,0.13792,56.472,0
27.64,27.211,-0.044947,0.13456,56.51,0
27.645,27.224,-0.064965,0.13179,56.549,0
27.631,27.237,-0.008585,0.12333,56.595,0
27.622,27.25,0.083121,0.11643,56.635,0
27.638,27.261,0.17728,0.1178,56.674,0
27.638,27.273,0,0.12049,56.711,0
27.677,27.285,0.39774,0.12255,56.747,0
27.715,27.297,0.44045,0.1308,56.786,0
27.754,27.31,0.40593,0.1387,56.838,0
27.787,27.324,0.33701,0.14485,56.88,0
27.82,27.339,0.24624,0.15039,56.932,0
27.843,27.354,0.16909,0.15291,56.989,0
27.868,27.369,0.11462,0.15614,57.032,0
27.889,27.385,0.059389,0.15751,57.078,0
27.889,27.4,0.03246,0.15268,57.122,0
27.884,27.416,0.0091041,0.14624,57.166,0
27.891,27.43,-0.019322,0.14399,57.209,0
27.882,27.445,-0.005403,0.13647,57.25,0
27.881,27.458,-0.01191,0.13196,57.287,0
27.881,27.472,0,0.12721,57.329,0
27.88,27.484,-0.0078732,4.8,57.38,36.487
27.888,27.964,-0.034168,-0.0054233,57.389,0.2282
27.892,27.964,-0.15246,-0.0050734,57.381,0.54165
27.875,27.963,-0.3564,-0.0062521,57.368,1.3267
27.875,27.963,0,-0.0090152,57.359,0.1633
27.776,27.962,-0.95202,-0.013164,57.347,5.4618
27.688,27.96,-1.3005,-0.019325,57.315,9.4812
27.549,27.959,-1.6965,-0.029144,57.283,15.985
27.377,27.956,-2.0803,-0.04119,57.227,24.712
27.162,27.951,-2.4633,-0.056282,57.163,36.413
26.91,27.946,-2.9349,-0.074019,57.076,55.419
26.626,27.938,-3.4511,-0.094093,56.962,83.995
26.279,27.929,-3.93,-0.1188,56.813,120.49
25.888,27.917,-4.3445,-0.14678,56.631,161.55
25.445,27.902,-4.7234,-0.17878,56.41,207.53
24.975,27.885,-4.898,-0.21318,56.143,228.66
24.975,27.863,0,-0.24945,55.853,8.1138
24.024,27.838,-4.1556,-0.28463,55.465,144.74
23.613,27.81,-3.4875,-0.31659,55.068,102.49
23.27,27.778,-2.5645,-0.34417,54.629,64.833
23.021,27.744,-1.6492,-0.36516,54.171,40.929
22.848,27.707,-1.0108,-0.38078,53.686,29.388
22.746,27.669,-0.56216,-0.39101,53.199,22.97
22.688,27.63,-0.23907,-0.39798,52.708,19.014
22.658,27.59,-0.15712,-0.40264,52.224,18.008
22.644,27.55,-0.15448,-0.40613,51.732,17.81
22.636,27.509,-0.13165,-0.40915,51.244,17.371
22.627,27.469,-0.086587,-0.41221,50.761,16.71
22.61,27.427,0.0065136,-0.41609,50.273,15.623
22.61,27.386,0,-0.41797,49.793,15.467
22.63,27.344,0.36247,-0.41885,49.32,12.004
22.667,27.302,0.48757,-0.41763,48.855,10.748
22.721,27.26,0.65011,-0.41478,48.393,9.3041
22.78,27.219,0.78359,-0.41112,47.947,8.1688
22.78,27.178,0,-0.4048,47.506,13.74
22.952,27.137,0.91796,-0.39823,47.078,6.6971
23.035,27.097,1.0115,-0.39167,46.657,5.9388
23.035,27.058,0,-0.38354,46.253,12.148
23.243,27.02,1.0672,-0.37344,45.866,4.9884
23.345,26.982,1.1067,-0.3639,45.497,4.5225
23.345,26.946,0,-0.35226,45.135,10.47
23.586,26.911,1.1539,-0.34019,44.803,3.7038
23.705,26.877,1.16,-0.32808,44.477,3.382
23.813,26.844,1.1894,-0.31658,44.175,3.0498
23.937,26.812,1.155,-0.3034,43.873,2.8357
24.047,26.782,1.1426,-0.29127,43.596,2.6118
24.16,26.753,1.1538,-0.27868,43.322,2.356
24.268,26.725,1.1551,-0.26632,43.073,2.1405
24.377,26.698,1.1371,-0.25364,42.831,1.9583
24.49,26.673,1.0887,-0.24045,42.605,1.8128
24.594,26.649,1.0313,-0.22799,42.394,1.6918
24.695,26.626,0.98412,-0.21567,42.19,1.5641
24.793,26.605,0.97011,-0.20362,42.006,1.4094
24.887,26.584,0.94977,-0.1919,41.834,1.2718
24.988,26.565,0.96376,-0.17933,41.674,1.1048
25.081,26.547,0.97317,-0.16757,41.522,0.96513
25.176,26.53,0.94422,-0.15558,41.378,0.84947
25.28,26.515,0.89346,-0.14252,41.258,0.73517
25.378,26.501,0.86462,-0.13015,41.132,0.6202
25.466,26.488,0.87089,-0.11887,41.027,0.51126
25.559,26.476,0.88649,-0.10699,40.938,0.40831
25.653,26.465,0.90976,-0.09509,40.851,0.32159
25.753,26.455,0.91964,-0.082417,40.771,0.24069
25.847,26.447,0.89814,-0.070576,40.714,0.15653
25.933,26.44,0.87049,-0.059713,40.669,0.076165
26.028,26.434,0.81092,-0.047884,40.623,0
26.11,26.429,0.72079,-0.037708,40.586,0
26.183,26.426,0.6285,-0.028633,40.562,0
26.246,26.423,0.55685,-0.020919,40.551,0
26.303,26.421,0.50527,-0.013876,40.538,0
26.345,26.419,0.4428,-0.0087482,40.529,0
26.399,26.418,0.41989,-0.0022412,40.533,0
26.432,26.418,0.41031,0.0034952,40.53,0
26.466,26.419,0.38663,0.011605,40.527,0
26.498,26.42,0.34903,0.019111,40.527,0
26.539,26.422,0.33488,0.028848,40.546,0
26.569,26.425,0.31998,0.035334,40.559,0
26.609,26.428,0.28635,0.044372,40.568,0
26.636,26.432,0.25748,0.049879,40.58,0
26.672,26.437,0.23828,0.057324,40.601,0
26.689,26.443,0.24023,0.060153,40.621,0
26.704,26.449,0.21446,0.062333,40.65,0
26.731,26.455,0.23749,0.067461,40.671,0
26.759,26.462,0.24743,0.072777,40.702,0
26.785,26.469,0.25696,0.077362,40.734,0
26.821,26.477,0.28287,0.084189,40.774,0
26.849,26.486,0.35376,0.089176,40.809,0
26.884,26.495,0.39798,0.095431,40.855,0
26.884,26.504,0,0.10206,40.894,0
26.956,26.514,0.46031,0.10834,40.93,0
27.008,26.525,0.47196,0.11846,40.967,0
27.054,26.537,0.47042,0.12694,41.016,0
27.097,26.55,0.47014,0.1345,41.066,0
27.151,26.563,0.47785,0.14436,41.115,0
27.151,26.578,0,0.15239,41.173,0
27.259,26.593,0.53567,0.16372,41.241,0
27.303,26.609,0.54196,0.17064,41.305,0
27.348,26.626,0.53658,0.17763,41.381,0
27.407,26.644,0.53039,0.18796,41.462,0
27.468,26.663,0.51089,0.19829,41.535,0
27.526,26.683,0.47446,0.20797,41.609,0
27.568,26.703,0.4509,0.21324,41.686,0
27.613,26.725,0.45344,0.21918,41.767,0
27.649,26.747,0.47397,0.22262,41.849,0
27.69,26.769,0.45704,0.22734,41.948,0
27.69,26.792,0,0.23146,42.039,0
27.778,26.815,0.45644,0.23819,42.146,0
27.825,26.839,0.4129,0.2439,42.241,0
27.862,26.863,0.34763,0.24712,42.338,0
27.905,26.888,0.35052,0.25198,42.444,0
27.905,26.913,0,0.25217,42.544,0
27.96,26.938,0.21606,0.25326,42.637,0
27.979,26.963,0.18475,0.25204,42.749,0
28.004,26.989,0.14009,0.25204,42.85,0
28.008,27.014,0.04771,0.24696,42.951,0
28.004,27.039,0.018265,0.23983,43.048,0
28.004,27.063,-0.0024935,0.2341,43.145,0
28.001,27.086,-0.023229,0.22772,43.244,0
28,27.109,-0.052171,0.22169,43.329,0
28.002,27.131,-0.085461,0.21688,43.411,0
27.99,27.153,-0.12444,0.20838,43.492,0
27.98,27.173,-0.14182,0.20096,43.58,0
27.969,27.194,-0.16182,0.19318,43.649,0
27.956,27.213,-0.16081,0.18536,43.733,0
27.948,27.231,-0.15315,0.17864,43.806,0
27.937,27.249,-0.15464,0.17166,43.872,0
27.918,27.266,-0.19477,0.16254,43.946,0
27.904,27.283,-0.20795,0.15519,44.016,0
