6.1111,6.1111,-0.15238,0,35.5,0.38018
6.0885,6.1111,-0.08488,6.7,35.504,62.682
6.0885,6.7811,0,6.7,35.468,65.648
6.0531,7.4511,-0.31471,6.7,35.368,77.097
6.0302,8.1211,-0.41975,6.7,35.185,84.383
5.9822,8.7911,-0.48223,6.7,34.948,91.016
5.9391,9.4611,-0.49878,6.7,34.635,96.617
5.883,10.131,-0.59208,6.7,34.243,104.18
5.8188,10.801,-0.69916,-0.30319,33.776,26.132
5.752,10.771,-0.76085,-0.31219,33.268,27.181
5.684,10.74,-0.76744,-0.32158,32.758,27.408
5.6119,10.707,-0.78288,-0.33148,32.253,27.787
5.5261,10.674,-0.7792,-0.34288,31.731,27.937
5.4389,10.64,-0.74557,-0.35467,31.215,27.627
5.374,10.605,-0.57537,-0.36543,30.692,25.217
5.374,10.568,0,-0.37617,30.171,17.908
5.2795,10.53,-0.30414,-0.38587,29.63,21.58
5.252,10.492,-0.11753,-0.3952,29.097,19.253
5.2497,10.452,0.086619,-0.40281,28.568,16.846
5.2519,10.412,0.16432,-0.4101,28.048,15.825
5.2632,10.371,0.22798,-0.41659,27.54,14.935
5.2763,10.329,0.21783,-0.42334,27.024,14.718
5.2982,10.287,0.23034,-0.42925,26.52,14.262
5.3223,10.244,0.24177,-0.43515,26.015,13.808
5.3541,10.201,0.25928,-0.44015,25.524,13.279
5.3709,10.157,0.28248,-0.44649,25.04,12.767
5.4072,10.112,0.31897,-0.45081,24.567,12.087
5.433,10.067,0.32795,-0.45603,24.102,11.674
5.4589,10.021,0.31805,-0.46144,23.636,11.408
5.4589,9.975,0,-0.46531,23.182,13.842
5.4589,9.9285,0,-0.4701,22.732,13.584
5.5496,9.8815,0.31116,-0.47475,22.308,10.402
5.5721,9.834,0.33567,-0.48006,21.871,9.9061
5.5721,9.786,0,-0.48307,21.447,12.297
5.6516,9.7377,0.37437,-0.48568,21.034,8.9108
5.6806,9.6891,0.3729,-0.48938,20.628,8.5987
5.7192,9.6402,0.3323,-0.49157,20.232,8.5092
5.753,9.591,0.33245,-0.49443,19.835,8.1742
5.7894,9.5416,0.31784,-0.49632,19.454,7.9294
5.7894,9.492,0,-0.49935,19.081,9.9106
5.7894,9.442,0,-0.50216,18.713,9.6783
5.8699,9.3918,0.16227,-0.50467,18.342,7.9861
5.8699,9.3413,0,-0.50672,17.992,8.8868
5.9027,9.2907,-0.014564,-0.51102,17.655,8.6195
5.8969,9.2396,-0.036313,-0.51696,17.327,8.5512
5.8919,9.1879,-0.046477,-0.52332,16.99,8.3914
5.8795,9.1355,-0.01412,-0.53089,16.657,7.9569
5.8696,9.0825,0.00056794,-0.53782,16.33,7.644
5.8687,9.0287,-0.053778,-0.54251,16.02,7.7724
5.8646,8.9744,-0.14231,-0.54764,15.713,8.1579
5.8583,8.9197,-0.2133,-0.55302,15.41,8.4425
5.8404,8.8644,-0.32253,-0.56046,15.111,9.081
5.8017,8.8083,-0.4684,-0.57257,14.803,10.151
5.7615,8.7511,-0.57099,-0.58428,14.51,10.925
5.6968,8.6926,-0.63419,-0.60146,14.213,11.433
5.6397,8.6325,-0.59304,-0.61733,13.918,10.892
5.5749,8.5707,-0.42171,-0.63592,13.615,9.2381
5.5749,8.5072,0,-0.6518,13.318,5.9524
5.5055,8.442,0.019382,-0.66011,13.02,5.8158
5.5047,8.376,0.19078,-0.66488,12.722,4.718
5.5047,8.3095,0,-0.66103,12.439,5.4562
5.5633,8.2434,0.24525,-0.65583,12.176,3.9533
5.585,8.1778,0.21493,-0.65139,11.921,3.8378
5.6059,8.1126,0.16372,-0.64684,11.668,3.808
5.6206,8.048,0.17574,-0.64385,11.415,3.5465
5.6301,7.9836,0.16716,-0.64162,11.168,3.3806
5.6436,7.9194,0.13214,-0.63611,10.942,3.3135
5.6634,7.8558,0.18203,-0.62781,10.726,2.9437
5.6808,7.793,0.1772,-0.61946,10.517,2.7793
5.6889,7.7311,0.096083,-0.61354,10.31,2.8838
5.7019,7.6697,0.12519,-0.60577,10.106,2.6185
5.7086,7.6091,0.13584,-0.59862,9.9153,2.4385
5.717,7.5493,-0.011231,-0.59053,9.7278,2.7734
5.7182,7.4902,-0.071838,-0.58415,9.5464,2.8542
5.7059,7.4318,-0.01149,-0.58164,9.3713,2.5166
5.7032,7.3737,-0.031924,-0.57545,9.2001,2.4597
5.707,7.3161,-0.12023,-0.56703,9.0282,2.6405
5.707,7.2594,0,-0.56708,8.8701,2.0785
5.6645,7.2027,-0.22591,-0.56613,8.704,2.8615
5.6485,7.1461,-0.3874,-5.2,8.5427,32.891
5.6485,6.6261,0,-0.36052,8.419,1.2799
5.5563,6.59,-0.67615,-0.37177,8.3278,4.557
5.4841,6.5529,-0.71782,-5.2,8.2327,23.343
5.4084,6.0329,-0.84063,-0.21177,8.1446,5.0949
5.316,6.0117,-0.85802,-0.23796,8.0839,5.3664
5.316,5.9879,0,-0.26209,8.0155,0.83743
5.1532,5.9617,-0.78467,-8.8,7.9349,7.0499
5.0757,5.0817,-0.79498,-0.0017722,7.9039,3.5173
5.0757,5.0815,0,-0.026469,7.9034,0
4.9177,5.0789,-0.8448,-0.047809,7.892,4.234
4.8266,5.0741,-0.89512,-0.073671,7.8705,4.8288
4.7358,5.0667,-0.90151,-0.098802,7.848,5.0757
4.6411,5.0568,-0.93714,-0.12473,7.815,5.5741
4.5464,5.0444,-0.83422,-0.15076,7.7596,4.9098
4.4712,5.0293,-0.6525,-0.17008,7.7133,3.7279
4.4105,5.0123,-0.50977,-0.18483,7.6609,2.9431
4.3537,4.9938,-0.39008,-0.1986,7.5955,2.3807
4.3158,4.9739,-0.27169,-0.20634,7.5275,1.8703
4.2813,4.9533,-0.30527,-8.8,7.4642,0
4.2545,4.0733,-0.44875,0.22271,7.4384,1.9367
4.2162,4.0956,-0.58575,0.14702,7.448,2.5337
4.1585,4.1103,-0.70266,0.058537,7.4561,3.0388
4.0916,4.1161,-0.71601,-0.0063749,7.4503,3.0275
4.0916,4.1155,0,-0.026009,7.4478,0
3.9435,4.1129,-0.63689,-0.044005,7.4493,2.8664
3.8715,4.1085,-0.69021,-0.061846,7.4234,3.3604
3.7952,4.1023,-0.64615,-0.080628,7.3891,3.2379
3.7317,4.0942,-0.58819,-0.095845,7.3493,3.0043
3.6799,4.0846,-0.72495,-0.10769,7.3092,3.9867
3.606,4.0739,-0.68699,-0.12533,7.2665,3.8702
3.5309,4.0613,-0.37632,-0.14347,7.2099,2.2094
3.491,4.047,-0.2072,-0.15143,7.1625,1.5286
3.4657,4.0319,-0.13206,-0.15589,7.0984,1.2704
3.443,4.0163,0.25562,-0.15956,7.0338,0.34605
3.463,4.0003,0.60182,-8.8,6.9723,0
3.5299,3.1203,0.78827,0.74068,6.9636,0
3.6001,3.1944,1.0053,0.70858,6.9976,0
3.6954,3.2652,1.3783,0.72873,7.0464,0
3.8423,3.3381,1.6807,0.8273,7.0867,0
4.0138,3.4208,1.8481,0.94106,7.146,0
4.1916,3.5149,1.9782,1.0339,7.2061,0
4.3822,3.6183,2.1391,1.1224,7.2822,0
4.6032,3.7306,2.212,1.2315,7.3703,0
4.8225,3.8537,2.1831,1.3087,7.4574,0
5.0454,3.9846,2.1534,1.3704,7.5505,0
5.2672,4.1216,2.0766,1.4163,7.6581,0
5.4687,4.2633,1.8957,1.4283,7.7785,0
5.656,4.4061,1.6205,1.4218,7.9042,0
5.8143,4.5483,1.3248,1.3854,8.0316,0
5.9507,4.6868,0.9206,1.3342,8.1611,0
5.9507,4.8202,0,1.238,8.2808,1.3203
6.0826,4.944,-0.11283,1.1271,8.3922,1.3416
6.081,5.0567,-0.55283,0.98828,8.5068,3.8389
6.0245,5.1556,-0.98912,0.81989,8.6025,7.2748
6.0245,5.2376,0,0.6306,8.6853,0
5.7838,5.3006,-1.5744,0.44187,8.7497,13.456
5.6355,5.3448,-1.7679,0.26323,8.7883,15.953
5.4491,5.3711,-1.9576,0.070165,8.8084,18.729
5.2565,5.3781,-2.0553,-0.032005,8.8095,20.942
5.0439,5.3749,-2.0468,-0.087378,8.7898,21.562
5.0439,5.3662,0,-0.14192,8.7571,0.36302
5.0439,5.352,0,-0.18759,8.7256,0.2409
4.5037,5.3332,-0.87951,-0.22443,8.6158,6.2474
4.4112,5.3108,-0.39176,-0.24635,8.5294,3.0308
4.3751,5.2862,0.047929,-0.25311,8.4293,1.2844
4.372,5.2609,0.35286,-0.25016,8.3372,0.62089
4.4172,5.2358,0.45632,-0.23283,8.2585,0.42047
4.4544,5.2126,0.49704,-0.21787,8.1833,0.32102
4.5105,5.1908,0.58509,-0.19757,8.1084,0.20462
4.5757,5.171,0.67883,-0.1744,8.0459,0.12885
4.6407,5.1536,0.71033,-0.15166,7.9829,0.06767
4.7182,5.1384,0.69911,-0.125,7.9384,0
4.794,5.1259,0.6721,-0.099217,7.9022,0
4.8685,5.116,0.59784,-0.074121,7.8828,0
4.9294,5.1086,0.47023,-0.053816,7.8617,0
4.9813,5.1032,0.38173,-0.036656,7.852,0
5.0123,5.0995,0.37871,-0.026208,7.8493,0
5.0584,5.0969,0.36581,-0.011587,7.8369,0
5.0584,5.0958,0,-0.0011019,7.8331,0.074902
5.1204,5.0956,0.31404,0.021987,7.8502,0
5.1505,5.0978,0.28634,0.046722,7.8627,0
5.173,5.1025,0.2499,0.062448,7.8593,0
5.2045,5.1088,0.21456,0.08472,7.8668,0
5.2326,5.1172,0.22077,0.10202,7.8861,0
5.2551,5.1274,0.27539,0.11282,7.9068,0
5.2551,5.1387,0,0.122,7.919,0.028207
5.2994,5.1509,0.25328,0.13051,7.931,0
5.3344,5.164,0.21325,0.14938,7.9428,0
5.3587,5.1789,0.13893,0.15722,7.9631,0
5.3686,5.1946,0.029311,0.15153,7.9754,0
5.3716,5.2098,-0.085482,0.1406,7.9968,0.1979
5.3666,5.2238,-0.1414,0.12386,8.0216,0.36214
5.3593,5.2362,-0.1982,0.10656,8.039,0.54235
5.3403,5.2469,-0.27702,0.080731,8.0571,0.81551
5.305,5.255,-0.33582,0.043209,8.073,1.0278
5.2649,5.2593,-0.36015,0.0048777,8.0706,1.1067
5.2231,5.2598,-0.385,-0.010882,8.0752,1.2741
5.1932,5.2587,-0.42334,-0.019422,8.0706,1.4959
5.1504,5.2567,-0.4148,-0.031533,8.0715,1.5329
5.1079,5.2536,-0.37618,-0.043241,8.0664,1.434
5.1079,5.2493,0,-0.055341,8.0521,0.17403
5.0408,5.2437,-0.24185,-0.060443,8.0386,1.0017
5.0086,5.2377,-0.1641,-0.068504,8.0127,0.78068
4.9937,5.2308,-0.074828,-0.071015,7.9988,0.53014
4.9908,5.2237,0.017957,-0.069967,7.9772,0.29436
4.9895,5.2167,0.075237,-0.068474,7.9551,0.16651
4.9895,5.2099,0,-0.062445,7.9327,0.32564
5.0116,5.2036,0.2128,-0.058207,7.9134,0
5.0343,5.1978,0.23966,-0.049645,7.8996,0
5.0566,5.1928,0.22503,-0.041413,7.8902,0
5.0881,5.1887,0.21147,-0.030666,7.8734,0
5.1082,5.1856,0.20431,-0.023679,7.8556,0
5.131,5.1833,0.19893,-0.015988,7.8523,0
5.131,5.1817,0,-0.0083166,7.8471,0.08712
5.131,5.1808,0,0.00041944,7.8421,0.10463
5.2003,5.1809,0.26497,0.016709,7.8455,0
5.2305,5.1826,0.24025,0.041339,7.8442,0
5.2535,5.1867,0.21636,0.057488,7.8412,0
5.2728,5.1924,0.20081,0.069142,7.8545,0
5.289,5.1994,0.18706,0.076978,7.8648,0
5.3064,5.2071,0.16237,0.085314,7.8807,0
5.33,5.2156,0.16715,0.098002,7.8836,0
5.3415,5.2254,0.17738,0.099162,7.8901,0
5.3605,5.2353,0.22658,0.10665,7.8935,0
5.3807,5.246,0.25366,0.11455,7.9082,0
5.4035,5.2574,0.30955,0.12406,7.9296,0
5.437,5.2698,0.38476,0.1417,7.9444,0
5.4658,5.284,0.44674,0.15361,7.9558,0
5.5153,5.2994,0.43101,0.18193,7.9762,0
5.5658,5.3175,0.40002,0.20854,8.0003,0
5.6104,5.3384,0.38081,0.2278,8.0338,0
5.6414,5.3612,0.30824,0.23386,8.0642,0
5.6821,5.3846,0.25753,0.24739,8.0979,0
5.7023,5.4093,0.25904,0.24241,8.1225,0
5.7371,5.4335,0.29557,0.24984,8.1432,0
5.7623,5.4585,0.28552,0.24884,8.1687,0
5.7866,5.4834,0.31614,0.24709,8.192,0
5.8168,5.5081,0.28951,0.25041,8.2188,0
5.853,5.5332,0.22906,0.25847,8.2522,0
5.878,5.559,0.16617,0.25682,8.2924,0
5.8945,5.5847,0.14337,0.24852,8.3299,0
5.9056,5.6095,0.11688,0.23651,8.3588,0
5.9245,5.6332,0.12644,0.23167,8.3848,0
5.9344,5.6564,0.16996,0.22024,8.41,0
5.9598,5.6784,0.21334,0.22196,8.4329,0
5.9903,5.7006,0.20448,0.22778,8.4632,0
6.0027,5.7234,0.20744,0.21897,8.4984,0
6.0187,5.7453,0.22255,0.21365,8.5273,0
6.0399,5.7666,0.204,0.21258,8.5462,0
6.0658,5.7879,0.19537,0.21534,8.5667,0
6.085,5.8094,0.23479,0.21274,8.5906,0
6.1179,5.8307,0.21882,0.22116,8.6256,0
6.144,5.8528,0.16359,0.22356,8.6578,0
6.1546,5.8752,0.11913,0.2138,8.6847,0
6.164,5.8965,0.086825,0.20409,8.7209,0
6.1638,5.917,-0.012163,0.18776,8.7461,0
6.1691,5.9357,-0.063676,0.17706,8.7707,0.067821
6.1645,5.9534,-0.080065,0.15969,8.795,0.11838
6.163,5.9694,-0.11211,0.14606,8.8099,0.21364
6.1563,5.984,-0.1696,0.12973,8.8298,0.39465
6.1312,5.997,-0.14165,0.10077,8.8374,0.31436
6.1186,6.0071,-0.16734,0.083528,8.8409,0.39783
6.1008,6.0154,-0.20908,0.063818,8.8415,0.53716
6.0737,6.0218,-0.23499,0.038703,8.8427,0.62991
6.06,6.0257,-0.23922,0.025608,8.8502,0.64714
6.0443,6.0282,-0.25866,0.011964,8.8544,0.71729
6.012,6.0294,-0.21967,-0.0051467,8.8632,0.61648
5.9888,6.0289,-0.18608,-0.011806,8.8689,0.54585
5.9763,6.0277,-0.13232,-0.015141,8.8645,0.40356
5.9716,6.0262,-0.12158,-0.016105,8.8533,0.37823
5.9675,6.0246,-0.15521,-0.016866,8.8479,0.47898
5.9554,6.0229,-0.16985,-0.019994,8.8342,0.53968
5.9436,6.0209,-0.13242,-0.022887,8.8301,0.4442
5.9388,6.0186,-0.10758,-0.023688,8.816,0.37842
5.9388,6.0163,0,-0.023517,8.8081,0.10984
5.9236,6.0139,-0.022472,-0.026928,8.7892,0.17979
5.9304,6.0112,-0.026487,-0.02414,8.7752,0.175
5.9196,6.0088,-0.08306,-0.02663,8.7734,0.32675
5.9196,6.0061,0,-0.030047,8.7646,0.11456
5.8852,6.0031,-0.17107,-0.035278,8.7601,0.62351
5.8728,5.9996,-0.18997,-0.038029,8.7425,0.69744
5.8728,5.9958,0,-0.041775,8.73,0.16519
5.8321,5.9916,-0.18665,-0.048142,8.7028,0.73895
5.8152,5.9868,-0.17316,-0.051825,8.6945,0.71505
5.8032,5.9816,-0.21505,-0.054048,8.6731,0.86359
5.8032,5.9762,0,-0.056885,8.6556,0.23707
5.7709,5.9705,-0.237,-0.060626,8.648,0.97461
5.7446,5.9645,-0.22874,-0.06686,8.6371,0.97888
5.7164,5.9578,-0.24218,-0.073758,8.6051,1.0616
5.6914,5.9504,-0.21037,-0.079551,8.5718,0.97676
5.6914,5.9425,0,-0.085868,8.5463,0.33766
5.642,5.9339,-0.15493,-0.0902,8.5233,0.84393
5.6362,5.9248,-0.11729,-0.08956,8.4946,0.72217
5.6173,5.9159,-0.052771,-0.092865,8.4744,0.55592
5.6154,5.9066,0.017565,-0.090845,8.45,0.37204
5.6236,5.8975,0.060325,-0.085892,8.4149,0.25469
5.6236,5.8889,0,-0.08046,8.3879,0.38084
5.6429,5.8809,0.13465,-0.075224,8.3586,0.06834
5.6576,5.8734,0.14107,-0.068529,8.3278,0.028519
5.6776,5.8665,0.09841,-0.060269,8.2998,0.064828
5.6818,5.8605,0.07909,-0.05706,8.2893,0.086225
5.6818,5.8548,0,-0.053064,8.2717,0.24565
5.7032,5.8495,0.059315,-0.046886,8.2598,0.079756
5.7154,5.8448,0.071394,-0.04156,8.243,0.033985
5.7159,5.8406,0.1241,-0.040074,8.2386,0
5.7299,5.8366,0.14441,-0.034382,8.221,0
5.7396,5.8332,0.14663,-0.030144,8.217,0
5.7547,5.8302,0.12887,-0.024311,8.2149,0
5.7766,5.8277,0.12201,-0.016514,8.2025,0
5.7912,5.8261,0.11323,-0.011289,8.1931,0
5.8075,5.825,0.1162,-0.0056387,8.1954,0
5.8105,5.8244,0.1212,-0.0044751,8.1992,0
5.8244,5.8239,0.13747,0.00034265,8.2032,0
5.8405,5.824,0.097966,0.012176,8.201,0
5.8417,5.8252,0.0629,0.012146,8.2021,0
5.8474,5.8264,0.053773,0.015447,8.1987,0
5.8513,5.828,0.075603,0.017157,8.1957,0
5.8575,5.8297,0.08418,0.02051,8.2037,0
5.864,5.8317,0.11377,0.023794,8.2153,0
5.8791,5.8341,0.11611,0.033176,8.2132,0
5.8933,5.8374,0.089951,0.04112,8.2101,0
5.9068,5.8415,-0.0090365,0.047992,8.2147,0
5.9154,5.8463,-0.084931,0.050721,8.2207,0.16994
5.9101,5.8514,-0.13237,0.043113,8.2327,0.30374
5.9041,5.8557,-0.18478,0.035485,8.2331,0.46386
5.8832,5.8593,-0.25574,0.017576,8.2435,0.70495
5.8526,5.861,-0.27234,-0.0027002,8.2505,0.78133
5.8212,5.8607,-0.34086,-0.012735,8.2444,1.0922
5.7886,5.8595,-0.61787,-0.022871,8.2364,2.5047
5.7216,5.8572,-1.0022,-0.043761,8.2332,5.4459
5.618,5.8528,-1.4263,-0.076098,8.2071,10.325
5.4812,5.8452,-1.9119,-0.11857,8.1748,18.593
5.4812,5.8333,0,-0.17528,8.139,0.35359
5.0636,5.8158,-2.8125,-0.24922,8.0651,11.302
4.7869,5.7909,-3.118,-0.33735,7.9736,11.715
4.4687,5.7572,-3.3565,-8.8,7.8536,0
4.1247,4.8772,-3.4972,-0.21975,7.7583,11.143
3.7817,4.8552,-3.4838,-0.31785,7.671,11.319
3.7817,4.8234,0,-0.41895,7.5653,1.2748
3.1157,4.7815,-3.0645,-0.51585,7.3909,10.901
2.8072,4.7299,-2.7967,-8.8,7.2155,0
2.5337,3.8499,-2.4656,-0.34896,7.0466,8.9047
2.2784,3.815,-2.1774,-0.41655,6.911,8.5488
2.2784,3.7734,0,-8.8,6.7594,0
1.8674,2.8934,-1.676,-0.22276,6.5971,6.5112
1.8674,2.8711,0,-0.25723,6.4957,1.6466
1.5729,2.8454,-1.2698,-8.8,6.3697,0
1.4377,1.9654,-1.1498,-0.081694,6.287,4.2358
1.3227,1.9572,-1.0314,-0.099475,6.2222,4.1674
1.3227,1.9473,0,-0.11546,6.1592,1.1243
1.1269,1.9357,-0.824,-0.12986,6.0887,4.02
1.0497,1.9227,-0.74488,-0.14278,5.9947,3.9495
0.96732,1.9084,-0.6682,-8.8,5.9018,0
0.89279,1.0284,-0.60034,-0.011769,5.845,1.8934
0.89279,1.0273,0,-0.016552,5.8315,0.2469
0.78879,1.0256,-0.4596,-0.020711,5.8062,1.7994
0.73519,1.0235,-0.39434,-0.025378,5.7762,1.7636
0.68906,1.021,-0.35254,-0.029462,5.7374,1.7575
0.65876,1.0181,-0.27189,-0.032106,5.7031,1.6807
0.63161,1.0148,-0.10419,-0.034448,5.671,1.0957
0.61517,1.0114,0.09555,-0.03584,5.637,0.54539
0.63328,1.0078,0.31589,-0.034099,5.6018,0.097395
0.65949,1.0044,0.54183,-0.031612,5.5669,0
0.71178,1.0012,0.70904,-0.026688,5.5355,0
0.77979,0.99858,0.76555,-0.020222,5.5174,0
0.84924,0.99656,0.78229,-0.013652,5.5014,0
0.93225,0.99519,0.77419,-8.8,5.4877,0
1.0084,0.11519,0.80485,0.80485,5.526,0
1.0797,0.19568,0.8952,0.8952,5.6178,0
1.1643,0.2852,1.0751,1.0751,5.699,0
1.2793,0.3927,1.2743,1.2743,5.7895,0
1.3986,0.52013,1.5013,1.5013,5.8825,0
1.5519,0.67026,1.6787,1.6787,5.9681,0
1.7208,0.83813,1.7829,1.7829,6.0657,0
1.9012,1.0164,1.7912,4.9,6.1518,12.769
2.0846,1.5064,1.8042,3.1885,6.216,3.3216
2.2679,1.8253,1.8224,1.7821,6.2591,0
2.4483,2.0035,1.8443,1.5414,6.298,0
2.6417,2.1576,1.8253,1.492,6.3446,0
2.8212,2.3068,1.7881,1.4282,6.3975,0
2.9992,2.4497,1.7223,1.3888,6.4419,0
2.9992,2.5885,0,1.3529,6.4899,4.6907
2.9992,2.7238,0,1.2977,6.5242,4.898
3.4799,2.8536,1.4248,1.2564,6.6169,0
3.6291,2.9792,1.3641,1.2249,6.6891,0
3.761,3.1017,1.3018,1.1707,6.7476,0
3.8881,3.2188,1.2305,1.1261,6.8074,0
4.0126,3.3314,1.1722,1.0917,6.8757,0
4.0126,3.4406,0,1.0625,6.9384,2.3862
4.2519,3.5468,1.1184,1.0366,7.0191,0
4.363,3.6505,1.1058,1.0072,7.0888,0
4.4731,3.7512,1.0974,0.9835,7.1571,0
4.5789,3.8496,1.0678,0.96105,7.237,0
4.6779,3.9457,1.0356,0.93525,7.3185,0
4.7776,4.0392,1.0117,0.91404,7.3837,0
4.8773,4.1306,1.0035,0.8991,7.4639,0
4.8773,4.2205,0,0.87696,7.5341,1.1941
5.0794,4.3082,1.0462,0.88051,7.6092,0
5.0794,4.3963,0,0.86566,7.682,1.06
5.2807,4.4828,1.1312,0.86762,7.7615,0
5.4027,4.5696,1.1507,0.88624,7.8492,0
5.523,4.6582,1.1356,0.89987,7.9379,0
5.6324,4.7482,1.09,0.89943,8.0212,0
5.7394,4.8381,0.98412,0.89815,8.1188,0
5.8454,4.9279,0.84492,0.89537,8.2094,0
5.9364,5.0175,0.75319,0.87817,8.2932,0
5.9364,5.1053,0,0.84858,8.3807,0.53138
6.0821,5.1902,0.77008,0.82115,8.4739,0
6.1501,5.2723,0.80864,0.7941,8.5574,0
6.2326,5.3517,0.82968,0.78511,8.6546,0
6.317,5.4302,0.78824,0.77825,8.7409,0
6.3998,5.508,0.68131,0.77091,8.8275,0
6.3998,5.5851,0,0.7491,8.9128,0.19397
6.524,5.66,0.433,0.72699,9.0121,0
6.5597,5.7327,0.36888,0.68648,9.0913,0
6.5969,5.8014,0.33757,0.65246,9.171,0
6.6285,5.8666,0.30173,0.61781,9.2465,0
6.6664,5.9284,0.27111,0.59255,9.3264,0
6.6932,5.9877,0.2627,0.56122,9.4031,0
6.7224,6.0438,0.26101,0.53492,9.4717,0
6.7418,6.0973,0.24132,0.50395,9.5419,0
6.7418,6.1477,0,0.47447,9.6039,0
6.7908,6.1951,0.22549,0.45881,9.6657,0
6.8142,6.241,0.21904,0.43832,9.7214,0
6.8362,6.2848,0.20088,0.41871,9.7752,0
6.8475,6.3267,0.17007,0.39315,9.8299,0
6.8611,6.366,0.10687,0.37159,9.8824,0
6.8747,6.4032,0.069909,0.35176,9.9223,0
6.8876,6.4383,0.0050591,0.33341,9.9652,0
6.8971,6.4717,-0.060317,0.31411,10.006,0
6.8973,6.5031,-0.11937,0.28993,10.053,0.17037
6.8893,6.5321,-0.14325,0.26144,10.081,0.25243
6.8804,6.5582,-0.16418,0.23475,10.107,0.32662
6.8579,6.5817,-0.17658,0.20069,10.142,0.3769
6.8579,6.6018,0,0.17029,10.169,0
6.8109,6.6188,-0.17446,0.13873,10.179,0.3879
6.7967,6.6327,-0.1521,0.11814,10.188,0.32426
6.7823,6.6445,-0.16209,0.099056,10.2,0.36283
6.7743,6.6544,-0.18042,0.086089,10.214,0.42578
6.7504,6.663,-0.18845,0.062619,10.22,0.46089
6.7406,6.6693,-0.1983,0.05108,10.236,0.49737
6.7303,6.6744,-0.26245,0.040052,10.248,0.71987
6.7072,6.6784,-0.35323,0.020649,10.26,1.0723
6.6776,6.6804,-0.42464,-0.00072385,10.257,1.3864
6.6263,6.6804,-0.49261,-0.013976,10.26,1.8138
6.5834,6.679,-0.57698,-0.024734,10.259,2.3502
6.5178,6.6765,-0.6462,-0.041149,10.241,2.8993
6.4572,6.6724,-0.67613,-0.055928,10.223,3.2189
6.3853,6.6668,-0.67898,-0.073278,10.206,3.3929
6.3121,6.6595,-0.67077,-0.090683,10.182,3.4938
6.3121,6.6504,0,-0.10692,10.148,0.47726
6.1701,6.6397,-0.61499,-0.12372,10.105,3.4149
6.1171,6.6273,-0.62028,-0.13507,10.064,3.5388
6.0528,6.6138,-0.64834,-0.14961,10.006,3.8334
5.9816,6.5989,-0.68064,-0.16606,9.9384,4.1767
5.9206,6.5823,-0.71636,-0.1793,9.8783,4.5275
5.9206,6.5643,0,-0.19459,9.813,0.94574
5.7813,6.5449,-0.73666,-0.21128,9.7182,4.896
5.7087,6.5237,-0.70828,-0.22786,9.6372,4.7945
5.6305,6.501,-0.818,-0.2461,9.5501,5.7591
