17.222,17.222,-0.43679,0,35.5,1.4358
17.169,17.222,-0.28935,-0.0049305,35.504,0.96017
17.141,17.222,-0.28493,-0.0075196,35.49,1.0126
17.114,17.221,-0.24562,-0.0098937,35.473,0.92896
17.09,17.22,-0.29665,-0.0121,35.457,1.182
17.066,17.219,-0.3078,-0.014251,35.441,1.2861
17.037,17.217,-0.3589,-0.016755,35.428,1.5753
17.008,17.216,-0.38577,-0.019303,35.41,1.7725
16.975,17.214,-0.38578,-0.022231,35.394,1.8597
16.94,17.212,-0.33318,-0.025379,35.363,1.7094
16.914,17.209,-0.31923,-0.027591,35.334,1.7103
16.887,17.206,-0.23621,-0.029876,35.308,1.423
16.859,17.203,-0.11389,-0.032241,35.285,1.0332
16.854,17.2,-0.034048,-0.032452,35.252,0.78472
16.858,17.197,0.15729,-0.031837,35.215,0.29926
16.868,17.194,0.31505,-0.030622,35.175,0.022693
16.894,17.191,0.40316,-0.027943,35.146,0
16.894,17.188,0,-0.024851,35.116,0.58511
16.894,17.185,0,-0.019585,35.087,0.59345
17.041,17.183,0.51536,-0.013418,35.079,0
17.085,17.182,0.51063,-0.0091618,35.063,0
17.138,17.181,0.49862,-0.0040902,35.06,0
17.187,17.181,0.45319,0.0029316,35.052,0
17.226,17.181,0.39346,0.019714,35.046,0
17.267,17.183,0.40649,0.037077,35.059,0
17.301,17.187,0.39248,0.050398,35.076,0
17.34,17.192,0.41587,0.065351,35.096,0
17.34,17.198,0,0.079468,35.111,0
17.413,17.206,0.46696,0.091351,35.131,0
17.462,17.215,0.49,0.10862,35.163,0
17.515,17.226,0.51302,0.12743,35.194,0
17.562,17.239,0.53339,0.14264,35.233,0
17.562,17.253,0,0.16369,35.265,0
17.683,17.269,0.54162,0.18206,35.301,0
17.734,17.288,0.5554,0.19612,35.337,0
17.786,17.307,0.57988,0.21032,35.389,0
17.841,17.328,0.58916,0.2253,35.441,0
17.841,17.351,0,0.24064,35.491,0
17.967,17.375,0.59233,0.25949,35.554,0
18.031,17.401,0.58327,0.27591,35.616,0
18.081,17.428,0.58227,0.28548,35.671,0
18.134,17.457,0.58284,0.29611,35.747,0
18.19,17.487,0.60041,0.3071,35.811,0
18.26,17.517,0.62347,0.32381,35.884,0
18.313,17.55,0.64188,0.33268,35.95,0
18.383,17.583,0.64666,0.34798,36.029,0
18.438,17.618,0.56981,0.3562,36.103,0
18.499,17.653,0.5333,0.36685,36.192,0
18.548,17.69,0.51624,0.37171,36.28,0
18.606,17.727,0.48776,0.38018,36.358,0
18.654,17.765,0.36517,0.38413,36.442,0
18.686,17.804,0.30449,0.38053,36.526,0
18.714,17.842,0.32697,0.37563,36.614,0
18.749,17.879,0.54673,0.37399,36.696,0
18.801,17.917,0.82476,0.37959,36.787,0
18.88,17.955,1.239,0.39693,36.873,0
19.004,17.994,1.6572,0.43248,36.968,1.2369
19.179,18.038,1.9142,0.48806,37.078,2.2572
19.373,18.086,1.9166,0.54927,37.197,2.1854
19.566,18.141,1.8112,0.60738,37.332,1.6288
19.738,18.202,1.6314,0.65332,37.481,0.80202
19.907,18.267,1.4867,0.69583,37.64,0.17707
20.049,18.337,1.4757,0.72499,37.812,0.095131
20.19,18.409,1.4999,0.7519,37.978,0.15084
20.19,18.485,0,0.7817,38.152,0
20.488,18.563,1.6691,0.80874,38.341,0.76949
20.655,18.644,1.7402,0.84254,38.538,1.0447
20.831,18.728,1.5834,0.87821,38.74,0.33055
20.982,18.816,1.4341,0.90214,38.954,0
21.133,18.906,1.4461,0.92499,39.182,0
21.271,18.999,1.4587,0.94083,39.408,0
21.414,19.093,1.5645,0.95849,39.643,0.18868
21.57,19.188,1.5544,0.97992,39.87,0.13237
21.724,19.286,1.4243,0.99982,40.116,0
21.724,19.386,0,1.0136,40.355,0
21.988,19.488,0.91488,1.0189,40.606,0
22.086,19.59,0.63007,1.0141,40.858,0
22.143,19.691,0.52564,0.99306,41.115,0
22.204,19.79,0.44184,0.97441,41.36,0
22.241,19.888,0.45969,0.9474,41.602,0
22.296,19.983,0.48647,0.92855,41.833,0
22.341,20.075,0.30435,0.90642,42.054,0
22.367,20.166,0.12564,0.87804,42.276,0
22.388,20.254,0.038194,0.8492,42.495,0
22.388,20.339,-0.097283,0.81328,42.713,0
22.374,20.42,-0.27386,0.77355,42.915,0
22.374,20.497,0,0.73002,43.106,0
22.303,20.57,-0.35922,0.68282,43.291,0
22.266,20.639,-0.3425,0.6403,43.469,0
22.266,20.703,0,0.5985,43.628,0
22.266,20.763,0,0.56083,43.782,0
22.161,20.819,-0.39778,0.52553,43.921,0
22.117,20.871,-0.32251,0.48689,44.054,0
22.082,20.92,-0.3236,0.45339,44.171,0
22.04,20.965,-0.34666,0.41893,44.284,0
22.008,21.007,-0.32241,0.38945,44.384,0
21.97,21.046,-0.28785,0.35912,44.48,0
21.941,21.082,-0.27954,0.33343,44.569,0
21.904,21.115,-0.27071,0.30578,44.654,0
21.881,21.146,-0.25917,0.28475,44.733,0
21.846,21.174,-0.24806,0.2602,44.808,0
21.816,21.2,-0.22624,0.23829,44.864,0
21.792,21.224,-0.27405,0.21966,44.932,0
21.761,21.246,-0.28859,0.19876,44.985,0.11934
21.761,21.266,0,0.17945,45.036,0
21.71,21.284,-0.30534,0.16427,45.079,0.29828
21.681,21.301,-0.31852,0.1467,45.123,0.40806
21.642,21.315,-0.30529,0.12591,45.152,0.43434
21.62,21.328,-0.30945,0.1127,45.191,0.49665
21.581,21.339,-0.31173,0.093126,45.213,0.57526
21.551,21.348,-0.31749,0.078027,45.226,0.65093
21.514,21.356,-0.31877,0.060614,45.253,0.71893
21.477,21.362,-0.33079,0.04412,45.261,0.82476
21.442,21.367,-0.35221,0.028979,45.271,0.96455
21.406,21.37,-0.35567,0.014198,45.278,1.0332
21.406,21.371,0,0.0026421,45.282,0
21.352,21.371,-0.3671,-0.0015077,45.294,1.184
21.309,21.371,-0.33862,-0.0048497,45.281,1.1796
21.309,21.371,0,-0.008152,45.275,0.10988
21.23,21.37,-0.25898,-0.010977,45.264,1.0679
21.23,21.369,0,-0.012403,45.25,0.26619
21.181,21.367,-0.29825,-0.014603,45.243,1.3426
21.148,21.366,-0.29963,-0.017153,45.213,1.4342
21.112,21.364,-0.27399,-0.019802,45.194,1.4172
21.112,21.362,0,-0.021031,45.169,0.49321
21.066,21.36,-0.24897,-0.023132,45.145,1.4255
21.044,21.358,-0.21479,-0.024718,45.105,1.3408
21.031,21.355,-0.25339,-0.025616,45.075,1.5247
21.001,21.353,-0.29786,-0.027756,45.049,1.7883
20.981,21.35,-0.32559,-0.029209,45.007,1.9645
20.957,21.347,-0.39138,-0.03089,44.963,2.3452
20.909,21.344,-0.42927,-0.03448,44.92,2.6802
20.87,21.341,-0.46011,-0.037361,44.872,2.9629
20.827,21.337,-0.52464,-0.040574,44.824,3.4754
20.765,21.333,-0.55345,-0.04528,44.777,3.855
20.7,21.328,-0.60518,-0.050136,44.718,4.4122
20.647,21.323,-0.63278,-0.054112,44.656,4.7829
20.579,21.318,-0.65405,-0.059226,44.595,5.1697
20.517,21.312,-0.6696,-0.063879,44.528,5.499
20.44,21.306,-0.64204,-0.06975,44.439,5.5498
20.381,21.299,-0.5761,-0.074212,44.342,5.2456
20.325,21.291,-0.50908,-0.078376,44.257,4.9394
20.284,21.283,-0.42348,-0.08134,44.155,4.476
20.247,21.275,-0.36175,-0.083905,44.052,4.1778
20.247,21.267,0,-0.086821,43.95,2.2977
20.161,21.258,-0.40242,-0.090172,43.846,4.6651
20.126,21.249,-0.42857,-0.092666,43.726,4.9254
20.093,21.24,-0.49163,-0.09501,43.621,5.4499
20.049,21.23,-0.53544,-0.098191,43.511,5.8955
20.004,21.22,-0.57991,-0.10156,43.392,6.3708
19.949,21.21,-0.6464,-0.10578,43.261,7.087
19.891,21.2,-0.74673,-0.11023,43.134,8.1669
19.891,21.189,0,-0.11646,43.004,3.0228
19.724,21.177,-0.94023,-0.12352,42.855,10.752
19.638,21.165,-1.0659,-0.13049,42.701,12.557
19.638,21.152,0,-0.13917,42.549,3.6134
19.638,21.138,0,-0.14794,42.398,3.5276
19.307,21.123,-1.2501,-0.15796,42.196,16.433
19.307,21.107,0,-0.16893,42.015,4.4377
19.048,21.09,-1.0761,-0.18004,41.804,15.141
18.936,21.072,-0.86715,-0.18982,41.586,12.988
18.84,21.053,-0.71672,-0.19817,41.366,11.653
18.766,21.033,-0.57757,-0.20462,41.144,10.463
18.712,21.013,-0.47437,-0.20932,40.918,9.6234
18.658,20.992,-0.43918,-0.21421,40.68,9.4303
18.616,20.971,-0.49407,-0.21783,40.453,9.9939
18.568,20.949,-0.51203,-0.2221,40.221,10.253
18.522,20.927,-0.49196,-0.2263,39.984,10.15
18.481,20.904,-0.55014,-0.23004,39.737,10.757
18.43,20.881,-0.57443,-0.23474,39.503,11.098
18.375,20.858,-0.66107,-0.24002,39.25,12.098
18.299,20.834,-0.75084,-0.24721,39.008,13.284
18.216,20.809,-0.99428,-0.2553,38.756,16.515
18.118,20.783,-1.1813,-0.2651,38.485,19.484
18.003,20.757,-1.4425,-0.27671,38.221,24.18
17.858,20.729,-1.6983,-0.29168,37.933,29.683
17.692,20.7,-2.0126,-0.30918,37.629,37.556
17.486,20.669,-2.1969,-0.33116,37.32,43.398
17.257,20.636,-2.4023,-0.35617,36.983,50.557
17.025,20.6,-2.5226,-0.38219,36.629,55.572
16.765,20.562,-2.3518,-0.41202,36.258,51.503
16.521,20.521,-2.0542,-0.44085,35.87,44.317
16.323,20.477,-1.7327,-0.46533,35.467,37.399
16.159,20.43,-1.3684,-0.48674,35.046,30.553
16.159,20.382,0,-0.50676,34.622,12.163
15.923,20.331,-0.77062,-0.52101,34.17,21.484
15.848,20.279,-0.60434,-0.53347,33.734,19.322
15.784,20.225,-0.4258,-0.54521,33.281,17.149
15.738,20.171,-0.28129,-0.55468,32.84,15.462
15.711,20.115,-0.14971,-0.56194,32.396,13.954
15.703,20.059,-0.093202,-0.56692,31.95,13.159
15.697,20.003,-0.05378,-0.57111,31.526,12.539
15.701,19.945,-0.034815,-0.57383,31.107,12.076
15.698,19.888,0.077401,-0.57747,30.687,10.885
15.701,19.83,0.17034,-0.58021,30.274,9.9094
15.718,19.772,0.26607,-0.58079,29.863,8.9361
15.746,19.714,0.36884,-0.57927,29.466,7.9636
15.791,19.656,0.44435,-0.57544,29.064,7.1795
15.835,19.599,0.45144,-0.57062,28.691,6.8123
15.889,19.542,0.48025,-0.56391,28.319,6.3174
15.938,19.485,0.48295,-0.55752,27.964,5.9892
15.994,19.43,0.45868,-0.5498,27.606,5.7769
16.048,19.375,0.4847,-0.54185,27.26,5.345
16.105,19.32,0.48771,-0.53299,26.924,5.0278
16.162,19.267,0.43901,-0.52307,26.613,4.9426
16.201,19.215,0.38073,-0.51601,26.309,4.9496
16.201,19.163,0,-0.50947,26.01,6.8432
16.269,19.112,0.25692,-0.50194,25.736,5.0435
16.291,19.062,0.18722,-0.49632,25.464,5.1716
16.31,19.012,0.1436,-0.4913,25.192,5.1865
16.333,18.963,0.083279,-0.48544,24.921,5.2835
16.346,18.915,0.032234,-0.48114,24.661,5.3679
16.34,18.867,-0.015532,-0.4799,24.411,5.4896
16.33,18.819,-0.10248,-0.47925,24.169,5.8625
16.318,18.771,-0.17109,-0.47924,23.912,6.1482
16.295,18.723,-0.214,-0.48132,23.666,6.3186
16.272,18.675,-0.24111,-0.48335,23.417,6.3857
16.252,18.626,-0.28448,-0.48467,23.174,6.5587
16.228,18.578,-0.23792,-0.48671,22.928,6.1378
16.195,18.529,-0.27523,-0.49027,22.695,6.3008
16.163,18.48,-0.50821,-0.49338,22.47,7.9259
16.111,18.431,-0.86909,-0.50071,22.245,11.258
16.033,18.381,-1.3006,-0.51444,22.003,16.705
15.899,18.329,-1.7168,-0.54047,21.767,23.957
15.725,18.275,-1.9277,-0.5762,21.519,28.736
15.542,18.218,-1.8383,-0.61515,21.25,27.213
15.363,18.156,-1.5813,-0.6532,20.983,22.568
15.197,18.091,-1.2582,-0.68894,20.709,17.598
15.074,18.022,-1.0117,-0.71519,20.421,14.357
14.967,17.95,-0.93993,-0.7389,20.116,13.479
14.967,17.877,0,-0.76104,19.822,5.3229
14.765,17.8,-1.031,-0.78297,19.519,14.453
14.669,17.722,-1.026,-0.80512,19.205,14.284
14.669,17.642,0,-0.83008,18.903,5.2057
14.45,17.559,-0.90615,-0.85558,18.599,12.729
14.363,17.473,-0.76451,-0.8754,18.289,11.078
14.284,17.386,-0.63914,-0.89302,17.983,9.7219
14.228,17.296,-0.53592,-0.90363,17.677,8.6146
14.174,17.206,-0.43659,-0.91412,17.368,7.6248
14.121,17.114,-0.40496,-0.92289,17.076,7.1866
14.121,17.022,0,-0.93073,16.781,4.5289
14.032,16.929,-0.39354,-0.93503,16.491,6.65
13.993,16.836,-0.4126,-0.93799,16.209,6.5414
13.962,16.742,-0.42433,-0.93802,15.935,6.3756
13.925,16.648,-0.39857,-0.93982,15.659,5.9796
13.877,16.554,-0.36301,-0.94508,15.39,5.564
13.841,16.459,-0.36559,-0.94605,15.119,5.36
13.798,16.365,-0.42176,-0.94775,14.864,5.4917
13.747,16.27,-0.49422,-0.95307,14.607,5.746
13.747,16.175,0,-0.95941,14.359,3.0836
13.611,16.079,-1.0673,-0.97363,14.117,10.123
13.498,15.981,-1.5335,-1.003,13.863,15.889
13.354,15.881,-2.0007,-1.044,13.617,24.254
13.157,15.777,-2.4322,-1.1094,13.355,35.121
12.914,15.666,-2.7512,-1.1967,13.083,45.751
12.914,15.546,0,-1.3003,12.814,2.6649
12.337,15.416,-2.8807,-4.4,12.512,3.112
12.051,14.976,-2.8109,-4.4,12.207,1.9591
11.773,14.536,-2.747,-4.4,11.921,0
11.773,14.096,0,-4.4,11.667,82.22
11.23,13.656,-2.5739,-4.4,11.415,0
10.976,13.216,-2.4484,-4.4,11.188,0
10.728,12.776,-2.3215,-4.4,10.967,0
10.497,12.336,-2.1006,-4.4,10.769,0
10.285,11.896,-1.8342,-5.2,10.604,0
10.285,11.376,0,-5.2,10.469,3942.7
9.9241,10.856,-1.7113,-5.2,10.342,0
9.7578,10.336,-1.4289,-0.23971,10.259,10.749
9.6141,10.312,-1.0506,-0.29141,10.199,6.6693
9.508,10.283,-0.73748,-5.2,10.128,0
9.426,9.763,-0.22295,-0.13559,10.063,1.0392
9.4037,9.7495,0.13863,-0.13979,10.025,0.1533
9.4126,9.7355,0.2866,-0.131,9.9941,0
9.4444,9.7224,0.22897,-0.11332,9.9558,0
9.458,9.7111,0.17152,-0.1036,9.9231,0
9.4719,9.7007,0.16206,-0.09382,9.906,0
9.4901,9.6913,0.11593,-0.08283,9.876,0.019741
9.499,9.683,-0.0056715,-0.076002,9.8523,0.23048
9.4902,9.6754,-0.15588,-5.2,9.8324,0
9.475,9.1554,-0.25923,0.1303,9.844,0.30781
9.4591,9.1685,-0.35705,0.11852,9.873,0.70336
9.4324,9.1803,-0.37845,0.10279,9.8941,0.8408
9.3992,9.1906,-0.28567,0.085009,9.9088,0.5431
9.3658,9.1991,-0.14589,0.067979,9.9331,0.15308
9.3543,9.2059,-0.029701,0.060466,9.9411,0
9.3437,9.2119,0.010247,0.053731,9.9603,0
9.3445,9.2173,0.017815,0.051827,9.9636,0
9.3478,9.2225,0.048639,0.051102,9.9837,0
9.3453,9.2276,0.048602,0.048024,9.9958,0
9.349,9.2324,0.044617,0.04762,10.014,0
9.3444,9.2372,0.0957,0.04377,10.022,0
9.3466,9.2415,0.12158,0.042893,10.035,0
9.3654,9.2458,0.13371,0.048857,10.053,0
9.3757,9.2507,0.12528,0.051099,10.066,0
9.3855,9.2558,0.086849,0.05306,10.088,0
9.3981,9.2611,0.049136,0.056043,10.102,0
9.4007,9.2667,0.043957,0.054846,10.118,0
9.4033,9.2722,0.037702,0.053707,10.135,0
9.4033,9.2776,0,0.049938,10.148,0
9.3836,9.2826,-0.50049,0.041427,10.171,1.5994
9.3421,9.2867,-0.87707,0.022718,10.173,4.0246
9.2637,9.289,-1.1501,-0.0094664,10.167,6.5835
9.1573,9.2881,-1.3879,-0.04911,10.153,9.4933
9.0285,9.2831,-1.4481,-0.095831,10.138,10.535
8.8895,9.2736,-1.2292,-0.14524,10.102,8.1226
8.7716,9.259,-1.0365,-0.18517,10.064,6.348
8.6737,9.2405,-0.87785,-0.21684,10.008,5.1041
8.5809,9.2188,-1.3742,-0.24571,9.9517,10.323
8.4437,9.1943,-0.89641,-0.29172,9.8802,5.5473
8.4437,9.1651,0,-0.31859,9.8066,0.81225
8.4021,9.1332,0.64096,-0.28998,9.7173,0.28373
8.4621,9.1042,-0.14618,-0.25686,9.6467,1.1884
8.4551,9.0786,0.62912,-0.25146,9.5812,0.17772
8.5249,9.0534,0.55733,-0.21449,9.5278,0.065431
8.5824,9.032,-0.71226,-5.2,9.4696,0
8.5824,8.512,0,-0.0012198,9.4507,0
8.4506,8.5118,0.31886,-0.023626,9.4399,0
8.489,8.5095,0.31475,-0.0079001,9.4323,0
8.5197,8.5087,0.19207,0.004894,9.441,0
8.5479,8.5092,0.22739,0.017189,9.4395,0
8.5731,8.5109,0.23599,0.027611,9.4426,0
8.6026,8.5137,0.19737,0.039482,9.4517,0
8.6222,8.5176,0.11094,0.046471,9.4685,0
8.6357,8.5222,0.057364,0.050432,9.4848,0
8.6456,8.5273,0.05759,0.052626,9.4977,0
8.6542,8.5326,0.018712,0.054113,9.5141,0
8.6542,8.538,-0.01834,0.051691,9.5166,0
8.6467,8.5431,0.014832,0.046056,9.5345,0
8.654,8.5477,0.0058366,0.047316,9.5503,0
8.6489,8.5525,0.018606,0.042945,9.5631,0
8.6499,8.5568,0.069586,0.041431,9.5684,0
8.6643,8.5609,0.13982,0.045978,9.572,0
8.6726,8.5655,0.13756,0.047671,9.5873,0
8.6726,8.5703,0,0.051116,9.5978,0
8.708,8.5754,0.12737,0.059039,9.6116,0
8.7204,8.5813,0.13496,0.061978,9.6293,0
8.7204,8.5875,0,0.064322,9.6429,0
8.7541,8.5939,0.23781,0.071421,9.6664,0
8.7834,8.6011,0.26595,0.081276,9.6799,0
8.8004,8.6092,0.26845,0.085185,9.6908,0
8.8189,8.6177,0.28539,0.089639,9.7072,0
8.8395,8.6267,0.3009,0.094891,9.737,0
8.8759,8.6362,0.31925,0.10701,9.7667,0
8.908,8.6469,0.3925,0.11664,9.7975,0
8.9397,8.6585,0.49157,0.12571,9.8345,0
8.9857,8.6711,0.5329,0.1406,9.8551,0
9.0345,8.6852,0.45455,0.15612,9.8857,0
9.088,8.7008,0.35781,0.17299,9.9128,0
9.1278,8.7181,0.25019,0.18294,9.9451,0
9.1572,8.7364,0.084215,0.18789,9.9838,0
9.1579,8.7551,-0.038984,0.17981,10.025,0
9.1587,8.7731,-0.095544,0.17216,10.064,0
9.1501,8.7903,-0.12504,0.16073,10.109,0
9.1323,8.8064,-0.16252,0.14552,10.135,0.036787
9.1127,8.821,-0.17122,0.1303,10.171,0.10138
9.088,8.834,-0.17795,0.11342,10.196,0.16446
9.0678,8.8453,-0.11584,0.099319,10.22,0.025367
9.0523,8.8553,-0.04949,0.087992,10.242,0
9.0523,8.8641,0,0.078208,10.261,0
9.0523,8.8719,0,0.070552,10.279,0
9.0283,8.8789,-0.073842,0.06672,10.299,0.00089441
9.0185,8.8856,-0.17734,0.059345,10.312,0.30171
8.9909,8.8916,-0.28313,0.044404,10.333,0.69055
8.9575,8.896,-0.3164,0.027477,10.34,0.85852
8.9187,8.8987,-0.33035,0.0089297,10.342,0.96127
8.9187,8.8996,0,-0.0055434,10.344,0
8.8403,8.8991,-0.39873,-0.020482,10.333,1.361
8.7935,8.897,-0.39745,-0.036152,10.32,1.4272
8.7536,8.8934,-0.43404,-0.0489,10.307,1.6512
8.7031,8.8885,-0.44551,-0.064953,10.294,1.7797
8.6606,8.882,-0.39949,-0.077834,10.267,1.6245
8.6168,8.8742,-0.33067,-0.090713,10.244,1.3851
8.5744,8.8652,-0.32929,-0.10275,10.221,1.4306
8.5492,8.8549,-0.31356,-0.10849,10.185,1.3877
8.5223,8.8441,-0.29242,-0.11458,10.157,1.3272
8.492,8.8326,-0.28052,-0.12181,10.123,1.3078
8.4732,8.8204,-0.2863,-0.12485,10.079,1.3375
8.4416,8.8079,-0.25709,-0.13226,10.045,1.2531
8.4134,8.7947,-0.19877,-0.1383,10.007,1.0653
8.3938,8.7809,-0.20818,-0.14089,9.9753,1.1041
8.3664,8.7668,-0.18128,-0.14661,9.9292,1.0295
8.3559,8.7521,-0.1947,-0.146,9.8802,1.0653
8.3279,8.7375,-0.2423,-0.15149,9.8486,1.2499
8.309,8.7224,-0.31895,-0.15376,9.8022,1.5484
8.2805,8.707,-0.38877,-0.15931,9.7659,1.866
8.2454,8.6911,-0.43733,-0.16766,9.7128,2.1172
8.2454,8.6743,0,-0.17576,9.6691,0.51273
8.1604,8.6567,-0.35954,-0.18878,9.6238,1.8275
8.1221,8.6378,-0.28637,-0.19729,9.5765,1.5477
8.0964,8.6181,-0.22786,-0.20071,9.5298,1.3319
8.0644,8.598,-0.21597,-0.20678,9.473,1.3007
8.0383,8.5774,-0.228,-0.21019,9.4229,1.3465
8.0068,8.5564,-0.2642,-0.21596,9.3626,1.4883
7.9734,8.5348,-0.34771,-0.22221,9.3064,1.8357
7.9367,8.5125,-0.40828,-5.2,9.2436,255.42
7.901,7.9925,-0.4688,-0.034355,9.2104,1.726
7.8606,7.9891,-0.60449,-0.048226,9.2044,2.5009
7.8053,7.9843,-0.74479,-0.067247,9.1943,3.4634
7.7358,7.9776,-0.88199,-0.091187,9.1691,4.5777
7.6465,7.9684,-1.0358,-0.12204,9.1338,6.0369
7.6465,7.9562,0,-0.1576,9.1022,0.30389
7.4347,7.9405,-1.2009,-0.19385,9.0517,8.0297
7.3161,7.9211,-1.2096,-0.23374,8.9942,8.3005
7.1977,7.8977,-1.2105,-5.2,8.933,226.48
7.0765,7.3777,-1.2059,-0.11012,8.8769,7.736
7.0765,7.3667,0,-0.15411,8.8473,0.27139
6.8276,7.3513,-1.3367,-0.19405,8.7849,9.6982
6.6846,7.3319,-1.3701,-0.24169,8.7294,10.363
6.5493,7.3077,-1.3476,-0.28568,8.6645,10.289
6.4113,7.2791,-1.3257,-5.2,8.5807,62.34
6.4113,6.7591,0,-0.17214,8.5199,0.35131
6.1469,6.7419,-1.2961,-0.21358,8.4629,9.4202
6.0172,6.7206,-1.3798,-0.25488,8.3968,10.68
5.8771,6.6951,-1.4576,-5.2,8.3177,26.687
5.7261,6.1751,-1.5083,-0.15246,8.2636,11.95
5.5731,6.1598,-1.5866,-0.2008,8.2113,13.446
5.4082,6.1398,-1.5848,-0.2532,8.1377,13.761
5.2435,6.1144,-1.5525,-0.30461,8.0645,13.589
5.0787,6.084,-1.5977,-8.8,7.9707,0
4.923,5.204,-1.6612,-0.085176,7.9131,13.942
4.7498,5.1955,-1.6779,-0.13606,7.8716,14.709
4.5756,5.1819,-1.7598,-0.18629,7.8269,16.589
4.3984,5.1632,-1.8155,-0.23792,7.7504,18.064
4.2243,5.1394,-1.8225,-0.28874,7.6614,18.616
4.0476,5.1106,-1.8433,-0.34036,7.5654,19.407
3.8605,5.0765,-1.8678,-8.8,7.4471,0
3.6822,4.1965,-1.9271,-0.13915,7.3646,7.8819
3.4976,4.1826,-2.0097,-0.18697,7.3097,8.0781
3.3056,4.1639,-2.1951,-0.23679,7.241,8.4231
3.0768,4.1402,-2.2556,-0.29835,7.141,8.6129
