19.444,19.444,0.72886,0,35.5,0
19.523,19.444,0.80007,0.028463,35.498,0
19.595,19.447,0.64946,0.053451,35.504,0
19.656,19.453,0.675,0.073741,35.517,0
19.72,19.46,0.6428,0.094213,35.536,0
19.79,19.469,0.66122,0.11636,35.57,0
19.864,19.481,0.72459,0.139,35.598,0
19.938,19.495,0.73404,0.16079,35.639,0
20.015,19.511,0.6937,0.18289,35.686,0
20.084,19.529,0.73136,0.20125,35.744,0
20.165,19.549,0.73807,0.22319,35.8,0
20.241,19.572,0.71349,0.2423,35.863,0
20.305,19.596,0.68597,0.25682,35.927,0
20.382,19.622,0.66375,0.27514,35.999,0
20.442,19.649,0.60891,0.28702,36.084,0
20.511,19.678,0.5948,0.30141,36.163,0
20.564,19.708,0.61861,0.30953,36.242,0
20.632,19.739,0.61251,0.3225,36.321,0
20.692,19.771,0.58304,0.33234,36.406,0
20.746,19.804,0.52272,0.33968,36.506,0
20.793,19.838,0.42877,0.34439,36.605,0
20.835,19.873,0.29527,0.3467,36.699,0
20.864,19.908,0.20508,0.34466,36.801,0
20.864,19.942,0,0.33722,36.895,0
20.899,19.976,0.075649,0.33214,36.991,0
20.909,20.009,-0.076224,0.32366,37.087,0
20.901,20.041,-0.26162,0.30902,37.185,0
20.901,20.072,0,0.28593,37.27,0
20.81,20.101,-0.71361,0.25463,37.333,1.7122
20.745,20.126,-0.94409,0.22199,37.401,3.4592
20.655,20.148,-1.152,0.18184,37.463,5.5049
20.53,20.167,-1.2878,0.13037,37.509,7.2305
20.411,20.18,-1.4037,0.082791,37.548,8.9005
20.264,20.188,-1.4712,0.027358,37.557,10.128
20.117,20.191,-1.4759,-0.0073632,37.564,10.727
19.96,20.19,-1.4585,-0.023074,37.548,11.254
19.96,20.188,0,-0.036698,37.525,0.40289
19.672,20.184,-1.408,-0.051592,37.469,11.942
19.535,20.179,-1.4104,-0.064964,37.412,12.619
19.39,20.172,-1.4216,-0.079242,37.344,13.469
19.246,20.164,-1.3941,-0.093305,37.26,13.75
19.116,20.155,-1.3772,-0.10596,37.157,14.103
18.975,20.145,-1.4281,-0.11974,37.049,15.506
18.828,20.133,-1.5577,-0.13422,36.928,18.274
18.682,20.119,-1.7368,-0.14859,36.798,22.215
18.499,20.104,-1.9185,-0.16705,36.639,26.906
18.302,20.088,-2.0831,-0.18702,36.477,31.793
18.089,20.069,-2.1917,-0.20885,36.298,35.736
17.871,20.048,-2.2352,-0.23165,36.083,38.105
17.645,20.025,-2.2131,-0.25561,35.852,38.724
17.415,19.999,-2.1999,-0.28039,35.605,39.592
17.415,19.971,0,-0.30349,35.348,6.4711
16.993,19.941,-2.0771,-0.32718,35.05,38.486
16.784,19.908,-1.9198,-0.35119,34.746,35.632
16.592,19.873,-1.7623,-0.37372,34.426,32.923
16.411,19.836,-1.5709,-0.39568,34.092,29.716
16.252,19.796,-1.3233,-0.41574,33.734,25.722
16.129,19.754,-1.1106,-0.43204,33.368,22.593
16.017,19.711,-0.9232,-0.44745,32.993,20.105
15.933,19.667,-0.73054,-0.45955,32.627,17.676
15.863,19.621,-0.52997,-0.47035,32.244,15.345
15.819,19.574,-0.3761,-0.47776,31.874,13.64
15.788,19.526,-0.21846,-0.48369,31.503,12.01
15.767,19.477,0.0014944,-0.48859,31.122,10.007
15.776,19.429,0.26135,-0.48937,30.743,7.9424
15.805,19.38,0.48807,-0.48704,30.384,6.3847
15.848,19.331,0.66247,-0.48244,30.032,5.3003
15.907,19.283,0.81468,-0.47522,29.689,4.4413
15.996,19.235,0.87899,-0.46354,29.349,3.9229
15.996,19.189,0,-0.4521,29.028,8.0906
16.174,19.144,0.82461,-0.43804,28.723,3.4987
16.262,19.1,0.77911,-0.42462,28.431,3.3488
16.343,19.057,0.74791,-0.41195,28.146,3.1778
16.41,19.016,0.65958,-0.40074,27.885,3.2005
16.472,18.976,0.59186,-0.39014,27.626,3.1824
16.525,18.937,0.54257,-0.38071,27.376,3.1336
16.576,18.899,0.48377,-0.37121,27.135,3.1229
16.619,18.862,0.44936,-0.36255,26.909,3.0542
16.669,18.826,0.49031,-0.35276,26.682,2.738
16.669,18.79,0,-0.34406,26.469,4.6727
16.763,18.756,0.40757,-0.33327,26.264,2.64
16.763,18.723,0,-0.32259,26.067,4.2289
16.847,18.69,0.22646,-0.31446,25.896,2.9217
16.87,18.659,-0.098962,-0.30833,25.705,4.2328
16.85,18.628,-0.53464,-0.30929,25.528,7.0379
16.797,18.597,-0.8896,-0.31626,25.352,10.359
16.718,18.565,-1.2093,-0.32781,25.175,14.339
16.6,18.533,-1.4092,-0.34661,24.977,17.547
16.451,18.498,-1.5374,-0.37153,24.772,20.1
16.289,18.461,-1.4581,-0.39901,24.558,19.276
16.134,18.421,-1.5073,-0.42551,24.332,20.541
16.134,18.378,0,-0.44979,24.105,4.5775
16.134,18.333,0,-0.47955,23.883,4.2884
15.645,18.285,-1.8053,-0.5124,23.607,27.547
15.459,18.234,-1.8854,-0.54715,23.335,29.788
15.27,18.18,-1.8864,-0.58325,23.057,30.324
15.09,18.121,-1.9119,-0.6184,22.767,31.328
14.907,18.059,-1.9054,-0.65584,22.448,31.583
14.907,17.994,0,-0.6955,22.136,6.279
14.536,17.924,-2.0034,-0.73486,21.782,34.571
14.329,17.851,-2.0728,-0.78044,21.442,36.67
14.112,17.773,-2.1306,-0.82981,21.087,38.527
13.904,17.69,-2.2576,-0.87867,20.724,42.248
13.676,17.602,-2.3632,-0.93562,20.33,45.606
13.443,17.508,-2.329,-0.99594,19.922,44.843
13.202,17.409,-2.4131,-1.06,19.513,47.577
13.202,17.303,0,-1.1283,19.097,7.6539
12.705,17.19,-2.4832,-1.203,18.632,49.959
12.705,17.07,0,-1.2782,18.19,7.8071
12.2,16.942,-2.6399,-1.3618,17.708,55.013
11.945,16.806,-2.5829,-1.448,17.226,52.761
11.678,16.661,-2.5555,-1.5436,16.729,51.467
11.418,16.506,-2.5497,-1.6414,16.225,50.735
11.172,16.342,-2.5021,-1.7392,15.714,48.451
10.93,16.168,-2.5371,-1.8423,15.19,48.688
10.677,15.984,-2.4238,-1.952,14.672,44.107
10.427,15.789,-2.2295,-2.0706,14.131,37.358
10.206,15.582,-2.028,-2.1794,13.603,31.027
10.003,15.364,-1.8266,-2.2879,13.064,25.275
9.8158,15.135,-1.6624,-4.4,12.526,5.3022
9.8158,14.695,0,-4.4,12.016,18.675
9.4666,14.255,-1.8925,-4.4,11.51,4.845
9.2815,13.815,-2.1055,-4.4,11.04,4.5649
9.0655,13.375,-2.271,-4.4,10.597,4.3743
8.8377,12.935,-2.1326,-4.4,10.18,4.9496
8.6222,12.495,-1.4215,-4.4,9.7739,14.483
8.4855,12.055,-0.46052,-5.2,9.3924,114.75
8.4469,11.535,0.54257,-5.2,9.058,140.06
8.5085,11.015,1.5463,-5.2,8.7727,175.27
8.6545,10.495,2.3358,-5.2,8.5649,206.06
8.8837,9.9752,2.622,-5.2,8.4108,219.91
9.149,9.4552,2.6803,-5.2,8.3463,239.67
9.149,8.9352,0,-5.2,8.3417,865.59
9.6911,8.4152,2.67,-5.2,8.4483,290.41
9.9562,7.8952,2.6615,-5.2,8.6139,321.08
10.219,7.3752,2.6057,1.5152,8.8623,2.4652
10.488,7.5267,2.5265,1.5701,9.156,1.9541
10.744,7.6837,2.4949,1.6136,9.4575,1.73
11.001,7.8451,2.4329,1.6543,9.7688,1.3661
11.236,8.0105,2.2867,1.6809,10.093,0.63933
11.463,8.1786,2.1657,1.7016,10.428,0.075015
11.68,8.3487,2.0842,1.7158,10.766,0
11.892,8.5203,2.0135,1.724,11.093,0
12.099,8.6927,2.0042,1.7295,11.426,0
12.303,8.8657,2.0644,1.7331,11.766,0
12.515,9.039,2.1186,1.7418,12.117,0.022374
12.735,9.2132,2.1963,1.7542,12.473,0.40997
12.945,9.3886,2.2547,1.7601,12.83,0.73787
13.162,9.5646,2.2611,1.7688,13.188,0.81236
13.393,9.7415,2.23,1.7832,13.544,0.69265
13.608,9.9198,2.227,1.79,13.918,0.72251
13.827,10.099,2.1988,1.7979,14.287,0.62918
14.056,10.279,2.173,1.8099,14.665,0.5385
14.056,10.46,0,1.8107,15.033,0
14.056,10.641,0,1.8202,15.384,0
14.056,10.823,0,1.8289,15.716,0
14.936,11.006,2.2067,1.8359,16.202,0.92963
14.936,11.189,0,1.8456,16.586,0
15.373,11.374,2.1697,1.8449,16.993,0.86164
15.595,11.558,2.1482,1.8511,17.395,0.80801
15.808,11.743,2.1224,1.8534,17.81,0.7339
16.027,11.929,2.0729,1.857,18.208,0.54434
16.228,12.114,2.0588,1.8525,18.616,0.54897
16.438,12.3,2.0236,1.8524,19.024,0.43684
16.438,12.485,0,1.8506,19.428,0
16.849,12.67,1.9481,1.8501,19.866,0.17856
17.038,12.855,1.9356,1.8417,20.287,0.1914
17.225,13.039,1.9071,1.8323,20.701,0.12611
17.417,13.222,1.9025,1.8256,21.112,0.17945
17.613,13.405,1.8866,1.8212,21.526,0.16907
17.793,13.587,1.8619,1.8101,21.942,0.12123
17.981,13.768,1.8413,1.8043,22.367,0.081834
18.173,13.948,1.8372,1.8003,22.794,0.12384
18.353,14.128,1.8327,1.7905,23.21,0.17597
18.532,14.308,1.8149,1.7821,23.638,0.15078
18.705,14.486,1.8384,1.7716,24.066,0.34259
18.894,14.663,1.8472,1.7688,24.498,0.44785
19.085,14.84,1.8432,1.7657,24.913,0.49327
19.085,15.016,0,1.7622,25.329,0
19.453,15.193,1.8194,1.756,25.771,0.49065
19.637,15.368,1.7999,1.7505,26.188,0.45366
19.637,15.543,0,1.7416,26.606,0
19.984,15.717,1.799,1.7338,27.038,0.58143
20.167,15.891,1.7357,1.7302,27.465,0.29936
20.342,16.064,1.6852,1.724,27.899,0.088776
20.516,16.236,1.6487,1.7175,28.329,0
20.686,16.408,1.5762,1.7091,28.753,0
20.851,16.579,1.5865,1.6997,29.18,0
21.016,16.749,1.6167,1.6906,29.607,0
21.184,16.918,1.6497,1.6833,30.028,0.19453
21.34,17.086,1.6765,1.6719,30.462,0.3931
21.506,17.253,1.7066,1.6646,30.881,0.6144
21.671,17.42,1.6829,1.6582,31.317,0.53536
21.838,17.586,1.6485,1.652,31.732,0.40414
21.996,17.751,1.6131,1.6427,32.15,0.26852
22.165,17.915,1.6014,1.6379,32.565,0.2586
22.321,18.079,1.6044,1.6292,32.997,0.32289
22.475,18.242,1.5935,1.62,33.423,0.31323
22.475,18.404,0,1.6125,33.839,0
22.803,18.565,1.6413,1.6104,34.271,0.67032
22.976,18.726,1.6532,1.6095,34.699,0.78211
23.138,18.887,1.641,1.6045,35.128,0.76084
23.305,19.048,1.6321,1.6021,35.563,0.75484
23.305,19.208,0,1.5994,35.98,0
23.641,19.368,1.5401,1.5973,36.42,0.33526
23.804,19.527,1.4531,1.5931,36.848,0
23.944,19.687,1.3701,1.5806,37.27,0
24.076,19.845,1.2966,1.5658,37.695,0
24.204,20.001,1.2574,1.5504,38.123,0
24.332,20.156,1.2399,1.5359,38.547,0
24.452,20.31,1.2482,1.5186,38.966,0
24.57,20.462,1.2652,1.5018,39.379,0
24.702,20.612,1.305,1.4909,39.797,0
24.823,20.761,1.3232,1.4766,40.211,0
24.957,20.909,1.3259,1.4669,40.606,0
25.098,21.055,1.3342,1.4604,41.007,0
25.23,21.202,1.3316,1.4513,41.413,0
25.36,21.347,1.3091,1.4419,41.809,0
25.483,21.491,1.297,1.4307,42.219,0
25.605,21.634,1.284,1.4188,42.615,0
25.729,21.776,1.2868,1.409,43.019,0
25.729,21.917,0,1.4041,43.408,0
26.003,22.057,1.3431,1.3991,43.811,0
26.137,22.197,1.3687,1.3939,44.215,0.094853
26.275,22.336,1.368,1.3894,44.601,0.12112
26.419,22.475,1.3777,1.3876,44.992,0.20195
26.551,22.614,1.3672,1.3821,45.396,0.17173
26.681,22.752,1.3293,1.3758,45.795,0
26.807,22.89,1.2739,1.368,46.178,0
26.937,23.027,1.184,1.3624,46.562,0
26.937,23.163,0,1.3523,46.946,0
26.937,23.298,0,1.3396,47.317,0
27.239,23.432,0.55323,1.3167,47.718,0
27.302,23.564,0.3722,1.2897,48.089,0
27.339,23.693,0.23951,1.2547,48.45,0
27.362,23.818,0.15715,1.2169,48.809,0
27.377,23.94,0.10974,1.1776,49.152,0
27.39,24.058,0.039088,1.139,49.485,0
27.394,24.172,-0.073961,1.099,49.803,0
27.395,24.281,-0.20706,1.0597,50.114,0
27.367,24.387,-0.30912,1.0126,50.422,0
27.367,24.489,0,0.96616,50.715,0
27.294,24.585,-0.46668,0.91725,50.99,0
27.294,24.677,0,0.86667,51.257,0
27.202,24.764,-0.28223,0.82324,51.516,0
27.178,24.846,-0.14927,0.78623,51.761,0
27.165,24.925,0.018146,0.75423,51.995,0
27.163,25,0.19133,0.72747,52.223,0
27.182,25.073,0.23761,0.70868,52.437,0
27.211,25.144,0.20069,0.69364,52.638,0
27.233,25.213,0.12679,0.67672,52.835,0
27.238,25.281,0.045582,0.65507,53.034,0
27.235,25.346,-0.0059137,0.6315,53.231,0
27.237,25.409,-0.0087331,0.61031,53.421,0
27.238,25.47,0.046481,0.58976,53.61,0
27.247,25.529,0.12078,0.57274,53.783,0
27.249,25.587,0.15119,0.55381,53.952,0
27.271,25.642,0.14649,0.5422,54.118,0
27.271,25.696,0,0.52925,54.279,0
27.271,25.749,0,0.5164,54.434,0
27.319,25.801,0.27415,0.50388,54.586,0
27.338,25.851,0.32276,0.49302,54.728,0
27.364,25.901,0.3785,0.48468,54.87,0
27.41,25.949,0.34525,0.48364,55.022,0
27.443,25.997,0.32016,0.47844,55.171,0
27.469,26.045,0.34262,0.47057,55.318,0
27.506,26.092,0.36407,0.46705,55.465,0
27.54,26.139,0.33432,4.8,55.604,25.222
27.578,26.619,0.37702,0.30773,55.729,0
27.608,26.65,0.41866,0.30731,55.815,0
27.652,26.68,0.31867,0.31157,55.907,0
27.676,26.712,0.19518,0.30901,56.001,0
27.696,26.743,0.098988,0.30543,56.092,0
27.696,26.773,0,0.2967,56.186,0
27.698,26.803,-0.22355,0.28649,56.291,0
27.678,26.831,-0.31013,0.27097,56.378,0
27.652,26.859,-0.28198,0.25377,56.468,0
27.623,26.884,-0.23412,0.2362,56.551,0
27.608,26.907,-0.21134,4.8,56.631,37.89
27.581,27.387,-0.30805,0.060006,56.672,0.57783
27.547,27.393,-0.35174,0.047646,56.697,0.8082
27.505,27.398,-0.37444,0.033059,56.719,0.97903
27.474,27.402,-0.37886,0.0226,56.735,1.0554
27.436,27.404,-0.34649,0.010117,56.747,0.99312
27.411,27.405,-0.34164,0.0020351,56.75,1.0182
27.371,27.405,-0.35829,-0.0024254,56.748,1.1887
27.371,27.405,0,-0.004933,56.745,0.059848
27.297,27.404,-0.62534,-0.007558,56.732,2.7653
27.243,27.404,-0.72822,-0.011345,56.711,3.6175
27.167,27.402,-0.7849,-0.016621,56.701,4.3005
27.087,27.401,-0.85962,-0.022197,56.682,5.1939
27.006,27.399,-0.88698,-0.027838,56.645,5.7443
27.006,27.396,0,-0.033759,56.606,0.78852
26.84,27.392,-0.81226,-0.039245,56.55,5.7521
26.84,27.388,0,-0.045206,56.495,1.1485
26.687,27.384,-0.64399,-0.049666,56.429,4.9807
26.631,27.379,-0.74696,-0.053408,56.351,5.9858
26.564,27.374,-0.78493,-0.057973,56.264,6.5574
26.494,27.368,-0.83624,-0.062672,56.179,7.2808
26.412,27.362,-0.88566,-0.068247,56.093,8.0726
26.319,27.355,-0.9454,-0.07469,55.999,9.0597
26.225,27.347,-0.87938,-0.081163,55.892,8.7679
26.13,27.339,-0.9466,-0.087702,55.777,9.8552
26.038,27.33,-1.0414,-0.094005,55.651,11.305
25.934,27.321,-1.1878,-0.10127,55.527,13.598
25.808,27.311,-1.3943,-0.11016,55.382,17.167
25.675,27.3,-2.2315,-0.11957,55.23,35.308
25.448,27.288,-2.1904,-0.13603,55.049,35.618
25.235,27.274,-1.2387,-0.15159,54.863,17.69
25.115,27.259,-0.61703,-0.16029,54.65,10.597
25.047,27.243,-0.34393,-0.1652,54.426,8.3466
25.008,27.227,1.0642,-0.16789,54.198,1.9995
25.008,27.21,0,-0.15895,53.977,5.9447
25.298,27.194,0.95103,-0.14509,53.789,1.6384
25.298,27.179,0,-0.13726,53.6,4.8834
25.436,27.166,0.38404,-0.13366,53.445,2.6787
25.482,27.152,0.12545,-0.12969,53.267,3.5637
25.487,27.139,-0.22853,-0.1289,53.107,5.4662
25.487,27.126,0,-0.12995,52.943,4.078
25.474,27.113,0.56575,-0.12909,52.779,1.924
25.474,27.101,0,-0.12459,52.615,4.0607
25.596,27.088,0.74943,-0.11844,52.475,1.2739
25.664,27.076,0.60022,-0.11259,52.328,1.3983
25.73,27.065,0.42518,-0.10684,52.196,1.6492
25.765,27.054,0.31647,-0.10361,52.06,1.8558
25.801,27.044,0.328,-0.10022,51.931,1.7169
25.837,27.034,0.3929,-0.096856,51.818,1.4447
25.866,27.024,0.50965,-0.093942,51.709,1.1083
25.915,27.015,0.62266,-0.089505,51.6,0.82276
25.985,27.006,0.62004,-0.08332,51.497,0.70371
26.048,26.998,0.52534,-0.077677,51.406,0.72077
26.109,26.99,0.4213,-0.072235,51.319,0.77684
26.158,26.983,0.36444,-0.067813,51.237,0.7841
26.195,26.976,0.347,-0.064372,51.15,0.73823
26.195,26.969,0,-0.060365,51.072,1.6981
26.287,26.963,0.45136,-0.056011,50.985,0.38991
26.335,26.958,0.49686,-0.051662,50.915,0.25615
26.335,26.953,0,-0.046721,50.853,1.3215
26.435,26.948,0.51384,-0.042679,50.799,0.090558
26.496,26.944,0.54298,-0.03738,50.741,0
26.552,26.94,0.58063,-0.032387,50.708,0
26.616,26.937,0.66743,-0.026788,50.682,0
26.676,26.934,0.77363,-0.021575,50.659,0
26.743,26.932,0.89544,-0.015753,50.644,0
26.824,26.93,0.97611,-0.0089254,50.623,0.020038
26.922,26.929,0.99617,-0.00062063,50.618,0.050343
27.021,26.929,0.95644,0.02647,50.625,0
27.107,26.932,0.91484,0.050518,50.632,0
27.201,26.937,0.86879,0.07625,50.649,0
27.286,26.945,0.84521,0.098771,50.675,0
27.37,26.954,0.86013,0.11996,50.712,0
27.37,26.966,0,0.14255,50.752,0
27.549,26.981,0.96618,0.16422,50.801,0
27.645,26.997,1.0007,0.1873,50.868,0
27.741,27.016,0.96055,0.20943,50.936,0
27.836,27.037,0.87287,0.23094,51.009,0
27.924,27.06,0.78852,0.24967,51.087,0
28.005,27.085,0.68147,0.26585,51.167,0
28.081,27.111,0.60517,0.2801,51.26,0
28.138,27.139,0.58194,0.28854,51.362,0
28.2,27.168,0.5734,0.29818,51.462,0
28.248,27.198,0.56393,0.30326,51.567,0
28.248,27.228,0,0.3127,51.67,0
28.248,27.26,0,0.31939,51.77,0
28.416,27.292,0.52103,0.3247,51.893,0
28.416,27.324,0,0.33055,52.004,0
28.514,27.357,0.53251,0.33417,52.119,0
28.562,27.391,0.51241,0.33832,52.245,0
28.62,27.424,0.48502,0.34517,52.355,0
28.677,27.459,0.46192,0.35186,52.471,0
28.72,27.494,0.44266,0.35387,52.598,0
28.765,27.53,0.42537,0.3568,52.716,0
28.805,27.565,0.40733,0.35799,52.832,0
28.837,27.601,0.40834,0.35681,52.964,0
28.872,27.637,0.3897,0.35643,53.078,0
28.917,27.672,0.37987,0.35938,53.206,0
28.952,27.708,0.37244,0.35892,53.321,0
28.992,27.744,0.37063,0.36016,53.448,0
29.022,27.78,0.41965,0.35843,53.579,0
29.074,27.816,0.5076,0.36305,53.704,0
29.132,27.852,0.58644,0.36915,53.834,0
29.196,27.889,0.65051,0.37696,53.969,0
29.254,27.927,0.71629,0.38297,54.096,0
29.335,27.965,0.75738,0.39527,54.235,0
29.406,28.005,0.78052,0.40422,54.37,0
29.479,28.045,0.78115,0.41334,54.503,0
29.561,28.086,0.79279,0.42518,54.643,0
29.633,28.129,0.7735,0.43368,54.792,0
29.706,28.172,0.75729,0.44187,54.937,0
29.772,28.217,0.73085,0.44808,55.085,0
29.851,28.261,0.71239,0.45802,55.24,0
29.919,28.307,0.72162,0.46427,55.402,0
29.988,28.354,0.73741,0.47069,55.556,0
30.07,28.401,0.73259,0.48061,55.719,0
30.139,28.449,0.74922,0.48676,55.893,0
30.213,28.497,0.7428,0.49388,56.057,0
30.282,28.547,0.72496,0.49933,56.231,0
30.345,28.597,0.73004,0.50314,56.411,0
30.424,28.647,0.81017,0.51141,56.588,0
30.503,28.698,0.88055,0.51926,56.769,0
30.592,28.75,0.98694,0.52994,56.958,0
30.682,28.803,1.0715,0.54033,57.138,0
30.682,28.857,0,0.55443,57.323,0
30.895,28.913,1.1497,0.5701,57.52,0.15877
31.003,28.97,1.1398,0.58442,57.724,0.12706
31.111,29.028,1.1264,0.59875,57.935,0.080702
31.219,29.088,1.1226,0.61247,58.148,0.074616
31.325,29.149,1.1198,0.62511,58.363,0.07259
31.441,29.212,1.1105,0.6405,58.58,0.045982
31.55,29.276,1.068,0.65327,58.812,0
31.652,29.341,1.0229,0.66352,59.05,0
31.749,29.407,0.96208,0.6723,59.292,0
31.845,29.475,0.90534,0.68051,59.523,0
31.845,29.543,0,0.68833,59.756,0
32.034,29.612,0.87781,0.69507,60.007,0
32.126,29.681,0.8712,0.70123,60.258,0
32.216,29.751,0.88779,-2,60.502,78.301
32.306,29.551,0.89497,-2,60.755,90.545
32.406,29.351,0.91117,-2,61.054,105.38
32.506,29.151,0.87372,-2,61.379,122.94
32.593,28.951,0.84978,4.8,61.734,7.52
32.593,29.431,0,-2,62.074,114.83
32.776,29.231,0.77258,-2,62.423,136.76
32.852,29.031,0.72546,4.8,62.797,7.7959
32.925,29.511,0.76137,-2,63.168,127.27
33.004,29.311,0.796,-2,63.515,148.23
33.089,29.111,0.85181,-2,63.907,172.92
33.179,28.911,0.91225,4.8,64.321,4.1791
33.266,29.391,0.96467,-2,64.736,161.1
33.266,29.191,0,-2,65.133,241.44
33.443,28.991,0.96656,4.8,65.574,2.9809
33.537,29.471,0.94934,-2,66.007,179.21
33.627,29.271,0.93453,-2,66.435,211.94
33.727,29.071,0.90593,-2,66.891,256.17
33.826,28.871,0.86447,4.8,67.379,1.6374
33.917,29.351,0.84225,-2,67.853,246.76
34.008,29.151,0.81936,-2,68.319,302.11
34.087,28.951,0.80035,4.8,68.811,1.353
34.157,29.431,0.789,-2,69.306,279.22
34.232,29.231,0.81654,-2,69.786,335.32
34.232,29.031,0,4.8,70.296,8.1491
34.398,29.511,0.87373,-2,70.8,301.61
34.486,29.311,0.90716,-2,71.297,364.21
34.57,29.111,0.94949,-2,71.839,441.68
34.665,28.911,0.94914,4.8,72.399,0
34.769,29.391,0.94286,-2,72.948,416.12
34.854,29.191,0.94381,-2,73.5,525.87
34.957,28.991,0.94403,4.8,74.072,0
35.047,29.471,0.9433,-2,74.659,488.08
35.148,29.271,0.93736,-2,75.238,646.1
35.241,29.071,0.96212,-2,75.84,865.21
