24.444,24.444,-0.30163,0,35.5,0.87495
24.406,24.444,-0.11305,-0.0051542,35.508,0.34568
24.391,24.444,-0.15668,-0.0071311,35.508,0.50132
24.376,24.443,-0.12765,-0.0091333,35.501,0.446
24.365,24.442,-0.12044,-0.010504,35.49,0.44571
24.365,24.441,0,-0.013246,35.482,0.13042
24.334,24.44,-0.095597,-0.01435,35.468,0.43247
24.325,24.438,-0.11699,-0.015438,35.454,0.50944
24.312,24.437,-0.020994,-0.016927,35.443,0.27472
24.304,24.435,0.021094,-0.017787,35.426,0.1883
24.313,24.433,0.016823,-0.016412,35.418,0.17942
24.314,24.432,0.053825,-0.01599,35.413,0.094887
24.318,24.43,0.11519,-0.015222,35.403,0
24.324,24.429,0.059388,-0.014178,35.399,0.060453
24.327,24.427,0.065428,-0.013699,35.387,0.042405
24.327,24.426,0,-0.013887,35.377,0.17745
24.325,24.425,0.09185,-0.013508,35.373,0
24.337,24.423,0.097128,-0.011774,35.355,0
24.356,24.422,0.12357,-0.0089992,35.34,0
24.366,24.421,0.091607,-0.0075294,35.34,0
24.385,24.42,0.10637,-0.0048272,35.343,0
24.388,24.42,0.10998,-0.0043145,35.339,0
24.407,24.419,0.12354,-0.0017342,35.327,0
24.418,24.419,0.11063,-0.0001866,35.334,0
24.429,24.419,0.14251,0.0022882,35.337,0
24.429,24.419,0,0.0033982,35.338,0
24.429,24.42,0,0.0051654,35.339,0
24.448,24.42,0.14045,0.0067582,35.339,0
24.459,24.421,0.14392,0.0093177,35.342,0
24.47,24.422,0.14523,0.01191,35.345,0
24.489,24.423,0.14313,0.016338,35.348,0
24.489,24.425,0,0.019751,35.354,0
24.514,24.427,0.11401,0.021614,35.361,0
24.528,24.429,0.1258,0.024568,35.376,0
24.538,24.431,0.11571,0.026279,35.389,0
24.547,24.434,0.11731,0.028014,35.408,0
24.56,24.437,0.16184,0.030473,35.413,0
24.567,24.44,0.17965,0.031343,35.421,0
24.589,24.443,0.18081,0.036139,35.438,0
24.589,24.447,0,0.03891,35.453,0
24.619,24.45,0.21982,0.041624,35.465,0
24.647,24.455,0.29235,0.047469,35.475,0
24.674,24.459,0.32876,0.053184,35.486,0
24.715,24.465,0.35703,0.062027,35.502,0
24.749,24.471,0.41368,0.068669,35.522,0
24.788,24.478,0.39604,0.076778,35.559,0
24.837,24.485,0.33249,0.086939,35.589,0
24.87,24.494,0.31586,0.092957,35.626,0
24.91,24.503,0.33152,0.10082,35.668,0
24.948,24.514,0.33424,0.1076,35.706,0
24.99,24.524,0.36342,0.11553,35.747,0
25.029,24.536,0.36929,0.12221,35.797,0
25.071,24.548,0.37761,0.12963,35.843,0
25.071,24.561,0,0.13794,35.894,0
25.145,24.575,0.38728,0.14152,35.951,0
25.177,24.589,0.38343,0.146,36.015,0
25.216,24.604,0.40491,0.15213,36.074,0
25.265,24.619,0.41241,0.16068,36.136,0
25.3,24.635,0.41405,0.16555,36.211,0
25.337,24.651,0.41504,0.17078,36.273,0
25.378,24.668,0.4065,0.17672,36.34,0
25.425,24.686,0.40179,0.18404,36.418,0
25.425,24.705,0,0.18749,36.491,0
25.503,24.723,0.39966,0.19453,36.576,0
25.541,24.743,0.39066,0.19946,36.661,0
25.576,24.763,0.39603,0.20332,36.737,0
25.576,24.783,0,0.20585,36.818,0
25.64,24.804,0.38014,0.20924,36.913,0
25.677,24.825,0.36647,0.21351,36.992,0
25.715,24.846,0.3775,0.21778,37.074,0
25.757,24.868,0.38754,0.22283,37.158,0
25.794,24.89,0.39299,0.22668,37.256,0
25.828,24.913,0.38964,0.22985,37.353,0
25.871,24.936,0.3938,0.23517,37.455,0
25.918,24.959,0.40908,0.24113,37.558,0
25.958,24.983,0.38907,0.24541,37.66,0
25.958,25.008,0,0.24991,37.756,0
26.031,25.033,0.38122,0.25141,37.846,0
26.072,25.058,0.37726,0.25578,37.945,0
26.109,25.083,0.34694,0.25868,38.055,0
26.144,25.109,0.32211,0.26121,38.149,0
26.179,25.135,0.34274,0.26374,38.255,0
26.208,25.162,0.35581,0.26433,38.35,0
26.24,25.188,0.36722,0.266,38.451,0
26.282,25.215,0.38427,0.27007,38.557,0
26.315,25.242,0.41049,0.2718,38.669,0
26.351,25.269,0.39149,0.27427,38.768,0
26.39,25.297,0.37002,0.27731,38.88,0
26.431,25.324,0.34447,0.28081,38.99,0
26.47,25.352,0.32636,0.2839,39.097,0
26.512,25.381,0.33601,0.28761,39.218,0
26.512,25.409,0,0.28774,39.33,0
26.582,25.438,0.32886,0.29089,39.43,0
26.605,25.467,0.31669,0.28965,39.548,0
26.645,25.496,0.28574,0.29252,39.656,0
26.676,25.526,0.23735,0.29332,39.769,0
26.709,25.555,0.19875,0.29441,39.889,0
26.709,25.584,0,0.29076,40.003,0
26.746,25.613,0.15822,0.28932,40.114,0
26.753,25.642,0.15269,0.28402,40.234,0
26.76,25.671,0.17171,0.27852,40.338,0
26.783,25.699,0.17964,0.27745,40.438,0
26.795,25.726,0.18642,0.27346,40.537,0
26.807,25.754,0.15902,0.26973,40.645,0
26.826,25.781,0.13888,0.26777,40.754,0
26.831,25.807,0.10582,0.26231,40.857,0
26.835,25.834,0.093488,0.25673,40.958,0
26.838,25.859,0.10703,0.25127,41.06,0
26.845,25.884,0.10628,0.24656,41.157,0
26.86,25.909,0.10677,0.24435,41.251,0
26.877,25.934,0.10764,0.24255,41.351,0
26.889,25.958,0.11574,0.23948,41.441,0
26.893,25.982,0.09071,0.23442,41.536,0
26.905,26.005,0.070104,0.23145,41.626,0
26.906,26.028,0.074115,0.22603,41.724,0
26.92,26.051,0.043563,0.22391,41.821,0
26.926,26.073,0.024639,0.21984,41.912,0
26.926,26.095,0,0.21375,41.996,0
26.925,26.117,-0.020897,0.20852,42.086,0
26.917,26.138,-0.022322,0.20117,42.162,0
26.922,26.158,0.0038005,0.19743,42.249,0
26.922,26.177,0,0.19232,42.324,0
26.916,26.197,0.021463,0.18584,42.402,0
26.923,26.215,0.039285,0.18296,42.473,0
26.936,26.234,0.027685,0.18179,42.551,0
26.936,26.252,0,0.17982,42.621,0
26.948,26.27,0.03133,0.17552,42.706,0
26.942,26.287,0.010496,0.16966,42.779,0
26.948,26.304,0.0062054,0.16672,42.834,0
26.948,26.321,0,0.16176,42.897,0
26.939,26.337,-0.028326,0.15603,42.967,0
26.93,26.353,-0.0759,0.14979,43.024,0
26.913,26.368,-0.10594,0.14147,43.072,0
26.909,26.382,-0.15539,0.13667,43.12,0
26.888,26.395,-0.20503,0.12784,43.169,0
26.86,26.408,-0.2551,0.1173,43.221,0
26.84,26.42,-0.2718,0.10901,43.269,0.022083
26.804,26.431,-0.27147,0.096819,43.309,0.10213
26.779,26.441,-0.27202,0.087762,43.339,0.16438
26.76,26.449,-0.30762,0.080523,43.379,0.3307
26.724,26.457,-0.29833,0.06914,43.411,0.37762
26.693,26.464,-0.33478,0.05941,43.446,0.57462
26.664,26.47,-0.37937,0.050202,43.459,0.81128
26.62,26.475,-0.41636,0.037498,43.479,1.0582
26.576,26.479,-0.41109,0.025295,43.495,1.128
26.529,26.482,-0.45876,0.012352,43.501,1.4406
26.487,26.483,-0.46052,0.00099495,43.495,1.5381
26.438,26.483,-0.45687,-0.0047484,43.499,1.6521
26.388,26.482,-0.47253,-0.01002,43.491,1.8678
26.332,26.481,-0.48283,-0.015756,43.478,2.0745
26.276,26.48,-0.55675,-0.02158,43.468,2.641
26.228,26.478,-0.71321,-0.026411,43.438,3.7805
26.161,26.475,-0.95646,-0.033259,43.419,5.9512
26.071,26.472,-1.2581,-0.042467,43.38,9.4647
25.938,26.467,-1.5957,-0.056182,43.336,14.784
25.778,26.462,-1.9144,-0.072702,43.28,21.436
25.778,26.455,0,-0.091548,43.212,1.3297
25.38,26.445,-2.2968,-0.11399,43.108,32.892
25.145,26.434,-2.3542,-0.13849,42.989,35.898
24.911,26.42,-2.3854,-0.16288,42.853,38.175
24.681,26.404,-2.3675,-0.18713,42.685,38.976
24.681,26.385,0,-0.21309,42.513,3.8982
24.2,26.364,-2.34,-0.2381,42.297,40.876
23.975,26.34,-2.3343,-0.26236,42.068,41.935
23.745,26.314,-2.27,-0.28745,41.822,41.319
23.745,26.285,0,-0.31314,41.567,6.3553
23.285,26.254,-2.083,-0.33857,41.282,38.646
23.071,26.22,-1.9188,-0.36298,40.982,35.638
22.873,26.184,-1.7144,-0.38603,40.659,31.957
22.694,26.145,-1.4836,-0.40721,40.325,28.079
22.551,26.104,-1.2106,-0.42484,39.965,23.795
22.439,26.062,-1.0105,-0.43888,39.605,21.005
22.344,26.018,-0.86831,-0.45134,39.231,19.198
22.255,25.973,-0.72429,-0.46314,38.854,17.473
22.192,25.926,-0.62902,-0.47169,38.483,16.336
22.192,25.879,0,-0.48083,38.112,9.9674
22.075,25.831,-0.5086,-0.48834,37.726,14.947
22.021,25.782,-0.49475,-0.49639,37.341,14.757
21.978,25.733,-0.49785,-0.50271,36.968,14.7
21.928,25.682,-0.51206,-0.5101,36.597,14.791
21.928,25.631,0,-0.51889,36.224,9.7855
21.812,25.58,-0.51884,-0.52755,35.839,14.782
21.763,25.527,-0.49029,-0.53493,35.47,14.395
21.722,25.473,-0.47032,-0.54118,35.097,14.064
21.67,25.419,-0.49285,-0.54957,34.715,14.222
21.628,25.364,-0.52096,-0.55644,34.334,14.396
21.575,25.309,-0.53882,-0.56484,33.96,14.502
21.529,25.252,-0.49743,-0.57225,33.586,13.946
21.48,25.195,-0.51529,-0.58038,33.204,14.021
21.422,25.137,-0.5039,-0.58961,32.839,13.825
21.373,25.078,-0.51311,-0.59776,32.464,13.802
21.314,25.018,-0.48241,-0.60759,32.093,13.402
21.266,24.957,-0.51673,-0.61577,31.714,13.619
21.223,24.896,-0.49332,-0.62306,31.344,13.228
21.181,24.833,-0.47511,-0.63028,30.971,12.885
21.134,24.77,-0.47623,-0.63839,30.597,12.748
21.086,24.707,-0.49236,-0.64687,30.224,12.764
21.038,24.642,-0.46918,-0.65511,29.854,12.384
20.99,24.576,-0.45448,-0.66293,29.504,12.096
20.95,24.51,-0.47539,-0.66941,29.15,12.119
20.907,24.443,-0.4706,-0.67611,28.801,11.9
20.854,24.376,-0.49349,-0.68515,28.448,11.978
20.854,24.307,0,-0.69275,28.099,7.6702
20.754,24.238,-0.53618,-0.70133,27.76,12.076
20.701,24.168,-0.50332,-0.71063,27.405,11.602
20.661,24.097,-0.44308,-0.71683,27.063,10.852
20.625,24.025,-0.35288,-0.72214,26.721,9.8686
20.595,23.953,-0.20705,-0.72582,26.385,8.5156
20.566,23.88,-0.1185,-0.72911,26.055,7.694
20.559,23.807,-0.032725,-0.72775,25.718,6.8941
20.563,23.734,0.040075,-0.72287,25.4,6.2101
20.567,23.662,0.13833,-0.71735,25.092,5.4514
20.576,23.59,0.18576,-0.71032,24.791,4.9928
20.596,23.519,0.25069,-0.70036,24.496,4.4692
20.612,23.449,0.23028,-0.69127,24.202,4.3353
20.612,23.38,0,-0.67969,23.922,5.2392
20.643,23.312,0.091846,-0.67091,23.658,4.507
20.643,23.245,0,-0.66178,23.394,4.7677
20.658,23.179,0.045957,-0.65255,23.152,4.3289
20.657,23.114,0.086576,-0.6456,22.899,3.9815
20.672,23.049,0.15838,-0.63409,22.653,3.5071
20.697,22.986,0.16611,-0.61895,22.422,3.2861
20.71,22.924,0.1087,-0.60713,22.192,3.3318
20.721,22.863,0.043282,-0.5954,21.975,3.4259
20.727,22.804,-0.060778,-0.58517,21.756,3.7111
20.722,22.745,-0.13456,-0.57702,21.561,3.9182
20.699,22.687,-0.18138,-0.57449,21.358,4.0453
20.674,22.63,-0.27154,-0.57248,21.155,4.4141
20.654,22.573,-0.3422,-0.56904,20.955,4.6979
20.626,22.516,-0.38036,-0.56765,20.759,4.8241
20.591,22.459,-0.43152,-0.56829,20.563,5.05
20.55,22.402,-0.50456,-0.57013,20.384,5.4508
20.505,22.345,-0.51851,-0.57365,20.194,5.4753
20.459,22.288,-0.51915,-0.57728,20.009,5.4132
20.414,22.23,-0.51153,-0.57988,19.834,5.2959
20.367,22.172,-0.51417,-0.58342,19.657,5.2503
20.308,22.114,-0.50185,-0.59124,19.473,5.1286
20.266,22.055,-0.48008,-0.59255,19.296,4.914
20.22,21.995,-0.46591,-0.59536,19.121,4.7608
20.183,21.936,-0.44305,-0.59507,18.944,4.5403
20.141,21.876,-0.42747,-0.59615,18.777,4.3805
20.141,21.817,0,-0.59772,18.607,2.2949
20.068,21.757,-0.40478,-0.59526,18.423,4.0916
20.033,21.697,-0.40723,-0.59372,18.255,4.0261
19.986,21.638,-0.39972,-0.59663,18.091,3.9294
19.942,21.578,-0.4367,-0.59774,17.933,4.0714
19.896,21.519,-0.46188,-0.59984,17.768,4.152
19.849,21.459,-0.49474,-0.60175,17.616,4.2853
19.791,21.398,-0.51866,-0.60834,17.456,4.3846
19.732,21.338,-0.57375,-0.61468,17.301,4.6812
19.668,21.276,-0.58534,-0.62296,17.141,4.7147
19.616,21.214,-0.59769,-0.62658,16.986,4.7351
19.548,21.151,-0.59005,-0.63623,16.827,4.6492
19.548,21.088,0,-0.64338,16.67,1.8315
19.431,21.023,-0.55972,-0.64798,16.508,4.3546
19.431,20.958,0,-0.64961,16.352,1.7878
19.33,20.893,-0.49662,-0.65274,16.191,3.8618
19.274,20.828,-0.48759,-0.65725,16.029,3.7551
19.227,20.762,-0.47591,-0.65725,15.882,3.6297
19.178,20.697,-0.42883,-0.6579,15.736,3.3294
19.132,20.631,-0.40565,-0.65694,15.591,3.1558
19.091,20.565,-0.39926,-0.65461,15.435,3.0569
19.058,20.5,-0.38685,-0.64777,15.295,2.9276
19.013,20.435,-0.38527,-2.9,15.146,15.404
18.983,20.145,-0.38157,-2.9,15.025,18.71
18.939,19.855,-0.38112,-0.41383,14.931,2.2675
18.892,19.814,-0.38436,-2.9,14.842,22.282
18.861,19.524,-0.36368,-2.9,14.76,27.229
18.828,19.234,-0.33658,-0.1815,14.716,1.4897
18.786,19.215,-0.34827,-0.19246,14.675,1.5619
18.755,19.196,-0.32072,-0.19857,14.635,1.4626
18.728,19.176,-0.29921,-2.9,14.587,32.677
18.698,18.886,-0.31144,-0.083905,14.558,1.1339
18.671,18.878,-0.30872,-0.092682,14.528,1.1449
18.641,18.869,-0.2909,-0.10184,14.515,1.101
18.616,18.858,-0.2736,-0.10886,14.493,1.0545
18.583,18.848,-0.2484,-0.11893,14.464,0.98892
18.561,18.836,-0.25721,-0.12394,14.433,1.0306
18.533,18.823,-0.30561,-2.9,14.4,36.473
18.507,18.533,-0.33018,-0.01163,14.381,1.0151
18.474,18.532,-0.36262,-0.026035,14.376,1.1837
18.474,18.53,0,-0.039452,14.371,0.031749
18.401,18.526,-0.37259,-0.055642,14.351,1.3033
18.364,18.52,-0.35497,-0.069761,14.333,1.2669
18.324,18.513,-0.36135,-0.084768,14.319,1.3321
18.292,18.505,-0.34157,-0.095464,14.297,1.2782
18.259,18.495,-0.36095,-0.10629,14.279,1.3846
18.213,18.484,-0.37592,-0.12237,14.257,1.4877
18.178,18.472,-0.37045,-2.9,14.235,35.534
18.178,18.182,0,-0.015719,14.22,0
18.121,18.181,-0.33956,-0.026732,14.207,1.0924
18.081,18.178,-0.27743,-0.043069,14.197,0.89924
18.062,18.174,-0.2002,-0.050046,14.184,0.65428
18.034,18.169,-0.1475,-0.060274,14.175,0.52002
18.028,18.163,-0.11657,-0.060383,14.152,0.43241
18.016,18.157,-0.066289,-0.063038,14.146,0.30826
18.017,18.15,-0.059471,-0.059746,14.125,0.2827
18.013,18.144,-0.059422,-0.058808,14.118,0.28009
18.006,18.138,-0.022518,-0.059647,14.111,0.19586
18.011,18.132,0.0108,-0.054804,14.104,0.11199
18.002,18.127,0.008218,-0.056036,14.095,0.12019
18.002,18.121,0.032226,-0.054015,14.077,0.066277
17.998,18.116,0.063897,-0.053114,14.063,0.004128
18.008,18.111,0.068614,-4.4,14.055,522.51
18.008,17.671,0,0.063017,14.067,0
18.022,17.677,0.18389,0.064645,14.107,0
18.033,17.683,0.25109,0.065488,14.141,0
18.056,17.69,0.3147,0.068743,14.186,0
18.088,17.697,0.34866,0.073631,14.221,0
18.12,17.704,0.36261,0.078264,14.253,0
18.159,17.712,0.4069,0.084432,14.302,0
18.192,17.72,0.46388,0.089265,14.347,0
18.229,17.729,0.48207,0.094718,14.389,0
18.272,17.739,0.46197,0.10125,14.431,0
18.32,17.749,0.45006,0.10857,14.479,0
18.363,17.76,0.42679,0.11506,14.531,0
18.407,17.771,0.39466,0.12155,14.597,0
18.407,17.783,0,0.12559,14.66,0
18.475,17.796,0.4765,0.13051,14.715,0
18.528,17.809,0.53361,0.13863,14.79,0
18.591,17.823,0.53118,0.14856,14.871,0
18.591,17.838,0,0.15519,14.947,0
18.684,17.853,0.51488,0.16172,15.027,0
18.733,17.87,0.49339,0.16875,15.115,0
18.784,17.886,0.51283,0.17613,15.202,0
18.841,17.904,0.51227,0.18456,15.298,0
18.888,17.922,0.50043,0.19077,15.392,0
18.941,17.942,0.5024,0.19824,15.488,0
18.983,17.961,0.51255,0.20348,15.59,0
19.035,17.982,0.49779,0.21081,15.701,0
19.089,18.003,0.51382,0.21805,15.799,0
19.136,18.025,0.5206,0.22426,15.916,0
19.198,18.047,0.51989,0.23304,16.024,0
19.243,18.07,0.51935,0.23861,16.142,0
19.286,18.094,0.53372,0.24349,16.264,0
19.332,18.119,0.51782,0.24891,16.382,0
19.377,18.143,0.50533,0.25414,16.501,0
19.435,18.169,0.50314,0.262,16.621,0
19.485,18.195,0.50434,0.26813,16.747,0
19.485,18.222,0,0.27548,16.875,0
19.599,18.249,0.48783,0.28278,17.004,0
19.646,18.278,0.48398,0.28802,17.131,0
19.695,18.306,0.40022,0.29346,17.265,0
19.73,18.336,0.25,0.29602,17.409,0
19.755,18.365,-0.7852,0.2963,17.544,0
19.675,18.395,-2.2449,0.27382,17.671,19.016
19.452,18.422,-4.1708,0.22107,17.781,161.09
19.452,18.445,0,0.12581,17.883,0
19.452,18.457,0,-0.0090988,17.983,0
17.643,18.456,-8.0439,-0.25314,17.832,0
16.847,18.431,-7.599,-0.49832,17.706,0
16.096,18.381,-6.4284,-0.72937,17.519,9017
15.457,18.308,-5.0808,-0.92863,17.262,320.07
14.952,18.215,-3.9197,-1.0879,16.963,120.92
14.568,18.106,-3.2601,-1.2123,16.62,74.838
14.236,17.985,-2.9811,-1.3212,16.266,61.265
13.933,17.853,-2.9517,-1.4242,15.89,59.878
13.647,17.711,-3.043,-1.528,15.483,63.69
13.338,17.558,-3.1487,-1.6436,15.07,68.473
13.027,17.394,-3.1778,-1.7646,14.646,69.493
12.707,17.217,-3.0746,-1.8953,14.208,63.685
12.405,17.028,-2.9516,-2.0254,13.753,57.089
12.111,16.825,-2.8123,-4.4,13.279,20.68
11.832,16.385,-2.706,-4.4,12.811,13.554
11.552,15.945,-2.6925,-4.4,12.364,11.727
11.277,15.505,-2.698,-4.4,11.943,10.752
11.277,15.065,0,-4.4,11.542,34.114
10.738,14.625,-2.5888,-4.4,11.131,4.6062
10.473,14.185,-2.4447,-4.4,10.747,4.6259
10.227,13.745,-2.2642,-4.4,10.395,10.542
10.005,13.305,-2.1015,-4.4,10.056,21.439
9.7985,12.865,-1.963,-4.4,9.7369,38.181
9.6067,12.425,-1.8671,-4.4,9.4345,67.186
9.4164,11.985,-1.8113,-5.2,9.1744,0
9.2358,11.465,-1.7348,-5.2,8.9343,0
9.2358,10.945,0,-5.2,8.7373,610.95
8.8894,10.425,-1.6347,-5.2,8.5609,0
8.7217,9.905,-1.6516,-5.2,8.4155,0
8.5591,9.385,-1.6085,-5.2,8.3163,0
8.401,8.865,-1.5015,-5.2,8.254,0
8.2466,8.345,-1.3466,-5.2,8.2276,0
8.1038,7.825,-1.1001,-5.2,8.2441,0
7.9917,7.305,-0.80127,-5.2,8.3024,547.42
7.9082,6.785,-0.58079,-5.2,8.3837,293.39
7.8548,6.265,-0.44187,1.0737,8.517,1.3189
7.8011,6.3724,-0.38214,0.95187,8.6597,0.90606
7.7677,6.4676,-0.3918,0.85669,8.794,0.92561
7.7367,6.5532,-0.44346,0.77162,8.9082,1.186
7.6952,6.6304,-0.48083,0.68804,9.0139,1.3844
7.6486,6.6992,-0.50781,0.60917,9.1184,1.5383
7.5947,6.7601,-0.53704,0.53197,9.2057,1.7125
7.5324,6.8133,-0.54589,0.4562,9.2929,1.7782
7.5324,6.8589,0,0.39456,9.3625,0
7.4388,6.8984,-0.53826,0.33977,9.4168,1.7631
7.4388,6.9324,0,0.28043,9.4692,0
7.4388,6.9604,0,0.22353,9.5184,0
7.2716,6.9828,-0.36826,0.17987,9.5319,1.0007
7.2324,7.0008,-0.27215,0.14388,9.5495,0.63991
7.2018,7.0152,-0.19082,0.11574,9.5649,0.38155
7.1777,7.0267,-0.14793,0.093552,9.5877,0.27027
7.1556,7.0361,-0.14861,0.073955,9.5991,0.29211
7.1339,7.0435,-0.17215,0.055891,9.6043,0.38124
7.1191,7.0491,-0.19805,0.043224,9.6082,0.47494
7.0998,7.0534,-0.21126,0.028606,9.6068,0.53192
7.0834,7.0562,-0.20651,0.016724,9.6149,0.52839
7.0565,7.0579,-0.18356,-0.00043627,9.6215,0.47546
7.0448,7.0579,-0.15667,-0.003982,9.616,0.41292
7.0343,7.0575,-0.14543,-0.0070925,9.6119,0.39598
7.0214,7.0568,-0.1428,-0.010806,9.6155,0.40726
7.0033,7.0557,-0.1374,-0.016025,9.603,0.41787
6.9891,7.0541,-0.14111,-0.019874,9.6061,0.44812
6.9671,7.0521,-0.14621,-0.026063,9.5895,0.4939
6.9569,7.0495,-0.14779,-0.028443,9.5746,0.51015
6.9357,7.0466,-0.15199,-0.034174,9.5557,0.55094
6.9295,7.0432,-0.15714,-0.035128,9.5369,0.57052
6.9086,7.0397,-0.16112,-0.04063,9.5169,0.60955
6.8865,7.0357,-0.15004,-0.046295,9.5026,0.60366
6.8631,7.031,-0.16164,-0.05232,9.4786,0.66804
6.8525,7.0258,-0.14335,-0.054076,9.4645,0.62027
6.8394,7.0204,-0.13807,-0.056592,9.4487,0.61607
6.826,7.0147,-0.13687,-0.05908,9.437,0.62421
6.8039,7.0088,-0.13207,-0.064409,9.4081,0.63407
6.8039,7.0024,0,-0.067625,9.3879,0.26693
6.7868,6.9956,-0.077913,-0.066046,9.3617,0.48583
6.7824,6.989,-0.034519,-0.06544,9.3466,0.37081
6.7824,6.9825,0,-0.06591,9.3263,0.27412
6.7759,6.9759,0.10429,-0.063644,9.3094,0.069315
6.7874,6.9695,0.23888,-0.058117,9.2888,0
6.806,6.9637,0.3614,-0.050398,9.2727,0
6.806,6.9587,0,-0.040072,9.2572,0.23161
6.8763,6.9547,0.53319,-0.025103,9.2514,0
6.9396,6.9521,0.57285,-0.0040236,9.2413,0
7.0016,6.9517,0.54911,0.03049,9.2523,0
7.062,6.9548,0.52217,0.065532,9.2627,0
7.1064,6.9613,0.45365,0.088593,9.2729,0
7.1444,6.9702,0.47965,0.10629,9.2829,0
7.1913,6.9808,0.5355,0.12829,9.2964,0
7.1913,6.9937,0,0.15365,9.3168,0
7.3077,7.009,0.76029,0.18144,9.3352,0
7.3761,7.0272,0.93308,0.21185,9.3742,0
7.4642,7.0484,1.0101,0.25228,9.4189,0
7.5615,7.0736,1.0529,0.29544,9.4613,0
7.5615,7.1031,0,0.34412,9.5086,0
7.7804,7.1375,1.0304,0.3873,9.567,0
7.8933,7.1763,1.028,0.43081,9.6352,0
7.8933,7.2194,0,0.46166,9.7048,0
8.1034,7.2655,1.0464,0.49932,9.7712,0
8.2003,7.3154,1.0324,0.52507,9.8505,0
8.2003,7.368,0,0.5477,9.9364,0
8.4025,7.4227,1.0003,0.57706,10.039,0
8.5101,7.4804,0.97849,0.60375,10.135,0
8.6129,7.5408,0.97038,0.62598,10.241,0
8.7083,7.6034,0.98278,0.64274,10.357,0
8.8125,7.6677,0.98177,0.66333,10.475,0
8.9034,7.734,0.99467,0.67426,10.588,0
9.0104,7.8014,1.0049,0.69378,10.705,0
9.1099,7.8708,1.0162,0.70738,10.82,0
9.2201,7.9416,1.0276,0.72656,10.947,0
9.3149,8.0142,1.1016,0.73614,11.084,0
9.4168,8.0878,1.0699,0.74834,11.212,0
