3.6111,3.6111,1.2952,0,35.5,0.75423
3.7497,3.6111,1.2274,7.8,35.498,51.075
3.8667,4.3911,1.2321,7.8,35.487,55.212
3.8667,5.1711,0,7.8,35.396,83.473
4.1082,5.9511,1.2026,7.8,35.252,64.222
4.2293,6.7311,1.187,6.7,35.037,56.482
4.3451,7.4011,1.1819,6.7,34.759,60.12
4.4615,8.0711,1.1632,6.7,34.426,64.019
4.5704,8.7411,1.1328,6.7,34.029,68.213
4.6888,9.4111,1.1091,6.7,33.581,72.271
4.7938,10.081,1.1122,-0.30913,33.077,9.8805
4.8994,10.05,1.1328,-0.30801,32.563,9.2805
5.0177,10.019,1.1681,-0.30581,32.063,8.5848
5.1269,9.9888,1.2107,-0.30387,31.576,7.9139
5.2519,9.9584,1.2516,-0.30061,31.101,7.2413
5.3831,9.9284,1.2428,-0.2967,30.633,6.8005
5.5119,9.8987,1.1594,-0.2923,30.194,6.6959
5.6347,9.8695,1.0644,-0.28799,29.765,6.6651
5.739,9.8407,1.0008,-0.28444,29.359,6.551
5.8373,9.8122,0.97428,-0.28114,28.955,6.2887
5.9256,9.7841,1.0042,-0.27818,28.567,5.817
6.028,9.7563,1.077,-0.2739,28.191,5.1704
6.126,9.7289,1.1495,-0.26961,27.826,4.5956
6.2316,9.7019,1.1927,-0.26452,27.468,4.1454
6.3411,9.6755,1.1987,-0.25866,27.128,3.8217
6.4571,9.6496,1.2078,-0.25186,26.806,3.4937
6.5804,9.6244,1.2636,-0.24422,26.488,3.0728
6.5804,9.6,0,-0.23515,26.185,8.7543
6.8512,9.5765,1.4229,-0.2253,25.927,2.2977
6.9919,9.554,1.487,-0.21483,25.666,2.0273
7.1482,9.5325,1.4563,-0.20274,25.411,1.8304
7.2865,9.5122,1.3623,-0.19179,25.173,1.6875
7.4265,9.493,1.2515,-0.18014,24.964,1.5549
7.5548,9.475,1.0726,-0.16921,24.77,1.502
7.6681,9.4581,0.88071,-0.15941,24.582,1.538
7.7544,9.4422,0.71379,-0.15182,24.406,1.6445
7.7544,9.427,0,-0.14464,24.238,4.1183
7.88,9.4125,0.37633,-0.14054,24.074,2.1682
7.9088,9.3985,0.25366,-0.13788,23.915,2.4734
7.925,9.3847,0.14977,-0.13629,23.766,2.7897
7.9384,9.371,0.063984,-0.13498,23.614,3.0757
7.9363,9.3575,0.0030466,-0.13511,23.464,3.317
7.9404,9.344,-0.045131,-0.13464,23.314,3.4937
7.9365,9.3306,-0.075074,-0.13483,23.176,3.6107
7.9384,9.3171,-0.044973,-0.13451,23.032,3.4118
7.9266,9.3036,0.046739,-0.13538,22.904,2.9785
7.9408,9.2901,0.13172,-0.13376,22.768,2.551
7.9535,9.2767,0.28504,-0.13229,22.629,1.949
7.9894,9.2635,0.44207,-0.12843,22.496,1.4187
8.0374,9.2507,0.55903,-0.12322,22.373,1.0708
8.0374,9.2383,0,-0.11646,22.253,2.7218
8.1579,9.2267,0.73408,-0.11013,22.141,0.63426
8.2218,9.2157,0.76829,-0.10309,22.035,0.51787
8.3026,9.2054,0.76434,-0.094156,21.946,0.41356
8.3752,9.1959,0.74965,-0.085994,21.869,0.32712
8.3752,9.1873,0,-0.076679,21.788,1.7444
8.5337,9.1797,0.64866,-0.068302,21.725,0.16828
8.6068,9.1728,0.58295,-0.060114,21.656,0.10587
8.6587,9.1668,0.52247,-0.054155,21.601,0.071365
8.7191,9.1614,0.45503,-0.04725,21.561,0.037314
8.7588,9.1567,0.3904,-0.042612,21.521,0.036791
8.8043,9.1524,0.34688,-0.037405,21.474,0.012921
8.8449,9.1487,0.29536,-0.032703,21.44,0.0092538
8.8679,9.1454,0.24757,-0.029945,21.407,0.033624
8.9013,9.1424,0.21623,-0.026061,21.38,0.022276
8.9186,9.1398,0.18905,-0.023965,21.349,0.032486
8.9306,9.1374,0.17122,-0.022437,21.325,0.037798
8.939,9.1352,0.14549,-0.021324,21.299,0.063982
8.9606,9.133,0.1381,-0.018778,21.27,0.036745
8.97,9.1312,0.1341,-0.017555,21.261,0.02465
8.9766,9.1294,0.1266,-0.016676,21.235,0.023702
8.9854,9.1277,0.13067,-0.015544,21.222,0
8.9925,9.1262,0.13687,-0.014615,21.208,0
9.0149,9.1247,0.1629,-0.012014,21.2,0
9.0331,9.1235,0.17357,-0.0099008,21.189,0
9.0554,9.1225,0.20705,-0.0073551,21.176,0
9.0823,9.1218,0.2192,-0.00433,21.176,0
9.0968,9.1214,0.27212,-0.0026902,21.174,0
9.1209,9.1211,0.28363,-1.8724e-05,21.182,0
9.1404,9.1211,0.28339,0.015653,21.173,0
9.1404,9.1227,0,0.037656,21.175,0.04488
9.2034,9.1264,0.23058,0.062445,21.187,0
9.2212,9.1327,0.14382,0.071694,21.186,0
9.2368,9.1398,0.05756,0.078478,21.194,0
9.2374,9.1477,-0.0081987,0.072522,21.196,0
9.2344,9.1549,-0.068069,0.064144,21.203,0.13702
9.2288,9.1614,-0.10243,0.054331,21.202,0.23038
9.2237,9.1668,-0.14708,0.04581,21.204,0.35884
9.215,9.1714,-0.1669,0.035098,21.209,0.41941
9.215,9.1749,0,0.021751,21.214,0
9.1789,9.1771,-0.23932,0.0014929,21.217,0.65309
9.165,9.1772,-0.2705,-0.0013453,21.215,0.79001
9.1424,9.1771,-0.26141,-0.0038111,21.203,0.81006
9.1424,9.1767,0,-0.0061026,21.199,0.057685
9.1024,9.1761,-0.11302,-0.0081175,21.181,0.42202
9.0912,9.1753,0.024976,-0.0092715,21.164,0.10041
9.0874,9.1743,0.17777,-0.0095985,21.155,0
9.1121,9.1734,0.3384,-0.0067621,21.155,0
9.1416,9.1727,0.46896,-0.0034304,21.159,0
9.1847,9.1724,0.52766,0.0099089,21.153,0
9.2429,9.1734,0.53063,0.055838,21.166,0
9.2916,9.1789,0.4708,0.090477,21.181,0
9.3412,9.188,0.34775,0.12286,21.196,0
9.3739,9.2003,0.20513,0.1391,21.222,0
9.3739,9.2142,0,0.15132,21.238,0.0039246
9.415,9.2293,-0.073947,0.14815,21.251,0.12963
9.4106,9.2441,-0.1567,0.13261,21.269,0.37728
9.3969,9.2574,-0.2049,0.11086,21.281,0.53609
9.3799,9.2685,-0.23664,0.088405,21.284,0.64519
9.3584,9.2773,-0.26511,0.064237,21.298,0.74593
9.3305,9.2837,-0.28834,0.037073,21.31,0.8292
9.3042,9.2874,-0.31224,0.013273,21.311,0.91672
9.2639,9.2888,-0.32491,-0.0027494,21.314,1.0248
9.2316,9.2885,-0.33825,-0.0062875,21.31,1.1577
9.1911,9.2879,-0.3378,-0.010709,21.3,1.2565
9.163,9.2868,-0.3409,-0.01371,21.285,1.3381
9.1223,9.2854,-0.34457,-0.018081,21.273,1.4549
9.0785,9.2836,-0.33709,-0.022739,21.264,1.5311
9.0406,9.2813,-0.34094,-0.026727,21.245,1.6412
9.0002,9.2787,-0.33154,-0.030966,21.22,1.6984
9.0002,9.2756,0,-0.03431,21.192,0.51712
8.9371,9.2721,-0.31027,-0.037361,21.174,1.752
8.913,9.2684,-0.32273,-0.039695,21.147,1.8614
8.886,9.2644,-0.30912,-0.042367,21.111,1.8603
8.886,9.2602,0,-0.045292,21.073,0.71798
8.8276,9.2557,-0.32759,-0.048241,21.014,2.0771
8.8024,9.2509,-0.3287,-0.05067,20.974,2.1371
8.772,9.2458,-0.33556,-0.05369,20.928,2.2383
8.7404,9.2404,-0.34878,-0.056837,20.883,2.3752
8.6974,9.2347,-0.3487,-0.061291,20.83,2.4778
8.6703,9.2286,-0.35973,-0.063964,20.767,2.5918
8.6295,9.2222,-0.35408,-0.06816,20.709,2.6587
8.5994,9.2154,-0.35313,-0.071089,20.654,2.7186
8.5696,9.2083,-0.36004,-0.07402,20.591,2.818
8.5696,9.2009,0,-0.076604,20.527,1.2615
8.4974,9.1932,-0.3711,-0.081355,20.459,3.039
8.4974,9.1851,0,-0.085738,20.39,1.3786
8.416,9.1765,-0.37491,-0.08989,20.302,3.2448
8.3864,9.1675,-0.36901,-0.092858,20.218,3.2696
8.3413,9.1582,-0.35674,-0.097586,20.146,3.3038
8.296,9.1485,-0.35764,-0.10249,20.054,3.4099
8.2541,9.1382,-0.40394,-0.10685,19.976,3.7708
8.2101,9.1275,-0.49787,-0.11149,19.893,4.4643
8.1598,9.1164,-0.62662,-0.11709,19.79,5.5057
8.0982,9.1047,-0.79506,-0.12407,19.69,7.0693
8.0117,9.0923,-0.94366,-0.13425,19.58,8.7724
7.9102,9.0789,-1.0622,-0.14635,19.465,10.41
7.7963,9.0642,-1.0721,-0.16008,19.35,10.936
7.6979,9.0482,-1.0173,-0.17222,19.208,10.642
7.5888,9.031,-0.94784,-0.18584,19.066,10.239
7.4934,9.0124,-0.90389,-0.19778,18.921,10.064
7.4043,8.9926,-0.82359,-0.20901,18.772,9.4935
7.4043,8.9717,0,-0.21963,18.614,3.4222
7.4043,8.9498,0,-0.22987,18.459,3.3075
7.1617,8.9268,-0.73673,-0.24117,18.261,9.2542
7.0807,8.9027,-0.62962,-0.25216,18.088,8.4481
7.0249,8.8774,-0.55169,-0.26001,17.902,7.856
6.9668,8.8514,-0.44138,-0.26808,17.723,7.0522
6.9251,8.8246,-0.35839,-0.27433,17.526,6.456
6.8905,8.7972,-0.32892,-0.27923,17.342,6.2452
6.8615,8.7693,-0.33112,-0.28349,17.155,6.2388
6.8281,8.7409,-0.32631,-0.28849,16.965,6.1943
6.8009,8.7121,-0.32995,-0.2925,16.779,6.1885
6.7611,8.6828,-0.33114,-0.29855,16.59,6.2016
6.7376,8.653,-0.34135,-0.30248,16.389,6.2228
6.7376,8.6227,0,-0.30819,16.199,4.0503
6.6757,8.5919,-0.33363,-0.31249,15.999,6.1107
6.6757,8.5607,0,-0.31791,15.809,4.0046
6.6757,8.5289,0,-0.3231,15.622,3.8768
6.5661,8.4966,-0.3171,-0.32982,15.441,5.9491
6.5384,8.4636,-0.32157,-0.33434,15.25,5.9311
6.516,8.4301,-0.317,-0.33806,15.056,5.8342
6.4916,8.3963,-0.32429,-0.34217,14.862,5.8208
6.4591,8.3621,-0.32829,-0.34776,14.67,5.8073
6.434,8.3273,-0.31189,-0.35233,14.47,5.6338
6.4006,8.2921,-0.30779,-0.35764,14.291,5.5685
6.3673,8.2563,-0.30711,-0.36308,14.11,5.5229
6.3315,8.22,-0.30958,-0.36934,13.921,5.5
6.3089,8.1831,-0.3126,-0.37295,13.736,5.4435
6.2737,8.1458,-0.32641,-0.37929,13.546,5.4875
6.2461,8.1079,-0.32693,-0.3836,13.368,5.4255
6.2168,8.0695,-0.32619,-0.38877,13.18,5.3559
6.1841,8.0306,-0.32583,-0.3948,12.99,5.2952
6.144,7.9912,-0.29379,-0.40256,12.799,5.0542
6.1118,7.9509,-0.26198,-0.40827,12.615,4.8022
6.0887,7.9101,-0.16797,-0.41186,12.432,4.1966
6.0725,7.8689,-0.004632,-0.4138,12.252,3.3236
6.08,7.8275,0.21173,-0.41009,12.073,2.3944
6.1066,7.7865,0.42347,-0.40161,11.897,1.7102
6.1445,7.7463,0.62084,-0.38982,11.729,1.2717
6.2087,7.7074,0.75009,-0.37115,11.567,1.0355
6.2745,7.6702,0.77937,-0.35127,11.419,0.91026
6.3449,7.6351,0.74376,-0.32947,11.285,0.80773
6.4283,7.6022,0.64813,-0.3039,11.16,0.71725
6.5028,7.5718,0.54632,-0.28054,11.039,0.65962
6.5542,7.5437,0.45173,-0.2628,10.933,0.64776
6.5991,7.5174,0.37387,-0.2463,10.844,0.64708
6.6438,7.4928,0.29217,-0.2301,10.752,0.67005
6.6663,7.4698,0.22598,-0.21989,10.667,0.71709
6.6852,7.4478,0.17304,-0.21066,10.587,0.75748
6.6957,7.4268,0.11571,-0.20399,10.503,0.83026
6.7128,7.4064,0.057219,-0.19488,10.44,0.91014
6.7276,7.3869,0.012291,-0.18679,10.369,0.96987
6.7265,7.3682,-0.034408,-0.18314,10.306,1.0693
6.7304,7.3499,-0.084225,-0.17788,10.252,1.1814
6.7306,7.3321,-0.15101,-0.17371,10.2,1.3699
6.7122,7.3147,-0.21922,-0.17525,10.14,1.6183
6.6913,7.2972,-0.26079,-0.17772,10.072,1.7842
6.6597,7.2794,-0.30291,-0.18343,10.002,1.981
6.638,7.2611,-0.33387,-0.18585,9.9384,2.1188
6.5966,7.2425,-0.33336,-0.19418,9.8751,2.1522
6.5674,7.2231,-0.31624,-0.1986,9.8129,2.0866
6.531,7.2032,-0.3129,-0.20547,9.7415,2.0938
6.531,7.1827,0,-0.21185,9.6753,0.91855
6.464,7.1615,-0.28428,-0.21687,9.6043,1.9989
6.4322,7.1398,-0.28475,-0.22176,9.5393,2.0114
6.4053,7.1176,-0.27564,-0.22507,9.4728,1.9734
6.3785,7.0951,-0.2833,-0.22839,9.4043,2.0055
6.3597,7.0723,-0.30217,-0.22889,9.3402,2.0724
6.3337,7.0494,-0.29786,-0.23201,9.2684,2.0501
6.3021,7.0262,-0.29732,-0.23651,9.206,2.0546
6.2765,7.0025,-0.31726,-0.23942,9.1327,2.1356
6.2352,6.9786,-0.30703,-0.24747,9.0605,2.1103
6.2101,6.9538,-0.29903,-0.25008,8.9846,2.0657
6.1797,6.9288,-0.3117,-0.25416,8.9146,2.1201
6.1429,6.9034,-0.30503,-0.26015,8.8493,2.101
6.1087,6.8774,-0.3118,-0.26541,8.7781,2.1336
6.0726,6.8509,-0.32598,-0.27133,8.7042,2.2004
6.0385,6.8237,-0.31188,-0.2766,8.6277,2.1378
6.0043,6.7961,-0.31076,-0.282,8.5475,2.1305
5.9686,6.7679,-0.32978,-0.28747,8.4734,2.2137
5.9286,6.7391,-0.31564,-0.29463,8.3958,2.1563
5.8898,6.7097,-0.31491,-5.2,8.3048,39.775
5.86,6.1897,-0.32145,-0.11272,8.242,1.4739
5.8232,6.1784,-0.31782,-0.12222,8.2004,1.4968
5.7821,6.1662,-0.30901,-0.13264,8.1712,1.5048
5.7463,6.1529,-0.29857,-0.14102,8.1395,1.4961
5.7218,6.1388,-0.28181,-0.1457,8.0904,1.4416
5.6876,6.1242,-0.25618,-5.2,8.0537,33.51
5.6708,5.6042,-0.23739,0.051384,8.0301,0.64183
5.6561,5.6094,-0.24085,0.036045,8.0376,0.65489
5.6272,5.613,-0.25304,0.010928,8.0312,0.69909
5.592,5.6141,-0.2595,-0.0070628,8.0411,0.75774
5.5754,5.6134,-0.29924,-0.012148,8.0442,0.92813
5.5459,5.6121,-0.31897,-0.021224,8.039,1.0503
5.5109,5.61,-0.31312,-0.031851,8.0233,1.0817
5.478,5.6068,-0.31583,-0.041455,8.0156,1.1415
5.478,5.6027,0,-0.049023,8.0029,0.15301
5.478,5.5978,0,-0.057329,7.9907,0.12516
5.3919,5.5921,-0.27931,-0.06487,7.9661,1.1162
5.3738,5.5856,-0.21631,-0.068851,7.9449,0.90701
5.3497,5.5787,-0.12426,-0.074611,7.9273,0.64009
5.339,5.5712,-0.02851,-0.075862,7.9079,0.38742
5.3411,5.5636,0.080245,-0.07291,7.8863,0.1392
5.3411,5.5563,0,-0.068055,7.8644,0.30156
5.3719,5.5495,0.1833,-0.058595,7.8408,0
5.3878,5.5437,0.17666,-0.051599,7.8184,0
5.4036,5.5385,0.14101,-0.044733,7.8069,0
5.4177,5.534,0.094238,-0.038601,7.8013,0
5.4232,5.5302,0.04244,-0.035593,7.7829,0.056987
5.4211,5.5266,-0.017107,-0.035179,7.772,0.18122
5.4215,5.5231,-0.076293,-8.8,7.7573,20.625
5.4164,4.6431,-0.15061,0.79486,7.7817,1.166
5.4043,4.7226,-0.2258,0.68673,7.8546,1.3366
5.3884,4.7913,-0.2707,0.59132,7.9159,1.3926
5.3616,4.8504,-0.29448,0.4989,7.9686,1.3615
5.3324,4.9003,-0.30468,0.41671,8.0154,1.2912
5.3324,4.942,0,0.33602,8.0565,0
5.2669,4.9756,-0.25665,0.2761,8.0863,0.91186
5.246,5.0032,-0.25009,0.22882,8.1191,0.84168
5.2116,5.0261,-0.23949,0.17375,8.1317,0.75614
5.1935,5.0434,-0.24237,0.13988,8.145,0.74262
5.1756,5.0574,-0.25325,0.10991,8.1619,0.76326
5.1586,5.0684,-0.26693,0.083754,8.1793,0.79751
5.1586,5.0768,0,0.043533,8.1879,0
5.0955,5.0811,-0.26067,0.013319,8.1953,0.73356
5.0599,5.0825,-0.23873,-0.0062945,8.1925,0.68987
5.028,5.0818,-0.17824,-0.015028,8.1897,0.54622
5.0002,5.0803,-0.023599,-0.022391,8.1824,0.17083
4.9954,5.0781,0.12432,-0.02311,8.1799,0
5.0002,5.0758,0.24359,-0.021177,8.1636,0
5.0322,5.0737,0.40746,-0.011649,8.1554,0
5.0826,5.0725,0.62687,0.0093495,8.1626,0
5.0826,5.0734,0,0.057272,8.1636,0.10848
5.2156,5.0792,1.0021,0.12601,8.1669,0
5.32,5.0918,1.2207,0.21032,8.184,0
5.4465,5.1128,1.3906,0.30619,8.2067,0.14227
5.4465,5.1434,0,0.39889,8.2386,0.36746
5.7211,5.1833,1.5558,0.48704,8.2985,0.067653
5.8741,5.232,1.6061,0.57616,8.3577,0
6.0444,5.2896,1.644,0.67013,8.4309,0
6.2174,5.3566,1.6702,0.7549,8.514,0
6.2174,5.4321,0,0.83113,8.5963,0.59836
6.551,5.5152,1.6611,0.88288,8.7096,0
6.7267,5.6035,1.6667,0.94306,8.8226,0
6.897,5.6978,1.654,0.99112,8.9433,0
7.0527,5.7969,1.6313,1.0206,9.0649,0
7.2081,5.899,1.5601,1.0461,9.1898,0
7.2081,6.0036,0,1.0705,9.3155,0.31298
7.5151,6.1107,1.3185,1.0848,9.4511,0
7.6456,6.2191,1.1786,1.0847,9.5974,0
7.6456,6.3276,0,1.081,9.7346,0.011816
7.6456,6.4357,0,1.0551,9.861,0.23228
7.6456,6.5412,0,1.0266,9.9767,0.43617
8.0234,6.6439,0.10915,0.98789,10.156,0
8.0422,6.7427,-0.72823,0.91788,10.281,3.542
7.9694,6.8345,-1.6156,0.79171,10.399,13.799
7.8043,6.9136,-2.3683,0.61425,10.491,29.811
7.5755,6.9751,-3.0785,0.41089,10.573,56.224
7.2747,7.0161,-4.0247,0.17595,10.623,14.735
6.869,7.0337,-4.9802,-0.042437,10.636,15.695
6.3741,7.0295,-6.1454,-0.16984,10.596,17.872
5.7599,7.0125,-7.3588,-0.32826,10.508,20.471
5.0179,6.9797,-8.2372,-0.52458,10.348,22.723
5.0179,6.9272,0,-0.75355,10.155,2.4075
3.4005,6.8519,-6.5143,-0.99058,9.7943,20.717
2.7436,6.7528,-4.6535,-1.207,9.4246,17.546
2.2683,6.6321,-2.7945,-1.3863,9.0154,14.241
1.986,6.4935,-1.1868,-1.5182,8.5819,11.493
1.8628,6.3417,-0.24079,-5.2,8.1308,0.22354
1.8398,5.8217,0.0063609,-8.8,7.7165,0
1.8452,4.9417,0.25135,-8.8,7.3701,0
1.8627,4.0617,0.59234,-0.60896,7.1077,2.0184
1.9272,4.0008,1.0076,-8.8,6.885,0
2.0349,3.1208,1.4527,-0.24747,6.7317,1.3048
2.1765,3.096,1.8597,-0.21333,6.6246,2.4192
2.3612,3.0747,2.1523,-8.8,6.5333,3.1153
2.5757,2.1947,2.3738,1.1694,6.52,0
2.5757,2.3116,0,1.4103,6.5523,5.676
3.0559,2.4527,2.6309,1.5601,6.6266,0
3.3281,2.6087,2.6552,1.6937,6.6939,0
3.3281,2.778,0,1.7553,6.7574,6.7972
3.8558,2.9536,2.5597,1.7626,6.8518,0
4.1054,3.1298,2.421,1.7503,6.942,0
4.3539,3.3049,2.2803,1.7416,7.0468,0
4.58,3.479,2.1457,1.6991,7.1484,0
4.58,3.6489,0,1.6572,7.25,4.4794
4.9915,3.8147,1.9476,1.6012,7.3754,0
5.1887,3.9748,1.8805,1.5631,7.4883,0
5.367,4.1311,1.8784,1.5142,7.6131,0
5.5597,4.2825,1.8441,1.4937,7.7302,0
5.7378,4.4319,1.7987,1.4622,7.8506,0
5.9172,4.5781,1.7623,1.4418,7.9844,0
6.0879,4.7223,1.71,1.4158,8.1113,0
6.2493,4.8639,1.6022,1.3872,8.2442,0
6.401,5.0026,1.5136,1.3557,8.3813,0
6.5613,5.1381,1.426,1.34,8.5285,0
6.6948,5.2721,1.3482,1.3026,8.6732,0
6.825,5.4024,1.2708,1.269,8.8176,0
6.9548,5.5293,1.1929,1.2406,8.9584,0
7.0706,5.6534,1.1225,1.2049,9.0973,0
7.1861,5.7739,1.05,1.175,9.2371,0
7.2893,5.8914,0.9822,1.1396,9.3758,0
7.3863,6.0053,0.94099,1.1048,9.516,0
7.4706,6.1158,0.91644,1.0639,9.6435,0
7.5691,6.2222,0.90503,1.0398,9.771,0
7.6686,6.3262,0.92606,1.0207,9.9093,0
7.7697,6.4282,0.9918,1.0052,10.046,0
7.8672,6.5288,1.0845,0.9898,10.19,0
7.9728,6.6277,1.1935,0.98096,10.32,0
8.1016,6.7258,1.3133,0.99057,10.456,0
8.234,6.8249,1.4579,1.0023,10.601,0
8.389,6.9251,1.5227,1.0291,10.752,0
8.5495,7.028,1.5133,1.0557,10.894,0
8.5495,7.1336,0,1.068,11.04,0
8.8311,7.2404,1.3836,1.0764,11.198,0
8.9609,7.348,1.223,1.0778,11.352,0
9.0901,7.4558,1.075,1.0802,11.523,0
9.1977,7.5638,1.1147,1.0682,11.695,0
9.3164,7.6707,1.1678,1.0644,11.861,0
9.442,7.7771,1.2337,1.0658,12.032,0
9.5727,7.8837,1.3772,1.0701,12.202,0
9.7112,7.9907,1.5094,1.0791,12.372,0
9.7112,8.0986,0,1.0892,12.539,0
10.001,8.2075,1.4333,1.1032,12.728,0
10.136,8.3178,1.365,1.1073,12.902,0
10.275,8.4286,1.1996,1.1131,13.078,0
10.403,8.5399,1.059,1.1128,13.266,0
10.515,8.6512,0.95659,1.1029,13.453,0
10.618,8.7614,0.87775,1.0893,13.647,0
10.713,8.8704,0.77806,1.0717,13.825,0
10.795,8.9775,0.74209,1.0481,14.01,0
10.866,9.0823,0.74145,1.0203,14.186,0
10.935,9.1844,0.74021,0.99408,14.367,0
11.008,9.2838,0.76962,0.97232,14.543,0
11.079,9.381,0.85386,0.95002,14.705,0
11.16,9.476,0.90778,0.93605,14.871,0
11.242,9.5696,0.90926,0.92308,15.036,0
11.339,9.6619,0.86789,0.92017,15.208,0
11.421,9.7539,0.78175,0.90938,15.376,0
11.494,9.8449,0.66859,0.89484,15.549,0
11.553,9.9344,0.54639,0.87334,15.721,0
11.602,10.022,0.4321,0.84745,15.871,0
11.639,10.106,0.32116,0.81792,16.031,0
11.673,10.188,0.21537,0.78751,16.172,0
11.69,10.267,0.10332,0.75116,16.314,0
11.71,10.342,0.0074089,0.71883,16.461,0
11.705,10.414,-0.027072,0.67548,16.585,0
11.705,10.482,-0.03334,0.63724,16.702,0
11.705,10.545,0,0.60056,16.821,0
11.698,10.605,-0.12008,0.56477,16.935,0
11.692,10.662,-0.13133,0.53089,17.05,0
11.68,10.715,-0.21287,0.49614,17.152,0
11.666,10.764,-0.30453,0.46222,17.251,0.044611
11.633,10.811,-0.32016,0.42041,17.34,0.17559
11.599,10.853,-0.31481,0.38025,17.409,0.22175
11.573,10.891,-0.33422,0.34672,17.477,0.35578
11.535,10.925,-0.33713,0.30941,17.547,0.43355
11.506,10.956,-0.35664,0.27839,17.596,0.5672
11.479,10.984,-0.35423,0.25035,17.645,0.60733
11.442,11.009,-0.36757,0.21859,17.691,0.72059
11.399,11.031,-0.38966,0.18576,17.741,0.87546
11.358,11.05,-0.42323,0.15563,17.78,1.0795
11.316,11.065,-0.40559,0.12607,17.807,1.0563
11.279,11.078,-0.41446,0.10134,17.83,1.1421
11.237,11.088,-0.42522,0.075197,17.855,1.2399
11.199,11.096,-0.42149,0.052028,17.865,1.2672
11.199,11.101,0,0.030277,17.875,0
11.131,11.104,-0.41392,0.013909,17.88,1.3064
11.085,11.105,-0.42388,-0.003588,17.872,1.4244
11.044,11.105,-0.41632,-0.010973,17.862,1.4873
11.003,11.104,-0.42674,-0.018037,17.853,1.6286
10.968,11.102,-0.42859,-0.024047,17.832,1.7169
10.92,11.099,-0.41095,-0.032321,17.822,1.7439
10.879,11.096,-0.41016,-0.03911,17.795,1.8294
10.84,11.092,-0.40602,-0.045679,17.768,1.8959
10.796,11.088,-0.4169,-0.052835,17.75,2.0437
10.746,11.082,-0.43082,-0.061035,17.712,2.2215
10.696,11.076,-0.4413,-0.069332,17.669,2.3851
10.656,11.069,-0.44466,-0.075581,17.634,2.4856
10.61,11.062,-0.43924,-0.08275,17.586,2.5506
10.563,11.054,-0.41723,-0.090209,17.536,2.531
10.515,11.045,-0.41471,-0.097727,17.492,2.6147
10.478,11.035,-0.42558,-0.10319,17.432,2.738
10.427,11.025,-0.43729,-0.11145,17.368,2.9047
10.376,11.013,-0.42253,-0.11934,17.307,2.9216
10.343,11.001,-0.44348,-0.12403,17.239,3.0896
10.308,10.989,-0.30403,-0.12909,17.164,2.4176
10.286,10.976,-0.50719,-0.13148,17.09,3.5361
