38.611,38.611,0.34661,0,35.5,0
38.639,38.611,0.39082,0.0032149,35.498,0
38.683,38.611,0.37665,0.0082627,35.5,0
38.729,38.612,0.39894,0.013497,35.505,0
38.773,38.614,0.41138,0.018374,35.514,0
38.819,38.615,0.44561,0.023528,35.527,0
38.864,38.618,0.4333,0.028488,35.551,0
38.912,38.621,0.4339,0.033714,35.571,0
38.954,38.624,0.4108,0.038119,35.593,0
38.999,38.628,0.38777,0.042891,35.625,0
39.028,38.632,0.35249,0.045793,35.657,0
39.071,38.637,0.34415,0.050371,35.704,0
39.096,38.642,0.32727,0.052695,35.757,0
39.132,38.647,0.31998,0.056343,35.804,0
39.171,38.653,0.29654,0.060275,35.853,0
39.2,38.659,0.2412,0.062951,35.909,0
39.216,38.665,0.19142,0.064179,35.96,0
39.232,38.671,0.1324,0.065383,36.009,0
39.255,38.678,0.07831,0.067381,36.067,0
39.256,38.685,0.021095,0.066824,36.134,0
39.262,38.691,-0.0037931,0.066816,36.192,0
39.267,38.698,-0.045695,0.066671,36.244,0
39.26,38.705,-0.086476,0.06517,36.302,0
39.247,38.711,-0.12221,0.062932,36.363,0
39.232,38.717,-0.1082,0.060423,36.418,0
39.211,38.724,-0.10477,0.057374,36.468,0
39.211,38.729,0,0.05559,36.517,0
39.185,38.735,-0.086666,0.05305,36.548,0
39.18,38.74,-0.10114,0.051868,36.596,0
39.171,38.745,-0.14175,0.050203,36.637,0
39.166,38.75,-0.17628,0.049132,36.674,0
39.166,38.755,0,0.047514,36.715,0
39.13,38.76,-0.19483,0.043759,36.755,0
39.116,38.764,-0.15205,0.041669,36.787,0
39.11,38.769,-0.1606,0.040428,36.82,0
39.095,38.773,-0.14738,0.038219,36.854,0
39.086,38.776,-0.1534,0.036661,36.879,0
39.075,38.78,-0.11923,0.034967,36.915,0
39.058,38.784,-0.10001,0.032638,36.949,0
39.044,38.787,-0.06161,0.030545,36.986,0
39.046,38.79,-0.045656,0.030418,37.019,0
39.047,38.793,-0.013683,0.03026,37.041,0
39.055,38.796,-0.040224,0.030798,37.071,0
39.05,38.799,-0.072295,0.029847,37.089,0
39.041,38.802,-0.067576,0.02843,37.107,0
39.04,38.805,-0.045767,0.028002,37.136,0
39.03,38.808,-0.027471,0.026479,37.151,0
39.03,38.81,0,0.025741,37.173,0
39.023,38.813,0.011027,0.025118,37.197,0
39.034,38.815,-0.0032478,0.026091,37.225,0
39.029,38.818,-0.011991,0.025155,37.25,0
39.031,38.821,-0.0025195,0.025104,37.272,0
39.039,38.823,0.0010403,0.025858,37.298,0
39.038,38.826,-0.0034355,0.025339,37.311,0
39.029,38.828,0.0048503,0.024009,37.338,0
39.032,38.831,0.004866,0.024054,37.36,0
39.035,38.833,0.0066102,0.024203,37.386,0
39.031,38.835,0.026868,0.023492,37.414,0
39.042,38.838,0.068422,0.024472,37.437,0
39.045,38.84,0.12351,0.024569,37.452,0
39.064,38.843,0.17256,0.026524,37.479,0
39.087,38.845,0.19252,0.028969,37.493,0
39.109,38.848,0.19355,0.031252,37.517,0
39.138,38.851,0.18887,0.034373,37.535,0
39.165,38.855,0.1785,0.037246,37.57,0
39.185,38.858,0.18914,0.039245,37.611,0
39.185,38.862,0,0.041194,37.643,0
39.229,38.867,0.19452,0.04364,37.683,0
39.256,38.871,0.21578,0.046389,37.72,0
39.283,38.876,0.24656,0.049129,37.75,0
39.313,38.88,0.23573,0.052226,37.792,0
39.331,38.886,0.26171,0.053812,37.842,0
39.363,38.891,0.24347,0.05707,37.884,0
39.392,38.897,0.23448,0.059905,37.931,0
39.406,38.903,0.21113,0.060915,37.986,0
39.434,38.909,0.20306,0.063641,38.038,0
39.458,38.915,0.20788,0.065787,38.088,0
39.485,38.922,0.22461,0.068396,38.148,0
39.503,38.929,0.22063,0.069846,38.202,0
39.525,38.936,0.23048,0.071712,38.267,0
39.552,38.943,0.22026,0.07417,38.319,0
39.564,38.95,0.19643,0.074876,38.388,0
39.59,38.958,0.15509,0.077176,38.444,0
39.608,38.965,0.089373,0.078542,38.513,0
39.615,38.973,0.044669,0.078528,38.569,0
39.615,38.981,0,0.077923,38.633,0
39.621,38.989,0.01894,0.07755,38.699,0
39.632,38.997,-0.0091088,0.078045,38.757,0
39.632,39.004,0,0.077895,38.82,0
39.629,39.012,-0.029206,0.075839,38.891,0
39.629,39.02,0,0.075303,38.953,0
39.616,39.027,-0.10052,0.072653,39.023,0
39.609,39.035,-0.10572,0.070903,39.071,0
39.6,39.042,-0.12554,0.068958,39.132,0
39.593,39.049,-0.1648,0.067396,39.195,0
39.568,39.055,-0.20652,0.063526,39.241,0
39.55,39.062,-0.23696,0.060516,39.292,0
39.517,39.068,-0.28245,0.055699,39.342,0
39.481,39.073,-0.30961,0.050599,39.376,0
39.448,39.078,-0.3048,0.04595,39.412,0.057636
39.427,39.083,-0.34233,0.042769,39.442,0.23294
39.401,39.087,-0.37501,0.039043,39.483,0.41376
39.361,39.091,-0.37381,0.033569,39.508,0.51138
39.323,39.095,-0.37941,0.028366,39.523,0.63018
39.287,39.097,-0.3979,0.023563,39.535,0.79391
39.248,39.1,-0.37417,0.018495,39.559,0.79907
39.22,39.102,-0.35371,0.014735,39.564,0.79226
39.193,39.103,-0.3338,0.011165,39.569,0.78464
39.15,39.104,-0.33478,0.0056793,39.581,0.89287
39.15,39.105,0,0.0014122,39.585,0
39.089,39.105,-0.29051,-0.0029954,39.594,0.86727
39.053,39.105,-0.28887,-0.00966,39.596,0.93618
39.027,39.104,-0.27739,-0.01437,39.586,0.94628
39.006,39.102,-0.24458,-0.018133,39.577,0.86864
38.973,39.1,-0.22882,-0.02397,39.56,0.87669
38.973,39.098,0,-0.027314,39.547,0.20175
38.936,39.095,-0.22833,-0.030057,39.529,0.94129
38.906,39.092,-0.20793,-0.035152,39.521,0.92492
38.894,39.089,-0.22565,-0.036707,39.506,1.0045
38.868,39.085,-0.23398,-0.040928,39.482,1.0811
38.845,39.081,-0.2252,-0.044555,39.457,1.0886
38.815,39.076,-0.23666,-0.049412,39.438,1.1849
38.786,39.072,-0.27649,-0.053956,39.403,1.391
38.759,39.066,-0.28813,-0.058094,39.373,1.4857
38.731,39.06,-0.31012,-0.062522,39.337,1.6293
38.691,39.054,-0.32498,-0.068932,39.295,1.7693
38.668,39.047,-0.36272,-0.072108,39.254,1.9784
38.631,39.04,-0.38276,-0.078042,39.206,2.1456
38.591,39.032,-0.37697,-0.08415,39.167,2.1921
38.547,39.024,-0.36096,-0.091104,39.124,2.199
38.519,39.015,-0.35851,-0.094807,39.083,2.2309
38.489,39.005,-0.30558,-0.099107,39.023,2.0317
38.463,38.995,-0.24333,-0.10227,38.977,1.7941
38.444,38.985,-0.20864,-0.10421,38.926,1.6708
38.423,38.975,-0.17047,-0.10647,38.866,1.543
38.413,38.964,-0.14176,-0.10663,38.809,1.4342
38.401,38.953,-0.12831,-0.10709,38.747,1.387
38.379,38.943,-0.13301,-0.10956,38.695,1.4271
38.369,38.932,-0.13205,-0.10939,38.647,1.4191
38.359,38.921,-0.12145,-0.10962,38.583,1.3799
38.359,38.91,0,-0.1106,38.528,0.95818
38.334,38.899,-0.088777,-0.1106,38.472,1.2704
38.322,38.888,-0.070897,-0.11098,38.408,1.2111
38.314,38.877,-0.06348,-0.11072,38.358,1.1816
38.313,38.865,-0.087596,-0.10878,38.309,1.2391
38.309,38.855,-0.10265,-0.10771,38.254,1.2763
38.301,38.844,-0.13115,-0.10747,38.193,1.37
38.296,38.833,-0.18794,-0.1064,38.145,1.5677
38.286,38.822,-0.2593,-0.10667,38.084,1.858
38.286,38.812,0,-0.10991,38.031,0.9
38.225,38.801,-0.35502,-0.11499,37.976,2.386
38.189,38.789,-0.41833,-0.12005,37.926,2.7677
38.189,38.777,0,-0.12467,37.866,1.0086
38.189,38.765,0,-0.13229,37.808,0.95676
38.058,38.752,-0.51476,-0.13966,37.73,3.5489
38.011,38.738,-0.57263,-0.14672,37.657,3.9994
37.961,38.723,-0.58354,-0.15432,37.59,4.1661
37.901,38.707,-0.61788,-0.16373,37.515,4.5185
37.832,38.691,-0.6248,-0.17498,37.43,4.7105
37.771,38.674,-0.57685,-0.18454,37.346,4.4968
37.711,38.655,-0.52355,-0.19371,37.258,4.2523
37.659,38.636,-0.47719,-0.20114,37.156,4.0388
37.659,38.616,0,-0.20635,37.059,1.6891
37.575,38.595,-0.35227,-0.21165,36.955,3.4092
37.549,38.574,-0.31232,-0.21351,36.85,3.2023
37.515,38.553,-0.27145,-0.217,36.748,3.0187
37.482,38.531,-0.23995,-0.22028,36.649,2.8868
37.482,38.509,0,-0.22258,36.545,1.8212
37.425,38.487,-0.19891,-0.22476,36.443,2.714
37.413,38.464,-0.18966,-0.22353,36.34,2.6454
37.397,38.442,-0.17532,-0.22302,36.231,2.5616
37.374,38.419,-0.16548,-0.22407,36.129,2.5159
37.366,38.397,-0.1505,-0.22176,36.033,2.416
37.356,38.375,-0.13773,-0.22005,35.934,2.3331
37.356,38.353,0,-0.21917,35.833,1.7524
37.33,38.331,-0.13793,-0.21804,35.729,2.2896
37.322,38.309,-0.12125,-0.21595,35.626,2.1889
37.309,38.287,-0.13446,-0.21485,35.529,2.221
37.302,38.266,-0.12162,-0.21248,35.426,2.1346
37.302,38.245,0,-0.20923,35.33,1.6423
37.298,38.224,-0.096691,-0.20566,35.237,1.9539
37.298,38.203,-0.11547,-0.20175,35.148,1.9814
37.294,38.183,-0.10228,-0.19887,35.063,1.896
37.28,38.163,-0.1423,-0.19821,34.984,2.038
37.272,38.143,-0.15077,-0.19621,34.904,2.0454
37.272,38.124,0,-0.19387,34.818,1.4568
37.272,38.104,0,-0.19537,34.734,1.4028
37.229,38.085,-0.31279,-0.19482,34.64,2.7278
37.19,38.065,-0.38079,-0.19998,34.55,3.1187
37.157,38.045,-0.44229,-0.20378,34.46,3.4886
37.109,38.025,-0.48775,-0.21099,34.363,3.821
37.054,38.004,-0.51901,-0.21946,34.273,4.0933
37.003,37.982,-0.54434,-0.22707,34.183,4.3254
36.941,37.959,-0.55071,-0.23721,34.082,4.4614
36.887,37.936,-0.61766,-0.24537,33.981,4.9948
36.82,37.911,-0.66875,-0.25637,33.879,5.4753
36.747,37.885,-0.69461,-0.26865,33.776,5.7941
36.687,37.858,-0.70853,-0.27774,33.663,5.9845
36.62,37.831,-0.72203,-0.28862,33.54,6.1907
36.546,37.802,-0.72551,-0.30104,33.409,6.3315
36.474,37.772,-0.74773,-0.31277,33.28,6.6181
36.395,37.74,-0.77344,-0.32601,33.156,6.9573
36.314,37.708,-0.77959,-0.33964,33.025,7.1331
36.236,37.674,-0.78126,-0.35254,32.876,7.2538
36.155,37.639,-0.74932,-0.36639,32.724,7.0908
36.086,37.602,-0.70755,-0.37676,32.566,6.8083
36.008,37.564,-0.66947,-0.38941,32.411,6.5895
36.008,37.525,0,-0.39999,32.258,2.5407
35.877,37.485,-0.64111,-0.40829,32.094,6.4663
35.814,37.445,-0.64211,-0.41705,31.927,6.5116
35.75,37.403,-0.62899,-0.42565,31.766,6.4454
35.688,37.36,-0.64156,-0.43396,31.599,6.5728
35.62,37.317,-0.63952,-0.44355,31.429,6.5952
35.558,37.273,-0.65086,-0.4517,31.259,6.7076
35.496,37.227,-0.64284,-0.45968,31.087,6.6627
35.423,37.181,-0.63699,-0.47039,30.922,6.662
35.359,37.134,-0.63028,-0.47891,30.745,6.6268
35.359,37.086,0,-0.48775,30.57,2.8126
35.225,37.038,-0.68787,-0.4971,30.387,7.1259
35.153,36.988,-0.68866,-0.50751,30.196,7.1552
35.075,36.937,-0.72145,-0.51946,30.019,7.4687
35.001,36.885,-0.70764,-0.53016,29.833,7.3744
34.922,36.832,-0.66886,-0.54241,29.645,7.0873
34.846,36.778,-0.66515,-0.55354,29.454,7.0754
34.78,36.723,-0.70087,-0.56157,29.261,7.356
34.707,36.667,-0.68891,-0.57224,29.059,7.2609
34.646,36.609,-0.67974,-0.57823,28.873,7.1569
34.585,36.551,-0.64661,-0.58481,28.676,6.8619
34.525,36.493,-0.57931,-0.59073,28.484,6.317
34.472,36.434,-0.53397,-0.59491,28.278,5.9387
34.422,36.374,-0.51425,-0.59752,28.091,5.7483
34.364,36.315,-0.51429,-0.60289,27.895,5.7091
34.307,36.254,-0.53259,-0.60814,27.695,5.7919
34.255,36.194,-0.57614,-0.61106,27.509,6.0444
34.195,36.132,-0.56469,-0.61692,27.306,5.9191
34.141,36.071,-0.58587,-0.6206,27.116,6.0171
34.141,36.009,0,-0.62711,26.926,2.7035
34.021,35.946,-0.6118,-0.63194,26.716,6.111
33.95,35.883,-0.63112,-0.64058,26.529,6.2284
33.885,35.819,-0.64001,-0.64781,26.331,6.2534
33.811,35.754,-0.6412,-0.65744,26.137,6.2362
33.749,35.688,-0.62929,-0.66275,25.951,6.0999
33.684,35.622,-0.6461,-0.66888,25.76,6.1763
33.616,35.555,-0.61713,-0.67611,25.575,5.9265
33.562,35.487,-0.63674,-0.67817,25.391,5.9999
33.498,35.42,-0.61924,-0.68389,25.193,5.8191
33.437,35.351,-0.59547,-0.68832,25.004,5.5959
33.373,35.282,-0.56246,-0.69429,24.804,5.3184
33.326,35.213,-0.52862,-0.69334,24.616,5.0185
33.269,35.144,-0.50448,-0.69568,24.437,4.8088
33.269,35.074,0,-0.69318,24.253,2.3282
33.184,35.005,-0.48522,-0.68961,24.079,4.5286
33.138,34.936,-0.46123,-0.6882,23.89,4.3125
33.086,34.867,-0.44667,-0.68891,23.712,4.1683
33.037,34.798,-0.39336,-0.68839,23.529,3.8155
32.995,34.729,-0.33988,-0.68488,23.357,3.4781
32.967,34.661,-0.31219,-0.67522,23.187,3.2592
32.932,34.593,-0.25353,-0.66909,23.021,2.931
32.899,34.526,-0.20603,-0.66124,22.866,2.6702
32.874,34.46,-0.21494,-0.65076,22.706,2.6268
32.856,34.395,-0.23763,-0.6371,22.557,2.6326
32.835,34.331,-0.23826,-0.62469,22.41,2.5576
32.82,34.269,-0.27724,-0.61046,22.262,2.6313
32.79,34.208,-0.30149,-0.60247,22.116,2.6696
32.77,34.148,-0.2808,-2,21.985,3.3148
32.77,33.948,0,-2,21.857,5.532
32.727,33.748,-0.18058,-2,21.761,5.007
32.707,33.548,-0.12478,-2,21.667,6.186
32.701,33.348,-0.10135,-2,21.589,7.3959
32.697,33.148,-0.069867,-2,21.531,8.8931
32.689,32.948,-0.077538,-0.11059,21.49,0.48228
32.679,32.937,-0.11127,-2,21.454,9.9231
32.668,32.737,-0.1527,-0.029381,21.429,0.46372
32.657,32.734,-0.18619,-0.032793,21.427,0.57432
32.644,32.73,-0.22859,-0.036865,21.42,0.7227
32.626,32.727,-0.25744,-0.042989,21.407,0.8391
32.609,32.722,-0.25711,-0.048614,21.388,0.85373
32.591,32.718,-0.26623,-0.054036,21.375,0.90142
32.591,32.712,0,-2,21.362,12.127
32.538,32.512,-0.33566,0.0025291,21.348,0.9409
32.504,32.512,-0.38825,-0.0034124,21.353,1.2318
32.467,32.512,-0.45505,-0.019369,21.351,1.5792
32.429,32.51,-0.51524,-0.034449,21.334,1.9199
32.385,32.507,-0.56342,-0.051737,21.331,2.2271
32.385,32.501,0,-0.075416,21.32,0.080235
32.385,32.494,0,-0.097758,21.308,0.022045
32.204,32.484,-0.60646,-0.12024,21.271,2.6795
32.142,32.472,-0.60664,-0.14166,21.237,2.7449
32.072,32.458,-0.59657,-2,21.202,5.0189
32.007,32.258,-0.58421,-0.10762,21.171,2.5133
31.955,32.247,-0.58369,-0.12538,21.154,2.5644
31.894,32.235,-0.56598,-0.14649,21.118,2.5283
31.842,32.22,-0.58133,-2,21.082,5.172
31.775,32.02,-0.5849,-0.10533,21.06,2.5094
31.775,32.009,0,-0.12973,21.036,0.2097
31.653,31.997,-0.60848,-0.14776,21.012,2.7724
31.653,31.982,0,-2,20.978,10.41
31.534,31.782,-0.57604,-0.10644,20.936,2.4619
31.467,31.771,-0.56921,-0.13085,20.909,2.4973
31.401,31.758,-0.58085,-0.154,20.886,2.6315
31.338,31.743,-0.59867,-2,20.848,4.9054
31.279,31.543,-0.61061,-0.11348,20.814,2.6785
31.209,31.531,-0.61435,-0.13896,20.778,2.7763
31.209,31.517,0,-2,20.747,10.568
31.07,31.317,-0.62939,-0.10637,20.704,2.7656
31.016,31.307,-0.65549,-0.12569,20.668,2.9801
30.948,31.294,-0.67226,-2,20.636,4.6647
30.88,31.094,-0.73172,-0.092472,20.603,3.3647
30.811,31.085,-0.83576,-0.1181,20.58,4.1792
30.811,31.073,0,-0.14619,20.553,0.23041
30.635,31.058,-1.3147,-2,20.509,0.86123
30.5,30.858,-1.6021,-0.15472,20.479,12.754
30.347,30.843,-1.7075,-0.21457,20.446,14.65
30.173,30.822,-1.4551,-2,20.385,0.51139
30.03,30.622,-1.0608,-0.25626,20.333,6.5254
29.924,30.596,-0.82461,-2,20.27,2.458
29.842,30.396,-0.70986,-0.24051,20.201,3.671
29.842,30.372,0,-2,20.147,8.9666
29.691,30.172,-0.92982,-0.20902,20.097,5.2013
29.601,30.151,-1.0944,-2,20.038,1.4849
29.492,29.951,-1.0775,-0.20003,19.981,6.485
29.375,29.931,-0.94348,-2,19.921,2.1677
29.282,29.731,-0.85282,-0.19561,19.876,4.5409
29.193,29.711,-0.81127,-2,19.828,3.0085
29.107,29.511,-0.87148,-0.17625,19.782,4.6241
29.021,29.494,-0.93939,-2,19.743,2.4294
28.922,29.294,-1.0066,-0.16149,19.708,5.7058
28.922,29.278,0,-0.1951,19.672,0.31956
28.713,29.258,-1.0649,-2,19.619,1.6214
28.606,29.058,-0.98516,-0.1971,19.575,5.6279
28.606,29.038,0,-2,19.531,9.6389
28.407,28.838,-1.0068,-0.18833,19.462,5.788
28.307,28.82,-1.1549,-2,19.409,1.3095
28.19,28.62,-1.2214,-0.18758,19.353,7.9071
28.068,28.601,-1.2763,-0.23359,19.305,8.6677
27.949,28.577,-1.2531,-2,19.246,0.84363
27.827,28.377,-1.0958,-2,19.177,1.4797
27.717,28.177,-0.87591,-0.20154,19.134,4.7287
27.717,28.157,0,-2,19.089,9.5836
27.544,27.957,-0.82282,-0.18097,19.025,4.2592
27.544,27.939,0,-0.21027,18.984,0.3685
27.389,27.918,-0.52138,-2,18.925,4.8545
27.339,27.718,-0.22093,-0.16664,18.886,1.0406
27.339,27.702,0,-2,18.849,10.152
27.335,27.502,0.37751,-0.072855,18.808,0
27.372,27.494,0.63366,-0.053904,18.793,0
27.435,27.489,0.63134,-0.023872,18.777,0
27.496,27.486,0.63591,0.0011044,18.78,0
27.557,27.487,0.63335,0.0081028,18.79,0
27.61,27.487,0.63702,0.014223,18.807,0
27.675,27.489,0.61778,0.021577,18.813,0
27.729,27.491,0.59899,0.027507,18.83,0
27.794,27.494,0.57664,0.034802,18.865,0
27.848,27.497,0.57217,0.040704,18.906,0
27.907,27.501,0.56581,0.047227,18.938,0
27.955,27.506,0.56813,0.052363,18.982,0
28.009,27.511,0.57581,0.058148,19.038,0
28.057,27.517,0.57592,0.063213,19.086,0
28.117,27.523,0.5828,0.069587,19.142,0
28.185,27.53,0.59142,0.076904,19.205,0
28.241,27.538,0.59534,0.082892,19.278,0
28.3,27.546,0.56279,0.089089,19.352,0
28.361,27.555,0.52389,0.095528,19.422,0
28.413,27.565,0.4685,0.10086,19.512,0
28.451,27.575,0.39653,0.10453,19.59,0
28.49,27.585,0.33756,0.10828,19.677,0
28.532,27.596,0.29983,0.11241,19.773,0
28.563,27.607,0.28682,0.1152,19.867,0
28.584,27.619,0.36854,0.11685,19.964,0
28.627,27.631,0.49751,0.12112,20.07,0
28.679,27.643,0.64108,0.12642,20.18,0
28.744,27.655,0.80575,0.13327,20.279,0
28.827,27.669,0.95103,0.14241,20.395,0.3712
28.918,27.683,1.0234,0.15261,20.524,0.72203
29.027,27.698,1.0618,0.16491,20.654,0.98528
29.124,27.715,1.0931,0.17586,20.799,1.2226
29.229,27.732,1.0899,0.18761,20.936,1.3257
29.339,27.751,1.111,0.20012,21.088,1.5568
29.44,27.771,1.0978,0.21157,21.251,1.6157
29.556,27.792,1.0624,0.22484,21.416,1.5883
29.656,27.815,0.99288,0.23617,21.598,1.3615
29.761,27.838,0.87911,0.2483,21.794,0.92702
29.853,27.863,0.70524,0.25866,21.992,0.21391
29.853,27.889,0,0.26723,22.19,0
29.984,27.916,0.38148,0.2724,22.401,0
30.024,27.943,0.2515,0.2758,22.605,0
30.041,27.971,0.13791,0.27616,22.807,0
30.05,27.998,0.041074,0.27547,23.015,0
30.064,28.026,-0.087588,0.27541,23.223,0
30.056,28.053,-0.19633,0.27234,23.432,0
30.056,28.08,0,0.26709,23.631,0
30.002,28.107,-0.36724,0.26062,23.822,0
29.971,28.133,-0.42813,0.25405,24.004,0
29.919,28.159,-0.44938,0.24457,24.176,0
29.87,28.183,-0.45589,0.23545,24.349,0
29.82,28.207,-0.45458,0.22617,24.506,0
29.765,28.229,-0.49062,0.2163,24.658,0
29.715,28.251,-0.49413,0.207,24.804,0
29.671,28.272,-0.48513,0.19862,24.955,0
29.671,28.291,0,0.1904,25.094,0
29.584,28.31,-0.53826,0.18201,25.219,0
29.533,28.329,-0.64554,0.17272,25.349,0
29.473,28.346,-0.84574,0.1622,25.467,0.4871
29.379,28.362,-1.0945,0.14667,25.57,2.4035
29.26,28.377,-1.2963,0.1277,25.667,4.6306
29.126,28.39,-1.4734,0.10669,25.753,7.1607
28.975,28.4,-1.5165,0.083457,25.822,8.3918
28.827,28.409,-1.3629,0.060911,25.874,7.1716
28.689,28.415,-1.1309,0.03989,25.906,5.316
28.576,28.419,-0.90542,0.022932,25.932,3.8062
28.488,28.421,-0.69778,0.0098227,25.936,2.6523
28.488,28.422,0,-0.0031512,25.943,0
28.348,28.422,-0.51853,-0.019732,25.928,1.9842
28.287,28.42,-0.50279,-0.03539,25.924,2.0253
28.244,28.416,-0.46007,-0.046201,25.902,1.8932
28.192,28.412,-0.38733,-0.058772,25.893,1.6446
28.158,28.406,-0.2059,-0.066558,25.864,0.97532
28.137,28.399,0.032673,-0.070454,25.835,0.32171
28.138,28.392,0.24133,-0.068462,25.804,0
28.169,28.385,0.38261,-0.058345,25.771,0
28.201,28.379,0.47407,-0.048128,25.757,0
28.25,28.374,0.47083,-0.033581,25.743,0
28.291,28.371,0.46352,-0.021788,25.725,0
28.342,28.369,0.49304,-0.0071719,25.721,0
28.342,28.368,0,0.0022181,25.718,0.058059
28.443,28.368,0.54755,0.010861,25.714,0
28.5,28.37,0.5753,0.018917,25.719,0
28.562,28.371,0.60008,0.027697,25.745,0
28.627,28.374,0.57723,0.03676,25.776,0
28.682,28.378,0.58911,0.044274,25.812,0
28.744,28.382,0.63251,0.052567,25.837,0
28.817,28.388,0.64272,0.062474,25.88,0
28.885,28.394,0.61875,0.071643,25.926,0
28.947,28.401,0.58827,0.079735,25.98,0
28.947,28.409,0,0.085814,26.034,0
29.052,28.417,0.45367,0.092984,26.096,0
29.089,28.427,0.42809,0.097109,26.164,0
29.128,28.437,0.42553,0.10161,26.237,0
29.175,28.447,0.41935,0.10725,26.302,0
29.217,28.457,0.39109,0.11206,26.381,0
29.262,28.469,0.37127,0.11726,26.466,0
29.304,28.48,0.38226,0.12201,26.556,0
29.337,28.493,0.39506,0.12549,26.648,0
29.368,28.505,0.46435,0.12842,26.729,0
29.418,28.518,0.54026,0.13422,26.823,0
29.473,28.531,0.60233,0.14083,26.919,0
29.536,28.545,0.60149,0.14849,27.022,0
29.602,28.56,0.56938,0.15664,27.127,0
29.661,28.576,0.52312,0.16364,27.243,0
29.661,28.592,0,0.17057,27.351,0
29.775,28.609,0.50148,0.17665,27.465,0
29.834,28.627,0.50849,0.18343,27.576,0
29.882,28.645,0.52042,0.18835,27.69,0
29.933,28.664,0.58377,0.19379,27.81,0
29.99,28.684,0.53324,0.20018,27.948,0
30.051,28.704,0.46389,0.20723,28.09,0
30.096,28.724,0.3727,0.21167,28.233,0
30.13,28.745,0.26515,0.21435,28.376,0
30.13,28.767,0,0.21526,28.513,0
30.15,28.788,-0.071056,0.21196,28.648,0
30.15,28.81,0,0.20787,28.783,0
30.125,28.83,-0.2129,0.20276,28.917,0
30.104,28.851,-0.18614,0.19696,29.048,0
30.095,28.87,-0.19786,0.19296,29.174,0
30.079,28.89,0.062777,0.18778,29.3,0
30.08,28.908,-0.41306,0.18543,29.413,0
