0,0,-0.00050473,0,35.5,0.0010606
0.003121,0,0.011772,7.8,35.492,73.98
0.012778,0.78,-0.0049072,7.8,35.453,79.763
0.0042956,1.56,-0.017099,7.8,35.338,84.993
2.1172e-06,2.34,-0.027409,7.8,35.143,90.386
-0.0058444,3.12,-0.029419,7.8,34.874,92.002
-0.012461,3.9,-0.031766,7.8,34.532,93.619
-0.016793,4.68,-0.038021,7.8,34.106,95.24
-0.028896,5.46,-0.025974,7.8,33.588,96.839
-0.025143,6.24,-0.022271,6.7,33.001,96.111
-0.03324,6.91,-0.032352,6.7,32.336,97.522
-0.043669,7.58,-0.030013,6.7,31.614,98.912
-0.046657,8.25,-0.026936,-0.43878,30.828,85.285
-0.045363,8.2061,-0.033082,-0.45357,30.01,85.174
-0.046971,8.1608,-0.035691,-0.46961,29.184,85.056
-0.041292,8.1138,-0.027973,-0.48595,28.366,84.898
-0.053257,8.0652,-0.026928,-0.50447,27.547,84.782
-0.052248,8.0148,-0.024993,-0.5233,26.728,84.632
-0.050373,7.9624,-0.022639,-0.54279,25.924,84.475
-0.047791,7.9082,-0.018768,-0.56338,25.124,84.307
-0.042022,7.8518,-0.023243,-0.58499,24.327,84.144
-0.049957,7.7933,-0.025103,-0.60859,23.543,83.995
-0.057931,7.7325,-0.024357,-0.63344,22.767,83.833
-0.054833,7.6691,-0.029262,-0.65892,21.996,83.653
-0.055305,7.6032,-0.028167,-0.6867,21.222,83.458
-0.067561,7.5345,-0.022972,-0.71754,20.45,83.267
-0.069555,7.4628,-0.021205,-0.74927,19.686,83.054
-0.066057,7.3879,-0.022407,-0.78188,18.937,82.827
-0.062198,7.3097,-0.016768,-0.81603,18.203,82.575
-0.073758,7.2281,-0.015118,-0.85486,17.466,82.346
-0.071689,7.1426,-0.013842,-0.89364,16.748,82.083
-0.075023,7.0532,-0.019324,-0.93673,16.026,81.827
-0.079616,6.9596,-0.022042,-0.98331,15.309,81.553
-0.078508,6.8612,-0.025127,-1.0308,14.613,81.255
-0.078534,6.7581,-0.027266,-1.0827,13.918,80.94
-0.084486,6.6499,-0.027851,-1.1378,13.241,80.615
-0.084486,6.5361,0,-1.1943,12.574,80.205
-0.093092,6.4167,-0.022408,-1.2568,11.931,79.893
-0.089179,6.291,-0.025644,-1.3198,11.295,79.502
-0.089763,6.159,-0.024217,-1.3892,10.663,79.084
-0.086005,6.0201,-0.025863,-1.4595,10.054,78.647
-0.092623,5.8741,-0.02152,-1.5359,9.4592,78.192
-0.090253,5.7205,-0.017467,-1.6179,8.8646,77.691
-0.094237,5.5587,-0.017058,-1.7043,8.2902,77.185
-0.094954,5.3883,-0.022249,-1.7924,7.7345,76.663
-0.094557,5.2091,-0.022118,-8.8,7.1913,61.57
-0.092119,4.3291,-0.025171,-8.8,6.6986,59.767
-0.092119,3.4491,0,-8.8,6.3005,57.911
-0.105,2.5691,9.1804e-05,-8.8,5.996,56.133
-0.11088,1.6891,0.03714,-8.8,5.7705,54.263
-0.10447,0.80907,0.062967,0.062967,5.6332,71.015
-0.096455,0.81537,0.1296,0.1296,5.5461,71.011
-0.092001,0.82833,0.30094,0.30094,5.458,71.029
-0.069449,0.85842,0.68097,-8.8,5.3691,51.122
0.0066787,0,1.2926,1.2926,5.3167,0
0.14081,0.12926,2.0723,2.0723,5.3087,0
0.14081,0.33649,0,2.8494,5.2995,19.85
0.63456,0.62144,3.5032,3.5032,5.3135,0
0.99018,0.97175,3.8614,-8.8,5.3129,4.2208
1.3769,0.091753,3.8977,3.8977,5.3733,0
1.7758,0.48152,3.7933,3.7933,5.507,0
1.7758,0.86086,0,3.6969,5.6175,21.665
2.5413,1.2305,3.6454,4.9,5.7488,0.32956
2.9126,1.7205,3.6395,4.9,5.8793,0.66616
3.2833,2.2105,3.6941,-8.8,5.9892,26.903
3.2833,1.3305,0,4.9,6.1404,27.687
4.0169,1.8205,3.6636,4.9,6.3936,0
4.381,2.3105,3.5835,4.9,6.6103,0
4.7427,2.8005,3.4759,4.1253,6.8121,0
5.089,3.2131,3.3793,3.2469,7.0043,0
5.4205,3.5378,3.2897,2.8419,7.195,0
5.7556,3.8219,3.201,2.6262,7.3867,0
6.0836,4.0846,3.0826,2.4856,7.5778,0
6.3952,4.3331,2.9846,2.3805,7.7884,0
6.3952,4.5712,0,2.3052,7.9827,4.988
6.9818,4.8017,2.6867,2.2243,8.2197,0
7.2601,5.0241,2.6094,2.1652,8.4384,0
7.5279,5.2407,2.5214,2.1123,8.6598,0
7.7758,5.4519,2.4764,2.0573,8.8936,0
8.019,5.6576,2.4607,2.0121,9.1328,0
8.2716,5.8588,2.4536,1.9842,9.3708,0
8.5116,6.0573,2.4325,1.9532,9.6136,0
8.7613,6.2526,2.4788,1.9362,9.8581,0
9.0069,6.4462,2.4643,1.9213,10.113,0
9.254,6.6383,2.4883,1.9125,10.38,0
9.5087,6.8296,2.4909,1.9108,10.647,0
9.75,7.0206,2.4837,1.902,10.924,0
10,7.2108,2.4327,1.9003,11.196,0
10.238,7.4009,2.4042,1.8924,11.48,0
10.488,7.5901,2.3733,1.8927,11.758,0
10.721,7.7794,2.3871,1.8843,12.045,0
10.721,7.9678,0,1.8856,12.33,0
11.212,8.1564,2.286,1.8869,12.635,0
11.445,8.3451,2.2599,1.8811,12.934,0
11.668,8.5332,2.2136,1.8734,13.256,0
11.882,8.7205,2.125,1.8602,13.57,0
12.098,8.9065,2.0315,1.85,13.881,0
12.307,9.0915,2.0033,1.8369,14.192,0
12.505,9.2752,1.92,1.8215,14.523,0
12.694,9.4574,1.8149,1.8024,14.851,0
12.867,9.6376,1.6886,1.7764,15.177,0
12.867,9.8152,0,1.7459,15.491,0
13.188,9.9898,1.4653,1.7194,15.821,0
13.325,10.162,1.4286,1.682,16.135,0
13.477,10.33,1.4382,1.6564,16.45,0
13.627,10.496,1.4483,1.6318,16.759,0
13.776,10.659,1.4494,1.6087,17.065,0
13.922,10.82,1.4329,1.587,17.378,0
14.069,10.978,1.3652,1.568,17.691,0
14.199,11.135,1.3255,1.5415,17.998,0
14.339,11.289,1.3544,1.5211,18.294,0
14.475,11.441,1.4129,1.502,18.606,0
14.617,11.592,1.4277,1.4876,18.918,0
14.751,11.74,1.43,1.4702,19.222,0
14.893,11.887,1.4082,1.4569,19.518,0
15.032,12.033,1.3137,1.4441,19.821,0
15.159,12.178,1.1861,1.4268,20.128,0
15.271,12.32,1.1679,1.4034,20.426,0
15.383,12.461,1.1879,1.3813,20.724,0
15.493,12.599,1.1104,1.3594,21.005,0
15.597,12.735,1.0398,1.3368,21.296,0
15.597,12.868,0,1.314,21.576,0
15.802,13,0.90867,1.2942,21.86,0
15.902,13.129,0.78097,1.2739,22.136,0
15.974,13.256,0.68483,1.2418,22.409,0
15.974,13.381,0,1.2142,22.674,0
16.124,13.502,0.62986,1.187,22.95,0
16.18,13.621,0.63642,1.1537,23.22,0
16.242,13.736,0.68536,1.1248,23.481,0
16.312,13.849,0.71818,1.101,23.722,0
16.375,13.959,0.69659,1.0751,23.963,0
16.442,14.066,0.67815,1.0533,24.208,0
16.507,14.172,0.61197,1.0312,24.44,0
16.566,14.275,0.51101,1.0081,24.673,0
16.626,14.375,0.49682,0.98606,24.891,0
16.626,14.474,0,0.95878,25.111,0
16.728,14.57,0.49587,0.93927,25.329,0
16.771,14.664,0.50079,0.91369,25.539,0
16.823,14.755,0.50287,0.89362,25.74,0
16.823,14.845,0,0.87429,25.943,0
16.823,14.932,0,0.85099,26.136,0
16.955,15.017,0.42285,0.82972,26.328,0
16.999,15.1,0.40605,0.81074,26.512,0
16.999,15.181,0,0.79321,26.698,0
16.999,15.261,0,0.77758,26.876,0
17.124,15.338,0.37982,0.75623,27.053,0
17.161,15.414,0.3517,0.73833,27.233,0
17.196,15.488,0.27973,0.72016,27.41,0
17.228,15.56,0.16211,0.70172,27.575,0
17.228,15.63,0,0.67897,27.739,0
17.258,15.698,0.073405,0.65341,27.901,0
17.27,15.763,-0.022677,0.62956,28.056,0
17.264,15.826,-0.034959,0.59955,28.198,0
17.264,15.886,0,0.57093,28.338,0
17.262,15.943,-0.046141,0.54828,28.487,0
17.256,15.998,-0.069051,0.52234,28.625,0
17.258,16.05,-0.013253,0.50021,28.74,0
17.259,16.1,0.041533,0.47957,28.867,0
17.264,16.148,0.12541,0.46125,28.988,0
17.271,16.194,0.22151,0.44428,29.093,0
17.292,16.239,0.31937,0.43393,29.202,0
17.317,16.282,0.39642,0.4261,29.313,0
17.348,16.325,0.41804,0.4207,29.408,0
17.399,16.367,0.39857,0.42381,29.514,0
17.439,16.409,0.40165,0.42239,29.607,0
17.487,16.451,0.37859,0.42413,29.718,0
17.526,16.494,0.34783,0.4223,29.828,0
17.526,16.536,0,0.4182,29.929,0
17.586,16.578,0.35283,0.41116,30.021,0
17.624,16.619,0.34698,0.40967,30.131,0
17.655,16.66,0.33774,0.40518,30.222,0
17.68,16.701,0.30722,0.39832,30.327,0
17.714,16.74,0.24486,0.39564,30.419,0
17.744,16.78,0.2014,0.39132,30.519,0
17.744,16.819,0,0.38093,30.613,0
17.781,16.857,0.08144,0.37425,30.712,0
17.782,16.895,0.043602,0.35912,30.801,0
17.79,16.93,0.036723,0.34725,30.885,0
17.793,16.965,0.027808,0.33418,30.962,0
17.8,16.999,0.040273,0.32301,31.045,0
17.794,17.031,0.084649,0.30741,31.117,0
17.803,17.062,0.14989,0.29838,31.199,0
17.814,17.092,0.17852,0.29072,31.273,0
17.829,17.121,0.19162,0.28479,31.351,0
17.829,17.149,0,0.2813,31.42,0
17.866,17.177,0.14676,0.27661,31.497,0
17.887,17.205,0.084782,0.27333,31.555,0
17.887,17.232,0.018084,0.26235,31.614,0
17.894,17.258,-0.02855,0.25433,31.686,0
17.881,17.284,-0.045701,0.23891,31.757,0
17.877,17.308,-0.027061,0.22757,31.807,0
17.867,17.33,-0.047794,0.21435,31.854,0
17.864,17.352,-0.05274,0.20437,31.899,0
17.863,17.372,-0.055591,0.19553,31.945,0
17.865,17.392,-0.087432,0.1888,32,0
17.858,17.411,-0.13781,0.17823,32.046,0
17.842,17.429,-0.15413,0.16447,32.081,0
17.82,17.445,-0.17017,0.14935,32.124,0
17.811,17.46,-0.21169,0.13975,32.156,0.10356
17.798,17.474,-0.25041,0.12894,32.194,0.26187
17.771,17.487,-0.26688,0.1131,32.216,0.36922
17.742,17.498,-0.27596,0.096984,32.246,0.45423
17.742,17.508,0,0.081195,32.27,0
17.742,17.516,0,0.070958,32.293,0
17.665,17.523,-0.29125,0.056279,32.304,0.64531
17.639,17.529,-0.28063,0.043592,32.307,0.64997
17.639,17.533,0,0.029745,32.318,0
17.579,17.536,-0.21623,0.017131,32.322,0.51966
17.555,17.538,-0.19214,0.0066423,32.325,0.47789
17.526,17.538,-0.141,-0.0013511,32.321,0.37312
17.512,17.538,-0.13066,-0.0029174,32.31,0.37332
17.498,17.538,-0.15337,-0.0044079,32.298,0.46776
17.485,17.538,-0.17934,-0.0058133,32.299,0.57491
17.474,17.537,-0.19789,-0.0070147,32.294,0.65852
17.452,17.536,-0.20257,-0.0093231,32.283,0.72088
17.422,17.535,-0.20332,-0.012493,32.276,0.78845
17.409,17.534,-0.23124,-0.013869,32.269,0.91452
17.409,17.533,0,-0.016014,32.257,0.22521
17.355,17.531,-0.30854,-0.019531,32.241,1.3361
17.325,17.529,-0.34906,-0.022687,32.227,1.5822
17.325,17.527,0,-0.026829,32.207,0.37106
17.249,17.524,-0.4402,-0.030573,32.181,2.2094
17.206,17.521,-0.44283,-0.035126,32.154,2.3385
17.153,17.518,-0.46183,-0.040579,32.125,2.5802
17.112,17.514,-0.48811,-0.044849,32.086,2.8372
17.06,17.509,-0.50446,-0.050171,32.045,3.073
17.012,17.504,-0.54573,-0.055171,32.003,3.4581
16.965,17.499,-0.57266,-0.059947,31.942,3.7596
16.907,17.493,-0.55558,-0.065967,31.877,3.8148
16.86,17.486,-0.59579,-0.070729,31.817,4.2131
16.796,17.479,-0.51783,-0.077331,31.76,3.8814
16.751,17.471,-0.41029,-0.081854,31.689,3.3435
16.702,17.463,-0.3196,-0.086809,31.608,2.9615
16.673,17.454,-0.25465,-0.089383,31.538,2.686
16.673,17.445,0,-0.090724,31.46,1.5866
16.639,17.436,-0.13109,-0.091857,31.39,2.1609
16.626,17.427,-0.092857,-0.092623,31.303,2.0096
16.626,17.418,-0.075439,-0.091973,31.22,1.9177
16.621,17.409,-0.068852,-0.091795,31.141,1.88
16.615,17.399,-0.081635,-0.091764,31.053,1.9201
16.615,17.39,0,-0.092145,30.975,1.5898
16.601,17.381,-0.099167,-0.09188,30.909,1.9776
16.599,17.372,-0.094928,-0.091376,30.831,1.9419
16.587,17.363,-0.098482,-0.092063,30.752,1.9621
16.576,17.354,-0.07831,-0.092631,30.666,1.8848
16.558,17.344,-0.11376,-0.094015,30.581,2.0463
16.55,17.335,-0.15312,-0.094168,30.51,2.2078
16.531,17.325,-0.29107,-0.095599,30.439,2.8835
16.494,17.316,-0.42928,-0.099357,30.351,3.7342
16.453,17.306,-0.47473,-0.1035,30.269,4.1102
16.413,17.296,-0.43768,-0.10759,30.173,3.9669
16.369,17.285,-0.47174,-0.11214,30.079,4.2834
16.327,17.274,-0.45392,-0.11636,29.986,4.2611
16.276,17.262,-0.43015,-0.12182,29.895,4.2325
16.241,17.25,-0.52788,-0.12515,29.801,4.9515
16.197,17.237,-0.64274,-0.1298,29.689,5.9069
16.123,17.224,-0.67457,-0.13804,29.581,6.3699
16.054,17.211,-0.68381,-0.14586,29.466,6.6408
15.976,17.196,-0.72253,-0.15467,29.345,7.1931
15.905,17.18,-0.72651,-0.16273,29.215,7.4251
15.834,17.164,-0.72854,-0.1709,29.08,7.6395
15.762,17.147,-0.74282,-0.1791,28.947,7.9647
15.68,17.129,-0.76869,-0.18863,28.813,8.4385
15.608,17.11,-0.73003,-0.19697,28.662,8.2669
15.528,17.091,-0.72894,-0.20642,28.508,8.4708
15.447,17.07,-0.74275,-0.21616,28.345,8.8158
15.37,17.048,-0.71692,-0.22553,28.172,8.7677
15.302,17.026,-0.65344,-0.2337,27.998,8.3397
15.229,17.002,-0.63658,-0.2426,27.82,8.3542
15.229,16.978,0,-0.25082,27.643,3.869
15.091,16.953,-0.61305,-0.2593,27.474,8.4369
15.091,16.927,0,-0.26564,27.289,4.0895
14.982,16.901,-0.68119,-0.27224,27.101,9.2248
14.909,16.873,-0.69494,-0.28174,26.901,9.5051
14.834,16.845,-0.6808,-0.29165,26.694,9.5209
14.761,16.816,-0.60439,-0.30109,26.498,8.9492
14.71,16.786,-0.65073,-0.30739,26.294,9.4244
14.654,16.755,-0.681,-0.31464,26.088,9.7796
14.592,16.724,-0.68614,-0.32274,25.883,9.914
14.521,16.691,-0.6698,-0.33246,25.667,9.8682
14.454,16.658,-0.69554,-0.34189,25.438,10.208
14.394,16.624,-0.62622,-0.3501,25.216,9.6034
14.394,16.589,0,-0.35992,24.995,4.8483
14.268,16.553,-0.64626,-0.36794,24.763,9.9193
14.206,16.516,-0.71502,-0.37668,24.54,10.645
14.137,16.479,-0.74211,-0.38696,24.31,10.997
14.064,16.44,-0.7658,-0.39774,24.078,11.323
13.997,16.4,-0.73893,-0.40796,23.841,11.102
13.918,16.359,-0.68741,-0.42013,23.602,10.67
13.859,16.317,-0.64181,-0.42903,23.364,10.239
13.801,16.274,-0.59658,-0.43823,23.114,9.8162
13.743,16.231,-0.56357,-0.44735,22.864,9.5104
13.68,16.186,-0.48803,-0.4573,22.623,8.862
13.639,16.14,-0.39722,-0.46315,22.378,8.053
13.601,16.094,-0.28056,-0.46886,22.126,7.106
13.575,16.047,-0.24876,-0.47241,21.872,6.7772
13.559,16,-0.2236,-0.4741,21.62,6.476
13.559,15.952,0,-0.47556,21.378,4.9602
13.517,15.905,-0.39157,-0.47846,21.133,7.4224
13.47,15.857,-0.48173,-0.48573,20.895,8.0746
13.418,15.808,-0.51828,-0.49377,20.662,8.3308
13.365,15.759,-0.59882,-0.50207,20.43,8.9759
13.312,15.709,-0.69328,-0.51066,20.196,9.7918
13.241,15.658,-0.8225,-0.52357,19.948,11.071
13.167,15.605,-1.214,-0.53725,19.703,15.788
13.04,15.552,-1.776,-0.56327,19.449,25.414
12.867,15.495,-2.3129,-0.60016,19.192,38.714
12.643,15.435,-2.7455,-0.6499,18.921,53.49
12.371,15.37,-3.1688,-0.71285,18.633,72.515
12.058,15.299,-3.3648,-0.78823,18.319,83.607
11.721,15.22,-3.3809,-0.87202,17.988,85.27
11.376,15.133,-3.4093,-0.96299,17.619,87.549
11.042,15.037,-3.4867,-1.0541,17.238,92.596
10.694,14.931,-3.4242,-1.1555,16.82,89.367
10.354,14.816,-3.4239,-1.26,16.386,89.644
10.018,14.69,-3.6912,-1.3699,15.926,106.55
9.6497,14.553,-3.6452,-1.4954,15.456,103.57
9.2821,14.403,-3.3085,-1.6315,14.952,83.336
8.9567,14.24,-3.0401,-1.7629,14.43,69.615
8.6548,14.064,-2.4666,-1.8946,13.898,47.023
8.6548,13.874,0,-2.0131,13.367,7.1126
8.27,13.673,-0.50924,-2.1016,12.804,10.395
8.2224,13.463,-0.13033,-2.1482,12.278,7.1882
8.214,13.248,-0.16223,-2.1787,11.756,6.5529
8.1886,13.03,-0.90665,-4.4,11.254,10.285
8.0983,12.59,-2.3297,-4.4,10.778,5.1092
7.86,12.15,-3.3837,-5.2,10.344,4.099
7.5144,11.63,-3.696,-5.2,9.9324,5.4131
7.1426,11.11,-3.5853,-5.2,9.5196,4.7708
6.7934,10.59,-2.8648,-5.2,9.1259,0
6.5096,10.07,-1.7412,-5.2,8.7543,130.15
6.3332,9.55,-1.0155,-5.2,8.4229,58.441
6.2413,9.03,-0.80115,-5.2,8.1148,53.125
6.1697,8.51,-0.64379,-5.2,7.8665,50.012
6.1041,7.99,-0.64323,-5.2,7.6642,46.252
6.1041,7.47,0,-5.2,7.5016,52.052
5.9797,6.95,-0.62986,-5.2,7.3909,39.574
5.9261,6.43,-0.6316,-5.2,7.3255,36.628
5.8686,5.91,-0.63668,-8.8,7.2909,26.04
5.8024,5.03,-0.63494,-8.8,7.3203,22.188
5.7409,4.15,-0.61703,1.8932,7.4318,8.6941
5.6728,4.3394,-0.59353,1.4994,7.582,6.5121
5.6092,4.4893,-0.54882,1.2081,7.7129,4.9149
5.552,4.6101,-0.53584,0.98274,7.8089,4.025
5.5007,4.7084,-0.52363,0.80662,7.9031,3.4097
5.4419,4.7891,-0.53614,0.65178,7.9823,3.0976
5.4419,4.8542,0,0.52974,8.0443,0.049975
5.3436,4.9072,-0.57302,0.42291,8.0812,2.8248
5.2925,4.9495,-0.54914,0.32921,8.1222,2.4923
5.2311,4.9824,-0.49169,0.23659,8.144,2.0046
5.1751,5.0061,-0.43276,0.15985,8.1595,1.5925
5.1411,5.0221,-0.38886,0.11204,8.168,1.33
5.0974,5.0333,-0.37536,0.060196,8.169,1.2196
5.058,5.0393,-0.36636,0.017473,8.1642,1.144
5.0164,5.041,-0.34463,-0.0068687,8.1623,1.0867
4.9908,5.0403,-0.30392,-0.013811,8.15,0.97237
4.9687,5.039,-0.2699,-0.019611,8.1486,0.88281
4.945,5.037,-0.24971,-0.025723,8.1351,0.84832
4.915,5.0344,-0.22529,-0.033501,8.1175,0.81054
4.8887,5.0311,-0.23268,-0.04004,8.0997,0.87534
4.8718,5.0271,-0.23467,-0.043715,8.0912,0.90462
4.8718,5.0227,0,-0.050465,8.0759,0.20465
4.8282,5.0177,-0.19093,-0.053484,8.0669,0.81332
4.8031,5.0123,-0.19131,-0.059181,8.053,0.8479
4.7886,5.0064,-0.15435,-0.061726,8.036,0.74223
4.7652,5.0002,-0.099882,-0.066956,8.0046,0.60611
4.7614,4.9935,-0.075528,-0.066269,7.9883,0.53322
4.7614,4.9869,0,-0.065425,7.9654,0.32978
4.7446,4.9804,-0.022407,-0.067645,7.9503,0.40046
4.743,4.9736,-0.058073,-0.066454,7.9229,0.48251
4.7462,4.9669,-0.12706,-0.06383,7.8985,0.6598
4.7306,4.9606,-0.1871,-0.066754,7.8742,0.86351
4.7126,4.9539,-0.23335,-0.070346,7.8455,1.0413
4.7126,4.9469,0,-0.076198,7.8217,0.32367
4.6642,4.9392,-0.2573,-0.081131,7.7754,1.1844
4.6472,4.9311,-0.24142,-0.084049,7.7511,1.1397
4.6164,4.9227,-0.26964,-0.091086,7.7201,1.283
4.5931,4.9136,-0.26715,-0.095903,7.6823,1.2959
4.5708,4.904,-0.25238,-0.10011,7.6539,1.26
4.5552,4.894,-0.26834,-0.10211,7.6284,1.3294
4.5339,4.8838,-0.26731,-0.10601,7.5947,1.3426
4.5339,4.8732,0,-0.10864,7.5602,0.47542
4.5339,4.8623,0,-0.11118,7.5268,0.44575
4.484,4.8512,-0.11603,-0.11245,7.5125,0.84489
4.484,4.84,0,-0.11257,7.4764,0.50255
4.4618,4.8287,-0.023453,-0.11365,7.4371,0.58221
4.4582,4.8173,0.032882,-8.8,7.4024,4.6484
4.4617,3.9373,0.067254,0.67936,7.4075,0.50164
4.4691,4.0053,0.031068,0.58707,7.4517,0.47066
4.475,4.064,-0.018545,0.50992,7.4869,0.52274
4.4793,4.115,-0.075131,0.4446,7.5233,0.62729
4.4793,4.1594,0,0.38092,7.5576,0.26618
4.4601,4.1975,-0.18209,0.31282,7.6007,0.83743
4.4494,4.2288,-0.20486,0.26026,7.6249,0.84754
4.4238,4.2548,-0.24029,0.19761,7.6369,0.89697
4.4238,4.2746,0,0.144,7.6528,0.0092749
4.3644,4.289,-0.34477,0.087407,7.6808,1.1665
4.3644,4.2977,0,0.025687,7.6879,0
4.2712,4.3003,-0.51507,-0.0075224,7.6982,1.8747
4.21,4.2996,-0.57881,-0.023095,7.7009,2.3472
4.1564,4.2973,-0.6078,-0.036356,7.6977,2.6287
4.0971,4.2936,-0.73109,-0.050834,7.6807,3.54
4.0293,4.2885,-0.83705,-0.067383,7.6542,4.464
3.9498,4.2818,-0.93398,-0.08671,7.6236,5.4406
3.8525,4.2731,-1.0419,-0.11042,7.5898,6.6612
3.7443,4.2621,-1.2042,-0.13718,7.5351,8.6234
3.6305,4.2484,-1.3335,-0.16482,7.4877,10.463
3.6305,4.2319,0,-0.19636,7.4268,0.84338
3.3487,4.2122,-1.6535,-0.23527,7.3517,7.7908
3.1821,4.1887,-1.7679,-0.27835,7.2589,7.9707
3.0143,4.1609,-1.8236,-0.323,7.1466,8.0704
2.8231,4.1286,-1.7893,-8.8,7.0208,0
2.6538,3.2486,-1.6962,-0.13512,6.9243,6.4602
2.4788,3.2351,-1.6491,-0.1738,6.8571,6.5238
2.3059,3.2177,-1.5797,-0.21292,6.767,6.5352
2.1564,3.1964,-1.4861,-0.24679,6.6724,6.4729
2.0165,3.1717,-1.4092,-8.8,6.561,0
1.8751,2.2917,-1.3417,-0.072351,6.4841,4.7065
1.7419,2.2845,-1.2432,-0.095279,6.4277,4.694
1.6125,2.275,-1.1928,-0.11787,6.3595,4.7485
1.4842,2.2632,-1.1295,-0.14016,6.2951,4.7735
1.4842,2.2492,0,-0.1589,6.2179,1.3449
1.2855,2.2333,-0.96637,-8.8,6.1038,0
1.1906,1.3533,-0.87319,-0.017956,6.0455,2.6911
1.0943,1.3515,-0.75733,-0.028455,6.0311,2.6296
1.0232,1.3486,-0.82662,-0.036222,6.0015,2.8656
0.93477,1.345,-0.96335,-0.046024,5.9619,3.2567
0.83856,1.3404,-0.92633,-0.056895,5.9109,3.3313
0.74575,1.3347,-0.91095,-0.067589,5.8512,3.4376
0.65246,1.3279,-0.92514,-0.078672,5.7799,3.5973
0.56848,1.3201,-0.79489,-0.088682,5.7122,3.4633
0.49059,1.3112,-0.59304,-8.8,5.6369,0
0.42909,0.43121,-0.50012,-0.50012,5.6015,0.0043539
0.37938,0.3812,-0.42696,-0.42696,5.5999,0.0037364
0.33955,0.33851,-0.3445,-0.3445,5.5967,0
0.30134,0.30406,-0.25855,-0.25855,5.603,0.005572
0.27543,0.2782,-0.24003,-0.24003,5.6033,0.0056854
0.25097,0.2542,-0.26079,-0.26079,5.6053,0.0066093
0.22433,0.22812,-0.2801,-0.2801,5.6042,0.007759
0.19037,0.20011,-0.32958,-0.32958,5.5957,0.019968
