0,0,0.00026951,0,35.5,0
0.0075926,0,-0.017282,7.8,35.494,73.957
0.0022028,0.78,-0.013117,7.8,35.454,79.531
-0.001138,1.56,-0.015971,7.8,35.347,81.142
-0.001138,2.34,0,7.8,35.152,82.708
-0.018172,3.12,-0.0010456,7.8,34.874,84.344
-0.028267,3.9,-0.0017042,7.8,34.52,85.965
-0.031856,4.68,-0.0032389,7.8,34.096,87.575
-0.026857,5.46,0.00049099,7.8,33.587,89.156
-0.027031,6.24,-0.0012652,6.7,32.992,88.447
-0.027031,6.91,0,6.7,32.332,89.818
-0.030549,7.58,0.0026823,6.7,31.601,91.193
-0.034346,8.25,0.015193,-0.43843,30.815,77.549
-0.034944,8.2062,0.014536,-0.45361,29.986,77.429
-0.027695,8.1608,0.014973,-0.46916,29.159,77.288
-0.018987,8.1139,0.015632,-0.48524,28.345,77.139
-0.023061,8.0654,0.0099264,-0.50299,27.534,77.022
-0.02836,8.0151,-0.0014866,-0.52206,26.72,76.914
-0.02836,7.9628,0,-0.54161,25.918,76.763
-0.03347,7.9087,-0.01202,-0.56288,25.112,76.643
-0.036331,7.8524,-0.0036799,-0.58493,24.32,76.469
-0.045122,7.7939,0.0033428,-0.60844,23.54,76.303
-0.039287,7.7331,0.0090484,-0.63259,22.755,76.104
-0.043346,7.6698,0.011461,-0.65859,21.985,75.923
-0.043346,7.6039,0,-0.68553,21.217,75.755
-0.038857,7.5354,-0.0065336,-0.7143,20.462,75.559
-0.034526,7.464,-0.017945,-0.74443,19.712,75.364
-0.045604,7.3895,-0.016628,-0.77883,18.956,75.159
-0.042157,7.3116,-0.0093835,-0.81369,18.21,74.904
-0.034376,7.2303,-0.00016757,-0.84897,17.488,74.628
-0.03241,7.1454,0.013221,-0.8874,16.772,74.341
-0.03241,7.0566,0,-0.92956,16.058,74.098
-0.024521,6.9637,0.011685,-0.97178,15.357,73.778
-0.025448,6.8665,0.0022472,-1.0181,14.669,73.503
-0.034793,6.7647,-0.0017022,-1.0697,13.983,73.214
-0.036477,6.6577,-0.013554,-1.1219,13.317,72.913
-0.040209,6.5455,-0.015311,-1.1804,12.645,72.572
-0.03444,6.4275,-0.013117,-1.239,11.994,72.19
-0.034054,6.3036,-0.0071922,-1.3012,11.362,71.792
-0.026094,6.1735,-0.0067532,-1.3676,10.73,71.369
-0.023734,6.0367,0.005099,-1.4393,10.111,70.908
-0.029329,5.8928,0.0072942,-1.5181,9.5028,70.454
-0.02594,5.741,0.0070727,-1.5983,8.9101,69.968
-0.031742,5.5811,0.0086113,-1.6831,8.3393,69.47
-0.040712,5.4128,-0.0038837,-1.7684,7.7952,68.991
-0.043349,5.236,-0.010908,-8.8,7.2601,53.873
-0.053571,4.356,-0.0058614,-8.8,6.7731,52.08
-0.058656,3.476,-0.006957,-8.8,6.369,50.288
-0.060081,2.596,-0.013982,-8.8,6.051,48.502
-0.061148,1.716,-0.0058751,-8.8,5.8278,46.683
-0.062646,0.83599,-0.0028038,-0.0028038,5.6864,63.361
-0.055422,0.83571,-0.0052165,-0.0052165,5.6048,63.346
-0.061269,0.83518,-0.0032408,-0.0032408,5.5214,63.357
-0.07072,0.83486,0.005977,0.005977,5.4391,63.375
-0.065356,0.83546,0.0068532,-8.8,5.344,44.86
-0.061307,0,0.0064161,0.0064161,5.293,61.644
-0.069602,0.00064161,0.0042209,0.0042209,5.2773,61.663
-0.061571,0.0010637,0.0022452,0.0022452,5.2792,61.647
-0.061571,0.0012882,0,-0.0023647,5.273,61.643
-0.064414,0.0010517,0.0015866,0.0015866,5.2662,61.653
-0.057705,0.0012104,0.0044404,0.0044404,5.2637,61.64
-0.053442,0.0016544,0.0046599,0.0046599,5.2618,61.632
-0.05273,0.0021204,0.0053185,0.0053185,5.2507,61.631
-0.049698,0.0026523,0.0061985,0.0061985,5.2532,61.626
-0.045283,0.0032721,0.0024667,0.0024667,5.2462,61.618
-0.040639,0.0035188,-0.00016561,-0.00016561,5.2477,61.609
-0.034679,0.0035022,0.0033467,0.0033467,5.2442,61.597
-0.028465,0.0038369,0.0048834,0.0048834,5.2449,61.585
-0.027392,0.0043252,0.0048814,0.0048814,5.2323,61.584
-0.022047,0.0048134,0.0048814,0.0048814,5.2205,61.574
-0.018203,0.0053015,0.0088328,0.0088328,5.2245,61.567
-0.0078207,0.0061848,0.0022491,0.0022491,5.2132,61.548
-0.0062239,0.0064097,-0.00082417,-0.00082417,5.2199,61.545
-0.0094549,0.0063273,0.0042248,0.0042248,5.2269,61.551
-0.0094549,0.0067498,0,0.0051029,5.2253,61.563
-0.0094549,0.0072601,0,0.0011496,5.2237,61.555
-0.0087521,0.007375,0.005538,0.005538,5.2092,61.552
-0.0080668,0.0079288,0.0088308,0.0088308,5.207,61.552
-0.015251,0.0088119,0.00027147,0.00027147,5.2003,61.568
-0.013042,0.008839,5.1952e-05,5.1952e-05,5.2012,61.564
-0.0033059,0.0088442,0.0019923,0.0019923,5.2033,61.544
-0.006818,0.0090435,0.0011142,0.0011142,5.208,61.551
-0.0087864,0.0091549,-0.0041543,-0.0041543,5.1983,61.556
-0.015972,0.0087394,-0.0034977,-0.0034977,5.2013,61.569
-0.0071119,0.0083897,0.0011122,0.0011122,5.2071,61.551
0.00040976,0.0085009,-0.0032428,-0.0032428,5.197,0.016589
0.0095143,0.0081766,-0.0045599,-0.0045599,5.1883,0
0.0091113,0.0077206,0.0018042,0.0018042,5.1865,0
0.0091113,0.007901,0,0.0044384,5.1867,0.0068825
0.011106,0.0083449,0.0020237,0.0020237,5.1938,0
0.017532,0.0085473,0.0061946,0.0061946,5.202,0
0.013925,0.0091667,0.0059296,0.0059296,5.2079,0
0.0088551,0.0097597,-0.0010931,-0.0010931,5.2127,0.0018548
0.017673,0.0096504,-0.0050425,-0.0050425,5.2108,0
0.016768,0.0091461,-0.0054815,-0.0054815,5.2096,0
0.015048,0.008598,-0.0061401,-0.0061401,5.2153,0
0.021527,0.007984,-0.0019237,-0.0019237,5.2233,0
0.019902,0.0077916,0.0044404,0.0044404,5.232,0
0.029893,0.0082356,0.0072922,0.0072922,5.237,0
0.0342,0.0089648,0.0053165,0.0053165,5.2407,0
0.025924,0.0094965,0.0044404,0.0044404,5.243,0
0.026844,0.0099405,-0.0012671,-0.0012671,5.2432,0
0.026844,0.0098138,0,-0.005438,5.2449,0
0.027617,0.00927,-0.0028038,-0.0028038,5.2315,0
0.022304,0.0089896,0.0011476,0.0011476,5.2355,0
0.030099,0.0091044,0.00092611,0.00092611,5.2436,0
0.026971,0.009197,0.0029018,0.0029018,5.2411,0
0.028162,0.0094872,0.0044404,0.0044404,5.2424,0
0.024839,0.0099312,0.0061966,0.0061966,5.2507,0
0.024839,0.010551,0,-0.0014866,5.2522,0
0.024839,0.010402,0,-0.0036818,5.2536,0
0.024839,0.010034,0,-0.0038994,5.2551,0
0.032332,0.0096441,-0.0012652,-0.0012652,5.2501,0
0.037211,0.0095176,-0.0038994,-0.0038994,5.247,0
0.037211,0.0091276,0,-0.0023628,5.2498,0
0.033811,0.0088914,0.00093003,0.00093003,5.2522,0
0.029871,0.0089844,0.00092807,0.00092807,5.2564,0
0.033378,0.0090772,-0.0012671,-0.0012671,5.2525,0
0.029101,0.0089505,0.0024647,0.0024647,5.2464,0
0.038957,0.0091969,0.0075137,0.0075137,5.2418,0
0.03272,0.0099483,0.0070746,0.0070746,5.2385,0
0.026382,0.010656,0.0075156,0.0075156,5.2487,0
0.019335,0.011407,0.0040033,0.0040033,5.2416,0
0.021202,0.011808,0.0037838,0.0037838,5.2333,0
0.02934,0.012186,-0.0034584,-0.0034584,5.2346,0
0.023883,0.01184,-0.010922,-0.010922,5.2307,0
0.020578,0.010748,-0.005436,-0.005436,5.2262,0
0.020578,0.010204,0,-0.0023628,5.2272,0
0.0048634,0.0099681,-0.004558,-0.004558,5.238,0.010465
0.0048634,0.0095123,0,-0.00082809,5.2375,0.0077955
0.0048634,0.0094295,0,0.0037818,5.2371,0.017398
-0.0058764,0.0098077,0.0026862,0.0026862,5.2264,0.032243
-0.011434,0.010076,-0.0012652,-0.0012652,5.2159,0.044186
-0.0068331,0.0099498,-0.004997,-0.004997,5.212,0.034496
-0.017069,0.0094501,-0.0030194,-0.0030194,5.2019,0.054455
-0.023201,0.0091481,-0.0017022,-0.0017022,5.1966,0.066407
-0.023901,0.0089779,-0.0012652,-0.0012652,5.1995,0.067493
-0.02641,0.0088514,0.00071051,0.00071051,5.1993,0.072377
-0.024953,0.0089224,0.0044424,0.0044424,5.1927,0.069535
-0.025607,0.0093667,0.0018081,0.0018081,5.1992,0.071788
-0.021613,0.0095475,-0.0030213,-0.0030213,5.1891,0.06397
-0.020537,0.0092454,-0.0043384,-0.0043384,5.1784,0.061145
-0.018844,0.0088115,-0.0034604,-0.0034604,5.1725,0.056785
-0.013095,0.0084655,-0.0065336,-0.0065336,5.1619,0.044291
-0.0080114,0.0078121,-0.0025194,-0.0025194,5.1664,0.032529
-0.017875,0.0075602,-0.00076325,-0.00076325,5.1654,0.052232
-0.012657,0.0074838,-0.0018589,-0.0018589,5.1685,0.041379
-0.012657,0.007298,0,-0.00075933,5.1665,0.039402
-0.027954,0.007222,-0.0018569,-0.0018569,5.1766,0.072202
-0.032863,0.0070363,-0.0017022,-0.0017022,5.1717,0.081885
-0.024039,0.0068661,5.3912e-05,5.3912e-05,5.1643,0.063446
-0.025064,0.0068715,-0.00082613,-0.00082613,5.1689,0.06556
-0.029383,0.0067889,0.00092807,0.00092807,5.1582,0.074242
-0.021421,0.0068817,0.00092807,0.00092807,5.1555,0.058111
-0.031094,0.0069745,0.00092807,0.00092807,5.1555,0.078132
-0.037785,0.0070673,0.00027147,0.00027147,5.143,0.092037
-0.030346,0.0070945,-0.0014847,-0.0014847,5.1395,0.076844
-0.023192,0.006946,0.00027147,0.00027147,5.1309,0.061873
-0.018049,0.0069731,0.0057595,0.0057595,5.1243,0.051386
-0.024898,0.0075491,0.0057595,0.0057595,5.1317,0.066608
-0.023027,0.008125,0.0041828,0.0041828,5.1351,0.063953
-0.018811,0.0085433,0.0092337,0.0092337,5.1317,0.056167
-0.025736,0.0094667,0.0041848,0.0041848,5.1192,0.072257
-0.026729,0.0098852,-0.0039375,-0.0039375,5.1251,0.07515
-0.030584,0.0094914,-0.0043765,-0.0043765,5.1171,0.082245
-0.033949,0.0090538,-0.0014847,-0.0014847,5.1095,0.088246
-0.042856,0.0089053,-0.0036818,-0.0036818,5.1034,0.1062
-0.048403,0.0085371,-0.0010476,-0.0010476,5.0924,0.11682
-0.057316,0.0084324,0.0044404,0.0044404,5.0899,0.13487
-0.058125,0.0088764,0.0022472,0.0022472,5.0847,0.13744
-0.066118,0.0091011,-0.0034584,-0.0034584,5.0824,0.15429
-0.066118,0.0087553,0,-0.004117,5.0749,0.14493
-0.072252,0.0083436,-0.0027998,-0.0027998,5.0631,0.16531
-0.070743,0.0080636,-0.0052146,-0.0052146,5.0523,0.16164
-0.071228,0.0075421,-0.0044785,-0.0044785,5.0387,0.16157
-0.067048,0.0070943,-0.0018443,-0.0018443,5.0288,0.15208
-0.059297,0.0069098,-0.00096623,-0.00096623,5.0211,0.13582
-0.066484,0.0068132,-0.0022833,-0.0022833,5.0145,0.15035
-0.065743,0.0065849,-0.0020638,-0.0020638,5.0113,0.14836
-0.057135,0.0063785,0.001373,0.001373,5.0078,0.13029
-0.06337,0.0065158,0.0029097,0.0029097,5.0053,0.14336
-0.056086,0.0068068,0.0026901,-8.8,4.9925,0
-0.056086,0,0,-0.0019198,5.0302,0.11103
-0.059756,0,-0.0014807,-0.0014807,5.0137,0.12259
-0.061551,0,-0.00082417,-0.00082417,5.0058,0.12627
-0.054627,0,-0.0034584,-0.0034584,5.0059,0.11208
-0.054627,0,0,-8.8,5.0004,0
-0.062178,0,-0.00038317,-0.00038317,5.036,0.12756
-0.064303,0,0.026612,0.026612,5.0229,0.13191
-0.057119,0.0026612,0.070945,0.070945,5.0236,0.12264
-0.057119,0.0097557,0,0.1335,5.0173,0.4177
-0.025961,0.023106,0.18859,0.18859,5.022,0.10068
-0.00567,0.041965,0.23974,-8.8,5.0117,0
0.025954,0,0.2672,0.2672,5.0488,0
0.043478,0.02672,0.27137,0.27137,5.0488,0
0.079927,0.053856,0.2571,0.2571,5.0504,0
0.10039,0.079567,0.24723,0.24723,5.0545,0
0.11529,0.10429,0.2514,0.2514,5.057,0
0.13902,0.12943,0.25774,-8.8,5.0599,0
0.13902,0,0,0.26778,5.1049,0.37427
0.20075,0.026778,0.28616,0.28616,5.1399,0
0.23583,0.055394,0.30145,0.30145,5.1581,0
0.26852,0.085539,0.30939,0.30939,5.1803,0
0.29601,0.11648,0.32546,0.32546,5.2012,0
0.31901,0.14902,0.38582,0.38582,5.2284,0
0.35797,0.18761,0.48909,0.48909,5.2469,0
0.41162,0.23651,0.66297,0.66297,5.2686,0
0.48391,0.30281,0.87793,0.87793,5.2813,0
0.57712,0.3906,1.1024,1.1024,5.3094,0
0.67996,0.50084,1.2793,1.2793,5.3304,0
0.81737,0.62877,1.3887,1.3887,5.3466,0
0.95144,0.76765,1.4397,-8.8,5.3557,0
0.95144,0,0,1.5167,5.4181,3.5185
1.2421,0.15167,1.6038,1.6038,5.5347,0
1.3947,0.31205,1.6074,1.6074,5.6456,0
1.5467,0.47278,1.6939,1.6939,5.7489,0
1.7144,0.64217,1.8322,1.8322,5.8518,0
1.8893,0.8254,1.9241,1.9241,5.9619,0
1.8893,1.0178,0,4.9,6.0586,34.428
2.2758,1.5078,1.96,4.1879,6.1492,7.1641
2.2758,1.9266,0,2.0197,6.205,9.7203
2.6836,2.1286,1.9533,1.7309,6.2669,0
2.8818,2.3017,1.898,1.6014,6.3277,0
3.073,2.4618,1.8841,1.5216,6.3928,0
3.073,2.6139,0,1.4812,6.4463,5.3159
3.4559,2.7621,1.8221,1.4522,6.5285,0
3.6362,2.9073,1.6625,1.4137,6.5983,0
3.8092,3.0487,1.5011,1.3774,6.6784,0
3.9534,3.1864,1.442,1.3049,6.7638,0
4.0891,3.3169,1.4074,1.2414,6.8425,0
4.2289,3.441,1.3422,1.2036,6.9229,0
4.3697,3.5614,1.3569,1.1793,7.0121,0
4.511,3.6793,1.4157,1.1614,7.0966,0
4.6588,3.7955,1.3826,1.1579,7.1885,0
4.8024,3.9112,1.3727,1.1486,7.2731,0
4.9491,4.0261,1.4059,1.1469,7.3703,0
5.082,4.1408,1.4395,1.1285,7.4638,0
5.2221,4.2536,1.4544,1.1232,7.5619,0
5.3665,4.366,1.4624,1.1233,7.6566,0
5.5055,4.4783,1.4846,1.1189,7.762,0
5.6448,4.5902,1.4412,1.1155,7.8654,0
5.7987,4.7017,1.3701,1.1276,7.9681,0
5.9377,4.8145,1.2805,1.1234,8.0774,0
6.0584,4.9268,1.1831,1.1022,8.1881,0
6.1786,5.0371,1.0558,1.0856,8.3083,0
6.2763,5.1456,0.92347,1.0496,8.4154,0
6.3627,5.2506,0.84936,1.0099,8.5281,0
6.444,5.3516,0.85774,0.97163,8.634,0
6.5228,5.4487,0.88998,0.93775,8.746,0
6.6185,5.5425,0.9313,0.92216,8.8446,0
6.7169,5.6347,0.96198,0.91229,8.9557,0
6.8156,5.7259,1.0187,0.90374,9.0617,0
6.9244,5.8163,0.99925,0.905,9.1725,0
7.0193,5.9068,0.96665,0.89459,9.2783,0
7.12,5.9963,1.0013,0.89063,9.3895,0
7.2224,6.0853,1.122,0.88906,9.5074,0
7.3358,6.1743,1.1442,0.8955,9.6161,0
7.4414,6.2638,1.1956,0.89676,9.7432,0
7.5526,6.3535,1.2492,0.90118,9.8596,0
7.6789,6.4436,1.2163,0.91623,9.9748,0
7.796,6.5352,1.1522,0.92356,10.101,0
7.9137,6.6276,1.1006,0.93053,10.227,0
8.0331,6.7206,1.0315,0.93846,10.36,0
8.131,6.8145,0.99008,0.93018,10.491,0
8.2232,6.9075,1.053,0.91821,10.614,0
8.3185,6.9993,1.1083,0.91043,10.744,0
8.4252,7.0904,1.1369,0.91165,10.879,0
8.5461,7.1815,1.1231,0.92164,11.005,0
8.6553,7.2737,1.0796,0.92416,11.149,0
8.7589,7.3661,0.9628,0.92272,11.294,0
8.8646,7.4584,0.88388,0.92241,11.432,0
8.9553,7.5506,0.82412,0.91295,11.578,0
9.0371,7.6419,0.79653,0.89795,11.713,0
9.117,7.7317,0.72056,0.88372,11.854,0
9.1897,7.8201,0.62027,0.86559,11.984,0
9.2499,7.9066,0.50529,0.84129,12.11,0
9.2959,7.9908,0.29097,0.81088,12.242,0
9.327,8.0719,0.0093098,0.7744,12.379,0
9.3334,8.1493,-0.23059,0.72489,12.493,0
9.3067,8.2218,-0.38032,0.65983,12.608,0.6429
9.2611,8.2878,-0.57271,0.58848,12.714,1.7216
9.1982,8.3466,-0.66379,0.51182,12.799,2.3235
9.1372,8.3978,-0.65453,0.44205,12.868,2.2892
9.07,8.442,-0.73589,0.37366,12.927,2.8652
9.07,8.4794,0,0.31075,12.988,0
8.9182,8.5104,-1.0697,0.24113,13.036,5.6644
8.8202,8.5346,-1.1845,0.16865,13.079,6.8413
8.6935,8.5514,-1.4574,0.083732,13.104,10.116
8.5425,8.5598,-1.6386,-0.0039032,13.104,12.8
8.3805,8.5594,-1.6582,-0.040464,13.091,13.734
8.2207,8.5554,-1.7403,-0.075873,13.067,15.718
8.0474,8.5478,-1.9123,-0.11393,13.026,19.606
7.8487,8.5364,-1.9115,-0.15759,12.964,20.364
7.6534,8.5206,-1.8328,-0.20046,12.88,19.536
7.4662,8.5006,-1.9064,-0.24137,12.786,21.663
7.2696,8.4764,-1.8351,-0.28496,12.671,20.903
7.0778,8.4479,-1.6304,-0.3282,12.534,17.754
7.0778,8.4151,0,-0.36417,12.399,2.1734
6.7706,8.3787,-1.4547,-0.39797,12.223,15.68
6.617,8.3389,-1.6118,-0.43358,12.057,18.543
6.4507,8.2955,-1.894,-0.47318,11.883,24.257
6.2627,8.2482,-2.1088,-0.52022,11.686,29.53
6.0484,8.1962,-2.5321,-0.57611,11.474,41.98
5.797,8.1386,-2.7309,-0.64374,11.252,49.493
5.5336,8.0742,-2.6258,-0.71876,11.001,46.222
5.2691,8.0023,-2.65,-0.79785,10.731,15.834
5.0039,7.9226,-2.7906,-0.87969,10.456,15.72
4.7202,7.8346,-2.6736,-0.97362,10.153,15.337
4.7202,7.7372,0,-1.0669,9.846,4.3231
4.185,7.6305,-2.8558,-1.1693,9.4944,14.833
4.185,7.5136,0,-1.2842,9.1557,4.3962
3.6183,7.3852,-2.8617,-1.4043,8.7788,13.975
3.3371,7.2448,-2.947,-5.2,8.3988,3.2767
3.0332,6.7248,-3.0052,-5.2,8.017,2.9559
2.7414,6.2048,-2.8893,-5.2,7.6687,2.2446
2.4452,5.6848,-2.861,-8.8,7.3298,0
2.1625,4.8048,-2.7405,-8.8,7.0273,0
1.8938,3.9248,-2.3733,-8.8,6.7916,0
1.6611,3.0448,-1.989,-0.31614,6.6137,7.5468
1.4598,3.0131,-1.6984,-8.8,6.4764,0
1.2896,2.1331,-1.4908,-0.13974,6.3665,5.4144
1.1356,2.1192,-1.4327,-0.16592,6.2699,5.4819
0.98306,2.1026,-1.5631,-0.19215,6.1729,5.887
0.83665,2.0834,-1.7028,-0.21843,6.0597,6.2993
0.66892,2.0615,-1.736,-8.8,5.9301,0
0.50527,1.1815,-1.6883,-0.068484,5.8278,5.0504
0.34056,1.1747,-1.737,-0.085918,5.7462,5.4155
0.15911,1.1661,-1.7451,-0.10584,5.649,5.7222
-0.011729,1.1555,-1.9329,-8.8,5.5321,0
-0.20961,0.27549,-2.0287,-2.0287,5.4462,1.2078
-0.40527,0.072628,-1.7713,-1.7713,5.4053,1.193
-0.57798,0,-0.9603,-0.9603,5.3609,1.3982
-0.67132,0,-0.70436,-0.70436,5.3125,1.5895
-0.74647,0,-0.44526,-0.44526,5.2486,1.7436
-0.79032,0,0.20944,0.20944,5.1754,1.8335
-0.77024,0.020944,0.16988,0.16988,5.0868,1.8352
-0.75792,0.037933,-0.59467,-8.8,5.0176,0
-0.81416,0,-0.51095,-8.8,4.986,0
-0.87331,0,-0.20588,-8.8,4.9493,0
-0.89484,0,-0.40999,-8.8,4.909,0
-0.92904,0,-0.31625,-8.8,4.8671,0
-0.92904,0,0,-8.8,4.8182,0
-0.97289,0,-0.2297,-8.8,4.7713,0
-0.99679,0,-0.45169,-8.8,4.7133,0
-1.0352,0,-0.41165,-8.8,4.6636,0
-1.0673,0,-0.16536,-8.8,4.5957,0
-1.0803,0,0.33232,-8.8,4.5403,0
-1.0488,0,0.86633,-8.8,4.4788,0
-0.96619,0,1.3741,-8.8,4.4301,0
-0.96619,0,0,-8.8,4.3775,0
-0.67395,0,1.7571,-8.8,4.3582,0
-0.50547,0,1.7628,-8.8,4.3391,0
-0.32694,0,1.7031,-8.8,4.3399,0
-0.15312,0,1.6309,-8.8,4.3503,0
0.0086673,0,1.5424,-8.8,4.396,0
0.15388,0,1.48,-8.8,4.4512,0
0.29424,0,1.4551,-8.8,4.5278,0
0.43086,0,1.4138,-8.8,4.6143,0
0.57549,0,1.3864,-8.8,4.7037,0
0.70747,0,1.3713,-8.8,4.8182,0
0.83752,0,1.3423,-8.8,4.9315,0
0.97774,0,1.2977,1.2977,5.0623,0
1.1155,0.12977,1.2869,1.2869,5.1659,0
1.1155,0.25845,0,1.3006,5.258,2.6291
1.3749,0.38852,1.3086,1.3086,5.3652,0
1.5138,0.51938,1.2195,1.2195,5.4665,0
1.6328,0.64133,1.1097,1.1097,5.5632,0
1.7415,0.7523,0.96289,0.96289,5.6678,0
1.8409,0.84858,0.84524,0.84524,5.7674,0
1.9187,0.93311,0.75894,4.9,5.8645,23.059
2.0031,1.4231,0.74059,3.3758,5.9368,12.191
2.0848,1.7607,0.65909,1.3292,5.9722,1.2299
2.1522,1.8936,0.5601,0.94196,5.9921,0.40238
2.2054,1.9878,0.42397,0.73297,6.0108,0.28931
2.2434,2.0611,0.31353,0.57996,6.0347,0.25482
2.2697,2.1191,0.1037,-8.8,6.0528,0
2.2757,1.2391,-0.015664,4.9,6.1194,33.632
2.2671,1.7291,-0.086978,2.3531,6.2048,12.39
2.2561,1.9644,-0.070532,1.0367,6.2433,3.7197
2.2568,2.0681,-0.030203,0.61719,6.2615,1.6754
2.2469,2.1298,0.12433,0.36572,6.2832,0.34582
2.2551,2.1664,0.26136,0.27008,6.3021,0
2.279,2.1934,0.45781,0.25558,6.3081,0
2.279,2.2189,0,0.29001,6.3153,0.64833
2.279,2.2479,0,0.38063,6.3199,1.0482
2.4556,2.286,0.81501,0.47432,6.3405,0
2.5307,2.3334,0.95112,0.53436,6.3557,0
2.6227,2.3869,1.0408,0.61767,6.3873,0
2.7262,2.4486,1.0979,0.69903,6.4103,0
2.8393,2.5185,1.1368,0.77433,6.4457,0
2.9597,2.596,1.1729,0.83806,6.4741,0
3.0766,2.6798,1.2042,0.87195,6.5142,0
3.1991,2.767,1.2338,0.90481,6.5531,0
3.331,2.8574,1.2552,0.94641,6.6056,0
3.4597,2.9521,1.2792,0.96618,6.6486,0
3.587,3.0487,1.2926,0.97774,6.7009,0
3.7073,3.1465,1.2991,0.97383,6.7587,0
3.8399,3.2439,1.2645,0.99087,6.8151,0
3.9655,3.3429,1.2777,0.99324,6.8851,0
4.099,3.4423,1.2736,1.0062,6.9496,0
4.2223,3.5429,1.2678,1.0003,7.0155,0
4.3545,3.6429,1.2545,1.0085,7.0824,0
4.4869,3.7438,1.2791,1.015,7.1511,0
4.6149,3.8453,1.247,1.015,7.2286,0
4.7399,3.9468,1.1879,1.0118,7.3129,0
4.8642,4.0479,1.1236,1.0082,7.3947,0
4.9852,4.1488,1.0503,1.002,7.4827,0
5.096,4.249,0.9562,0.98366,7.5572,0
5.1953,4.3473,0.87027,0.95796,7.6483,0
5.2797,4.4431,0.80314,0.92018,7.7316,0
5.3541,4.5351,0.7288,0.87938,7.8203,0
5.436,4.6231,0.69685,0.85357,7.9064,0
5.5145,4.7084,0.68211,0.82782,7.9812,0
5.5917,4.7912,0.6905,0.80584,8.0636,0
5.6666,4.8718,0.67602,0.78572,8.1514,0
5.7278,4.9504,0.60985,0.75402,8.2225,0
5.7855,5.0258,0.46761,0.72429,8.2967,0
5.835,5.0982,0.3014,0.69133,8.3708,0
5.8743,5.1673,0.19005,0.65415,8.452,0
5.8865,5.2328,0.13729,0.59693,8.5264,0
5.9053,5.2924,0.16615,0.5533,8.5994,0
5.9138,5.3478,0.12851,0.5051,8.6546,0
5.9295,5.3983,0.071979,0.46896,8.7034,0
5.9455,5.4452,-0.078012,0.43748,8.7496,0.23785
5.9394,5.4889,-0.16669,0.39054,8.7985,0.53188
5.9394,5.528,0,0.34313,8.8416,0
5.8964,5.5623,-0.19164,0.28574,8.882,0.56844
5.8842,5.5909,-0.16612,0.24968,8.9224,0.4607
5.8672,5.6158,-0.13033,0.21284,8.9453,0.32873
5.8473,5.6371,-0.19272,0.17717,8.9612,0.52928
5.8225,5.6548,-0.27793,0.14099,8.9894,0.83265
5.8007,5.6689,-0.29628,0.11035,8.9946,0.89171
5.765,5.68,-0.246,0.071115,9.0069,0.69009
5.7479,5.6871,-0.19131,0.050795,9.0156,0.50083
5.7304,5.6922,-0.18837,0.03192,9.0231,0.48982
5.717,5.6954,-0.25427,0.018068,9.0324,0.70773
5.6826,5.6972,-0.39114,-0.0039246,9.0264,1.262
5.6412,5.6968,-0.61982,-0.014937,9.0274,2.5027
5.5875,5.6953,-0.94385,-0.028975,9.0274,4.9218
5.4989,5.6924,-1.2777,-0.052138,9.0136,8.4785
5.3715,5.6872,-1.5537,-0.085516,8.9795,12.493
5.2202,5.6786,-1.8162,-0.12499,8.935,17.334
5.2202,5.6661,0,-0.17425,8.8898,0.55267
4.8371,5.6487,-2.0959,-0.22576,8.7967,24.396
4.6264,5.6261,-2.3,-0.28141,8.7107,10.773
4.4038,5.598,-2.6942,-0.34191,8.5931,11.257
4.1282,5.5638,-3.1439,-0.41927,8.4565,11.929
3.8061,5.5219,-3.6136,-0.51192,8.3064,12.742
3.4507,5.4707,-4.0181,-0.61921,8.1218,13.518
3.0526,5.4087,-4.1397,-0.74582,7.9061,13.841
2.631,5.3342,-4.0192,-8.8,7.6581,0
2.2231,4.4542,-3.7905,-0.63825,7.403,12.534
1.8434,4.3903,-3.4255,-8.8,7.1563,0
1.4946,3.5103,-3.1358,-0.49748,6.9277,10.646
1.1804,3.4606,-2.7651,-8.8,6.7097,0
0.89709,2.5806,-2.5975,-0.33085,6.5023,8.8654
