12.222,12.222,1.9978,0,35.5,3.3465
12.418,12.222,1.9334,0.15451,35.515,2.4935
12.61,12.238,1.9373,0.29354,35.546,2.0183
12.8,12.267,1.9324,0.41861,35.582,1.575
12.986,12.309,1.9519,0.52885,35.637,1.2863
13.182,12.362,1.9511,0.63726,35.708,0.93879
13.368,12.425,1.94,0.72786,35.8,0.62388
13.368,12.498,0,0.81456,35.891,0.28381
13.76,12.58,1.876,0.89824,36.018,0
13.95,12.67,1.8264,0.96598,36.143,0
14.123,12.766,1.76,1.0139,36.27,0
14.304,12.868,1.6943,1.0626,36.417,0
14.483,12.974,1.6599,1.1052,36.571,0
14.655,13.084,1.5864,1.1381,36.715,0
14.811,13.198,1.5065,1.1564,36.868,0
14.965,13.314,1.4387,1.1714,37.036,0
15.114,13.431,1.3992,1.1809,37.194,0
15.244,13.549,1.337,1.1772,37.356,0
15.372,13.667,1.3054,1.1712,37.517,0
15.511,13.784,1.2818,1.1744,37.681,0
15.642,13.901,1.2586,1.1712,37.85,0
15.76,14.018,1.1922,1.1601,38.018,0
15.879,14.134,1.0975,1.151,38.195,0
15.986,14.25,1.0113,1.1349,38.359,0
16.091,14.363,0.95546,1.1184,38.524,0
16.188,14.475,0.824,1.0994,38.699,0
16.271,14.585,0.67084,1.0723,38.873,0
16.329,14.692,0.54257,1.0321,39.03,0
16.384,14.795,0.44647,0.9939,39.193,0
16.384,14.895,0,0.95015,39.347,0
16.462,14.99,0.33463,0.90753,39.504,0
16.502,15.08,0.3563,0.87036,39.656,0
16.533,15.167,0.35298,0.83094,39.797,0
16.559,15.251,0.31746,0.79139,39.929,0
16.595,15.33,0.23808,0.76088,40.053,0
16.626,15.406,0.2077,0.72961,40.175,0
16.639,15.479,0.16761,0.68999,40.287,0
16.656,15.548,0.11828,0.65604,40.41,0
16.666,15.613,-0.090712,0.61969,40.513,0
16.656,15.675,-0.2598,0.57524,40.624,0.071482
16.656,15.733,0,0.52702,40.719,0
16.598,15.786,-0.68699,0.47305,40.81,2.3987
16.529,15.833,-0.91259,0.40389,40.895,4.1269
16.429,15.873,-1.0316,0.32178,40.958,5.2167
16.429,15.905,0,0.2487,41.012,0
16.226,15.93,-1.3836,0.17047,41.056,9.1113
16.091,15.947,-1.4816,0.082692,41.081,10.424
16.091,15.956,0,-0.00053568,41.095,0
15.8,15.956,-1.4983,-0.010436,41.075,11.494
15.644,15.954,-1.4596,-0.020869,41.051,11.77
15.503,15.952,-1.3545,-0.030243,41.008,11.065
15.375,15.949,-1.2903,-0.03876,40.949,10.869
15.243,15.945,-1.2601,-0.047544,40.881,11.131
15.125,15.941,-1.2674,-0.055297,40.805,11.791
14.998,15.935,-1.2806,-0.06376,40.721,12.586
14.871,15.929,-1.338,-0.072174,40.627,14
14.871,15.922,0,-0.081775,40.522,2.4088
14.871,15.913,0,-0.091404,40.417,2.3462
14.46,15.904,-1.3296,-0.099954,40.253,15.935
14.336,15.894,-1.3135,-0.10837,40.107,16.302
14.206,15.883,-1.3153,-0.11737,39.943,16.966
14.066,15.872,-1.3653,-0.12718,39.765,18.429
13.927,15.859,-1.3973,-0.13695,39.587,19.632
13.79,15.845,-1.3967,-0.1468,39.394,20.308
13.649,15.831,-1.3922,-0.15698,39.187,20.93
13.501,15.815,-1.3884,-0.16795,38.956,21.599
13.354,15.798,-1.3634,-0.17903,38.718,21.903
13.221,15.78,-1.2792,-0.1893,38.461,21.153
13.098,15.761,-1.0967,-0.19897,38.202,18.92
12.978,15.741,-0.83099,-0.20861,37.925,15.838
12.897,15.721,-0.51047,-0.2156,37.636,12.477
12.854,15.699,-0.17443,-0.21953,37.356,9.4627
12.832,15.677,0.070886,-0.22203,37.067,7.6143
12.832,15.655,0,-0.22175,36.784,8.02
12.862,15.633,0.17582,-0.22121,36.497,6.6563
12.883,15.611,0.11076,-0.22004,36.232,6.9046
12.883,15.589,0,-0.22052,35.96,7.5521
12.879,15.566,-0.084589,-0.2217,35.679,8.0746
12.864,15.544,-0.1459,-0.22348,35.416,8.4933
12.864,15.522,0,-0.22595,35.149,7.3281
12.819,15.499,-0.18973,-0.22845,34.88,8.801
12.808,15.477,-0.19024,-0.23003,34.611,8.744
12.808,15.454,0,-0.23147,34.346,7.2456
12.78,15.43,-0.20119,-0.23361,34.078,8.7255
12.757,15.407,-0.20203,-0.23631,33.805,8.7119
12.735,15.383,-0.17309,-0.23889,33.541,8.4638
12.708,15.359,-0.13641,-0.24183,33.278,8.1758
12.69,15.335,-0.081358,-0.24415,33.004,7.7304
12.681,15.311,-0.030974,-0.24557,32.739,7.3064
12.685,15.286,-0.011324,-0.24565,32.482,7.0587
12.679,15.262,-0.072012,-0.2468,32.216,7.3925
12.668,15.237,-0.20383,-0.24848,31.953,8.2957
12.651,15.212,-0.37235,-0.25065,31.686,9.6241
12.621,15.187,-0.53881,-0.25398,31.438,11.161
12.621,15.162,0,-0.25995,31.182,6.6633
12.494,15.136,-0.77847,-0.26761,30.928,13.994
12.423,15.109,-0.70234,-0.27565,30.653,13.298
12.352,15.081,-0.55598,-0.28374,30.377,11.903
12.296,15.053,-0.4101,-0.29031,30.104,10.581
12.262,15.024,-0.23784,-0.29456,29.834,9.0872
12.232,14.995,-0.048716,-0.2984,29.565,7.6378
12.228,14.965,0.045411,-0.29956,29.292,6.8975
12.228,14.935,0,-0.29932,29.02,7.0788
12.237,14.905,0.079303,-0.29994,28.746,6.4204
12.238,14.875,0.10602,-0.30032,28.485,6.1429
12.241,14.845,0.15396,-0.30046,28.222,5.7448
12.247,14.815,0.18668,-0.30036,27.955,5.4395
12.274,14.785,0.23638,-0.29731,27.706,4.9977
12.288,14.755,0.29667,-0.29602,27.45,4.5679
12.313,14.725,0.30734,-0.29321,27.203,4.359
12.313,14.696,0,-0.2898,26.963,5.8955
12.359,14.667,0.26063,-0.28774,26.719,4.2679
12.383,14.638,0.22892,-0.28444,26.495,4.26
12.4,14.61,0.18925,-0.28201,26.278,4.3138
12.416,14.582,0.19829,-0.27946,26.068,4.1412
12.436,14.554,0.21071,-0.27639,25.855,3.9458
12.453,14.526,0.21808,-0.27349,25.654,3.7868
12.478,14.499,0.22761,-0.2696,25.448,3.6025
12.5,14.472,0.24307,-0.26618,25.238,3.4066
12.521,14.445,0.25182,-0.26278,25.034,3.2467
12.543,14.419,0.26399,-0.25874,24.851,3.0749
12.563,14.393,0.29719,-0.25501,24.672,2.8388
12.59,14.368,0.37136,-0.25015,24.494,2.4656
12.63,14.343,0.42364,-0.24327,24.323,2.168
12.674,14.318,0.45536,-0.23593,24.149,1.9431
12.712,14.295,0.46627,-0.22936,23.981,1.7951
12.762,14.272,0.45319,-0.22084,23.817,1.686
12.816,14.25,0.44135,-0.21152,23.674,1.572
12.855,14.228,0.46114,-0.20433,23.532,1.4175
12.906,14.208,0.4351,-0.19514,23.404,1.3448
12.941,14.188,0.32611,-0.18828,23.286,1.4962
12.971,14.17,0.17214,-0.18223,23.166,1.8336
12.971,14.151,0,-0.17817,23.047,2.4139
12.993,14.134,-0.22588,-0.17602,22.913,3.3301
12.963,14.116,-0.39293,-0.17903,22.806,4.3057
12.928,14.098,-0.51454,-0.18307,22.691,5.1537
12.885,14.08,-0.61007,-0.18817,22.574,5.923
12.824,14.061,-0.69576,-0.19621,22.457,6.7405
12.753,14.041,-0.77182,-0.206,22.334,7.5687
12.673,14.021,-0.87174,-0.21744,22.193,8.7097
12.578,13.999,-0.91375,-0.23111,22.062,9.389
12.488,13.976,-0.91767,-0.24429,21.91,9.6591
12.402,13.951,-0.86545,-0.25679,21.76,9.3306
12.325,13.926,-0.78785,-0.26788,21.608,8.7345
12.25,13.899,-0.69414,-0.27902,21.436,8.0148
12.18,13.871,-0.6126,-0.28925,21.264,7.427
12.12,13.842,-0.57179,-0.29771,21.101,7.1717
12.059,13.812,-0.58105,-0.30662,20.926,7.3243
12.059,13.782,0,-0.31461,20.752,3.4973
11.943,13.75,-0.62549,-0.32321,20.583,7.8209
11.874,13.718,-0.60447,-0.33396,20.393,7.7309
11.821,13.685,-0.5886,-0.34189,20.201,7.6283
11.77,13.65,-0.50384,-0.34963,20.007,6.9693
11.724,13.615,-0.40511,-0.35605,19.824,6.2399
11.724,13.58,0,-0.36339,19.637,3.7045
11.637,13.543,-0.34373,-0.36843,19.441,5.799
11.605,13.507,-0.29801,-0.37232,19.255,5.4584
11.575,13.469,-0.29908,-0.37613,19.062,5.418
11.554,13.432,-0.29886,-0.37779,18.87,5.3401
11.521,13.394,-0.26189,-0.38202,18.68,5.0695
11.504,13.356,-0.20764,-0.38263,18.501,4.6707
11.48,13.318,-0.17654,-0.38464,18.319,4.4337
11.467,13.279,-0.17596,-0.38481,18.127,4.3415
11.458,13.241,-0.20571,-0.38367,17.946,4.4069
11.44,13.202,-0.2162,-0.38424,17.773,4.3911
11.427,13.164,-0.24578,-0.38356,17.602,4.4699
11.398,13.125,-0.23921,-0.38647,17.433,4.3856
11.368,13.087,-0.20199,-0.38987,17.255,4.1343
11.357,13.048,-0.099364,-0.38849,17.088,3.5319
11.343,13.009,-0.013733,-0.38783,16.919,3.0756
11.343,12.97,0,-0.3833,16.755,2.9217
11.343,12.932,0,-0.37663,16.594,2.8355
11.38,12.894,0.29251,-0.36551,16.454,1.7358
11.409,12.858,0.32134,-0.35376,16.311,1.5541
11.45,12.822,0.31649,-0.33915,16.161,1.4359
11.486,12.788,0.31942,-0.32536,16.026,1.3145
11.509,12.756,0.33008,-0.31499,15.894,1.2038
11.538,12.724,0.42409,-0.30281,15.773,0.95443
11.582,12.694,0.54252,-0.2868,15.65,0.71887
11.627,12.665,0.67723,-0.27024,15.536,0.55886
11.701,12.638,0.77785,-0.24608,15.432,0.45864
11.785,12.614,0.86715,-0.21928,15.345,0.40652
11.879,12.592,0.90082,-0.18983,15.261,0.34414
11.969,12.573,0.91208,-0.16183,15.198,0.27791
12.058,12.557,0.93855,-0.13403,15.151,0.23726
12.159,12.543,0.95488,-0.10367,15.105,0.18757
12.248,12.533,0.95637,-0.076963,15.082,0.13107
12.338,12.525,0.94021,-0.050587,15.068,0.050632
12.434,12.52,0.91646,-0.023373,15.06,0
12.524,12.518,0.88945,0.0023421,15.06,0
12.622,12.518,0.88034,0.036586,15.068,0
12.712,12.522,0.88172,0.0673,15.084,0
12.795,12.528,0.90314,0.094111,15.108,0
12.883,12.538,0.92582,0.12207,15.148,0
12.969,12.55,0.93076,0.14845,15.191,0
12.969,12.565,0,0.17584,15.232,0
13.142,12.582,0.85823,0.19844,15.285,0
13.236,12.602,0.81069,0.22495,15.345,0
13.316,12.625,0.76301,0.24575,15.421,0
13.386,12.649,0.72951,0.26184,15.485,0
13.386,12.676,0,0.27838,15.557,0
13.537,12.703,0.64852,0.29657,15.623,0
13.601,12.733,0.57583,0.30925,15.705,0
13.667,12.764,0.52257,0.32215,15.798,0
13.716,12.796,0.46919,0.32811,15.886,0
13.758,12.829,0.4434,0.33188,15.975,0
13.809,12.862,0.40805,0.33841,16.06,0
13.858,12.896,0.38425,0.34381,16.147,0
13.892,12.93,0.3171,0.34416,16.246,0
13.923,12.965,0.2347,0.34284,16.337,0
13.923,12.999,0,0.34188,16.431,0
13.979,13.033,0.19252,0.33872,16.519,0
13.99,13.067,0.10464,0.33091,16.604,0
13.99,13.1,0,0.326,16.695,0
13.99,13.133,0,0.31592,16.782,0
14.011,13.164,-0.2352,0.30392,16.856,0
13.991,13.195,-0.32787,0.28602,16.942,0
13.95,13.223,-0.34453,0.26076,17.011,0
13.919,13.25,-0.30379,0.24023,17.072,0
13.883,13.274,-0.27953,0.2188,17.135,0
13.858,13.295,-0.21805,0.20207,17.187,0
13.858,13.316,0,0.18854,17.242,0
13.83,13.334,-0.17755,0.17794,17.298,0
13.804,13.352,-0.19216,0.16222,17.34,0
13.79,13.368,-0.18249,0.15148,17.376,0
13.768,13.384,-0.22496,0.13818,17.42,0.056447
13.736,13.397,-0.27456,0.12188,17.461,0.28037
13.715,13.41,-0.36785,0.10978,17.492,0.67003
13.684,13.421,-0.4872,0.094654,17.52,1.2507
13.644,13.43,-0.66687,0.076853,17.553,2.2905
13.586,13.438,-0.9044,0.053454,17.57,4.0419
13.504,13.443,-1.1613,0.021889,17.58,6.5211
13.381,13.445,-1.3753,-0.014624,17.577,9.2879
13.251,13.444,-1.5945,-0.043656,17.569,12.789
13.083,13.439,-1.7932,-0.081103,17.534,16.742
12.908,13.431,-1.9394,-0.11939,17.495,20.251
12.715,13.419,-2.0416,-0.16135,17.44,23.206
12.515,13.403,-2.1465,-0.20477,17.356,26.441
12.291,13.383,-2.1807,-0.25383,17.249,28.156
12.079,13.357,-2.182,-0.29986,17.132,28.973
11.853,13.327,-2.1702,-0.34984,16.993,29.488
11.646,13.292,-2.1747,-0.39527,16.843,30.289
11.418,13.253,-2.1574,-0.44639,16.672,30.584
11.193,13.208,-2.147,-0.49844,16.472,30.987
10.984,13.158,-2.0892,-0.54721,16.257,30.101
10.77,13.104,-2.0122,-0.59846,16.031,28.791
10.569,13.044,-1.8919,-0.64705,15.796,26.522
10.371,12.979,-1.7695,-0.6969,15.537,24.331
10.196,12.909,-1.6538,-0.74201,15.269,22.317
10.196,12.835,0,-0.78421,15.001,4.3397
9.8747,12.757,-1.5124,-0.82688,14.715,19.995
9.7187,12.674,-1.425,-0.87001,14.426,18.58
9.5706,12.587,-1.3369,-0.91193,14.131,17.183
9.4396,12.496,-1.2487,-0.94914,13.837,15.795
9.3133,12.401,-1.1476,-0.98695,13.53,14.28
9.3133,12.302,0,-1.0189,13.226,4.4311
9.0983,12.2,-1.0598,-1.0526,12.91,12.694
8.9965,12.095,-1.0871,-1.0846,12.598,12.704
8.885,11.987,-1.1393,-1.1197,12.292,13.018
8.7659,11.875,-1.2293,-1.1583,11.984,13.804
8.6398,11.759,-1.3306,-1.2003,11.677,14.782
8.5156,11.639,-1.4202,-1.242,11.37,15.632
8.3768,11.515,-1.4814,-1.2913,11.058,16.101
8.2312,11.386,-1.5218,-1.3462,10.738,16.228
8.0889,11.251,-1.5376,-5.2,10.424,0
7.933,10.731,-1.5621,-5.2,10.129,0
7.7753,10.211,-1.6072,-5.2,9.8675,0
7.6124,9.691,-1.6455,-5.2,9.6398,0
7.4577,9.171,-1.6631,-5.2,9.4464,0
7.4577,8.651,0,-5.2,9.3011,135.47
7.4577,8.131,0,-0.38968,9.2077,0.57106
7.4577,8.092,0,-0.44655,9.1423,0.41086
6.7886,8.0474,-1.3738,-5.2,8.9705,125.64
6.6608,7.5274,-1.2306,-0.32421,8.8698,9.1298
6.6608,7.495,0,-0.36503,8.7848,0.94729
6.4201,7.4584,-0.95814,-5.2,8.6734,59.613
6.3181,6.9384,-0.87497,-0.22393,8.5936,5.2679
6.2323,6.9161,-0.7936,-0.24912,8.5274,4.7366
6.1545,6.8911,-0.6373,-0.27158,8.4472,3.7291
6.0872,6.864,-0.42378,-5.2,8.3804,45.53
6.0528,6.344,-0.19041,-0.10048,8.3293,0.92458
6.0339,6.3339,0.02554,-0.10393,8.3016,0.34381
6.0457,6.3235,0.2272,-0.09655,8.277,0
6.0692,6.3139,0.31843,-0.085313,8.2503,0
6.0983,6.3054,0.335,-0.072293,8.2375,0
6.1277,6.2981,0.32791,-0.059622,8.2198,0
6.169,6.2922,0.31568,-0.043243,8.1975,0
6.1958,6.2878,0.30832,-0.032306,8.195,0
6.2338,6.2846,0.31048,-0.017818,8.1958,0
6.2572,6.2828,0.32889,-0.0089794,8.1949,0
6.2572,6.2819,0,0.0017664,8.1924,0.054832
6.3126,6.2821,0.35906,0.019786,8.197,0
6.3472,6.2841,0.41667,0.040974,8.1979,0
6.3796,6.2882,0.51932,0.059362,8.2018,0
6.4368,6.2941,0.62525,0.092677,8.2217,0
6.5011,6.3034,0.72153,0.12826,8.2338,0
6.5664,6.3162,0.80702,0.16204,8.2495,0
6.6561,6.3324,0.83803,0.2093,8.2769,0
6.7333,6.3533,0.83037,0.2454,8.3171,0
6.8246,6.3779,0.80493,0.28824,8.3678,0
6.9113,6.4067,0.77769,0.32505,8.4236,0
6.9918,6.4392,0.76191,0.35489,8.4741,0
7.0745,6.4747,0.75055,0.38413,8.5352,0
7.1456,6.5131,0.72627,0.40357,8.5949,0
7.2104,6.5535,0.71394,0.4176,8.6586,0
7.2857,6.5952,0.72139,0.43732,8.7261,0
7.3633,6.639,0.67626,0.45669,8.7902,0
7.4335,6.6846,-0.046726,0.47023,8.8635,0
7.4223,6.7317,-1.3917,0.43214,8.945,9.4742
7.2804,6.7749,-2.8434,0.31477,9.0041,44.994
6.992,6.8064,-4.3484,0.11501,9.0289,14.609
6.5655,6.8179,-5.5007,-0.082377,9.0288,16.174
6.0168,6.8096,-5.7181,-0.2606,8.9848,16.814
5.4455,6.7836,-5.0875,-0.44613,8.8855,16.066
4.9324,6.7389,-4.2366,-0.61595,8.7279,14.875
4.5133,6.6773,-3.2522,-0.75924,8.5268,13.418
4.1872,6.6014,-2.562,-5.2,8.2892,0
3.9354,6.0814,-2.1336,-0.74558,8.0684,11.172
3.7134,6.0069,-1.8581,-8.8,7.8551,0
3.5207,5.1269,-1.4141,-0.50526,7.663,13.957
3.3818,5.0763,-0.92805,-8.8,7.5015,0
3.286,4.1963,-0.45988,-0.24624,7.3651,3.4432
3.2301,4.1717,0.014573,-0.25836,7.2737,1.4404
3.2234,4.1459,0.45656,-0.25659,7.185,0.54878
3.2751,4.1202,0.55682,-0.23867,7.0898,0.38842
3.3285,4.0964,0.45493,-8.8,7.0019,0
3.3691,3.2164,0.38409,0.26311,6.9777,0
3.3976,3.2427,0.32246,0.26378,6.9956,0
3.4339,3.269,0.22575,0.27754,7.0133,0
3.4339,3.2968,0,0.25072,7.0284,0.32769
3.4744,3.3219,0.25095,0.25127,7.0554,0
3.496,3.347,0.25632,0.24281,7.067,0
3.5272,3.3713,0.27043,0.25183,7.0911,0
3.5443,3.3965,0.28939,0.23644,7.1146,0
3.5793,3.4201,0.27402,0.25244,7.1374,0
3.6068,3.4453,0.26381,0.25315,7.1451,0
3.636,3.4707,0.2687,0.25654,7.1605,0
3.6589,3.4963,0.26955,0.24969,7.1746,0
3.6919,3.5213,0.26472,0.25931,7.1858,0
3.7235,3.5472,0.26203,0.26504,7.2003,0
3.7403,3.5737,0.26386,0.24792,7.2163,0
3.7705,3.5985,0.27788,0.25376,7.2395,0
3.7705,3.6239,0,0.26416,7.2554,0.34423
3.8253,3.6503,0.28357,0.25322,7.2773,0
3.8442,3.6756,0.28139,0.24153,7.2919,0
3.87,3.6998,0.28801,0.24156,7.3009,0
3.8936,3.7239,0.29039,0.23894,7.3262,0
3.9137,3.7478,0.28184,0.23142,7.3407,0
3.9345,3.771,0.26927,0.22622,7.3542,0
3.9345,3.7936,0,0.23577,7.3694,0.27443
3.9903,3.8172,0.27395,0.23614,7.4046,0
4.0235,3.8408,0.26998,0.24706,7.4206,0
4.052,3.8655,0.27501,0.25025,7.4415,0
4.0796,3.8905,0.27646,0.25128,7.4519,0
4.1118,3.9156,0.27651,0.25829,7.4661,0
4.1423,3.9415,0.27725,0.26228,7.4893,0
4.1701,3.9677,0.27075,0.26202,7.5081,0
4.1967,3.9939,0.26491,0.26046,7.5338,0
4.2273,4.0199,0.26199,0.26383,7.5456,0
4.2461,4.0463,0.26123,0.25218,7.5708,0
4.2783,4.0715,0.26048,0.25885,7.5905,0
4.3119,4.0974,0.26778,0.26603,7.604,0
4.3388,4.124,0.27375,0.2644,7.6297,0
4.3717,4.1505,0.27138,0.26999,7.6488,0
4.3902,4.1775,0.27248,0.25721,7.6615,0
4.4127,4.2032,0.26764,0.25128,7.6803,0
4.4324,4.2283,0.26995,0.24293,7.7004,0
4.4643,4.2526,0.27958,0.25022,7.7206,0
4.4923,4.2776,0.2854,0.25184,7.7433,0
4.5271,4.3028,0.28352,0.26108,7.759,0
4.5644,4.3289,0.27096,0.27188,7.7762,0
4.5993,4.3561,0.26983,0.27891,7.8091,0
4.5993,4.384,0,0.27518,7.8321,0.2073
4.6444,4.4115,0.27196,0.26302,7.8578,0
4.6444,4.4378,0,0.26058,7.8798,0.18618
4.6943,4.4639,0.27919,0.25638,7.9035,0
4.7223,4.4895,0.27261,0.25739,7.9316,0
4.7223,4.5153,0,0.24878,7.9536,0.15171
4.7733,4.5401,0.2715,0.25406,7.9675,0
4.7733,4.5656,0,0.24388,7.9895,0.13623
4.8208,4.5899,0.26677,0.24844,8.0201,0
4.8208,4.6148,0,0.25915,8.042,0.18361
4.8752,4.6407,0.2558,0.24904,8.0636,0
4.8932,4.6656,0.26478,0.24001,8.0805,0
4.9295,4.6896,0.27031,0.25147,8.1042,0
4.9295,4.7148,0,0.24402,8.127,0.11987
4.9798,4.7392,0.27197,0.24924,8.1557,0
4.9985,4.7641,0.27483,0.24118,8.1772,0
5.0241,4.7882,0.27095,0.24142,8.2049,0
5.0589,4.8123,0.26817,0.25098,8.2338,0
5.0589,4.8374,0,0.24381,8.2572,0.10352
5.0589,4.8618,0,0.24823,8.2782,0.17412
5.1404,4.8866,0.25267,0.25395,8.3102,0
5.1684,4.912,0.25277,0.25512,8.3413,0
5.1684,4.9375,0,0.2591,8.3657,0.12368
5.2267,4.9635,0.25953,0.25877,8.389,0
5.2532,4.9893,0.25655,0.2577,8.4079,0
5.2532,5.0151,0,0.25897,8.433,0.10585
5.311,5.041,0.2685,0.2606,8.4602,0
5.3313,5.0671,0.26346,0.25357,8.4872,0
5.3514,5.0924,0.27808,0.24717,8.515,0
5.3824,5.1171,0.28149,0.25167,8.5349,0
5.4141,5.1423,0.27614,0.25654,8.5661,0
5.432,5.168,0.25817,0.24768,8.5839,0
5.4676,5.1927,0.25865,0.25657,8.6157,0
5.4986,5.2184,0.2551,0.26025,8.6456,0
5.5253,5.2444,0.25445,0.25924,8.6661,0
5.5591,5.2703,0.25354,0.26532,8.7012,0
5.5875,5.2969,0.2658,0.26547,8.7257,0
5.6171,5.3234,0.26877,0.26702,8.7626,0
5.6537,5.3501,0.27382,0.2747,8.7984,0
5.6818,5.3776,0.28819,0.27386,8.8327,0
5.6818,5.405,0,0.26819,8.8617,0.0395
5.7422,5.4318,0.27982,0.27661,8.896,0
5.7422,5.4594,0,0.2812,8.9256,0.0613
5.7946,5.4876,0.26888,0.27075,8.9621,0
5.818,5.5146,0.27002,0.26601,8.9908,0
5.8403,5.5412,0.2774,0.26106,9.0265,0
5.874,5.5673,0.2805,0.26661,9.0653,0
5.8993,5.594,0.28947,0.26405,9.0931,0
5.9233,5.6204,0.28813,0.26068,9.1226,0
5.9529,5.6465,0.28074,0.2625,9.1536,0
5.9753,5.6727,0.27998,0.2579,9.1833,0
5.9939,5.6985,0.28143,0.25072,9.2156,0
6.0215,5.7236,0.2735,0.25178,9.2482,0
6.0413,5.7488,0.27155,0.24597,9.2728,0
6.0708,5.7734,0.27878,0.24887,9.2953,0
6.0993,5.7983,0.29967,0.25064,9.3163,0
6.1208,5.8233,0.31473,0.24657,9.3461,0
