19.444,19.444,-0.077865,0,35.5,0.17908
19.435,19.444,-0.13209,-0.00096379,35.493,0.34149
19.425,19.444,-0.1582,-0.0020593,35.49,0.43881
19.402,19.444,-0.19158,-0.0044903,35.481,0.59195
19.392,19.444,-0.21429,-0.0054229,35.476,0.68604
19.372,19.443,-0.25504,-0.0075665,35.477,0.87485
19.343,19.442,-0.26795,-0.010509,35.467,0.9888
19.317,19.441,-0.30033,-0.013179,35.447,1.1754
19.285,19.44,-0.32205,-0.016408,35.439,1.3408
19.254,19.438,-0.3498,-0.01957,35.427,1.5368
19.218,19.436,-0.36999,-0.023168,35.415,1.7174
19.186,19.434,-0.37962,-0.026375,35.384,1.8429
19.155,19.431,-0.36472,-0.029426,35.357,1.8504
19.112,19.429,-0.34212,-0.033698,35.33,1.8532
19.074,19.425,-0.3334,-0.0374,35.304,1.9057
19.033,19.421,-0.32215,-0.041425,35.273,1.9542
18.999,19.417,-0.32021,-0.044712,35.234,2.0265
18.999,19.413,0,-0.047122,35.193,0.80738
18.946,19.408,-0.30775,-0.049654,35.141,2.0882
18.906,19.403,-0.30008,-0.053473,35.103,2.1466
18.882,19.398,-0.29381,-0.055583,35.054,2.1673
18.862,19.392,-0.29514,-0.057287,35.002,2.213
18.841,19.386,-0.32852,-0.058989,34.95,2.4142
18.799,19.381,-0.34014,-0.06302,34.891,2.5728
18.76,19.374,-0.34354,-0.066824,34.824,2.6845
18.716,19.368,-0.34521,-0.07111,34.756,2.8001
18.679,19.361,-0.32619,-0.074464,34.696,2.7837
18.651,19.353,-0.30161,-0.076941,34.626,2.7151
18.631,19.345,-0.29702,-0.078583,34.557,2.7274
18.609,19.338,-0.29167,-0.080319,34.491,2.7382
18.575,19.329,-0.2914,-0.083441,34.418,2.8092
18.552,19.321,-0.3262,-0.08533,34.34,3.0313
18.524,19.313,-0.32238,-0.087802,34.263,3.0668
18.49,19.304,-0.31919,-0.090921,34.189,3.1225
18.452,19.295,-0.31843,-0.094411,34.103,3.1988
18.412,19.285,-0.32787,-0.098169,34.023,3.3388
18.385,19.275,-0.28839,-0.10043,33.94,3.1725
18.362,19.265,-0.29658,-0.10224,33.86,3.2524
18.333,19.255,-0.26656,-0.10485,33.768,3.1467
18.333,19.245,0,-0.10759,33.676,1.9108
18.281,19.234,-0.21702,-0.10933,33.562,2.9756
18.281,19.223,0,-0.11115,33.468,1.9834
18.281,19.212,0,-0.11196,33.374,1.9491
18.233,19.201,-0.12056,-0.11253,33.252,2.5517
18.225,19.189,-0.047736,-0.11247,33.163,2.2279
18.211,19.178,-0.016328,-0.11327,33.075,2.1089
18.211,19.167,0,-0.11286,32.978,2.0151
18.212,19.156,0.029786,-0.11132,32.891,1.8743
18.214,19.144,0.052215,-0.11026,32.79,1.7625
18.225,19.133,0.0059933,-0.1081,32.704,1.8767
18.234,19.123,0.0089458,-0.10619,32.613,1.8183
18.227,19.112,0.0036783,-0.10609,32.526,1.8265
18.219,19.101,0.014373,-0.10619,32.446,1.7812
18.22,19.091,0.00096379,-0.10514,32.364,1.8008
18.215,19.08,0.018318,-0.10496,32.274,1.7255
18.208,19.07,0.0019572,-0.10484,32.195,1.7737
18.211,19.059,0.015749,-0.10356,32.115,1.6922
18.22,19.049,-0.00068567,-0.10169,32.025,1.7061
18.216,19.039,-0.017553,-0.10129,31.941,1.7508
18.221,19.029,-0.02607,-0.099764,31.861,1.7452
18.222,19.019,0.024727,-0.098674,31.786,1.539
18.216,19.009,0.037085,-0.098622,31.706,1.4893
18.229,18.999,0.035762,-0.096176,31.62,1.4424
18.227,18.989,0.057582,-0.095499,31.547,1.354
18.231,18.98,0.05554,-0.094221,31.462,1.331
18.235,18.97,-0.0084947,-0.092876,31.381,1.5109
18.232,18.961,-0.046991,-0.092384,31.306,1.6314
18.228,18.952,-0.043149,-0.091953,31.235,1.6032
18.228,18.943,0,-0.092224,31.163,1.4277
18.213,18.933,-0.043878,-0.092056,31.1,1.5957
18.21,18.924,-0.00049569,-0.091603,31.019,1.4297
18.206,18.915,0.019855,-0.091283,30.94,1.3503
18.2,18.906,-0.0049361,-0.091273,30.866,1.4257
18.196,18.897,0.020331,-0.090912,30.797,1.3306
18.191,18.888,0.021464,-0.090552,30.733,1.3158
18.203,18.879,0.0067073,-0.088096,30.663,1.3168
18.21,18.87,0.02675,-0.086409,30.59,1.2196
18.22,18.861,0.019366,-0.084151,30.521,1.2007
18.229,18.853,-0.0093549,-0.082159,30.449,1.254
18.233,18.845,-0.0048621,-0.080823,30.388,1.2133
18.233,18.836,0.00221,-0.080038,30.32,1.1732
18.237,18.828,0.0023526,-0.078651,30.251,1.1456
18.228,18.821,-0.027404,-0.079064,30.201,1.2439
18.217,18.813,-0.056623,-0.079616,30.142,1.3465
18.203,18.805,0.01909,-0.080671,30.08,1.1139
18.208,18.797,0.0889,-0.079136,30.03,0.88782
18.21,18.789,0.11224,-0.077936,29.981,0.80667
18.215,18.781,0.19099,-0.076451,29.933,0.59923
18.228,18.773,0.26847,-0.073865,29.869,0.41244
18.258,18.766,0.2325,-0.069007,29.816,0.41525
18.288,18.759,0.18797,-0.064123,29.76,0.43721
18.315,18.753,0.18215,-0.059686,29.706,0.39034
18.337,18.747,0.18136,-0.055988,29.672,0.34433
18.35,18.741,0.15754,-0.0535,29.634,0.35851
18.365,18.736,0.18034,-0.050852,29.589,0.27992
18.376,18.731,0.25283,-0.048688,29.561,0.13186
18.398,18.726,0.3104,-0.045142,29.528,0.014823
18.43,18.721,0.37779,-0.040189,29.499,0
18.465,18.717,0.427,-0.034748,29.469,0
18.507,18.714,0.43535,-0.028593,29.443,0
18.554,18.711,0.38737,-0.021663,29.43,0
18.591,18.709,0.36153,-0.016232,29.424,0
18.619,18.707,0.32286,-0.012194,29.411,0
18.659,18.706,0.3082,-0.0064434,29.401,0
18.697,18.705,0.29006,-0.0011496,29.393,0
18.717,18.705,0.29476,0.0037377,29.401,0
18.748,18.705,0.30669,0.01387,29.398,0
18.78,18.707,0.31857,0.023934,29.404,0
18.809,18.709,0.33989,0.032512,29.414,0
18.848,18.713,0.31549,0.04429,29.415,0
18.882,18.717,0.30423,0.0542,29.439,0
18.906,18.722,0.27625,0.060071,29.456,0
18.941,18.728,0.25365,0.069726,29.478,0
18.941,18.735,0,0.076142,29.499,0
18.988,18.743,0.29398,0.080412,29.525,0
19.019,18.751,0.24341,0.087789,29.559,0
19.037,18.76,0.22685,0.090876,29.596,0
19.069,18.769,0.28695,0.098262,29.63,0
19.1,18.779,0.32198,0.10537,29.657,0
19.141,18.789,0.2933,0.11515,29.684,0
19.169,18.801,0.31336,0.12085,29.726,0
19.201,18.813,0.30934,0.12713,29.758,0
19.201,18.826,0,0.13472,29.796,0
19.252,18.839,0.18962,0.13551,29.835,0
19.267,18.853,0.18114,0.13576,29.87,0
19.288,18.866,0.17177,0.13833,29.912,0
19.301,18.88,0.16954,0.13814,29.96,0
19.32,18.894,0.14642,0.1397,30.005,0
19.338,18.908,0.10541,0.14098,30.042,0
19.341,18.922,0.059554,0.13741,30.079,0
19.351,18.936,0.047389,0.13606,30.128,0
19.358,18.949,-0.0050064,0.13409,30.164,0
19.358,18.963,-0.027721,0.12951,30.212,0
19.353,18.976,-0.036106,0.12367,30.25,0
19.351,18.988,-0.04199,0.119,30.292,0
19.35,19,-0.038069,0.1149,30.331,0
19.338,19.011,-0.020797,0.107,30.372,0
19.326,19.022,-0.050842,0.099686,30.407,0
19.326,19.032,-0.091089,0.096535,30.443,0
19.325,19.042,-0.10015,0.092952,30.473,0
19.314,19.051,-0.12697,0.086246,30.501,0
19.3,19.06,-0.16658,0.078778,30.531,0.06636
19.284,19.067,-0.13678,0.071208,30.546,0.019146
19.263,19.075,-0.099797,0.061739,30.559,0
19.248,19.081,-0.13133,0.054925,30.579,0.076404
19.245,19.086,-0.14263,0.051967,30.599,0.11983
19.225,19.091,-0.15615,0.043674,30.61,0.19414
19.21,19.096,-0.17078,0.037503,30.614,0.26368
19.191,19.1,-0.21134,0.030116,30.63,0.42035
19.191,19.103,0,0.020858,30.639,0
19.191,19.105,0,0.01264,30.648,0
19.126,19.106,-0.13847,0.0067382,30.645,0.31012
19.116,19.107,-0.15035,0.0030427,30.655,0.36054
19.102,19.107,-0.20816,-0.00058296,30.653,0.55988
19.079,19.107,-0.2489,-0.0036893,30.649,0.748
19.063,19.106,-0.26773,-0.0057623,30.639,0.85036
19.031,19.106,-0.27077,-0.009957,30.627,0.93417
19.004,19.105,-0.28337,-0.013389,30.61,1.0416
18.968,19.104,-0.23956,-0.017936,30.592,0.95748
18.947,19.102,-0.26056,-0.020545,30.583,1.0806
18.925,19.1,-0.26817,-0.023169,30.565,1.1557
18.896,19.097,-0.31907,-0.026704,30.554,1.4253
18.873,19.095,-0.34603,-0.029455,30.524,1.5922
18.836,19.092,-0.35427,-0.034043,30.492,1.7154
18.836,19.088,0,-0.037176,30.467,0.45674
18.77,19.085,-0.35104,-0.042016,30.42,1.8509
18.73,19.08,-0.31765,-0.046985,30.394,1.793
18.704,19.076,-0.32825,-0.049934,30.348,1.8946
18.673,19.071,-0.33296,-0.053431,30.318,1.9819
18.637,19.065,-0.34976,-0.057677,30.284,2.1416
18.637,19.06,0,-0.06122,30.241,0.78944
18.568,19.054,-0.36353,-0.065591,30.191,2.3583
18.531,19.047,-0.34841,-0.069854,30.139,2.3635
18.496,19.04,-0.32407,-0.073862,30.092,2.3189
18.455,19.033,-0.30296,-0.078652,30.042,2.3057
18.433,19.025,-0.29896,-0.080783,29.985,2.3224
18.401,19.017,-0.32142,-0.084223,29.927,2.4927
18.37,19.008,-0.32918,-0.087665,29.863,2.5923
18.341,18.999,-0.32776,-0.090644,29.79,2.6358
18.319,18.99,-0.31603,-0.092803,29.729,2.6123
18.295,18.981,-0.22779,-0.095031,29.67,2.2281
18.295,18.972,0,-0.096103,29.602,1.3159
18.262,18.962,-0.14959,-0.097709,29.528,1.9248
18.251,18.952,-0.14173,-0.098199,29.457,1.8941
18.237,18.942,-0.12228,-0.099055,29.378,1.8229
18.218,18.932,-0.1479,-0.1008,29.306,1.9483
18.213,18.922,-0.11762,-0.10044,29.229,1.8128
18.2,18.912,-0.040624,-0.1011,29.164,1.531
18.2,18.902,0.023572,-0.10008,29.096,1.295
18.2,18.892,0,-0.097653,29.026,1.3528
18.22,18.882,0.14827,-0.094941,28.96,0.86124
18.227,18.873,0.15622,-0.092992,28.889,0.81143
18.233,18.864,0.11253,-0.090957,28.83,0.89018
18.248,18.855,0.12001,-0.087764,28.761,0.82422
18.265,18.846,0.16811,-0.084296,28.704,0.66203
18.288,18.837,0.13502,-0.079952,28.657,0.68129
18.297,18.829,0.14884,-0.077745,28.599,0.61859
18.314,18.822,0.21177,-0.074274,28.556,0.44358
18.339,18.814,0.22801,-0.069684,28.513,0.35945
18.367,18.807,0.22278,-0.064711,28.463,0.31133
18.392,18.801,0.21411,-0.060171,28.426,0.27507
18.41,18.795,0.26564,-0.056739,28.382,0.15386
18.433,18.789,0.26887,-0.05255,28.351,0.10538
18.467,18.784,0.33487,-0.046835,28.317,0
18.51,18.779,0.39161,-0.039879,28.283,0
18.544,18.775,0.47477,-0.034384,28.252,0
18.593,18.772,0.51365,-0.026509,28.237,0
18.636,18.769,0.58904,-0.019762,28.218,0
18.636,18.767,0,-0.010216,28.205,0.25411
18.636,18.766,0,-0.0015865,28.192,0.27246
18.824,18.766,0.59171,0.018113,28.186,0
18.886,18.768,0.58136,0.037233,28.201,0
18.886,18.771,0,0.054119,28.213,0
18.99,18.777,0.54453,0.066874,28.238,0
19.042,18.784,0.5056,0.081149,28.265,0
19.092,18.792,0.49422,0.094269,28.302,0
19.092,18.801,0,0.10809,28.332,0
19.193,18.812,0.49508,0.11973,28.363,0
19.241,18.824,0.48492,0.13097,28.398,0
19.241,18.837,0,0.14144,28.439,0
19.336,18.851,0.52078,0.15251,28.497,0
19.386,18.866,0.52257,0.16346,28.55,0
19.432,18.883,0.52385,0.17265,28.601,0
19.484,18.9,0.54185,0.18368,28.665,0
19.545,18.918,0.54808,0.19724,28.718,0
19.599,18.938,0.5319,0.20811,28.781,0
19.599,18.959,0,0.21994,28.846,0
19.711,18.981,0.52496,0.2299,28.931,0
19.764,19.004,0.52995,0.23944,29.002,0
19.809,19.028,0.5533,0.24626,29.08,0
19.864,19.052,0.5794,0.25586,29.168,0
19.923,19.078,0.59278,0.26648,29.259,0
19.985,19.105,0.60633,0.27779,29.349,0
19.985,19.132,0,0.28914,29.436,0
20.103,19.161,0.60519,0.29736,29.535,0
20.165,19.191,0.60514,0.30774,29.638,0
20.165,19.222,0,0.31574,29.734,0
20.273,19.253,0.54534,0.32234,29.836,0
20.328,19.286,0.49115,0.32958,29.935,0
20.369,19.319,0.41333,0.33216,30.037,0
20.418,19.352,0.31174,0.33724,30.136,0
20.453,19.386,0.25313,0.33772,30.249,0
20.474,19.419,0.19951,0.33359,30.356,0
20.499,19.453,0.13703,0.33118,30.452,0
20.499,19.486,0,0.32235,30.555,0
20.522,19.518,0.065233,0.3178,30.648,0
20.529,19.55,0.024113,0.30985,30.74,0
20.528,19.581,-0.016638,0.29982,30.834,0
20.52,19.611,-0.019927,0.28794,30.937,0
20.524,19.64,-0.032574,0.28007,31.026,0
20.529,19.668,-0.021907,0.27275,31.122,0
20.525,19.695,-0.026142,0.26286,31.208,0
20.525,19.721,-0.029017,0.25462,31.296,0
20.529,19.747,-0.048263,0.24789,31.382,0
20.516,19.771,-0.052379,0.23595,31.453,0
20.512,19.795,-0.059461,0.22733,31.526,0
20.511,19.818,-0.052142,0.21976,31.598,0
20.514,19.84,-0.04054,0.21367,31.67,0
20.508,19.861,-0.018498,0.2052,31.734,0
20.515,19.882,-0.026257,0.20073,31.795,0
20.517,19.902,-0.020736,0.1951,31.858,0
20.506,19.921,-0.028535,0.18529,31.915,0
20.497,19.94,-0.021171,0.17654,31.968,0
20.485,19.957,-0.0389,0.16725,32.017,0
20.485,19.974,0,0.15954,32.069,0
20.466,19.99,-0.023885,0.15072,32.116,0
20.472,20.005,-0.00090612,0.14805,32.162,0
20.472,20.02,0,0.14065,32.208,0
20.466,20.034,0.021164,0.13686,32.251,0
20.46,20.048,0.013922,0.13087,32.291,0
20.455,20.061,0.027957,0.12485,32.334,0
20.449,20.073,-0.016918,0.11927,32.364,0
20.456,20.085,-0.020239,0.11744,32.391,0
20.452,20.097,-0.082967,0.11251,32.429,0
20.452,20.108,0,0.10443,32.464,0
20.419,20.119,-0.21141,0.095212,32.492,0.095965
20.396,20.128,-0.23,0.084881,32.514,0.20216
20.377,20.137,-0.29336,0.076294,32.541,0.453
20.352,20.144,-0.30796,0.065866,32.572,0.55797
20.329,20.151,-0.31714,0.056537,32.582,0.63924
20.297,20.156,-0.3155,0.044547,32.599,0.69523
20.274,20.161,-0.33153,0.035887,32.609,0.80058
20.242,20.165,-0.33898,0.024591,32.612,0.88867
20.202,20.167,-0.33415,0.011036,32.61,0.9414
20.159,20.168,-0.29771,-0.0011758,32.611,0.88207
20.125,20.168,-0.25532,-0.0054685,32.612,0.80592
20.125,20.167,0,-0.008821,32.608,0.069282
20.089,20.167,-0.11704,-0.009828,32.591,0.43803
20.089,20.166,0,-0.011439,32.584,0.13467
20.078,20.164,0.081997,-0.010944,32.576,0
20.092,20.163,0.13749,-0.0090946,32.565,0
20.111,20.162,0.20213,-0.0065239,32.565,0
20.111,20.162,0,-0.0034989,32.56,0.0979
20.164,20.161,0.3588,0.00093902,32.564,0
20.198,20.161,0.42204,0.011693,32.564,0
20.231,20.163,0.47289,0.021523,32.567,0
20.28,20.165,0.47454,0.036494,32.567,0
20.326,20.168,0.43397,0.049798,32.585,0
20.375,20.173,0.35228,0.063929,32.602,0
20.415,20.18,0.28235,0.074396,32.619,0
20.445,20.187,0.20786,0.081531,32.651,0
20.46,20.195,0.1358,0.083606,32.683,0
20.478,20.204,0.074301,0.086843,32.714,0
20.478,20.212,0,0.088053,32.741,0
20.499,20.221,0.0051219,0.087862,32.764,0
20.505,20.23,-0.028007,0.086986,32.794,0
20.505,20.239,0,0.081141,32.821,0
20.49,20.247,-0.090917,0.076953,32.845,0
20.489,20.255,-0.13804,0.074115,32.868,0
20.476,20.262,-0.18663,0.067727,32.9,0.15495
20.476,20.269,0,0.059557,32.921,0
20.44,20.275,-0.27738,0.0524,32.936,0.51844
20.41,20.28,-0.32938,0.041147,32.96,0.76476
20.378,20.284,-0.40107,0.029656,32.968,1.1145
20.378,20.287,0,0.017459,32.977,0
20.298,20.289,-0.53681,0.0029974,32.995,1.907
20.24,20.289,-0.55949,-0.0060776,32.995,2.1834
20.177,20.288,-0.55251,-0.013977,32.984,2.3268
20.118,20.287,-0.52052,-0.021164,32.969,2.3163
20.118,20.285,0,-0.0263,32.952,0.2948
20.025,20.282,-0.49998,-0.032254,32.931,2.4567
20.025,20.279,0,-0.038416,32.905,0.45844
19.923,20.275,-0.42592,-0.044295,32.881,2.3323
19.876,20.271,-0.62739,-0.049687,32.84,3.6374
19.819,20.266,-1.074,-0.056377,32.799,7.5491
19.708,20.26,-1.5871,-0.069773,32.752,14.648
19.547,20.253,-2.1502,-0.089441,32.693,26.693
19.337,20.244,-2.7031,-0.1153,32.609,44.595
19.07,20.233,-3.1288,-0.14857,32.496,64.391
18.764,20.218,-3.4724,-0.18674,32.369,85.233
18.42,20.199,-3.8546,-0.23014,32.214,114.1
18.037,20.176,-4.2246,-0.27912,32.025,149.11
17.61,20.148,-4.6076,-0.33484,31.782,194.08
17.143,20.115,-4.7477,-0.39707,31.502,210.73
16.672,20.075,-4.7258,-0.46124,31.193,204.84
16.195,20.029,-4.6249,-0.52833,30.833,190.59
15.723,19.976,-4.2882,-0.59702,30.436,156.11
15.302,19.916,-3.7777,-0.66149,29.993,118.46
14.932,19.85,-3.3697,-0.72148,29.511,96.393
14.602,19.778,-2.8523,-0.77863,28.998,74.471
14.319,19.7,-2.3181,-0.83075,28.473,57.008
14.078,19.617,-1.8214,-0.87928,27.919,44.232
13.895,19.529,-1.4918,-0.92029,27.357,37.129
13.756,19.437,-0.85998,-0.95622,26.783,25.971
13.665,19.342,-0.296,-0.98419,26.22,18.402
13.627,19.243,0.21731,-1.004,25.651,13.083
13.658,19.143,0.49512,-1.0112,25.09,10.478
13.712,19.042,0.68054,-1.0126,24.554,8.7975
13.789,18.94,0.60101,-1.0087,24.025,8.6275
13.789,18.84,0,-1.0079,23.515,12.318
13.875,18.739,0.042551,-1.0097,23.026,11.148
13.888,18.638,-0.17914,-1.0152,22.545,12.416
13.873,18.536,-0.32054,-1.0265,22.066,13.197
13.873,18.434,0,-1.0423,21.605,9.9766
13.782,18.329,-0.40692,-1.0616,21.138,13.178
13.741,18.223,-0.30629,-1.077,20.691,11.832
13.715,18.116,-0.13518,-1.0889,20.247,9.9988
13.709,18.007,0.035595,-1.0944,19.82,8.3665
13.722,17.897,0.10954,-1.0947,19.396,7.4616
13.734,17.788,0.10295,-1.0949,18.974,7.066
13.748,17.678,0.1178,-1.0911,18.584,6.574
13.752,17.569,-0.25889,-1.0889,18.207,8.4737
13.722,17.46,-0.82815,-1.0959,17.837,13.1
13.644,17.351,-1.3754,-1.1173,17.466,19.859
13.515,17.239,-1.8567,-1.1544,17.099,28.324
13.339,17.124,-2.3395,-1.209,16.717,40.049
13.108,17.003,-2.4478,-1.2815,16.343,43.135
12.855,16.874,-2.31,-1.3656,15.95,38.869
12.632,16.738,-2.0058,-1.4442,15.536,30.701
12.434,16.593,-1.6982,-1.5154,15.123,23.822
12.265,16.442,-1.3941,-1.5769,14.71,18.183
12.119,16.284,-1.1457,-1.6301,14.302,14.26
12.009,16.121,-1.0425,-1.6694,13.897,12.444
11.914,15.954,-1.1494,-1.7021,13.496,12.968
11.914,15.784,0,-1.7397,13.1,4.3307
11.689,15.61,-1.3274,-4.4,12.696,14.919
11.549,15.17,-1.3018,-4.4,12.316,20.563
11.42,14.73,-1.1473,-4.4,11.96,30.53
11.313,14.29,-0.88964,-4.4,11.653,45.201
11.217,13.85,-0.58735,-4.4,11.366,63.265
11.155,13.41,-0.37909,-4.4,11.129,85.72
11.155,12.97,0,-4.4,10.926,115.23
11.101,12.53,-0.088204,-4.4,10.75,155.91
11.102,12.09,0.0023424,-5.2,10.639,14976
11.102,11.57,0.027477,-5.2,10.572,0
11.102,11.05,0.026504,0.016408,10.559,0
11.115,11.052,0.028632,0.019914,10.573,0
11.121,11.054,0.040643,0.02122,10.572,0
11.12,11.056,0.038687,0.020188,10.572,0
11.123,11.058,0.034854,0.020593,10.583,0
11.123,11.06,0.045146,0.020048,10.596,0
11.13,11.062,0.022246,0.021683,10.612,0
11.14,11.064,0.021733,0.02423,10.622,0
11.144,11.067,0.023573,0.024484,10.622,0
11.153,11.069,0.024706,0.026702,10.63,0
11.162,11.072,0.02901,0.028691,10.634,0
11.161,11.075,0.035107,0.027348,10.634,0
11.16,11.077,0.02403,0.026319,10.65,0
11.158,11.08,0.021997,0.024725,10.658,0
11.161,11.082,0.018694,0.025074,10.665,0
11.161,11.085,0.025149,0.024325,10.675,0
11.164,11.087,0.02795,0.024433,10.685,0
11.168,11.09,0.02895,0.024905,10.686,0
11.179,11.092,0.037724,0.02757,10.692,0
11.182,11.095,0.043091,0.027659,10.71,0
11.18,11.098,0.28314,0.02636,10.714,0
11.212,11.1,0.42489,0.03556,10.724,0
11.251,11.104,0.68827,0.047015,10.737,0
11.329,11.109,0.87312,0.070435,10.751,0
11.415,11.116,1.1674,0.095779,10.786,0.2893
11.53,11.125,1.1961,0.12955,10.813,0.32542
11.654,11.138,1.3864,0.16541,10.863,0.88089
11.801,11.155,1.4675,0.20804,10.928,1.1419
11.946,11.176,1.6365,0.24871,11.001,1.7948
12.111,11.2,1.7092,0.29443,11.081,2.1066
12.288,11.23,1.8412,0.3434,11.175,2.7281
12.464,11.264,1.9277,0.3908,11.287,3.1745
12.649,11.303,1.9187,0.44053,11.42,3.1468
12.649,11.347,0,0.48976,11.553,0
13.034,11.396,1.9373,0.54095,11.72,3.281
13.236,11.45,1.916,0.59239,11.882,3.1859
13.421,11.51,1.8674,0.63771,12.077,2.9262
13.614,11.573,1.8801,0.68487,12.279,2.9967
13.807,11.642,1.8312,0.73037,12.49,2.7288
13.807,11.715,0,0.76872,12.703,0
14.167,11.792,1.7904,0.80954,12.943,2.4862
14.339,11.873,1.7469,0.84544,13.193,2.2301
14.516,11.957,1.6773,0.88198,13.452,1.8355
14.681,12.046,1.5377,0.91201,13.702,1.0987
14.828,12.137,1.3304,0.93584,13.972,0.083868
14.965,12.23,1.0819,0.95497,14.242,0
15.073,12.326,0.81591,0.96297,14.511,0
15.161,12.422,0.58001,0.96297,14.779,0
15.161,12.518,0,0.95574,15.048,0
15.272,12.614,0.24052,0.94104,15.324,0
15.303,12.708,0.12694,0.92119,15.592,0
15.32,12.8,0.018712,0.89661,15.84,0
15.331,12.89,-0.043372,0.87028,16.083,0
15.332,12.977,-0.047307,0.84113,16.322,0
15.321,13.061,-0.031326,0.80798,16.544,0
15.327,13.142,-0.087905,0.78247,16.767,0
15.326,13.22,-0.066508,0.7548,16.974,0
15.309,13.296,-0.038644,0.723,17.188,0
15.306,13.368,-0.043812,0.69645,17.378,0
15.297,13.437,-0.14346,0.6689,17.564,0
15.275,13.504,-0.13963,0.63715,17.742,0
15.275,13.568,0,0.61162,17.916,0
15.253,13.629,-0.27977,0.58554,18.087,0
15.218,13.688,-0.29281,0.55186,18.238,0
15.182,13.743,-0.28034,0.51908,18.39,0
15.15,13.795,-0.3094,0.48908,18.528,0
15.119,13.844,-0.25879,0.4607,18.665,0
15.084,13.89,-0.27031,0.43149,18.796,0
15.055,13.933,-0.31563,0.40565,18.91,0
15.024,13.974,-0.28974,0.38005,19.024,0
14.998,14.012,-0.30046,0.35687,19.125,0
14.975,14.047,-0.2084,0.3357,19.225,0
14.95,14.081,-0.46794,0.31466,19.311,0.22187
