11.667,11.667,-3.3891,0,35.5,73.337
11.324,11.667,-3.3559,-0.020859,35.489,72.974
10.997,11.665,-3.2681,-0.040819,35.43,69.63
10.662,11.66,-3.1729,-0.061202,35.353,66.544
10.347,11.654,-3.0824,-0.080552,35.23,64.079
10.044,11.646,-2.986,-0.099376,35.082,61.647
9.7366,11.636,-2.929,-0.11863,34.912,61.215
9.4398,11.625,-2.826,-0.13762,34.706,58.979
9.148,11.611,-2.7863,-0.15664,34.477,59.352
8.8662,11.595,-2.7389,-0.17553,34.211,59.386
8.5948,11.578,-2.7114,-0.19414,33.934,60.107
8.3195,11.558,-2.6899,-0.21355,33.631,61.067
8.0421,11.537,-2.6928,-0.23382,33.294,62.898
7.7784,11.513,-2.6738,-0.25377,32.942,63.826
7.5066,11.488,-2.6159,-0.27522,32.552,63.423
7.2454,11.46,-2.5268,-0.29664,32.15,61.931
6.9982,11.431,-2.4199,-0.31818,31.713,59.867
6.7603,11.399,-2.316,-0.33985,31.266,57.96
6.5239,11.365,-2.1601,-0.36269,30.785,54.662
6.3014,11.329,-1.9149,-0.38558,30.287,49.213
6.1045,11.29,-1.5247,-0.40768,29.77,41
5.9582,11.249,-1.1043,-0.42675,29.243,33.297
5.8568,11.207,-0.67405,-0.44295,28.711,26.553
5.7811,11.162,-0.30023,-0.45784,28.168,21.589
5.7584,11.117,-0.090188,-0.46835,27.636,18.94
5.757,11.07,-0.041449,-0.47735,27.104,18.102
5.7453,11.022,0.0014721,-0.48748,26.575,17.386
5.7425,10.973,0.033775,-0.49734,26.04,16.748
5.7406,10.924,0.080595,-0.50718,25.514,15.973
5.7577,10.873,0.19125,-0.51519,24.996,14.558
5.7803,10.821,0.30989,-0.52273,24.482,13.145
5.7803,10.769,0,-0.53037,23.981,15.617
5.8435,10.716,0.54978,-0.53575,23.477,10.544
5.8894,10.663,0.72332,-0.54052,22.986,9.0339
5.959,10.608,0.86882,-0.54146,22.524,7.7957
6.0384,10.554,1.0026,-0.54101,22.067,6.7353
6.134,10.5,1.1065,-0.53824,21.615,5.8847
6.2376,10.446,1.1347,-0.53347,21.183,5.37
6.3569,10.393,1.0777,-0.52572,20.766,5.1316
6.459,10.34,1.1038,-0.51927,20.364,4.6711
6.5693,10.289,1.1588,-0.51036,19.988,4.1534
6.6887,10.237,1.2713,-0.49896,19.631,3.5579
6.6887,10.188,0,-0.48668,19.279,9.1301
6.9536,10.139,1.6406,-0.46987,18.948,2.6149
7.1211,10.092,1.7876,-0.44816,18.636,2.4249
7.3055,10.047,1.8945,-0.4223,18.348,2.3536
7.4906,10.005,1.9299,-0.39495,18.082,2.299
7.6935,9.9654,1.9475,-0.36331,17.841,2.2604
7.8935,9.9291,1.9766,-0.33102,17.618,2.2877
8.0826,9.896,1.9323,-0.29933,17.421,2.1904
8.0826,9.866,0,-0.26559,17.241,3.9136
8.4644,9.8395,1.7833,-0.2328,17.092,1.8636
8.6452,9.8162,1.7457,-0.2002,16.964,1.7886
8.6452,9.7962,0,-0.16814,16.848,2.3658
8.998,9.7794,1.6492,-0.13568,16.764,1.5929
9.1682,9.7658,1.6202,-0.10424,16.702,1.5515
9.3318,9.7554,1.605,-0.074192,16.649,1.5569
9.3318,9.748,0,-0.045055,16.607,0.81923
9.6363,9.7435,1.4493,-0.01882,16.606,1.1793
9.7812,9.7416,1.3838,0.023205,16.605,0.95508
9.9185,9.7439,1.3697,0.10216,16.607,0.72071
10.048,9.7541,1.3554,0.17207,16.634,0.51044
10.186,9.7713,1.3196,0.24245,16.674,0.24343
10.311,9.7956,1.2412,0.30064,16.719,0
10.439,9.8256,1.0534,0.35735,16.783,0
10.542,9.8614,0.77723,0.39555,16.849,0
10.615,9.9009,0.50953,0.41337,16.912,0
10.665,9.9422,0.28717,0.41691,16.981,0
10.685,9.9839,0.10511,0.4029,17.045,0
10.692,10.024,-0.0030814,0.38294,17.106,0
10.692,10.063,0,0.35657,17.171,0
10.677,10.098,-0.0049566,0.32986,17.228,0
10.667,10.131,0.019552,0.30444,17.275,0
10.667,10.162,0,0.28426,17.328,0
10.667,10.19,0,0.26488,17.377,0
10.668,10.217,0.048288,0.25473,17.408,0
10.678,10.242,-0.015834,0.24567,17.457,0
10.678,10.267,0,0.23063,17.499,0
10.662,10.29,-0.12214,0.20894,17.552,0
10.643,10.311,-0.13049,0.18665,17.596,0.045191
10.639,10.329,-0.13085,0.17369,17.63,0.0641
10.621,10.347,-0.13461,0.15347,17.655,0.10349
10.598,10.362,-0.11401,0.13164,17.672,0.076296
10.578,10.375,-0.11421,0.11315,17.698,0.10397
10.566,10.386,-0.10521,0.1001,17.711,0.098411
10.549,10.396,-0.089293,0.084694,17.722,0.07893
10.537,10.405,-0.082842,0.073646,17.736,0.078837
10.538,10.412,-0.083702,0.06983,17.756,0.086832
10.534,10.419,-0.07838,0.063741,17.77,0.082425
10.536,10.426,-0.076643,0.061305,17.778,0.081596
10.522,10.432,-0.055951,0.05033,17.789,0.047248
10.517,10.437,0.014727,0.044616,17.79,0
10.528,10.441,0.080005,0.048157,17.795,0
10.542,10.446,0.13396,0.052961,17.797,0
10.542,10.451,0,0.057755,17.806,0
10.574,10.457,0.20423,0.064503,17.817,0
10.585,10.464,0.19264,0.067423,17.833,0
10.611,10.47,0.21458,0.07783,17.849,0
10.611,10.478,0,0.08594,17.863,0
10.659,10.487,0.27243,0.09541,17.885,0
10.692,10.496,0.32282,0.10813,17.903,0
10.733,10.507,0.39108,0.12511,17.931,0
10.775,10.52,0.44374,0.14112,17.959,0
10.825,10.534,0.51151,0.16088,17.996,0
10.825,10.55,0,0.17567,18.024,0
10.924,10.567,0.62622,0.19649,18.057,0
10.98,10.587,0.65022,0.216,18.096,0
11.052,10.609,0.68292,0.24376,18.147,0
11.114,10.633,0.7188,0.26419,18.201,0
11.181,10.659,0.74275,0.2855,18.249,0
11.247,10.688,0.77572,0.30555,18.298,0
11.247,10.718,0,0.33299,18.353,0
11.41,10.752,0.77286,0.3588,18.438,0
11.483,10.788,0.73155,0.37819,18.512,0
11.553,10.825,0.69987,0.39438,18.573,0
11.627,10.865,0.69062,0.41179,18.638,0
11.695,10.906,0.69036,0.42522,18.716,0
11.768,10.949,0.70088,0.44098,18.802,0
11.84,10.993,0.70821,0.45441,18.888,0
11.901,11.038,0.70988,0.46148,18.97,0
11.966,11.084,0.72379,0.47061,19.066,0
12.039,11.131,0.72977,0.4826,19.15,0
12.108,11.18,0.71337,0.49237,19.232,0
12.108,11.229,0,0.50575,19.323,0
12.252,11.279,0.73703,0.51257,19.418,0
12.32,11.331,0.72731,0.51991,19.524,0
12.399,11.383,0.67372,0.53252,19.626,0
12.458,11.436,0.68605,0.53387,19.735,0
12.518,11.489,0.71782,0.53565,19.847,0
12.584,11.543,0.72091,0.54061,19.942,0
12.651,11.597,0.6989,0.5454,20.039,0
12.651,11.651,0,0.55428,20.142,0
12.807,11.707,0.71569,0.56544,20.257,0
12.887,11.763,0.67209,0.57599,20.378,0
12.959,11.821,0.65213,0.5816,20.5,0
13.03,11.879,0.67975,0.58633,20.623,0
13.098,11.938,0.69542,0.58954,20.736,0
13.161,11.997,0.70644,0.58941,20.854,0
13.238,12.056,0.70639,0.59702,20.973,0
13.238,12.115,0,0.59814,21.088,0
13.383,12.175,0.68034,0.60566,21.212,0
13.45,12.236,0.68497,0.60696,21.332,0
13.516,12.296,0.68586,0.60817,21.464,0
13.585,12.357,0.69081,0.6105,21.595,0
13.655,12.418,0.68746,0.61257,21.71,0
13.726,12.48,0.67608,0.61541,21.836,0
13.8,12.541,0.66358,0.61962,21.953,0
13.864,12.603,0.65649,0.61846,22.07,0
13.933,12.665,0.67338,0.61971,22.191,0
13.933,12.727,0,0.61811,22.314,0
14.055,12.789,0.68443,0.61525,22.44,0
14.118,12.85,0.67824,0.61388,22.569,0
14.185,12.912,0.669,0.61502,22.694,0
14.185,12.973,0,0.61634,22.818,0
14.325,13.035,0.67128,0.61915,22.946,0
14.395,13.097,0.66975,0.62127,23.076,0
14.454,13.159,0.6793,0.6181,23.213,0
14.454,13.221,0,0.61751,23.339,0
14.582,13.282,0.70869,0.61698,23.478,0
14.643,13.344,0.69644,0.61499,23.604,0
14.643,13.406,0,0.61244,23.731,0
14.778,13.467,0.68425,0.61735,23.862,0
14.852,13.529,0.68941,0.62096,23.992,0
14.852,13.591,0,0.61929,24.121,0
14.988,13.653,0.67621,0.62386,24.272,0
14.988,13.715,0,0.62133,24.402,0
15.124,13.777,0.71273,0.62542,24.533,0
15.189,13.84,0.71648,0.62517,24.666,0
15.265,13.902,0.7388,0.62978,24.811,0
15.336,13.965,0.70237,0.63166,24.941,0
15.403,14.028,0.68461,0.63165,25.074,0
15.464,14.091,0.6582,0.62887,25.21,0
15.52,14.154,0.622,0.62409,25.343,0
15.578,14.217,0.6049,0.62017,25.476,0
15.643,14.279,0.69568,0.6204,25.621,0
15.705,14.341,0.73537,0.61898,25.757,0
15.787,14.403,0.725,0.62625,25.889,0
15.859,14.465,0.7263,0.62918,26.033,0
15.859,14.528,0,0.63631,26.169,0
15.859,14.592,0,0.63971,26.299,0
16.079,14.656,0.65099,0.63734,26.459,0
16.146,14.72,0.6808,0.63742,26.593,0
16.213,14.783,0.71134,0.63734,26.734,0
16.279,14.847,0.69834,0.63671,26.879,0
16.352,14.911,0.70841,0.63914,27.021,0
16.431,14.975,0.71453,0.64416,27.166,0
16.5,15.039,0.66979,0.64457,27.309,0
16.56,15.104,0.67075,0.64105,27.447,0
16.634,15.168,0.72206,0.64402,27.599,0
16.7,15.232,0.7392,0.64331,27.741,0
16.773,15.296,0.71348,0.64568,27.889,0
16.844,15.361,0.70917,0.64662,28.033,0
16.913,15.426,0.64052,0.64714,28.177,0
16.913,15.49,0,0.64577,28.322,0
17.045,15.555,0.5347,0.6451,28.473,0
17.107,15.619,0.44613,0.64288,28.63,0
17.154,15.684,0.35469,0.63384,28.784,0
17.185,15.747,0.28715,0.61841,28.927,0
17.213,15.809,0.14051,0.60297,29.074,0
17.218,15.869,-0.067152,0.57783,29.217,0
17.22,15.927,-0.14256,0.55274,29.342,0
17.197,15.982,-0.15679,0.51844,29.471,0
17.197,16.034,0,0.48711,29.59,0
17.165,16.083,-0.22074,0.46016,29.695,0
17.145,16.129,-0.16716,0.43139,29.807,0
17.13,16.172,-0.16601,0.40609,29.903,0
17.117,16.213,-0.22876,0.3825,29.991,0
17.092,16.251,-0.30061,0.35528,30.08,0
17.065,16.286,-0.35774,0.32846,30.151,0.10052
17.023,16.319,-0.43224,0.29667,30.223,0.49604
16.986,16.349,-0.5203,0.26828,30.284,0.9855
16.925,16.376,-0.64766,0.23088,30.35,1.7824
16.863,16.399,-0.81241,0.19507,30.397,2.9545
16.781,16.418,-0.94117,0.15218,30.436,4.0771
16.696,16.434,-1.0268,0.1102,30.475,4.9547
16.601,16.445,-1.1553,0.065457,30.501,6.3396
16.487,16.451,-1.1644,0.015126,30.517,6.6226
16.487,16.453,0,-0.0099616,30.521,0
16.263,16.452,-1.0281,-0.021413,30.515,6.1045
16.151,16.449,-1.0393,-0.033887,30.486,6.6452
16.048,16.446,-0.9806,-0.045251,30.458,6.4807
15.957,16.442,-0.92687,-0.055219,30.408,6.3215
15.869,16.436,-0.88124,-0.064717,30.36,6.2263
15.788,16.43,-0.87712,-0.073441,30.292,6.4714
15.709,16.422,-0.80232,-0.081918,30.226,6.0881
15.631,16.414,-0.74877,-0.090314,30.155,5.8983
15.557,16.405,-0.76858,-0.098108,30.073,6.2972
15.483,16.395,-0.72581,-0.10603,29.979,6.1727
15.413,16.385,-0.59103,-0.11345,29.889,5.3262
15.35,16.373,-0.49232,-0.11994,29.799,4.7941
15.294,16.361,-0.39706,-0.12571,29.705,4.3103
15.249,16.349,-0.28348,-0.13031,29.59,3.7307
15.228,16.336,-0.26853,-0.13195,29.473,3.6654
15.203,16.322,-0.27607,-0.13402,29.361,3.737
15.182,16.309,-0.28299,-0.13572,29.243,3.7946
15.182,16.295,0,-0.13847,29.131,2.3706
15.129,16.282,-0.28704,-0.14031,29.027,3.8872
15.109,16.268,-0.28541,-0.14186,28.913,3.8921
15.076,16.253,-0.28702,-0.14498,28.788,3.9505
15.042,16.239,-0.26644,-0.14825,28.666,3.885
15.02,16.224,-0.30492,-0.15012,28.545,4.1261
15.02,16.209,0,-0.15262,28.425,2.5397
14.96,16.194,-0.24687,-0.1557,28.303,3.8705
14.96,16.178,0,-0.15858,28.181,2.603
14.902,16.162,-0.23233,-0.16092,28.059,3.8545
14.878,16.146,-0.25588,-0.16303,27.936,4.0066
14.853,16.13,-0.26221,-0.16525,27.803,4.0619
14.82,16.113,-0.31156,-0.16839,27.684,4.3966
14.798,16.097,-0.27313,-0.17007,27.56,4.1766
14.772,16.08,-0.17255,-0.17236,27.439,3.641
14.751,16.062,-0.1263,-0.17391,27.312,3.4072
14.729,16.045,-0.13455,-0.17574,27.179,3.4558
14.712,16.027,-0.11034,-0.17691,27.043,3.3279
14.696,16.01,-0.18217,-0.17786,26.916,3.6839
14.683,15.992,-0.30552,-0.17836,26.791,4.3613
14.657,15.974,-0.31156,-0.18064,26.664,4.4146
14.631,15.956,-0.28926,-0.1829,26.538,4.2973
14.602,15.938,-0.28354,-0.18558,26.414,4.2883
14.58,15.919,-0.2666,-0.18758,26.272,4.1935
14.557,15.9,-0.24743,-0.18953,26.129,4.0856
14.533,15.881,-0.23042,-0.1917,25.992,3.9975
14.501,15.862,-0.22971,-0.19511,25.85,4.0236
14.479,15.843,-0.25178,-0.19676,25.72,4.1469
14.451,15.823,-0.2573,-0.19929,25.593,4.1945
14.43,15.803,-0.23174,-0.20089,25.462,4.0452
14.415,15.783,-0.22043,-0.20163,25.328,3.9605
14.388,15.763,-0.18871,-0.20412,25.198,3.8001
14.37,15.743,-0.1693,-0.20537,25.053,3.6818
14.349,15.722,-0.14771,-0.20701,24.917,3.5641
14.349,15.701,0,-0.20699,24.781,2.808
14.316,15.681,-0.17955,-0.20909,24.628,3.6891
14.316,15.66,0,-0.20886,24.492,2.7733
14.279,15.639,-0.19673,-0.2118,24.345,3.7509
14.256,15.618,-0.21255,-0.21382,24.205,3.8327
14.244,15.596,-0.19205,-0.21397,24.076,3.6911
14.233,15.575,-0.18183,-0.21387,23.942,3.6005
14.21,15.553,-0.19985,-0.21575,23.817,3.6933
14.183,15.532,-0.20521,-0.21818,23.684,3.7257
14.165,15.51,-0.20222,-0.21939,23.544,3.6911
14.151,15.488,-0.20658,-0.21985,23.414,3.6863
14.135,15.466,-0.17854,-0.22066,23.274,3.5153
14.12,15.444,-0.15441,-0.22123,23.14,3.3667
14.108,15.422,-0.13782,-0.22133,23.003,3.251
14.096,15.4,-0.13594,-0.22137,22.876,3.2104
14.086,15.378,-0.15555,-0.22099,22.743,3.2659
14.07,15.356,-0.17102,-0.22186,22.611,3.3206
14.045,15.333,-0.17172,-0.22405,22.478,3.3207
14.027,15.311,-0.19046,-0.22528,22.344,3.3969
14.004,15.288,-0.20866,-0.22711,22.211,3.4805
14.004,15.266,0,-0.22978,22.084,2.4494
13.953,15.243,-0.22739,-0.23154,21.971,3.5766
13.93,15.22,-0.22716,-0.23328,21.848,3.5664
13.915,15.196,-0.20663,-0.23357,21.726,3.4307
13.899,15.173,-0.19275,-0.23391,21.602,3.3319
13.89,15.15,-0.21864,-0.23312,21.48,3.42
13.869,15.126,-0.24281,-0.23468,21.35,3.5308
13.869,15.103,0,-0.23769,21.225,2.3407
13.82,15.079,-0.23628,-0.23894,21.094,3.4822
13.792,15.055,-0.23884,-0.24183,20.959,3.4948
13.792,15.031,0,-0.24448,20.834,2.3299
13.74,15.006,-0.21338,-0.24647,20.706,3.3522
13.712,14.982,-0.20051,-0.24913,20.587,3.2877
13.687,14.957,-0.21288,-0.25137,20.453,3.3389
13.66,14.932,-0.3647,-0.25363,20.334,4.1651
13.629,14.906,-1.5884,-0.25681,20.21,17.241
13.477,14.881,-3.2318,-0.28512,20.067,69.741
13.163,14.852,-4.6107,-0.34702,19.902,207.28
13.163,14.818,0,-0.44011,19.735,2.7816
12.103,14.774,-7.3811,-0.56579,19.467,32.919
11.373,14.717,-7.5966,-0.72403,19.165,33.497
10.606,14.645,-7.5219,-0.89736,18.804,33.765
9.8595,14.555,-7.779,-1.0765,18.376,34.261
9.0802,14.447,-7.8984,-1.277,17.881,34.55
8.2957,14.319,-7.9874,-1.4977,17.309,34.684
7.4908,14.17,-7.8942,-1.7448,16.683,34.456
6.6988,13.995,-7.5676,-2.0189,15.982,33.692
6.6988,13.793,0,-2.3152,15.262,12.339
5.2364,13.562,-6.6032,-2.6408,14.412,30.872
4.5822,13.298,-6.0153,-2.9911,13.565,28.83
3.9761,12.999,-5.4161,-3.3806,12.672,26.407
3.4314,12.661,-4.6107,-3.8036,11.756,23.296
2.9663,12.28,-3.6484,-7.6521,10.833,10.681
2.5943,11.515,-2.76,-6.7666,9.931,9.8686
2.323,10.838,-2.0353,-6.0373,9.0593,9.0472
2.1108,10.235,-1.5247,-5.5371,8.2239,8.2226
2.1108,9.6809,0,-5.3644,7.4392,7.6583
1.823,9.1444,-1.408,-5.4161,6.6868,6.5868
1.6777,8.6028,-1.4861,-5.4961,5.9797,5.7705
1.5346,8.0532,-1.5082,-5.5174,5.2995,4.939
1.3925,7.5015,-1.3261,-5.3256,4.6655,4.1194
1.2679,6.9689,-1.0272,-5.2,4.0711,2.919
1.1593,6.4489,-0.70682,-5.2,3.516,1.4024
1.0959,5.9289,-0.38137,-8.8,3.0166,0
1.0573,5.0489,-0.098175,-8.8,2.5792,0
1.0436,4.1689,0.013145,-8.8,2.2194,0
1.045,3.2889,0.029624,-8.8,1.9529,0
1.0449,2.4089,0.043586,-8.8,1.7738,0
1.0455,1.5289,0.065041,-8.8,1.6904,0
1.0588,0.64891,0.11826,-8.8,1.6866,0
1.063,0,0.22625,-8.8,1.77,0
1.0896,0,0.43152,-8.8,1.927,0
1.1369,0,0.68515,-8.8,2.0893,0
1.1987,0,0.99572,-8.8,2.2555,0
1.2968,0,1.3371,-8.8,2.4283,0
1.4329,0,1.6617,-8.8,2.6121,0
1.5999,0,1.91,-8.8,2.7989,0
1.7816,0,2.1313,-8.8,3.0196,0
1.9989,0,2.2982,-8.8,3.2609,0
2.2298,0,2.4074,-8.8,3.5214,0
2.4705,0,2.4525,-8.8,3.8001,0.50512
2.7217,0,2.4766,-8.8,4.0994,2.9402
2.9688,0,2.4692,-8.8,4.4353,5.2198
3.2185,0,2.446,-8.8,4.7786,7.5518
3.4619,0,2.4304,2.4304,5.1573,0
3.7092,0.24304,2.4388,2.4388,5.508,0
3.9498,0.48692,2.4518,2.4518,5.8566,0
4.1888,0.7321,2.4599,2.4599,6.1961,0
4.4418,0.97809,2.4611,4.9,6.5341,0
4.6872,1.4681,2.4639,4.9,6.86,0
4.9337,1.9581,2.4449,4.9,7.1723,0.24682
5.1707,2.4481,2.417,4.9,7.4634,1.1936
5.4171,2.9381,2.3867,4.9,7.7216,2.1667
5.6562,3.4281,2.3528,3.8803,7.9645,0
5.6562,3.8161,0,3.0894,8.1679,10.987
6.12,4.1251,2.2751,2.6696,8.3833,0
6.3381,4.392,2.2373,2.3951,8.5838,0
6.561,4.6315,2.1986,2.2177,8.7817,0
6.7883,4.8533,2.1611,2.0988,8.9825,0
6.9952,5.0632,2.1333,1.9888,9.1704,0
7.2089,5.2621,2.1046,1.9145,9.3645,0
7.2089,5.4535,0,1.8626,9.5496,2.4182
7.6312,5.6398,2.0428,1.8099,9.761,0
7.8427,5.8208,2.0016,1.7764,9.9703,0
8.0388,5.9984,1.9504,1.7358,10.174,0
8.2348,6.172,1.8955,1.704,10.385,0
8.4206,6.3424,1.8537,1.6698,10.594,0
8.6013,6.5094,1.7942,1.6376,10.803,0
8.7843,6.6731,1.7394,1.6138,11.02,0
8.9518,6.8345,1.6849,1.5808,11.223,0
9.1224,6.9926,1.6309,1.5555,11.429,0
9.288,7.1481,1.5702,1.5309,11.638,0
9.4356,7.3012,1.5187,1.4979,11.851,0
9.5883,7.451,1.4825,1.4726,12.06,0
9.7451,7.5983,1.4333,1.4545,12.277,0
9.7451,7.7437,0,1.4327,12.484,0
10.04,7.887,1.3471,1.4134,12.708,0
10.172,8.0283,1.3321,1.3859,12.917,0
10.31,8.1669,1.3026,1.3658,13.125,0
10.437,8.3035,1.2842,1.341,13.331,0
10.559,8.4376,1.2954,1.3162,13.538,0
10.691,8.5692,1.2823,1.3015,13.76,0
10.827,8.6994,1.2726,1.2908,13.978,0
10.955,8.8285,1.2604,1.2752,14.184,0
11.09,8.956,1.2695,1.2666,14.406,0
11.216,9.0827,1.2583,1.2537,14.625,0
11.342,9.208,1.2459,1.2411,14.831,0
11.461,9.3321,1.2392,1.2261,15.044,0
11.578,9.4547,1.2407,1.2111,15.25,0
11.7,9.5759,1.2431,1.2016,15.469,0
11.83,9.696,1.2413,1.1961,15.677,0
11.962,9.8156,1.2331,1.1933,15.892,0
12.093,9.935,1.2137,1.19,16.106,0
12.209,10.054,1.2406,1.1787,16.323,0
12.333,10.172,1.26,1.1721,16.531,0
12.454,10.289,1.2555,1.1654,16.744,0
12.585,10.406,1.2536,1.1639,16.954,0
12.704,10.522,1.2512,1.158,17.182,0
12.825,10.638,1.2399,1.1517,17.394,0
12.943,10.753,1.2346,1.146,17.619,0
12.943,10.868,0,1.1417,17.832,0
13.191,10.982,1.264,1.1411,18.062,0
13.321,11.096,1.2674,1.1423,18.291,0
13.454,11.21,1.2396,1.1448,18.516,0
13.574,11.325,1.1693,1.1406,18.748,0
13.684,11.439,1.1933,1.1318,18.971,0
13.809,11.552,1.1967,1.1315,19.203,0
13.919,11.665,1.1738,1.1233,19.428,0
14.045,11.777,1.1437,1.124,19.661,0
14.156,11.89,1.1623,1.1172,19.891,0
14.275,12.001,1.0603,1.1143,20.119,0
14.389,12.113,0.98458,1.1096,20.35,0
14.493,12.224,0.98313,1.1007,20.575,0
14.583,12.334,0.96575,1.0849,20.795,0
14.687,12.442,0.96032,1.0771,21.021,0
14.793,12.55,0.97995,1.0711,21.249,0
14.898,12.657,0.9956,1.0648,21.474,0
15.002,12.764,0.98056,1.0584,21.691,0
15.098,12.869,0.95983,1.0493,21.92,0
15.199,12.974,0.93036,1.0427,22.143,0
15.287,13.079,0.92921,1.0305,22.367,0
15.372,13.182,0.92206,1.0179,22.597,0
15.474,13.284,0.96438,1.0133,22.807,0
15.568,13.385,0.92167,1.0058,23.033,0
