9.7222,9.7222,-0.33127,0,35.5,0.98849
9.6797,9.7222,-0.39523,6.7,35.507,69.156
9.6423,10.392,-0.24712,6.7,35.472,71.059
9.6191,11.062,-0.12726,6.7,35.354,73.464
9.5997,11.732,0.01064,-0.13266,35.182,5.768
9.601,11.719,0.15296,-0.13293,34.966,4.8976
9.6102,11.706,0.2509,-0.13271,34.75,4.3245
9.6347,11.692,0.26367,-0.1314,34.55,4.1476
9.6682,11.679,0.27735,-0.12948,34.354,3.945
9.6971,11.666,0.26602,-0.12785,34.156,3.8721
9.7231,11.654,0.28033,-0.12636,33.962,3.6941
9.7544,11.641,0.27699,-0.12453,33.766,3.5817
9.7837,11.628,0.27341,-0.12269,33.588,3.4775
9.8122,11.616,0.25662,-0.12098,33.397,3.4328
9.8397,11.604,0.26701,-0.11926,33.215,3.2772
9.8599,11.592,0.24859,-0.118,33.038,3.2631
9.8865,11.58,0.24319,-0.11626,32.864,3.1781
9.9056,11.569,0.24015,-0.11498,32.7,3.1046
9.9334,11.557,0.24783,-0.11308,32.535,2.9658
9.9664,11.546,0.23543,-0.11083,32.365,2.895
9.9913,11.535,0.24701,-0.109,32.219,2.7532
10.017,11.524,0.25299,-0.10718,32.065,2.6349
10.05,11.513,0.2615,-0.1048,31.909,2.49
10.078,11.503,0.25601,-0.10272,31.754,2.41
10.097,11.492,0.25868,-0.10119,31.624,2.3256
10.097,11.482,0,-0.099636,31.485,3.3741
10.144,11.472,0.2426,-0.097565,31.356,2.2159
10.144,11.463,0,-0.095453,31.224,3.1812
10.192,11.453,0.24355,-0.093763,31.082,2.0451
10.211,11.444,0.23398,-0.092239,30.952,2.0086
10.243,11.434,0.24418,-0.089604,30.833,1.8753
10.275,11.426,0.24545,-0.087015,30.718,1.7758
10.29,11.417,0.24397,-0.085598,30.61,1.7234
10.306,11.408,0.21477,-0.084198,30.506,1.7591
10.306,11.4,0,-0.08282,30.396,2.5365
10.341,11.392,0.24402,-0.08102,30.301,1.5497
10.364,11.383,0.26516,-0.079019,30.194,1.4195
10.398,11.376,0.25961,-0.076125,30.089,1.3429
10.418,11.368,0.25618,-0.074313,29.991,1.2922
10.442,11.36,0.041275,-0.072189,29.896,1.904
10.443,11.353,-0.24041,-0.071864,29.799,3.1292
10.421,11.346,-0.5572,-0.073383,29.704,5.143
10.375,11.339,-0.82767,-0.076812,29.608,7.5236
10.291,11.331,-1.0423,-0.083299,29.504,10.055
10.189,11.323,-0.94339,-0.091252,29.399,9.3978
10.101,11.314,-0.7074,-0.098251,29.273,7.4454
10.101,11.304,0,-0.10296,29.152,2.7845
9.9898,11.293,-0.13862,-0.1069,29.025,3.7703
9.9716,11.283,0.097287,-0.1082,28.896,2.6768
9.9901,11.272,0.18622,-0.10644,28.769,2.2571
10.007,11.261,0.20748,-0.10485,28.638,2.1134
10.027,11.251,0.20182,-0.10288,28.519,2.0574
10.053,11.241,0.18058,-0.10045,28.396,2.0418
10.053,11.231,0,-0.097889,28.278,2.7273
10.053,11.221,0,-0.096037,28.16,2.7051
10.121,11.211,0.16105,-0.093749,28.063,1.8717
10.133,11.202,0.12674,-0.092374,27.963,1.9372
10.151,11.193,0.09493,-0.090498,27.866,1.984
10.157,11.183,0.033072,-0.089654,27.763,2.1768
10.152,11.175,-0.015999,-0.089781,27.659,2.3617
10.15,11.166,-0.077929,-0.089621,27.549,2.6053
10.14,11.157,-0.10678,-0.09013,27.457,2.7371
10.135,11.148,-0.13421,-0.090255,27.357,2.8529
10.128,11.139,-0.12533,-0.090521,27.264,2.8039
10.108,11.129,-0.13345,-0.091986,27.157,2.8697
10.108,11.12,0,-0.092127,27.055,2.2551
10.096,11.111,-0.13788,-0.092408,26.959,2.8703
10.087,11.102,-0.132,-0.092822,26.867,2.8395
10.076,11.093,-0.15267,-0.093434,26.768,2.9404
10.071,11.083,-0.1495,-0.093616,26.66,2.9117
10.057,11.074,-0.17043,-0.094453,26.565,3.0231
10.038,11.064,-0.15423,-0.095899,26.455,2.968
10.038,11.055,0,-0.097265,26.353,2.2484
9.9986,11.045,-0.12883,-0.098834,26.257,2.8985
9.9873,11.035,-0.076557,-0.099582,26.145,2.6584
9.9755,11.025,0.0065843,-0.10036,26.034,2.3069
9.9701,11.015,0.083052,-0.10055,25.919,2.0002
9.9823,11.005,0.17254,-0.098995,25.81,1.6433
10.008,10.995,0.2357,-0.096092,25.71,1.3777
10.039,10.986,0.27688,-0.092565,25.613,1.1824
10.068,10.976,0.2986,-0.089357,25.521,1.0547
10.096,10.967,0.27739,-0.086109,25.434,1.0316
10.096,10.959,0,-0.082401,25.347,1.8654
10.148,10.951,0.2566,-0.079942,25.276,0.94434
10.172,10.943,0.25167,-0.077122,25.202,0.89449
10.199,10.935,0.22559,-0.073922,25.132,0.88761
10.216,10.927,0.23767,-0.07169,25.065,0.81112
10.234,10.92,0.23364,-0.069531,24.989,0.77324
10.248,10.913,0.24353,-0.067561,24.922,0.7097
10.276,10.907,0.22608,-0.064261,24.866,0.68302
10.3,10.9,0.23603,-0.061339,24.81,0.60506
10.315,10.894,0.22187,-0.059424,24.75,0.5964
10.334,10.888,0.23547,-0.057034,24.691,0.52239
10.349,10.882,0.2426,-0.055018,24.643,0.47078
10.372,10.877,0.26271,-0.052208,24.596,0.38357
10.402,10.872,0.26881,-0.04873,24.549,0.31385
10.427,10.867,0.27518,-0.045762,24.509,0.25414
10.455,10.862,0.26854,-0.042459,24.46,0.21077
10.485,10.858,0.26145,-0.039015,24.414,0.16652
10.505,10.854,0.24633,-0.036604,24.38,0.15163
10.532,10.85,0.23154,-0.033395,24.35,0.12423
10.565,10.847,0.23546,-0.029666,24.312,0.059748
10.583,10.844,0.23402,-0.027512,24.291,0.028844
10.614,10.841,0.23014,-0.023945,24.275,0
10.634,10.839,0.21846,-0.021649,24.256,0
10.662,10.837,0.18999,-0.018494,24.234,0
10.69,10.835,0.13284,-0.015374,24.214,0.0011701
10.71,10.833,0.092557,-0.013032,24.207,0.035787
10.716,10.832,0.050296,-0.012314,24.187,0.10688
10.724,10.831,0.018516,-0.011295,24.184,0.1572
10.734,10.83,0.0033468,-0.010184,24.18,0.17144
10.731,10.829,0.046354,-0.01031,24.168,0.080522
10.729,10.828,0.084567,-0.010419,24.155,0.0072041
10.744,10.827,0.11864,-0.0087844,24.141,0
10.764,10.826,0.16458,-0.0065528,24.132,0
10.773,10.825,0.22184,-0.0055836,24.122,0
10.786,10.825,0.23541,-0.0041427,24.113,0
10.811,10.824,0.23797,-0.0013825,24.111,0
10.839,10.824,0.21605,0.010154,24.118,0
10.853,10.825,0.19374,0.019435,24.115,0
10.876,10.827,0.13759,0.03362,24.12,0
10.899,10.83,0.060495,0.047161,24.119,0
10.905,10.835,-0.01582,0.047715,24.125,0
10.912,10.84,-0.063922,0.049097,24.138,0.10558
10.899,10.845,-0.12736,0.037,24.147,0.28313
10.893,10.848,-0.14732,0.030335,24.149,0.34488
10.893,10.851,0,0.011464,24.154,0
10.853,10.853,-0.19681,-9.7483e-06,24.152,0.51459
10.824,10.853,-0.26528,-0.0030331,24.155,0.80992
10.807,10.852,-0.32601,-0.0048147,24.155,1.0802
10.782,10.852,-0.44283,-0.0074705,24.151,1.6545
10.743,10.851,-0.57542,-0.011514,24.152,2.4556
10.693,10.85,-0.69634,-0.016708,24.135,3.3549
10.693,10.848,0,-0.024083,24.119,0.27431
10.547,10.846,-0.87182,-0.031854,24.091,5.1585
10.547,10.843,0,-0.041907,24.061,0.54284
10.364,10.838,-0.93688,-0.050819,24.019,6.3958
10.267,10.833,-0.93836,-0.060925,23.963,6.7728
10.171,10.827,-0.93174,-0.070844,23.899,7.0656
10.072,10.82,-0.93061,-0.081026,23.839,7.4202
9.9755,10.812,-0.93763,-0.09101,23.768,7.8445
9.8779,10.803,-0.9085,-0.10117,23.679,7.9143
9.7805,10.793,-0.88286,-0.11141,23.575,8.0121
9.6906,10.782,-0.83519,-0.12085,23.467,7.8649
9.6069,10.77,-0.77194,-0.12963,23.356,7.5535
9.5221,10.757,-0.7009,-0.13854,23.246,7.1919
9.4547,10.743,-0.67024,-0.14565,23.121,7.1219
9.3903,10.728,-0.62548,-0.15244,22.993,6.9219
9.3187,10.713,-0.47093,-0.16018,22.858,5.9079
9.2657,10.697,-0.31011,-0.16581,22.719,4.9219
9.2657,10.68,0,-0.16851,22.577,3.1631
9.2244,10.664,0.07742,-0.16969,22.432,2.8942
9.2244,10.647,0,-0.16775,22.289,3.1901
9.2571,10.63,0.28784,-0.16456,22.162,1.9664
9.2827,10.613,0.28215,-0.1608,22.032,1.8902
9.3202,10.597,0.28033,-0.1557,21.893,1.7788
9.3578,10.582,0.26688,-0.1505,21.758,1.7034
9.3765,10.567,0.26152,-0.14749,21.636,1.6457
9.3765,10.552,0,-0.14341,21.517,2.535
9.4302,10.538,0.27246,-0.13923,21.408,1.4419
9.457,10.524,0.27689,-0.13494,21.31,1.3476
9.4779,10.51,0.26818,-0.13145,21.208,1.3007
9.4779,10.497,0,-0.12717,21.106,2.1418
9.5309,10.484,0.26683,-0.12294,21.013,1.1484
9.56,10.472,0.2357,-0.11835,20.917,1.1445
9.5853,10.46,0.16475,-0.11417,20.83,1.2577
9.61,10.449,0.089932,-0.11011,20.74,1.4012
9.6244,10.438,0.033133,-0.10743,20.648,1.5269
9.6355,10.427,-0.037844,-0.10513,20.566,1.7244
9.6325,10.417,-0.087711,-0.1047,20.485,1.8937
9.6317,10.406,-0.091631,-0.10393,20.41,1.8842
9.6317,10.396,0,-0.10398,20.333,1.5197
9.6068,10.385,-0.076319,-0.10549,20.264,1.8306
9.5946,10.375,-0.067096,-0.10627,20.186,1.7973
9.5939,10.364,-0.076894,-0.10549,20.106,1.8092
9.584,10.354,-0.051048,-0.10594,20.03,1.7089
9.584,10.343,0,-0.10642,19.954,1.4982
9.5791,10.332,0.066642,-0.10482,19.872,1.2744
9.5791,10.322,0,-0.10198,19.798,1.47
9.5984,10.312,0.19763,-0.10029,19.723,0.84199
9.6249,10.302,0.23393,-0.095587,19.656,0.6948
9.6454,10.292,0.22018,-0.091704,19.597,0.67028
9.672,10.283,0.18429,-0.087015,19.533,0.68387
9.6987,10.274,0.10962,-0.082343,19.468,0.79494
9.716,10.266,-0.04959,-0.078981,19.414,1.2048
9.7178,10.258,-0.21039,-0.077846,19.366,1.7793
9.6899,10.25,-0.38171,-0.081063,19.311,2.6295
9.6899,10.242,0,-0.085756,19.256,1.0337
9.6028,10.234,-0.61982,-0.092138,19.177,4.266
9.542,10.224,-0.6377,-0.10016,19.109,4.5507
9.4773,10.214,-0.64505,-0.10867,19.044,4.7745
9.4176,10.203,-0.5931,-0.11641,18.978,4.5569
9.3667,10.192,-0.4778,-0.12292,18.899,3.9115
9.3667,10.18,0,-0.12938,18.818,1.5645
9.287,10.167,-0.19723,-0.1325,18.742,2.5352
9.2586,10.153,-0.053255,-0.13568,18.651,1.9602
9.2513,10.14,0.043715,-0.13552,18.568,1.5967
9.2478,10.126,0.052626,-0.13489,18.478,1.5434
9.2533,10.113,0.052254,-0.13277,18.394,1.5023
9.2612,10.099,0.058149,-0.13033,18.306,1.4368
9.2747,10.086,0.050123,-0.1269,18.231,1.4054
9.2747,10.074,0,-0.12494,18.15,1.5427
9.2778,10.061,0.072187,-0.12384,18.079,1.2759
9.2842,10.049,0.080644,-0.12166,17.992,1.2111
9.3008,10.037,0.055738,-0.11775,17.916,1.2256
9.3159,10.025,0.028732,-0.11401,17.851,1.2522
9.3209,10.014,0.0073897,-0.11193,17.782,1.2836
9.3297,10.002,-0.065282,-0.10932,17.709,1.4826
9.321,9.9914,-0.11878,-0.10945,17.647,1.6713
9.3057,9.9804,-0.11547,-0.11076,17.578,1.6665
9.2947,9.9694,-0.11792,-0.11139,17.502,1.673
9.2764,9.9582,-0.095354,-0.11306,17.445,1.6028
9.2764,9.9469,0,-0.11186,17.377,1.2511
9.2701,9.9357,0.035314,-0.11136,17.325,1.1322
9.2701,9.9246,0,-0.1092,17.259,1.2186
9.2769,9.9137,0.071939,-0.1075,17.205,0.96948
9.2745,9.9029,0.10266,-0.10663,17.141,0.87105
9.2773,9.8923,0.11555,-0.10478,17.086,0.81285
9.2818,9.8818,0.11265,-0.10272,17.024,0.79169
9.3024,9.8715,0.10304,-0.097859,16.967,0.75854
9.3058,9.8617,0.11961,-0.096005,16.912,0.69392
9.3254,9.8521,0.10594,-0.091367,16.856,0.67368
9.3263,9.843,0.099352,-0.090071,16.796,0.67064
9.3407,9.834,0.07032,-0.086271,16.753,0.69928
9.346,9.8254,0.064243,-0.084187,16.701,0.68848
9.3496,9.8169,0.05502,-0.082417,16.65,0.68919
9.3458,9.8087,0.039367,-0.081906,16.605,0.72054
9.3558,9.8005,-0.0095781,-0.078913,16.569,0.81937
9.3635,9.7926,-0.061668,-0.076437,16.521,0.94227
9.3507,9.785,-0.12417,-0.077563,16.485,1.1549
9.3301,9.7772,-0.21237,-0.080201,16.435,1.5052
9.3301,9.7692,0,-0.081187,16.391,0.77291
9.2891,9.7611,-0.31194,-0.085311,16.341,1.9807
9.2559,9.7525,-0.26597,-0.090112,16.294,1.8332
9.2195,9.7435,-0.18048,-0.09548,16.243,1.544
9.2195,9.734,0,-0.095755,16.192,0.9123
9.2078,9.7244,0.035296,-0.095008,16.131,0.82124
9.2091,9.7149,0.12361,-0.093458,16.075,0.58294
9.2208,9.7056,0.16304,-0.089925,16.026,0.4629
9.2376,9.6966,0.15565,-0.085457,15.98,0.43496
9.2538,9.688,0.11422,-0.081133,15.938,0.4804
9.261,9.6799,0.046299,-0.078504,15.9,0.6119
9.2564,9.6721,-0.069358,-0.078087,15.868,0.92724
9.2406,9.6642,-0.17502,-0.079923,15.819,1.298
9.2284,9.6563,-0.27401,-0.08107,15.77,1.6965
9.1995,9.6482,-0.35204,-0.085346,15.723,2.0923
9.1718,9.6396,-0.33846,-0.089373,15.674,2.072
9.1399,9.6307,-0.2326,-0.09413,15.626,1.6595
9.1213,9.6213,-0.1078,-0.096247,15.582,1.2114
9.1008,9.6116,0.037652,-0.098769,15.53,0.79146
9.0981,9.6018,0.17372,-0.097897,15.47,0.46344
9.1067,9.592,0.24209,-0.094789,15.413,0.31055
9.1366,9.5825,0.25881,-0.08743,15.368,0.2256
9.1685,9.5738,0.26532,-0.079701,15.33,0.15685
9.1894,9.5658,0.24691,-0.074323,15.285,0.14143
9.2091,9.5583,0.24368,-0.069217,15.243,0.10665
9.2402,9.5514,0.25215,-0.061898,15.204,0.04061
9.2561,9.5452,0.26289,-0.057684,15.167,0
9.2878,9.5395,0.25447,-0.050302,15.145,0
9.3064,9.5344,0.25543,-0.045646,15.125,0
9.3411,9.5299,0.26684,-0.037888,15.098,0
9.3732,9.5261,0.25587,-0.030695,15.089,0
9.4003,9.523,0.2562,-0.024698,15.068,0
9.432,9.5205,0.25882,-0.01782,15.06,0
9.4495,9.5188,0.26419,-0.013961,15.047,0
9.4849,9.5174,0.24696,-0.0065537,15.039,0
9.5118,9.5167,0.24825,-0.00098887,15.046,0
9.5313,9.5166,0.24314,0.0082099,15.056,0
9.5508,9.5174,0.23354,0.018626,15.055,0
9.5508,9.5193,0,0.03337,15.058,0.0062906
9.6085,9.5226,0.20411,0.047864,15.065,0
9.6281,9.5274,0.12838,0.056103,15.077,0
9.6354,9.533,0.032833,0.057011,15.081,0
9.6299,9.5387,-0.051138,0.050754,15.082,0.035514
9.6277,9.5438,-0.1064,0.04666,15.093,0.1819
9.6246,9.5485,-0.085456,0.042332,15.096,0.13342
9.6065,9.5527,0.0020452,0.029864,15.095,0
9.6086,9.5557,0.10528,0.029407,15.107,0
9.6165,9.5586,0.19714,0.032141,15.106,0
9.6437,9.5618,0.28008,0.045442,15.104,0
9.6623,9.5664,0.33182,0.053178,15.108,0
9.6915,9.5717,0.33129,0.066449,15.126,0
9.7195,9.5784,0.30753,0.078291,15.147,0
9.7465,9.5862,0.28019,0.088841,15.153,0
9.7682,9.5951,0.25107,0.095926,15.177,0
9.7967,9.6047,0.21877,0.10633,15.189,0
9.8117,9.6153,0.20388,0.10863,15.204,0
9.8267,9.6262,0.20722,0.1108,15.22,0
9.8396,9.6372,0.2254,0.11175,15.243,0
9.8699,9.6484,0.23799,0.12226,15.269,0
9.8965,9.6606,0.23385,0.13008,15.287,0
9.9187,9.6736,0.24065,0.13499,15.304,0
9.9423,9.6871,0.27359,0.14045,15.336,0
9.9778,9.7012,0.29836,0.15208,15.358,0
10,9.7164,0.29436,0.15609,15.393,0
10.03,9.732,0.28974,0.1634,15.424,0
10.067,9.7483,0.27547,0.175,15.455,0
10.103,9.7658,0.2356,0.18495,15.483,0
10.125,9.7843,0.20187,0.18647,15.514,0
10.136,9.803,0.17172,0.1819,15.55,0
10.152,9.8212,0.13525,0.18064,15.592,0
10.17,9.8392,0.10068,0.18046,15.615,0
10.18,9.8573,0.08986,0.17554,15.653,0
10.193,9.8748,0.074683,0.17308,15.682,0
10.193,9.8922,0,0.16854,15.713,0
10.213,9.909,0.056682,0.1647,15.734,0
10.214,9.9255,0.055744,0.15602,15.759,0
10.228,9.9411,0.0054779,0.15535,15.786,0
10.234,9.9566,-0.066277,0.15008,15.813,0
10.232,9.9716,-0.13411,0.14052,15.837,0.099363
10.216,9.9857,-0.19221,0.12432,15.871,0.30085
10.195,9.9981,-0.24157,0.10591,15.888,0.49297
10.163,10.009,-0.2687,0.082905,15.906,0.62437
10.163,10.017,0,0.067973,15.921,0
10.121,10.024,-0.29969,0.052288,15.931,0.78583
10.091,10.029,-0.30011,0.033114,15.948,0.81743
10.063,10.032,-0.31496,0.01653,15.944,0.89956
10.041,10.034,-0.33256,0.0039069,15.948,0.98747
10.009,10.034,-0.36615,-0.0050124,15.943,1.1857
9.9725,10.034,-0.40165,-0.011913,15.938,1.4181
9.9285,10.033,-0.3829,-0.02022,15.933,1.4322
9.8892,10.031,-0.28301,-0.027508,15.913,1.1025
9.8582,10.028,-0.15132,-0.033025,15.905,0.69984
9.8518,10.025,-0.011233,-0.033699,15.878,0.3165
9.846,10.021,0.12742,-0.03422,15.864,0.03375
9.8603,10.018,0.18162,-0.030766,15.855,0
9.8697,10.015,0.19366,-0.028401,15.832,0
9.8815,10.012,0.20344,-0.025547,15.822,0
9.9052,10.009,0.22945,-0.020405,15.819,0
9.9242,10.007,0.22915,-0.016311,15.805,0
9.9478,10.006,0.24983,-0.011353,15.801,0
9.9652,10.005,0.24906,-0.0077134,15.796,0
9.9938,10.004,0.2086,-0.0019628,15.791,0
10.008,10.004,0.15432,0.0025586,15.783,0
10.026,10.004,0.03249,0.011893,15.793,0
10.021,10.005,-0.13825,0.0086429,15.79,0.32536
10.004,10.006,-0.36803,-0.00040532,15.8,1.1411
9.9709,10.006,-0.5502,-0.0068448,15.801,2.0814
9.9188,10.005,-0.71915,-0.016958,15.796,3.2274
9.8403,10.003,-0.80034,-0.032079,15.779,4.0124
9.7582,10,-0.86118,-0.04766,15.763,4.7122
9.6677,9.9955,-0.86203,-0.064738,15.728,4.9781
9.5783,9.989,-0.88682,-0.0814,15.689,5.4362
9.4928,9.9809,-0.88734,-0.097022,15.653,5.6794
9.3942,9.9712,-0.90293,-0.11522,15.599,6.09
9.3126,9.9596,-0.90153,-0.12986,15.54,6.2945
9.2137,9.9467,-0.8842,-0.14785,15.478,6.4071
9.2137,9.9319,0,-0.16352,15.406,1.2131
9.0553,9.9155,-0.58233,-0.17578,15.327,4.4178
8.9971,9.8979,-0.34495,-0.18542,15.242,3.0886
8.9662,9.8794,-0.084855,-0.1896,15.144,1.9331
8.9496,9.8604,0.13145,-0.19047,15.059,1.2258
8.9699,9.8414,0.21593,-0.18373,14.965,0.94817
8.9835,9.823,0.17342,-0.17835,14.878,0.98954
8.9967,9.8052,0.035469,-0.17311,14.79,1.3017
8.9943,9.7879,-0.12725,-0.17115,14.708,1.824
8.9884,9.7708,-0.27703,-0.17008,14.621,2.4304
8.9512,9.7537,-0.39581,-0.1759,14.532,3.0679
8.905,9.7362,-0.47224,-0.1837,14.442,3.5625
8.8631,9.7178,-0.49055,-0.19013,14.367,3.7239
8.8166,9.6988,-0.49969,-0.19801,14.271,3.8388
8.7702,9.679,-0.50345,-0.20555,14.186,3.9201
8.729,9.6584,-0.45046,-0.21201,14.094,3.641
8.6924,9.6372,-0.34351,-0.21757,13.992,3.0734
8.6547,9.6155,-0.21981,-0.22338,13.891,2.4985
8.6365,9.5931,-0.1052,-0.22438,13.796,2.0046
8.6263,9.5707,-0.51714,-0.2233,13.708,4.04
8.5737,9.5484,-1.6455,-0.23247,13.615,16.51
8.4081,9.5251,-3.1601,-0.26942,13.502,64.122
8.0871,9.4982,-4.8124,-0.34435,13.381,20.19
7.6105,9.4637,-6.1141,-0.45947,13.222,21.99
6.9912,9.4178,-6.4207,-0.61467,13.01,22.782
6.3526,9.3563,-5.7763,-0.78311,12.73,22.153
5.7715,9.278,-4.7113,-0.94471,12.411,20.845
5.7715,9.1835,0,-1.086,12.065,5.4634
4.9715,9.0749,-2.5905,-1.2018,11.628,18.208
4.7189,8.9547,-2.2088,-1.2989,11.211,38.648
4.4901,8.8249,-2.0517,-1.3941,10.788,34.119
4.2925,8.6854,-1.9342,-1.4852,10.358,30.64
4.093,8.5369,-1.8515,-1.5867,9.9084,27.948
3.9044,8.3783,-1.7146,-1.6912,9.4546,24.181
3.731,8.2091,-1.5912,-5.2,9.0022,1.9726
3.5619,7.6891,-1.5661,-5.2,8.5759,1.0236
3.3965,7.1691,-1.6149,-5.2,8.1911,0.21224
3.2328,6.6491,-1.661,-5.2,7.8371,0
3.2328,6.1291,0,-5.2,7.5214,4.4004
2.9024,5.6091,-1.69,-8.8,7.218,0
2.9024,4.7291,0,-8.8,6.9913,0
2.5728,3.8491,-1.3961,-8.8,6.8133,0
2.4387,2.9691,-1.1763,-0.1146,6.7303,8.5761
2.3281,2.9577,-0.97105,-0.13709,6.6813,6.7919
2.2288,2.944,-0.76166,-0.15757,6.6134,5.2375
2.1561,2.9282,-0.63539,-0.17249,6.5349,4.4482
2.1003,2.911,-0.66218,-0.18326,6.4632,4.7273
2.1003,2.8926,0,-8.8,6.383,0
1.9736,2.0126,-0.78375,-0.0061188,6.3393,3.5457
1.8993,2.012,-0.82977,-0.01769,6.3307,4.1132
1.8242,2.0102,-0.8271,-0.029347,6.3097,4.3282
1.734,2.0073,-0.81539,-0.043287,6.2879,4.5191
1.6529,2.003,-0.79444,-0.055712,6.26,4.604
1.568,1.9974,-0.76974,-0.068746,6.226,3.4858
1.4871,1.9905,-0.7421,-0.081143,6.1869,3.5303
1.4047,1.9824,-0.7106,-0.093817,6.1422,3.5664
1.3377,1.973,-0.67051,-0.10439,6.0797,3.5625
1.2636,1.9626,-0.62416,-0.11655,6.0051,3.5529
1.1964,1.9509,-0.57996,-8.8,5.9251,0
1.1396,1.0709,-0.48211,0.63697,5.8839,5.044
1.0906,1.1346,-0.34545,-0.0041957,5.8885,1.1574
1.0906,1.1342,0,-0.0077451,5.8841,0.073582
1.0255,1.1335,-0.033873,-0.01029,5.8849,0.28553
1.0122,1.1324,0.10491,-0.011477,5.8743,0.010046
1.0316,1.1313,0.17184,-0.0095409,5.8606,0
1.0414,1.1303,0.19267,-0.0085241,5.8517,0
1.0693,1.1295,0.17847,-0.0057708,5.8501,0
1.0788,1.1289,0.16319,-0.0047929,5.8542,0
1.0921,1.1284,0.14895,-0.0034829,5.8469,0
1.1091,1.1281,0.1362,-0.0018205,5.839,0
1.1274,1.1279,0.12979,-4.7453e-05,5.8453,0
1.1368,1.1279,0.12277,0.075868,5.8527,0
1.1435,1.1355,0.14789,0.067611,5.8557,0
1.1609,1.1422,0.20747,0.15526,5.8554,0
1.1856,1.1578,0.2846,0.22605,5.8638,0
1.1856,1.1804,0,0.28221,5.8654,0.76824
1.2457,1.2086,0.41813,0.28128,5.8734,0
1.2936,1.2367,0.43896,0.4156,5.8827,0
1.3331,1.2783,0.43103,0.37849,5.8795,0
1.3831,1.3161,0.43498,0.44084,5.8898,0
1.4348,1.3602,0.46267,0.46639,5.9053,0
1.4858,1.4068,0.49784,0.46718,5.9174,0
1.5292,1.4536,0.54303,0.42487,5.935,0
1.5292,1.496,0,0.44714,5.9405,1.3002
1.6328,1.5408,0.57583,0.47037,5.9536,0
1.6962,1.5878,0.56367,0.52705,5.9574,0
1.7574,1.6405,0.55137,0.53944,5.9705,0
1.8188,1.6944,0.53361,0.54512,5.9878,0
1.8626,1.749,0.53678,0.47405,6.0095,0
1.9176,1.7964,0.541,0.48405,6.0174,0
1.9629,1.8448,0.53295,0.45233,6.0347,0
2.0176,1.89,0.53393,0.47065,6.0546,0
2.0659,1.9371,0.53045,0.45722,6.0702,0
2.1124,1.9828,0.51243,0.44303,6.0839,0
2.1554,2.0271,0.52967,0.4241,6.1069,0
2.199,2.0695,0.59719,0.41496,6.1301,0
2.2684,2.111,0.68912,0.48901,6.1434,0
2.3438,2.1599,0.81438,0.55139,6.1634,0
2.3438,2.215,0,0.6176,6.179,1.7275
2.5153,2.2768,1.0497,0.66007,6.2171,0
2.6203,2.3428,1.1001,0.73384,6.2332,0
2.7212,2.4162,1.1161,0.76906,6.2624,0
2.8308,2.4931,1.0983,0.81216,6.2973,0
2.9453,2.5743,1.0669,0.85116,6.3422,0
3.0586,2.6594,1.023,0.87107,6.3729,0
3.1634,2.7465,0.98606,0.86678,6.4125,0
3.256,2.8332,0.94882,0.83897,6.449,0
3.3499,2.9171,0.91558,0.82182,6.4835,0
3.44,2.9993,0.90891,0.80259,6.5178,0
3.5348,3.0795,0.94299,0.79719,6.553,0
3.6293,3.1593,0.98337,0.79323,6.5953,0
3.7196,3.2386,1.0347,0.78488,6.653,0
3.8302,3.3171,1.0938,0.80893,6.6943,0
3.941,3.398,1.127,0.82723,6.7398,0
4.0594,3.4807,1.134,0.85374,6.8013,0
4.1649,3.5661,1.1172,0.85548,6.8655,0
4.2817,3.6516,1.0341,0.87263,6.9312,0
4.3849,3.7389,0.86706,0.86673,6.9914,0
4.3849,3.8255,0,0.84374,7.0517,1.3584
4.5458,3.9099,0.48155,0.80344,7.1077,0
4.6015,3.9903,0.31738,0.75166,7.1626,0
4.6015,4.0654,0,0.69055,7.22,0.77694
4.6543,4.1345,0.19178,0.61105,7.2783,0
4.6752,4.1956,0.19683,0.55375,7.3327,0
4.6992,4.251,0.20611,0.50874,7.3718,0
4.6992,4.3018,0,0.47017,7.4141,0.35506
4.7453,4.3489,0.21923,0.43692,7.4428,0
4.7641,4.3926,0.22104,0.40499,7.4901,0
4.7774,4.4331,0.20988,0.37116,7.5261,0
4.7979,4.4702,0.21171,0.35018,7.5684,0
4.8155,4.5052,0.21202,0.32871,7.6057,0
4.8341,4.5381,0.19356,0.31099,7.638,0
4.8606,4.5692,0.17856,0.30398,7.6766,0
4.8726,4.5996,0.17883,0.28234,7.6971,0
4.8835,4.6278,0.15916,0.26261,7.7276,0
4.9023,4.654,0.11792,0.25311,7.7443,0
4.9149,4.6794,0.049328,0.23856,7.766,0
4.9121,4.7032,0.0028225,0.21024,7.7854,0.034986
4.9141,4.7242,-0.038718,0.18994,7.7972,0.13715
4.9162,4.7432,-0.076498,0.17239,7.8218,0.23603
4.9043,4.7605,-0.15805,0.14278,7.8456,0.47285
4.8939,4.7747,-0.27051,0.11794,7.8613,0.8559
4.8633,4.7865,-0.41582,0.075853,7.8791,1.4289
4.8164,4.7941,-0.57429,0.021939,7.886,2.1585
4.757,4.7963,-0.72718,-0.010979,7.8843,3.1312
4.678,4.7952,-0.80276,-0.032806,7.8728,3.8342
4.599,4.7919,-0.81971,-0.054216,7.8511,4.1372
4.5211,4.7865,-0.80734,-0.074742,7.8351,4.2163
4.5211,4.779,0,-0.094348,7.8089,0.33309
4.3644,4.7696,-0.60992,-0.11524,7.7694,3.1875
4.2956,4.7581,-0.46104,-0.13236,7.7281,2.459
4.2448,4.7449,-0.30362,-0.14389,7.6884,1.7834
4.2239,4.7305,-0.14136,-0.14701,7.6335,1.1736
4.2047,4.7158,-0.035019,-0.14957,7.5795,0.85203
4.202,4.7008,-0.014179,-0.14679,7.5383,0.77418
4.2016,4.6861,-0.019191,-0.14341,7.4968,0.76341
4.1912,4.6718,-0.056246,-0.14306,7.4562,0.85716
4.1942,4.6575,-0.11422,-0.13906,7.4033,0.99944
4.1924,4.6436,-0.19489,-0.13635,7.359,1.2464
4.1658,4.6299,-0.27723,-0.14104,7.3203,1.5783
4.1307,4.6158,-0.34992,-8.8,7.265,0
4.1031,3.7358,-0.39942,0.51069,7.268,2.4999
4.0678,3.7869,-0.43774,0.38334,7.3001,2.3527
4.0162,3.8252,-0.43504,0.25695,7.3222,2.0009
3.9747,3.8509,-0.41168,0.16478,7.33,1.661
3.9276,3.8674,-0.38165,0.079709,7.3372,1.342
3.8937,3.8754,-0.34859,0.024187,7.338,1.0983
3.854,3.8778,-0.32034,-0.0059518,7.3384,0.99174
3.8306,3.8772,-0.29118,-0.01167,7.3245,0.92384
3.7921,3.876,-0.27368,-0.021038,7.3226,0.92928
3.7555,3.8739,-0.25446,-0.029731,7.3119,0.92342
3.7203,3.871,-0.20232,-0.03789,7.303,0.80082
3.6972,3.8672,-0.12698,-0.042847,7.2868,0.5964
3.6765,3.8629,-0.028264,-0.047203,7.2617,0.35535
3.6765,3.8582,0,-0.04804,7.2433,0.27565
3.6689,3.8534,0.16685,-0.04698,7.2241,0
3.689,3.8487,0.21576,-0.04081,7.2043,0
3.7115,3.8446,0.2508,-0.034108,7.1854,0
3.7427,3.8412,0.25662,-0.025289,7.1754,0
3.7602,3.8386,0.26918,-0.020162,7.1647,0
3.7602,3.8366,0,-0.013672,7.157,0.12927
3.8031,3.8353,0.25848,-0.0082955,7.1482,0
3.8194,3.8344,0.25882,-0.0038602,7.1547,0
3.8546,3.834,0.27231,0.026931,7.1555,0
3.8891,3.8367,0.27613,0.068599,7.1516,0
3.9075,3.8436,0.27751,0.083661,7.1614,0
3.9075,3.852,0,0.10137,7.1674,0.1128
3.9512,3.8621,0.32225,0.11596,7.1791,0
3.9822,3.8737,0.33606,0.14055,7.1846,0
4.0136,3.8878,0.36134,0.16235,7.1995,0
4.0575,3.904,0.38267,0.19709,7.2142,0
