13.889,13.889,-2.0202,0,35.5,19.715
13.68,13.889,-2.1024,-0.015341,35.488,22.847
13.68,13.887,0,-0.030502,35.467,0.37246
13.247,13.884,-2.4545,-0.047053,35.416,35.089
13,13.88,-2.5932,-0.065164,35.333,41.205
12.743,13.873,-2.735,-0.084078,35.232,47.97
12.468,13.865,-2.8644,-0.10442,35.108,54.832
12.189,13.854,-2.9347,-0.12537,34.945,59.557
11.904,13.842,-3.0335,-0.14696,34.764,65.673
11.603,13.827,-3.1302,-0.17023,34.547,71.989
11.296,13.81,-3.1901,-0.19436,34.308,76.702
10.978,13.791,-3.2018,-0.21994,34.042,79.133
10.658,13.769,-3.1765,-0.24634,33.75,79.784
10.34,13.744,-3.1696,-0.27332,33.43,81.295
10.018,13.717,-3.1453,-0.30155,33.077,82.002
9.7119,13.686,-3.166,-0.32966,32.688,84.66
9.4033,13.653,-3.1646,-0.35912,32.272,86.28
9.0927,13.618,-3.2221,-0.39005,31.828,90.591
8.7753,13.579,-3.2225,-0.42276,31.37,92.266
8.4563,13.536,-3.2678,-0.4573,30.882,96.003
8.1244,13.491,-3.2692,-0.49509,30.358,97.703
7.7993,13.441,-3.2907,-0.53416,29.813,100.26
7.4782,13.388,-3.3003,-0.57537,29.236,102.16
7.1508,13.33,-3.3218,-0.62017,28.623,104.6
6.8201,13.268,-3.3008,-0.66829,27.985,104.99
6.4952,13.201,-3.2696,-0.71873,27.331,35.951
6.1696,13.129,-3.2244,-0.77334,26.645,35.927
5.8492,13.052,-3.1425,-0.83114,25.942,35.87
5.5411,12.969,-3.0428,-0.8918,25.219,35.754
5.2282,12.88,-2.9518,-0.95926,24.456,35.564
4.9305,12.784,-2.855,-1.0304,23.675,35.29
4.6446,12.681,-2.7537,-1.1054,22.885,34.933
4.3631,12.57,-2.6298,-1.1877,22.065,34.498
4.1091,12.451,-2.5138,-1.2722,21.243,33.947
3.8613,12.324,-2.3866,-1.3654,20.392,33.29
3.6265,12.188,-2.2463,-1.4642,19.541,32.532
3.4097,12.041,-2.1229,-1.5692,18.683,31.634
3.2001,11.884,-1.9925,-1.684,17.813,30.607
3.0108,11.716,-1.8752,-1.8043,16.949,29.437
2.8149,11.536,-1.7567,-1.9397,16.075,28.122
2.644,11.342,-1.6739,-2.0816,15.207,26.636
2.485,11.133,-1.6147,-2.2364,14.335,24.987
2.3312,10.91,-1.6123,-2.4051,13.47,23.207
2.1632,10.669,-1.6247,-2.5957,12.61,21.338
1.9931,10.41,-1.6507,-2.8031,11.768,19.427
1.8242,10.129,-1.6663,-3.0314,10.935,17.471
1.8242,9.8262,0,-3.2821,10.12,10.367
1.8242,9.498,0,-5.2,9.336,7.2601
1.3484,8.978,-1.336,-5.2,8.5275,7.5215
1.2217,8.458,-1.1255,-5.2,7.7907,6.273
1.1191,7.938,-0.90959,-5.2,7.0952,4.9636
1.0273,7.418,-0.71861,-5.2,6.4427,3.6845
1.0273,6.898,0,-5.2,5.8296,1.8156
0.90285,6.378,-0.41938,-5.2,5.2652,1.1802
0.86494,5.858,-0.33494,-8.8,4.7321,0
0.83899,4.978,-0.288,-8.8,4.284,0
0.80895,4.098,-0.27502,-8.8,3.9043,0
0.79004,3.218,-0.30837,-8.8,3.6148,0
0.7552,2.338,-0.33908,-8.8,3.4084,0
0.71959,1.458,-0.35991,-8.8,3.2917,0
0.67535,0.57802,-0.37636,-8.8,3.2515,0
0.64458,0,-0.39835,-8.8,3.3022,0
0.60175,0,-0.42544,-8.8,3.4024,0
0.55945,0,-0.45352,-8.8,3.514,0
0.50471,0,-0.48238,-8.8,3.6029,0
0.44661,0,-0.50189,-8.8,3.6923,0
0.39939,0,-0.50746,-8.8,3.7704,0
0.39939,0,0,-8.8,3.8543,0
0.29382,0,-0.47146,-8.8,3.9258,0
0.24535,0,-0.42129,-8.8,3.9918,0
0.1979,0,-0.33158,-8.8,4.0577,0
0.17226,0,-0.22951,-8.8,4.1234,0
0.15303,0,-0.13487,-8.8,4.1916,0
0.14466,0,-0.049497,-8.8,4.2478,0
0.13414,0,0.0078951,-8.8,4.3069,0
0.12856,0,0.026874,-8.8,4.3606,0
0.1284,0,0.032514,-8.8,4.4163,0
0.14042,0,0.071972,-8.8,4.4734,0
0.1564,0,0.111,-8.8,4.5337,0
0.16632,0,0.15078,-8.8,4.5935,0
0.18949,0,0.16845,-8.8,4.6632,0
0.21048,0,0.15382,-8.8,4.7187,0
0.21652,0,0.094673,-8.8,4.7927,0
0.21652,0,0,-8.8,4.8583,0
0.22388,0,-0.044247,-8.8,4.9337,0
0.22091,0,-0.09683,-0.09683,5.001,0
0.22091,0,0,-0.11342,5.0236,0
0.19996,0,-0.11995,-0.11995,5.0529,0
0.19436,0,-0.12376,-0.12376,5.0704,0
0.18641,0,-0.11646,-0.11646,5.0954,0
0.17357,0,-0.10082,-0.10082,5.1234,0
0.15796,0,-0.088085,-0.088085,5.1353,0
0.1439,0,-0.08316,-0.08316,5.159,0
0.13403,0,-0.066792,-0.066792,5.1715,0
0.12746,0,-0.036317,-0.036317,5.1768,0
0.11643,0,0.0054209,0.0054209,5.183,0
0.109,0.00054209,0.046741,0.046741,5.1859,0
0.1227,0.0052161,0.10586,0.10586,5.1984,0
0.13913,0.015802,0.16348,0.16348,5.2113,0
0.15977,0.032151,0.20262,0.20262,5.2232,0
0.17071,0.052413,0.22214,0.22214,5.2345,0
0.17071,0.074627,0,0.23141,5.2452,0.3718
0.21694,0.097768,0.23211,0.23211,5.2618,0
0.23548,0.12098,0.22029,0.22029,5.2813,0
0.25084,0.14301,0.20789,0.20789,5.2987,0
0.25084,0.1638,0,0.20616,5.3084,0.31998
0.3004,0.18441,0.22285,0.22285,5.321,0
0.31557,0.2067,0.24345,0.24345,5.3363,0
0.31557,0.23104,0,0.26478,5.346,0.50325
0.35945,0.25752,0.28746,0.28746,5.3679,0
0.39186,0.28627,0.30522,0.30522,5.3845,0
0.43234,0.31679,0.3058,0.3058,5.3907,0
0.45675,0.34737,0.29323,0.29323,5.3941,0
0.49547,0.37669,0.27125,0.27125,5.3996,0
0.52786,0.40382,0.22152,0.22152,5.4069,0
0.54655,0.42597,0.14598,0.14598,5.4113,0
0.56982,0.44057,0.071848,0.071848,5.4322,0
0.56982,0.44775,0,-0.00068231,5.4448,0
0.56982,0.44768,0,-0.065356,5.457,0
0.56982,0.44115,0,-0.09873,5.4696,0
0.55478,0.43127,-0.10413,-0.10413,5.4789,0
0.55434,0.42086,-0.11071,-0.11071,5.4826,0
0.54735,0.40979,-0.11656,-0.11656,5.4987,0
0.53693,0.39814,-0.13201,-0.13201,5.5217,0
0.51604,0.38493,-0.15524,-0.15524,5.5334,0
0.50886,0.36941,-0.18188,-0.18188,5.5471,0
0.49397,0.35122,-0.20451,-0.20451,5.5603,0
0.47538,0.33077,-0.21818,-0.21818,5.5722,0
0.45397,0.30895,-0.21549,-0.21549,5.5887,0
0.42587,0.2874,-0.20293,-0.20293,5.6126,0
0.39923,0.26711,-0.19782,-0.19782,5.6285,0
0.38095,0.24733,-0.19372,-0.19372,5.6401,0
0.35799,0.22796,-0.18651,-0.18651,5.6605,0
0.34752,0.2093,-0.19216,-0.19216,5.6709,0
0.32911,0.19009,-0.20291,-0.20291,5.6897,0
0.30116,0.1698,-0.20496,-0.20496,5.6964,0
0.30116,0.1493,0,-0.19845,5.7106,0
0.30116,0.12946,0,-0.19092,5.7268,0
0.25063,0.11036,-0.16639,-0.16639,5.7532,0
0.23979,0.093724,-0.13821,-0.13821,5.7645,0
0.23405,0.079903,-0.11823,-0.11823,5.782,0
0.22305,0.06808,-0.10699,-0.10699,5.7909,0
0.20651,0.057381,-0.093242,-0.093242,5.8127,0
0.20411,0.048057,-0.089085,-0.089085,5.8358,0
0.18746,0.039148,-0.089146,-0.089146,5.8495,0
0.1763,0.030234,-0.082669,-0.082669,5.8691,0
0.16261,0.021967,-0.071352,-0.071352,5.8797,0
0.16261,0.014832,0,-0.070312,5.8941,0
0.14064,0.0078004,-0.03679,-0.03679,5.9154,0
0.1409,0.0041214,0.024251,0.024251,5.9258,0
0.14726,0.0065465,0.10416,0.10416,5.9445,0
0.15387,0.016963,0.18361,0.18361,5.9524,0
0.15387,0.035324,0,0.26647,5.9651,0.42187
0.19574,0.061971,0.31554,0.31554,5.9811,0
0.22461,0.093524,0.3196,0.3196,5.9913,0
0.22461,0.12548,0,0.27816,6.0028,0.50807
0.26736,0.1533,0.21837,0.21837,6.0267,0
0.2934,0.17514,0.15196,0.15196,6.0289,0
0.30311,0.19033,0.078438,0.078438,6.0336,0
0.31499,0.19818,0.010572,0.010572,6.0514,0
0.32466,0.19923,-0.036315,-0.036315,6.0659,0
0.31212,0.1956,-0.065876,-0.065876,6.0764,0
0.30567,0.18902,-0.073334,-0.073334,6.0782,0
0.30549,0.18168,-0.019214,-0.019214,6.0891,0
0.30549,0.17976,0,0.079696,6.1015,0
0.32436,0.18773,0.19471,0.19471,6.1115,0
0.33882,0.2072,0.29685,0.29685,6.1237,0
0.36271,0.23689,0.37916,0.37916,6.127,0
0.4094,0.2748,0.39929,0.39929,6.131,0
0.44771,0.31473,0.38579,0.38579,6.1457,0
0.48233,0.35331,0.35645,0.35645,6.1554,0
0.522,0.38896,0.34252,0.34252,6.1749,0
0.522,0.42321,0,0.33292,6.1865,0.68956
0.58066,0.4565,0.3362,0.3362,6.2084,0
0.61224,0.49012,0.34709,0.34709,6.2144,0
0.64472,0.52483,0.36848,0.36848,6.2244,0
0.68122,0.56168,0.42158,0.42158,6.2399,0
0.72364,0.60383,0.52734,0.52734,6.255,0
0.78314,0.65657,0.69581,0.69581,6.2628,0
0.8488,0.72615,0.91718,0.91718,6.2679,0
0.94482,0.81787,1.175,1.175,6.2806,0
1.0573,0.93536,1.41,1.5064,6.2937,0
1.0573,1.086,0,1.1188,6.2984,5.0168
1.3646,1.1979,1.6909,1.3713,6.3357,0
1.5293,1.335,1.7511,1.3352,6.3462,0
1.6944,1.4685,1.7785,1.3268,6.3613,0
1.8745,1.6012,1.7912,1.3938,6.3854,0
2.0604,1.7406,1.8089,1.4266,6.4239,0
2.2395,1.8833,1.8066,1.4018,6.467,0
2.4218,2.0234,1.7752,1.3978,6.5068,0
2.6092,2.1632,1.7151,1.4059,6.5392,0
2.7832,2.3038,1.6602,1.3705,6.5937,0
2.9514,2.4409,1.6078,1.3358,6.6522,0
3.1096,2.5744,1.5468,1.2915,6.7136,0
3.1096,2.7036,0,1.2509,6.7607,4.0791
3.4043,2.8287,1.4864,1.2038,6.8207,0
3.5506,2.9491,1.5007,1.1839,6.8895,0
3.6956,3.0674,1.5241,1.1665,6.9496,0
3.8405,3.1841,1.5784,1.1557,7.02,0
3.991,3.2997,1.6495,1.1581,7.0974,0
4.1657,3.4155,1.6876,1.1983,7.1771,0
4.344,3.5353,1.6921,1.2325,7.2645,0
4.5114,3.6586,1.6798,1.2404,7.3499,0
4.6764,3.7826,1.6685,1.2429,7.4392,0
4.8399,3.9069,1.6409,1.2419,7.5253,0
5.0018,4.0311,1.6364,1.2407,7.6249,0
5.1673,4.1551,1.6358,1.2434,7.7194,0
5.3282,4.2795,1.6108,1.2411,7.8236,0
5.4924,4.4036,1.5764,1.2439,7.9337,0
5.6534,4.528,1.5474,1.2423,8.0435,0
5.6534,4.6522,0,1.2358,8.1498,1.7592
5.9671,4.7758,1.4371,1.2362,8.2926,0
6.1104,4.8994,1.4224,1.2193,8.4106,0
6.2516,5.0214,1.3371,1.2035,8.5268,0
6.3823,5.1417,1.2748,1.1808,8.6435,0
6.517,5.2598,1.2384,1.1676,8.7742,0
6.6474,5.3765,1.2573,1.1513,8.8919,0
6.7764,5.4917,1.2834,1.1384,9.0249,0
6.9089,5.6055,1.3719,1.1296,9.148,0
7.0428,5.7185,1.4426,1.1237,9.2736,0
7.185,5.8308,1.4816,1.1269,9.411,0
7.3243,5.9435,1.4575,1.128,9.5551,0
7.462,6.0563,1.4143,1.1283,9.7041,0
7.6112,6.1692,1.3572,1.1374,9.8509,0
7.7552,6.2829,1.3076,1.1407,9.9912,0
7.8781,6.397,1.2635,1.1276,10.133,0
7.8781,6.5097,0,1.1235,10.275,0.032932
8.1322,6.6221,1.2822,1.1134,10.429,0
8.2599,6.7334,1.2744,1.108,10.573,0
8.3792,6.8442,1.2713,1.0983,10.728,0
8.5103,6.954,1.2087,1.0981,10.881,0
8.6335,7.0638,1.154,1.0933,11.045,0
8.7437,7.1732,1.0758,1.0805,11.211,0
8.8436,7.2812,1.0715,1.0614,11.368,0
8.9501,7.3874,1.0124,1.0483,11.516,0
9.0516,7.4922,0.97625,1.0341,11.673,0
9.1512,7.5956,0.87319,1.0204,11.831,0
9.2433,7.6977,0.77777,1.0036,11.993,0
9.3172,7.798,0.67484,0.97697,12.155,0
9.3797,7.8957,0.62924,0.94544,12.313,0
9.4374,7.9903,0.58687,0.91328,12.458,0
9.5014,8.0816,0.57575,0.88792,12.596,0
9.5649,8.1704,0.58425,0.86469,12.735,0
9.6229,8.2569,0.60458,0.83995,12.866,0
9.6889,8.3408,0.63226,0.82231,12.996,0
9.7537,8.4231,0.66853,0.80584,13.131,0
9.8209,8.5037,0.71135,0.79171,13.254,0
9.8869,8.5828,0.72025,0.77869,13.389,0
9.8869,8.6607,0,0.77541,13.515,0
10.035,8.7382,0.69315,0.76484,13.654,0
10.099,8.8147,0.74477,0.75285,13.786,0
10.173,8.89,0.81825,0.74745,13.912,0
10.251,8.9648,0.87955,0.74461,14.035,0
10.34,9.0392,0.93503,0.74918,14.172,0
10.442,9.1141,0.9615,0.76081,14.303,0
10.442,9.1902,0,0.76973,14.432,0
10.645,9.2672,0.94313,0.7807,14.575,0
10.743,9.3453,0.92152,0.78796,14.722,0
10.844,9.4241,0.89915,0.79627,14.868,0
10.844,9.5037,0,0.79475,15.006,0
11.01,9.5832,0.89078,0.79094,15.141,0
11.1,9.6623,0.88622,0.79298,15.289,0
11.185,9.7416,0.87953,0.79164,15.432,0
11.279,9.8207,0.90285,0.79579,15.584,0
11.376,9.9003,0.91636,0.80088,15.722,0
11.473,9.9804,0.90728,0.80552,15.862,0
11.562,10.061,0.89619,0.8059,16.005,0
11.651,10.142,0.9022,0.80603,16.146,0
11.743,10.222,0.88045,0.80763,16.294,0
11.839,10.303,0.87895,0.8118,16.443,0
11.923,10.384,0.88474,0.80939,16.6,0
12.017,10.465,0.87667,0.8124,16.746,0
12.097,10.546,0.86276,0.80788,16.905,0
12.18,10.627,0.86927,0.80539,17.064,0
12.27,10.708,0.84575,0.80706,17.224,0
12.351,10.788,0.83576,0.80377,17.387,0
12.351,10.869,0,0.79664,17.54,0
12.5,10.948,0.85705,0.79064,17.695,0
12.58,11.027,0.85682,0.7882,17.849,0
12.664,11.106,0.85465,0.78703,18.002,0
12.747,11.185,0.84963,0.78647,18.164,0
12.747,11.264,0,0.78657,18.316,0
12.922,11.342,0.78534,0.78923,18.484,0
12.992,11.421,0.73326,0.78197,18.65,0
13.068,11.499,0.69659,0.77754,18.805,0
13.134,11.577,0.65849,0.76916,18.966,0
13.206,11.654,0.64449,0.76338,19.117,0
13.269,11.73,0.65539,0.75383,19.264,0
13.334,11.806,0.67624,0.74599,19.416,0
13.397,11.88,0.71117,0.73712,19.56,0
13.465,11.954,0.70379,0.73215,19.713,0
13.543,12.027,0.67527,0.73173,19.858,0
13.608,12.1,0.66278,0.72519,20.008,0
13.674,12.173,0.65345,0.71995,20.16,0
13.742,12.245,0.61266,0.71555,20.315,0
13.807,12.316,0.60309,0.71058,20.471,0
13.868,12.388,0.59891,0.7035,20.622,0
13.921,12.458,0.57608,0.69306,20.765,0
13.973,12.527,0.42598,0.68305,20.915,0
14.012,12.596,0.26585,0.66662,21.051,0
14.038,12.662,0.13939,0.64612,21.195,0
14.047,12.727,0.014455,0.61828,21.339,0
14.047,12.789,0,0.58819,21.467,0
14.036,12.847,-0.14456,0.55385,21.592,0
14.029,12.903,-0.15179,0.52311,21.706,0
14.017,12.955,-0.26757,0.49256,21.821,0
14.017,13.004,0,0.45829,21.925,0
13.93,13.05,-1.015,0.40616,22.02,4.1822
13.93,13.091,0,0.33746,22.106,0
13.662,13.125,-2.3182,0.24739,22.159,26.131
13.662,13.149,0,0.12568,22.212,0
13.119,13.162,-3.6574,-0.0064776,22.195,93.656
12.75,13.161,-4.2015,-0.061974,22.173,152.83
12.322,13.155,-4.6386,-0.1262,22.112,222.52
11.857,13.142,-4.9542,-0.19595,22.013,285.43
11.364,13.123,-5.1607,-0.27083,21.858,326.21
10.838,13.096,-5.3146,-0.35207,21.659,28.876
10.838,13.061,0,-0.43662,21.435,4.5661
9.7625,13.017,-5.3946,-0.5258,21.117,29.728
9.2148,12.964,-5.3587,-0.62038,20.76,30.047
8.6749,12.902,-5.2447,-0.71864,20.358,30.249
8.6749,12.83,0,-0.82106,19.939,9.7119
7.6336,12.748,-4.935,-0.92788,19.418,30.331
7.6336,12.655,0,-1.0387,18.911,11.974
6.6656,12.552,-4.5468,-1.1553,18.325,29.939
6.2045,12.436,-4.4653,-1.2808,17.714,29.625
5.7644,12.308,-4.3982,-1.4144,17.065,29.189
5.3279,12.167,-4.3804,-1.5608,16.387,28.672
5.3279,12.01,0,-1.7202,15.711,14.588
4.4692,11.838,-4.1415,-1.8968,14.965,27.079
4.0451,11.649,-3.9037,-2.0908,14.227,25.941
3.6553,11.44,-3.5975,-2.2993,13.462,24.52
3.2862,11.21,-3.2454,-2.5256,12.685,22.843
2.9562,10.957,-2.9806,-2.7682,11.892,21.037
2.658,10.68,-2.7513,-3.0315,11.086,19.07
2.3849,10.377,-2.5922,-3.3176,10.277,17.052
2.12,10.045,-2.4537,-5.7692,9.4724,9.2803
1.8717,9.4685,-2.293,-5.6109,8.6971,8.6018
1.635,8.9075,-2.0569,-5.3789,7.9603,7.9281
1.4391,8.3696,-1.7551,-5.2,7.2558,6.9687
1.4391,7.8496,0,-5.2,6.5887,3.6718
1.1261,7.3296,-0.89983,-5.2,5.942,3.6814
1.0354,6.8096,-0.5127,-5.2,5.348,1.9879
0.99373,6.2896,-0.20391,-5.2,4.7951,0.58836
0.97642,5.7696,0.026941,-8.8,4.2817,0
0.98215,4.8896,0.12962,-8.8,3.8406,0
1.0001,4.0096,0.10797,-8.8,3.4908,0
1.0153,3.1296,0.022757,-8.8,3.2351,0
1.013,2.2496,-0.12647,-8.8,3.0668,0
0.99851,1.3696,-0.29494,-8.8,2.9873,0
0.97712,0.48957,-0.45731,-8.8,2.9991,0
0.93954,0,-0.61,-8.8,3.0927,0
0.87097,0,-0.74147,-8.8,3.2352,0
0.80196,0,-0.82186,-8.8,3.3564,0
0.72848,0,-0.87841,-8.8,3.4755,0
0.64352,0,-0.91663,-8.8,3.5787,0
0.54419,0,-0.91561,-8.8,3.6774,0
0.45649,0,-0.86835,-8.8,3.7648,0
0.37549,0,-0.80921,-8.8,3.8487,0
0.29051,0,-0.74947,-8.8,3.9361,0
0.20586,0,-0.69588,-8.8,4.0084,0
0.12687,0,-0.66111,-8.8,4.0616,0
0.05385,0,-0.64455,-8.8,4.1177,0
-0.017632,0,-0.61185,-8.8,4.1599,0
-0.085571,0,-0.55989,-8.8,4.1967,0
-0.13824,0,-0.50746,-8.8,4.2343,0
-0.18444,0,-0.44753,-8.8,4.2531,0
-0.23329,0,-0.39109,-8.8,4.2688,0
-0.27943,0,-0.35191,-8.8,4.2937,0
-0.30575,0,-0.33508,-8.8,4.3013,0
-0.33179,0,-0.32424,-8.8,4.3036,0
-0.35823,0,-0.31544,-8.8,4.3159,0
-0.35823,0,0,-8.8,4.3241,0
-0.42105,0,-0.20645,-8.8,4.3196,0
-0.45016,0,-0.14329,-8.8,4.3209,0
-0.46864,0,-0.094275,-8.8,4.326,0
-0.47305,0,-0.040876,-8.8,4.3173,0
-0.46869,0,-0.01004,-8.8,4.3231,0
-0.46869,0,0,-8.8,4.3203,0
-0.46869,0,0,-8.8,4.3174,0
-0.46869,0,0,-8.8,4.3145,0
-0.4762,0,-0.034644,-8.8,4.3104,0
-0.4762,0,0,-8.8,4.3068,0
-0.4828,0,-0.038997,-8.8,4.2898,0
-0.4889,0,-0.036928,-8.8,4.2866,0
-0.49825,0,-0.034979,-8.8,4.2752,0
-0.49349,0,-0.037419,-8.8,4.2708,0
-0.49349,0,0,-8.8,4.2655,0
-0.49349,0,0,-8.8,4.2601,0
-0.52352,0,-0.041551,-8.8,4.2331,0
-0.53022,0,-0.043556,-8.8,4.2208,0
-0.53341,0,-0.039396,-8.8,4.2162,0
-0.53569,0,-0.0401,-8.8,4.2161,0
-0.54846,0,-0.036978,-8.8,4.2005,0
-0.54263,0,-0.034914,-8.8,4.1965,0
-0.54614,0,-0.036318,-8.8,4.1822,0
-0.54793,0,-0.037836,-8.8,4.1628,0
-0.54747,0,-0.034037,-8.8,4.1446,0
-0.55835,0,-0.038647,-8.8,4.1354,0
-0.55835,0,0,-8.8,4.1236,0
-0.55835,0,0,-8.8,4.1118,0
-0.57075,0,0.087068,-8.8,4.0939,0
-0.57075,0,0,-8.8,4.0808,0
-0.53941,0,0.29498,-8.8,4.0668,0
-0.51312,0,0.39801,-8.8,4.0611,0
-0.46408,0,0.45628,-8.8,4.0592,0
-0.46408,0,0,-8.8,4.0568,0
-0.37648,0,0.5035,-8.8,4.0831,0
-0.32761,0,0.6145,-8.8,4.0999,0
-0.25872,0,0.79673,-8.8,4.1216,0
-0.18168,0,1.0508,-8.8,4.1535,0
-0.082876,0,1.3365,-8.8,4.1787,0
0.05877,0,1.5541,-8.8,4.2216,0
0.21056,0,1.6835,-8.8,4.2841,0
0.37071,0,1.7568,-8.8,4.3617,0
0.55302,0,1.7918,-8.8,4.4538,0
0.72336,0,1.809,-8.8,4.5657,0
0.90435,0,1.852,-8.8,4.683,0
1.096,0,1.9294,-8.8,4.823,0
1.2858,0,2.0082,-8.8,4.9947,0
1.4877,0,2.0567,2.0567,5.1822,0
1.6857,0.20567,2.1001,2.1001,5.3378,0
1.8881,0.41568,2.1202,2.1202,5.4839,0
1.8881,0.6277,0,2.1124,5.6205,6.1448
2.3157,0.83894,2.099,2.099,5.7765,0
2.5301,1.0488,2.0627,4.9,5.93,7.9853
2.7289,1.5388,2.0024,4.9,6.068,9.6695
2.9334,2.0288,1.9693,3.0179,6.1794,0.84533
3.1242,2.3306,1.9585,2.1278,6.2704,0
3.3244,2.5434,1.9539,1.8319,6.3563,0
3.5235,2.7266,1.9782,1.6843,6.4426,0
3.7134,2.895,2.0289,1.583,6.5261,0
3.924,3.0533,2.0671,1.5592,6.6137,0
4.1375,3.2092,2.0881,1.5465,6.6958,0
4.3364,3.3639,2.091,1.5157,6.785,0
4.3364,3.5155,0,1.5175,6.8747,4.0472
4.7498,3.6672,2.0454,1.498,6.9806,0
4.953,3.817,2.0308,1.4907,7.0895,0
5.1619,3.9661,2.0496,1.4922,7.1998,0
5.3583,4.1153,2.093,1.4817,7.329,0
5.5762,4.2635,2.1678,1.4992,7.4642,0
5.5762,4.4134,0,1.5166,7.588,2.6935
6.0316,4.565,2.2601,1.5417,7.731,0
6.2488,4.7192,2.2566,1.5491,7.8902,0
6.4656,4.8741,2.1975,1.553,8.0409,0
6.4656,5.0294,0,1.5663,8.1923,1.9425
6.9103,5.1861,2.1103,1.5714,8.3658,0
7.1302,5.3432,2.0763,1.5781,8.5399,0
7.1302,5.501,0,1.5704,8.7107,1.2614
7.5376,5.658,2.0238,1.5673,8.9147,0
7.7432,5.8148,1.9878,1.5655,9.1058,0
7.941,5.9713,1.9033,1.5573,9.2913,0
8.1381,6.1271,1.7913,1.5515,9.486,0
8.3222,6.2822,1.7074,1.5376,9.6845,0
8.4851,6.436,1.4992,1.5101,9.8807,0
