0,0,0.34191,0,35.5,0
0,0,0,7.8,35.5,59.103
0.065355,0.78,0.33447,7.8,35.459,72.514
0.090976,1.56,0.35833,7.8,35.346,77.269
0.1208,2.34,0.40491,7.8,35.159,81.56
0.17125,3.12,0.46329,7.8,34.903,85.477
0.17125,3.9,0,7.8,34.569,100.87
0.28728,4.68,0.57172,7.8,34.155,93.388
0.34903,5.46,0.57884,7.8,33.685,98.298
0.41589,6.24,0.55476,6.7,33.133,90.276
0.47632,6.91,0.486,6.7,32.516,95.957
0.52783,7.58,0.34944,6.7,31.846,103.22
0.52783,8.25,0,-0.40056,31.107,31.664
0.5848,8.2099,0.030555,-0.41189,30.338,30.572
0.58533,8.1688,-0.11336,-0.42467,29.585,32.167
0.5772,8.1263,-0.22275,-0.43867,28.831,33.379
0.56258,8.0824,-0.27304,-0.45389,28.075,33.78
0.53159,8.037,-0.28304,-0.47063,27.333,30.272
0.51147,7.99,-0.2941,-0.48791,26.582,29.845
0.51147,7.9412,0,-0.50698,25.836,28.918
0.45231,7.8905,-0.28316,-0.52654,25.092,29.106
0.4321,7.8378,-0.26839,-0.54666,24.357,28.732
0.4321,7.7832,0,-0.56825,23.619,27.877
0.37812,7.7263,-0.23738,-0.59194,22.885,27.938
0.37812,7.6671,0,-0.6161,22.153,27.069
0.3418,7.6055,-0.23645,-0.64166,21.419,26.906
0.32002,7.5414,-0.26073,-0.6694,20.687,26.272
0.294,7.4744,-0.29509,-0.69901,19.966,25.598
0.2655,7.4045,-0.33397,-0.73053,19.252,24.905
0.23551,7.3315,-0.37097,-0.76488,18.534,24.202
0.20498,7.255,-0.39715,-0.80079,17.832,23.517
0.16175,7.1749,-0.40396,-0.84064,17.135,22.864
0.11345,7.0908,-0.39701,-0.88373,16.445,22.211
0.070062,7.0025,-0.3869,-0.92989,15.753,21.515
0.033937,6.9095,-0.37654,-0.97777,15.072,20.776
-0.0052972,6.8117,-0.37611,-1.0319,14.378,20.541
-0.039937,6.7085,-0.36506,-1.0877,13.704,20.26
-0.08441,6.5998,-0.28603,-1.1508,13.027,19.83
-0.11035,6.4847,-0.16636,-1.2145,12.363,19.261
-0.13605,6.3632,-0.098101,-1.2829,11.708,18.778
-0.15075,6.2349,-0.044314,-1.3535,11.065,18.284
-0.14708,6.0996,0.027291,-1.4237,10.438,17.701
-0.13735,5.9572,0.043574,-1.4954,9.8278,17.204
-0.14265,5.8077,-0.010405,-1.576,9.228,16.852
-0.14265,5.6501,0,-1.6602,8.6409,16.331
-0.1484,5.4841,0.031193,-1.7522,8.0626,15.743
-0.14108,5.3088,0.026402,-8.8,7.5059,0.5699
-0.14446,4.4288,-0.008808,-8.8,7.0051,0
-0.14125,3.5488,0.0066857,-8.8,6.5925,0
-0.1476,2.6688,0.033544,-8.8,6.2725,0
-0.13843,1.7888,0.037814,-0.28772,6.0431,11.211
-0.13723,1.7601,0.072902,-8.8,5.8485,0
-0.12407,0.88007,0.13593,-0.076748,5.6996,9.5556
-0.11731,0.8724,0.18657,0.18657,5.5951,9.9729
-0.098191,0.89105,0.22796,-0.081142,5.5053,9.3225
-0.085086,0.88294,0.26889,-8.8,5.4109,0
-0.050549,0.0029405,0.29274,0.29274,5.3595,8.0537
-0.023946,0.032215,0.30736,0.30736,5.3606,8.0592
0.0058256,0.062951,0.31478,0.31478,5.347,0.11885
0.046321,0.094429,0.31493,0.31493,5.3499,0.099856
0.046321,0.12592,0,0.2929,5.3435,1.0376
0.11509,0.15521,0.24995,0.24995,5.3466,0.083128
0.13612,0.18021,0.17707,0.17707,5.3439,0.091471
0.1569,0.19791,0.086182,0.086182,5.3448,0.085054
0.17502,0.20653,-0.0062903,-0.0062903,5.3385,0.065187
0.16922,0.2059,-0.072654,-0.072654,5.3407,0.076017
0.15887,0.19864,-0.11081,-0.11081,5.3393,0.081519
0.14619,0.18756,-0.11416,-0.11416,5.3361,0.0848
0.14619,0.17614,0,-0.099533,5.3326,0
0.11311,0.16619,-0.077939,-0.077939,5.3237,0.10883
0.10924,0.15839,-0.067378,-0.067378,5.3231,0.101
0.10583,0.15166,-0.067202,-0.067202,5.3237,0.094051
0.090803,0.14494,-0.074206,-0.074206,5.3272,0.11097
0.075111,0.13752,-0.083709,-0.083709,5.3278,0.12793
0.058792,0.12914,-0.094047,-0.094047,5.3136,0.14422
0.049468,0.11974,-0.10371,-0.10371,5.3114,0.14406
0.042229,0.10937,-0.1089,-0.1089,5.3125,0.13764
0.042229,0.098479,0,-0.1188,5.3063,0
0.020057,0.086599,-0.12629,-0.12629,5.3097,0.13641
0.0028798,0.073969,-0.13598,-0.13598,5.3063,0.14573
-0.018427,0.060372,-0.15105,-0.15105,5.2896,0.16154
-0.037109,0.045267,-0.16705,-0.16705,5.2812,0.16887
-0.046572,0.028562,-0.18461,-0.18461,5.2722,0.15403
-0.056784,0.010101,-0.15929,-0.15929,5.2627,0.13711
-0.071461,0,-0.098097,-0.098097,5.2469,0.14649
-0.078615,0,-0.053573,-0.053573,5.2415,0.16116
-0.084431,0,-0.028384,-0.028384,5.2397,0.17308
-0.083893,0,0.021338,0.021338,5.2255,0.17198
-0.088625,0.0021338,0.040231,0.040231,5.2137,0.18606
-0.083866,0.0061569,0.0047422,0.0047422,5.1965,0.18455
-0.073644,0.0066311,-0.0042495,-0.0042495,5.1847,0.16456
-0.071613,0.0062061,0.023619,0.023619,5.1829,0.15953
-0.062017,0.0085681,0.023843,0.023843,5.1654,0.1447
-0.051217,0.010952,0.00046179,0.00046179,5.1566,0.12745
-0.053937,0.010999,0.014574,0.014574,5.1489,0.13312
-0.062083,0.012456,0.030318,0.030318,5.1521,0.1528
-0.053585,0.015488,0.011898,0.011898,5.1467,0.1416
-0.053585,0.016678,0,0.011223,5.1397,0.16762
-0.056699,0.0178,0.028108,0.028108,5.1304,0.15272
-0.044359,0.020611,0.021133,0.021133,5.1146,0.13319
-0.05113,0.022724,0.0096907,0.0096907,5.0986,0.1514
-0.044072,0.023693,0.025212,0.025212,5.0895,0.13892
-0.047602,0.026214,0.030575,0.030575,5.0804,0.15132
-0.053527,0.029272,0.019977,0.019977,5.0635,0.16974
-0.045254,0.031269,0.023802,0.023802,5.0526,0.15687
-0.050204,0.03365,0.032555,0.032555,5.052,0.1719
-0.054366,0.036905,0.022036,0.022036,5.0381,0.18711
-0.060064,0.039109,0.016605,0.016605,5.0198,0.2033
-0.067217,0.040769,0.030753,-8.8,5.0192,0
-0.060488,0,0.02895,0.02895,5.0591,0.124
-0.065508,0.002895,0.018601,0.018601,5.0528,0.14023
-0.061854,0.0047551,0.023065,0.023065,5.0462,0.13655
-0.054801,0.0070615,0.026505,0.026505,5.0461,0.12682
-0.044865,0.0097121,0.014378,0.014378,5.0472,0.11188
-0.034004,0.01115,0.018879,0.018879,5.0494,0.092566
-0.029351,0.013038,0.026966,0.026966,5.0496,0.086897
-0.018107,0.015734,0.022221,0.022221,5.0549,0.069376
-0.025763,0.017956,0.015246,0.015246,5.0501,0.089624
-0.020341,0.019481,0.022266,0.022266,5.0472,0.081634
-0.019285,0.021708,0.018215,0.018215,5.0474,0.084036
-0.023428,0.023529,0.011169,0.011169,5.0373,0.096262
-0.027678,0.024646,0.013193,0.013193,5.0257,0.10726
-0.035824,0.025965,0.015897,-8.8,5.0117,0
-0.043851,0,0.0080212,0.0080212,5.0522,0.089894
-0.039906,0.00080212,0.011354,0.011354,5.0414,0.083452
-0.031755,0.0019375,0.015927,0.015927,5.0309,0.069069
-0.022806,0.0035302,0.01368,0.01368,5.0363,0.053989
-0.022806,0.0048982,0,0.015249,5.0336,0.088835
-0.032074,0.0064231,0.023078,0.023078,5.0234,0.078919
-0.0199,0.0087309,0.020192,0.020192,5.016,0.058694
-0.0089235,0.01075,0.015467,0.015467,5.0108,0.040331
-0.0090721,0.012297,0.016368,0.016368,5.0151,0.043806
-0.010147,0.013934,0.018393,0.018393,5.0125,0.049366
-0.0050218,0.015773,0.012993,-8.8,5.0079,0
-0.0036338,0,0.012802,0.012802,5.0473,0.0074492
-0.0076632,0.0012802,0.018204,0.018204,5.0398,0.018334
-0.0046761,0.0031006,0.021126,0.021126,5.0411,0.015942
-0.006313,0.0052132,0.018844,0.018844,5.0424,0.023629
-0.006313,0.0070976,0,0.022922,5.0411,0.075657
-0.0077057,0.0093898,0.023796,0.023796,5.0433,0.035046
-0.01338,0.011769,0.023118,0.023118,5.0394,0.051557
-0.014964,0.014081,0.026062,0.026062,5.036,0.059544
-0.010255,0.016687,0.026546,0.026546,5.0335,0.055232
-0.013914,0.019342,0.023377,0.023377,5.0276,0.068175
-0.0035577,0.02168,0.026001,0.026001,5.0291,0.051737
-0.0047591,0.02428,0.026458,0.026458,5.0206,0.05953
-0.00021655,0.026926,0.024864,0.024864,5.0198,0.055641
-0.00021655,0.029412,0,-8.8,5.0169,0
0.0017039,0,0.02531,0.02531,5.0493,0
0.0098976,0.002531,0.018409,0.018409,5.0543,0
0.0032646,0.004372,0.020427,0.020427,5.0484,0.0022709
0.0044513,0.0064146,0.017956,0.017956,5.0514,0.0040271
-0.0033392,0.0082102,0.017731,0.017731,5.053,0.023679
-0.0035845,0.0099833,0.013682,0.013682,5.0598,0.027816
0.0044158,0.011351,0.017507,0.017507,5.0527,0.014247
-0.0012762,0.013102,0.015497,0.015497,5.0602,0.029504
-0.0080104,0.014652,0.015497,0.015497,5.0577,0.046486
-0.0080104,0.016201,0,0.012798,5.0554,0.076554
-0.0029924,0.017481,0.017759,0.017759,5.0543,0.042
-0.010059,0.019257,0.019071,0.019071,5.0607,0.060126
-0.007782,0.021164,0.019954,0.019954,5.0541,0.059368
-0.00068943,0.02316,0.021074,0.021074,5.0434,0.048919
-0.00014035,0.025267,0.023337,0.023337,5.0404,0.052114
-0.00086773,0.027601,0.018596,0.018596,5.0411,0.058389
-0.00086773,0.02946,0,0.01638,5.0382,0.096619
0.0045743,0.031098,0.013458,0.013458,5.0359,0.054793
0.0097231,0.032444,0.012786,0.012786,5.0325,0.046885
0.0081417,0.033723,0.013933,0.013933,5.0282,0.05283
0.015541,0.035116,0.017983,0.017983,5.0304,0.040356
0.014726,0.036914,0.01686,0.01686,5.0198,0.045779
0.015617,0.0386,0.018433,-8.8,5.0154,0
0.015617,0,0,0.019778,5.0571,0.0099149
0.021913,0.0019778,0.018643,0.018643,5.0461,0
0.022841,0.0038422,0.020443,0.020443,5.0557,0
0.028094,0.0058865,0.025168,0.025168,5.0505,0
0.028531,0.0084033,0.027437,0.027437,5.05,0
0.033662,0.011147,0.028564,0.028564,5.0599,0
0.03103,0.014003,0.028086,0.028086,5.0633,0
0.025662,0.016812,0.027415,0.027415,5.0581,0
0.033359,0.019553,0.025842,0.025842,5.0624,0
0.033359,0.022138,0,0.028309,5.0637,0.037788
0.039632,0.024969,0.027414,0.027414,5.0683,0
0.035371,0.02771,0.028991,0.028991,5.066,0
0.03837,0.030609,0.028327,0.028327,5.0712,0
0.033781,0.033442,0.029453,0.029453,5.0737,0
0.027789,0.036387,0.023821,0.023821,5.0684,0.017669
0.027789,0.038769,0,0.02472,5.0674,0.076714
0.030363,0.041241,0.026742,0.026742,5.0591,0.022369
0.03402,0.043915,0.027193,0.027193,5.0655,0.020343
0.036628,0.046635,0.024715,0.024715,5.07,0.020572
0.030817,0.049106,0.028537,0.028537,5.0753,0.03769
0.037529,0.05196,0.051298,0.051298,5.0675,0.029704
0.051336,0.05709,0.10464,0.10464,5.0624,0.011813
0.05278,0.067553,0.1714,0.1714,5.0715,0.030408
0.05278,0.084693,0,0.23618,5.0691,0.71321
0.05278,0.10831,0,0.30529,5.0648,1.0152
0.10736,0.13884,0.35139,-8.8,5.0646,0
0.15217,0,0.36577,0.36577,5.1089,0
0.18831,0.036577,0.37053,0.37053,5.1191,0
0.22555,0.07363,0.38023,0.38023,5.144,0
0.25983,0.11165,0.37433,0.37433,5.1635,0
0.30229,0.14909,0.37183,0.37183,5.1745,0
0.34382,0.18627,0.38558,0.38558,5.1915,0
0.38596,0.22483,0.43395,0.43395,5.1989,0
0.42536,0.26822,0.55333,0.55333,5.221,0
0.49031,0.32355,0.80012,0.80012,5.2447,0
0.56388,0.40357,1.1516,1.1516,5.2576,0
0.67074,0.51873,1.565,1.565,5.2652,0
0.82754,0.67522,1.9736,-8.8,5.2819,0
1.0244,0,2.2998,2.2998,5.3508,0
1.0244,0.22998,0,2.469,5.4418,11.137
1.4997,0.47688,2.5114,2.5114,5.5559,0
1.7478,0.72802,2.4802,2.4802,5.6569,0
1.9898,0.97604,2.4026,4.9,5.7491,7.5042
2.2246,1.466,2.298,4.1438,5.845,4.8397
2.2246,1.8804,0,-8.8,5.9001,0
2.2246,1.0004,0,4.9,5.9785,32.206
2.8964,1.4904,1.9206,4.9,6.1668,9.3723
3.0863,1.9804,1.7265,3.8989,6.283,5.6603
3.2676,2.3703,1.5335,2.3779,6.3875,0.18485
3.2676,2.6081,0,1.8425,6.4654,6.927
3.5405,2.7923,1.1326,1.5403,6.5419,0
3.6601,2.9464,0.9461,1.3552,6.6056,0
3.7469,3.0819,0.76295,1.1812,6.6688,0
3.8143,3.2,0.58132,1.0325,6.7262,0
3.8698,3.3033,0.40715,0.91061,6.7891,0.0046007
3.9122,3.3943,0.29913,0.80182,6.8499,0.12967
3.9415,3.4745,0.23842,0.69992,6.9,0.13302
3.9415,3.5445,0,0.60787,6.9432,0.86064
3.9415,3.6053,0,0.53164,6.9799,0.74362
3.9988,3.6585,0.23952,0.47523,7.0193,0
4.0294,3.706,0.22688,0.44396,7.0549,0
4.0563,3.7504,0.21891,0.4128,7.0785,0
4.0783,3.7917,0.26687,0.38114,7.1049,0
4.1051,3.8298,0.39251,0.3616,7.1408,0
4.1386,3.8659,0.55621,0.35393,7.1717,0
4.1881,3.9013,0.72533,0.36742,7.1918,0
4.2589,3.9381,0.93261,0.40665,7.2297,0
4.3462,3.9787,1.1297,0.45959,7.2605,0
4.3462,4.0247,0,0.53543,7.2949,0.8001
4.5947,4.0782,1.3887,0.62684,7.3528,0
4.7295,4.1409,1.5344,0.70085,7.4056,0
4.891,4.211,1.62,0.79358,7.4719,0
5.0462,4.2904,1.6661,0.86263,7.5469,0
5.2165,4.3766,1.688,0.9348,7.617,0
5.2165,4.4701,0,0.98951,7.6963,1.4192
5.2165,4.5691,0,1.0432,7.766,2.0195
5.7209,4.6734,1.6246,1.0774,7.8833,0
5.8765,4.7811,1.605,1.0986,7.9979,0
6.0291,4.891,1.5687,1.1126,8.1093,0
6.1803,5.0022,1.5303,1.1233,8.226,0
6.3295,5.1146,1.4772,1.1319,8.3552,0
6.4797,5.2278,1.3922,1.1382,8.4696,0
6.4797,5.3416,0,1.141,8.5891,0.83357
6.7511,5.4557,1.2024,1.1275,8.7372,0
6.8615,5.5684,1.1074,1.1031,8.8764,0
6.9776,5.6787,1.0279,1.0854,8.998,0
7.0846,5.7873,0.99488,1.0648,9.1371,0
7.1784,5.8938,0.96433,1.035,9.2601,0
7.2803,5.9973,0.98239,1.0164,9.3878,0
7.2803,6.0989,0,0.99979,9.5111,0.093569
7.4911,6.1989,1.1789,0.99286,9.6511,0
7.6105,6.2982,1.2982,0.99281,9.7717,0
7.7417,6.3975,1.4316,1.0028,9.9054,0
7.8817,6.4977,1.5139,1.019,10.05,0
8.0301,6.5996,1.5495,1.0382,10.182,0
8.1834,6.7035,1.5573,1.0603,10.333,0
8.3453,6.8095,1.5486,1.0849,10.474,0
8.494,6.918,1.519,1.0981,10.624,0
8.6449,7.0278,1.5078,1.1118,10.78,0
8.7951,7.139,1.4875,1.1244,10.947,0
8.9439,7.2514,1.4644,1.1339,11.105,0
9.0905,7.3648,1.445,1.1429,11.286,0
9.235,7.4791,1.4377,1.1491,11.462,0
9.3851,7.594,1.4137,1.159,11.646,0
9.524,7.7099,1.403,1.16,11.823,0
9.671,7.8259,1.3881,1.1669,12.009,0
9.8171,7.9426,1.3623,1.1726,12.196,0
9.9617,8.0598,1.3394,1.1764,12.38,0
10.093,8.1775,1.3188,1.1725,12.569,0
10.231,8.2947,1.2346,1.1732,12.767,0
10.361,8.4121,1.1037,1.1698,12.968,0
10.47,8.529,0.95924,1.1534,13.16,0
10.573,8.6444,0.79255,1.1354,13.355,0
10.649,8.7579,0.62945,1.1027,13.538,0
10.649,8.8682,0,1.0665,13.722,0
10.77,8.9748,0.47249,1.029,13.906,0
10.77,9.0777,0,0.98843,14.08,0
10.851,9.1766,0.40388,0.94463,14.24,0
10.887,9.271,0.40684,0.90529,14.402,0
10.923,9.3616,0.40851,0.86928,14.562,0
10.958,9.4485,0.43254,0.83548,14.724,0
10.997,9.532,0.44987,0.80606,14.866,0
11.041,9.6127,0.45762,0.78173,15.012,0
11.079,9.6908,0.45048,0.75589,15.162,0
11.12,9.7664,0.43357,0.73331,15.3,0
11.171,9.8397,0.4132,0.71861,15.441,0
11.171,9.9116,0,0.69606,15.571,0
11.243,9.9812,0.41137,0.67469,15.7,0
11.283,10.049,0.40661,0.65734,15.827,0
11.328,10.114,0.40679,0.64359,15.943,0
11.37,10.179,0.39944,0.62893,16.057,0
11.407,10.242,0.39418,0.61289,16.171,0
11.449,10.303,0.39849,0.60094,16.297,0
11.484,10.363,0.40382,0.58564,16.414,0
11.524,10.422,0.41079,0.57403,16.528,0
11.566,10.479,0.42267,0.56377,16.628,0
11.601,10.535,0.44271,0.55109,16.734,0
11.647,10.591,0.51695,0.54501,16.847,0
11.707,10.645,0.61709,0.54579,16.951,0
11.774,10.7,0.72266,0.55093,17.057,0
11.838,10.755,0.83719,0.55373,17.168,0
11.912,10.81,0.94232,0.56153,17.272,0
12.016,10.866,0.95366,0.58415,17.381,0
12.12,10.925,0.90974,0.60557,17.501,0
12.215,10.985,0.85978,0.62112,17.625,0
12.303,11.047,0.76592,0.63217,17.747,0
12.381,11.111,0.66374,0.63793,17.882,0
12.454,11.174,0.596,0.64037,18.014,0
12.508,11.238,0.53773,0.63336,18.142,0
12.552,11.302,0.47059,0.62209,18.276,0
12.601,11.364,0.43699,0.61336,18.402,0
12.653,11.425,0.38421,0.60692,18.516,0
12.687,11.486,0.31857,0.59205,18.645,0
12.713,11.545,0.25867,0.5738,18.761,0
12.73,11.602,0.19481,0.55234,18.874,0
12.754,11.658,0.10675,0.53575,18.985,0
12.757,11.711,0.056271,0.50926,19.085,0
12.764,11.762,0.015554,0.48655,19.178,0
12.77,11.811,-0.0054806,0.46447,19.272,0
12.759,11.857,-0.023378,0.43601,19.369,0
12.754,11.901,-0.021603,0.4114,19.448,0
12.743,11.942,-0.04324,0.3856,19.524,0
12.745,11.981,-0.09215,0.36725,19.595,0
12.745,12.017,0,0.34216,19.669,0
12.701,12.052,-0.38276,0.31079,19.74,0.50824
12.669,12.083,-0.67237,0.28018,19.796,2.0601
12.669,12.111,0,0.23398,19.853,0
12.49,12.134,-1.3384,0.16978,19.901,8.2108
12.353,12.151,-1.5823,0.096081,19.937,11.647
12.201,12.161,-1.7537,0.01901,19.944,14.567
12.02,12.163,-1.8105,-0.023565,19.944,16.291
11.842,12.16,-1.8054,-0.052697,19.915,17.04
11.656,12.155,-1.8069,-0.082812,19.87,17.932
11.481,12.147,-1.7965,-0.11092,19.807,18.535
11.311,12.136,-1.7917,-0.13822,19.725,19.203
11.14,12.122,-1.7535,-0.16567,19.633,19.233
10.957,12.105,-1.4596,-0.19506,19.53,15.054
10.82,12.086,-1.1442,-0.21693,19.404,11.257
10.713,12.064,-1.0113,-0.23401,19.265,10.04
10.603,12.041,-1.0623,-0.25142,19.126,10.92
10.496,12.015,-1.2084,-0.26868,18.974,13.004
10.375,11.989,-1.458,-0.28855,18.816,16.934
10.23,11.96,-1.7855,-0.31326,18.641,23.202
10.055,11.928,-2.4695,-0.34384,18.46,41.068
10.055,11.894,0,-0.38714,18.275,3.5472
9.5237,11.855,-2.4919,-0.44167,18.038,43.998
9.28,11.811,-2.1687,-0.48825,17.797,35.558
9.0648,11.762,-1.8556,-0.53122,17.528,28.783
8.8791,11.709,-1.0503,-0.56923,17.254,15.566
8.7754,11.652,-0.30654,-0.59122,16.976,8.1111
8.7754,11.593,0,-0.59658,16.691,5.8315
8.7121,11.533,-0.40217,-0.60652,16.408,8.5101
8.6792,11.473,-0.38991,-0.61419,16.131,8.2404
8.6378,11.411,-0.37971,-0.62395,15.852,8.0098
8.6015,11.349,-0.39688,-0.63219,15.581,7.9746
8.5645,11.286,-0.38999,-0.64076,15.309,7.7538
8.5241,11.222,-0.33231,-0.64998,15.04,7.1739
8.5241,11.157,0,-0.65707,14.774,4.8904
8.4683,11.091,-0.034214,-0.66242,14.505,5.0057
8.4743,11.025,0.207,-0.65966,14.242,3.7172
8.4975,10.959,0.48316,-0.65068,13.999,2.6726
8.536,10.894,0.7029,-0.63663,13.767,2.0923
8.5978,10.83,0.8944,-0.61516,13.546,1.7609
8.697,10.769,1.089,-0.58207,13.338,1.5994
8.8115,10.71,1.2735,-0.54373,13.139,1.6206
8.9324,10.656,1.4224,-0.50261,12.951,1.7516
9.0674,10.606,1.5468,-0.45515,12.798,1.9359
9.2248,10.56,1.6324,-0.40103,12.648,2.0963
9.2248,10.52,0,-0.34675,12.516,2.1198
9.5483,10.485,1.7107,-0.28809,12.412,2.2544
9.7194,10.457,1.682,-0.22869,12.322,2.1304
9.8779,10.434,1.6551,-0.17325,12.268,2.0096
10.037,10.416,1.6218,-0.11876,12.229,1.8662
10.207,10.405,1.6092,-0.062027,12.192,1.7925
10.358,10.398,1.6108,-0.012523,12.19,1.774
10.52,10.397,1.6346,0.049153,12.199,1.7873
10.694,10.402,1.6185,0.11643,12.214,1.6337
10.855,10.414,1.5965,0.1763,12.257,1.468
11.016,10.431,1.547,0.23383,12.307,1.2036
11.172,10.455,1.4849,0.28736,12.374,0.90109
11.318,10.483,1.4175,0.33441,12.449,0.59532
11.464,10.517,1.3707,0.37994,12.531,0.36714
11.603,10.555,1.3248,0.4206,12.631,0.15148
11.733,10.597,1.2837,0.45634,12.738,0
11.864,10.643,1.2301,0.49139,12.863,0
11.981,10.692,1.1969,0.51965,12.996,0
12.098,10.744,1.1481,0.54572,13.119,0
12.21,10.798,1.1144,0.56949,13.261,0
12.324,10.855,1.0991,0.59332,13.406,0
12.324,10.914,0,0.61375,13.55,0
12.324,10.976,0,0.6334,13.688,0
12.655,11.039,1.0109,0.654,13.871,0
12.758,11.105,0.88498,0.66977,14.037,0
12.842,11.172,0.68784,0.6771,14.202,0
12.917,11.239,0.47908,0.68025,14.378,0
12.957,11.307,0.26652,0.66949,14.554,0
12.993,11.374,0.041337,0.65739,14.723,0
12.991,11.44,-0.14709,0.62975,14.887,0
12.975,11.503,-0.31438,0.59758,15.029,0
12.946,11.563,-0.49452,0.56161,15.181,0
12.894,11.619,-0.68431,0.5174,15.306,0.88893
12.821,11.671,-0.80579,0.46642,15.427,1.82
12.75,11.717,-0.956,0.41828,15.528,3.0898
12.647,11.759,-1.1342,0.35954,15.625,4.8777
12.538,11.795,-1.3969,0.30086,15.707,7.9904
12.39,11.825,-1.6409,0.22867,15.781,11.687
12.219,11.848,-1.9567,0.15001,15.829,17.64
12.03,11.863,-2.1886,0.067629,15.858,23.2
11.806,11.87,-2.3425,-0.014984,15.863,27.833
11.563,11.868,-2.3951,-0.071721,15.854,30.402
11.327,11.861,-2.4153,-0.12575,15.815,32.017
11.095,11.849,-2.4131,-0.17853,15.75,32.928
10.856,11.831,-2.3644,-0.23234,15.671,32.48
10.623,11.807,-2.2888,-0.28465,15.571,31.266
10.402,11.779,-2.0311,-0.33446,15.449,25.638
10.19,11.746,-1.7026,-0.3825,15.309,19.628
10.012,11.707,-1.3387,-0.42298,15.139,14.261
9.8759,11.665,-1.0086,-0.45342,14.961,10.409
9.7836,11.62,-0.70383,-0.47299,14.776,7.535
9.7096,11.572,-0.51551,-0.48789,14.589,6.0765
9.6641,11.524,-0.40197,-0.49549,14.398,5.249
9.6277,11.474,-0.3006,-0.50027,14.213,4.5611
9.5996,11.424,-0.20384,-0.50227,14.036,3.9536
9.5782,11.374,-0.12034,-0.5032,13.846,3.4546
9.5782,11.323,0,-0.49922,13.669,2.8194
9.564,11.273,-0.070214,-0.49586,13.482,3.0061
9.556,11.224,-0.0503,-0.49102,13.322,2.8235
9.5596,11.175,-0.046673,-0.48362,13.149,2.6865
9.5596,11.126,0,-0.47975,12.989,2.3963
9.5494,11.078,-0.0047877,-0.47269,12.824,2.3356
9.5465,11.031,-0.0067001,-0.46527,12.682,2.2486
9.5385,10.985,-0.0133,-0.45966,12.54,2.1879
9.5293,10.939,-0.018993,-0.45476,12.392,2.1263
9.5291,10.893,-0.048602,-0.44653,12.251,2.1339
9.5322,10.849,-0.11735,-0.43702,12.114,2.2827
9.5251,10.805,-0.11139,-0.43097,11.978,2.1806
9.5168,10.762,-0.082492,-0.42486,11.851,2.0053
9.5059,10.719,-0.055796,-0.41995,11.72,1.8494
9.5094,10.677,-0.047815,-0.40886,11.609,1.7423
9.5061,10.636,0.02151,-0.40048,11.496,1.4712
9.5138,10.596,0.022997,-0.3879,11.39,1.3894
9.512,10.558,-0.0095535,-0.37918,11.28,1.4151
9.5097,10.52,-0.049542,-0.37041,11.177,1.4692
9.5097,10.483,0,-0.36524,11.077,1.2564
9.4885,10.446,-0.078129,-0.35957,10.968,1.4575
9.4781,10.41,-0.082154,-0.35344,10.878,1.4247
9.4697,10.375,-0.089923,-0.34671,10.788,1.4014
9.4523,10.34,-0.083587,-0.3431,10.706,1.3501
9.4523,10.306,0,-0.33309,10.619,1.0669
9.4494,10.272,-0.069192,-0.32387,10.545,1.2061
9.4494,10.24,0,-0.31465,10.464,0.97224
9.4351,10.209,-0.08698,-0.31046,10.377,1.1759
9.4251,10.178,-0.083478,-0.30477,10.299,1.1312
9.409,10.147,-0.083645,-0.30199,10.216,1.1051
9.4076,10.117,-0.08307,-0.29235,10.151,1.0615
9.4008,10.088,-0.069136,-0.28527,10.085,0.9897
9.3949,10.059,-0.036664,-5.2,10.025,2010.7
9.3979,9.5392,0.034984,-0.056087,9.9913,0.099457
9.4108,9.5336,0.16036,-0.048836,9.9739,0
9.4299,9.5287,0.33085,-0.039339,9.9682,0
9.4699,9.5247,0.53986,-0.02182,9.9689,0
9.5144,9.5226,0.73714,-0.0032614,9.9603,0
9.5869,9.5222,0.86924,0.024966,9.9727,0
9.6747,9.5247,0.93485,0.057975,9.9852,0
9.7698,9.5305,0.97428,0.092472,9.9946,0
9.8631,9.5398,0.97302,0.12511,10.026,0
9.9651,9.5523,0.95582,0.15997,10.067,0
10.053,9.5683,0.97381,0.18805,10.12,0
10.159,9.5871,1.0046,0.22232,10.179,0
10.259,9.6093,0.99103,0.2533,10.245,0
10.357,9.6346,0.97645,0.28198,10.312,0
10.461,9.6628,0.94566,0.3119,10.391,0
10.563,9.694,0.86969,0.34046,10.48,0
10.656,9.7281,0.8235,0.36421,10.565,0
10.736,9.7645,0.66116,0.38153,10.653,0
