3.0556,3.0556,1.0807,0,35.5,0.22212
3.0556,3.0556,0,7.8,35.5,74.244
3.2374,3.8356,0.65281,7.8,35.467,65.69
3.2374,4.6156,0,7.8,35.368,83.997
3.3399,5.3956,0.32836,7.8,35.203,81.962
3.3399,6.1756,0,6.7,34.958,80.651
3.3399,6.8456,0,6.7,34.641,85.402
3.3742,7.5156,-0.31909,6.7,34.261,97
3.3742,8.1856,0,6.7,33.813,94.731
3.3742,8.8556,0,6.7,33.299,99.551
3.3742,9.5256,0,-0.35372,32.717,23.181
3.1326,9.4902,-0.80674,-0.36646,32.069,35.833
3.1326,9.4535,0,-0.37998,31.435,23.872
3.1326,9.4155,0,-0.39222,30.805,23.551
3.1326,9.3763,0,-0.40155,30.179,23.25
3.1326,9.3362,0,-0.40741,29.556,22.978
3.1326,9.2954,0,-0.40935,28.938,22.738
3.3476,9.2545,2.0149,-0.40698,28.313,7.3063
3.3476,9.2138,0,-0.40119,27.724,21.212
3.3476,9.1737,0,-0.39466,27.14,21.055
3.3476,9.1342,0,-0.3866,26.559,20.916
4.194,9.0955,1.9203,-0.37842,26.128,5.2302
4.3809,9.0577,1.6581,-0.37056,25.651,5.4207
4.5549,9.0206,1.3657,-0.36277,25.198,5.8393
4.5549,8.9844,0,-0.35777,24.753,14.256
4.7931,8.9486,0.93187,-0.35433,24.34,6.7324
4.7931,8.9132,0,-0.35208,23.927,12.831
4.7931,8.878,0,-0.35056,23.516,12.678
4.7931,8.8429,0,-0.34955,23.11,12.522
5.0798,8.8079,0.47509,-0.3485,22.784,7.706
5.0798,8.7731,0,-0.34905,22.413,10.903
5.1511,8.7382,0.11208,-0.35103,22.045,9.5524
5.1511,8.7031,0,-0.35409,21.688,10.243
5.1636,8.6677,-0.20785,-0.3585,21.345,11.757
5.136,8.6318,-0.27816,-0.36598,20.993,12.308
5.136,8.5952,0,-0.37395,20.645,9.7061
5.136,8.5578,0,-0.38356,20.301,9.4817
5.0179,8.5195,-0.32516,-0.39326,19.946,12.569
4.9789,8.4801,-0.30718,-0.40268,19.601,12.322
4.9398,8.4399,-0.31362,-0.41226,19.26,12.303
4.9101,8.3987,-0.30833,-0.4212,18.912,12.127
4.9101,8.3565,0,-0.43091,18.566,9.2731
4.9101,8.3134,0,-0.44104,18.223,9.0257
4.9101,8.2693,0,-0.45068,17.885,8.7798
4.7858,8.2243,-0.21317,-0.46041,17.521,10.744
4.7858,8.1782,0,-0.47016,17.179,8.7929
4.7858,8.1312,0,-0.47997,16.842,8.5367
4.7858,8.0832,0,-0.49033,16.51,8.2759
4.7858,8.0342,0,-0.49913,16.183,8.0235
4.7858,7.9843,0,-0.50823,15.86,7.7688
4.6433,7.9334,-0.19512,-0.51793,15.514,9.5236
4.6308,7.8817,-0.17314,-0.52591,15.194,9.1258
4.6308,7.8291,0,-0.53298,14.872,7.6192
4.6006,7.7758,-0.19007,-0.54308,14.56,8.8163
4.6006,7.7215,0,-0.55134,14.246,7.2091
4.6006,7.6663,0,-0.55919,13.936,6.9523
4.5411,7.6104,-0.31203,-0.57218,13.627,9.1148
4.5411,7.5532,0,-0.58563,13.323,6.601
4.4587,7.4946,-0.31921,-0.59953,13.028,8.8377
4.4587,7.4347,0,-0.61074,12.727,6.3295
4.3948,7.3736,-0.40695,-0.62476,12.428,9.1183
4.3465,7.3111,-0.45213,-0.64193,12.122,9.3088
4.3465,7.2469,0,-0.65812,11.829,5.8059
4.249,7.1811,-0.4957,-0.6765,11.529,9.2814
4.249,7.1135,0,-0.69139,11.239,5.5113
4.249,7.0443,0,-0.70772,10.956,5.1947
4.1302,6.9736,-0.37092,-0.72239,10.668,7.5932
4.0952,6.9013,-0.3593,-0.73686,10.385,7.2632
4.0585,6.8276,-0.33825,-0.75227,10.103,6.8713
4.0225,6.7524,-0.38129,-0.76654,9.8307,6.9225
4.0225,6.6758,0,-0.78346,9.5616,4.386
4.0225,6.5974,0,-0.79472,9.3002,4.097
4.0225,6.5179,0,-0.81006,9.0466,3.7981
3.8773,6.4369,-0.27362,-0.82287,8.7773,5.2721
3.8773,6.3546,0,-0.83646,8.5254,3.6439
3.8773,6.271,0,-0.84564,8.2819,3.3746
3.8773,6.1864,0,-5.2,8.0468,8.808
3.7713,5.6664,-0.2805,-8.8,7.8325,0
3.7713,4.7864,0,-0.30148,7.687,1.5383
3.7138,4.7563,-0.28681,-0.30709,7.592,2.6978
3.7138,4.7256,0,-0.31074,7.4893,1.5022
3.7138,4.6945,0,-0.31798,7.3896,1.4049
3.6135,4.6627,-0.35907,-8.8,7.2821,0
3.5771,3.7827,-0.32644,-0.051452,7.2137,1.3702
3.5474,3.7776,-0.31171,-0.057724,7.1978,1.3574
3.5066,3.7718,-0.30548,-0.066792,7.1716,1.3994
3.5066,3.7651,0,-0.075236,7.1454,0.37821
3.5066,3.7576,0,-0.079812,7.1199,0.35126
3.5066,3.7496,0,-0.082406,7.0953,0.32818
3.4212,3.7414,-0.14281,-0.082296,7.047,0.90272
3.4212,3.7331,0,-0.085958,7.0154,0.46975
3.3942,3.7245,-0.05646,-0.085736,6.9853,0.65922
3.3942,3.716,0,-0.087724,6.9527,0.48722
3.3691,3.7072,-0.012903,-0.088704,6.9181,0.55352
3.3742,3.6983,0.15423,-0.085437,6.8881,0.17697
3.3742,3.6898,0,-0.081606,6.8562,0.48848
3.3742,3.6816,0,-8.8,6.825,0
3.4389,2.8016,0.3807,1.3595,6.8503,1.6244
3.4807,2.9376,0.43948,1.0775,6.9001,0.50871
3.4807,3.0453,0,0.88277,6.9491,1.9534
3.4807,3.1336,0,0.7792,6.9882,1.7552
3.6114,3.2115,0.46025,0.69427,7.0215,0
3.6114,3.2809,0,0.61857,7.058,1.1025
3.6861,3.3428,0.50475,0.56147,7.0793,0
3.7453,3.3989,0.48709,0.55302,7.1092,0
3.7922,3.4542,0.44466,0.52754,7.143,0
3.8291,3.507,0.40875,0.49171,7.168,0
3.8762,3.5562,0.43454,0.47884,7.193,0
3.8762,3.6041,0,0.45145,7.2226,0.63021
3.9536,3.6492,0.47538,0.43924,7.2504,0
3.9536,3.6931,0,0.43775,7.2786,0.614
4.046,3.7369,0.58105,0.43207,7.3148,0
4.046,3.7801,0,0.4403,7.3435,0.60809
4.1673,3.8241,0.63518,0.46584,7.3895,0
4.2285,3.8707,0.70569,0.47751,7.4178,0
4.2913,3.9185,0.71708,0.49024,7.4638,0
4.3667,3.9675,0.63384,0.51676,7.5079,0
4.4252,4.0192,0.55699,0.5169,7.5497,0
4.4768,4.0709,0.46212,0.5087,7.5968,0
4.5302,4.1217,0.35294,0.50411,7.6423,0
4.573,4.1721,0.21706,0.48677,7.6776,0
4.5949,4.2208,0.151,0.44777,7.7214,0
4.5949,4.2656,0,0.41127,7.7565,0.33931
4.6379,4.3067,0.19057,0.38589,7.7806,0
4.6618,4.3453,0.17544,0.36458,7.8112,0
4.6796,4.3818,0.15505,0.33944,7.8384,0
4.6972,4.4157,0.1992,0.31746,7.8604,0
4.7193,4.4475,0.25694,0.3038,7.8863,0
4.7357,4.4778,0.30147,0.28562,7.906,0
4.7663,4.5064,0.32839,0.28566,7.9342,0
4.7663,4.535,0,0.28555,7.9588,0.19832
4.8297,4.5635,0.466,0.28787,7.9772,0
4.8765,4.5923,0.3673,0.30546,8.0143,0
4.9201,4.6229,0.25903,0.31729,8.0517,0
4.9201,4.6546,0,0.29815,8.0798,0.1512
4.9584,4.6844,0.18967,0.2878,8.1065,0
4.9584,4.7132,0,0.27562,8.1325,0.13572
5.0021,4.7407,0.14643,0.27038,8.1492,0
5.0132,4.7678,0.10858,0.25213,8.1721,0
5.017,4.793,0.12752,0.22862,8.1937,0
5.0208,4.8159,0.22246,0.20815,8.2217,0
5.0417,4.8367,0.33266,0.20711,8.2394,0
5.0417,4.8574,0,0.215,8.2589,0.11231
5.1309,4.8789,0.74996,0.25218,8.2865,0
5.1981,4.9041,0.89228,0.29252,8.3132,0
5.1981,4.9333,0,0.34706,8.3412,0.30083
5.391,4.9681,1.2583,0.41439,8.3715,0
5.391,5.0095,0,0.49901,8.4118,0.49766
5.6616,5.0594,1.6007,0.57896,8.4808,0
5.6616,5.1173,0,0.67674,8.5382,0.69793
5.6616,5.185,0,0.7735,8.5892,1.3096
5.6616,5.2623,0,0.86927,8.633,2.0107
5.6616,5.3492,0,0.93913,8.6686,2.6694
5.6616,5.4432,0,1.0071,8.6951,3.3837
6.7758,5.5439,1.9352,1.0727,9.0081,0
6.7758,5.6511,0,1.1334,9.126,0.84214
6.7758,5.7645,0,1.1734,9.2328,1.4106
7.3421,5.8818,1.7278,1.1984,9.4179,0
7.5193,6.0017,1.6061,1.2209,9.5649,0
7.5193,6.1237,0,1.2345,9.7105,0.42451
7.5193,6.2472,0,1.2256,9.8439,0.78505
7.5193,6.3698,0,1.2063,9.965,1.1017
7.5193,6.4904,0,1.1957,10.074,1.4602
7.5193,6.61,0,1.1869,10.171,1.8324
8.3478,6.7286,1.2387,1.1706,10.512,0
8.3478,6.8457,0,1.165,10.668,0
8.599,6.9622,0.95514,1.1493,10.846,0
8.6916,7.0771,0.75744,1.1179,11.01,0
8.7671,7.1889,0.58934,1.0788,11.175,0
8.8284,7.2968,0.51197,1.0336,11.328,0
8.8284,7.4002,0,0.98088,11.476,0
8.9106,7.4982,0.43982,0.9313,11.615,0
8.9574,7.5914,0.46402,0.89153,11.751,0
8.9574,7.6805,0,0.86035,11.883,0
8.9574,7.7666,0,0.83177,12.006,0
8.9574,7.8497,0,0.80703,12.121,0
8.9574,7.9304,0,0.77417,12.228,0
9.2125,8.0079,0.46797,0.75367,12.387,0
9.2602,8.0832,0.42539,0.73146,12.513,0
9.2966,8.1564,0.38257,0.70376,12.629,0
9.3272,8.2268,0.33548,0.67474,12.739,0
9.3272,8.2942,0,0.64942,12.845,0
9.3272,8.3592,0,0.61973,12.946,0
9.4024,8.4211,0.02336,0.59112,13.048,0
9.4024,8.4803,0,0.55725,13.143,0
9.3989,8.536,-0.10797,0.51476,13.237,0
9.3989,8.5875,0,0.47034,13.321,0
9.3989,8.6345,0,0.43093,13.399,0
9.3543,8.6776,-0.24844,0.39905,13.476,0.23381
9.3543,8.7175,0,0.36156,13.541,0
9.2845,8.7536,-0.67593,0.31097,13.596,2.4701
9.2845,8.7847,0,0.24771,13.648,0
9.2845,8.8095,0,0.17208,13.696,0
8.9793,8.8267,-1.3156,0.088696,13.688,8.3152
8.8431,8.8356,-1.349,0.0043555,13.693,8.7397
8.8431,8.836,0,-0.02696,13.693,0
8.5799,8.8333,-1.2213,-0.055287,13.656,8.1294
8.4623,8.8278,-1.0998,-0.080004,13.624,7.2049
8.3591,8.8198,-0.94633,-0.10135,13.575,6.0363
8.3591,8.8097,0,-0.12259,13.53,0.68938
8.3591,8.7974,0,-0.1396,13.485,0.61886
8.3591,8.7834,0,-0.14946,13.442,0.5641
8.3591,8.7685,0,-0.15458,13.401,0.51954
8.3591,8.753,0,-0.15564,13.36,0.48388
8.3591,8.7375,0,-0.1529,13.322,0.4569
8.3591,8.7222,0,-0.14441,13.285,0.44357
8.3591,8.7077,0,-0.13236,13.249,0.44017
8.3591,8.6945,0,-0.11263,13.215,0.4574
8.3253,8.6832,1.4316,-0.083367,12.981,1.1483
8.4671,8.6749,1.5989,-0.048542,12.949,1.6777
8.6265,8.6701,1.8917,-0.01018,12.933,2.8562
8.6265,8.669,0,0.088932,12.929,0.30358
8.6265,8.6779,0,0.19938,12.924,0.64541
9.2391,8.6979,2.2363,0.30838,13.022,3.5988
9.2391,8.7287,0,0.41232,13.075,0
9.6812,8.7699,2.0872,0.5176,13.18,2.3314
9.6812,8.8217,0,0.59955,13.269,0
9.6812,8.8817,0,0.66889,13.351,0
9.6812,8.9485,0,0.7208,13.428,0.32153
9.6812,9.0206,0,0.76221,13.498,0.69345
9.6812,9.0968,0,0.79036,13.56,1.0438
9.6812,9.1759,0,0.81851,13.614,1.4191
9.6812,9.2577,0,0.8377,13.661,1.7771
10.896,9.3415,1.1331,0.85053,14.226,0
10.896,9.4266,0,0.8659,14.377,0
11.111,9.5131,0.78194,0.86514,14.548,0
11.111,9.5997,0,0.8529,14.704,0
11.252,9.685,0.66896,0.83934,14.864,0
11.252,9.7689,0,0.82474,15.016,0
11.252,9.8514,0,0.82541,15.161,0
11.505,9.9339,1.2418,0.82934,15.337,0
11.629,10.017,1.3802,0.84686,15.489,0
11.629,10.102,0,0.86687,15.646,0
11.901,10.188,1.5567,0.8919,15.835,0
12.056,10.277,1.6828,0.92119,16.002,0
12.056,10.37,0,0.95733,16.175,0
12.056,10.465,0,1.0005,16.339,0
12.056,10.565,0,1.0451,16.493,0
12.056,10.67,0,1.0957,16.637,0
12.056,10.779,0,1.1537,16.77,0.44594
12.056,10.895,0,1.2099,16.892,1.0802
13.566,11.016,2.5776,1.2741,17.504,3.4213
13.566,11.143,0,1.3349,17.753,0
14.074,11.277,2.3814,1.3802,18.034,2.2331
14.074,11.415,0,1.4231,18.307,0
14.533,11.557,1.7177,1.45,18.616,0
14.533,11.702,0,1.458,18.906,0
14.533,11.848,0,1.4469,19.182,0
14.972,11.992,0.82279,1.4225,19.509,0
14.972,12.135,0,1.3849,19.8,0
14.972,12.273,0,1.3447,20.076,0
14.972,12.408,0,1.2979,20.339,0
14.972,12.537,0,1.2401,20.589,0
15.175,12.661,-0.4483,1.1658,20.904,0
15.175,12.778,0,1.0828,21.149,0
15.073,12.886,-0.58797,1.0051,21.391,0
15.006,12.987,-0.51255,0.92437,21.607,0
14.96,13.079,-0.40365,0.85794,21.807,0
14.916,13.165,-0.32371,0.79599,21.997,0
14.916,13.245,0,0.74398,22.168,0
14.865,13.319,-0.32007,0.69855,22.327,0
14.865,13.389,0,0.64754,22.479,0
14.865,13.454,0,0.60099,22.623,0
14.755,13.514,-0.28687,0.55677,22.759,0
14.755,13.569,0,0.51451,22.881,0
14.68,13.621,-0.25875,0.47342,22.997,0
14.648,13.668,-0.19166,0.43681,23.09,0
14.628,13.712,-0.15925,0.40792,23.191,0
14.62,13.753,-0.16616,0.3858,23.285,0
14.606,13.791,-0.13551,0.36154,23.36,0
14.606,13.827,0,0.33589,23.44,0
14.579,13.861,-0.10361,0.31804,23.521,0
14.579,13.893,0,0.3032,23.592,0
14.579,13.923,0,0.28532,23.659,0
14.579,13.952,0,0.27247,23.723,0
14.579,13.979,0,0.26105,23.784,0
14.568,14.005,0.12012,0.24777,23.838,0
14.573,14.03,0.17926,0.23916,23.896,0
14.573,14.054,0,0.23249,23.949,0
14.573,14.077,0,0.23138,24,0
14.573,14.1,0,0.23086,24.048,0
14.573,14.123,0,0.23386,24.094,0
14.573,14.147,0,0.23663,24.138,0
14.715,14.17,0.36799,0.23901,24.246,0
14.715,14.194,0,0.24376,24.299,0
14.781,14.219,0.41055,0.24619,24.35,0
14.781,14.243,0,0.25092,24.405,0
14.781,14.268,0,0.256,24.458,0
14.907,14.294,0.64556,0.26785,24.523,0
14.907,14.321,0,0.28148,24.583,0
15.035,14.349,0.8444,0.29908,24.666,0
15.123,14.379,0.94354,0.32402,24.73,0
15.216,14.411,1.0292,0.35012,24.799,0
15.216,14.446,0,0.37754,24.877,0
15.415,14.484,1.1124,0.4043,24.979,0
15.531,14.524,1.1341,0.43664,25.074,0
15.653,14.568,1.1931,0.47,25.187,0
15.653,14.615,0,0.49972,25.293,0
15.653,14.665,0,0.52854,25.394,0
16.017,14.718,1.2978,0.56002,25.546,0
16.152,14.774,1.3502,0.59322,25.685,0
16.152,14.833,0,0.62026,25.82,0
16.42,14.895,1.2245,0.65377,25.969,0
16.42,14.96,0,0.67695,26.119,0
16.42,15.028,0,0.68931,26.261,0
16.42,15.097,0,0.70044,26.397,0
16.42,15.167,0,0.71631,26.526,0
16.951,15.239,0.91322,0.72643,26.784,0
17.05,15.311,0.97571,0.73608,26.947,0
17.05,15.385,0,0.74529,27.117,0
17.247,15.46,0.79411,0.75306,27.288,0
17.247,15.535,0,0.75213,27.463,0
17.399,15.61,0.71651,0.74987,27.635,0
17.473,15.685,0.71572,0.74747,27.809,0
17.473,15.76,0,0.74447,27.984,0
17.473,15.834,0,0.73811,28.152,0
17.473,15.908,0,0.734,28.312,0
17.473,15.981,0,0.7317,28.464,0
17.473,16.055,0,0.7247,28.61,0
17.473,16.127,0,0.72383,28.748,0
17.962,16.2,0.76404,0.72581,29.038,0
18.043,16.272,0.77933,0.72741,29.211,0
18.114,16.345,0.81573,0.72529,29.384,0
18.114,16.417,0,0.72673,29.557,0
18.285,16.49,0.88767,0.73282,29.731,0
18.367,16.563,0.88342,0.73494,29.914,0
18.446,16.637,0.85245,0.73543,30.086,0
18.446,16.71,0,0.74152,30.263,0
18.609,16.785,0.72252,0.73823,30.44,0
18.609,16.858,0,0.73267,30.619,0
18.609,16.932,0,0.72964,30.79,0
18.609,17.005,0,0.72701,30.954,0
18.609,17.077,0,0.73544,31.111,0
19.003,17.151,1.1194,0.74221,31.349,0
19.003,17.225,0,0.75549,31.53,0
19.003,17.301,0,0.77166,31.704,0
19.357,17.378,1.3263,0.78846,31.914,0
19.357,17.457,0,0.80652,32.108,0
19.357,17.537,0,0.82964,32.294,0
19.357,17.62,0,0.84324,32.472,0
19.357,17.705,0,0.85742,32.641,0
19.357,17.79,0,0.8727,32.802,0
19.357,17.878,0,0.87549,32.955,0
20.177,17.965,0.53296,0.86846,33.425,0
20.177,18.052,0,0.85618,33.642,0
20.26,18.138,0.092804,0.82997,33.876,0
20.277,18.221,0.022561,0.80208,34.075,0
20.277,18.301,0,0.76866,34.277,0
20.277,18.378,0,0.73201,34.47,0
20.277,18.451,0,0.69212,34.657,0
20.277,18.52,0,0.63626,34.836,0
20.277,18.584,0,0.58205,35.008,0
20.277,18.642,0,0.52741,35.175,0
20.277,18.695,0,0.4758,35.336,0
19.878,18.742,-0.19039,0.43671,35.358,0
19.878,18.786,0,0.41488,35.469,0
19.849,18.827,-0.13325,0.39206,35.571,0
19.826,18.867,-0.22297,0.36792,35.679,0
19.826,18.903,0,0.34801,35.773,0
19.826,18.938,0,0.32346,35.864,0
19.721,18.97,-0.67639,0.28676,35.927,1.5173
19.721,18.999,0,0.25256,36.001,0
19.721,19.024,0,0.21061,36.072,0
19.721,19.045,0,0.16641,36.14,0
19.721,19.062,0,0.1222,36.207,0
19.721,19.074,0,0.083157,36.272,0
19.225,19.083,-0.43103,0.05406,36.176,1.199
19.177,19.088,-0.16108,0.033937,36.19,0.28663
19.177,19.091,0,0.030176,36.199,0
19.184,19.094,0.52171,0.034157,36.214,0
19.184,19.098,0,0.053499,36.223,0
19.314,19.103,0.83751,0.080384,36.242,0
19.4,19.111,0.84567,0.10988,36.26,0
19.487,19.122,0.96465,0.13871,36.291,0
19.487,19.136,0,0.17056,36.327,0
19.678,19.153,1.075,0.19975,36.384,0
19.792,19.173,1.2661,0.2354,36.446,0.30275
19.921,19.197,1.4682,0.27531,36.516,0.91209
20.076,19.224,1.4658,0.32359,36.59,0.84381
20.076,19.257,0,0.36566,36.674,0
20.347,19.293,1.1518,0.40002,36.79,0
20.453,19.333,1.0908,0.42459,36.897,0
20.453,19.376,0,0.45137,37.006,0
20.453,19.421,0,0.47614,37.112,0
20.453,19.468,0,0.49687,37.213,0
20.453,19.518,0,0.51092,37.309,0
20.453,19.569,0,0.52113,37.4,0
20.453,19.621,0,0.52525,37.485,0
20.453,19.674,0,0.52587,37.566,0
20.453,19.726,0,0.52083,37.641,0
21.149,19.778,0.47952,0.51493,38.112,0
21.149,19.83,0,0.51013,38.247,0
21.149,19.881,0,0.51019,38.376,0
21.281,19.932,0.46852,0.50529,38.518,0
21.337,19.983,0.48437,0.50671,38.655,0
21.337,20.033,0,0.50889,38.788,0
21.337,20.084,0,0.50745,38.915,0
21.337,20.135,0,0.50979,39.038,0
21.567,20.186,0.63643,0.51445,39.219,0
21.567,20.237,0,0.52053,39.354,0
21.567,20.289,0,0.52475,39.485,0
21.766,20.342,0.70935,0.52862,39.633,0
21.84,20.395,0.75197,0.53598,39.774,0
21.84,20.448,0,0.54093,39.916,0
21.84,20.502,0,0.54852,40.052,0
22.054,20.557,0.69123,0.55339,40.234,0
22.121,20.613,0.77106,0.55697,40.379,0
22.19,20.668,0.80642,0.56111,40.53,0
22.19,20.724,0,0.57115,40.68,0
22.359,20.781,0.75015,0.58044,40.833,0
22.43,20.839,0.82305,0.58458,40.994,0
22.51,20.898,0.84532,0.59191,41.163,0
22.51,20.957,0,0.60324,41.322,0
22.51,21.017,0,0.61408,41.474,0
22.794,21.079,1.0806,0.62732,41.656,0
22.794,21.142,0,0.64223,41.825,0
22.794,21.206,0,0.65733,41.987,0
22.794,21.272,0,0.67168,42.142,0
23.216,21.339,1.0018,0.68311,42.379,0
23.216,21.407,0,0.69324,42.564,0
23.216,21.476,0,0.7009,42.741,0
23.489,21.546,0.81582,0.70365,42.944,0
23.568,21.617,0.79475,0.70588,43.141,0
23.568,21.687,0,0.70955,43.332,0
23.731,21.758,0.73072,0.7116,43.544,0
23.731,21.83,0,0.70887,43.738,0
23.874,21.9,0.5456,0.70985,43.932,0
23.926,21.971,0.34083,0.70233,44.134,0
23.926,22.042,0,0.68911,44.326,0
23.926,22.111,0,0.66996,44.511,0
23.926,22.178,0,0.64862,44.69,0
23.926,22.242,0,0.62734,44.861,0
23.926,22.305,0,0.60132,45.027,0
23.926,22.365,0,0.57896,45.186,0
23.926,22.423,0,0.5576,45.339,0
23.926,22.479,0,0.53864,45.487,0
23.995,22.533,0.051913,0.5191,45.661,0
24,22.585,0.042638,0.50187,45.799,0
24,22.635,0,0.4835,45.938,0
24,22.683,0.057072,0.4659,46.075,0
24,22.73,0,0.45109,46.204,0
24.019,22.775,0.040646,0.43945,46.335,0
24.019,22.819,0,0.42308,46.457,0
24.019,22.861,0,0.41248,46.575,0
24.019,22.902,0,0.3983,46.689,0
24.019,22.942,0,0.3869,46.799,0
24.04,22.981,0.055325,0.37242,46.892,0
24.042,23.018,0.051448,0.35977,47.001,0
24.046,23.054,0.049996,0.3486,47.107,0
24.046,23.089,0,0.33945,47.204,0
24.046,23.123,0,0.32866,47.298,0
24.046,23.156,0,0.32179,47.389,0
24.046,23.188,0,0.31182,47.477,0
24.084,23.219,0.053465,0.30279,47.57,0
24.084,23.249,0,0.29311,47.655,0
24.084,23.279,0,0.28692,47.737,0
24.084,23.307,0,0.27533,47.816,0
24.084,23.335,0,0.26566,47.892,0
24.084,23.362,0,0.25821,47.966,0
24.084,23.387,0,0.25036,48.037,0
24.104,23.412,0.048118,0.24126,48.113,0
24.104,23.437,0,0.23727,48.181,0
24.125,23.46,0.047461,0.23163,48.253,0
24.125,23.483,0,0.22667,48.319,0
24.132,23.506,0.049025,0.2181,48.382,0
24.143,23.528,0.050682,0.21427,48.442,0
24.143,23.549,0,0.20776,48.502,0
24.143,23.57,0,0.20136,48.561,0
24.143,23.59,0,0.1933,48.617,0
24.143,23.61,0,0.18716,48.671,0
24.143,23.628,0,0.18564,48.724,0
24.175,23.647,0.052106,0.18346,48.774,0
24.175,23.665,0,0.17877,48.825,0
24.175,23.683,0,0.17478,48.876,0
24.188,23.701,0.055166,0.169,48.925,0
24.188,23.717,0,0.16642,48.973,0
24.194,23.734,0.057176,0.15931,49.022,0
24.195,23.75,0.053689,0.15421,49.062,0
24.195,23.765,0,0.15131,49.106,0
24.199,23.781,0.055061,0.14504,49.141,0
24.199,23.795,0,0.14266,49.182,0
24.199,23.809,0,0.13689,49.222,0
24.199,23.823,0,0.13045,49.26,0
24.199,23.836,0,0.12581,49.297,0
24.199,23.849,0,0.12516,49.333,0
24.209,23.861,0.053594,0.12019,49.37,0
24.209,23.873,0,0.11451,49.404,0
24.209,23.885,0,0.11278,49.437,0
24.209,23.896,0,0.11082,49.469,0
24.209,23.907,0,0.10665,49.5,0
24.209,23.918,0,0.10191,49.529,0
24.213,23.928,-0.027642,0.098641,49.556,0
24.217,23.938,-0.11082,0.096334,49.586,0
24.217,23.947,0,0.086025,49.614,0
24.217,23.956,0,0.075423,49.64,0
24.217,23.964,0,0.060678,49.666,0
24.113,23.97,-0.39837,0.049335,49.659,1.0346
24.079,23.975,-0.412,0.0362,49.679,1.1542
24.048,23.978,-0.43657,0.023943,49.679,1.3206
24.048,23.981,0,0.0088697,49.686,0
23.96,23.981,-0.64707,-0.0016207,49.691,2.6108
23.886,23.981,-0.83366,-0.007276,49.693,4.1386
23.886,23.981,0,-0.013903,49.683,0.16777
23.696,23.979,-1.2178,-0.021634,49.642,8.548
23.574,23.977,-1.3231,-0.030772,49.598,10.388
23.574,23.974,0,-0.041357,49.558,0.79027
23.302,23.97,-1.369,-0.051163,49.505,12.329
23.302,23.965,0,-0.060827,49.438,1.3954
23.039,23.959,-1.3405,-0.070804,49.341,13.229
23.039,23.951,0,-0.080864,49.25,2.0116
22.763,23.943,-1.3234,-0.091426,49.141,14.334
22.621,23.934,-1.3307,-0.10209,49.014,15.13
