0,0,-0.87956,0,35.5,1.8482
-0.096312,0,-0.88652,7.8,35.489,18.45
-0.096312,0.78,0,7.8,35.441,18.186
-0.27255,1.56,-0.89603,7.8,35.314,22.029
-0.27255,2.34,0,7.8,35.092,21.745
-0.27255,3.12,0,7.8,34.792,23.344
-0.27255,3.9,0,7.8,34.413,24.943
-0.27255,4.68,0,7.8,33.957,26.542
-0.27255,5.46,0,7.8,33.423,28.141
-0.27255,6.24,0,6.7,32.811,27.429
-0.88421,6.91,-0.70523,6.7,31.916,31.538
-0.96319,7.58,-0.5835,6.7,31.106,32.818
-0.96319,8.25,0,-0.50726,30.218,17.821
-1.0772,8.1993,-0.34213,-0.53051,29.282,18.621
-1.1128,8.1462,-0.30929,-0.5542,28.364,18.466
-1.1537,8.0908,-0.30861,-0.58032,27.434,18.38
-1.1802,8.0328,-0.3127,-0.60711,26.513,18.268
-1.1802,7.9721,0,-0.63611,25.595,17.426
-1.2521,7.9084,-0.32977,-0.6675,24.693,18.07
-1.287,7.8417,-0.34458,-0.70161,23.775,17.964
-1.3266,7.7715,-0.36284,-0.73819,22.872,17.862
-1.3266,7.6977,0,-0.77845,21.966,16.864
-1.3991,7.6199,-0.40239,-0.82094,21.059,17.609
-1.4355,7.5378,-0.42103,-0.86702,20.167,17.458
-1.4355,7.4511,0,-0.91875,19.275,16.287
-1.4355,7.3592,0,-0.97461,18.39,15.981
-1.4355,7.2617,0,-1.0351,17.516,15.654
-1.6231,7.1582,-0.47908,-1.1035,16.626,16.69
-1.6231,7.0479,0,-1.1767,15.753,15.303
-1.7263,6.9302,-0.54939,-1.2591,14.897,16.254
-1.7263,6.8043,0,-1.3483,14.037,14.655
-1.7263,6.6695,0,-1.4511,13.191,14.162
-1.8962,6.5244,-0.74915,-1.5657,12.34,15.546
-1.8962,6.3678,0,-1.6937,11.506,13.382
-1.8962,6.1984,0,-1.8406,10.688,12.726
-1.8962,6.0144,0,-2.0098,9.8875,11.994
-1.8962,5.8134,0,-2.2064,9.1065,11.168
-2.321,5.5927,-0.98865,-2.4219,8.2482,13.212
-2.321,5.3505,0,-8.8,7.4689,0
-2.321,4.4705,0,-8.8,6.7457,0
-2.5992,3.5905,-0.7739,-8.8,6.0842,0
-2.5992,2.7105,0,-8.8,5.5092,0
-2.7496,1.8305,-0.57382,-8.8,5.0144,0
-2.8012,0.95055,-0.51355,-8.8,4.593,0
-2.8505,0.070546,-0.51515,-8.8,4.2537,0
-2.8505,0,0,-8.8,4.0056,0
-2.9489,0,-0.50768,-8.8,3.7571,0
-2.9489,0,0,-8.8,3.5062,0
-3.049,0,-0.42576,-8.8,3.2582,0
-3.049,0,0,-8.8,2.9973,0
-3.049,0,0,-8.8,2.7364,0
-3.049,0,0,-8.8,2.4755,0
-3.049,0,0,-8.8,2.2146,0
-3.0501,0,0.78833,-8.8,1.9615,0
-3.0501,0,0,-8.8,1.7005,0
-3.0501,0,0,-8.8,1.4395,0
-3.0501,0,0,-8.8,1.1785,0
-3.0501,0,0,-8.8,0.91746,0
-3.0501,0,0,-8.8,0.65646,0
-2.4108,0,0.96766,-8.8,0.58895,0
-2.4108,0,0,-8.8,0.39187,0
-2.4108,0,0,-10.427,0.1948,0
-2.1379,0,0.87015,-43.718,0.051256,0
-2.0474,0,0.87605,-38.483,0.053252,0
-1.9518,0,0.87328,-49.124,0.038099,0
-1.8646,0,0.88616,-19.347,0.085916,0
-1.8646,0,0,9.8,0.99689,24.415
-1.8646,0.98,0,-8.8,0.76143,0
-1.8646,0.1,0,-8.8,0.52097,0
-1.8646,0,0,-8.8,0.36851,0
-1.4624,0,0.70949,-8.8,0.34615,0
-1.384,0,0.66912,-8.8,0.2377,0
-1.3159,0,0.6417,-8.8,0.15215,0
-1.3159,0,0,-10.851,0.064559,0
-1.1746,0,0.61604,9.8,1,21.706
-1.1746,0.98,0,-8.8,0.83354,0
-1.1746,0.1,0,-8.8,0.66207,0
-1.1746,0,0,-8.8,0.57861,0
-1.1746,0,0,-8.8,0.50515,0
-1.1746,0,0,-8.8,0.43169,0
-1.1746,0,0,-8.8,0.35822,0
-0.75565,0,0.52034,-8.8,0.45446,0
-0.75565,0,0,-8.8,0.42289,0
-0.66366,0,0.55034,-8.8,0.39214,0
-0.66366,0,0,-8.8,0.36977,0
-0.66366,0,0,-8.8,0.3474,0
-0.66366,0,0,-8.8,0.32504,0
-0.66366,0,0,-8.8,0.30267,0
-0.66366,0,0,-8.8,0.28031,0
-0.66366,0,0,-8.8,0.25794,0
-0.66366,0,0,-8.8,0.23557,0
-0.14161,0,0.47065,-8.8,0.38789,0
-0.14161,0,0,-8.8,0.41773,0
-0.14161,0,0,-8.8,0.44757,0
0.0039517,0,0.36625,-8.8,0.49203,0
0.0039517,0,0,-8.8,0.53642,0
0.0039517,0,0,-8.8,0.58082,0
0.0039517,0,0,-8.8,0.62521,0
0.14565,0,0.28831,-8.8,0.70927,0
0.14565,0,0,-8.8,0.76783,0
0.14565,0,0,-8.8,0.8264,0
0.14565,0,0,-8.8,0.88496,0
0.14565,0,0,-8.8,0.94353,0
0.16984,0,-0.44873,-8.8,1.0306,0
0.16984,0,0,-8.8,1.0916,0
0.16984,0,0,-8.8,1.1526,0
0.16984,0,0,-8.8,1.2136,0
0.16984,0,0,-8.8,1.2745,0
0.16984,0,0,-8.8,1.3355,0
0.16984,0,0,-8.8,1.3965,0
0.16984,0,0,-8.8,1.4575,0
0.16984,0,0,-8.8,1.5185,0
-0.19508,0,-0.0063215,-8.8,1.3755,0
-0.19508,0,0,-8.8,1.4,0
-0.19508,0,0,-8.8,1.4244,0
-0.19508,0,0,-8.8,1.4489,0
-0.19508,0,0,-8.8,1.4734,0
-0.19508,0,0,-8.8,1.4979,0
-0.19508,0,0,-8.8,1.5224,0
-0.19508,0,0,-8.8,1.5469,0
-0.13669,0,0.083711,-8.8,1.6019,0
-0.13669,0,0,-8.8,1.6322,0
-0.13669,0,0,-8.8,1.6626,0
-0.11094,0,0.099799,-8.8,1.7021,0
-0.11094,0,0,-8.8,1.735,0
-0.11094,0,0,-8.8,1.768,0
-0.11094,0,0,-8.8,1.8009,0
-0.11094,0,0,-8.8,1.8338,0
-0.11094,0,0,-8.8,1.8667,0
-0.065089,0,0.03301,-8.8,1.9053,0
-0.065089,0,0,-8.8,1.9428,0
-0.065089,0,0,-8.8,1.9803,0
-0.053553,0,0.03668,-8.8,2.0147,0
-0.053061,0,0.035062,-8.8,2.0543,0
-0.053061,0,0,-8.8,2.093,0
-0.053061,0,0,-8.8,2.1317,0
-0.053061,0,0,-8.8,2.1704,0
-0.053061,0,0,-8.8,2.2091,0
-0.053061,0,0,-8.8,2.2478,0
-0.053061,0,0,-8.8,2.2865,0
-0.023405,0,-0.069863,-8.8,2.3208,0
-0.024622,0,-0.16897,-8.8,2.3684,0
-0.024622,0,0,-8.8,2.4099,0
-0.024622,0,0,-8.8,2.4515,0
-0.10855,0,-0.43386,-8.8,2.4761,0
-0.10855,0,0,-8.8,2.5093,0
-0.10855,0,0,-8.8,2.5424,0
-0.10855,0,0,-8.8,2.5755,0
-0.31052,0,-0.44825,-8.8,2.5582,0
-0.31052,0,0,-8.8,2.5712,0
-0.31052,0,0,-8.8,2.5841,0
-0.31052,0,0,-8.8,2.5971,0
-0.31052,0,0,-8.8,2.61,0
-0.31052,0,0,-8.8,2.623,0
-0.31052,0,0,-8.8,2.6359,0
-0.31052,0,0,-8.8,2.6489,0
-0.31052,0,0,-8.8,2.6618,0
-0.31052,0,0,-8.8,2.6748,0
-0.31052,0,0,-8.8,2.6877,0
-0.31052,0,0,-8.8,2.7007,0
-1.0338,0,-0.7396,-8.8,2.3122,0
-1.0338,0,0,-8.8,2.2528,0
-1.0338,0,0,-8.8,2.1934,0
-1.2648,0,-0.75099,-8.8,2.0963,0
-1.2648,0,0,-8.8,2.0138,0
-1.4041,0,-0.72981,-8.8,1.9301,0
-1.4041,0,0,-8.8,1.8337,0
-1.4041,0,0,-8.8,1.7373,0
-1.63,0,-0.73945,-8.8,1.6111,0
-1.63,0,0,-8.8,1.4921,0
-1.63,0,0,-8.8,1.3731,0
-1.63,0,0,-8.8,1.2541,0
-1.9178,0,-0.69351,-8.8,1.0943,0
-1.9178,0,0,-8.8,0.94652,0
-2.0579,0,-0.71351,-8.8,0.79318,0
-2.0579,0,0,-8.8,0.63139,0
-2.2038,0,-0.7234,-8.8,0.44794,0
-2.2038,0,0,-10.344,0.27156,0
-2.3426,0,-0.72388,-29.848,0.094212,0
-2.3426,0,0,-470.6,0.0091943,0
-2.3426,0,0,-8.8,2.1279,0
-2.5676,0,-0.71956,-8.8,1.8978,0
-2.6348,0,-0.70578,-8.8,1.6784,0
-2.7058,0,-0.70619,-8.8,1.4505,0
-2.7058,0,0,-8.8,1.224,0
-2.8303,0,-0.73864,-8.8,0.9835,0
-2.8303,0,0,-8.8,0.74447,0
-2.9638,0,-0.71307,-9.6513,0.49137,0
-2.9638,0,0,-20.829,0.24325,0
-3.1015,0,-0.72439,-267.08,0.018057,0
-3.1741,0,-0.73766,-8.8,1.038,0
-3.2452,0,-0.75131,-8.8,0.75854,0
-3.2452,0,0,-12.151,0.47802,0
-3.2452,0,0,-28.119,0.21426,0
-3.2452,0,0,-550.61,0.030338,0
-3.2452,0,0,-8.8,2.4589,0
-3.2452,0,0,-8.8,2.1784,0
-3.2452,0,0,-8.8,1.8979,0
-3.2452,0,0,-8.8,1.6173,0
-3.2452,0,0,-8.8,1.3368,0
-3.2452,0,0,-10.969,1.0563,0
-3.2452,0,0,-19.924,0.78663,0
-3.2452,0,0,-78.897,0.56173,0
-3.2452,0,0,-90.552,0.6317,0
-4.2308,0,-0.79412,-68.121,0.13293,0
-4.3038,0,-0.77731,-229.31,0.040525,0
-4.3854,0,-0.78434,-13.727,0.74296,0
-4.3854,0,0,-27.669,0.37305,0
-4.3854,0,0,-155.79,0.072856,0
-4.632,0,-0.79803,-28.534,0.38679,0
-4.632,0,0,-212.08,0.066253,0
-4.632,0,0,-19.052,0.66346,0
-4.632,0,0,-47.904,0.29551,0
-4.632,0,0,-2409.7,0.071828,0
-4.632,0,0,-0.7993,11.657,7.8337
-5.098,0,-0.78723,-0.78723,11.062,10.468
-5.1786,0,-0.77223,-0.77223,10.544,10.634
-5.1786,0,0,-0.75694,10.03,9.0431
-5.342,0,-0.75252,-0.75252,9.4956,10.969
-5.342,0,0,-0.76384,8.9652,9.3636
-5.4971,0,-0.81017,-0.81017,8.4214,11.287
-5.5829,0,-0.82483,-0.82483,7.864,11.463
-5.5829,0,0,-0.81609,7.3098,9.7477
-5.5829,0,0,-0.81933,6.7556,9.7409
-5.8275,0,-0.79274,-0.79274,6.1828,11.964
-5.8275,0,0,-0.77045,5.6041,10.345
-5.8275,0,0,-0.7742,5.0252,10.337
-5.8275,0,0,-8.8,4.4463,0
-6.1321,0,-0.80086,-8.8,3.8442,0
-6.2137,0,-0.80732,-8.8,3.272,0
-6.3038,0,-0.80442,-8.8,2.6946,0
-6.3893,0,-0.79364,-10.525,2.0976,0
-6.3893,0,0,-14.73,1.5113,0
-6.3893,0,0,-24.097,0.94601,0
-6.6331,0,-0.76924,-58.437,0.38148,0
-6.7109,0,-0.76697,-1429.2,0.015765,0
-6.7109,0,0,-0.7717,6.4905,12.153
-6.7109,0,0,-0.77817,5.8233,12.14
-6.9445,0,-0.78302,-0.78302,5.1143,14.254
-7.0296,0,-0.79482,-8.8,4.4277,0
-7.0296,0,0,-8.8,3.7688,0
-7.0296,0,0,-9.1172,3.1098,0
-7.2731,0,-0.80039,-11.691,2.4285,0
-7.346,0,-0.79074,-16.16,1.7556,0
-7.346,0,0,-26.017,1.1018,0
-7.346,0,0,-61.009,0.49723,0
-7.346,0,0,-3392.9,0.067678,0
-7.346,0,0,-0.84507,16.298,13.301
-7.346,0,0,-0.84702,15.567,13.297
-7.346,0,0,-0.85207,14.837,13.287
-7.9098,0,-0.81597,-0.81597,13.877,16.233
-7.9918,0,-0.79571,-0.79571,13.08,16.401
-7.9918,0,0,-0.77315,12.285,14.776
-7.9918,0,0,-0.78569,11.49,14.75
-8.223,0,-0.78842,-0.78842,10.664,16.875
-8.298,0,-0.78965,-0.78965,9.8439,17.028
-8.298,0,0,-0.77642,9.018,15.397
-8.4421,0,-0.7838,-0.7838,8.1729,17.324
-8.5288,0,-0.77769,-0.77769,7.3342,17.502
-8.6142,0,-0.78375,-0.78375,6.482,17.677
-8.6142,0,0,-0.78156,5.6245,16.035
-8.7843,0,-0.78549,-8.9096,4.7491,0.95469
-8.8537,0,-0.77287,-10.811,3.9044,0
-8.935,0,-0.77533,-13.796,3.0657,0
-9.0175,0,-0.78323,-18.976,2.2348,0
-9.0175,0,0,-29.827,1.428,0
-9.0175,0,0,-64.404,0.67535,0
-9.0175,0,0,-734.78,0.095617,0
-9.3172,0,-0.69415,-16.211,2.7972,0
-9.3172,0,0,-23.33,1.9465,0
-9.3172,0,0,-40.599,1.1315,0
-9.525,0,-0.7375,-119.47,0.38204,0
-9.598,0,-0.77381,-1634.1,0.0282,0
-9.598,0,0,-0.75671,7.239,18.104
-9.7435,0,-0.7568,-0.7568,6.2767,19.992
-9.7435,0,0,-0.77259,5.3061,18.368
-9.7435,0,0,-12.165,4.3356,0
-9.7435,0,0,-15.52,3.4221,0
-10.065,0,-0.7707,-21.411,2.4539,0
-10.065,0,0,-33.862,1.5544,0
-10.065,0,0,-73.922,0.71728,0
-10.303,0,-0.91128,-859.83,0.06179,0
-10.391,0,-1.0171,-17.241,3.3272,0
-10.495,0,-1.1311,-24.337,2.3732,0
-10.495,0,0,-40.5,1.4454,0
-10.728,0,-1.3681,-103.18,0.56525,0
-10.859,0,-1.4171,9.8,1,45.848
-10.994,0.98,-1.4362,9.8,1,48.175
-10.994,1.96,0,9.8,1.006,47.166
-11.284,2.94,-1.4638,9.8,1,52.844
-11.284,3.92,0,9.8,0.9999,51.777
-11.284,4.9,0,9.8,1.0192,53.786
-11.284,5.88,0,9.8,1.0557,55.795
-11.284,6.86,0,9.8,1.1054,57.804
-12.069,7.84,-1.851,9.8,1,65.312
-12.069,8.82,0,9.8,1.0186,63.432
-12.069,9.8,0,9.8,1.0562,65.441
-12.65,10.78,-2.1294,9.8,1,73.115
-12.65,11.76,0,9.8,1.0083,70.65
-12.65,12.74,0,9.8,1.0321,72.659
-12.65,13.72,0,9.8,1.0854,74.668
-13.571,14.7,-2.4141,9.8,1,83.639
-13.571,15.68,0,9.8,1.0042,80.575
-13.571,16.66,0,9.8,1.0345,82.584
-13.571,17.64,0,9.8,1.0969,84.593
-14.612,18.62,-2.97,9.8,1,94.976
-14.612,19.6,0,9.8,1.0094,90.744
-15.207,20.58,-3.2541,9.8,1,100.81
-15.207,21.56,0,9.8,1.0079,95.982
-15.207,22.54,0,9.8,1.0534,97.991
-15.207,23.52,0,9.8,1.1459,100
-15.207,24.5,0,9.8,1.2663,102.01
-17.067,25.48,-4.4025,9.8,1,117.08
-17.505,26.46,-4.4772,9.8,1,120.15
-17.962,27.44,-4.5644,9.8,1,123.27
-18.408,28.42,-4.7231,9.8,1,126.53
-18.408,29.4,0,9.8,1.0275,118.62
-19.358,30.38,-4.9751,9.8,1,133.03
-19.358,31.36,0,9.8,1.0188,124.58
-20.362,32.34,-5.0127,9.8,1,139.18
-20.871,33.32,-4.854,9.8,1,141.9
-21.352,34.3,-4.6238,9.8,1,144.41
-21.352,35.28,0,9.8,1.0289,136.71
-21.352,36.26,0,9.8,1.1025,138.71
-21.352,37.24,0,9.8,1.2111,140.72
-21.352,38.22,0,9.8,1.3608,142.73
-21.352,39.2,0,9.8,1.5466,144.74
-21.352,40.18,0,9.8,1.7741,146.75
-24.204,41.16,-3.3237,9.8,1,161.59
-24.204,42.14,0,9.8,1.0206,156.62
-24.816,43.12,-2.5082,9.8,1,165.15
-24.816,44.1,0,9.8,1.0054,161.89
-24.816,45.08,0,9.8,1.0323,163.9
-24.816,46.06,0,9.8,1.0828,165.91
-24.816,47.04,0,9.8,1.1577,167.92
-24.816,48.02,0,9.8,1.2486,169.92
-24.816,49,0,9.8,1.3443,171.93
-24.816,49.98,0,9.8,1.4451,173.94
-24.816,50.96,0,9.8,1.5428,175.95
-24.816,51.94,0,9.8,1.6447,177.96
-25.947,52.92,-0.3637,9.8,1,183.05
-25.947,53.9,0,9.8,0.99624,184.3
-25.947,54.88,0,9.8,1.0103,186.31
-26.07,55.86,-0.45523,9.8,1,189.52
-26.124,56.84,-0.52775,9.8,1,191.79
-26.167,57.82,-0.61331,9.8,1,194.07
-26.167,58.8,0,9.8,1.0047,194.79
-26.167,59.78,0,9.8,1.0163,196.8
-26.372,60.76,-0.80904,9.8,1,200.93
-26.372,61.74,0,9.8,0.99727,201.24
-26.538,62.72,-0.84531,9.8,1,205.36
-26.618,63.7,-0.84368,9.8,1,207.53
-26.618,64.68,0,9.8,1.0034,207.77
-26.618,65.66,0,9.8,1.009,209.78
-26.618,66.64,0,9.8,1.0244,211.79
-26.618,67.62,0,9.8,1.0523,213.8
-26.618,68.6,0,9.8,1.0783,215.81
-26.618,69.58,0,9.8,1.1143,217.82
-26.618,70.56,0,9.8,1.1519,219.82
-27.161,71.54,-0.56438,9.8,1,224.13
-27.161,72.52,0,9.8,0.99354,224.95
-27.161,73.5,0,9.8,0.99651,226.96
-27.329,74.48,-0.54523,9.8,1,230.46
-27.329,75.46,0,9.8,1.0073,231.33
-27.329,76.44,0,9.8,1.0068,233.34
-27.329,77.42,0,9.8,1.0237,235.34
-27.526,78.4,-0.55801,9.8,1,238.93
-27.526,79.38,0,9.8,1.0116,239.77
-27.526,80.36,0,9.8,1.0256,241.78
-27.687,81.34,-0.54765,9.8,1,245.27
-27.744,82.32,-0.53716,9.8,1,247.37
-27.744,83.3,0,9.8,1.0125,248.25
-27.744,84.28,0,9.8,1.0178,250.26
-27.744,85.26,0,9.8,1.0254,252.27
-27.744,86.24,0,9.8,1.0497,254.28
-27.744,87.22,0,9.8,1.0652,256.29
-28.047,88.2,-0.53509,9.8,1,260.04
-28.11,89.18,-0.53068,9.8,1,262.17
-28.11,90.16,0,9.8,1.0055,263.06
-28.11,91.14,0,9.8,1.0157,265.07
-28.11,92.12,0,9.8,1.0371,267.08
-28.11,93.1,0,9.8,1.0609,269.09
-28.38,94.08,-0.53252,9.8,1,272.77
-28.431,95.06,-0.53024,9.8,1,274.88
-28.431,96.04,0,9.8,1.0039,275.78
-28.525,97.02,-0.53559,9.8,1,279.1
-28.525,98,0,9.8,0.99649,279.99
-28.525,98.98,0,9.8,1.0116,281.99
-28.685,99.96,-0.53888,9.8,1,285.46
-28.685,100.94,0,9.8,1.0086,286.34
-28.801,101.92,-0.53797,9.8,1,289.72
-28.801,102.9,0,9.8,1.0121,290.6
-28.915,103.88,-0.54496,9.8,1,293.98
-28.915,104.86,0,9.8,0.99903,294.85
-28.915,105.84,0,9.8,1.0162,296.86
-29.082,106.82,-0.54656,9.8,1,300.36
-29.082,107.8,0,9.8,0.99325,301.22
-29.082,108.78,0,9.8,1.0006,303.23
-29.082,109.76,0,9.8,1.0075,305.24
-29.287,110.74,-0.54516,9.8,1,308.81
-29.334,111.72,-0.54195,9.8,1,310.91
-29.334,112.7,0,9.8,1.0091,311.78
-29.458,113.68,-0.54365,9.8,1,315.19
-29.458,114.66,0,9.8,1.0058,316.05
-29.458,115.64,0,9.8,1.0233,318.06
-29.624,116.62,-0.53362,9.8,1,321.53
-29.624,117.6,0,9.8,1.0101,322.42
-29.624,118.58,0,9.8,1.0199,324.43
-29.769,119.56,-0.5342,9.8,1,327.86
-29.814,120.54,-0.53374,9.8,1,329.96
-29.86,121.52,-0.53545,9.8,1,332.06
-29.86,122.5,0,9.8,1.0114,332.95
-29.966,123.48,-0.53659,9.8,1,336.3
-30.021,124.46,-0.53454,9.8,1,338.42
-30.021,125.44,0,9.8,1.0005,339.31
-30.021,126.42,0,9.8,0.99961,341.31
-30.175,127.4,-0.53683,9.8,1,344.77
-30.175,128.38,0,9.8,1.0056,345.65
-30.175,129.36,0,9.8,1.0129,347.66
-30.175,130.34,0,9.8,1.0167,349.67
-30.175,131.32,0,9.8,1.0299,351.67
-30.175,132.3,0,9.8,1.0631,353.68
-30.175,133.28,0,9.8,1.0854,355.69
-30.557,134.26,-0.53851,9.8,1,359.62
-30.609,135.24,-0.53736,9.8,1,361.73
-30.672,136.22,-0.53805,9.8,1,363.87
-30.672,137.2,0,9.8,0.99792,364.75
-30.672,138.18,0,9.8,0.99777,366.76
-30.84,139.16,-0.54137,9.8,1,370.25
-30.84,140.14,0,9.8,1.0027,371.12
-30.954,141.12,-0.54275,9.8,1,374.5
-30.954,142.1,0,9.8,1.0072,375.37
-30.954,143.08,0,9.8,1.0211,377.38
-30.954,144.06,0,9.8,1.0308,379.39
-31.172,145.04,-0.41444,9.8,1,382.72
-31.223,146.02,-0.34582,9.8,1,384.68
-31.223,147,0,9.8,1.0051,385.97
-31.223,147.98,0,9.8,1.0087,387.98
-31.223,148.96,0,9.8,1.0251,389.99
-31.223,149.94,0,9.8,1.0292,391.99
-31.362,150.92,-0.18853,9.8,1,394.69
-31.362,151.9,0,9.8,1.008,396.3
-31.362,152.88,0,9.8,1.0016,398.31
-31.399,153.86,0.096702,9.8,1,400.19
-31.399,154.84,0,9.8,0.99995,402.4
-31.399,155.82,0,9.8,0.98801,404.41
-31.399,156.8,0,9.8,0.98977,406.42
-31.399,157.78,0,9.8,0.97219,408.43
-31.043,158.76,1.73,9.8,1,406.07
-31.043,159.74,0,9.8,0.98749,411.71
-30.69,160.72,1.8566,9.8,1,409.1
-30.69,161.7,0,9.8,0.9828,415.01
-30.69,162.68,0,9.8,0.95897,417.02
