0,0,-0.25829,0,35.5,0.54273
0,0,0,7.8,35.5,59.103
0,0.78,0,7.8,35.461,63.94
0,1.56,0,7.8,35.344,68.834
0,2.34,0,7.8,35.149,73.779
0,3.12,0,7.8,34.876,78.774
0,3.9,0,7.8,34.525,83.814
-0.036083,4.68,-0.023934,7.8,34.1,85.537
-0.036083,5.46,0,7.8,33.589,87.086
-0.036525,6.24,-0.034675,6.7,33.009,86.448
-0.036525,6.91,0,6.7,32.348,87.748
-0.044611,7.58,-0.027287,6.7,31.632,89.196
-0.056727,8.25,-0.032101,-0.43933,30.827,75.603
-0.056727,8.2061,0,-0.45472,29.999,75.413
-0.062166,8.1606,-0.023497,-0.47057,29.18,75.347
-0.064736,8.1135,-0.032874,-0.48747,28.361,75.24
-0.064736,8.0648,0,-0.50565,27.546,75.032
-0.064736,8.0142,0,-0.5243,26.735,74.89
-0.064736,7.9618,0,-0.54439,25.93,74.74
-0.064736,7.9074,0,-0.5648,25.13,74.585
-0.064736,7.8509,0,-0.58712,24.336,74.423
-0.064736,7.7922,0,-0.61069,23.547,74.253
-0.064736,7.7311,0,-0.63607,22.764,74.074
-0.064736,7.6675,0,-0.66264,21.988,73.888
-0.064736,7.6012,0,-0.69012,21.218,73.695
-0.093633,7.5322,-0.033214,-0.72101,20.425,73.617
-0.093633,7.4601,0,-0.75328,19.666,73.332
-0.094317,7.3848,-0.032551,-0.7868,18.899,73.177
-0.093843,7.3061,-0.029677,-0.8223,18.154,72.934
-0.091091,7.2239,-0.026568,-0.85961,17.42,72.675
-0.091091,7.1379,0,-0.9014,16.692,72.355
-0.091091,7.0478,0,-0.94436,15.974,72.08
-0.091091,6.9533,0,-0.98879,15.265,71.793
-0.091091,6.8545,0,-1.0372,14.565,71.488
-0.092794,6.7507,-0.033016,-1.0892,13.866,71.239
-0.092794,6.6418,0,-1.1453,13.187,70.829
-0.092794,6.5273,0,-1.2039,12.519,70.471
-0.092794,6.4069,0,-1.2698,11.863,70.086
-0.092794,6.2799,0,-1.3384,11.219,69.681
-0.092794,6.1461,0,-1.4117,10.589,69.253
-0.092794,6.0049,0,-1.4871,9.972,68.805
-0.092794,5.8562,0,-1.5706,9.3697,68.325
-0.092794,5.6991,0,-1.6609,8.7826,67.813
-0.092794,5.533,0,-1.7533,8.2117,67.278
-0.15154,5.3577,-0.03005,-8.8,7.6021,52.296
-0.15154,4.4777,0,-8.8,7.0952,50.428
-0.16716,3.5977,-0.027877,-8.8,6.6763,48.715
-0.165,2.7177,-0.026926,-8.8,6.3513,46.905
-0.165,1.8377,0,-0.30174,6.107,62.901
-0.165,1.8075,0,-0.30777,5.9083,62.826
-0.165,1.7768,0,-8.8,5.7126,44.919
-0.16149,0.89676,-0.033211,-0.086186,5.5522,61.488
-0.16216,0.88814,-0.036583,-8.8,5.4438,43.168
-0.16884,0.0081407,-0.038482,-0.038482,5.3797,59.792
-0.16884,0.0042926,0,-0.041821,5.3622,59.696
-0.17266,0.00011046,-0.040371,-0.040371,5.3399,59.784
-0.16822,0,-0.039654,-0.039654,5.3138,59.774
-0.17742,0,-0.036322,-0.036322,5.2915,59.793
-0.17742,0,0,-0.032987,5.274,59.724
-0.17742,0,0,-0.029628,5.2564,59.731
-0.17742,0,0,-0.02824,5.2388,59.734
-0.20063,0,-0.024866,-0.024866,5.2008,59.841
-0.20063,0,0,-0.02795,5.1809,59.782
-0.20063,0,0,-0.034913,5.161,59.767
-0.22298,0,-0.033226,-0.033226,5.1367,59.887
-0.22298,0,0,-0.03485,5.1146,59.813
-0.22298,0,0,-0.040854,5.0925,59.801
-0.22226,0,-0.036305,-0.036305,5.0733,59.885
-0.22226,0,0,-0.026684,5.0512,59.829
-0.22226,0,0,-0.029328,5.0292,59.823
-0.22226,0,0,-0.025016,5.0071,59.833
-0.22226,0,0,-8.8,4.985,41.394
-0.22843,0,0.15722,0.15722,5.0064,59.898
-0.22843,0.015722,0,-8.8,4.9828,41.439
-0.19029,0,0.51836,-8.8,4.991,40.239
-0.19029,0,0,0.6933,5.016,61.276
-0.06667,0.06933,0.83239,-8.8,4.9897,39.468
-0.06667,0,0,0.85113,5.0201,61.355
0.09733,0.085113,0.84216,-8.8,5.0221,0
0.09733,0,0,0.81547,5.0673,2.7917
0.27331,0.081547,0.79966,0.79966,5.0954,0
0.36096,0.16151,0.78448,0.78448,5.1078,0
0.36096,0.23996,0,0.77375,5.1238,2.4953
0.36096,0.31734,0,-8.8,5.1321,0
0.36096,0,0,0.7999,5.1804,1.8066
0.36096,0.07999,0,0.91663,5.2125,2.6639
0.36096,0.17165,0,1.1157,5.236,4.1243
0.36096,0.28322,0,1.3754,5.2494,6.2422
1.012,0.42076,1.6519,1.6519,5.4628,0
1.012,0.58595,0,1.8588,5.5136,8.1209
1.012,0.77183,0,1.9799,5.5469,9.9373
1.5678,0.96981,2.007,4.9,5.63,12.238
1.5678,1.4598,0,-8.8,5.6653,0
1.5678,0.57981,0,1.9163,5.7201,5.9767
1.5678,0.77144,0,1.9,5.8093,6.7202
1.5678,0.96144,0,4.9,5.8794,36.111
1.5678,1.4514,0,4.9,5.9156,39.25
1.5678,1.9414,0,2.908,5.9027,21.424
1.5678,2.2322,0,2.0406,5.8508,15.039
3.139,2.4363,1.9955,1.7829,6.4042,0
3.139,2.6146,0,1.6366,6.4655,6.0799
3.54,2.7782,1.9995,1.583,6.5476,0
3.54,2.9365,0,1.5229,6.6158,4.9799
3.54,3.0888,0,1.4912,6.6686,5.4151
3.54,3.2379,0,1.4921,6.7062,6.062
4.334,3.3872,2.0274,1.4799,6.8961,0
4.334,3.5352,0,1.4893,6.9834,3.9623
4.334,3.6841,0,1.4768,7.0558,4.491
4.9339,3.8318,1.9894,1.4558,7.1937,0
5.1252,3.9773,2.0435,1.4435,7.301,0
5.1252,4.1217,0,1.4509,7.4086,2.9259
5.1252,4.2668,0,1.4702,7.5017,3.6072
5.1252,4.4138,0,1.4786,7.5802,4.2508
5.1252,4.5617,0,1.4901,7.6439,4.9342
5.1252,4.7107,0,1.4754,7.6928,5.467
6.3484,4.8582,1.7954,1.4703,8.0917,0
6.3484,5.0052,0,1.4595,8.2333,1.7055
6.3484,5.1512,0,1.4406,8.3603,2.137
6.3484,5.2953,0,1.4306,8.4729,2.6203
6.3484,5.4383,0,1.4236,8.571,3.1277
6.3484,5.5807,0,1.4199,8.6549,3.6636
7.4436,5.7227,1.8167,1.4281,9.0575,0
7.4436,5.8655,0,1.4278,9.2225,0.72222
7.4436,6.0083,0,1.4171,9.3731,1.1592
7.4436,6.15,0,1.4138,9.5096,1.6426
7.4436,6.2913,0,1.4082,9.6319,2.126
8.3224,6.4322,1.7721,1.4023,9.9445,0
8.4966,6.5724,1.865,1.4006,10.137,0
8.4966,6.7125,0,1.4062,10.322,0
8.8746,6.8531,1.8713,1.4203,10.536,0
8.8746,6.9951,0,1.4341,10.731,0
8.8746,7.1385,0,1.4424,10.912,0.26504
8.8746,7.2828,0,1.4511,11.079,0.78902
9.6439,7.4279,1.8394,1.4577,11.381,0
9.8336,7.5736,1.8145,1.4644,11.606,0
9.8336,7.7201,0,1.4668,11.825,0
9.8336,7.8668,0,1.4665,12.029,0
9.8336,8.0134,0,1.4622,12.218,0.081569
9.8336,8.1596,0,1.4628,12.393,0.56717
9.8336,8.3059,0,1.4631,12.553,1.0694
9.8336,8.4522,0,1.4597,12.698,1.5691
9.8336,8.5982,0,1.4679,12.829,2.1453
11.281,8.745,1.8909,1.4779,13.494,0
11.472,8.8928,1.9181,1.4862,13.749,0
11.472,9.0414,0,1.4993,14,0
11.472,9.1913,0,1.5063,14.235,0
11.472,9.3419,0,1.5137,14.456,0
11.472,9.4933,0,1.5175,14.661,0
11.472,9.6451,0,1.5283,14.852,0.36748
11.472,9.7979,0,1.5352,15.027,0.92311
11.472,9.9514,0,1.5411,15.186,1.4981
11.472,10.106,0,1.5388,15.331,2.0503
13.18,10.259,1.786,1.5388,16.255,0
13.18,10.413,0,1.5423,16.539,0
13.18,10.568,0,1.5403,16.808,0
13.18,10.722,0,1.5389,17.062,0
13.872,10.875,1.5236,1.5268,17.467,0
13.872,11.028,0,1.5129,17.759,0
13.872,11.179,0,1.496,18.036,0
13.872,11.329,0,1.4691,18.297,0
13.872,11.476,0,1.4428,18.544,0
13.872,11.62,0,1.4107,18.777,0
13.872,11.761,0,1.3761,18.995,0
14.678,11.899,0.75956,1.3447,19.512,0
14.745,12.033,0.6758,1.3041,19.793,0
14.745,12.164,0,1.27,20.058,0
14.871,12.291,0.45056,1.2262,20.324,0
14.871,12.413,0,1.1853,20.576,0
14.947,12.532,0.16501,1.1359,20.828,0
14.954,12.645,0.078017,1.0801,21.059,0
14.96,12.753,0.020963,1.0273,21.279,0
14.96,12.856,0,0.97792,21.494,0
14.96,12.954,0,0.92995,21.7,0
14.962,13.047,-0.1103,0.88044,21.894,0
14.943,13.135,-0.1395,0.8278,22.081,0
14.943,13.218,0,0.78167,22.258,0
14.943,13.296,0,0.73333,22.426,0
14.943,13.369,0,0.6871,22.587,0
14.943,13.438,0,0.64982,22.741,0
14.858,13.503,-0.14412,0.61161,22.88,0
14.848,13.564,-0.14748,0.57802,23.003,0
14.848,13.622,0,0.54776,23.129,0
14.848,13.677,0,0.51866,23.249,0
14.848,13.729,0,0.48663,23.363,0
14.848,13.777,0,0.45427,23.473,0
14.848,13.823,0,0.41742,23.578,0
14.71,13.864,-0.7264,0.37616,23.653,1.959
14.71,13.902,0,0.3242,23.735,0
14.71,13.934,0,0.26466,23.815,0
14.71,13.961,0,0.18098,23.891,0
14.71,13.979,0,0.084886,23.965,0
13.954,13.988,-2.3333,-0.004812,23.89,27.487
13.954,13.987,0,-0.037511,23.887,0
13.479,13.983,-2.4587,-0.072026,23.836,33.829
13.479,13.976,0,-0.10582,23.786,0.84145
13.479,13.966,0,-0.14178,23.737,0.72105
13.479,13.951,0,-0.17774,23.689,0.60083
13.479,13.934,0,-0.21337,23.643,0.48286
13.479,13.912,0,-0.24855,23.598,0.36858
13.479,13.887,0,-0.28305,23.556,0.25968
13.479,13.859,0,-0.31849,23.517,0.15511
13.479,13.827,0,-0.35506,23.481,0.057023
13.479,13.792,0,-0.39443,23.448,0
11.023,13.752,-2.4341,-0.43237,22.155,45.421
10.772,13.709,-2.4341,-0.47364,21.869,46.463
10.772,13.662,0,-0.5141,21.578,6.5406
10.772,13.61,0,-0.55592,21.292,6.1206
10.772,13.555,0,-0.59934,21.01,5.6915
10.772,13.495,0,-0.64504,20.735,5.2522
10.772,13.43,0,-0.69227,20.466,4.8097
10.772,13.361,0,-0.74042,20.204,4.37
10.772,13.287,0,-0.78875,19.949,3.9399
10.772,13.208,0,-0.83979,19.701,3.5136
10.772,13.124,0,-0.8907,19.462,3.107
8.5117,13.035,-2.0576,-0.94346,18.106,41.634
8.5117,12.941,0,-1.0002,17.658,9.7004
8.5117,12.841,0,-1.0565,17.22,8.9472
8.5117,12.735,0,-1.117,16.792,8.1782
8.5117,12.623,0,-1.1784,16.376,7.4197
7.5641,12.505,-1.7343,-1.2431,15.729,33.281
7.5641,12.381,0,-1.3101,15.241,9.3538
7.5641,12.25,0,-1.3796,14.766,8.4432
7.5641,12.112,0,-1.4531,14.304,7.5401
6.9025,11.967,-1.417,-1.5264,13.696,24.713
6.9025,11.814,0,-1.5936,13.198,8.1066
6.9025,11.655,0,-1.6677,12.714,7.175
6.9025,11.488,0,-1.7391,12.248,6.3109
6.3979,11.314,-0.90757,-1.809,11.699,13.978
6.3979,11.133,0,-1.8715,11.217,6.2182
6.3979,10.946,0,-1.9236,10.752,5.4884
6.3979,10.754,0,-5.2,10.307,65.962
6.1525,10.234,-0.3783,-5.2,9.8521,55.382
6.1525,9.7138,0,-5.2,9.47,58.341
6.1525,9.1938,0,-5.2,9.1398,57.275
6.0126,8.6738,-0.49951,-5.2,8.8447,45.716
5.9699,8.1538,-0.50966,-5.2,8.6048,43.049
5.9699,7.6338,0,-5.2,8.4124,47.976
5.9699,7.1138,0,-5.2,8.272,46.91
5.7981,6.5938,-0.66482,-5.2,8.1582,32.463
5.7981,6.0738,0,-0.12065,8.1046,0.31208
5.7981,6.0617,0,-0.14366,8.0777,0.2391
5.5484,6.0474,-1.1488,-8.8,8.0211,10.693
5.4244,5.1674,-1.2395,0.22676,8.0105,8.1062
5.4244,5.1901,0,0.098065,8.0351,0
5.1669,5.1999,-1.2994,-0.0097775,8.021,8.2428
5.1669,5.1989,0,-0.047256,8.0177,0
4.9188,5.1942,-1.3161,-0.082076,7.9846,9.1069
4.9188,5.186,0,-0.11707,7.9575,0.30205
4.6557,5.1742,-1.3576,-0.1567,7.8991,10.283
4.6557,5.1586,0,-0.19742,7.848,0.62175
4.3842,5.1388,-1.3552,-0.23336,7.7548,10.863
4.3842,5.1155,0,-0.27243,7.6805,0.94433
4.1165,5.0883,-1.3607,-0.30831,7.5857,11.457
3.9744,5.0574,-1.408,-8.8,7.4811,0
3.9744,4.1774,0,-0.09293,7.4168,0.22094
3.6874,4.1681,-1.3834,-0.12878,7.3758,10.667
3.6874,4.1553,0,-0.16278,7.3284,0.6276
3.4114,4.139,-1.4105,-0.19881,7.2547,11.777
3.4114,4.1191,0,-0.23664,7.183,0.98257
3.4114,4.0954,0,-0.27181,7.1134,0.84067
3.4114,4.0683,0,-8.8,7.0463,0
3.4114,3.1883,0,-0.077575,7.0247,0
3.4114,3.1805,0,-0.10789,7.0474,0
3.4114,3.1697,0,-0.13739,7.071,0
2.4376,3.156,-1.383,-0.16454,6.7603,5.9952
2.4376,3.1395,0,-0.19597,6.6893,1.0794
2.4376,3.1199,0,-0.2295,6.6201,0.94276
2.4376,3.097,0,-8.8,6.553,0
1.8002,2.217,-1.897,-0.071482,6.3929,5.6172
1.8002,2.2098,0,-0.10253,6.3516,0.64753
1.4279,2.1996,-1.9175,-0.13563,6.2667,6.124
1.2277,2.186,-1.932,-0.17086,6.1879,6.3928
1.0329,2.1689,-1.8802,-0.20645,6.0851,6.5163
0.84238,2.1483,-1.8691,-8.8,5.9579,0
0.84238,1.2683,0,-0.06684,5.8713,0.78116
0.84238,1.2616,0,-0.088466,5.829,0.70656
0.84238,1.2527,0,-0.10952,5.7876,0.63141
0.096811,1.2418,-1.8366,-8.8,5.6117,0
0.096811,0.36179,0,-1.8609,5.5412,0
0.096811,0.17569,0,-1.8623,5.524,0
0.096811,0,0,-1.8428,5.5254,0
-0.66954,0,-1.8511,-1.8511,5.3849,1.3782
-0.66954,0,0,-1.8475,5.3272,0
-1.0276,0,-1.8006,-1.8006,5.231,2.1123
-1.0276,0,0,-1.8129,5.1372,0
-1.0276,0,0,-1.742,5.0435,0
-1.5699,0,-1.682,-8.8,4.8822,0
-1.5699,0,0,-8.8,4.7692,0
-1.9013,0,-1.552,-8.8,4.6179,0
-1.9013,0,0,-8.8,4.4718,0
-1.9013,0,0,-8.8,4.3256,0
-1.9013,0,0,-8.8,4.1795,0
-2.4624,0,-1.2968,-8.8,3.9032,0
-2.4624,0,0,-8.8,3.701,0
-2.4624,0,0,-8.8,3.4987,0
-2.4624,0,0,-8.8,3.2965,0
-2.4624,0,0,-8.8,3.0942,0
-2.4624,0,0,-8.8,2.892,0
-2.4624,0,0,-8.8,2.6898,0
-3.3759,0,-1.4323,-8.8,2.1637,0
-3.5103,0,-1.47,-8.8,1.8554,0
-3.5103,0,0,-8.8,1.5483,0
-3.5103,0,0,-8.8,1.2413,0
-3.5103,0,0,-10.641,0.93427,0
-4.1082,0,-1.6329,-18.357,0.50459,0
-4.1082,0,0,-55.086,0.18555,0
-4.1082,0,0,-549.82,0.050163,0
-4.619,0,-1.6612,-8.8,2.3192,0
-4.776,0,-1.5604,-8.8,1.8887,0
-4.94,0,-1.3862,-9.7902,1.4519,0
-4.94,0,0,-14.013,1.0068,0
-5.2024,0,-1.062,-24.65,0.5737,0
-5.2024,0,0,-83.465,0.17671,0
-5.4042,0,-0.67047,-321.27,0.045548,0
-5.4042,0,0,-14.01,1.1115,0
-5.4042,0,0,-24.709,0.64112,0
-5.5649,0,-0.17924,-77.537,0.20016,0
-5.5649,0,0,-426.65,0.031358,0
-5.5649,0,0,-9.8315,1.6081,0
-5.5649,0,0,-14.52,1.1008,0
-5.5649,0,0,-25.998,0.61691,0
-5.6638,0,-0.18296,-86.903,0.18496,0
-5.6638,0,0,-276.48,0.05309,0
-5.6638,0,0,-18.513,0.86912,0
-5.699,0,-0.31314,-39.676,0.41255,0
-5.7298,0,-1.0954,-434.67,0.03786,0
-5.8364,0,-2.285,-12.726,1.6312,0
-6.0651,0,-3.5717,-20.344,1.0966,0
-6.0651,0,0,-40.732,0.59185,0
-6.0651,0,0,-242.2,0.189,0
-6.0651,0,0,-49.333,0.79348,0
-6.0651,0,0,-315.45,0.43363,0
-6.0651,0,0,-41.024,1.4044,0
-8.4345,0,-1.8595,-149.47,0.24098,0
-8.4345,0,0,-287.87,0.14488,0
-8.7765,0,-1.3432,-56.866,0.69366,0
-8.9126,0,-1.1166,-451.03,0.088277,0
-8.9126,0,0,-28.886,1.4522,0
-8.9126,0,0,-59.799,0.70535,0
-8.9126,0,0,-462.54,0.11309,0
-9.1742,0,0.075013,-28.334,1.4813,0
-9.1742,0,0,-60.029,0.70557,0
-9.1492,0,0.33419,-497.67,0.084043,0
-9.1492,0,0,-24.548,1.6575,0
-9.1492,0,0,-46.687,0.86531,0
-9.1492,0,0,-198.05,0.18382,0
-9.1492,0,0,-134.75,0.25915,0
-9.1492,0,0,-521.77,0.017961,0
-9.1492,0,0,-21.232,1.7119,0
-8.808,0,0.59359,-37.416,1.0205,0
-8.808,0,0,-114.07,0.32681,0
-8.808,0,0,-1083.3,0.016371,0
-8.808,0,0,-8.8,4.5522,0
-8.808,0,0,-8.8,3.7154,0
-8.421,0,1.4682,-10.475,2.9687,0
-8.2791,0,1.7658,-13.856,2.1939,0
-8.1029,0,1.9535,-20.895,1.4367,0
-8.1029,0,0,-39.645,0.73094,0
-7.7123,0,1.9768,-165.62,0.17745,0
-7.7123,0,0,-110.05,0.23431,0
-7.3076,0,2.0118,-420.88,0.063138,0
-7.0984,0,1.9486,-15.581,1.4372,0
-6.9014,0,1.9183,-27.476,0.81017,0
-6.9014,0,0,-80.92,0.25741,0
-6.5337,0,1.5922,-2460.2,0.0086703,0
-6.5337,0,0,1.3227,11.656,16.179
-6.5337,0.13227,0,1.0303,10.996,15.836
-6.1342,0.2353,0.75445,0.75445,10.379,13.063
-6.0601,0.31075,0.37848,0.37848,9.735,13.066
-6.0601,0.3486,0,0.12392,9.096,13.404
-6.0601,0.36099,0,0.051772,8.4545,13.278
-6.0601,0.36617,0,0.037336,7.8122,13.258
-6.0601,0.3699,0,-0.094227,7.1693,12.989
-6.0601,0.36048,0,-0.12947,6.5268,12.896
-6.0124,0.34753,-0.16105,-0.16105,5.9019,13.044
-6.0124,0.33143,0,-0.34611,5.2667,12.283
-6.0124,0.29681,0,-8.8,4.6341,0
-6.0124,0,0,-8.8,4.0471,0
-6.0124,0,0,-8.8,3.4899,0
-6.0124,0,0,-8.8,2.9326,0
-6.3113,0,-1.0289,-9.6768,2.303,0
-6.3113,0,0,-13.124,1.7202,0
-6.5295,0,-1.2026,-20.196,1.1224,0
-6.5295,0,0,-41.208,0.57038,0
-6.7882,0,-1.2289,-279.47,0.082806,0
-6.9148,0,-1.2107,-31.335,0.79362,0
-6.9148,0,0,-102.62,0.25881,0
-7.1491,0,-0.82447,-570.31,0.044874,0
-7.1491,0,0,-12.481,2.1815,0
-7.1491,0,0,-17.577,1.529,0
-7.1491,0,0,-30.045,0.90195,0
-7.1491,0,0,-85.154,0.33726,0
-7.1491,0,0,-2247.8,0.048114,0
-7.1773,0,0.9659,0.9659,10.535,14.719
-7.1773,0.09659,0,1.3596,9.8123,17.774
-7.1773,0.23255,0,1.524,9.0781,18.398
-6.7789,0.38495,1.368,1.368,8.3769,14.691
-6.7789,0.52174,0,0.85971,7.6536,16.778
-6.7789,0.60771,0,-0.14549,6.9193,14.842
-6.5654,0.59316,-1.2876,-1.2876,6.2337,14.681
-6.5654,0.4644,0,-2.1794,5.5243,9.8374
-6.9088,0.24646,-2.9087,-8.8,4.8048,2.2948
-6.9088,0,0,-9.7066,4.1333,0
-6.9088,0,0,-11.713,3.4909,0
-6.9088,0,0,-14.761,2.8586,0
-6.9088,0,0,-20.209,2.2415,0
-6.9088,0,0,-31.837,1.6517,0
-8.8194,0,-2.3234,-73.599,0.54564,0
-8.8194,0,0,-3011.5,0.031696,0
-9.2073,0,-0.69157,-0.69157,14.16,18.881
-9.2806,0,0.15916,0.15916,13.232,19.031
-9.2806,0.015916,0,0.848,12.304,20.845
-9.1904,0.10072,1.3114,1.3114,11.377,19.052
-9.0541,0.23186,1.635,1.635,10.441,19.042
-9.0541,0.39536,0,1.772,9.5043,23.1
-9.0541,0.57256,0,1.7735,8.5505,23.467
-8.5511,0.7499,1.8192,1.8192,7.6501,19.073
-8.5511,0.93183,0,-0.57732,6.7109,18.233
-8.1674,0.8741,2.0568,2.0568,5.7986,18.541
-7.9552,1.0798,2.1021,-8.8,4.8852,0
-7.9552,0.19977,0,-8.8,4.0257,0
-7.9552,0,0,-8.8,3.2542,0
-7.9552,0,0,-8.8,2.5027,0
-7.9552,0,0,-11.414,1.7512,0
-7.9552,0,0,-17.25,1.0127,0
-7.9552,0,0,-32.491,0.30345,0
-7.9552,0,0,-126.43,-0.32962,0
-7.9552,0,0,-141.63,-0.49299,0
-7.9552,0,0,-92.004,-0.58038,0
-6.0877,0,1.5276,-314.43,0.058646,0
-6.0877,0,0,-15.84,1.0221,0
-5.7986,0,1.3928,-31.96,0.50406,0
-5.6532,0,1.3183,-191.61,0.082826,0
-5.6532,0,0,-29.764,0.47555,0
-5.3768,0,1.3184,-151.89,0.094348,0
-5.3768,0,0,-41.505,0.31612,0
-5.3768,0,0,-7440.5,-0.014035,0
-5.3768,0,0,7.8,36.651,27.418
-4.8553,0.78,1.2414,7.8,36.17,25.339
-4.8553,1.56,0,7.8,35.568,29.547
-4.6062,2.34,1.147,7.8,34.914,28.225
-4.4842,3.12,1.1493,7.8,34.178,29.569
-4.4842,3.9,0,7.8,33.379,33.583
-4.2645,4.68,1.0786,7.8,32.53,32.465
-4.1487,5.46,1.0846,7.8,31.612,33.814
-4.042,6.24,1.1208,6.7,30.611,32.807
-4.042,6.91,0,6.7,29.55,36.536
-4.042,7.58,0,-0.62725,28.421,22.513
-3.691,7.5173,1.047,-0.65412,27.326,19.408
-3.691,7.4519,0,-0.68294,26.209,21.414
-3.691,7.3836,0,-0.71437,25.098,21.207
