0,0,-0.35476,0,35.5,0.74544
-0.036706,0,-0.412,7.8,35.508,17.331
-0.036706,0.78,0,7.8,35.465,18.064
-0.080785,1.56,-0.12195,7.8,35.33,20.01
-0.092981,2.34,0.01024,7.8,35.121,21.356
-0.092981,3.12,0,7.8,34.839,22.976
-0.075733,3.9,0.19245,7.8,34.48,24.136
-0.058652,4.68,0.2724,7.8,34.037,25.532
-0.058652,5.46,0,7.8,33.524,27.703
0.0018182,6.24,0.35966,6.7,32.928,97.21
0.034508,6.91,0.3727,6.7,32.276,101.46
0.034508,7.58,0,6.7,31.555,114.52
0.12186,8.25,0.21192,-0.43119,30.771,30.905
0.12186,8.2069,0,-0.44451,29.96,33.368
0.12186,8.1624,0,-0.45895,29.154,32.959
0.14634,8.1165,-0.26937,-0.47558,28.35,31.52
0.11795,8.069,-0.38874,-0.49426,27.549,30.655
0.11795,8.0196,0,-0.51394,26.756,31.591
0.11795,7.9682,0,-0.53606,25.968,31.071
0.11795,7.9146,0,-0.55883,25.186,30.534
-0.049597,7.8587,-0.33904,-0.58377,24.398,31.423
-0.091243,7.8003,-0.2047,-0.6102,23.606,31.051
-0.091243,7.7393,0,-0.63657,22.82,30.44
-0.091243,7.6756,0,-0.66351,22.04,30.253
-0.091243,7.6093,0,-0.69051,21.267,30.06
-0.091243,7.5402,0,-0.71771,20.501,29.862
-0.091243,7.4684,0,-0.74426,19.741,29.659
0.0035581,7.394,0.24315,-0.77209,18.994,23.322
0.0035581,7.3168,0,-0.8033,18.259,25.45
0.03704,7.2365,-0.14267,-0.83932,17.524,24.11
0.03704,7.1525,0,-0.87819,16.808,23.678
0.0039491,7.0647,-0.39733,-0.92267,16.098,21.995
0.0039491,6.9725,0,-0.97281,15.396,22.042
0.0039491,6.8752,0,-1.0272,14.704,21.052
0.0039491,6.7725,0,-1.0839,14.022,20.031
0.0039491,6.6641,0,-1.1453,13.351,18.96
-0.21784,6.5495,-0.45329,-1.2129,12.65,19.99
-0.21784,6.4282,0,-1.2873,11.979,18.633
-0.21784,6.2995,0,-1.3633,11.321,18.209
-0.21784,6.1632,0,-1.4512,10.676,17.745
-0.38974,6.0181,-0.37747,-1.543,10.007,18.4
-0.38974,5.8638,0,-1.6413,9.3736,17.084
-0.4567,5.6996,-0.30513,-1.7442,8.7507,17.31
-0.48489,5.5252,-0.25295,-1.8521,8.1486,16.674
-0.50644,5.34,-0.19813,-8.8,7.5504,1.6238
-0.50644,4.46,0,-8.8,7.0098,0
-0.50644,3.58,0,-8.8,6.5571,0
-0.50644,2.7,0,-8.8,6.1925,0
-0.50644,1.82,0,-8.8,5.9158,0
-0.50644,0.94001,0,-0.12308,5.7272,10.42
-0.50644,0.9277,0,-0.12529,5.5831,10.39
-0.553,0.91517,-0.020816,-8.8,5.4155,0
-0.54838,0.035175,-0.0027492,-0.0027492,5.3089,8.9095
-0.54838,0.0349,0,0.025494,5.2506,8.9625
-0.55233,0.037449,0.031291,0.031291,5.1985,8.9223
-0.55807,0.040578,0.028484,0.028484,5.134,8.9405
-0.54682,0.043427,0.03216,0.03216,5.0817,8.9232
-0.54903,0.046643,0.0057215,-8.8,5.0218,0
-0.54903,0,0,-8.8,5.0063,0
-0.54903,0,0,-8.8,4.9954,0
-0.57504,0,-0.054913,-8.8,4.9815,0
-0.58724,0,-0.048371,-8.8,4.9644,0
-0.58724,0,0,-8.8,4.9497,0
-0.58724,0,0,-8.8,4.935,0
-0.58724,0,0,-8.8,4.9203,0
-0.58724,0,0,-8.8,4.9055,0
-0.58724,0,0,-8.8,4.8908,0
-0.57431,0,0.17239,-8.8,4.8598,0
-0.55112,0,0.20953,-8.8,4.8556,0
-0.5357,0,0.2032,-8.8,4.8472,0
-0.5357,0,0,-8.8,4.8376,0
-0.5357,0,0,-8.8,4.828,0
-0.46201,0,0.13525,-8.8,4.8309,0
-0.46201,0,0,-8.8,4.8287,0
-0.44468,0,0.13146,-8.8,4.838,0
-0.44468,0,0,-8.8,4.8376,0
-0.44468,0,0,-8.8,4.8371,0
-0.39362,0,0.076864,-8.8,4.8459,0
-0.39362,0,0,-8.8,4.8505,0
-0.39362,0,0,-8.8,4.8552,0
-0.37317,0,0.025021,-8.8,4.8396,0
-0.37125,0,-0.032263,-8.8,4.8378,0
-0.37125,0,0,-8.8,4.8447,0
-0.395,0,-0.24168,-8.8,4.844,0
-0.395,0,0,-8.8,4.8485,0
-0.395,0,0,-8.8,4.853,0
-0.395,0,0,-8.8,4.8575,0
-0.395,0,0,-8.8,4.862,0
-0.395,0,0,-8.8,4.8665,0
-0.395,0,0,-8.8,4.871,0
-0.395,0,0,-8.8,4.8755,0
-0.395,0,0,-8.8,4.88,0
-0.395,0,0,-8.8,4.8845,0
-0.395,0,0,-8.8,4.889,0
-0.89923,0,-0.48397,-8.8,4.6357,0
-0.89923,0,0,-8.8,4.5898,0
-1.004,0,-0.56335,-8.8,4.5264,0
-1.004,0,0,-8.8,4.47,0
-1.004,0,0,-8.8,4.4136,0
-1.1702,0,-0.4688,-8.8,4.3328,0
-1.1702,0,0,-8.8,4.2598,0
-1.1702,0,0,-8.8,4.1868,0
-1.1702,0,0,-8.8,4.1138,0
-1.1702,0,0,-8.8,4.0407,0
-1.3311,0,0.10036,-8.8,3.9303,0
-1.3311,0,0,-8.8,3.8412,0
-1.3311,0,0,-8.8,3.7521,0
-1.3311,0,0,-8.8,3.6629,0
-1.3311,0,0,-8.8,3.5738,0
-1.3311,0,0,-8.8,3.4847,0
-1.1812,0,0.28074,-8.8,3.4364,0
-1.1812,0,0,-8.8,3.3623,0
-1.1812,0,0,-8.8,3.2882,0
-1.1812,0,0,-8.8,3.214,0
-1.1812,0,0,-8.8,3.1399,0
-1.1812,0,0,-8.8,3.0658,0
-1.1812,0,0,-8.8,2.9917,0
-1.1812,0,0,-8.8,2.9176,0
-1.1812,0,0,-8.8,2.8434,0
-1.1812,0,0,-8.8,2.7693,0
-1.0564,0,-0.33587,-8.8,2.8483,0
-1.0564,0,0,-8.8,2.7867,0
-1.1175,0,-0.13353,-8.8,2.7221,0
-1.1175,0,0,-8.8,2.6543,0
-1.1175,0,0,-8.8,2.5866,0
-1.1313,0,-0.011898,-8.8,2.5101,0
-1.1408,0,-0.032018,-8.8,2.4343,0
-1.1501,0,-0.041464,-8.8,2.3614,0
-1.1625,0,-0.0082488,-8.8,2.2814,0
-1.1625,0,0,-8.8,2.2092,0
-1.1625,0,0,-8.8,2.1369,0
-1.1347,0,0.33331,-8.8,2.056,0
-1.1347,0,0,-8.8,1.9865,0
-1.0463,0,0.51108,-8.8,1.9189,0
-1.0463,0,0,-8.8,1.8583,0
-1.0463,0,0,-8.8,1.7976,0
-1.0463,0,0,-8.8,1.737,0
-1.0463,0,0,-8.8,1.6764,0
-0.80713,0,0.39629,-8.8,1.6884,0
-0.80713,0,0,-8.8,1.6517,0
-0.72551,0,0.40297,-8.8,1.6347,0
-0.72551,0,0,-8.8,1.6061,0
-0.63955,0,0.38029,-8.8,1.5923,0
-0.60698,0,0.34472,-8.8,1.5701,0
-0.60698,0,0,-8.8,1.5534,0
-0.60698,0,0,-8.8,1.5367,0
-0.51775,0,0.23266,-8.8,1.5394,0
-0.51775,0,0,-8.8,1.5316,0
-0.47838,0,0.17953,-8.8,1.5316,0
-0.45192,0,0.19005,-8.8,1.5218,0
-0.45192,0,0,-8.8,1.5206,0
-0.42589,0,0.22201,-8.8,1.5261,0
-0.40841,0,0.22879,-8.8,1.5385,0
-0.40841,0,0,-8.8,1.5417,0
-0.40841,0,0,-8.8,1.5448,0
-0.34778,0,0.21149,-8.8,1.5471,0
-0.32262,0,0.19808,-8.8,1.5584,0
-0.30457,0,0.20017,-8.8,1.5754,0
-0.29039,0,0.20312,-8.8,1.5822,0
-0.29039,0,0,-8.8,1.5971,0
-0.29039,0,0,-8.8,1.6121,0
-0.29039,0,0,-8.8,1.627,0
-0.29039,0,0,-8.8,1.642,0
-0.19907,0,0.22021,-8.8,1.664,0
-0.19907,0,0,-8.8,1.688,0
-0.19907,0,0,-8.8,1.7121,0
-0.12949,0,0.38641,-8.8,1.7397,0
-0.12949,0,0,-8.8,1.7707,0
-0.052531,0,0.44238,-8.8,1.8117,0
-0.0010489,0,0.44255,-8.8,1.8622,0
-0.0010489,0,0,-8.8,1.9061,0
-0.0010489,0,0,-8.8,1.95,0
-0.0010489,0,0,-8.8,1.9939,0
0.1639,0,0.43782,-8.8,2.0601,0
0.1639,0,0,-8.8,2.1205,0
0.1639,0,0,-8.8,2.1809,0
0.1639,0,0,-8.8,2.2413,0
0.1639,0,0,-8.8,2.3017,0
0.1639,0,0,-8.8,2.3621,0
0.42869,0,0.41583,-8.8,2.4991,0
0.47283,0,0.45212,-8.8,2.5787,0
0.52156,0,0.50877,-8.8,2.6674,0
0.52156,0,0,-8.8,2.7636,0
0.52156,0,0,-8.8,2.8598,0
0.52156,0,0,-8.8,2.9559,0
0.52156,0,0,-8.8,3.0521,0
0.82002,0,0.66916,-8.8,3.2344,0
0.82002,0,0,-8.8,3.3604,0
0.82002,0,0,-8.8,3.4864,0
0.82002,0,0,-8.8,3.6124,0
1.0516,0,0.49494,-8.8,3.8055,0
1.0516,0,0,-8.8,3.9546,0
1.1469,0,0.48236,-8.8,4.0984,0
1.1469,0,0,-8.8,4.2571,0
1.1469,0,0,-8.8,4.4158,0
1.1469,0,0,-8.8,4.5745,0
1.3275,0,0.48299,-8.8,4.7615,0
1.3669,0,0.42955,-8.8,4.9504,0
1.405,0,0.40722,0.40722,5.1349,0
1.4514,0.040722,0.42092,0.42092,5.2724,0
1.4514,0.082814,0,0.43113,5.4114,0
1.5363,0.12593,0.42175,0.42175,5.5553,0
1.5363,0.1681,0,0.38739,5.6942,0
1.5363,0.20684,0,0.36441,5.8291,0
1.5363,0.24328,0,0.33372,5.9602,0
1.5363,0.27665,0,0.32115,6.0879,0
1.7175,0.30877,0.31947,0.31947,6.2381,0
1.7175,0.34072,0,0.33513,6.3774,0
1.7963,0.37423,0.32276,0.32276,6.516,0
1.7963,0.4065,0,0.30645,6.6566,0
1.7963,0.43715,0,0.30307,6.7941,0
1.887,0.46746,0.28721,0.28721,6.9497,0
1.9096,0.49618,0.24881,0.24881,7.0872,0
1.9096,0.52106,0,0.27949,7.2273,0
1.9557,0.54901,0.30215,0.30215,7.3736,0
1.9557,0.57922,0,0.29934,7.5128,0
2.0279,0.60916,0.27299,0.27299,7.6463,0
2.0279,0.63646,0,0.26562,7.7868,0
2.0834,0.66302,0.21422,0.21422,7.9276,0
2.1138,0.68444,0.17508,0.17508,8.0699,0
2.1362,0.70195,0.15172,0.15172,8.2151,0
2.1362,0.71712,0,0.15255,8.3578,0
2.1362,0.73237,0,0.14558,8.4989,0
2.1362,0.74693,0,0.13038,8.6386,0
2.2026,0.75997,0.14124,0.14124,8.7907,0
2.2026,0.77409,0,0.15121,8.9343,0
2.2374,0.78921,0.13992,0.13992,9.0708,0
2.2374,0.80321,0,0.14023,9.2149,0
2.2374,0.81723,0,0.14174,9.3576,0
2.2374,0.8314,0,0.12083,9.4989,0
2.2956,0.84349,0.1066,0.1066,9.6267,0
2.2956,0.85415,0,0.099964,9.7714,0
2.3084,0.86414,0.098948,0.098948,9.9134,0
2.3133,0.87404,0.10318,0.10318,10.058,0
2.3151,0.88436,0.11947,4.9,10.2,29.112
2.3151,1.3744,0,4.9,10.318,33.99
2.3151,1.8644,0,2.8226,10.388,16.012
2.3373,2.1466,0.15415,0.92102,10.411,2.1729
2.3373,2.2387,0,0.53041,10.426,1.4441
2.3373,2.2918,0,0.37875,10.433,1.0002
2.3373,2.3296,0,0.25148,10.435,0.6596
2.3373,2.3548,0,0.19544,10.435,0.54696
2.4118,2.3743,0.049755,0.15326,10.444,0.15838
2.4205,2.3897,0.018976,0.12514,10.448,0.18011
2.4216,2.4022,-0.014355,0.078105,10.449,0.17154
2.4106,2.41,-0.053461,0.0026783,10.457,0.1245
2.4106,2.4102,0,-0.00023999,10.457,0
2.4106,2.4102,0,-0.00069355,10.457,0
2.4106,2.4102,0,-0.0022377,10.457,0
2.3738,2.4099,-0.10407,-0.0030159,10.448,0.32239
2.3738,2.4096,0,-0.0039652,10.444,0.065586
2.3738,2.4092,0,-0.004076,10.441,0.06452
2.3592,2.4088,-0.095243,-0.0041427,10.438,0.32693
2.3592,2.4084,0,-0.0041232,10.433,0.093123
2.3592,2.408,0,-0.0049153,10.428,0.090517
2.3485,2.4075,-0.082805,-0.0049414,10.423,0.31353
2.3485,2.407,0,-0.0058545,10.417,0.109
2.3223,2.4064,-0.12177,-0.0070681,10.398,0.4754
2.3223,2.4057,0,-0.0076893,10.389,0.15762
2.3223,2.4049,0,-0.0090972,10.381,0.1528
2.3223,2.404,0,-0.0097178,10.373,0.14947
2.3223,2.4031,0,-0.010371,10.365,0.14594
2.272,2.402,-0.12925,-0.010972,10.356,0.59906
2.272,2.4009,0,-0.012112,10.343,0.24526
2.272,2.3997,0,-0.012718,10.33,0.24121
2.2467,2.3985,-0.10403,-0.012882,10.309,0.57165
2.2467,2.3972,0,-0.014087,10.294,0.28763
2.2467,2.3958,0,-0.015106,10.279,0.28211
2.2184,2.3942,-0.066567,-0.015024,10.256,0.51604
2.2061,2.3927,-0.035534,-0.015975,10.242,0.45423
2.2061,2.3911,0,-0.016598,10.223,0.35794
2.2061,2.3895,0,-0.017381,10.205,0.35232
2.2061,2.3877,0,-0.017154,10.187,0.34901
2.2061,2.386,0,-0.017003,10.168,0.34557
2.2061,2.3843,0,-0.017286,10.151,0.34111
2.2061,2.3826,0,-0.017802,10.133,0.33602
2.1596,2.3808,-0.039799,-0.019312,10.088,0.53764
2.1596,2.3789,0,-0.018886,10.066,0.42911
2.1636,2.377,-0.034481,-0.018706,10.052,0.50646
2.1628,2.3751,-0.042286,-0.018681,10.024,0.52517
2.1561,2.3733,-0.087589,-0.019131,10.012,0.66542
2.1561,2.3713,0,-0.020364,9.99,0.41628
2.1561,2.3693,0,-0.021466,9.9686,0.40893
2.1239,2.3672,-0.098969,-0.021596,9.946,0.75754
2.1239,2.365,0,-0.02315,9.9218,0.46755
2.1239,2.3627,0,-0.023476,9.8978,0.46146
2.1018,2.3603,-0.059915,-0.023184,9.8692,0.67329
2.1018,2.358,0,-0.022778,9.8435,0.50324
2.1018,2.3557,0,-0.024056,9.818,0.4947
2.0849,2.3533,-0.10576,-0.024253,9.8051,0.83475
2.0707,2.3509,-0.10693,-0.025359,9.7871,0.86501
2.0707,2.3484,0,-0.026159,9.7593,0.54359
2.0493,2.3458,-0.085514,-0.027015,9.7329,0.83345
2.0309,2.3431,-0.053106,-0.028598,9.6935,0.76868
2.0309,2.3402,0,-0.029734,9.6624,0.60752
2.0309,2.3372,0,-0.030871,9.6316,0.59753
2.0309,2.3341,0,-0.030696,9.6012,0.59081
2.0036,2.3311,-0.065017,-0.030474,9.5705,0.83742
1.989,2.328,-0.067761,-0.031682,9.5387,0.87141
1.989,2.3249,0,-0.032265,9.5049,0.66322
1.972,2.3216,-0.116,-0.033065,9.4522,1.0512
1.972,2.3183,0,-0.034523,9.4174,0.68165
1.972,2.3149,0,-0.040969,9.3829,0.6559
1.972,2.3108,0,-0.056986,9.3488,0.60359
1.972,2.3051,0,-0.080979,9.3152,0.52908
1.972,2.297,0,-0.11388,9.2823,0.43189
1.972,2.2856,0,-0.15726,9.2504,0.31245
0.30561,2.2699,-3.9128,-0.20281,8.831,12.29
0.30561,2.2496,0,-0.2485,8.6356,4.5372
0.30561,2.2247,0,-0.29453,8.4425,4.2282
0.30561,2.1953,0,-0.34306,8.252,3.9044
-1.1094,2.161,-3.1623,-0.39499,7.7762,13.27
-1.1094,2.1215,0,-0.45226,7.4511,6.4244
-1.1094,2.0762,0,-0.51809,7.1303,6.1934
-1.1094,2.0244,0,-0.59551,6.8143,5.9245
-1.1094,1.9649,0,-0.69027,6.5039,5.6033
-2.8136,1.8959,-4.0639,-8.8,5.7809,0.45409
-2.8136,1.0159,0,-8.8,5.354,0
-2.8136,0.13586,0,-8.8,5.015,0
-2.8136,0,0,-8.8,4.7641,0
-2.8136,0,0,-8.8,4.5267,0
-2.8136,0,0,-8.8,4.2894,0
-2.8136,0,0,-8.8,4.052,0
-5.5818,0,-2.5641,-8.8,2.7778,0
-5.838,0,-2.102,-9.6778,2.2494,0
-5.838,0,0,-12.514,1.714,0
-5.838,0,0,-18.228,1.1928,0
-5.838,0,0,-33.678,0.70011,0
-6.4696,0,-0.82906,-136.37,0.1544,0
-6.4696,0,0,-113.79,0.18928,0
-6.4696,0,0,-216.94,0.11126,0
-6.7108,0,-0.70376,-44.605,0.5129,0
-6.7108,0,0,-356.97,0.064853,0
-6.7108,0,0,-20.626,1.1786,0
-6.7108,0,0,-41.337,0.61068,0
-6.7108,0,0,-251.76,0.14629,0
-6.9999,0,-0.05154,-37.22,0.65914,0
-6.9999,0,0,-169.73,0.14525,0
-6.995,0,0.42221,-82.126,0.29637,0
-6.9597,0,0.63748,-1519.7,0.01593,0
-6.8939,0,0.77347,0.77347,6.9231,14.884
-6.8939,0.077347,0,0.84989,6.2298,16.828
-6.7312,0.16234,0.90666,0.90666,5.5476,14.883
-6.7312,0.253,0,-8.8,4.8537,0
-6.5617,0,0.86132,-8.8,4.2021,0
-6.4766,0,0.88669,-8.8,3.6039,0
-6.4766,0,0,-8.8,3.0002,0
-6.2776,0,1.13,-8.8,2.4127,0
-6.16,0,1.299,-9.0883,1.8265,0
-6.16,0,0,-12.841,1.256,0
-6.16,0,0,-21.798,0.70418,0
-6.16,0,0,-58.187,0.19717,0
-5.5226,0,1.6731,-1790,0.0085112,0
-5.5226,0,0,1.6008,8.4064,15.437
-5.5226,0.16008,0,1.5094,7.8461,15.573
-5.5226,0.31103,0,1.4633,7.2703,15.785
-5.5226,0.45735,0,1.4134,6.6796,15.98
-4.7464,0.5987,1.3732,1.3732,6.2891,11.709
-4.6056,0.73602,1.3282,1.3282,5.7483,11.702
-4.6056,0.86884,0,-8.8,5.2075,0
-4.3306,0,1.2965,-8.8,4.7254,0
-4.1917,0,1.2386,-8.8,4.3342,0
-4.1917,0,0,-8.8,3.959,0
-3.9617,0,1.0213,-8.8,3.6203,0
-3.9617,0,0,-8.8,3.2681,0
-3.9617,0,0,-8.8,2.9159,0
-3.7061,0,0.52858,-8.8,2.5973,0
-3.7061,0,0,-8.8,2.2707,0
-3.7061,0,0,-8.8,1.9441,0
-3.7061,0,0,-8.8,1.6175,0
-3.5264,0,0.40118,-8.8,1.3378,0
-3.5264,0,0,-8.8,1.0291,0
-3.5264,0,0,-8.8,0.72048,0
-3.5264,0,0,-13.078,0.41184,0
-3.5264,0,0,-37.385,0.12459,0
-3.3137,0,0.45608,9.8,1,27.178
-3.2733,0.98,0.46434,-13.954,0.62734,0
-3.2733,0,0,-17.892,0.27178,0
-3.2733,0,0,-95.461,0.033904,0
-3.1288,0,0.43622,-22.568,0.21277,0
-3.0805,0,0.4234,-404.33,0.011722,0
-3.0479,0,0.39768,-8.8,1.7339,0
-3.0479,0,0,-8.8,1.4731,0
-2.9699,0,0.33025,-8.8,1.2147,0
-2.9699,0,0,-8.8,0.96166,0
-2.9068,0,0.16826,-8.8,0.70621,0
-2.8967,0,-0.031983,-9.1929,0.45798,0
-2.8967,0,0,-19.082,0.21427,0
-2.909,0,-0.38931,-181.74,0.023332,0
-2.9452,0,-0.56997,-8.8,0.64307,0
-3.0116,0,-0.67177,-12.312,0.3896,0
-3.0116,0,0,-31.14,0.15,0
-3.1602,0,-0.73484,-3627.1,0.001377,0
-3.1602,0,0,-0.79405,17.821,5.5613
-3.1602,0,0,-0.83405,17.509,5.4773
-3.1602,0,0,-0.90043,17.197,5.3378
-3.1602,0,0,-1.0077,16.885,5.1123
-3.1602,0,0,-1.1167,16.574,4.8833
-3.1602,0,0,-1.2132,16.264,4.6806
-3.8287,0,-1.2963,-1.2963,15.743,8.6002
-3.9589,0,-1.3084,-1.3084,15.363,8.8672
-3.9589,0,0,-1.294,14.973,6.1482
-4.2112,0,-1.2152,-1.2152,14.561,9.3843
-4.2112,0,0,-1.0854,14.145,7.1037
-4.2112,0,0,-0.94013,13.73,7.4089
-4.2112,0,0,-0.80679,13.313,7.6891
-4.2112,0,0,-0.66499,12.896,7.987
-4.2112,0,0,-0.57725,12.479,8.1714
-4.2112,0,0,-0.52794,12.06,8.275
-4.8083,0,-0.50963,-0.50963,11.401,10.608
-4.8083,0,0,-0.51197,10.923,9.5327
-4.8991,0,-0.51967,-0.51967,10.439,10.795
-4.9588,0,-0.54289,-0.54289,9.9421,10.917
-5.0222,0,-0.53516,-0.53516,9.4475,11.047
-5.0222,0,0,-0.48446,8.948,10.029
-5.1284,0,-0.40709,-0.40709,8.4368,11.265
-5.1284,0,0,-0.30394,7.926,10.626
-5.2057,0,-0.19377,-0.19377,7.4046,11.423
-5.2057,0,0,-0.09928,6.885,11.214
-5.2205,0,-0.034731,-0.034731,6.352,11.454
-5.2205,0,0,0.0069348,5.8301,11.468
-5.2205,0.00069348,0,0.012232,5.308,11.481
-5.2259,0.0019166,0.0072132,-8.8,4.7898,0
-5.2259,0,0,-8.8,4.311,0
-5.2259,0,0,-8.8,3.8324,0
-5.2335,0,0.010667,-8.8,3.3401,0
-5.2335,0,0,-8.8,2.8608,0
-5.2335,0,0,-8.8,2.3814,0
-5.2335,0,0,-8.8,1.9021,0
-5.2424,0,-0.18165,-9.8383,1.423,0
-5.2565,0,-0.2716,-14.895,0.94478,0
-5.2756,0,-0.37758,-28.354,0.49741,0
-5.3208,0,-0.46043,-124.49,0.11413,0
-5.3668,0,-0.51647,-68.884,0.21065,0
-5.4208,0,-0.52388,-768.98,0.019119,0
-5.4728,0,-0.52907,-8.8,3.3272,0
-5.5253,0,-0.50641,-8.8,2.8216,0
-5.5253,0,0,-8.8,2.3131,0
-5.5253,0,0,-9.3181,1.8045,0
-5.5253,0,0,-13.089,1.2986,0
-5.7084,0,-0.48176,-21.698,0.76793,0
-5.7084,0,0,-56.396,0.30558,0
-5.7084,0,0,-2562.1,0.016725,0
-5.857,0,-0.30229,-0.30229,12.237,12.758
