16.667,16.667,0.3915,0,35.5,0
16.667,16.667,0,0.019447,35.5,0.041811
16.667,16.669,0,0.023942,35.5,0.055847
16.667,16.671,0,0.051451,35.5,0.12415
16.832,16.676,0.64518,0.073147,35.522,0
16.832,16.683,0,0.10354,35.537,0
16.832,16.694,0,0.12418,35.551,0
16.832,16.706,0,0.14339,35.564,0.060136
16.832,16.721,0,0.16067,35.576,0.13702
16.832,16.737,0,0.18082,35.587,0.22861
16.832,16.755,0,0.19856,35.595,0.32182
16.832,16.775,0,0.21152,35.602,0.40836
16.832,16.796,0,0.22846,35.607,0.51277
17.331,16.819,0.49045,0.23906,35.845,0
17.387,16.842,0.44902,0.25347,35.888,0
17.387,16.868,0,0.25829,35.941,0
17.387,16.894,0,0.27153,35.992,0
17.533,16.921,0.55864,0.28438,36.062,0
17.533,16.949,0,0.3007,36.122,0
17.654,16.979,0.38547,0.31238,36.187,0
17.654,17.011,0,0.31787,36.253,0
17.654,17.042,0,0.31591,36.315,0
17.654,17.074,0,0.30893,36.375,0
17.654,17.105,0,0.29894,36.432,0
17.755,17.135,0.054077,0.28511,36.522,0
17.762,17.163,-0.036705,0.27492,36.577,0
17.761,17.191,-0.069995,0.26136,36.629,0
17.763,17.217,-0.069593,0.24993,36.678,0
17.763,17.242,0,0.23835,36.732,0
17.763,17.266,0,0.22868,36.783,0
17.763,17.289,0,0.21604,36.831,0
17.76,17.31,0.062189,0.2049,36.882,0
17.76,17.331,0,0.19773,36.925,0
17.76,17.35,0,0.18993,36.967,0
17.771,17.369,0.20425,0.18279,37.015,0
17.771,17.388,0,0.1803,37.055,0
17.807,17.406,0.28692,0.18242,37.097,0
17.83,17.424,0.27335,0.18439,37.139,0
17.83,17.442,0,0.18681,37.178,0
17.83,17.461,0,0.19095,37.216,0
17.83,17.48,0,0.19801,37.252,0
17.83,17.5,0,0.19925,37.286,0
17.968,17.52,0.31924,0.20231,37.333,0
18.006,17.54,0.41707,0.21021,37.371,0
18.006,17.561,0,0.22139,37.417,0
18.006,17.583,0,0.23925,37.46,0
18.175,17.607,0.59977,0.25556,37.536,0
18.175,17.633,0,0.27055,37.591,0
18.175,17.66,0,0.28277,37.644,0
18.175,17.688,0,0.29501,37.694,0
18.392,17.718,0.57148,0.30232,37.788,0
18.392,17.748,0,0.31532,37.854,0
18.392,17.779,0,0.33241,37.916,0
18.574,17.813,0.55025,0.33984,37.983,0
18.574,17.847,0,0.35026,38.058,0
18.69,17.882,0.44736,0.35947,38.136,0
18.743,17.918,0.43587,0.36665,38.223,0
18.794,17.954,0.45212,0.37284,38.31,0
18.794,17.992,0,0.37733,38.392,0
18.794,18.029,0,0.37711,38.471,0
18.794,18.067,0,0.37874,38.545,0
18.794,18.105,0,0.37998,38.616,0
19.011,18.143,0.4952,0.38224,38.74,0
19.011,18.181,0,0.38529,38.825,0
19.092,18.22,0.35897,0.38292,38.908,0
19.092,18.258,0,0.38381,38.993,0
19.092,18.296,0,0.38666,39.074,0
19.228,18.335,0.43308,0.39032,39.162,0
19.271,18.374,0.54211,0.39117,39.249,0
19.271,18.413,0,0.3977,39.337,0
19.271,18.453,0,0.4067,39.421,0
19.271,18.494,0,0.40961,39.5,0
19.271,18.534,0,0.40832,39.576,0
19.516,18.575,0.29987,0.40722,39.726,0
19.544,18.616,0.30091,0.401,39.818,0
19.574,18.656,0.33701,0.39629,39.902,0
19.616,18.696,0.36189,0.39645,39.997,0
19.616,18.735,0,0.3975,40.087,0
19.616,18.775,0,0.39468,40.173,0
19.723,18.815,0.37951,0.38987,40.278,0
19.723,18.854,0,0.39309,40.367,0
19.723,18.893,0,0.39485,40.452,0
19.853,18.932,0.39756,0.39332,40.552,0
19.853,18.972,0,0.39524,40.642,0
19.947,19.011,0.40928,0.39876,40.733,0
19.99,19.051,0.42068,0.39917,40.831,0
20.039,19.091,0.47331,0.40238,40.92,0
20.093,19.131,0.49675,0.40777,41.011,0
20.093,19.172,0,0.40949,41.105,0
20.093,19.213,0,0.4147,41.195,0
20.093,19.255,0,0.41257,41.281,0
20.093,19.296,0,0.40873,41.363,0
20.304,19.337,0.41656,0.40726,41.49,0
20.304,19.377,0,0.40972,41.585,0
20.394,19.418,0.49218,0.4095,41.675,0
20.394,19.459,0,0.40943,41.77,0
20.394,19.5,0,0.41538,41.862,0
20.538,19.542,0.40655,0.41606,41.951,0
20.588,19.583,0.39714,0.41888,42.055,0
20.588,19.625,0,0.41656,42.153,0
20.661,19.667,0.33362,0.41326,42.264,0
20.661,19.708,0,0.40954,42.361,0
20.729,19.749,0.26287,0.40638,42.47,0
20.729,19.79,0,0.3983,42.566,0
20.772,19.83,0.25812,0.38989,42.659,0
20.772,19.869,0,0.38438,42.751,0
20.829,19.907,0.21196,0.38032,42.85,0
20.848,19.945,0.1812,0.37199,42.937,0
20.856,19.982,0.17084,0.35956,43.022,0
20.856,20.018,0,0.35139,43.107,0
20.884,20.053,0.20306,0.34091,43.194,0
20.884,20.088,0,0.33307,43.275,0
20.884,20.121,0,0.32614,43.353,0
20.944,20.153,0.26745,0.32349,43.443,0
20.944,20.186,0,0.32133,43.521,0
20.944,20.218,0,0.31933,43.595,0
20.944,20.25,0,0.31686,43.666,0
20.944,20.282,0,0.3174,43.734,0
21.083,20.313,0.27515,0.31325,43.813,0
21.119,20.345,0.34645,0.31455,43.882,0
21.145,20.376,0.32046,0.31234,43.959,0
21.173,20.407,0.31102,0.3104,44.041,0
21.173,20.438,0,0.30868,44.115,0
21.173,20.469,0,0.30938,44.187,0
21.173,20.5,0,0.30794,44.256,0
21.173,20.531,0,0.31368,44.322,0
21.354,20.562,0.37404,0.3194,44.424,0
21.354,20.594,0,0.31872,44.502,0
21.354,20.626,0,0.31906,44.576,0
21.464,20.658,0.36341,0.32407,44.648,0
21.464,20.69,0,0.32607,44.727,0
21.464,20.723,0,0.32661,44.803,0
21.464,20.756,0,0.32409,44.875,0
21.464,20.788,0,0.3208,44.944,0
21.464,20.82,0,0.315,45.01,0
21.464,20.852,0,0.30252,45.073,0
21.464,20.882,0,0.29181,45.133,0
21.616,20.911,-0.019696,0.28138,45.28,0
21.605,20.939,-0.034618,0.26539,45.346,0
21.605,20.966,0,0.25115,45.411,0
21.598,20.991,-0.075086,0.24168,45.461,0
21.598,21.015,0,0.22592,45.521,0
21.598,21.038,0,0.21212,45.578,0
21.598,21.059,0,0.1978,45.633,0
21.534,21.079,-0.14103,0.18065,45.665,0
21.525,21.097,-0.14199,0.16975,45.71,0
21.525,21.114,0,0.15713,45.752,0
21.493,21.129,-0.12785,0.1439,45.787,0
21.488,21.144,-0.12955,0.13617,45.822,0
21.488,21.157,0,0.12619,45.855,0
21.455,21.17,-0.17303,0.11276,45.871,0.072342
21.455,21.181,0,0.097637,45.899,0
21.455,21.191,0,0.084329,45.925,0
21.455,21.199,0,0.070583,45.951,0
21.455,21.207,0,0.062385,45.977,0
21.455,21.213,0,0.050728,46.001,0
21.455,21.218,0,0.03925,46.025,0
21.455,21.222,0,0.032495,46.049,0
21.455,21.225,0,0.022207,46.072,0
21.455,21.227,0,0.016521,46.095,0
21.455,21.229,0,0.0097918,46.117,0
21.222,21.23,-0.25783,-0.00063503,46.002,0.73706
21.193,21.23,-0.23047,-0.0028056,45.992,0.71172
21.193,21.23,0,-0.0038056,45.988,0.067745
21.164,21.229,-0.26688,-0.0049393,45.965,0.90963
21.164,21.229,0,-0.0074399,45.958,0.11816
21.111,21.228,-0.21196,-0.008913,45.942,0.84202
21.111,21.227,0,-0.010164,45.93,0.22268
21.111,21.226,0,-0.012315,45.918,0.21549
21.053,21.225,-0.17054,-0.013077,45.885,0.83153
21.045,21.223,-0.16674,-0.013588,45.87,0.83455
21.045,21.222,0,-0.014199,45.853,0.34601
21.045,21.221,0,-0.014731,45.835,0.34155
21.013,21.219,-0.17025,-0.015759,45.812,0.91371
21.013,21.218,0,-0.01731,45.791,0.40065
21.013,21.216,0,-0.017868,45.771,0.39536
21.013,21.214,0,-0.01957,45.75,0.38711
20.934,21.212,-0.21151,-0.021288,45.748,1.2411
20.922,21.21,-0.2391,-0.022029,45.713,1.3726
20.922,21.208,0,-0.023401,45.684,0.56928
20.922,21.206,0,-0.025688,45.656,0.55777
20.841,21.203,-0.25233,-0.02781,45.613,1.6236
20.841,21.2,0,-0.029201,45.577,0.72742
20.841,21.197,0,-0.030852,45.541,0.71582
20.774,21.194,-0.19812,-0.032398,45.499,1.5548
20.774,21.191,0,-0.034161,45.457,0.8529
20.732,21.187,-0.17371,-0.035234,45.408,1.5496
20.732,21.184,0,-0.036971,45.363,0.93112
20.732,21.18,0,-0.038635,45.318,0.91704
20.732,21.176,0,-0.040337,45.273,0.9025
20.642,21.172,-0.22527,-0.041273,45.229,1.9646
20.613,21.168,-0.22156,-0.04323,45.171,2.0143
20.582,21.164,-0.18487,-0.045382,45.12,1.9276
20.582,21.159,0,-0.046975,45.062,1.2162
20.543,21.155,-0.17769,-0.047928,45,1.978
20.535,21.15,-0.16742,-0.048261,44.937,1.9419
20.527,21.145,-0.15868,-0.048643,44.878,1.9147
20.509,21.14,-0.1741,-0.04971,44.819,2.013
20.509,21.135,0,-0.050566,44.756,1.3318
20.509,21.13,0,-0.051627,44.694,1.315
20.471,21.125,-0.088719,-0.05186,44.628,1.7242
20.471,21.12,0,-0.052682,44.563,1.3853
20.447,21.115,-0.040972,-0.053189,44.497,1.579
20.447,21.109,0,-0.052895,44.43,1.4211
20.447,21.104,0,-0.052695,44.364,1.4077
20.457,21.099,0.022449,-0.051428,44.305,1.2962
20.454,21.094,0.015523,-0.051382,44.234,1.3135
20.454,21.088,0,-0.050358,44.17,1.3551
20.453,21.083,-0.10463,-0.050883,44.103,1.7228
20.445,21.078,-0.13968,-0.05125,44.035,1.8708
20.423,21.073,-0.14055,-0.052644,43.978,1.9163
20.423,21.068,0,-0.053527,43.913,1.371
20.423,21.063,0,-0.054593,43.849,1.3534
20.423,21.057,0,-0.056054,43.785,1.3342
20.423,21.051,0,-0.056338,43.722,1.3186
20.423,21.046,0,-0.057584,43.66,1.2998
20.304,21.04,-0.41202,-0.060474,43.574,3.5269
20.304,21.034,0,-0.062734,43.501,1.5695
20.304,21.028,0,-0.067017,43.428,1.5378
20.304,21.021,0,-0.071058,43.356,1.506
20.117,21.014,-0.59848,-0.074434,43.262,5.3218
20.117,21.007,0,-0.079503,43.173,1.9503
19.989,20.999,-0.76075,-0.08436,43.073,7.0765
19.989,20.99,0,-0.091044,42.972,2.2287
19.813,20.981,-1.0427,-0.098223,42.865,10.609
19.813,20.971,0,-0.10638,42.748,2.6321
19.813,20.961,0,-0.11487,42.633,2.5653
19.813,20.949,0,-0.12519,42.519,2.4894
19.36,20.937,-1.2666,-0.13515,42.315,15.456
19.36,20.923,0,-0.14616,42.158,3.7421
19.092,20.908,-1.326,-0.15762,41.973,17.563
19.092,20.893,0,-0.1686,41.792,4.4402
18.831,20.876,-1.3476,-0.17989,41.583,19.087
18.831,20.858,0,-0.19118,41.38,5.124
18.557,20.839,-1.3238,-0.20368,41.167,19.948
18.417,20.818,-1.2922,-0.2162,40.928,20.067
18.417,20.797,0,-0.22861,40.689,6.2257
18.152,20.774,-1.2877,-0.24032,40.429,21.128
18.152,20.75,0,-0.25187,40.168,6.9332
17.904,20.725,-1.3198,-0.2637,39.884,22.662
17.775,20.698,-1.3119,-0.27618,39.6,23.056
17.775,20.671,0,-0.28871,39.309,7.8984
17.775,20.642,0,-0.30129,39.021,7.7035
17.385,20.612,-1.3806,-0.3157,38.66,25.767
17.385,20.58,0,-0.32967,38.339,8.8741
17.385,20.547,0,-0.34386,38.022,8.6446
16.989,20.513,-1.3324,-0.3582,37.662,26.404
16.851,20.477,-1.2729,-0.37372,37.301,25.866
16.719,20.44,-1.2412,-0.3892,36.925,25.773
16.719,20.401,0,-0.40321,36.555,10.474
16.462,20.36,-1.3541,-0.42006,36.174,28.562
16.462,20.318,0,-0.43607,35.786,11.016
16.201,20.275,-1.3441,-0.45342,35.375,29.17
16.071,20.229,-1.3214,-0.47063,34.968,29.127
16.071,20.182,0,-0.48852,34.554,11.79
15.821,20.133,-1.3073,-0.50571,34.118,29.497
15.693,20.083,-1.3174,-0.52462,33.673,29.977
15.693,20.03,0,-0.54469,33.237,12.415
15.693,19.976,0,-0.56609,32.806,12.011
15.693,19.919,0,-0.58798,32.38,11.6
15.152,19.861,-1.3177,-0.60965,31.844,31.131
15.152,19.8,0,-0.63193,31.376,13.205
14.887,19.736,-1.3529,-0.65647,30.869,32.183
14.887,19.671,0,-0.68195,30.388,13.467
14.887,19.603,0,-0.70593,29.913,12.973
14.887,19.532,0,-0.73247,29.445,12.456
14.887,19.459,0,-0.75891,28.984,11.936
14.887,19.383,0,-0.78651,28.53,11.405
14.887,19.304,0,-0.8143,28.085,10.871
14.887,19.223,0,-0.84372,27.647,10.324
14.887,19.138,0,-0.87338,27.218,9.7759
14.887,19.051,0,-0.9043,26.797,9.2201
14.887,18.961,0,-0.93426,26.385,8.6722
14.887,18.867,0,-0.96295,25.982,8.1353
13.429,18.771,-0.84947,-0.99145,24.671,23.39
13.429,18.672,0,-1.0198,24.142,13.097
13.274,18.57,-0.69795,-1.0448,23.607,20.543
13.274,18.465,0,-1.0731,23.083,12.484
13.274,18.358,0,-1.0982,22.569,11.835
13.274,18.248,0,-1.1231,22.066,11.19
13.274,18.136,0,-1.1466,21.574,10.558
12.971,18.021,-0.59459,-1.1699,21.002,16.788
12.916,17.904,-0.62833,-1.1938,20.503,16.625
12.916,17.785,0,-1.2208,20.01,10.111
12.778,17.663,-0.64804,-1.2496,19.519,15.81
12.704,17.538,-0.63972,-1.2782,19.04,15.201
12.704,17.41,0,-1.3039,18.563,8.953
12.704,17.28,0,-1.3342,18.099,8.2808
12.704,17.146,0,-1.3586,17.649,7.6552
12.704,17.01,0,-1.3868,17.211,7.0271
12.704,16.872,0,-1.4108,16.788,6.4392
12.704,16.73,0,-1.4392,16.378,5.8537
12.262,16.587,-0.62087,-1.4664,15.791,10.985
12.198,16.44,-0.62728,-1.4901,15.366,10.481
12.198,16.291,0,-1.5121,14.949,5.748
12.198,16.14,0,-1.5357,14.548,5.2013
12.198,15.986,0,-1.5587,14.161,4.688
12.198,15.83,0,-1.5802,13.79,4.2137
11.874,15.672,-0.62139,-1.5996,13.342,7.7573
11.874,15.512,0,-1.6199,12.97,4.1132
11.874,15.35,0,-4.4,12.615,40.83
11.874,14.91,0,-4.4,12.289,52.935
11.874,14.47,0,-4.4,12.007,69.215
11.874,14.03,0,-4.4,11.77,91.611
11.874,13.59,0,-4.4,11.576,123.49
11.426,13.15,-0.79594,-4.4,11.272,161.84
11.426,12.71,0,-4.4,11.122,170.16
11.222,12.27,-1.8591,-4.4,11,0
11.026,11.83,-2.6541,-5.2,10.904,0
11.026,11.31,0,-0.2286,10.85,0.12241
11.026,11.287,0,-0.36627,10.823,0
11.026,11.251,0,-0.54279,10.798,0
9.5184,11.197,-4.3741,-5.2,10.501,1.7045
9.5184,10.677,0,-5.2,10.36,2588.6
8.7071,10.157,-3.0313,-0.59778,10.173,55.908
8.7071,10.097,0,-5.2,10.031,434.08
8.187,9.5767,-1.4138,-0.56611,9.8624,12.06
8.187,9.5201,0,-5.2,9.7263,248.7
7.9566,9.0001,-0.61768,-0.41641,9.5888,3.9477
7.9566,8.9585,0,-0.4295,9.4865,1.1601
7.8653,8.9155,-0.16569,-5.2,9.3911,201.11
7.8653,8.3955,0,-0.21202,9.3121,0.64687
7.8414,8.3743,-0.076189,-0.20786,9.274,0.85728
7.8414,8.3536,0,-0.20492,9.2218,0.62428
7.8136,8.3331,-0.093047,-0.20541,9.1674,0.87907
7.8003,8.3125,-0.064281,-5.2,9.1118,180.2
7.7858,7.7925,-0.071898,-0.0024997,9.0876,0.17301
7.7752,7.7923,-0.078087,-0.0063723,9.0836,0.20201
7.7752,7.7916,0,-0.012482,9.0819,0.007499
7.7752,7.7904,0,-0.017039,9.0804,0
7.7465,7.7887,-0.072412,-0.0158,9.062,0.22056
7.7343,7.7871,-0.064104,-0.019845,9.049,0.21381
7.7343,7.7851,0,-0.018291,9.0438,0.065943
7.7343,7.7833,0,-0.019896,9.0388,0.058755
7.7343,7.7813,0,-0.019785,9.034,0.054894
7.7147,7.7793,-0.17121,-0.024356,9.0245,0.52344
7.7071,7.7769,-0.28309,-0.026362,9.0099,0.90558
7.6715,7.7742,-0.30079,-0.038875,9.0006,1.0185
7.6327,7.7704,-0.30458,-0.052167,8.9856,1.0825
7.6327,7.7651,0,-0.061875,8.9721,0.14147
7.6327,7.759,0,-0.068113,8.9592,0.11577
7.5738,7.7521,-0.031987,-0.068017,8.9382,0.29646
7.5738,7.7453,0,-0.065214,8.9207,0.2155
7.5621,7.7388,-0.15397,-0.067739,8.9004,0.61996
7.5447,7.732,-0.23422,-0.072102,8.8741,0.8924
7.5447,7.7248,0,-0.074715,8.8558,0.21274
7.4981,7.7174,-0.47991,-5.2,8.8346,162.84
7.4981,7.1974,0,0.14342,8.8387,0
7.3951,7.2117,-0.77907,0.1013,8.8471,3.2779
7.3951,7.2218,0,0.052319,8.8649,0
7.3951,7.2271,0,-0.0044996,8.882,0
7.098,7.2266,-1.4283,-0.046224,8.8504,10.029
6.9645,7.222,-1.581,-0.092961,8.8213,12.465
6.9645,7.2127,0,-0.14979,8.7961,0.19613
6.6326,7.1977,-1.7739,-0.2062,8.746,16.338
6.4493,7.1771,-1.8473,-0.26848,8.6718,18.049
6.4493,7.1503,0,-0.33394,8.6003,0.73551
6.4493,7.1169,0,-5.2,8.5319,64.74
6.4493,6.5969,0,-0.25906,8.4911,0
5.6687,6.571,-2.0553,-0.3234,8.3286,22.877
5.6687,6.5386,0,-5.2,8.24,37.156
5.6687,6.0186,0,-0.25547,8.179,0.19889
5.6687,5.9931,0,-0.32126,8.1453,0.059163
5.6687,5.9609,0,-8.8,8.1145,28.407
4.6182,5.0809,-2.1962,-0.13824,7.8604,25.368
4.6182,5.0671,0,-0.20192,7.8148,0.49678
4.1715,5.0469,-2.1774,-0.26655,7.7359,9.5425
3.9635,5.0203,-2.2003,-0.32673,7.638,9.5876
3.9635,4.9876,0,-0.39483,7.5339,1.2968
3.9635,4.9481,0,-8.8,7.4335,0
3.9635,4.0681,0,-0.21236,7.379,0
3.9635,4.0469,0,-0.27163,7.3696,0
2.8286,4.0197,-2.1472,-0.33014,7.0561,8.4149
2.6127,3.9867,-2.0345,-8.8,6.9277,0
2.6127,3.1067,0,-0.15295,6.8343,0.71043
2.6127,3.0914,0,-0.19633,6.7856,0.57222
2.6127,3.0718,0,-0.23614,6.7388,0.44526
2.6127,3.0482,0,-0.27317,6.694,0.32807
1.7109,3.0208,-1.5403,-8.8,6.4272,0
1.7109,2.1408,0,-0.097645,6.3402,0.70699
1.7109,2.1311,0,-0.12233,6.2977,0.62112
1.2807,2.1188,-1.2875,-0.14497,6.1752,5.0047
1.1425,2.1043,-0.99859,-0.16872,6.0955,4.6415
1.1425,2.0875,0,-8.8,6.0001,0
1.1425,1.2075,0,-0.024164,5.9496,0.082612
1.1425,1.2051,0,-0.028425,5.9432,0.068572
0.9047,1.2022,-0.017184,-0.03023,5.8826,0.62551
0.9047,1.1992,0,-0.029853,5.853,0.57283
0.9047,1.1962,0,-0.030217,5.8237,0.56495
0.9047,1.1932,0,-0.031514,5.7947,0.55454
0.9047,1.19,0,-0.032203,5.766,0.54546
0.86502,1.1868,-0.11186,-0.033775,5.7196,0.96186
0.85406,1.1834,-0.081689,-0.034703,5.6957,0.88113
0.85406,1.18,0,-0.034747,5.663,0.63296
0.85406,1.1765,0,-0.03536,5.6306,0.62317
0.85406,1.173,0,-0.036526,5.5985,0.61178
0.85406,1.1693,0,-8.8,5.5668,0
0.85406,0.2893,0,-0.099555,5.5793,0
0.85406,0.27935,0,-0.088463,5.6362,0
0.81118,0.2705,-0.093015,-0.093015,5.691,0
0.80465,0.2612,-0.1037,-0.1037,5.7518,0
0.80465,0.25083,0,-0.099841,5.8067,0
0.80465,0.24085,0,-0.095972,5.8626,0
0.77229,0.23125,-0.10197,-0.10197,5.9166,0
0.77229,0.22105,0,-0.096721,5.9713,0
0.74666,0.21138,-0.097964,-0.097964,6.0245,0
0.73436,0.20158,-0.10033,-0.10033,6.0802,0
0.72781,0.19155,-0.097706,-0.097706,6.1256,0
0.72781,0.18178,0,-0.096171,6.1797,0
0.72781,0.17216,0,-0.097243,6.2348,0
0.72781,0.16244,0,-0.092416,6.2909,0
0.72781,0.1532,0,-0.091295,6.3479,0
0.68971,0.14407,-0.094259,-0.094259,6.3803,0
0.68971,0.13464,0,-0.092926,6.4354,0
0.65878,0.12535,-0.093887,-0.093887,6.483,0
0.65878,0.11596,0,-0.093321,6.5368,0
0.65878,0.10663,0,-0.093074,6.5915,0
0.65878,0.097321,0,-0.096029,6.6472,0
0.65878,0.087718,0,-0.097218,6.7038,0
0.62469,0.077996,-0.098086,-0.098086,6.7427,0
0.62017,0.068188,-0.096283,-0.096283,6.8009,0
0.60462,0.058559,-0.099156,-0.099156,6.8535,0
0.60462,0.048644,0,-0.097195,6.9086,0
0.57808,0.038924,-0.093949,-0.093949,6.9683,0
0.56073,0.029529,-0.092032,-0.092032,7.0165,0
0.55386,0.020326,-0.093691,-0.093691,7.0793,0
0.55386,0.010957,0,-0.091286,7.1331,0
0.55386,0.0018285,0,-0.088908,7.1878,0
0.52034,0,-0.092485,-0.092485,7.248,0
0.51089,0,-0.094623,-0.094623,7.2924,0
0.51089,0,0,-0.094377,7.3439,0
0.49335,0,-0.096063,-0.096063,7.3992,0
0.49335,0,0,-0.098441,7.449,0
0.46456,0,-0.098412,-0.098412,7.5021,0
0.46456,0,0,-0.10039,7.5491,0
0.43702,0,-0.097062,-0.097062,7.5934,0
