17.222,17.222,0.0084024,0,35.5,0
17.227,17.222,0.0226,0.0019607,35.496,0
17.227,17.222,0,0.00079823,35.497,0
17.227,17.222,0,-4.5055e-06,35.497,0
17.227,17.222,0,-0.00082449,35.498,0
17.223,17.222,0.0013174,8.2741e-05,35.484,0
17.221,17.222,-0.011094,-0.00011088,35.475,0.025862
17.216,17.222,-0.0032388,-0.00059112,35.471,0.018691
17.216,17.222,0,-0.0014144,35.47,0.0099575
17.216,17.222,0,-0.00096332,35.47,0.010619
17.205,17.222,-0.032147,-0.001583,35.47,0.10297
17.194,17.222,-0.036828,-0.0026049,35.461,0.13516
17.194,17.222,0,-0.0035414,35.458,0.04973
17.194,17.221,0,-0.0037576,35.455,0.048531
17.18,17.221,-0.037422,-0.003818,35.455,0.16207
17.172,17.221,-0.04554,-0.0045066,35.442,0.19611
17.172,17.22,0,-0.0057203,35.438,0.087166
17.172,17.22,0,-0.0060636,35.433,0.085218
17.137,17.219,-0.12997,-0.0076698,35.426,0.49338
17.137,17.218,0,-0.0085957,35.418,0.15173
17.137,17.217,0,-0.0097742,35.41,0.14725
17.137,17.216,0,-0.010455,35.402,0.14365
17.137,17.215,0,-0.012297,35.394,0.13732
17.07,17.214,-0.12704,-0.013492,35.363,0.62104
17.07,17.213,0,-0.015147,35.349,0.26923
17.03,17.211,-0.12629,-0.016922,35.334,0.70011
17.03,17.21,0,-0.018446,35.316,0.34091
16.999,17.208,-0.073878,-0.019529,35.281,0.60275
16.992,17.206,-0.035797,-0.020045,35.268,0.50762
16.992,17.204,0,-0.021147,35.247,0.40682
16.992,17.202,0,-0.021012,35.226,0.40241
16.992,17.2,0,-0.022259,35.205,0.39458
16.945,17.197,-0.13349,-0.023698,35.168,0.88359
16.928,17.195,-0.14406,-0.025111,35.151,0.95326
16.928,17.192,0,-0.025626,35.125,0.51413
16.928,17.19,0,-0.027287,35.098,0.50394
16.928,17.187,0,-0.027614,35.072,0.49685
16.881,17.184,-0.17636,-0.028662,35.045,1.1527
16.881,17.181,0,-0.029598,35.015,0.58698
16.848,17.179,-0.18884,-0.031373,34.976,1.2662
16.848,17.175,0,-0.033583,34.943,0.6404
16.848,17.172,0,-0.034592,34.911,0.62979
16.848,17.169,0,-0.036291,34.878,0.61713
16.765,17.165,-0.10521,-0.038142,34.838,1.1313
16.765,17.161,0,-0.038328,34.798,0.79013
16.763,17.157,-0.0093307,-0.037711,34.756,0.81388
16.763,17.154,0,-0.03798,34.716,0.77708
16.75,17.15,-0.01179,-0.038367,34.675,0.83263
16.75,17.146,0,-0.038115,34.636,0.78984
16.75,17.142,0,-0.037456,34.596,0.78252
16.75,17.138,0,-0.037474,34.557,0.77345
16.75,17.135,0,-0.0374,34.519,0.76465
16.744,17.131,0.12416,-0.037461,34.483,0.45568
16.744,17.127,0,-0.035382,34.444,0.76758
16.744,17.124,0,-0.033222,34.406,0.76518
16.805,17.12,0.22598,-0.03064,34.396,0.13254
16.832,17.117,0.24034,-0.027723,34.368,0.060637
16.863,17.114,0.22162,-0.02443,34.341,0.033881
16.881,17.112,0.24023,-0.022482,34.325,0
16.881,17.11,0,-0.020827,34.302,0.44515
16.881,17.108,0,-0.018874,34.279,0.4454
16.952,17.106,0.32228,-0.014988,34.28,0
16.952,17.104,0,-0.012132,34.265,0.29592
17.024,17.103,0.37016,-0.0077596,34.248,0
17.066,17.102,0.38393,-0.0035779,34.244,0
17.111,17.102,0.38628,0.0041258,34.236,0
17.159,17.102,0.36011,0.024787,34.241,0
17.159,17.105,0,0.040644,34.247,0
17.225,17.109,0.36176,0.050593,34.255,0
17.225,17.114,0,0.060667,34.267,0
17.28,17.12,0.26267,0.069748,34.278,0
17.302,17.127,0.24888,0.076163,34.293,0
17.302,17.135,0,0.084831,34.31,0
17.302,17.143,0,0.092788,34.326,0
17.379,17.152,0.15487,0.098544,34.357,0
17.379,17.162,0,0.10523,34.379,0
17.379,17.173,0,0.10486,34.4,0
17.435,17.183,0.14588,0.10954,34.427,0
17.452,17.194,0.12997,0.11199,34.45,0
17.452,17.205,0,0.10943,34.476,0
17.452,17.216,0,0.11395,34.5,0
17.452,17.228,0,0.11225,34.523,0
17.452,17.239,0,0.1118,34.545,0
17.452,17.25,0,0.10791,34.565,0
17.506,17.261,0.10296,0.10618,34.618,0
17.51,17.271,0.11769,0.10336,34.645,0
17.519,17.282,0.12875,0.10273,34.669,0
17.536,17.292,0.11598,0.10533,34.69,0
17.536,17.303,0,0.10397,34.714,0
17.551,17.313,0.11022,0.10284,34.753,0
17.555,17.323,0.084129,0.10022,34.77,0
17.557,17.333,0.068204,0.09672,34.785,0
17.566,17.343,0.059769,0.096254,34.802,0
17.581,17.353,0.068996,0.098535,34.816,0
17.581,17.362,0.088747,0.094211,34.849,0
17.581,17.372,0,0.093198,34.87,0
17.608,17.381,0.093661,0.097688,34.9,0
17.623,17.391,0.10242,0.099778,34.913,0
17.633,17.401,0.085859,0.099783,34.928,0
17.633,17.411,0,0.099233,34.951,0
17.639,17.421,0.046246,0.093685,34.974,0
17.643,17.43,0.04252,0.091724,35.005,0
17.648,17.439,0.031719,0.089743,35.022,0
17.656,17.448,0.011179,0.089396,35.05,0
17.656,17.457,0,0.083649,35.07,0
17.659,17.466,0.01101,0.083253,35.085,0
17.659,17.474,0,0.077686,35.104,0
17.657,17.482,0.049847,0.075164,35.133,0
17.653,17.489,0.078862,0.07024,35.145,0
17.661,17.496,0.064004,0.070586,35.171,0
17.661,17.503,0,0.067723,35.188,0
17.661,17.51,0,0.068567,35.203,0
17.661,17.517,0,0.068888,35.218,0
17.661,17.524,0,0.0674,35.232,0
17.677,17.531,-0.0051313,0.062588,35.261,0
17.677,17.537,0,0.057608,35.275,0
17.677,17.543,0,0.055701,35.288,0
17.677,17.548,0,0.049427,35.302,0
17.651,17.553,-0.085003,0.041789,35.299,0.082505
17.651,17.557,0,0.036124,35.309,0
17.636,17.561,-0.088634,0.032183,35.308,0.11791
17.636,17.564,0,0.02794,35.315,0
17.636,17.567,0,0.025051,35.323,0
17.636,17.569,0,0.016512,35.329,0
17.636,17.571,0,0.011635,35.336,0
17.636,17.572,0,0.0082355,35.342,0
17.569,17.573,-0.19933,-0.000418,35.322,0.53213
17.539,17.573,-0.20856,-0.0032675,35.313,0.62952
17.515,17.573,-0.2378,-0.0055448,35.303,0.78385
17.515,17.572,0,-0.0076335,35.297,0.10265
17.515,17.571,0,-0.0094232,35.291,0.097113
17.515,17.57,0,-0.011127,35.286,0.091416
17.515,17.569,0,-0.014671,35.28,0.081401
17.515,17.568,0,-0.017235,35.275,0.072835
17.515,17.566,0,-0.02037,35.269,0.062581
17.515,17.564,0,-0.023528,35.264,0.051716
17.515,17.562,0,-0.025775,35.26,0.042191
17.515,17.559,0,-0.028722,35.255,0.03082
17.515,17.556,0,-0.030814,35.251,0.020692
17.2,17.553,-0.35591,-0.03413,35.063,2.0335
17.158,17.55,-0.34239,-0.037888,35.029,2.0759
17.158,17.546,0,-0.04077,34.99,0.76272
17.158,17.542,0,-0.043171,34.952,0.74623
17.158,17.538,0,-0.046563,34.913,0.72651
17.158,17.533,0,-0.050058,34.876,0.70585
17.158,17.528,0,-0.051808,34.838,0.68926
16.973,17.523,-0.32104,-0.053932,34.732,2.4174
16.973,17.517,0,-0.056782,34.677,1.1032
16.973,17.512,0,-0.05843,34.623,1.0837
16.894,17.506,-0.34981,-0.060364,34.558,2.7385
16.894,17.5,0,-0.063759,34.497,1.236
16.894,17.494,0,-0.066444,34.437,1.2111
16.894,17.487,0,-0.069227,34.377,1.1853
16.894,17.48,0,-0.072733,34.318,1.1567
16.894,17.473,0,-0.077341,34.26,1.1241
16.894,17.465,0,-0.082985,34.203,1.0875
16.894,17.457,0,-0.089655,34.146,1.0468
16.493,17.448,-0.78282,-0.0965,33.983,6.923
16.408,17.438,-0.80894,-0.10455,33.889,7.4523
16.32,17.428,-0.85642,-0.11289,33.791,8.2097
16.32,17.416,0,-0.12167,33.681,2.3864
16.32,17.404,0,-0.12999,33.572,2.3182
16.054,17.391,-1.0357,-0.13848,33.42,11.081
15.955,17.377,-1.137,-0.14818,33.29,12.692
15.955,17.362,0,-0.15958,33.149,3.1803
15.955,17.346,0,-0.17239,33.009,3.0747
15.574,17.329,-1.373,-0.18654,32.826,17.594
15.445,17.311,-1.457,-0.19987,32.641,19.49
15.445,17.291,0,-0.21518,32.456,4.3628
15.445,17.269,0,-0.23097,32.272,4.2124
15.445,17.246,0,-0.24833,32.091,4.0518
15.445,17.221,0,-0.26408,31.912,3.8957
14.687,17.195,-1.5955,-0.28218,31.551,25.255
14.687,17.167,0,-0.30079,31.301,6.1964
14.687,17.136,0,-0.31797,31.055,5.9878
14.687,17.105,0,-0.33531,30.812,5.775
14.687,17.071,0,-0.3507,30.571,5.5696
14.013,17.036,-0.88638,-0.3633,30.135,16.539
14.013,17,0,-0.37511,29.834,7.7351
14.013,16.962,0,-0.38607,29.537,7.5186
13.764,16.924,-0.70615,-0.39678,29.214,14.798
13.764,16.884,0,-0.40774,28.9,8.0705
13.633,16.843,-0.61547,-0.41615,28.564,13.877
13.633,16.802,0,-0.4248,28.245,8.1592
13.513,16.759,-0.63818,-0.4346,27.924,14.159
13.513,16.716,0,-0.4433,27.601,8.1854
13.513,16.671,0,-0.45356,27.283,7.9429
13.337,16.626,-0.52227,-0.46296,26.945,12.904
13.286,16.58,-0.41478,-0.47191,26.608,11.795
13.252,16.532,-0.32629,-0.4781,26.288,10.873
13.252,16.485,0,-0.48596,25.962,8.0427
13.172,16.436,-0.27412,-0.49283,25.629,10.233
13.172,16.387,0,-0.49804,25.305,7.8941
13.172,16.337,0,-0.50483,24.986,7.6551
13.172,16.286,0,-0.50999,24.672,7.4257
13.172,16.235,0,-0.51387,24.363,7.2043
13.044,16.184,-0.2165,-0.51856,24.031,9.0338
13.044,16.132,0,-0.52477,23.719,7.2374
13.044,16.08,0,-0.53068,23.413,7.0009
13.044,16.027,0,-0.5368,23.112,6.7638
13.044,15.973,0,-0.53902,22.817,6.5493
13.044,15.919,0,-0.54166,22.527,6.334
12.922,15.865,-0.090227,-0.54218,22.197,7.1573
12.921,15.811,-0.075834,-0.54226,21.902,6.8564
12.921,15.756,0,-0.54446,21.616,6.1724
12.894,15.702,-0.00044408,-0.54676,21.321,6.0619
12.894,15.647,0,-0.54698,21.043,5.86
12.894,15.593,0,-0.54414,20.77,5.6788
12.912,15.538,0.19023,-0.53993,20.488,4.4916
12.912,15.484,0,-0.53481,20.228,5.2809
12.912,15.431,0,-0.52856,19.974,5.1267
12.912,15.378,0,-0.51928,19.725,4.9909
13.009,15.326,0.22343,-0.5095,19.497,3.5513
13.009,15.275,0,-0.50128,19.268,4.4085
13.059,15.225,0.25695,-0.49111,19.052,3.0738
13.059,15.176,0,-0.48218,18.838,4.0089
13.059,15.128,0,-0.47265,18.629,3.8975
13.059,15.08,0,-0.46086,18.424,3.7997
13.173,15.034,0.30462,-0.44807,18.222,2.2864
13.173,14.989,0,-0.43504,18.038,3.2767
13.173,14.946,0,-0.42354,17.859,3.1925
13.173,14.904,0,-0.4112,17.684,3.1156
13.302,14.862,0.43163,-0.39526,17.538,1.471
13.352,14.823,0.44633,-0.37656,17.393,1.3103
13.392,14.785,0.46395,-0.36082,17.244,1.1692
13.392,14.749,0,-0.3451,17.106,2.2938
13.476,14.715,0.50766,-0.32728,16.983,0.90205
13.476,14.682,0,-0.30887,16.861,2.0086
13.581,14.651,0.51674,-0.28767,16.763,0.68088
13.581,14.622,0,-0.26814,16.657,1.7102
13.581,14.595,0,-0.24702,16.554,1.7088
13.581,14.571,0,-0.23191,16.454,1.6934
13.581,14.548,0,-0.22023,16.356,1.6709
13.581,14.526,0,-0.21178,16.26,1.6408
13.788,14.504,0.054816,-0.20082,16.228,0.95221
13.788,14.484,0,-0.19327,16.158,1.0731
13.788,14.465,0,-0.19065,16.089,1.0343
13.788,14.446,0,-0.18841,16.022,0.9953
13.788,14.427,0,-0.18922,15.958,0.94879
13.762,14.408,-0.049796,-0.18597,15.905,1.1178
13.765,14.39,-0.0064966,-0.18079,15.831,0.95516
13.763,14.371,0.034249,-0.177,15.77,0.82054
13.763,14.354,0,-0.17392,15.71,0.87689
13.763,14.336,0,-0.16756,15.652,0.85344
13.763,14.32,0,-0.16003,15.596,0.83456
13.79,14.304,0.072195,-0.15206,15.559,0.58321
13.79,14.288,0,-0.14621,15.508,0.73752
13.79,14.274,0,-0.13751,15.459,0.72657
13.829,14.26,0.11931,-0.12902,15.435,0.3661
13.829,14.247,0,-0.11988,15.392,0.62363
13.868,14.235,0.09126,-0.11046,15.349,0.32912
13.88,14.224,0.085267,-0.104,15.307,0.30853
13.88,14.214,0,-0.098353,15.273,0.4874
13.88,14.204,0,-0.095678,15.24,0.4722
13.88,14.194,0,-0.09519,15.208,0.45237
13.88,14.185,0,-0.0908,15.177,0.44201
13.897,14.176,-0.022699,-0.085461,15.148,0.45315
13.893,14.167,-0.049915,-0.084307,15.118,0.51504
13.893,14.159,0,-0.082525,15.091,0.37732
13.874,14.15,-0.12215,-0.085448,15.064,0.71949
13.874,14.142,0,-0.084451,15.037,0.37779
13.874,14.133,0,-0.083863,15.01,0.36093
13.85,14.125,-0.19027,-0.085391,14.99,0.93086
13.85,14.117,0,-0.089547,14.963,0.36195
13.81,14.108,-0.2273,-0.092977,14.916,1.0935
13.782,14.098,-0.22555,-0.099408,14.878,1.1179
13.759,14.088,-0.2287,-0.10368,14.854,1.1498
13.744,14.078,-0.23721,-0.10535,14.812,1.186
13.72,14.067,-0.22158,-0.11019,14.774,1.151
13.72,14.056,0,-0.11455,14.74,0.45602
13.72,14.045,0,-0.11573,14.707,0.42849
13.72,14.033,0,-0.12045,14.675,0.39291
13.72,14.021,0,-0.12608,14.644,0.35483
13.72,14.009,0,-0.13075,14.614,0.31832
13.72,13.996,0,-0.13431,14.586,0.28377
13.72,13.982,0,-0.14129,14.559,0.24201
13.524,13.968,-0.24455,-0.1451,14.442,1.3789
13.5,13.954,-0.18581,-0.14869,14.403,1.1799
13.5,13.939,0,-0.14786,14.358,0.60059
13.5,13.924,0,-0.14624,14.315,0.57193
13.462,13.909,-0.01242,-0.14795,14.277,0.64814
13.47,13.895,0.036884,-0.14092,14.238,0.49806
13.47,13.88,0,-0.13596,14.196,0.5652
13.475,13.867,0.085317,-0.13128,14.154,0.35042
13.475,13.854,0,-0.1247,14.115,0.52407
13.496,13.841,0.083022,-0.11608,14.087,0.29076
13.496,13.83,0,-0.10678,14.053,0.46634
13.524,13.819,0.080873,-0.099695,14.033,0.22814
13.526,13.809,0.084338,-0.095845,14.01,0.20554
13.526,13.799,0,-0.086744,13.982,0.38325
13.558,13.791,0.11556,-0.079111,13.955,0.083316
13.558,13.783,0,-0.075229,13.933,0.30476
13.558,13.775,0,-0.069387,13.91,0.302
13.558,13.768,0,-0.065992,13.889,0.29491
13.558,13.762,0,-0.062073,13.868,0.28975
13.558,13.756,0,-0.057585,13.848,0.28673
13.595,13.75,0.13398,-0.053299,13.837,0
13.595,13.744,0,-0.050371,13.822,0.20182
13.608,13.739,0.054567,-0.045315,13.812,0.062518
13.608,13.735,0,-0.041729,13.799,0.17325
13.608,13.731,0,-0.040827,13.787,0.16648
13.611,13.727,-0.13197,-0.040081,13.778,0.48694
13.589,13.723,-0.18119,-0.046358,13.763,0.66095
13.589,13.718,0,-0.051518,13.75,0.15673
13.55,13.713,-0.35886,-0.05681,13.722,1.3573
13.55,13.707,0,-0.068438,13.706,0.17928
13.452,13.7,-0.81129,-0.086623,13.68,4.0944
13.381,13.692,-1.1016,-0.10884,13.651,6.714
13.263,13.681,-1.3821,-0.14725,13.607,10.115
13.263,13.666,0,-0.18823,13.566,0.43189
12.974,13.647,-1.8515,-0.23921,13.512,18.104
12.974,13.623,0,-0.29788,13.446,0.70643
12.974,13.594,0,-0.36352,13.382,0.51612
12.351,13.557,-2.6427,-0.44096,13.221,40.212
12.351,13.513,0,-0.52983,13.103,1.2724
12.351,13.46,0,-0.63011,12.989,0.97
11.425,13.397,-4.2209,-0.75576,12.751,155.58
11.425,13.321,0,-0.90589,12.557,1.9861
10.525,13.231,-5.5145,-1.0893,12.275,25.727
10.525,13.122,0,-1.3061,12.009,2.5837
10.525,12.991,0,-1.5573,11.756,2.1254
10.525,12.836,0,-6.5955,11.517,0
10.525,12.176,0,-6.2784,11.319,0
10.525,11.548,0,-6.1189,11.185,0
10.525,10.936,0,-6.248,11.114,0
6.533,10.312,-5.9502,-6.6878,9.6781,6.1961
6.533,9.6428,0,-7.3108,9.3337,69.268
5.2701,8.9117,-7.2178,-7.9606,8.9278,5.9047
4.5533,8.1157,-7.0785,-7.8195,8.563,5.7458
4.5533,7.3337,0,-6.8362,8.2459,14.738
4.5533,6.6501,0,-5.3648,8.002,16.428
4.5533,6.1136,0,-5.2,7.8192,15.675
4.5533,5.5936,0,-8.8,7.6891,7.0444
4.5533,4.7136,0,-8.8,7.6291,5.2404
4.5533,3.8336,0,-8.8,7.6571,3.4364
2.2513,2.9536,-0.24529,-0.15456,6.6322,2.1035
2.225,2.9381,-0.28822,-0.15908,6.5559,2.311
2.225,2.9222,0,-0.16425,6.4854,1.1594
2.1566,2.9058,-0.36503,-8.8,6.4018,0
2.1566,2.0258,0,0.31168,6.3709,0.53379
2.0771,2.057,-0.42354,0.06766,6.3893,1.6103
2.0381,2.0637,-0.45996,-0.0040831,6.3816,1.6074
1.9967,2.0633,-0.49513,-0.010627,6.3728,1.8842
1.9967,2.0623,0,-0.01718,6.3662,0.098802
1.8987,2.0606,-0.54079,-0.025934,6.3512,2.3773
1.8987,2.058,0,-0.034345,6.3351,0.25902
1.8987,2.0545,0,-0.043472,6.3194,0.23076
1.8987,2.0502,0,-0.052916,6.304,0.20046
1.8987,2.0449,0,-0.065408,6.2891,0.16235
1.545,2.0384,-1.1942,-0.081703,6.1814,4.3141
1.4212,2.0302,-1.4043,-0.10178,6.131,4.8347
1.2809,2.02,-1.5936,-0.12531,6.0581,5.3486
1.2809,2.0075,0,-8.8,5.9848,0
0.94578,1.1275,-1.8938,-0.016994,5.9309,4.5844
0.74856,1.1258,-1.8929,-0.035577,5.8951,4.9255
0.74856,1.1222,0,-0.054156,5.8576,0.69244
0.37556,1.1168,-1.6733,-0.071533,5.7833,5.1132
0.21093,1.1096,-1.5141,-0.088426,5.6919,5.059
0.050736,1.1008,-1.3683,-0.10534,5.5961,5.0183
0.050736,1.0903,0,-8.8,5.4916,0
0.050736,0.21027,0,-1.2101,5.4317,0
0.050736,0.089262,0,-1.1559,5.4218,0
0.050736,0,0,-1.1132,5.4237,0
-0.58514,0,-1.0777,-1.0777,5.2716,1.2011
-0.70153,0,-1.0204,-1.0204,5.209,1.4397
-0.70153,0,0,-0.81212,5.1439,0
-0.70153,0,0,-0.53066,5.0778,0.32463
-0.70153,0,0,-8.8,5.0103,0
-0.97861,0,-0.17979,-8.8,4.949,0
-0.97861,0,0,-8.8,4.8951,0
-0.99678,0,-0.030455,-8.8,4.8391,0
-0.99243,0,-0.10649,-8.8,4.7908,0
-1.0123,0,-0.14199,-8.8,4.7305,0
-1.0328,0,-0.10055,-8.8,4.665,0
-1.0333,0,-0.072046,-8.8,4.606,0
-1.0333,0,0,-8.8,4.5466,0
-1.0632,0,-0.12113,-8.8,4.4874,0
-1.0821,0,-0.10471,-8.8,4.4252,0
-1.0821,0,0,-8.8,4.361,0
-1.0821,0,0,-8.8,4.2967,0
-1.0821,0,0,-8.8,4.2325,0
-1.0821,0,0,-8.8,4.1683,0
-1.1434,0,-0.12184,-8.8,4.0941,0
-1.1636,0,-0.127,-8.8,4.0202,0
-1.1636,0,0,-8.8,3.9479,0
-1.1636,0,0,-8.8,3.8755,0
-1.1636,0,0,-8.8,3.8031,0
-1.1636,0,0,-8.8,3.7308,0
-1.1636,0,0,-8.8,3.6584,0
-1.2145,0,-0.12028,-8.8,3.5914,0
-1.2145,0,0,-8.8,3.5139,0
-1.2314,0,-0.10439,-8.8,3.4389,0
-1.2314,0,0,-8.8,3.3598,0
-1.2586,0,-0.11396,-8.8,3.2794,0
-1.2631,0,-0.11729,-8.8,3.1899,0
-1.2631,0,0,-8.8,3.1076,0
-1.2631,0,0,-8.8,3.0253,0
-1.2631,0,0,-8.8,2.9429,0
-1.2631,0,0,-8.8,2.8606,0
-1.3016,0,-0.1096,-8.8,2.78,0
-1.3078,0,-0.11599,-8.8,2.6863,0
-1.3133,0,-0.1144,-8.8,2.5892,0
-1.3306,0,-0.11473,-8.8,2.5102,0
-1.3306,0,0,-8.8,2.4211,0
-1.3535,0,-0.11579,-8.8,2.3134,0
-1.3621,0,-0.11699,-8.8,2.2158,0
-1.3621,0,0,-8.8,2.1236,0
-1.3744,0,-0.11623,-8.8,2.0246,0
-1.3844,0,-0.12186,-8.8,1.9349,0
-1.3935,0,-0.081612,-8.8,1.8434,0
-1.3946,0,-0.008641,-8.8,1.7386,0
-1.3891,0,0.079162,-8.8,1.6473,0
-1.3901,0,0.16573,-8.8,1.555,0
-1.3901,0,0,-8.8,1.4599,0
-1.3397,0,0.28741,-8.8,1.373,0
-1.3397,0,0,-8.8,1.283,0
-1.3397,0,0,-8.8,1.1931,0
-1.3397,0,0,-8.8,1.1031,0
-1.3397,0,0,-8.8,1.0131,0
-1.3397,0,0,-8.8,0.92313,0
-1.1826,0,0.50393,-8.8,0.86125,0
-1.1826,0,0,-8.8,0.78699,0
-1.1826,0,0,-8.8,0.71274,0
-0.93812,0,1.4647,-8.8,0.66146,0
-0.93812,0,0,-8.8,0.61165,0
-0.93812,0,0,-8.8,0.56184,0
-0.4424,0,1.874,-8.8,0.57907,0
-0.2569,0,1.7931,-8.8,0.59511,0
-0.076316,0,1.6732,-8.8,0.62444,0
0.082017,0,1.5535,-8.8,0.67694,0
0.23909,0,1.4617,-8.8,0.74584,0
0.23909,0,0,-8.8,0.81375,0
0.23909,0,0,-8.8,0.88165,0
0.23909,0,0,-8.8,0.94956,0
0.23909,0,0,-8.8,1.0175,0
0.95034,0,1.6297,-8.8,1.2658,0
0.95034,0,0,-8.8,1.4049,0
0.95034,0,0,-8.8,1.5439,0
0.95034,0,0,-8.8,1.6829,0
1.7372,0,2.3141,-8.8,1.9934,0
1.9652,0,2.3442,-8.8,2.2182,0
2.204,0,2.3476,-8.8,2.4734,0
2.204,0,0,-8.8,2.7378,0
2.6762,0,2.3222,-8.8,3.0597,0.9895
2.6762,0,0,-8.8,3.3713,0
3.1413,0,2.2903,-8.8,3.7297,5.0674
3.1413,0,0,-8.8,4.0878,0
3.1413,0,0,-8.8,4.4459,0
3.1413,0,0,-8.8,4.8041,0
3.1413,0,0,2.3554,5.1622,0
4.3111,0.23554,2.3423,2.3423,5.7623,0
4.3111,0.46977,0,2.2984,6.1581,0
4.3111,0.69961,0,2.2428,6.5307,0
4.3111,0.92389,0,4.9,6.8807,19.103
4.3111,1.4139,0,4.9,7.1949,21.983
5.4346,1.9039,2.0816,4.9,7.7602,0.18397
5.6405,2.3939,2.0361,4.9,8.1011,1.386
5.6405,2.8839,0,4.9,8.4013,22.821
6.038,3.3739,1.9534,4.9,8.6836,4.006
6.038,3.8639,0,3.7429,8.9255,14.972
6.038,4.2382,0,3.0063,9.1242,10.496
6.5953,4.5388,1.6432,2.588,9.3611,0
6.5953,4.7976,0,2.2856,9.5538,4.968
6.9045,5.0262,1.4181,2.0713,9.772,0
7.0424,5.2333,1.4232,1.8962,9.9568,0
7.1801,5.4229,1.4423,1.7631,10.136,0
7.334,5.5992,1.4338,1.6763,10.317,0
7.4753,5.7669,1.45,1.5938,10.481,0
7.4753,5.9262,0,1.5267,10.644,1.3196
7.4753,6.0789,0,1.4727,10.792,1.5834
7.4753,6.2262,0,1.4075,10.924,1.7696
7.9815,6.3669,1.0965,1.3496,11.156,0
7.9815,6.5019,0,1.2972,11.31,0.43599
7.9815,6.6316,0,1.2584,11.452,0.68116
7.9815,6.7574,0,1.215,11.581,0.89421
7.9815,6.8789,0,1.1814,11.697,1.1401
7.9815,6.9971,0,1.1397,11.801,1.3382
7.9815,7.1111,0,1.1052,11.894,1.5578
7.9815,7.2216,0,1.0743,11.975,1.7848
8.7547,7.329,0.7389,1.0343,12.388,0
8.7547,7.4324,0,0.99303,12.526,0
8.8948,7.5317,0.65168,0.96357,12.666,0
8.9549,7.6281,0.62421,0.9268,12.798,0
9.0184,7.7208,0.57609,0.89659,12.932,0
9.0184,7.8104,0,0.86904,13.057,0
9.0184,7.8973,0,0.839,13.174,0
9.0184,7.9812,0,0.80412,13.282,0
9.2171,8.0616,0.40304,0.76714,13.41,0
9.2171,8.1384,0,0.7436,13.521,0
9.2171,8.2127,0,0.71114,13.625,0
9.3378,8.2838,0.47957,0.68302,13.734,0
9.3378,8.3521,0,0.66589,13.836,0
9.4495,8.4187,0.69727,0.65905,13.942,0
9.5151,8.4846,0.86047,0.65437,14.04,0
9.6017,8.5501,1.1127,0.66326,14.135,0
