0,0,0.30389,0,35.5,0
0.024198,0,0.16791,7.8,35.509,70.682
0.024198,0.78,0,7.8,35.472,79.579
0.024198,1.56,0,7.8,35.358,85.12
0.071676,2.34,0.10613,7.8,35.17,88.077
0.071676,3.12,0,7.8,34.904,95.956
0.071676,3.9,0,7.8,34.56,101.59
0.071676,4.68,0,7.8,34.139,107.24
0.071676,5.46,0,7.8,33.639,112.92
0.071676,6.24,0,6.7,33.061,104.51
0.071676,6.91,0,6.7,32.411,109.37
0.16337,7.58,0.18388,6.7,31.673,109.44
0.18175,8.25,0.16152,-0.4251,30.898,31.277
0.19852,8.2075,0.1332,-0.43829,30.094,31.179
0.2137,8.1637,0.10556,-0.45201,29.302,31.068
0.2137,8.1185,0,-0.46646,28.509,32.081
0.2137,8.0718,0,-0.48298,27.721,31.643
0.2137,8.0235,0,-0.50015,26.938,31.19
0.2137,7.9735,0,-0.51873,26.159,30.714
0.2137,7.9216,0,-0.53776,25.386,30.225
0.18878,7.8679,-0.18106,-0.55964,24.607,29.644
0.16306,7.8119,-0.22889,-0.58304,23.835,28.965
0.142,7.7536,-0.24839,-0.60766,23.063,28.385
0.142,7.6928,0,-0.63308,22.305,28.395
0.10243,7.6295,-0.29085,-0.66049,21.55,27.168
0.10243,7.5635,0,-0.69101,20.801,27.331
0.046955,7.4944,-0.32279,-0.72285,20.036,25.919
0.023716,7.4221,-0.335,-0.75605,19.298,25.27
0.023716,7.3465,0,-0.7924,18.562,25.604
0.023716,7.2672,0,-0.83085,17.833,24.81
0.023716,7.1841,0,-0.87154,17.113,23.983
0.023716,7.097,0,-0.91607,16.402,23.108
-0.10118,7.0054,-0.088061,-0.96217,15.669,23.264
-0.10145,6.9092,-0.047447,-1.0083,14.97,22.885
-0.10145,6.8083,0,-1.0598,14.274,22.471
-0.10145,6.7024,0,-1.1121,13.588,22.144
-0.11805,6.5912,-0.088523,-1.17,12.915,22.014
-0.11825,6.4742,-0.14229,-1.2293,12.257,21.763
-0.11825,6.3512,0,-1.2975,11.603,21.069
-0.11825,6.2215,0,-1.3699,10.963,20.651
-0.11825,6.0845,0,-1.4517,10.336,20.198
-0.11825,5.9393,0,-1.5359,9.7229,19.723
-0.11825,5.7857,0,-1.6221,9.1248,19.227
-0.25133,5.6235,-0.31892,-1.7186,8.5073,19.635
-0.25133,5.4517,0,-1.8263,7.9284,18.386
-0.33237,5.269,-0.34978,-8.8,7.3625,4.2594
-0.33237,4.389,0,-8.8,6.8463,1.7204
-0.41863,3.509,-0.34778,-8.8,6.4176,0.82404
-0.46078,2.629,-0.35659,-8.8,6.0705,0
-0.50154,1.749,-0.37944,-8.8,5.8081,0
-0.54852,0.86904,-0.40734,-0.40734,5.6272,13.439
-0.59334,0.82831,-0.41334,-0.41334,5.4801,13.447
-0.62841,0.78698,-0.39703,-8.8,5.3389,0
-0.67438,0,-0.39151,-0.39151,5.2372,11.915
-0.67438,0,0,-0.37923,5.1717,11.118
-0.76322,0,-0.39603,-0.39603,5.0989,12.097
-0.79601,0,-0.40248,-0.40248,5.0152,12.164
-0.79601,0,0,-8.8,4.9376,0
-0.87997,0,-0.30178,-8.8,4.8853,0
-0.87997,0,0,-8.8,4.8413,0
-0.87997,0,0,-8.8,4.7973,0
-0.94159,0,-0.076805,-8.8,4.748,0
-0.9498,0,-0.046914,-8.8,4.6894,0
-0.9498,0,0,-8.8,4.6384,0
-0.96212,0,-0.06931,-8.8,4.5833,0
-0.96212,0,0,-8.8,4.5311,0
-0.96069,0,-0.065866,-8.8,4.4862,0
-0.97588,0,-0.051647,-8.8,4.4384,0
-0.97588,0,0,-8.8,4.3848,0
-0.97588,0,0,-8.8,4.3313,0
-0.98773,0,-0.028284,-8.8,4.2694,0
-0.98773,0,0,-8.8,4.2147,0
-1.0002,0,0.01006,-8.8,4.153,0
-1.0002,0,0,-8.8,4.097,0
-1.0002,0,0,-8.8,4.0409,0
-1.0002,0,0,-8.8,3.9849,0
-1.0064,0,0.067404,-8.8,3.9515,0
-1.0064,0,0,-8.8,3.8949,0
-1.01,0,0.10389,-8.8,3.851,0
-1.005,0,0.14805,-8.8,3.7858,0
-1.005,0,0,-8.8,3.7293,0
-1.005,0,0,-8.8,3.6728,0
-0.94559,0,0.29924,-8.8,3.6154,0
-0.90796,0,0.36346,-8.8,3.5738,0
-0.90796,0,0,-8.8,3.527,0
-0.90796,0,0,-8.8,3.4803,0
-0.90796,0,0,-8.8,3.4335,0
-0.74266,0,0.44666,-8.8,3.4188,0
-0.70082,0,0.44677,-8.8,3.3976,0
-0.66355,0,0.47424,-8.8,3.3711,0
-0.66355,0,0,-8.8,3.3488,0
-0.66355,0,0,-8.8,3.3264,0
-0.66355,0,0,-8.8,3.3041,0
-0.66355,0,0,-8.8,3.2817,0
-0.66355,0,0,-8.8,3.2593,0
-0.37386,0,0.46118,-8.8,3.322,0
-0.37386,0,0,-8.8,3.3286,0
-0.2797,0,0.44343,-8.8,3.3386,0
-0.24226,0,0.38747,-8.8,3.3607,0
-0.20475,0,0.36832,-8.8,3.3922,0
-0.1689,0,0.33618,-8.8,3.4173,0
-0.1689,0,0,-8.8,3.4445,0
-0.099692,0,0.30883,-8.8,3.4808,0
-0.099692,0,0,-8.8,3.5149,0
-0.099692,0,0,-8.8,3.5489,0
0.0019718,0,0.34362,-8.8,3.5979,0
0.0019718,0,0,-8.8,3.6421,0
0.0019718,0,0,-8.8,3.6863,0
0.0019718,0,0,-8.8,3.7305,0
0.11912,0,0.23909,-8.8,3.8136,0
0.14941,0,0.17876,-8.8,3.8683,0
0.17048,0,0.15458,-8.8,3.9378,0
0.18385,0,0.071896,-8.8,4.0058,0
0.19867,0,0.010683,-8.8,4.0673,0
0.19867,0,0,-8.8,4.1312,0
0.20112,0,-0.092518,-8.8,4.2014,0
0.18909,0,-0.13698,-8.8,4.2603,0
0.18909,0,0,-8.8,4.3232,0
0.18909,0,0,-8.8,4.3861,0
0.18909,0,0,-8.8,4.449,0
0.18909,0,0,-8.8,4.5119,0
0.12022,0,-0.18604,-8.8,4.5636,0
0.10791,0,-0.20873,-8.8,4.6215,0
0.07731,0,-0.17914,-8.8,4.6684,0
0.07731,0,0,-8.8,4.7202,0
0.046565,0,-0.20358,-8.8,4.765,0
0.046565,0,0,-8.8,4.8136,0
0.046565,0,0,-8.8,4.8623,0
-0.025347,0,-0.27966,-8.8,4.8958,0
-0.025347,0,0,-8.8,4.9373,0
-0.025347,0,0,-8.8,4.9787,0
-0.025347,0,0,-0.30754,5.0202,0
-0.15025,0,-0.29821,-8.8,4.9894,0
-0.17613,0,-0.26652,-0.26652,5.008,0.36237
-0.17613,0,0,-8.8,4.9917,0
-0.17613,0,0,-8.8,5.0181,0
-0.2393,0,-0.1368,-0.1368,5.0184,0.49188
-0.25753,0,-0.11571,-8.8,4.9857,0
-0.25753,0,0,-0.11401,5.004,0.28968
-0.25753,0,0,-8.8,4.9788,0
-0.25753,0,0,-0.13969,4.997,0.23573
-0.30933,0,-0.14237,-8.8,4.9686,0
-0.30933,0,0,-8.8,4.9816,0
-0.30933,0,0,-0.17194,4.9947,0.27413
-0.30933,0,0,-8.8,4.9646,0
-0.36535,0,-0.19034,-8.8,4.9661,0
-0.38018,0,-0.22445,-8.8,4.9751,0
-0.38018,0,0,-8.8,4.9811,0
-0.43847,0,-0.16842,-8.8,4.9872,0
-0.43847,0,0,-8.8,4.9874,0
-0.47781,0,-0.092726,-8.8,4.9889,0
-0.47781,0,0,-8.8,4.9851,0
-0.47781,0,0,-8.8,4.9813,0
-0.47781,0,0,-8.8,4.9775,0
-0.46494,0,0.099848,-8.8,4.9641,0
-0.45037,0,0.10764,-8.8,4.9641,0
-0.45037,0,0,-8.8,4.9631,0
-0.43314,0,0.099965,-8.8,4.9521,0
-0.41525,0,0.11376,-8.8,4.9471,0
-0.41525,0,0,-8.8,4.9496,0
-0.38619,0,0.14443,-8.8,4.9532,0
-0.37051,0,0.13194,-8.8,4.9632,0
-0.37051,0,0,-8.8,4.9701,0
-0.37051,0,0,-8.8,4.977,0
-0.37051,0,0,-8.8,4.984,0
-0.37051,0,0,-8.8,4.9909,0
-0.33163,0,-0.0085747,-0.0085747,5.0065,0.68116
-0.33163,0,0,-8.8,4.9734,0
-0.33163,0,0,-8.8,4.9842,0
-0.33163,0,0,-8.8,4.9951,0
-0.33163,0,0,-8.8,5.0059,0
-0.33163,0,0,-8.8,5.0167,0
-0.33163,0,0,-8.8,5.0276,0
-0.33163,0,0,-8.8,5.0384,0
-0.33163,0,0,0.10918,5.0492,0.91058
-0.40057,0.010918,0.14291,-8.8,4.9716,0
-0.40057,0,0,-8.8,4.9745,0
-0.40057,0,0,-8.8,4.9784,0
-0.35235,0,0.13088,0.13088,5.0018,0.72361
-0.3408,0.013088,0.11894,-8.8,4.9693,0
-0.3408,0,0,-8.8,4.9779,0
-0.31742,0,0.056448,-8.8,4.9954,0
-0.3086,0,0.074084,0.074084,5.0148,0.63394
-0.29219,0.0074084,0.048595,-8.8,4.9883,0
-0.29219,0,0,-8.8,5.0023,0
-0.28453,0,0.12195,0.12195,5.015,0.5846
-0.28453,0.012195,0,-8.8,4.9859,0
-0.28453,0,0,0.24262,5.0002,1.0944
-0.28453,0.024262,0,-8.8,4.9706,0
-0.28453,0,0,0.38623,4.9837,1.3962
-0.28453,0.038623,0,-8.8,4.9533,0
-0.28453,0,0,0.40892,4.965,1.4438
-0.096101,0.040892,0.45868,-8.8,5.0063,0
-0.053688,0,0.40728,0.40728,5.04,0.11137
-0.005293,0.040728,0.33861,0.33861,5.0397,0.095648
0.031274,0.074589,0.30991,-8.8,5.0256,0
0.031274,0,0,0.22152,5.0653,0.50401
0.031274,0.022152,0,0.11168,5.0673,0.24428
0.031274,0.03332,0,0.10753,5.0677,0.25914
0.11688,0.044073,0.09774,0.09774,5.0903,0
0.11688,0.053847,0,0.053325,5.0971,0
0.13209,0.059179,0.068838,0.068838,5.095,0
0.13209,0.066063,0,0.10402,5.1019,0.096007
0.14066,0.076466,0.093148,0.093148,5.1164,0
0.14066,0.08578,0,0.10732,5.1224,0.12905
0.14066,0.096512,0,0.13513,5.1273,0.22516
0.16439,0.11002,0.13958,0.13958,5.135,0
0.16439,0.12398,0,0.082527,5.1397,0.10037
0.16439,0.13224,0,0.04872,5.1434,0.039175
0.20628,0.13711,0.019014,0.019014,5.1379,0
0.20628,0.13901,0,-0.067129,5.1447,0
0.20628,0.1323,0,-0.15309,5.1518,0
0.17378,0.11699,-0.21002,-0.21002,5.1504,0
0.17378,0.095985,0,-0.23187,5.1571,0
0.13101,0.072798,-0.30639,-0.30639,5.1578,0
0.13101,0.042159,0,-0.33065,5.1652,0
0.13101,0.0090941,0,-0.28285,5.1757,0
0.13101,0,0,-0.22306,5.1893,0
0.13101,0,0,-0.22319,5.2035,0
0.13101,0,0,-0.16545,5.2177,0
-0.02198,0,-0.08847,-0.08847,5.1744,0.055483
-0.028063,0,-0.061836,-0.061836,5.1771,0.067953
-0.031484,0,-0.016349,-0.016349,5.167,0.074965
-0.031484,0,0,0.065684,5.1639,0.21298
-0.022649,0.0065684,0.10192,0.10192,5.1659,0.07032
-0.022649,0.01676,0,0.14852,5.1625,0.4033
0.0015029,0.031613,0.21703,0.21703,5.1549,0.062226
0.0015029,0.053316,0,0.26244,5.1508,0.85417
0.0015029,0.07956,0,0.27709,5.1443,0.97675
0.0015029,0.10727,0,0.32795,5.1351,1.2417
0.0015029,0.14006,0,0.33905,5.1229,1.3799
0.16167,0.17397,0.2821,0.2821,5.1499,0.025292
0.16167,0.20218,0,0.22104,5.1472,0.68644
0.16167,0.22428,0,0.2005,5.1421,0.67779
0.16167,0.24433,0,0.12966,5.1348,0.51213
0.24149,0.2573,0.091766,0.091766,5.154,0.032557
0.25718,0.26648,0.070153,0.070153,5.1529,0.019113
0.25718,0.27349,0,0.038243,5.1516,0.11912
0.27041,0.27731,-0.024672,-0.024672,5.1485,0.014179
0.26029,0.27485,-0.063841,-0.063841,5.1578,0.029983
0.26029,0.26846,0,-0.089172,5.1566,0
0.24743,0.25955,-0.14006,-0.14006,5.1481,0.024842
0.24743,0.24554,0,-0.15516,5.1476,0
0.24743,0.23002,0,-0.12591,5.1486,0
0.21298,0.21743,-0.075351,-0.075351,5.1517,0.0091433
0.21298,0.2099,0,-0.06835,5.1517,0
0.19671,0.20306,-0.012025,-0.012025,5.1455,0.013043
0.19671,0.20186,0,0.077184,5.145,0.18846
0.19671,0.20958,0,0.077097,5.1441,0.20558
0.19671,0.21729,0,0.05515,5.1424,0.16862
0.19671,0.2228,0,0.05194,5.1401,0.17301
0.19671,0.228,0,0.078322,5.1372,0.25033
0.2242,0.23583,0.024485,0.024485,5.1464,0.023921
0.2335,0.23828,0.013181,0.013181,5.1488,0.0098077
0.2335,0.2396,0,0.015414,5.1483,0.045732
0.2335,0.24114,0,-0.0044132,5.1476,0.0063838
0.2335,0.2407,0,-0.1029,5.1469,0
0.2335,0.23041,0,-0.15977,5.1467,0
0.2335,0.21443,0,-0.18734,5.1478,0
0.17862,0.19569,-0.23829,-0.23829,5.1516,0.035011
0.15934,0.17187,-0.2738,-0.2738,5.1506,0.025685
0.15934,0.14449,0,-0.2545,5.1507,0
0.15934,0.11904,0,-0.23735,5.1534,0
0.15934,0.0953,0,-0.25522,5.1587,0
0.0613,0.069778,-0.24813,-0.24813,5.1499,0.017379
0.032046,0.044964,-0.21037,-0.21037,5.1531,0.026483
0.032046,0.023928,0,-0.21091,5.1528,0
0.032046,0.0028364,0,-0.23658,5.1547,0
0.032046,0,0,-0.23181,5.1588,0
-0.04984,0,-0.24713,-0.24713,5.1274,0.10279
-0.083409,0,-0.26746,-0.26746,5.1231,0.17161
-0.083409,0,0,-0.24912,5.1161,0
-0.083409,0,0,-0.23909,5.109,0
-0.17316,0,-0.22035,-0.22035,5.0854,0.35559
-0.20055,0,-0.19836,-0.19836,5.0708,0.41174
-0.2166,0,-0.20273,-0.20273,5.0522,0.44465
-0.2166,0,0,-0.21179,5.0316,0
-0.24955,0,-0.18593,-0.18593,5.0203,0.51219
-0.24955,0,0,-8.8,4.9962,0
-0.28287,0,-0.16234,-0.16234,5.0033,0.5805
-0.28287,0,0,-8.8,4.9758,0
-0.29689,0,-0.048582,-8.8,4.9967,0
-0.29689,0,0,0.028185,5.011,0.66847
-0.29689,0.0028185,0,-8.8,4.9811,0
-0.28024,0,0.15317,-8.8,4.9924,0
-0.28024,0,0,0.18789,5.0084,0.96992
-0.25141,0.018789,0.20696,-8.8,4.9885,0
-0.25141,0,0,0.21601,5.0055,0.9699
-0.25141,0.021601,0,-8.8,4.9792,0
-0.19132,0,0.24437,0.24437,5.0083,0.39281
-0.16684,0.024437,0.2771,-8.8,4.9823,0
-0.13103,0,0.31822,0.31822,5.006,0.26922
-0.13103,0.031822,0,-8.8,4.9913,0
-0.069373,0,0.39725,0.39725,5.0295,0.14283
-0.038465,0.039725,0.41309,-8.8,5.0186,0
-0.038465,0,0,0.41346,5.0547,0.94826
0.041492,0.041346,0.40448,0.40448,5.0673,0
0.080189,0.081794,0.39286,0.39286,5.0636,0.0032906
0.11716,0.12108,0.37236,-8.8,5.0576,0
0.11716,0,0,0.39118,5.1012,0.8442
0.19214,0.039118,0.42462,0.42462,5.11,0
0.19214,0.08158,0,0.47862,5.1232,1.1958
0.28755,0.12944,0.51159,0.51159,5.1329,0
0.28755,0.1806,0,0.48811,5.1461,1.2446
0.38181,0.22941,0.52966,0.52966,5.1516,0
0.38181,0.28238,0,0.53501,5.1642,1.4607
0.38181,0.33588,0,-8.8,5.1714,0
0.38181,0,0,0.29526,5.22,0
0.38181,0.029526,0,-0.12767,5.2567,0
0.38181,0.016759,0,-1.2595,5.2926,0
0.38181,0,0,-2.8165,5.3354,0
0.38181,0,0,-3.6145,5.3877,0
0.38181,0,0,-3.8098,5.4439,0
-0.57273,0,-3.4932,-3.4932,5.4638,1.265
-0.93064,0,-2.463,-2.463,5.4045,1.9987
-0.93064,0,0,-0.86326,5.3237,0.1848
-1.2806,0,-0.037316,-0.037316,5.1885,2.7162
-1.2806,0,0,0.10878,5.0606,2.9448
-1.2783,0.010878,0.054121,-8.8,4.9206,0
-1.2768,0,0.15811,-8.8,4.8374,0
-1.2675,0,0.13557,-8.8,4.7519,0
-1.2491,0,0.18232,-8.8,4.6605,0
-1.2491,0,0,-8.8,4.5796,0
-1.2491,0,0,-8.8,4.4986,0
-1.1618,0,0.57406,-8.8,4.4278,0
-1.1618,0,0,-8.8,4.3556,0
-1.1618,0,0,-8.8,4.2834,0
-1.1618,0,0,-8.8,4.2112,0
-1.1618,0,0,-8.8,4.1391,0
-1.1618,0,0,-8.8,4.0669,0
-1.1618,0,0,-8.8,3.9947,0
-1.1618,0,0,-8.8,3.9225,0
-0.10865,0,1.7963,-8.8,4.1999,0
0.073795,0,1.7348,-8.8,4.2451,0
0.23766,0,1.6968,-8.8,4.3056,0
0.23766,0,0,-8.8,4.3734,0
0.23766,0,0,-8.8,4.4411,0
0.23766,0,0,-8.8,4.5089,0
0.23766,0,0,-8.8,4.5767,0
1.0682,0,1.5908,-8.8,4.8395,0
1.2217,0,1.583,-8.8,4.9895,0
1.2217,0,0,1.581,5.1557,2.8395
1.5453,0.1581,1.5046,1.5046,5.2926,0
1.5453,0.30856,0,1.5249,5.4238,2.459
1.5453,0.46105,0,1.6331,5.5399,3.6983
1.5453,0.62436,0,1.687,5.6401,4.7148
1.5453,0.79306,0,1.6381,5.7238,5.1074
2.3549,0.95687,1.5903,4.9,6.0098,12.155
2.5205,1.4469,1.4656,4.9,6.1295,14.854
2.6744,1.9369,1.2619,2.6765,6.2257,3.1096
2.6744,2.2045,0,1.744,6.286,7.0784
2.9004,2.3789,0.76646,1.3644,6.3391,0.40556
2.9799,2.5154,0.56217,1.1159,6.3945,0.42158
3.0381,2.627,0.2522,0.92421,6.4383,1.0376
3.0731,2.7194,-0.015583,0.75512,6.4828,1.6983
3.0731,2.7949,0,0.5749,6.5144,1.0821
3.0731,2.8524,0,0.42126,6.5393,0.6649
3.0237,2.8945,-0.53189,0.25144,6.5692,2.7542
3.0237,2.9197,0,0.093872,6.5808,0
2.9059,2.929,-0.78192,-0.0051163,6.5781,3.4744
2.9059,2.9285,0,-0.021976,6.5758,0.00051972
2.7336,2.9263,-1.1026,-0.042617,6.5739,6.6741
2.7336,2.9221,0,-0.065154,6.5548,0.25133
2.7336,2.9156,0,-0.091768,6.5363,0.18027
2.7336,2.9064,0,-0.11655,6.5185,0.112
2.2727,2.8947,-1.0676,-8.8,6.4165,0
2.1589,2.0147,-0.97651,0.50117,6.3847,8.1788
2.0532,2.0648,-0.87826,-0.0018408,6.3969,4.157
2.0532,2.0647,0,-0.017188,6.3958,0
2.0532,2.0629,0,-0.028377,6.3947,0
1.8284,2.0601,-0.53911,-0.037,6.3631,2.5584
1.8284,2.0564,0,-0.046173,6.3401,0.38089
1.8284,2.0518,0,-0.052038,6.3175,0.35666
1.8284,2.0466,0,-0.058457,6.2955,0.33017
1.6388,2.0407,-0.44833,-0.06559,6.2416,2.5133
1.6388,2.0342,0,-0.071275,6.2018,0.69709
1.6388,2.027,0,-0.077849,6.1626,0.66298
1.5247,2.0193,-0.1726,-0.082702,6.1075,1.4776
1.5247,2.011,0,-0.084095,6.0584,0.87746
1.5247,2.0026,0,-0.085261,6.0102,0.85396
1.5247,1.9941,0,-8.8,5.9629,0
1.5247,1.1141,0,3.3688,5.9599,21.379
1.5247,1.4509,0,0.14151,5.9841,0.17364
1.4595,1.4651,-0.21775,-0.000675,6.0111,0.59368
1.4378,1.465,-0.29228,-0.0032984,6.0186,0.90427
1.4378,1.4647,0,-0.0061556,6.0159,0.042331
1.3843,1.4641,-0.35891,-0.009672,6.0111,1.298
1.3517,1.4631,-0.39981,-0.013534,6.0042,1.559
1.3517,1.4617,0,-0.017792,5.9931,0.19152
1.2823,1.46,-0.37413,-0.021646,5.9835,1.6151
1.2823,1.4578,0,-0.027294,5.9659,0.31082
1.2055,1.4551,-0.38573,-0.030716,5.9351,1.8569
1.2055,1.452,0,-0.036071,5.9103,0.44716
1.2055,1.4484,0,-0.040991,5.8858,0.42677
1.0722,1.4443,-0.35081,-0.046542,5.848,2.0145
1.0722,1.4396,0,-0.051954,5.811,0.6838
1.0722,1.4344,0,-0.054687,5.7746,0.66422
0.98242,1.429,-0.15142,-0.057351,5.7151,1.3559
0.9772,1.4232,-0.073599,-8.8,5.6754,0
0.9772,0.54324,0,-0.011096,5.6748,0
0.9772,0.54213,0,0.0192,5.7182,0
0.9772,0.54405,0,0.061068,5.7616,0
0.98614,0.55016,0.079371,0.079371,5.8087,0
0.98614,0.5581,0,0.10973,5.8519,0
1.0134,0.56907,0.097034,0.097034,5.9063,0
1.0134,0.57877,0,0.13315,5.9502,0
1.0225,0.59209,0.12411,0.12411,5.9816,0
1.0225,0.6045,0,0.079884,6.0241,0
1.0225,0.61249,0,0.02267,6.0654,0
1.0225,0.61476,0,-0.015614,6.1063,0
1.0421,0.6132,-0.095956,-0.095956,6.1457,0
1.0383,0.6036,-0.18486,-0.18486,6.1792,0
1.0171,0.58511,-0.20356,-0.20356,6.225,0
0.99941,0.56476,-0.23369,-0.23369,6.2701,0
0.98546,0.54139,-0.24316,-0.24316,6.3163,0
0.98546,0.51707,0,-0.19195,6.3619,0
0.98546,0.49788,0,-0.14043,6.4097,0
0.98546,0.48383,0,-0.081619,6.4591,0
0.9024,0.47567,-0.014636,-0.014636,6.5177,0
0.89296,0.47421,0.045392,0.045392,6.5662,0
0.89296,0.47875,0,0.026909,6.6078,0
0.8885,0.48144,0.037109,0.037109,6.6451,0
0.8885,0.48515,0,0.020927,6.6856,0
0.8885,0.48724,0,-0.0023077,6.7258,0
0.8885,0.48701,0,0.00056697,6.766,0
0.8885,0.48707,0,-0.019918,6.8061,0
