29.722,29.722,0.20925,0,35.5,0
29.747,29.722,0.27963,0.0043411,35.494,0
29.773,29.723,0.23695,0.0090587,35.491,0
29.79,29.724,0.2481,0.011837,35.504,0
29.823,29.725,0.23561,0.017635,35.522,0
29.823,29.727,0,0.020779,35.531,0
29.868,29.729,0.22535,0.02491,35.55,0
29.89,29.731,0.22778,0.028336,35.558,0
29.914,29.734,0.20844,0.032301,35.584,0
29.938,29.737,0.19882,0.03594,35.607,0
29.938,29.741,0,0.03747,35.627,0
29.969,29.744,0.18176,0.040217,35.643,0
29.99,29.749,0.13422,0.043232,35.664,0
29.99,29.753,0,0.043651,35.688,0
30.013,29.757,0.057386,0.045833,35.719,0
30.025,29.762,-0.013843,0.047297,35.738,0
30.019,29.767,-0.035926,0.045313,35.765,0
30.019,29.771,0,0.043105,35.79,0
30.019,29.775,0,0.040706,35.815,0
30.019,29.779,0,0.03708,35.839,0
29.974,29.783,-0.16472,0.034266,35.856,0.056578
29.974,29.787,0,0.032398,35.875,0
29.974,29.79,0,0.027026,35.893,0
29.974,29.792,0,0.025299,35.912,0
29.974,29.795,0,0.021048,35.93,0
29.892,29.797,-0.15064,0.017148,35.929,0.19533
29.874,29.799,-0.15711,0.013484,35.935,0.25145
29.874,29.8,0,0.0095282,35.942,0
29.874,29.801,0,0.0051923,35.95,0
29.874,29.802,0,0.0021278,35.957,0
29.874,29.802,0,0.0012542,35.964,0
29.81,29.802,0.075136,0.001386,35.918,0
29.825,29.802,0.17338,0.0041094,35.912,0
29.825,29.803,0,0.0088357,35.914,0
29.872,29.803,0.29578,0.01232,35.918,0
29.872,29.805,0,0.017402,35.925,0
29.872,29.806,0,0.02123,35.932,0
29.96,29.809,0.31897,0.027329,35.96,0
29.96,29.811,0,0.031587,35.975,0
30.014,29.814,0.30275,0.03592,35.997,0
30.014,29.818,0,0.039037,36.017,0
30.014,29.822,0,0.042308,36.036,0
30.014,29.826,0,0.04542,36.055,0
30.104,29.831,0.28118,0.049217,36.097,0
30.104,29.836,0,0.054628,36.124,0
30.104,29.841,0,0.058386,36.15,0
30.104,29.847,0,0.062998,36.176,0
30.216,29.853,0.25799,0.065455,36.221,0
30.216,29.86,0,0.069409,36.257,0
30.216,29.867,0,0.072167,36.292,0
30.216,29.874,0,0.074318,36.326,0
30.216,29.881,0,0.077419,36.36,0
30.216,29.889,0,0.0797,36.393,0
30.216,29.897,0,0.08248,36.426,0
30.216,29.905,0,0.085546,36.457,0
30.4,29.914,0.18632,0.0882,36.561,0
30.4,29.923,0,0.089102,36.609,0
30.431,29.932,0.16525,0.09067,36.646,0
30.431,29.941,0,0.092172,36.695,0
30.431,29.95,0,0.092825,36.744,0
30.431,29.959,0,0.095518,36.792,0
30.5,29.969,0.14123,0.096696,36.839,0
30.5,29.978,0,0.097522,36.892,0
30.528,29.988,0.15299,0.098506,36.95,0
30.528,29.998,0,0.098874,37.003,0
30.528,30.008,0,0.099865,37.056,0
30.575,30.018,0.23414,0.10184,37.121,0
30.595,30.028,0.24039,0.10376,37.182,0
30.627,30.038,0.23442,0.10778,37.229,0
30.657,30.049,0.20415,0.11137,37.292,0
30.657,30.06,0,0.11161,37.352,0
30.697,30.071,0.21803,0.11491,37.411,0
30.72,30.083,0.21729,0.11697,37.469,0
30.72,30.095,0,0.11855,37.532,0
30.758,30.107,0.18002,0.12001,37.605,0
30.758,30.119,0,0.12048,37.669,0
30.789,30.131,0.16907,0.12145,37.738,0
30.789,30.143,0,0.12397,37.803,0
30.789,30.155,0,0.123,37.867,0
30.789,30.167,0,0.12154,37.93,0
30.789,30.18,0,0.11943,37.991,0
30.832,30.192,0.010849,0.11862,38.062,0
30.835,30.203,0.022183,0.11716,38.126,0
30.835,30.215,0,0.11378,38.188,0
30.835,30.226,0,0.11191,38.25,0
30.835,30.238,0,0.11165,38.31,0
30.835,30.249,0,0.11028,38.369,0
30.831,30.26,-0.12721,0.10632,38.432,0
30.831,30.27,0,0.10342,38.488,0
30.815,30.281,-0.18433,0.099536,38.54,0
30.815,30.291,0,0.092985,38.593,0
30.772,30.3,-0.21551,0.088069,38.63,0
30.772,30.309,0,0.082023,38.677,0
30.725,30.317,-0.23641,0.076115,38.718,0
30.725,30.325,0,0.07104,38.758,0
30.725,30.332,0,0.066705,38.798,0
30.725,30.338,0,0.06081,38.837,0
30.641,30.345,-0.23538,0.055503,38.864,0.060166
30.641,30.35,0,0.051734,38.893,0
30.641,30.355,0,0.047815,38.922,0
30.581,30.36,-0.27421,0.04131,38.936,0.32642
30.554,30.364,-0.28069,0.035561,38.966,0.40916
30.554,30.368,0,0.029091,38.984,0
30.491,30.371,-0.29574,0.022485,39.006,0.6028
30.491,30.373,0,0.01825,39.018,0
30.491,30.375,0,0.012587,39.03,0
30.415,30.376,-0.29546,0.007227,39.019,0.77091
30.377,30.377,-0.29851,0.00010516,39.014,0.86213
30.377,30.377,0,-0.0049114,39.014,0
30.377,30.376,0,-0.010057,39.014,0
30.377,30.375,0,-0.014068,39.014,0
30.377,30.374,0,-0.01648,39.014,0
30.227,30.372,-0.28609,-0.021235,39.001,1.1478
30.206,30.37,-0.29222,-0.024012,38.984,1.2158
30.206,30.368,0,-0.027925,38.968,0.27838
30.146,30.365,-0.28904,-0.032111,38.935,1.3316
30.12,30.362,-0.24192,-0.035483,38.916,1.1991
30.12,30.358,0,-0.037516,38.892,0.42371
30.12,30.354,0,-0.039305,38.868,0.4109
30.12,30.35,0,-0.041883,38.845,0.39582
30.12,30.346,0,-0.04528,38.822,0.37828
30.12,30.342,0,-0.048144,38.8,0.36142
30.12,30.337,0,-0.05238,38.778,0.34081
30.12,30.332,0,-0.055738,38.757,0.32154
30.12,30.326,0,-0.058701,38.736,0.30263
29.912,30.32,-0.27848,-0.06082,38.599,1.7404
29.912,30.314,0,-0.065078,38.559,0.73065
29.912,30.308,0,-0.06647,38.519,0.71153
29.846,30.301,-0.27167,-0.068101,38.472,1.8233
29.821,30.294,-0.26532,-0.070814,38.433,1.8378
29.821,30.287,0,-0.074177,38.386,0.85599
29.821,30.28,0,-0.076812,38.34,0.83074
29.757,30.272,-0.078524,-0.077666,38.273,1.2149
29.74,30.264,-0.040634,-0.079184,38.215,1.1091
29.74,30.256,0,-0.079442,38.163,0.96392
29.722,30.248,0.02834,-0.079788,38.114,0.90508
29.715,30.24,0.045679,-0.079815,38.058,0.85452
29.715,30.232,0.053559,-0.078692,38.014,0.81688
29.715,30.225,0,-0.078117,37.962,0.9503
29.728,30.217,0.089743,-0.074696,37.907,0.66979
29.728,30.209,0,-0.072808,37.859,0.89778
29.739,30.202,0.05008,-0.071039,37.801,0.72124
29.739,30.195,0,-0.069926,37.755,0.84442
29.739,30.188,0,-0.068383,37.71,0.83197
29.753,30.181,0.017961,-0.065987,37.661,0.73851
29.746,30.174,0.010329,-0.066147,37.611,0.75939
29.746,30.168,0,-0.066516,37.568,0.77133
29.75,30.161,0.015599,-0.063867,37.511,0.71279
29.75,30.155,0,-0.062762,37.47,0.74342
29.75,30.149,0,-0.061285,37.43,0.73263
29.755,30.142,-0.024642,-0.060322,37.394,0.77616
29.755,30.136,0,-0.058941,37.356,0.69672
29.755,30.13,0,-0.058081,37.318,0.68521
29.755,30.125,0,-0.058198,37.281,0.67129
29.755,30.119,0,-0.056833,37.244,0.66137
29.758,30.113,-0.024039,-0.055658,37.227,0.71038
29.758,30.108,0,-0.054498,37.192,0.63453
29.758,30.102,0,-0.056176,37.157,0.61744
29.745,30.097,-0.088277,-0.055354,37.1,0.89301
29.745,30.091,0,-0.055059,37.065,0.6245
29.738,30.085,-0.070087,-0.054989,37.019,0.82936
29.738,30.08,0,-0.055095,36.984,0.61652
29.738,30.074,0,-0.055255,36.95,0.60336
29.738,30.069,0,-0.056414,36.917,0.58759
29.738,30.063,0,-0.057726,36.884,0.57123
29.738,30.058,0,-0.058583,36.852,0.55581
29.685,30.052,-0.078694,-0.058539,36.795,0.89314
29.685,30.046,-0.04826,-0.057607,36.753,0.78794
29.685,30.04,0,-0.056697,36.717,0.64127
29.675,30.034,-0.078579,-0.057551,36.681,0.87614
29.659,30.029,-0.13742,-0.059286,36.645,1.089
29.654,30.023,-0.14865,-0.059278,36.61,1.1264
29.654,30.017,0,-0.059483,36.573,0.65297
29.64,30.011,-0.060534,-0.059811,36.538,0.84424
29.64,30.005,0,-0.061032,36.501,0.65399
29.64,29.999,0,-0.060076,36.465,0.64235
29.64,29.993,0.17196,-0.057024,36.442,0.2493
29.661,29.987,0.19447,-0.052853,36.401,0.16758
29.661,29.982,0,-0.04831,36.368,0.58519
29.698,29.977,0.2554,-0.045261,36.334,0.0037306
29.698,29.972,0,-0.039634,36.306,0.50039
29.698,29.968,0,-0.035355,36.279,0.50235
29.698,29.965,0,-0.031901,36.252,0.50318
29.698,29.962,0,-0.025838,36.225,0.51159
29.698,29.959,0,-0.021515,36.199,0.51693
29.698,29.957,0,-0.017139,36.173,0.52346
29.878,29.955,0.33013,-0.012659,36.222,0
29.904,29.954,0.34464,-0.0081682,36.208,0
29.937,29.953,0.37276,-0.0026696,36.212,0
29.937,29.953,0,0.0051127,36.211,0.044147
30.015,29.953,0.36964,0.01099,36.218,0
30.056,29.954,0.3495,0.018319,36.236,0
30.056,29.956,0,0.023547,36.246,0
30.056,29.959,0,0.028942,36.256,0
30.056,29.962,0,0.035886,36.265,0
30.056,29.965,0,0.039974,36.275,0
30.056,29.969,0,0.045189,36.284,0
30.259,29.974,0.37146,0.051471,36.383,0
30.259,29.979,0,0.057555,36.411,0
30.259,29.985,0,0.06373,36.439,0
30.259,29.991,0,0.067739,36.466,0
30.259,29.998,0,0.073347,36.493,0
30.45,30.005,0.36161,0.080362,36.565,0
30.495,30.013,0.34996,0.087071,36.604,0
30.53,30.022,0.36509,0.091787,36.644,0
30.53,30.031,0,0.097221,36.694,0
30.53,30.041,0,0.1004,36.743,0
30.53,30.051,0,0.10588,36.792,0
30.68,30.061,0.34624,0.11212,36.856,0
30.724,30.073,0.31945,0.11813,36.91,0
30.724,30.084,0,0.12079,36.975,0
30.789,30.096,0.28759,0.12576,37.031,0
30.789,30.109,0,0.12902,37.1,0
30.789,30.122,0,0.13073,37.167,0
30.868,30.135,0.24963,0.13354,37.245,0
30.868,30.148,0,0.13486,37.318,0
30.868,30.162,0,0.13838,37.389,0
30.939,30.176,0.22129,0.13957,37.489,0
30.939,30.19,0,0.14009,37.565,0
30.939,30.204,0,0.13919,37.639,0
30.939,30.218,0,0.13752,37.712,0
30.968,30.231,-0.073011,0.13518,37.776,0
30.963,30.245,-0.084263,0.13189,37.846,0
30.963,30.258,0,0.12854,37.917,0
30.944,30.271,-0.14063,0.12387,37.987,0
30.921,30.283,-0.15997,0.11749,38.044,0
30.921,30.295,0,0.1128,38.108,0
30.888,30.306,-0.20772,0.10728,38.163,0
30.859,30.317,-0.22244,0.10003,38.213,0
30.859,30.327,0,0.092426,38.266,0
30.859,30.336,0,0.085803,38.319,0
30.859,30.345,0,0.079821,38.371,0
30.859,30.353,0,0.072122,38.422,0
30.859,30.36,0,0.066305,38.472,0
30.859,30.367,0,0.060269,38.522,0
30.681,30.373,-0.21003,0.05707,38.497,0
30.681,30.378,0,0.052659,38.527,0
30.636,30.384,-0.27399,0.046796,38.561,0.26145
30.601,30.388,-0.29205,0.039515,38.588,0.39905
30.601,30.392,0,0.03492,38.609,0
30.542,30.396,-0.28872,0.027176,38.612,0.52302
30.542,30.399,0,0.020859,38.627,0
30.542,30.401,0,0.017363,38.641,0
30.542,30.402,0,0.012945,38.655,0
30.451,30.404,-0.23297,0.0088262,38.639,0.53609
30.451,30.405,0,0.0028709,38.643,0
30.451,30.405,0,-0.0029498,38.648,0
30.364,30.404,-0.25722,-0.0060771,38.641,0.80394
30.364,30.404,0,-0.011053,38.637,0.059306
30.296,30.403,-0.24965,-0.015873,38.632,0.92226
30.276,30.401,-0.22416,-0.018748,38.617,0.87362
30.276,30.399,0,-0.021873,38.605,0.21156
30.233,30.397,-0.25401,-0.024447,38.593,1.0667
30.205,30.395,-0.26172,-0.028388,38.581,1.1558
30.184,30.392,-0.24352,-0.031057,38.567,1.127
30.184,30.389,0,-0.034428,38.546,0.35796
30.184,30.385,0,-0.036932,38.526,0.34433
30.184,30.382,0,-0.039113,38.506,0.33101
30.184,30.378,0,-0.042908,38.486,0.31348
30.184,30.373,0,-0.046865,38.467,0.29492
30.184,30.369,0,-0.050573,38.448,0.27625
30.184,30.364,0,-0.053149,38.43,0.25954
29.996,30.358,-0.22925,-0.054588,38.334,1.4239
29.996,30.353,0,-0.057968,38.298,0.64236
29.94,30.347,-0.22035,-0.061621,38.253,1.4932
29.94,30.341,0,-0.06401,38.213,0.73074
29.94,30.335,0,-0.064922,38.173,0.71317
29.876,30.328,-0.21772,-0.068619,38.127,1.5841
29.856,30.321,-0.19813,-0.070801,38.075,1.5367
29.856,30.314,0,-0.071662,38.028,0.84435
29.856,30.307,0,-0.072564,37.983,0.8246
29.816,30.3,-0.2213,-0.073968,37.948,1.6715
29.799,30.292,-0.23909,-0.075575,37.895,1.7673
29.799,30.285,0,-0.078121,37.846,0.89241
29.745,30.277,-0.27725,-0.081801,37.788,2.0252
29.713,30.269,-0.25098,-0.085698,37.725,1.9662
29.713,30.26,0,-0.089527,37.67,1.0091
29.713,30.251,0,-0.090854,37.615,0.9832
29.713,30.242,0,-0.093137,37.562,0.95438
29.713,30.233,0,-0.093891,37.51,0.92959
29.713,30.223,0,-0.09623,37.458,0.90025
29.713,30.214,0,-0.097888,37.408,0.87248
29.569,30.204,-0.23158,-0.099636,37.286,2.0669
29.569,30.194,0,-0.10318,37.223,1.1624
29.569,30.184,0,-0.10532,37.161,1.13
29.569,30.173,0,-0.10868,37.1,1.0937
29.569,30.162,0,-0.11397,37.04,1.0512
29.376,30.151,-0.62719,-0.12329,36.924,4.7081
29.376,30.139,0,-0.13044,36.848,1.428
29.264,30.126,-0.54342,-0.13798,36.759,4.3875
29.264,30.112,0,-0.14542,36.674,1.6026
29.264,30.097,0,-0.15317,36.59,1.5385
29.093,30.082,-0.54517,-0.16019,36.487,4.775
29.03,30.066,-0.61026,-0.16843,36.382,5.3804
29.03,30.049,0,-0.1774,36.279,1.9569
29.03,30.031,0,-0.18554,36.178,1.8795
28.829,30.013,-0.73329,-0.19497,36.059,6.8261
28.75,29.993,-0.71964,-0.20569,35.941,6.9019
28.686,29.973,-0.71696,-0.21406,35.815,7.0192
28.686,29.951,0,-0.22398,35.687,2.4833
28.539,29.929,-0.65692,-0.23367,35.547,6.8389
28.539,29.906,0,-0.24234,35.41,2.7076
28.413,29.881,-0.60828,-0.24969,35.271,6.6807
28.413,29.856,0,-0.25678,35.125,2.8802
28.303,29.831,-0.66301,-0.26304,34.959,7.3003
28.242,29.804,-0.7263,-0.27089,34.802,7.9584
28.242,29.777,0,-0.28213,34.648,3.0551
28.242,29.749,0,-0.29401,34.495,2.9211
28.242,29.72,0,-0.30679,34.346,2.7826
27.899,29.689,-0.98093,-0.31956,34.103,11.277
27.802,29.657,-1.0153,-0.3338,33.917,11.894
27.705,29.624,-1.0612,-0.3479,33.725,12.654
27.705,29.589,0,-0.36481,33.535,3.7859
27.705,29.552,0,-0.38256,33.349,3.592
27.705,29.514,0,-0.40635,33.166,3.372
27.133,29.473,-2.5004,-0.4396,32.905,44.366
26.885,29.429,-3.1787,-0.48336,32.655,72.637
26.885,29.381,0,-0.54146,32.403,4.988
26.176,29.327,-4.4215,-0.61381,32.084,170.76
26.176,29.266,0,-0.69837,31.772,6.2725
25.243,29.196,-5.4148,-0.79523,31.37,335.87
25.243,29.116,0,-0.90684,30.979,8.0463
24.098,29.026,-6.3681,-1.0328,30.486,673.41
23.46,28.922,-6.7668,-1.1733,29.968,924.57
23.46,28.805,0,-1.3306,29.427,11.396
23.46,28.672,0,-1.4995,28.9,9.7792
23.46,28.522,0,-1.6815,28.386,8.1849
23.46,28.354,0,-1.8684,27.888,6.7184
23.46,28.167,0,-2.0589,27.408,5.4589
19.508,27.961,-5.2318,-2.2499,25.739,265.13
18.987,27.736,-4.6509,-2.4408,24.883,194.94
18.987,27.492,0,-2.6302,24.02,16.305
18.987,27.229,0,-2.8186,23.183,13.874
18.987,26.947,0,-3.0034,22.373,11.65
18.987,26.647,0,-3.1828,21.592,9.7059
18.987,26.328,0,-3.3639,20.842,8.0954
18.987,25.992,0,-3.5469,20.125,6.9512
18.987,25.637,0,-3.7482,19.442,6.4735
16.354,25.263,-2.9989,-3.9638,17.639,65.655
16.061,24.866,-2.8403,-5.1533,16.76,41.729
15.773,24.351,-2.5269,-4.8422,15.892,32.667
15.773,23.867,0,-4.4634,15.059,7.9637
15.773,23.42,0,-4.0928,14.271,7.4356
15.773,23.011,0,-3.7937,13.527,7.0514
15.008,22.632,-1.3315,-3.6288,12.648,17.178
14.868,22.269,-1.2542,-3.5544,11.907,15.719
14.737,21.913,-1.1428,-3.4449,11.186,14.276
14.737,21.569,0,-3.2201,10.486,7.2709
14.737,21.247,0,-3.013,9.8185,7.0792
14.464,20.946,-0.5019,-2.9,9.1528,9.7572
14.464,20.656,0,-2.9,8.5191,6.6335
14.464,20.366,0,-2.9,7.9145,6.0048
14.464,20.076,0,-2.9,7.3389,5.4783
14.464,19.786,0,-2.9,6.7923,5.0639
14.342,19.496,-0.14147,-2.9,6.256,4.9369
14.342,19.206,0,-2.9,5.7551,4.6653
14.342,18.916,0,-2.9,5.2833,4.5945
14.342,18.626,0,-2.9,4.8404,4.6831
14.369,18.336,0.60123,-2.9,4.4062,7.6689
14.369,18.046,0,-4.4,4.0241,36.365
14.369,17.606,0,-4.4,3.6784,46.997
14.369,17.166,0,-4.4,3.3768,61.192
14.712,16.726,1.0058,-4.4,3.1786,103.46
14.808,16.286,0.97581,-4.4,3.001,133.46
14.808,15.846,0,-4.4,2.8752,208.02
14.808,15.406,0,-4.4,2.7934,313.71
15.131,14.966,1.1116,-4.4,2.8063,318.67
15.131,14.526,0,-4.4,2.8449,6842.5
15.131,14.086,0,-4.4,2.9274,0
15.131,13.646,0,-4.4,3.0539,0
15.518,13.206,0.6732,-4.4,3.3129,0
15.575,12.766,0.42695,-4.4,3.568,0
15.575,12.326,0,-4.4,3.871,0
15.575,11.886,0,-5.2,4.218,0
15.575,11.366,0,-5.2,4.6129,0
15.575,10.846,0,-5.2,5.0599,0
15.63,10.326,-0.10434,-5.2,5.5747,0
15.63,9.8055,0,-5.2,6.1312,0
15.63,9.2855,0,-5.2,6.7396,0
15.63,8.7655,0,-5.2,7.4,0
15.52,8.2455,-0.4786,-5.2,8.1041,0
15.52,7.7255,0,-5.2,8.8575,0
15.417,7.2055,-0.75799,4.9,9.6515,1.5227
15.339,7.6955,-0.87339,4.3926,10.45,1.3764
15.339,8.1348,0,3.9593,11.192,0
15.15,8.5307,-0.9768,3.5926,11.889,0.97746
15.062,8.89,-0.84079,3.2779,12.537,0
15.062,9.2178,0,3.0037,13.138,0
14.925,9.5182,-0.36994,2.7712,13.692,0
14.89,9.7953,-0.089958,2.5727,14.21,0
14.873,10.053,0.057027,2.4029,14.705,0
14.877,10.293,0.16509,2.2604,15.182,0
14.877,10.519,0,2.134,15.629,0
14.927,10.732,0.62226,2.0275,16.057,0
14.927,10.935,0,1.9414,16.466,0
15.078,11.129,1.149,1.878,16.883,0
15.187,11.317,1.3847,1.8272,17.276,0
15.331,11.5,1.5303,1.7966,17.669,0
15.331,11.679,0,1.774,18.043,0
15.637,11.857,1.5691,1.7486,18.43,0
15.637,12.032,0,1.7315,18.799,0
15.637,12.205,0,1.7117,19.151,0
16.1,12.376,1.5309,1.6905,19.552,0
16.261,12.545,1.5316,1.6764,19.919,0
16.417,12.713,1.5148,1.6611,20.281,0
16.417,12.879,0,1.6459,20.643,0
16.717,13.043,1.5114,1.6285,21.008,0
16.717,13.206,0,1.6183,21.367,0
16.717,13.368,0,1.6015,21.71,0
17.165,13.528,1.448,1.5866,22.095,0
17.301,13.687,1.4197,1.5686,22.457,0
17.301,13.844,0,1.5568,22.81,0
17.581,13.999,1.3625,1.5396,23.178,0
17.581,14.153,0,1.5223,23.528,0
17.851,14.306,1.3478,1.5099,23.888,0
17.992,14.457,1.3327,1.4989,24.234,0
17.992,14.606,0,1.4859,24.58,0
18.254,14.755,1.3477,1.4705,24.938,0
18.254,14.902,0,1.4565,25.28,0
18.254,15.048,0,1.4459,25.608,0
18.254,15.192,0,1.4352,25.922,0
18.254,15.336,0,1.4286,26.221,0
18.254,15.479,0,1.4265,26.505,0
19.086,15.621,1.53,1.4223,27.031,0
19.086,15.764,0,1.4223,27.371,0
19.391,15.906,1.5432,1.4199,27.731,0
19.391,16.048,0,1.4229,28.073,0
19.391,16.19,0,1.4233,28.4,0
19.872,16.332,1.4878,1.426,28.777,0
19.872,16.475,0,1.4214,29.124,0
19.872,16.617,0,1.4184,29.456,0
19.872,16.759,0,1.4099,29.775,0
20.438,16.9,1.3622,1.4052,30.196,0
20.578,17.04,1.2917,1.4003,30.549,0
20.715,17.181,1.1972,1.394,30.898,0
20.715,17.32,0,1.3795,31.244,0
20.941,17.458,1.0275,1.3644,31.595,0
20.941,17.594,0,1.3439,31.937,0
20.941,17.729,0,1.3228,32.265,0
21.226,17.861,1.0584,1.3058,32.628,0
21.226,17.992,0,1.2951,32.958,0
21.226,18.121,0,1.2862,33.275,0
21.226,18.25,0,1.2823,33.58,0
21.226,18.378,0,1.2802,33.871,0
21.226,18.506,0,1.284,34.149,0
21.226,18.634,0,1.2885,34.415,0
21.226,18.763,0,1.2921,34.668,0
21.226,18.892,0,1.2926,34.907,0
22.441,19.022,1.4132,1.2918,35.639,0
22.441,19.151,0,1.2938,35.975,0
22.72,19.28,1.4059,1.2928,36.33,0
22.72,19.41,0,1.2958,36.667,0
23.003,19.539,1.3151,1.2946,37.021,0
23.003,19.669,0,1.2919,37.361,0
23.003,19.798,0,1.2919,37.688,0
23.003,19.927,0,1.2846,38.002,0
23.003,20.055,0,1.2837,38.303,0
23.003,20.184,0,1.2782,38.592,0
23.003,20.312,0,1.2766,38.867,0
23.913,20.439,1.3,1.2745,39.466,0
24.051,20.567,1.2566,1.2751,39.804,0
24.051,20.694,0,1.2697,40.146,0
24.294,20.821,1.1483,1.2643,40.496,0
24.41,20.948,1.1072,1.257,40.837,0
24.53,21.073,1.0806,1.2516,41.179,0
24.631,21.198,1.0557,1.2403,41.532,0
24.734,21.323,1.0342,1.2294,41.874,0
24.734,21.445,0,1.2178,42.209,0
24.937,21.567,1.0385,1.2085,42.541,0
24.937,21.688,0,1.2003,42.872,0
25.138,21.808,1.021,1.189,43.219,0
25.24,21.927,1.0378,1.1801,43.542,0
25.351,22.045,1.0876,1.1745,43.863,0
25.351,22.162,0,1.1719,44.188,0
25.351,22.28,0,1.166,44.501,0
25.351,22.396,0,1.1614,44.802,0
25.351,22.512,0,1.1593,45.092,0
25.351,22.628,0,1.1627,45.37,0
26.066,22.745,1.1956,1.1651,45.854,0
26.066,22.861,0,1.1666,46.18,0
26.066,22.978,0,1.1646,46.495,0
26.066,23.094,0,1.1602,46.798,0
26.549,23.21,1.2136,1.1617,47.194,0
26.549,23.326,0,1.16,47.522,0
26.549,23.442,0,1.1598,47.839,0
26.549,23.558,0,1.1576,48.143,0
27.034,23.674,1.2075,1.1595,48.533,0
27.034,23.79,0,1.1602,48.863,0
27.034,23.906,0,1.1576,49.181,0
27.034,24.022,0,1.1559,49.488,0
27.034,24.137,0,1.1497,49.784,0
27.034,24.252,0,1.1447,50.068,0
27.699,24.367,1.0326,1.1364,50.557,0
27.805,24.481,1.0229,1.1314,50.884,0
27.905,24.594,1.0059,1.125,51.211,0
28.007,24.706,1.0009,1.1192,51.545,0
28.007,24.818,0,1.1098,51.869,0
28.202,24.929,0.97068,1.1055,52.198,0
28.297,25.04,0.95516,1.0984,52.526,0
28.297,25.149,0,1.0921,52.846,0
28.478,25.259,0.89665,1.0815,53.165,0
28.575,25.367,0.83229,1.0759,53.494,0
28.659,25.474,0.78377,1.066,53.812,0
28.659,25.581,0,1.0563,54.125,0
28.809,25.687,0.70371,1.0416,54.448,0
28.809,25.791,0,1.0262,54.755,0
28.809,25.893,0,1.0121,55.052,0
28.809,25.995,0,0.99985,55.338,0
28.809,26.095,0,4.8,55.615,22.064
28.809,26.575,0,0.81665,55.862,0
29.134,26.656,0.2693,0.79907,56.181,0
