31.667,31.667,0.012412,0,35.5,0
31.66,31.667,0.018073,-0.0012698,35.497,0
31.66,31.667,0,-0.0026429,35.496,0.0087199
31.66,31.666,0,-0.002049,35.496,0.0094283
31.66,31.666,0,-0.0030105,35.495,0.0069843
31.66,31.666,0,-0.0020862,35.495,0.0083114
31.66,31.666,0,-0.0018541,35.494,0.0083721
31.66,31.665,0,-0.0015169,35.493,0.0087019
31.664,31.665,0.023388,-0.0002922,35.514,0
31.673,31.665,-0.0035683,0.0011771,35.506,0
31.673,31.665,0,0.0001584,35.507,0
31.673,31.665,0,-0.0019177,35.508,0
31.673,31.665,0,-0.0017618,35.508,0
31.673,31.665,0,-0.00088685,35.509,0
31.673,31.665,0,-0.0009708,35.51,0
31.673,31.665,0,-0.00084831,35.511,0
31.659,31.665,0.0054808,-0.00097467,35.504,0
31.669,31.665,0.010183,0.00063931,35.501,0
31.67,31.665,0.019844,0.00087874,35.493,0
31.67,31.665,0.024502,0.00081407,35.498,0
31.67,31.665,0,-0.00026322,35.499,0
31.67,31.665,0,0.00014265,35.499,0
31.67,31.665,0,-8.2598e-05,35.5,0
31.669,31.665,0.0015783,0.00068358,35.488,0
31.669,31.665,0,-3.8222e-05,35.489,0
31.665,31.665,0.018974,-3.9026e-05,35.499,0
31.665,31.665,0,-0.0010296,35.499,0
31.655,31.665,0.03901,-0.0016718,35.5,0
31.655,31.665,0,-0.0016957,35.499,0.015249
31.655,31.664,0,0.00043566,35.498,0.019419
31.677,31.664,0.0060523,0.002046,35.494,0
31.68,31.665,-0.0008013,0.0024028,35.504,0
31.68,31.665,0,0.0039434,35.506,0
31.68,31.665,0,0.0051866,35.507,0
31.696,31.666,-0.0082674,0.0047792,35.51,0
31.696,31.666,0,0.0036814,35.513,0
31.696,31.667,0,0.004904,35.516,0
31.696,31.667,0,0.0058031,35.519,0
31.696,31.668,0,0.006806,35.521,0
31.696,31.668,0,0.0068376,35.524,0
31.696,31.669,0,0.008134,35.527,0
31.711,31.67,0.012061,0.0066498,35.565,0
31.711,31.671,0,0.0066386,35.569,0
31.711,31.671,0,0.00542,35.573,0
31.711,31.672,0,0.0041188,35.577,0
31.711,31.672,0,0.0046259,35.581,0
31.702,31.673,0.0060012,0.0047954,35.626,0
31.713,31.673,0.015071,0.0063578,35.638,0
31.713,31.674,0,0.0070344,35.642,0
31.728,31.674,0.0071795,0.0086155,35.658,0
31.728,31.675,0,0.0072589,35.663,0
31.728,31.676,0,0.0085776,35.668,0
31.728,31.677,0,0.0089677,35.673,0
31.728,31.678,0,0.0077115,35.678,0
31.728,31.679,0,0.0055229,35.683,0
31.717,31.679,-0.033449,0.0060718,35.695,0.0070728
31.713,31.68,-0.025329,0.0054323,35.707,0
31.71,31.68,-0.022188,0.0048578,35.707,0
31.71,31.681,0,0.0059687,35.71,0
31.71,31.681,0,0.007008,35.713,0
31.717,31.682,-0.011824,0.0056835,35.719,0
31.717,31.683,0,0.0045776,35.722,0
31.717,31.683,-0.017006,0.0054276,35.725,0
31.721,31.684,-0.014609,0.0060857,35.731,0
31.721,31.684,0,0.0047079,35.735,0
31.721,31.685,0,0.0030284,35.739,0
31.721,31.685,0,0.0017535,35.742,0
31.7,31.685,-0.013865,0.0023904,35.738,0.0040297
31.7,31.685,0,0.0018581,35.74,0
31.697,31.686,-0.064901,0.0018226,35.728,0.12662
31.697,31.686,0,0.0021429,35.729,0
31.684,31.686,-0.085824,-0.00041684,35.746,0.20342
31.671,31.686,-0.09517,-0.0026469,35.747,0.2505
31.671,31.686,0,-0.0041093,35.746,0.021471
31.648,31.685,-0.068593,-0.0066003,35.748,0.22296
31.648,31.685,0,-0.0072855,35.744,0.059989
31.648,31.684,0,-0.0079664,35.741,0.057012
31.648,31.683,0,-0.0077779,35.737,0.055766
31.636,31.682,-0.033973,-0.0082379,35.732,0.15525
31.636,31.682,0,-0.0090038,35.727,0.075091
31.636,31.681,0,-0.010907,35.723,0.069105
31.625,31.68,-0.040513,-0.0097567,35.718,0.18576
31.625,31.679,0,-0.011509,35.713,0.087128
31.625,31.677,0,-0.012197,35.707,0.083235
31.61,31.676,-0.029321,-0.011713,35.706,0.17856
31.61,31.675,0,-0.011789,35.699,0.10912
31.604,31.674,-0.02328,-0.0124,35.693,0.17111
31.604,31.673,0,-0.012712,35.686,0.115
31.604,31.671,0,-0.014425,35.68,0.10856
31.604,31.67,0,-0.012524,35.673,0.10971
31.594,31.669,-0.006934,-0.013234,35.682,0.14178
31.599,31.667,0.0028532,-0.01208,35.682,0.10889
31.6,31.666,0.0023337,-0.011776,35.683,0.10712
31.6,31.665,0,-0.010559,35.676,0.11246
31.6,31.664,0,-0.010728,35.67,0.10987
31.6,31.663,0,-0.011502,35.664,0.10592
31.592,31.662,-0.010806,-0.0124,35.648,0.14222
31.592,31.66,0,-0.010867,35.641,0.11883
31.592,31.659,0,-0.011214,35.634,0.11578
31.592,31.658,0,-0.01043,35.627,0.11515
31.592,31.657,0,-0.0098876,35.621,0.11416
31.597,31.656,0.027938,-0.01058,35.601,0.041006
31.597,31.655,0,-0.0088071,35.595,0.10201
31.597,31.654,0,-0.0074944,35.589,0.10305
31.606,31.653,0.0017432,-0.0084204,35.58,0.075841
31.601,31.653,-0.0045103,-0.0092473,35.573,0.097361
31.601,31.652,0,-0.0094044,35.568,0.085195
31.595,31.651,0.0047594,-0.0098748,35.568,0.083075
31.602,31.65,0.0061073,-0.0084473,35.56,0.066613
31.607,31.649,0.0023443,-0.0074754,35.562,0.065509
31.607,31.648,0,-0.0087692,35.558,0.066222
31.606,31.647,-0.00043853,-0.007394,35.537,0.070657
31.597,31.647,0.02591,-0.0088796,35.54,0.029072
31.597,31.646,0,-0.0081752,35.535,0.08351
31.597,31.645,0,-0.0079943,35.531,0.082198
31.602,31.644,0.045933,-0.007577,35.532,0
31.616,31.643,0.058445,-0.0049341,35.538,0
31.616,31.643,0,-0.0028901,35.535,0.049804
31.628,31.643,-0.05053,-0.0026337,35.529,0.13855
31.628,31.642,0,-0.0018077,35.528,0.025943
31.616,31.642,-0.06209,-0.0046348,35.529,0.18638
31.619,31.642,-0.07178,-0.0040509,35.531,0.20458
31.619,31.641,0,-0.0069779,35.529,0.031019
31.619,31.641,0,-0.0061914,35.527,0.03125
31.619,31.64,0,-0.0053213,35.525,0.031823
31.622,31.639,0.016113,-0.0031578,35.52,0
31.622,31.639,0,-0.0032234,35.519,0.02886
31.615,31.639,0.013053,-0.0041554,35.519,0.011578
31.625,31.638,0.0040662,-0.0024007,35.518,0.01394
31.625,31.638,0,-0.001231,35.517,0.024518
31.625,31.638,0,-0.0025974,35.516,0.021362
31.625,31.638,0,-0.0011216,35.514,0.023961
31.637,31.638,0.039836,-9.7915e-05,35.537,0
31.637,31.638,0,0.00093083,35.537,0.0030632
31.637,31.638,0,0.0021051,35.537,0.0057325
31.662,31.638,0.05324,0.003935,35.532,0
31.665,31.638,0.045134,0.004259,35.54,0
31.665,31.639,0,0.0037624,35.543,0
31.665,31.639,0,0.0044155,35.546,0
31.661,31.64,0.055041,0.0034854,35.542,0
31.662,31.64,0.056932,0.0035524,35.551,0
31.662,31.64,0,0.0036925,35.553,0
31.662,31.641,0,0.0045313,35.555,0
31.662,31.641,0,0.0050539,35.557,0
31.662,31.642,0,0.0047531,35.559,0
31.662,31.642,0,0.005602,35.561,0
31.662,31.643,0,0.0071466,35.563,0
31.662,31.643,0,0.0085717,35.565,0
31.662,31.644,0,0.0084024,35.567,0
31.709,31.645,0.045842,0.010322,35.575,0
31.718,31.646,0.026666,0.011593,35.579,0
31.718,31.647,0,0.013331,35.586,0
31.718,31.649,0,0.013404,35.593,0
31.718,31.65,0,0.013905,35.6,0
31.718,31.651,0,0.013601,35.607,0
31.718,31.653,0,0.013999,35.614,0
31.749,31.654,-0.049226,0.015296,35.666,0
31.749,31.656,0,0.013831,35.675,0
31.749,31.657,0,0.013194,35.684,0
31.749,31.658,0,0.011804,35.693,0
31.749,31.659,0,0.010813,35.702,0
31.749,31.66,0,0.0081031,35.711,0
31.749,31.661,0,0.0074921,35.72,0
31.711,31.662,-0.036419,0.0079685,35.732,0
31.711,31.663,0,0.0075263,35.737,0
31.713,31.664,-0.013545,0.0080273,35.735,0
31.707,31.664,-0.025165,0.0068327,35.733,0
31.707,31.665,-0.028932,0.0067576,35.733,0
31.713,31.666,-0.033144,0.0076945,35.747,0
31.713,31.667,0,0.0057653,35.752,0
31.713,31.667,0,0.0032606,35.756,0
31.683,31.667,-0.063024,0.0024965,35.765,0.11461
31.685,31.668,-0.064412,0.0027255,35.758,0.11538
31.685,31.668,0,0.002882,35.76,0
31.677,31.668,-0.064006,0.0013569,35.762,0.12971
31.677,31.668,0,0.0013984,35.763,0
31.662,31.669,-0.068147,-0.0011661,35.761,0.1668
31.662,31.668,0,-0.0030364,35.761,0.0068897
31.647,31.668,-0.086556,-0.0036854,35.758,0.2389
31.639,31.668,-0.095539,-0.0050643,35.757,0.27662
31.621,31.667,-0.098902,-0.0081793,35.753,0.31809
31.621,31.666,0,-0.010079,35.749,0.072232
31.621,31.665,0,-0.0099233,35.744,0.070474
31.621,31.664,0,-0.01008,35.74,0.068075
31.602,31.663,-0.072393,-0.010827,35.733,0.27584
31.595,31.662,-0.069744,-0.011868,35.721,0.27966
31.584,31.661,-0.092873,-0.013681,35.721,0.35936
31.584,31.66,0,-0.014956,35.713,0.12521
31.584,31.658,0,-0.01689,35.706,0.11781
31.566,31.657,-0.057287,-0.016144,35.705,0.29155
31.566,31.655,0,-0.018565,35.696,0.14586
31.545,31.653,-0.068883,-0.019193,35.678,0.35253
31.533,31.651,-0.044448,-0.020943,35.671,0.30766
31.525,31.649,-0.080115,-0.021985,35.667,0.41144
31.525,31.647,0,-0.023668,35.655,0.20269
31.525,31.645,0,-0.023019,35.643,0.19911
31.512,31.642,-0.09287,-0.023223,35.63,0.45907
31.503,31.64,-0.095253,-0.02435,35.619,0.47753
31.492,31.637,-0.10129,-0.025888,35.615,0.51096
31.479,31.635,-0.10146,-0.027846,35.6,0.53219
31.479,31.632,0,-0.030065,35.585,0.25669
31.479,31.629,0,-0.031768,35.569,0.24627
31.479,31.626,0,-0.033003,35.554,0.2366
31.423,31.623,-0.101,-0.035628,35.56,0.61389
31.423,31.619,0,-0.036075,35.54,0.33528
31.399,31.615,-0.11088,-0.038738,35.513,0.67604
31.399,31.612,0,-0.041799,35.491,0.35823
31.36,31.607,-0.13545,-0.044337,35.466,0.81295
31.352,31.603,-0.14407,-0.044959,35.443,0.84707
31.347,31.598,-0.17121,-0.045119,35.422,0.93846
31.337,31.594,-0.19335,-0.046182,35.401,1.0268
31.322,31.589,-0.20238,-0.048076,35.381,1.0806
31.297,31.585,-0.20451,-0.051734,35.348,1.1302
31.283,31.579,-0.21643,-0.053319,35.315,1.1918
31.256,31.574,-0.21126,-0.057417,35.288,1.2203
31.256,31.568,0,-0.061513,35.257,0.53224
31.212,31.562,-0.21114,-0.063369,35.22,1.2879
31.212,31.556,0,-0.066408,35.185,0.59129
31.212,31.549,0,-0.068096,35.151,0.57175
31.159,31.542,-0.20466,-0.069643,35.1,1.3328
31.14,31.535,-0.21399,-0.072022,35.067,1.3953
31.14,31.528,0,-0.073465,35.027,0.67544
31.096,31.521,-0.21226,-0.077559,34.985,1.4507
31.096,31.513,0,-0.078811,34.943,0.72752
31.096,31.505,0,-0.079888,34.902,0.70618
31.096,31.497,0,-0.080423,34.861,0.68615
31.096,31.489,0,-0.084453,34.821,0.65689
31.096,31.481,0,-0.085688,34.782,0.63426
31.096,31.472,0,-0.089293,34.744,0.60539
31.096,31.463,0,-0.091476,34.707,0.57958
31.096,31.454,0,-0.09413,34.671,0.55232
31.096,31.445,0,-0.09737,34.636,0.52327
31.096,31.435,0,-0.099024,34.601,0.49764
31.096,31.425,0,-0.10311,34.568,0.46603
31.096,31.415,0,-0.10528,34.535,0.43841
31.096,31.404,0,-0.10842,34.504,0.40833
31.096,31.393,0,-0.11132,34.474,0.37847
30.776,31.382,-0.27688,-0.11435,34.194,2.1166
30.776,31.371,0,-0.11769,34.134,1.0439
30.776,31.359,0,-0.12095,34.076,1.0057
30.698,31.347,-0.32803,-0.12349,34.005,2.4545
30.698,31.335,0,-0.12872,33.94,1.1156
30.627,31.322,-0.33971,-0.13295,33.864,2.6187
30.627,31.308,0,-0.1354,33.795,1.2067
30.561,31.295,-0.33578,-0.14114,33.739,2.6901
30.522,31.281,-0.32836,-0.14632,33.673,2.7111
30.522,31.266,0,-0.14855,33.598,1.324
30.522,31.251,0,-0.15041,33.524,1.2806
30.436,31.236,-0.31883,-0.15606,33.426,2.757
30.436,31.221,0,-0.15945,33.346,1.3945
30.436,31.205,0,-0.16374,33.269,1.3404
30.436,31.188,0,-0.16641,33.193,1.2909
30.436,31.172,0,-0.16917,33.118,1.2409
30.436,31.155,0,-0.17224,33.045,1.1898
30.436,31.137,0,-0.17651,32.974,1.1351
30.436,31.12,0,-0.18037,32.905,1.0813
30.436,31.102,0,-0.18545,32.838,1.0238
30.144,31.083,-0.30595,-0.18931,32.639,2.9961
30.144,31.064,0,-0.19156,32.547,1.6412
30.085,31.045,-0.31598,-0.19536,32.44,3.0914
30.058,31.026,-0.31927,-0.19784,32.334,3.1224
30.058,31.006,0,-0.20121,32.238,1.684
30.058,30.986,0,-0.20533,32.144,1.6176
29.954,30.965,-0.33153,-0.20944,32.032,3.2779
29.954,30.944,0,-0.21345,31.931,1.7543
29.954,30.923,0,-0.21875,31.834,1.6803
29.954,30.901,0,-0.22074,31.738,1.6166
29.954,30.879,0,-0.22421,31.644,1.5485
29.954,30.857,0,-0.2287,31.553,1.4772
29.954,30.834,0,-0.23371,31.464,1.4042
29.954,30.81,0,-0.23855,31.377,1.3317
29.954,30.786,0,-0.24248,31.292,1.2618
29.62,30.762,-0.32554,-0.24706,31.072,3.5131
29.582,30.737,-0.327,-0.25118,30.956,3.5453
29.582,30.712,0,-0.25454,30.842,1.9908
29.582,30.687,0,-0.25636,30.73,1.9158
29.497,30.661,-0.31074,-0.25733,30.605,3.4589
29.471,30.636,-0.31627,-0.25888,30.482,3.4819
29.471,30.61,0,-0.26251,30.367,1.9873
29.471,30.583,0,-0.26695,30.254,1.9015
29.368,30.557,-0.33736,-0.26834,30.138,3.6308
29.341,30.53,-0.34086,-0.27003,30.009,3.642
29.305,30.503,-0.3444,-0.2737,29.891,3.6764
29.305,30.476,0,-0.27513,29.773,2.0295
29.305,30.448,0,-0.27985,29.657,1.9392
29.305,30.42,0,-0.28405,29.544,1.8507
29.17,30.392,-0.38378,-0.28588,29.382,3.9187
29.17,30.363,0,-0.28901,29.261,2.041
29.17,30.334,0,-0.2913,29.144,1.9554
29.056,30.305,-0.47266,-0.29738,29.028,4.4989
29.013,30.275,-0.53432,-0.30244,28.895,4.9249
29.013,30.245,0,-0.31195,28.77,2.0679
28.896,30.214,-0.69012,-0.31983,28.636,6.1902
28.822,30.182,-0.72851,-0.33233,28.496,6.5992
28.822,30.149,0,-0.34577,28.361,2.2081
28.822,30.114,0,-0.35659,28.231,2.0778
28.822,30.078,0,-0.36823,28.103,1.9452
28.822,30.042,0,-0.37589,27.979,1.8258
28.822,30.004,0,-0.38423,27.859,1.7053
28.822,29.966,0,-0.38927,27.743,1.5955
28.822,29.927,0,-0.3925,27.631,1.4921
28.822,29.887,0,-0.39274,27.522,1.3984
28.35,29.848,-0.24806,-0.3919,27.142,3.6097
28.35,29.809,0,-0.39041,26.994,2.4129
28.293,29.77,-0.77709,-0.39235,26.842,7.1049
28.293,29.731,0,-0.40635,26.696,2.2982
28.293,29.69,0,-0.42896,26.554,2.1137
28.293,29.647,0,-0.46059,26.417,1.9035
27.811,29.601,-1.4718,-0.49227,26.191,16.066
27.811,29.552,0,-0.52671,26.015,2.7065
27.811,29.499,0,-0.5524,25.843,2.4744
27.431,29.444,-0.84064,-0.57132,25.61,8.8565
27.347,29.387,-0.79176,-0.58505,25.413,8.4237
27.347,29.328,0,-0.59757,25.212,3.124
27.195,29.268,-0.68155,-0.60872,24.989,7.4491
27.13,29.208,-0.66109,-0.61709,24.78,7.2423
27.13,29.146,0,-0.62248,24.575,3.1291
27.13,29.084,0,-0.63232,24.377,2.9186
27.13,29.02,0,-0.63909,24.185,2.7226
26.899,28.957,-0.43828,-0.63991,23.96,5.4056
26.851,28.893,-0.4008,-0.64287,23.747,5.0948
26.813,28.828,-0.4196,-0.64202,23.547,5.1171
26.813,28.764,0,-0.64423,23.349,2.8694
26.813,28.7,0,-0.64543,23.157,2.6911
26.662,28.635,-0.54685,-0.65094,22.95,5.7273
26.662,28.57,0,-0.658,22.756,2.7046
26.552,28.504,-0.47246,-0.65891,22.571,5.1124
26.552,28.438,0,-0.65715,22.379,2.6515
26.477,28.373,-0.28895,-0.65384,22.205,3.8995
26.477,28.307,0,-0.64878,22.018,2.53
26.477,28.242,0,-0.63734,21.839,2.3989
26.477,28.179,0,-0.62454,21.665,2.2767
26.477,28.116,0,-0.61058,21.498,2.1626
26.477,28.055,0,-0.59164,21.337,2.0678
26.477,27.996,0,-0.57496,21.183,1.9715
26.44,27.938,-0.044102,-0.55669,21.019,2.1119
26.44,27.883,0,-0.54039,20.872,1.8877
26.44,27.829,0,-0.52985,20.731,1.7873
26.397,27.776,-0.3599,-0.52677,20.589,3.1403
26.397,27.723,0,-0.52475,20.454,1.6534
26.397,27.671,0,-0.52559,20.323,1.5301
26.263,27.618,-0.46612,-0.53092,20.193,3.5819
26.226,27.565,-0.41376,-0.52918,20.064,3.2617
26.226,27.512,0,-0.53149,19.932,1.5415
26.141,27.459,-0.27029,-0.53028,19.795,2.5309
26.141,27.406,0,-0.5233,19.666,1.5139
26.103,27.353,-0.21199,-0.51162,19.548,2.1791
26.103,27.302,0,-0.50674,19.426,1.4083
26.103,27.252,0,-0.49563,19.308,1.323
26.103,27.202,0,-0.4902,19.196,1.2277
26.103,27.153,0,-0.48652,19.089,1.1313
25.986,27.104,-0.26536,-0.47753,18.942,2.1363
25.986,27.057,0,-0.47136,18.832,1.2116
25.986,27.01,0,-0.46516,18.727,1.1244
25.986,26.963,0,-0.4607,18.627,1.0361
25.986,26.917,0,-0.45875,18.532,0.94518
25.986,26.871,0,-2,18.441,6.8708
25.986,26.671,0,-2,18.363,7.9808
25.986,26.471,0,-2,18.304,9.2671
25.986,26.271,0,-0.2188,18.265,0.1415
25.986,26.249,0,-2,18.238,10.922
25.743,26.049,-0.19068,-0.13552,18.072,0.85325
25.732,26.036,-0.21171,-0.13472,18.038,0.91727
25.703,26.022,20.936,-2,18.009,271.93
25.703,25.822,0,0.24478,17.987,0.9758
25.703,25.847,0,0.50775,17.974,2.1106
31.972,25.897,21.055,0.77943,18.896,281.68
31.972,25.975,0,1.0702,19.5,4.2016
36.184,26.082,-0.23753,1.3781,20.515,113.81
36.159,26.22,-0.3076,1.4021,21.515,95.473
36.159,26.36,0,1.4208,22.502,80.707
36.094,26.502,-0.58688,1.4356,23.462,66.303
36.094,26.646,0,1.4437,24.413,59.76
36.094,26.79,0,1.4483,25.351,53.191
36.094,26.935,0,1.4463,26.274,47.792
36.094,27.08,0,1.4429,27.183,42.993
36.094,27.224,0,1.4344,28.077,38.964
36.094,27.368,0,1.42,28.957,35.645
36.094,27.51,0,1.403,29.822,32.748
35.503,27.65,-0.9582,1.3816,30.459,6.1329
35.503,27.788,0,1.3576,31.237,16.675
35.503,27.924,0,1.3347,32.002,15.323
35.208,28.057,-1.0123,1.3079,32.705,0
35.208,28.188,0,1.2809,33.414,9.4411
35.006,28.316,-1.1359,1.2501,34.085,0
35.006,28.441,0,1.2186,34.747,6.1609
35.006,28.563,0,1.1825,35.398,5.7945
34.651,28.681,-1.2379,1.1459,35.987,0
34.523,28.796,-1.2588,1.108,36.575,0
34.523,28.907,0,1.0705,37.143,1.5716
34.523,29.014,0,1.0312,37.699,1.4967
34.523,29.117,0,0.99199,38.245,1.4461
34.006,29.216,-1.3011,0.95075,38.681,0
33.881,29.311,-1.315,0.91189,39.147,0
33.881,29.402,0,0.87084,39.599,0
33.617,29.489,-1.3543,0.83142,40.017,0
33.485,29.573,-1.3625,0.79131,40.414,0
33.485,29.652,0,0.7511,40.801,0
33.225,29.727,-1.3126,0.71302,41.167,0
33.101,29.798,-1.239,0.67529,41.5,0
32.974,29.866,-1.1211,0.63748,41.821,0
32.974,29.929,0,0.60141,42.129,0
32.974,29.989,0,0.56787,42.43,0
32.974,30.046,0,0.53675,42.726,0
32.554,30.1,-0.74354,0.50853,42.929,0
32.554,30.151,0,0.48203,43.172,0
32.411,30.199,-0.6481,0.46007,43.385,0
32.411,30.245,0,0.43671,43.604,0
32.411,30.289,0,0.41442,43.818,0
32.223,30.33,-0.53007,0.39568,43.992,0
32.169,30.37,-0.516,0.37671,44.179,0
32.122,30.407,-0.49947,0.35965,44.358,0
32.079,30.443,-0.44601,0.34344,44.522,0
32.079,30.478,0,0.32618,44.683,0
32.079,30.51,0,0.31263,44.842,0
32.079,30.542,0,0.29778,44.997,0
32.079,30.571,0,0.28562,45.149,0
31.896,30.6,-0.39816,0.27384,45.241,0
31.896,30.627,0,0.26043,45.369,0
31.816,30.653,-0.43436,0.24605,45.491,0
31.782,30.678,-0.42136,0.23379,45.611,0
31.782,30.701,0,0.21867,45.721,0
31.782,30.723,0,0.20751,45.828,0
31.667,30.744,-0.35725,0.19603,45.902,0
31.637,30.764,-0.33209,0.18552,45.984,0
31.61,30.782,-0.31996,0.17587,46.06,0
31.61,30.8,0,0.16649,46.142,0
31.542,30.816,-0.34681,0.15437,46.203,0
31.542,30.832,0,0.14233,46.275,0
31.542,30.846,0,0.13101,46.345,0
31.413,30.859,-0.37767,0.11807,46.399,0.046536
31.374,30.871,-0.36561,0.10721,46.455,0.10509
31.374,30.882,0,0.095088,46.504,0
31.374,30.891,0,0.085849,46.553,0
31.374,30.9,0,0.076596,46.601,0
31.374,30.907,0,0.067999,46.648,0
31.374,30.914,0,0.059029,46.694,0
31.374,30.92,0,0.050675,46.74,0
31.374,30.925,0,0.044107,46.785,0
31.109,30.93,-0.28579,0.038359,46.702,0.4621
31.109,30.933,0,0.032848,46.72,0
31.109,30.937,0,0.027019,46.737,0
31.109,30.939,0,0.019332,46.754,0
31.109,30.941,0,0.012341,46.771,0
31.109,30.943,0,0.0036054,46.788,0
31.109,30.943,0,-0.00068944,46.805,0
31.109,30.943,0,-0.0046021,46.821,0
30.863,30.942,-0.30562,-0.0088341,46.775,1.0839
30.827,30.941,-0.29686,-0.012696,46.772,1.1353
30.801,30.94,-0.29264,-0.015452,46.765,1.1799
30.772,30.939,-0.28772,-0.018429,46.754,1.2267
30.772,30.937,0,-0.021152,46.738,0.30115
30.772,30.935,0,-0.02495,46.722,0.28749
30.772,30.932,0,-0.027454,46.706,0.27614
30.772,30.929,0,-0.029662,46.69,0.26502
30.772,30.927,0,-0.032535,46.674,0.25194
30.601,30.923,-0.26754,-0.035865,46.603,1.5344
30.601,30.92,0,-0.038118,46.571,0.60615
30.601,30.916,0,-0.041277,46.539,0.5889
30.601,30.912,0,-0.043472,46.508,0.57358
30.492,30.907,-0.19555,-0.046555,46.45,1.477
30.492,30.903,0,-0.048187,46.409,0.79825
30.454,30.898,-0.15443,-0.049856,46.373,1.3878
30.442,30.893,-0.16356,-0.050739,46.318,1.4389
30.425,30.888,-0.16425,-0.052173,46.266,1.4702
30.425,30.883,0,-0.054081,46.22,0.89505
30.425,30.877,0,-0.05557,46.174,0.87753
30.425,30.872,0,-0.056836,46.129,0.86037
30.425,30.866,0,-0.057535,46.085,0.8446
30.333,30.86,-0.20297,-0.059813,46.018,1.7811
30.323,30.854,-0.16252,-0.06045,45.957,1.6279
