11.221,11.221,0.0062054,0,35.5,0
11.221,11.221,0,6.7,35.5,60.872
11.221,11.891,0,-0.041509,35.466,1.4796
11.221,11.887,0,-0.040129,35.4,1.4731
11.221,11.883,0,-0.037061,35.333,1.4728
11.359,11.879,0.81193,-0.032626,35.275,0.035184
11.359,11.876,0,-0.026779,35.223,1.1244
11.359,11.873,0,-0.020297,35.172,1.1381
11.359,11.871,0,-0.01363,35.121,1.1541
11.76,11.87,0.8464,-0.0069311,35.135,0
11.84,11.869,0.67187,-0.001812,35.132,0
11.84,11.869,0,0.034571,35.129,0.13696
11.84,11.872,0,0.073733,35.126,0.2402
11.84,11.879,0,0.086868,35.123,0.2909
11.991,11.888,0.0037156,0.084351,35.156,0
12.001,11.897,0.0023762,0.08574,35.159,0
11.994,11.905,-0.0055145,0.072166,35.163,0
11.994,11.912,0,0.059587,35.171,0
11.982,11.918,-0.061469,0.051562,35.175,0.12496
11.982,11.923,0,0.04066,35.181,0
11.982,11.928,0,0.028957,35.187,0
11.982,11.93,0,0.010061,35.192,0
11.982,11.931,0,-0.00047568,35.197,0
11.982,11.931,0,-0.002656,35.202,0
11.982,11.931,0,-0.0042425,35.207,0
11.827,11.931,-0.34139,-0.0065843,35.183,1.3094
11.827,11.93,0,-0.0090756,35.172,0.19694
11.827,11.929,0,-0.011264,35.162,0.18995
11.827,11.928,0,-0.012362,35.152,0.18503
11.709,11.927,-0.083067,-0.013847,35.135,0.66999
11.709,11.925,0,-0.013865,35.113,0.43618
11.709,11.924,0,-0.013885,35.091,0.43299
11.709,11.923,0,-0.013566,35.07,0.43065
11.709,11.921,0,-0.013763,35.049,0.42708
11.709,11.92,0,-0.01404,35.027,0.42326
11.709,11.918,0,-0.014637,35.006,0.41857
11.709,11.917,0,-0.014872,34.985,0.41467
11.709,11.916,0,-0.015355,34.965,0.4101
11.668,11.914,0.055559,-0.015729,34.915,0.35941
11.677,11.912,0.010791,-0.015071,34.899,0.44719
11.677,11.911,0,-0.014292,34.876,0.47349
11.677,11.909,0,-0.01511,34.853,0.46811
11.677,11.908,0,-0.016161,34.829,0.46195
11.677,11.906,0,-0.017356,34.806,0.4552
11.677,11.905,0,-0.017889,34.784,0.44989
11.677,11.903,0,-0.019101,34.761,0.44274
11.677,11.901,0,-0.019384,34.739,0.43769
11.677,11.899,0,-0.019567,34.716,0.43284
11.598,11.897,0.058346,-0.01933,34.668,0.46047
11.598,11.895,0,-0.019269,34.638,0.60663
11.598,11.893,0,-0.017845,34.608,0.60597
11.633,11.891,0.16854,-0.016756,34.582,0.14808
11.633,11.89,0,-0.015922,34.556,0.5214
11.633,11.888,0,-0.014394,34.531,0.52175
11.633,11.887,0,-0.01265,34.505,0.52302
11.633,11.885,0,-0.011654,34.48,0.52273
11.633,11.884,0,-0.010366,34.455,0.52343
11.633,11.883,0,-0.0089974,34.43,0.52466
11.633,11.882,0,-0.0081011,34.405,0.52495
11.633,11.882,0,-0.0074067,34.38,0.52491
11.797,11.881,0.23451,-0.0054778,34.448,0
11.797,11.88,0,-0.0044473,34.44,0.16481
11.797,11.88,0,-0.0025386,34.432,0.16822
11.867,11.88,0.32617,-0.00081625,34.444,0
11.892,11.879,0.28988,0.01004,34.436,0
11.924,11.88,0.25749,0.035252,34.444,0
11.924,11.884,0,0.049311,34.448,0.023209
11.924,11.889,0,0.07147,34.452,0.084996
11.924,11.896,0,0.077711,34.455,0.1156
11.924,11.904,0,0.095208,34.458,0.17611
11.924,11.913,0,0.11989,34.459,0.26178
11.924,11.925,0,0.14139,34.46,0.3485
12.148,11.939,0.55015,0.16664,34.535,0
12.213,11.956,0.54294,0.20488,34.561,0
12.274,11.977,0.52944,0.2373,34.593,0
12.274,12,0,0.25938,34.622,0.021856
12.274,12.026,0,0.28349,34.648,0.15116
12.274,12.055,0,0.29762,34.671,0.26247
12.274,12.084,0,0.31192,34.692,0.38145
12.523,12.116,0.46854,0.32043,34.792,0
12.523,12.148,0,0.33787,34.832,0
12.523,12.181,0,0.33849,34.868,0.081587
12.523,12.215,0,0.34219,34.9,0.17623
12.523,12.249,0,0.35888,34.929,0.31429
12.523,12.285,0,0.36789,34.955,0.43639
12.523,12.322,0,0.36175,34.977,0.51306
12.523,12.358,0,0.36786,34.995,0.63034
12.871,12.395,0.38738,0.3636,35.175,0
12.871,12.431,0,0.36854,35.221,0
12.959,12.468,0.42684,0.37192,35.257,0
13.001,12.506,0.323,0.37382,35.297,0
13.001,12.543,0,0.36964,35.344,0
13.001,12.58,0,0.35275,35.388,0
13.001,12.615,0,0.32432,35.429,0
13.028,12.648,-0.34637,0.28335,35.474,1.0575
12.999,12.676,-0.45783,0.23935,35.512,1.5829
12.959,12.7,-0.50892,0.19177,35.544,1.8348
12.959,12.719,0,0.13474,35.569,0
12.858,12.733,-0.45461,0.092567,35.587,1.5312
12.804,12.742,-0.43282,0.045586,35.588,1.4216
12.804,12.746,0,0.0079228,35.594,0
12.804,12.747,0,-0.0016343,35.6,0
12.804,12.747,0,-0.0033243,35.606,0
12.804,12.747,0,-0.00512,35.611,0
12.658,12.746,-0.13439,-0.0059002,35.582,0.52635
12.652,12.746,-0.17521,-0.0062611,35.57,0.6656
12.636,12.745,-0.21541,-0.0073033,35.55,0.83783
12.614,12.744,-0.23006,-0.008707,35.537,0.94178
12.614,12.743,0,-0.01004,35.524,0.25091
12.614,12.742,0,-0.011874,35.511,0.2444
12.614,12.741,0,-0.014154,35.498,0.23648
12.614,12.74,0,-0.016431,35.485,0.22811
12.614,12.738,0,-0.01795,35.473,0.22104
12.614,12.736,0,-0.019468,35.46,0.21368
12.614,12.734,0,-0.02185,35.448,0.20405
12.362,12.732,-0.42242,-0.024957,35.352,2.4681
12.327,12.73,-0.48538,-0.027181,35.305,2.9171
12.327,12.727,0,-0.031017,35.265,0.81962
12.222,12.724,-0.49595,-0.034016,35.203,3.3051
12.222,12.72,0,-0.036768,35.153,1.0463
12.131,12.717,-0.48831,-0.039968,35.081,3.5421
12.131,12.713,0,-0.04284,35.023,1.2428
12.131,12.708,0,-0.04618,34.965,1.2209
11.981,12.704,-0.44534,-0.049638,34.91,3.7378
11.981,12.699,0,-0.051883,34.838,1.5736
11.901,12.694,-0.29059,-0.054781,34.749,3.0745
11.901,12.688,0,-0.056232,34.67,1.748
11.901,12.683,0,-0.05793,34.592,1.7263
11.901,12.677,0,-0.058667,34.514,1.7077
11.901,12.671,0,-0.059919,34.436,1.687
11.789,12.665,-0.21408,-0.061573,34.351,2.9292
11.789,12.659,0,-0.062547,34.264,1.9582
11.75,12.653,-0.24499,-0.063863,34.177,3.1649
11.75,12.646,0,-0.065219,34.087,2.0215
11.75,12.64,0,-0.066567,33.997,1.9978
11.75,12.633,0,-0.067983,33.909,1.9735
11.75,12.626,0,-0.069114,33.821,1.9499
11.75,12.619,0,-0.069683,33.734,1.9282
11.75,12.612,0,-0.06965,33.647,1.9086
11.636,12.605,-0.060678,-0.070526,33.53,2.4679
11.636,12.598,0,-0.070211,33.433,2.1946
11.636,12.591,0,-0.069848,33.337,2.1755
11.636,12.584,0,-0.069845,33.242,2.1552
11.638,12.577,0.075183,-0.069536,33.144,1.8486
11.642,12.57,0.24602,-0.068926,33.058,1.2833
11.642,12.563,0,-0.067222,32.966,2.0873
11.642,12.557,0,-0.063546,32.874,2.0819
11.765,12.55,0.72388,-0.05899,32.799,0.30346
11.765,12.544,0,-0.054,32.72,1.7351
11.765,12.539,0,-0.048986,32.643,1.7381
11.765,12.534,0,-0.044091,32.566,1.7421
12.001,12.53,0.51845,-0.040204,32.536,0.11172
12.001,12.526,0,-0.035974,32.483,1.1175
12.001,12.522,0,-0.0313,32.431,1.123
12.175,12.519,0.5715,-0.026286,32.388,0
12.175,12.516,0,-0.022309,32.354,0.70298
12.175,12.514,0,-0.017772,32.32,0.71036
12.175,12.512,0,-0.014574,32.286,0.71511
12.175,12.511,0,-0.011264,32.252,0.72096
12.175,12.51,0,-0.008141,32.219,0.72711
12.175,12.509,0,-0.005852,32.185,0.73167
12.457,12.508,0.23039,-0.003944,32.243,0
12.47,12.508,0.19906,-0.0029009,32.229,0
12.498,12.508,0.19336,-0.00072716,32.217,0
12.498,12.508,0,0.0091856,32.216,0.038966
12.529,12.509,0.12264,0.014166,32.212,0
12.529,12.51,0,0.023514,32.214,0.011065
12.568,12.512,0.18194,0.038634,32.221,0
12.579,12.516,0.24563,0.043794,32.233,0
12.603,12.521,0.30652,0.0573,32.235,0
12.63,12.526,0.38534,0.071838,32.237,0
12.63,12.533,0,0.089834,32.247,0
12.63,12.542,0,0.10885,32.256,0.060636
12.63,12.553,0,0.13031,32.264,0.13851
12.773,12.566,0.40867,0.1429,32.301,0
12.808,12.581,0.46139,0.15721,32.329,0
12.808,12.596,0,0.18234,32.351,0
12.911,12.615,0.50869,0.20431,32.388,0
12.956,12.635,0.46021,0.22085,32.416,0
12.956,12.657,0,0.23466,32.447,0
12.956,12.681,0,0.24344,32.476,0
13.072,12.705,0.32685,0.25067,32.513,0
13.072,12.73,0,0.2553,32.549,0
13.072,12.756,0,0.26022,32.581,0
13.177,12.782,0.3082,0.26854,32.621,0
13.211,12.808,0.29468,0.27227,32.66,0
13.231,12.836,0.26214,0.26705,32.699,0
13.231,12.862,0,0.26663,32.737,0
13.231,12.889,0,0.26773,32.773,0
13.314,12.916,0.23828,0.267,32.807,0
13.314,12.942,0,0.26292,32.846,0
13.368,12.969,0.23166,0.26602,32.889,0
13.388,12.995,0.22246,0.26136,32.93,0
13.405,13.021,0.21083,0.25441,32.967,0
13.433,13.047,0.21267,0.25544,33.003,0
13.433,13.072,0,0.24913,33.04,0
13.433,13.097,0,0.24291,33.075,0
13.433,13.122,0,0.24378,33.107,0
13.433,13.146,0,0.24146,33.137,0
13.532,13.17,0.11586,0.23689,33.174,0
13.539,13.194,0.03479,0.22568,33.202,0
13.539,13.216,0,0.20785,33.236,0
13.532,13.237,-0.14664,0.19223,33.273,0.20386
13.532,13.256,0,0.16755,33.302,0
13.532,13.273,0,0.13634,33.328,0
13.532,13.287,0,0.10633,33.354,0
13.405,13.297,-0.44978,0.069818,33.339,1.4619
13.361,13.304,-0.50266,0.036444,33.354,1.735
13.361,13.308,0,-0.00047776,33.359,0
13.361,13.308,0,-0.0053342,33.365,0
13.19,13.308,-0.55238,-0.0091211,33.356,2.3702
13.19,13.307,0,-0.013542,33.344,0.21458
13.19,13.305,0,-0.01794,33.333,0.20154
13.19,13.303,0,-0.02298,33.321,0.18624
13.19,13.301,0,-0.027173,33.31,0.17194
13.19,13.298,0,-0.032193,33.299,0.15507
13.19,13.295,0,-0.036787,33.288,0.13827
12.766,13.292,-0.57845,-0.041407,33.098,3.8771
12.712,13.287,-0.61672,-0.045386,33.037,4.3079
12.712,13.283,0,-0.050751,32.98,1.187
12.712,13.278,0,-0.056381,32.923,1.1563
12.712,13.272,0,-0.061554,32.866,1.1258
12.712,13.266,0,-0.066211,32.811,1.0959
12.386,13.259,-0.49378,-0.070031,32.678,4.5112
12.386,13.252,0,-0.073427,32.591,1.9074
12.386,13.245,0,-0.076088,32.505,1.877
12.386,13.237,0,-0.076523,32.419,1.8541
12.386,13.23,0,-0.076077,32.335,1.8343
12.307,13.222,0.17621,-0.074837,32.227,1.4345
12.307,13.215,0,-0.072691,32.136,2.0269
12.354,13.207,0.19257,-0.070355,32.053,1.2507
12.354,13.2,0,-0.068547,31.968,1.8694
12.387,13.194,0.10962,-0.066966,31.891,1.3911
12.406,13.187,0.0076547,-0.06507,31.817,1.6724
12.41,13.18,-0.055908,-0.064409,31.735,1.8825
12.41,13.174,0,-0.063852,31.658,1.6569
12.395,13.167,-0.19914,-0.065037,31.595,2.5033
12.395,13.161,0,-0.066721,31.518,1.6541
12.395,13.154,0,-0.06809,31.442,1.631
12.315,13.148,-0.49828,-0.070819,31.357,4.3757
12.27,13.14,-0.61828,-0.074375,31.268,5.3606
12.27,13.133,0,-0.080142,31.182,1.8746
12.136,13.125,-0.74201,-0.085166,31.084,6.8085
12.136,13.116,0,-0.091486,30.985,2.1652
12.136,13.107,0,-0.097967,30.888,2.1141
11.895,13.098,-0.72409,-0.10506,30.769,7.4929
11.821,13.087,-0.68743,-0.11134,30.643,7.4216
11.821,13.076,0,-0.11733,30.517,2.8853
11.821,13.064,0,-0.12334,30.392,2.8237
11.821,13.052,0,-0.12939,30.268,2.7606
11.821,13.039,0,-0.13479,30.146,2.6988
11.463,13.025,-0.78377,-0.14206,29.936,9.5113
11.463,13.011,0,-0.14924,29.78,3.6808
11.463,12.996,0,-0.15622,29.626,3.5995
11.463,12.981,0,-0.16386,29.473,3.5136
11.463,12.964,0,-0.17114,29.322,3.4278
11.053,12.947,-0.78897,-0.17956,29.073,10.935
11.053,12.929,0,-0.18786,28.885,4.6073
11.053,12.91,0,-0.19492,28.698,4.5063
10.823,12.891,-0.73755,-0.20164,28.5,11.1
10.823,12.871,0,-0.20998,28.294,5.1013
10.823,12.85,0,-0.21737,28.09,4.9874
10.823,12.828,0,-0.22548,27.888,4.8683
10.507,12.805,-0.79585,-0.23432,27.616,12.648
10.507,12.782,0,-0.24213,27.387,5.7563
10.507,12.758,0,-0.24873,27.161,5.6306
10.507,12.733,0,-0.25397,26.937,5.5108
10.292,12.708,-0.30094,-0.25843,26.686,8.3201
10.252,12.682,-0.27372,-0.26325,26.445,8.1331
10.252,12.655,0,-0.26773,26.203,6.0926
10.198,12.629,-0.18138,-0.27042,25.958,7.4003
10.198,12.602,0,-0.27289,25.716,6.0676
10.198,12.574,0,-0.27419,25.477,5.9581
10.174,12.547,0.023124,-0.27435,25.252,5.8053
10.174,12.519,0,-0.2735,25.016,5.847
10.174,12.492,0,-0.27452,24.783,5.74
10.174,12.465,0,-0.27684,24.553,5.6263
10.129,12.437,-0.44109,-0.28139,24.307,8.8302
10.129,12.409,0,-0.28672,24.078,5.5302
10.129,12.38,0,-0.29296,23.851,5.3927
10.129,12.351,0,-0.29923,23.628,5.2541
10.129,12.321,0,-0.30651,23.407,5.1094
10.129,12.29,0,-0.31542,23.19,4.9553
9.8231,12.259,-0.45193,-0.32272,22.897,9.209
9.8231,12.226,0,-0.33026,22.655,5.7487
9.8231,12.193,0,-0.33856,22.417,5.5833
9.8231,12.16,0,-0.34741,22.181,5.4138
9.5734,12.125,-0.98802,-0.35933,21.908,15.19
9.4697,12.089,-1.1367,-0.37497,21.649,17.423
9.4697,12.051,0,-0.39267,21.389,6.0661
9.4697,12.012,0,-0.41122,21.133,5.8204
9.1222,11.971,-0.9962,-0.43059,20.815,16.31
9.0239,11.928,-0.79808,-0.44755,20.523,14.024
9.0239,11.883,0,-0.46216,20.234,6.72
9.0239,11.837,0,-0.47264,19.951,6.486
9.0239,11.79,0,-0.48237,19.672,6.2554
9.0239,11.741,0,-0.4896,19.398,6.0381
9.0239,11.693,0,-0.49522,19.128,5.8296
8.7692,11.643,-0.2725,-0.50067,18.754,8.4409
8.7507,11.593,-0.34984,-0.50571,18.464,8.8797
8.7142,11.542,-0.37343,-0.51361,18.184,8.954
8.7142,11.491,0,-0.52061,17.904,6.0873
8.7142,11.439,0,-0.52803,17.629,5.8583
8.6133,11.386,-0.46707,-0.53671,17.339,9.3235
8.563,11.332,-0.48193,-0.54771,17.062,9.3557
8.563,11.278,0,-0.5586,16.788,5.6617
8.563,11.222,0,-0.5712,16.519,5.4002
8.3813,11.165,-0.8188,-0.58756,16.241,12.384
8.3813,11.106,0,-0.60405,15.966,5.4641
8.2139,11.046,-1.2282,-0.62652,15.675,17.432
8.0858,10.983,-1.4876,-0.65613,15.397,21.586
7.9307,10.917,-1.7299,-0.69388,15.101,26.21
7.7634,10.848,-1.8721,-0.73535,14.806,29.346
7.7634,10.774,0,-0.78633,14.501,5.5452
7.3827,10.696,-2.0342,-0.83654,14.167,33.425
7.3827,10.612,0,-0.89592,13.84,5.7538
6.9482,10.522,-2.2659,-0.96061,13.496,39.741
6.9482,10.426,0,-1.029,13.144,5.9517
6.9482,10.324,0,-1.1036,12.801,5.2663
6.9482,10.213,0,-1.1908,12.469,4.5659
6.9482,10.094,0,-1.2841,12.149,3.9009
6.9482,9.9657,0,-1.3926,11.84,3.2751
5.4284,9.8264,-2.8786,-1.5107,11.122,18.579
5.4284,9.6753,0,-1.6427,10.69,5.6793
5.4284,9.5111,0,-1.7805,10.273,4.7356
5.4284,9.333,0,-1.9163,9.8738,3.9783
4.3397,9.1414,-2.2678,-5.2,9.2752,3.6821
4.3397,8.6214,0,-5.2,8.821,18.263
4.3397,8.1014,0,-5.2,8.4189,17.197
4.3397,7.5814,0,-5.2,8.0687,16.131
4.3397,7.0614,0,-5.2,7.7705,15.065
3.4017,6.5414,-0.87859,-5.2,7.2604,0.40481
3.4017,6.0214,0,-8.8,6.9725,0
3.2481,5.1414,-0.5128,-8.8,6.7399,0
3.2481,4.2614,0,-8.8,6.5946,0
3.2481,3.3814,0,-8.8,6.5372,0
3.2481,2.5014,0,1.4935,6.5679,4.1997
3.2481,2.6507,0,0.9381,6.6351,1.6729
3.0412,2.7446,-0.25763,0.63711,6.6412,2.6067
3.0058,2.8083,-0.20577,0.41012,6.6746,1.5477
3.0058,2.8493,0,0.29564,6.6923,0.41607
3.0058,2.8788,0,0.17873,6.7064,0.14883
2.9451,2.8967,-0.032346,0.096195,6.7312,0.19826
2.941,2.9063,0.12891,0.068515,6.7296,0
2.941,2.9132,0,0.086186,6.7327,0.1371
2.9843,2.9218,0.48769,0.12256,6.7399,0
2.9843,2.9341,0,0.17741,6.7455,0.32674
3.0809,2.9518,0.80027,0.2493,6.7531,0
3.0809,2.9767,0,0.35145,6.7648,0.73878
3.0809,3.0119,0,0.45812,6.7734,1.2373
3.0809,3.0577,0,0.55167,6.778,1.7713
3.0809,3.1129,0,0.60455,6.7776,2.1918
3.0809,3.1733,0,0.63223,6.7714,2.5282
3.0809,3.2365,0,0.67417,6.759,2.9583
3.7197,3.3039,0.97469,0.68281,6.958,0
3.7197,3.3722,0,0.70693,6.9962,1.4262
3.9277,3.4429,1.0823,0.75178,7.0474,0
3.9277,3.5181,0,0.76551,7.0921,1.4885
4.1439,3.5947,1.154,0.80188,7.1407,0
4.2635,3.6748,1.1638,0.83367,7.1933,0
4.2635,3.7582,0,0.86721,7.248,1.6442
4.2635,3.8449,0,0.88884,7.2942,2.0409
4.2635,3.9338,0,0.89949,7.3316,2.4027
4.2635,4.0238,0,0.91779,7.36,2.8183
4.2635,4.1155,0,0.92081,7.3794,3.1693
4.2635,4.2076,0,0.9253,7.3896,3.5367
5.099,4.3002,1.1425,0.9246,7.6996,0
5.099,4.3926,0,0.92542,7.7749,1.253
5.323,4.4852,1.0969,0.92044,7.8587,0
5.323,4.5772,0,0.92495,7.9379,1.1235
5.323,4.6697,0,0.91979,8.0079,1.4007
5.323,4.7617,0,0.9146,8.0686,1.6816
5.748,4.8531,0.89932,0.89651,8.2157,0
5.8412,4.9428,0.87901,0.88064,8.2967,0
5.9253,5.0308,0.85825,0.85919,8.383,0
5.9253,5.1168,0,0.83596,8.4682,0.54803
5.9253,5.2004,0,0.8331,8.5448,0.78996
5.9253,5.2837,0,0.82056,8.6132,0.99465
5.9253,5.3657,0,0.80739,8.6732,1.1955
6.3546,5.4465,0.89755,0.80144,8.8453,0
6.3546,5.5266,0,0.80482,8.9321,0.36677
6.3546,5.6071,0,0.80009,9.0109,0.58589
6.3546,5.6871,0,0.79966,9.0817,0.8261
6.3546,5.7671,0,0.79007,9.1444,1.0325
6.3546,5.8461,0,0.79335,9.1992,1.2958
6.909,5.9254,1.0112,0.79483,9.3849,0
7.0183,6.0049,1.0573,0.8084,9.4831,0
7.1146,6.0857,1.0674,0.81055,9.5891,0
7.1146,6.1668,0,0.81923,9.688,0.076564
7.1146,6.2487,0,0.83232,9.7787,0.36321
7.1146,6.3319,0,0.84768,9.8611,0.67427
7.5722,6.4167,1.1245,0.86544,10.006,0
7.5722,6.5033,0,0.87774,10.117,0
7.5722,6.591,0,0.88683,10.22,0.23816
7.5722,6.6797,0,0.90184,10.313,0.56399
8.0446,6.7699,1.1368,0.91137,10.502,0
8.0446,6.861,0,0.91402,10.624,0
8.0446,6.9524,0,0.90903,10.738,0.0013521
8.3541,7.0433,0.93412,0.90553,10.884,0
8.4551,7.1339,0.90743,0.90367,11.024,0
8.4551,7.2243,0,0.90097,11.151,0
8.4551,7.3144,0,0.89552,11.27,0
8.7449,7.4039,0.77759,0.88895,11.411,0
8.7449,7.4928,0,0.87211,11.54,0
8.7449,7.58,0,0.85536,11.661,0
8.7449,7.6655,0,0.83327,11.773,0
9.0091,7.7489,0.43799,0.80654,11.947,0
9.0091,7.8295,0,0.77988,12.069,0
9.1015,7.9075,0.50638,0.75247,12.197,0
9.1485,7.9828,0.49946,0.72939,12.316,0
9.1485,8.0557,0,0.71482,12.429,0
9.2424,8.1272,0.43972,0.6883,12.543,0
9.2424,8.196,0,0.66614,12.651,0
9.2424,8.2626,0,0.64821,12.752,0
9.3701,8.3274,0.31786,0.63196,12.864,0
9.403,8.3906,0.2784,0.61052,12.974,0
9.403,8.4517,0,0.5915,13.073,0
9.403,8.5108,0,0.57102,13.165,0
9.403,8.5679,0,0.54281,13.251,0
9.403,8.6222,0,0.51335,13.332,0
9.4833,8.6736,-0.19038,0.47679,13.443,0
9.4833,8.7212,0,0.43157,13.521,0
9.4833,8.7644,0,0.38738,13.595,0
9.4053,8.8031,-0.14143,0.35102,13.665,0
9.3988,8.8382,-0.047747,0.32563,13.715,0
9.3988,8.8708,0,0.30231,13.77,0
9.393,8.901,0.20742,0.2846,13.832,0
9.393,8.9295,0,0.27866,13.88,0
9.393,8.9574,0,0.2779,13.925,0
9.393,8.9851,0,0.28092,13.967,0
9.393,9.0132,0,0.28097,14.007,0
9.5248,9.0413,0.12865,0.27648,14.062,0
9.5428,9.069,0.055133,0.27042,14.111,0
9.5428,9.096,0,0.25539,14.157,0
9.5428,9.1216,0,0.24267,14.2,0
9.5428,9.1458,0,0.22509,14.241,0
9.5428,9.1683,0,0.19705,14.28,0
9.5428,9.188,0,0.15516,14.316,0
9.5428,9.2036,0,0.098238,14.351,0
9.5428,9.2134,0,0.021241,14.384,0
9.5428,9.2155,0,-0.023191,14.417,0
9.5428,9.2132,0,-0.055775,14.45,0
8.7917,9.2076,-1.4592,-0.088076,14.288,11.714
8.7917,9.1988,0,-0.11613,14.247,0.60728
8.7917,9.1872,0,-0.14369,14.207,0.51477
8.3902,9.1728,-0.99732,-0.16897,14.087,7.5385
8.3902,9.1559,0,-0.19007,14.01,1.2518
8.3902,9.1369,0,-0.20296,13.934,1.1675
8.3902,9.1166,0,-0.21116,13.861,1.0955
8.3902,9.0955,0,-0.21905,13.789,1.0238
8.0864,9.0736,-0.42224,-0.223,13.609,3.6278
8.0511,9.0513,-0.52589,-0.22823,13.504,4.2819
8.0511,9.0285,0,-0.23808,13.406,1.6399
8.0511,9.0047,0,-0.25022,13.309,1.5403
7.8357,8.9797,-1.0006,-0.26958,13.175,8.5574
7.7303,8.9527,-1.1174,-0.2918,13.047,10.035
7.7303,8.9235,0,-0.31553,12.926,1.9525
7.7303,8.892,0,-0.33993,12.808,1.7908
7.4016,8.858,-0.78648,-0.36259,12.63,7.3126
7.4016,8.8217,0,-0.37678,12.486,2.3551
7.4016,8.784,0,-0.39043,12.346,2.2051
7.4016,8.745,0,-0.40028,12.21,2.0682
7.1492,8.705,-0.77282,-0.41102,12.045,7.2956
7.1492,8.6639,0,-0.4295,11.892,2.4287
6.9538,8.6209,-1.4775,-0.45648,11.712,15.771
6.9538,8.5753,0,-0.49295,11.548,2.4985
