27.222,27.222,0.27441,0,35.5,0
27.222,27.222,0,0.0066533,35.5,0.014092
27.222,27.223,0,0.011856,35.5,0.026649
27.303,27.224,0.17863,0.016429,35.51,0
27.303,27.226,0,0.019915,35.518,0
27.303,27.228,0,0.021227,35.526,0
27.303,27.23,0,0.02518,35.533,0
27.303,27.232,0,0.026007,35.54,0
27.36,27.235,0.051475,0.025879,35.573,0
27.36,27.238,0,0.025197,35.586,0
27.354,27.24,0.015735,0.023712,35.613,0
27.354,27.242,0,0.025115,35.625,0
27.354,27.245,0,0.023287,35.636,0
27.354,27.247,0,0.021852,35.647,0
27.354,27.249,0,0.019486,35.657,0
27.331,27.251,-0.051138,0.016556,35.645,0
27.331,27.253,0,0.015358,35.653,0
27.331,27.255,0,0.015497,35.661,0
27.331,27.256,0,0.014918,35.669,0
27.331,27.258,0,0.014404,35.676,0
27.321,27.259,-0.00068479,0.012933,35.666,0
27.321,27.26,0,0.010639,35.672,0
27.321,27.261,0,0.0088025,35.678,0
27.321,27.262,0,0.0090042,35.684,0
27.299,27.263,-0.024672,0.0073553,35.676,0
27.299,27.264,0,0.0082699,35.68,0
27.31,27.265,0.025672,0.0093106,35.687,0
27.31,27.266,0,0.011208,35.691,0
27.31,27.267,0,0.011392,35.696,0
27.31,27.268,0,0.0106,35.7,0
27.31,27.269,0,0.010941,35.704,0
27.31,27.27,0,0.0097264,35.708,0
27.31,27.271,0,0.011919,35.712,0
27.31,27.272,0,0.011828,35.716,0
27.31,27.273,0,0.01157,35.719,0
27.31,27.275,0,0.013789,35.723,0
27.352,27.276,0.057594,0.015856,35.748,0
27.362,27.278,0.043775,0.017542,35.756,0
27.362,27.279,0,0.016075,35.764,0
27.362,27.281,0,0.016867,35.773,0
27.362,27.283,0,0.017774,35.781,0
27.379,27.284,0.040224,0.019712,35.775,0
27.379,27.286,0,0.021298,35.785,0
27.402,27.289,0.048564,0.023612,35.808,0
27.402,27.291,0,0.022977,35.82,0
27.402,27.293,0,0.021797,35.831,0
27.392,27.295,-0.029208,0.020157,35.854,0
27.392,27.297,0,0.019147,35.864,0
27.392,27.299,0,0.017468,35.873,0
27.372,27.301,-0.061665,0.014784,35.865,0.01925
27.372,27.303,0,0.013121,35.872,0
27.368,27.304,-0.040917,0.013401,35.879,0
27.366,27.305,-0.12501,0.012704,35.877,0.19412
27.345,27.306,-0.10298,0.0080517,35.885,0.17569
27.335,27.307,-0.078678,0.0056733,35.895,0.1342
27.33,27.308,-0.086836,0.0046811,35.891,0.16273
27.327,27.308,-0.097446,0.0038376,35.89,0.19679
27.327,27.309,0,0.0010246,35.892,0
27.308,27.309,-0.098016,-0.00011004,35.904,0.23194
27.294,27.309,-0.14584,-0.0021828,35.91,0.39033
27.294,27.309,0,-0.0028902,35.909,0.0234
27.294,27.308,0,-0.0043021,35.907,0.019814
27.253,27.308,-0.1896,-0.0082161,35.897,0.60569
27.224,27.307,-0.1703,-0.012416,35.897,0.60291
27.211,27.306,-0.18402,-0.01417,35.886,0.67096
27.211,27.304,0,-0.015785,35.877,0.15988
27.211,27.303,0,-0.020158,35.868,0.14676
27.211,27.301,0,-0.024503,35.859,0.13292
27.126,27.298,-0.1987,-0.025927,35.828,0.88647
27.097,27.296,-0.16228,-0.029871,35.815,0.81964
27.075,27.293,-0.12954,-0.03281,35.789,0.75457
27.056,27.289,-0.13448,-0.035163,35.772,0.80242
27.056,27.286,0,-0.037513,35.749,0.4064
27.056,27.282,0,-0.040172,35.726,0.39153
27.056,27.278,0,-0.040342,35.704,0.38221
27.056,27.274,0,-0.040867,35.682,0.37201
27.056,27.27,0,-0.042099,35.66,0.36003
26.977,27.266,-0.19157,-0.043801,35.601,1.1147
26.951,27.261,-0.20394,-0.047096,35.57,1.2073
26.951,27.257,0,-0.049899,35.54,0.54549
26.951,27.252,0,-0.051914,35.509,0.52892
26.951,27.247,0,-0.054124,35.479,0.51149
26.951,27.241,0,-0.057311,35.45,0.49122
26.951,27.235,0,-0.060077,35.422,0.47144
26.822,27.229,-0.25458,-0.062328,35.367,1.6284
26.822,27.223,0,-0.066054,35.327,0.72407
26.822,27.217,0,-0.068296,35.287,0.70247
26.822,27.21,0,-0.072858,35.248,0.67429
26.822,27.202,0,-0.076009,35.209,0.64905
26.822,27.195,0,-0.081457,35.172,0.61734
26.822,27.187,0,-0.087792,35.135,0.58254
26.562,27.178,-0.48884,-0.095602,35.026,3.3478
26.562,27.168,0,-0.1022,34.965,1.1186
26.462,27.158,-0.52638,-0.10858,34.898,3.8057
26.462,27.147,0,-0.11678,34.829,1.2722
26.346,27.136,-0.49435,-0.12383,34.765,3.8731
26.3,27.123,-0.503,-0.12962,34.692,4.0262
26.3,27.11,0,-0.13521,34.61,1.5392
26.3,27.097,0,-0.14069,34.53,1.4857
26.162,27.083,-0.50606,-0.14641,34.451,4.3257
26.162,27.068,0,-0.15201,34.36,1.7387
26.059,27.053,-0.51079,-0.15918,34.262,4.5654
26.059,27.037,0,-0.16498,34.163,1.8874
26.059,27.02,0,-0.17138,34.066,1.8199
26.059,27.003,0,-0.17765,33.971,1.752
26.059,26.985,0,-0.18308,33.877,1.6862
26.059,26.967,0,-0.18882,33.786,1.6188
26.059,26.948,0,-0.19424,33.696,1.5519
26.059,26.929,0,-0.19951,33.608,1.4849
26.059,26.909,0,-0.20399,33.522,1.4201
26.059,26.889,0,-0.20967,33.438,1.3513
26.059,26.868,0,-0.21412,33.356,1.2859
26.059,26.846,0,-0.22101,33.276,1.2133
26.059,26.824,0,-0.2265,33.199,1.1444
25.433,26.801,-0.49654,-0.23395,32.737,5.5154
25.433,26.778,0,-0.24033,32.601,2.6522
25.433,26.754,0,-0.24679,32.468,2.5564
25.287,26.729,-0.47437,-0.25102,32.329,5.5535
25.287,26.704,0,-0.25559,32.186,2.8058
25.202,26.679,-0.49464,-0.26047,32.032,5.7808
25.155,26.653,-0.49817,-0.26596,31.874,5.8557
25.155,26.626,0,-0.27265,31.725,2.8976
25.155,26.599,0,-0.27827,31.579,2.7936
25.013,26.571,-0.47973,-0.28254,31.41,5.8672
24.963,26.543,-0.48111,-0.28852,31.255,5.9293
24.963,26.514,0,-0.29327,31.099,3.0555
24.963,26.484,0,-0.29743,30.945,2.9498
24.963,26.455,0,-0.30363,30.795,2.836
24.963,26.424,0,-0.3096,30.647,2.723
24.963,26.393,0,-0.31652,30.502,2.6064
24.676,26.362,-0.48285,-0.32175,30.297,6.1695
24.618,26.33,-0.54202,-0.32921,30.126,6.6728
24.573,26.297,-0.53641,-0.33434,29.949,6.6475
24.516,26.263,-0.54388,-0.34194,29.77,6.7582
24.516,26.229,0,-0.34851,29.596,3.3222
24.516,26.194,0,-0.35555,29.427,3.1861
24.368,26.159,-0.31951,-0.35961,29.223,5.2422
24.344,26.123,-0.13829,-0.36029,29.053,4.1495
24.322,26.087,0.062404,-0.36059,28.869,3.1613
24.322,26.051,0,-0.354,28.695,3.3461
24.358,26.015,0.40996,-0.34409,28.541,1.8195
24.358,25.981,0,-0.32941,28.376,3.125
24.358,25.948,0,-0.31364,28.216,3.09
24.358,25.916,0,-0.29812,28.058,3.0588
24.358,25.887,0,-0.28301,27.904,3.0305
24.358,25.858,0,-0.26849,27.753,3.0045
24.661,25.831,0.36956,-0.2536,27.69,1.097
24.707,25.806,0.25502,-0.23944,27.574,1.218
24.707,25.782,0,-0.22974,27.465,1.9271
24.745,25.759,0.0043199,-0.22335,27.358,1.77
24.745,25.737,0,-0.22034,27.258,1.7354
24.745,25.715,0,-0.22035,27.16,1.6773
24.705,25.693,-0.29577,-0.22103,27.056,2.958
24.705,25.671,0,-0.22182,26.958,1.6627
24.705,25.649,0,-0.22505,26.862,1.5945
24.605,25.626,-0.38845,-0.23202,26.753,3.509
24.605,25.603,0,-0.23776,26.652,1.6939
24.605,25.579,0,-0.24383,26.554,1.6126
24.487,25.555,-0.37644,-0.24664,26.442,3.5322
24.487,25.53,0,-0.24884,26.336,1.7765
24.428,25.505,-0.45402,-0.25151,26.231,3.9902
24.391,25.48,-0.4359,-0.25596,26.116,3.9025
24.34,25.454,-0.38696,-0.26335,26.009,3.6699
24.34,25.428,0,-0.26938,25.899,1.8268
24.256,25.401,-0.38802,-0.27371,25.797,3.7323
24.217,25.374,-0.36801,-0.27848,25.673,3.6378
24.217,25.346,0,-0.28186,25.559,1.8951
24.217,25.318,0,-0.28602,25.447,1.8069
24.103,25.289,-0.39541,-0.29106,25.315,3.8303
24.062,25.26,-0.36815,-0.29616,25.189,3.6932
24.062,25.23,0,-0.30023,25.07,1.9383
23.986,25.2,-0.32512,-0.30408,24.947,3.4733
23.96,25.17,-0.2832,-0.30509,24.824,3.2363
23.924,25.139,-0.29549,-0.30876,24.7,3.3019
23.924,25.109,0,-0.31111,24.58,1.9452
23.924,25.077,0,-0.31046,24.464,1.8653
23.853,25.046,-0.078225,-0.30918,24.346,2.2589
23.836,25.015,-0.040664,-0.3074,24.232,2.0847
23.836,24.985,0,-0.30174,24.115,1.8795
23.836,24.955,0,-0.29678,24.002,1.8165
23.84,24.925,0.14303,-0.28852,23.886,1.3397
23.848,24.896,0.18514,-0.2802,23.785,1.1748
23.848,24.868,0,-0.26946,23.682,1.6488
23.848,24.841,0,-0.2555,23.581,1.6238
23.848,24.816,0,-0.23944,23.483,1.6091
23.848,24.792,0,-0.22477,23.388,1.5941
23.848,24.769,0,-0.21407,23.294,1.5702
23.848,24.748,0,-0.19984,23.203,1.5604
23.848,24.728,0,-0.1862,23.114,1.5525
23.848,24.709,0,-0.17455,23.027,1.5417
24.105,24.692,0.28136,-0.16385,23.041,0.32636
24.142,24.675,0.26742,-0.1494,22.985,0.27488
24.142,24.66,0,-0.14012,22.933,0.7989
24.142,24.646,0,-0.13121,22.881,0.79004
24.189,24.633,-0.02847,-0.12559,22.827,0.74111
24.192,24.621,-0.18912,-0.12166,22.775,1.2153
24.174,24.608,-0.29479,-0.1237,22.729,1.6313
24.174,24.596,0,-0.1285,22.686,0.61028
24.174,24.583,0,-0.13504,22.644,0.56572
24.174,24.57,0,-0.14492,22.604,0.51268
24.174,24.555,0,-0.1573,22.565,0.45324
23.962,24.539,-0.47329,-0.16674,22.497,2.75
23.962,24.523,0,-0.17471,22.441,0.80703
23.962,24.505,0,-0.18578,22.385,0.73941
23.82,24.487,-0.33675,-0.19475,22.297,2.2297
23.82,24.467,0,-0.2002,22.231,0.93813
23.82,24.447,0,-0.2031,22.168,0.88426
23.733,24.427,-0.2665,-0.20521,22.1,1.9599
23.733,24.406,0,-0.21084,22.032,0.97107
23.66,24.385,-0.29696,-0.21674,21.948,2.1412
23.632,24.364,-0.31777,-0.21976,21.866,2.2411
23.597,24.342,-0.3082,-0.2247,21.788,2.2164
23.564,24.319,-0.30545,-0.22864,21.722,2.2185
23.533,24.296,-0.30641,-0.23236,21.647,2.2339
23.497,24.273,-0.30234,-0.23725,21.567,2.2325
23.497,24.249,0,-0.24201,21.49,1.0712
23.497,24.225,0,-0.24577,21.416,1.0049
23.404,24.201,-0.29117,-0.2475,21.329,2.2056
23.404,24.176,0,-0.24857,21.25,1.1012
23.404,24.151,0,-0.24986,21.174,1.0396
23.404,24.126,0,-0.25175,21.101,0.97703
23.404,24.101,0,-0.25708,21.03,0.90632
23.404,24.075,0,-0.26233,20.961,0.83609
23.227,24.049,-0.31567,-0.26332,20.85,2.3261
23.199,24.023,-0.33906,-0.26528,20.764,2.4298
23.171,23.996,-0.39565,-0.26706,20.678,2.6979
23.171,23.969,0,-0.27534,20.596,1.0892
23.066,23.942,-0.55656,-0.28666,20.514,3.6683
23.066,23.913,0,-0.29998,20.428,1.1379
23.066,23.883,0,-0.31477,20.345,1.0312
22.863,23.852,-0.66733,-0.32991,20.229,4.5734
22.863,23.819,0,-0.34629,20.131,1.2676
22.72,23.784,-0.66427,-0.35974,20.028,4.6711
22.72,23.748,0,-0.37034,19.923,1.3716
22.603,23.711,-0.70778,-0.38014,19.808,5.0298
22.603,23.673,0,-0.39324,19.699,1.4072
22.455,23.634,-0.73537,-0.41116,19.568,5.3278
22.372,23.593,-0.74236,-0.42928,19.453,5.4401
22.372,23.55,0,-0.44507,19.333,1.5204
22.372,23.505,0,-0.46297,19.217,1.3704
22.372,23.459,0,-0.47975,19.106,1.2267
22.372,23.411,0,-0.49594,19,1.0882
22.372,23.361,0,-0.51555,18.898,0.94781
22.372,23.31,0,-0.52988,18.802,0.82267
22.372,23.257,0,-0.54795,18.711,0.69758
22.372,23.202,0,-0.56798,18.625,0.57759
21.633,23.145,-0.81767,-0.58162,18.196,6.2577
21.551,23.087,-0.80729,-0.59714,18.051,6.1733
21.551,23.027,0,-0.61261,17.9,1.7686
21.389,22.966,-0.779,-0.62761,17.734,5.9226
21.315,22.903,-0.74287,-0.63874,17.585,5.6213
21.243,22.839,-0.66442,-0.64957,17.433,5.034
21.18,22.774,-0.55366,-0.65586,17.283,4.2832
21.121,22.709,-0.46472,-0.66112,17.124,3.73
21.121,22.643,0,-0.66007,16.968,1.7484
21.031,22.577,-0.37122,-0.65962,16.806,3.131
20.994,22.511,-0.37512,-0.65496,16.66,3.0805
20.96,22.445,-0.41032,-0.64935,16.502,3.1695
20.96,22.38,0,-0.64378,16.357,1.5654
20.96,22.316,0,-0.64199,16.218,1.4321
20.96,22.252,0,-2.9,16.086,21.476
20.96,21.962,0,-2.9,15.971,25.798
20.96,21.672,0,-2.9,15.885,30.976
20.698,21.382,-0.53958,-0.30697,15.736,2.7733
20.651,21.351,-0.58034,-2.9,15.664,23.703
20.591,21.061,-0.65325,-0.21039,15.602,3.1643
20.591,21.04,0,-0.23282,15.556,0.43161
20.591,21.017,0,-2.9,15.512,37.103
20.591,20.727,0,-0.16935,15.484,0
20.591,20.71,0,-0.21281,15.472,0
20.591,20.689,0,-0.25693,15.461,0
19.996,20.663,-1.2926,-2.9,15.297,15.138
19.858,20.373,-1.303,-0.23151,15.23,8.9005
19.72,20.35,-1.2979,-0.28432,15.178,8.9874
19.72,20.321,0,-2.9,15.117,33.211
19.72,20.031,0,-0.26111,15.071,0.12053
19.333,20.005,-1.2787,-2.9,14.964,15.235
19.333,19.715,0,-0.22646,14.911,0.31069
19.333,19.692,0,-0.27155,14.874,0.18929
19.333,19.665,0,-2.9,14.84,39.365
19.333,19.375,0,-0.24254,14.821,0
18.71,19.351,-1.3367,-0.28929,14.686,9.4638
18.568,19.322,-1.3855,-2.9,14.623,12.464
18.568,19.032,0,-0.27541,14.563,0.37866
18.273,19.005,-1.4848,-2.9,14.494,11.587
18.273,18.715,0,-0.26112,14.436,0.36134
18.273,18.689,0,-0.31818,14.393,0.21708
18.273,18.657,0,-2.9,14.353,38.106
17.668,18.367,-1.7515,-0.31483,14.206,15.586
17.49,18.335,-1.7823,-2.9,14.122,6.4091
17.303,18.045,-1.8088,-0.33429,14.049,16.662
17.112,18.012,-1.8633,-4.4,13.958,0
17.112,17.572,0,-0.28765,13.89,0.34743
16.727,17.543,-2.0268,-0.36726,13.8,21.079
16.727,17.506,0,-4.4,13.72,262.12
16.727,17.066,0,-0.33259,13.664,0.069891
16.727,17.033,0,-0.42274,13.632,0
15.845,16.991,-2.6102,-4.4,13.439,0
15.579,16.551,-2.7108,-0.43526,13.325,40.91
15.302,16.507,-2.7607,-4.4,13.213,0
15.302,16.067,0,-0.46239,13.114,0.61687
15.302,16.021,0,-4.4,13.04,277.87
15.302,15.581,0,-0.48264,12.99,0
15.302,15.533,0,-4.4,12.965,482.46
13.97,15.093,-2.5066,-0.4969,12.631,34.239
13.715,15.043,-2.4447,-4.4,12.513,0
13.478,14.603,-2.3494,-0.49618,12.388,29.605
13.478,14.553,0,-4.4,12.278,201.54
13.478,14.113,0,-0.47837,12.192,0.37135
13.478,14.066,0,-4.4,12.131,317.1
13.478,13.626,0,-0.41076,12.094,0
12.558,13.585,-1.0796,-0.45345,11.804,7.2694
12.558,13.539,0,-4.4,11.704,218.4
12.558,13.099,0,-0.31959,11.628,0.44575
12.313,13.067,-0.55502,-0.33161,11.537,2.9762
12.313,13.034,0,-4.4,11.464,277.31
12.313,12.594,0,-0.18352,11.414,0.19538
12.056,12.576,-1.7369,-0.22468,11.372,15.185
12.056,12.553,0,-0.28909,11.321,0.41757
11.679,12.524,-2.4097,-4.4,11.235,0
11.439,12.084,-2.3017,-0.27601,11.151,27.624
11.439,12.057,0,-0.36467,11.088,0.5106
11.439,12.02,0,-5.2,11.028,0
10.825,11.5,-1.4822,-0.28447,10.889,11.592
10.686,11.472,-1.2418,-0.33459,10.808,8.7349
10.557,11.438,-1.0932,-0.37849,10.726,7.2852
10.454,11.4,-0.86034,-5.2,10.634,0
10.454,10.88,0,-0.21739,10.565,0.41839
10.454,10.859,0,-0.24,10.523,0.33067
10.454,10.835,0,-0.24759,10.484,0.27066
10.454,10.81,0,-5.2,10.447,0
10.454,10.29,0,-0.041846,10.438,0
10.454,10.286,0,-0.048333,10.454,0
10.133,10.281,-0.2501,-0.06055,10.315,0.88186
10.113,10.275,-0.2571,-0.066299,10.291,0.92349
10.113,10.268,0,-0.078434,10.276,0.15335
10.049,10.26,-0.20461,-0.086964,10.243,0.80599
10.049,10.252,0,-0.090529,10.223,0.22456
10.009,10.243,-0.29074,-0.096794,10.21,1.1373
10.009,10.233,0,-0.10185,10.187,0.24591
9.9504,10.223,-0.45911,-0.1134,10.158,1.9064
9.9504,10.211,0,-0.1261,10.131,0.27021
9.9504,10.199,0,-5.2,10.106,0
9.813,9.6789,-0.14619,0.050845,10.072,0.184
9.7917,9.684,0.20872,0.040853,10.084,0
9.7917,9.688,0,0.046156,10.095,0
9.8488,9.6927,0.64322,0.059268,10.107,0
9.8488,9.6986,0,0.080007,10.122,0
9.8488,9.7066,0,0.099283,10.137,0
10.023,9.7165,0.50656,0.11642,10.176,0
10.023,9.7282,0,0.128,10.206,0
10.023,9.741,0,0.14543,10.235,0
10.023,9.7555,0,0.16105,10.262,0
10.023,9.7716,0,0.17659,10.288,0
10.288,9.7893,0.58951,0.19052,10.366,0
10.288,9.8083,0,0.20789,10.414,0
10.288,9.8291,0,0.21789,10.461,0
10.288,9.8509,0,0.22533,10.506,0
10.477,9.8734,0.34249,0.23133,10.581,0
10.477,9.8966,0,0.23344,10.64,0
10.544,9.9199,0.24859,0.2397,10.703,0
10.544,9.9439,0,0.24176,10.764,0
10.544,9.9681,0,0.24171,10.823,0
10.544,9.9922,0,0.2408,10.88,0
10.544,10.016,0,0.24397,10.934,0
10.668,10.041,0.20975,0.24244,11.013,0
10.694,10.065,0.083208,0.24328,11.075,0
10.694,10.089,0,0.23372,11.137,0
10.694,10.113,0,0.22165,11.196,0
10.674,10.135,-0.19087,0.20905,11.253,0
10.674,10.156,0,0.19523,11.306,0
10.623,10.175,-0.36949,0.17365,11.35,0.50955
10.589,10.193,-0.47752,0.15384,11.398,1.0442
10.589,10.208,0,0.12749,11.437,0
10.589,10.221,0,0.098261,11.474,0
10.589,10.231,0,0.074824,11.51,0
10.362,10.238,-0.64338,0.048064,11.491,2.3251
10.362,10.243,0,0.022748,11.503,0
10.362,10.245,0,0.0018887,11.515,0
10.181,10.245,-0.55647,-0.021916,11.48,2.1415
10.181,10.243,0,-0.041211,11.474,0.040957
10.181,10.239,0,-0.060126,11.468,0
10.181,10.233,0,-0.072348,11.462,0
9.977,10.226,-0.56255,-0.085502,11.412,2.4988
9.9137,10.217,-0.59729,-0.10476,11.375,2.7925
9.9137,10.207,0,-0.11898,11.346,0.35209
9.7918,10.195,-0.59813,-0.13993,11.319,2.9719
9.7302,10.181,-0.56831,-0.15724,11.275,2.8783
9.6735,10.165,-0.51849,-0.17265,11.219,2.665
9.6735,10.148,0,-0.18269,11.171,0.59439
9.6735,10.13,0,-0.1916,11.124,0.5347
9.5381,10.11,-0.49925,-0.2046,11.061,2.6813
9.5381,10.09,0,-0.21787,11.004,0.68013
9.4316,10.068,-0.51419,-0.23029,10.951,2.8565
9.3835,10.045,-0.53857,-0.24098,10.89,3.026
9.3246,10.021,-0.54933,-0.25588,10.816,3.1341
9.2665,9.9955,-0.56847,-0.26973,10.751,3.2893
9.204,9.9685,-0.5905,-0.28543,10.674,3.4659
9.204,9.9399,0,-0.29907,10.599,0.88924
9.204,9.91,0,-0.3138,10.527,0.79039
9.0279,9.8787,-0.63743,-0.32717,10.422,3.8473
8.9712,9.8459,-0.6506,-0.33952,10.341,3.9524
8.9712,9.812,0,-0.35715,10.256,0.98014
8.9712,9.7763,0,-0.37724,10.173,0.85831
8.9712,9.7385,0,-0.39124,10.095,0.75168
8.7089,9.6994,-0.48921,-0.40225,9.9638,3.088
8.7089,9.6592,0,-0.40945,9.8667,1.0951
8.6321,9.6183,-0.17776,-5.2,9.7551,497.59
8.6321,9.0983,0,-0.18845,9.6825,0.56346
8.6276,9.0794,0.044017,-0.18041,9.6396,0.45462
8.6395,9.0614,0.13167,-0.16952,9.5907,0.25422
8.6463,9.0444,0.2173,-0.16055,9.5589,0.10364
8.666,9.0284,0.25485,-0.14662,9.5272,0.020442
8.666,9.0137,0,-5.2,9.4917,410.45
8.666,8.4937,0,0.10766,9.4829,0
8.666,8.5045,0,0.11439,9.4996,0
8.7879,8.5159,0.3097,0.12156,9.5287,0
8.8248,8.5281,0.29297,0.13267,9.5564,0
8.8513,8.5413,0.33366,0.13867,9.592,0
8.893,8.5552,0.31992,0.15124,9.6286,0
8.9294,8.5703,0.33408,0.1607,9.6575,0
8.9567,8.5864,0.34295,0.16592,9.702,0
8.9977,8.603,0.34745,0.1767,9.73,0
8.9977,8.6207,0,0.18361,9.7686,0
8.9977,8.639,0,0.19033,9.8054,0
8.9977,8.658,0,0.19646,9.8403,0
9.1211,8.6777,0.30169,0.19905,9.9184,0
9.1211,8.6976,0,0.20785,9.9617,0
9.1881,8.7184,0.32725,0.21095,10.011,0
9.2127,8.7395,0.36123,0.21271,10.066,0
9.2485,8.7607,0.39355,0.21921,10.111,0
9.2485,8.7827,0,0.2256,10.158,0
9.2485,8.8052,0,0.233,10.204,0
9.2485,8.8285,0,0.2406,10.247,0
9.3997,8.8526,0.10187,0.24575,10.305,0
9.3997,8.8772,0,0.23573,10.359,0
