33.036,33.036,0.052057,0,35.5,0
33.051,33.036,-0.0078153,0.0022546,35.491,0
33.048,33.036,0.051913,0.001782,35.501,0
33.048,33.037,0,0.0030872,35.502,0
33.068,33.037,0.040068,0.0046708,35.517,0
33.068,33.037,0,0.0049821,35.521,0
33.07,33.038,0.026695,0.0047953,35.515,0
33.07,33.038,0,0.0051576,35.518,0
33.07,33.039,0,0.0052467,35.521,0
33.07,33.039,0,0.0062681,35.524,0
33.07,33.04,0,0.0077023,35.527,0
33.092,33.041,0.028779,0.0075956,35.544,0
33.092,33.042,0,0.0093051,35.549,0
33.092,33.043,0,0.010714,35.554,0
33.092,33.044,0,0.011653,35.559,0
33.092,33.045,0,0.012199,35.563,0
33.136,33.046,0.058508,0.013498,35.567,0
33.136,33.047,0,0.015127,35.576,0
33.136,33.049,0,0.015124,35.585,0
33.136,33.05,0,0.01607,35.594,0
33.136,33.052,0,0.01659,35.602,0
33.136,33.054,0,0.016775,35.611,0
33.136,33.055,0,0.017974,35.619,0
33.172,33.057,0.03304,0.017273,35.624,0
33.172,33.059,0,0.017659,35.636,0
33.172,33.061,0,0.016863,35.647,0
33.186,33.062,0.098511,0.018568,35.647,0
33.202,33.064,0.082156,0.020746,35.666,0
33.211,33.066,0.038197,0.021678,35.688,0
33.211,33.068,0,0.023141,35.702,0
33.233,33.071,0.076211,0.024338,35.721,0
33.238,33.073,0.088457,0.024837,35.743,0
33.238,33.076,0,0.027142,35.759,0
33.238,33.078,0,0.029326,35.775,0
33.29,33.081,0.11414,0.031476,35.782,0
33.29,33.084,0,0.033505,35.803,0
33.29,33.088,0,0.036147,35.823,0
33.334,33.091,0.11524,0.036581,35.853,0
33.354,33.095,0.10857,0.039066,35.878,0
33.354,33.099,0,0.041597,35.904,0
33.376,33.103,0.056821,0.041106,35.936,0
33.376,33.107,0,0.041359,35.963,0
33.389,33.111,0.06916,0.041986,35.972,0
33.398,33.116,0.078031,0.042683,35.999,0
33.397,33.12,0.097145,0.041846,36.026,0
33.405,33.124,0.089166,0.042427,36.059,0
33.405,33.128,0,0.042994,36.087,0
33.405,33.133,0,0.044327,36.114,0
33.405,33.137,0,0.043781,36.141,0
33.405,33.141,0,0.044845,36.168,0
33.405,33.146,0,0.04601,36.194,0
33.405,33.15,0,0.046029,36.219,0
33.458,33.155,0.1484,0.046051,36.287,0
33.464,33.16,0.12233,0.04617,36.315,0
33.481,33.164,0.10363,0.048064,36.344,0
33.481,33.169,0,0.050304,36.376,0
33.481,33.174,0,0.049582,36.407,0
33.481,33.179,0,0.049918,36.437,0
33.481,33.184,0,0.05111,36.467,0
33.532,33.189,0.11114,0.052301,36.508,0
33.549,33.194,0.11513,0.054031,36.549,0
33.564,33.2,0.11864,0.055598,36.576,0
33.578,33.205,0.080895,0.05684,36.608,0
33.586,33.211,0.11477,0.05729,36.647,0
33.586,33.217,0,0.059016,36.685,0
33.611,33.223,0.12398,0.059349,36.734,0
33.611,33.229,0,0.060315,36.772,0
33.636,33.235,0.12532,0.061466,36.812,0
33.636,33.241,0,0.062867,36.852,0
33.636,33.247,0,0.064188,36.891,0
33.636,33.253,0,0.065394,36.93,0
33.636,33.26,0,0.064889,36.968,0
33.636,33.267,0,0.066296,37.005,0
33.636,33.273,0,0.06591,37.042,0
33.71,33.28,0.10012,0.066208,37.076,0
33.71,33.286,0,0.067283,37.118,0
33.728,33.293,0.11241,0.067025,37.171,0
33.728,33.3,0,0.067644,37.214,0
33.758,33.307,0.11328,0.069663,37.263,0
33.763,33.314,0.1449,0.069325,37.302,0
33.763,33.32,0,0.07031,37.347,0
33.763,33.327,0,0.071967,37.39,0
33.763,33.335,0,0.071185,37.434,0
33.807,33.342,0.083913,0.071973,37.484,0
33.823,33.349,0.057997,0.073416,37.527,0
33.823,33.356,0,0.072843,37.574,0
33.833,33.364,0.11276,0.072818,37.612,0
33.833,33.371,0,0.073181,37.659,0
33.858,33.378,0.12775,0.074484,37.698,0
33.876,33.386,0.13384,0.076291,37.755,0
33.89,33.393,0.14676,0.07728,37.814,0
33.89,33.401,0,0.078642,37.863,0
33.923,33.409,0.14529,0.080067,37.917,0
33.933,33.417,0.15057,0.080487,37.97,0
33.933,33.425,0,0.082354,38.022,0
33.933,33.433,0,0.082996,38.072,0
33.933,33.441,0,0.083607,38.122,0
33.997,33.45,0.119,0.085607,38.156,0
33.997,33.458,0,0.086864,38.211,0
34.016,33.467,0.12558,0.086045,38.281,0
34.016,33.476,0,0.085242,38.335,0
34.016,33.484,0,0.085211,38.389,0
34.016,33.493,0,0.087387,38.442,0
34.016,33.501,0,0.088111,38.494,0
34.08,33.51,0.10065,0.089692,38.554,0
34.08,33.519,0,0.088992,38.61,0
34.087,33.528,0.11135,0.088223,38.685,0
34.087,33.537,0,0.089268,38.741,0
34.125,33.546,0.13848,0.091484,38.802,0
34.125,33.555,0,0.091327,38.86,0
34.14,33.564,0.15938,0.091092,38.925,0
34.14,33.573,0,0.09376,38.983,0
34.14,33.583,0,0.093741,39.039,0
34.177,33.592,0.12876,0.092778,39.085,0
34.177,33.601,0,0.093584,39.143,0
34.206,33.611,0.10666,0.094644,39.217,0
34.206,33.62,0,0.094872,39.276,0
34.206,33.63,0,0.096386,39.334,0
34.206,33.639,0,0.097305,39.391,0
34.206,33.649,0,0.098273,39.447,0
34.206,33.659,0,0.099731,39.502,0
34.298,33.669,0.17142,0.10057,39.577,0
34.298,33.679,0,0.10065,39.64,0
34.32,33.689,0.11335,0.10113,39.708,0
34.339,33.699,0.16361,0.10253,39.776,0
34.363,33.709,0.13963,0.1048,39.832,0
34.386,33.72,0.10383,0.10696,39.903,0
34.386,33.73,0,0.10737,39.969,0
34.386,33.741,0,0.10847,40.034,0
34.386,33.752,0,0.10713,40.098,0
34.386,33.763,0,0.10615,40.16,0
34.386,33.773,0,0.10794,40.222,0
34.453,33.784,0.085221,0.10793,40.295,0
34.453,33.795,0,0.10753,40.361,0
34.453,33.806,0,0.1085,40.426,0
34.48,33.817,0.090824,0.10748,40.496,0
34.495,33.827,0.15274,0.10824,40.566,0
34.506,33.838,0.16389,0.1084,40.639,0
34.506,33.849,0,0.10941,40.705,0
34.528,33.86,0.1442,0.10855,40.771,0
34.528,33.871,0,0.1108,40.837,0
34.528,33.882,0,0.11154,40.902,0
34.528,33.893,0,0.11214,40.966,0
34.592,33.904,0.10976,0.11217,41.034,0
34.592,33.915,0,0.1119,41.102,0
34.611,33.927,0.094147,0.11193,41.169,0
34.611,33.938,0,0.11019,41.237,0
34.622,33.949,0.10464,0.11016,41.303,0
34.622,33.96,0,0.11045,41.369,0
34.638,33.971,0.12633,0.10945,41.422,0
34.646,33.982,0.12297,0.10893,41.486,0
34.656,33.993,0.13597,0.10893,41.554,0
34.656,34.004,0,0.11035,41.62,0
34.656,34.015,0,0.11055,41.685,0
34.71,34.026,0.14604,0.11267,41.74,0
34.71,34.037,0,0.11463,41.808,0
34.71,34.048,0,0.11512,41.875,0
34.773,34.06,0.16731,0.11767,41.93,0
34.782,34.072,0.11412,0.11732,42.003,0
34.782,34.083,0,0.11583,42.073,0
34.782,34.095,0,0.11422,42.143,0
34.805,34.106,0.11773,0.11572,42.211,0
34.808,34.118,0.12097,0.11446,42.273,0
34.808,34.129,0,0.11487,42.341,0
34.808,34.141,0,0.11432,42.408,0
34.839,34.152,0.12618,0.11411,42.492,0
34.859,34.164,0.11709,0.11578,42.57,0
34.859,34.175,0,0.11495,42.639,0
34.859,34.187,0,0.11539,42.707,0
34.859,34.198,0,0.11574,42.773,0
34.898,34.21,0.077412,0.11497,42.854,0
34.898,34.222,0,0.11585,42.922,0
34.898,34.233,0,0.11608,42.989,0
34.898,34.245,0,0.11509,43.055,0
34.898,34.256,0,0.1158,43.12,0
34.898,34.268,0,0.11457,43.183,0
34.952,34.279,0.065003,0.11297,43.243,0
34.952,34.291,0,0.11381,43.31,0
34.952,34.302,0,0.11431,43.376,0
34.952,34.313,0,0.11505,43.44,0
34.952,34.325,0,0.11613,43.504,0
34.952,34.336,0,0.11492,43.566,0
34.952,34.348,0,0.11414,43.627,0
34.952,34.359,0,0.11538,43.687,0
34.952,34.371,0,0.11662,43.745,0
35.069,34.383,0.15399,0.11615,43.863,0
35.084,34.394,0.13097,0.11679,43.941,0
35.104,34.406,0.13551,0.11828,44.004,0
35.104,34.418,0,0.11982,44.074,0
35.145,34.43,0.14452,0.12145,44.145,0
35.165,34.442,0.13968,0.12276,44.214,0
35.165,34.454,0,0.12229,44.286,0
35.183,34.466,0.15683,0.12198,44.358,0
35.204,34.479,0.13233,0.12351,44.432,0
35.214,34.491,0.11321,0.12332,44.506,0
35.214,34.503,0,0.1249,44.578,0
35.243,34.516,0.13614,0.12429,44.667,0
35.243,34.528,0,0.12521,44.739,0
35.243,34.541,0,0.12625,44.81,0
35.243,34.553,0,0.12684,44.879,0
35.243,34.566,0,0.12837,44.948,0
35.326,34.579,-0.0065578,0.12805,45.026,0
35.326,34.592,0,0.12419,45.1,0
35.306,34.604,-0.16289,0.12053,45.172,0
35.306,34.616,0,0.11697,45.241,0
35.306,34.628,0,0.11026,45.31,0
35.306,34.639,0,0.10103,45.377,0
35.198,34.649,-0.32554,0.094563,45.423,0
35.164,34.658,-0.35462,0.087149,45.478,0
35.125,34.667,-0.40176,0.079031,45.517,0.25501
35.08,34.675,-0.39744,0.069869,45.567,0.35363
35.08,34.682,0,0.063529,45.607,0
35.08,34.688,0,0.056084,45.646,0
34.966,34.694,-0.4336,0.047025,45.665,0.78639
34.931,34.699,-0.39452,0.04016,45.691,0.71952
34.886,34.703,-0.32654,0.03173,45.703,0.57095
34.886,34.706,0,0.024911,45.721,0
34.886,34.708,0,0.018968,45.739,0
34.886,34.71,0,0.014656,45.757,0
34.886,34.712,0,0.0090346,45.774,0
34.886,34.713,0,0.0072619,45.792,0
34.886,34.713,0,0.0022488,45.809,0
34.886,34.714,0,7.8066e-05,45.826,0
34.886,34.714,0,-0.0027013,45.844,0
34.886,34.713,0,-0.0051871,45.861,0
34.886,34.713,0,-0.0073187,45.878,0
34.645,34.712,-0.09044,-0.0087894,45.727,0.34329
34.645,34.711,0,-0.010545,45.721,0.11559
34.645,34.71,0,-0.011745,45.714,0.11073
34.599,34.709,-0.21566,-0.014373,45.692,0.81734
34.573,34.707,-0.29586,-0.017601,45.677,1.1714
34.573,34.706,0,-0.02054,45.663,0.23472
34.573,34.704,0,-0.025161,45.65,0.21963
34.473,34.701,-0.40992,-0.029826,45.625,1.9072
34.433,34.698,-0.42698,-0.034727,45.603,2.0909
34.433,34.695,0,-0.038915,45.577,0.47503
34.351,34.691,-0.49724,-0.044486,45.528,2.6678
34.309,34.686,-0.50329,-0.049509,45.5,2.8112
34.309,34.681,0,-0.055951,45.462,0.6845
34.197,34.676,-0.48394,-0.063011,45.416,2.995
34.197,34.669,0,-0.068147,45.368,0.88983
34.197,34.663,0,-0.072858,45.321,0.85986
34.197,34.655,0,-0.07614,45.275,0.83307
34.197,34.648,0,-0.079938,45.23,0.80428
34.197,34.64,0,-0.083444,45.185,0.77566
33.988,34.631,-0.30794,-0.085672,45.038,2.511
33.988,34.623,0,-0.089114,44.975,1.2305
33.927,34.614,-0.33117,-0.091831,44.914,2.7438
33.903,34.605,-0.31521,-0.094103,44.846,2.7033
33.869,34.595,-0.33497,-0.09768,44.767,2.8717
33.826,34.586,-0.31253,-0.10234,44.685,2.8433
33.802,34.575,-0.30247,-0.10453,44.601,2.8288
33.802,34.565,0,-0.1076,44.524,1.5051
33.739,34.554,-0.3035,-0.11077,44.443,2.9457
33.711,34.543,-0.28784,-0.11333,44.361,2.9089
33.677,34.532,-0.29269,-0.11672,44.283,2.9942
33.677,34.52,0,-0.11847,44.198,1.6826
33.619,34.508,-0.29466,-0.12205,44.122,3.0954
33.582,34.496,-0.2992,-0.12591,44.025,3.1867
33.561,34.483,-0.30652,-0.12737,43.938,3.2462
33.561,34.471,0,-0.13109,43.846,1.8196
33.496,34.458,-0.31815,-0.1336,43.758,3.4154
33.473,34.444,-0.30474,-0.13545,43.656,3.3677
33.445,34.431,-0.28237,-0.13789,43.564,3.2852
33.445,34.417,0,-0.14098,43.466,1.9579
33.388,34.403,-0.24776,-0.14283,43.364,3.1768
33.362,34.389,-0.22523,-0.14502,43.261,3.0915
33.333,34.374,-0.23544,-0.14755,43.164,3.1801
33.305,34.359,-0.23877,-0.15005,43.054,3.2316
33.282,34.344,-0.24796,-0.15173,42.945,3.2979
33.282,34.329,0,-0.15312,42.839,2.1249
33.282,34.314,0,-0.15608,42.735,2.0706
33.195,34.298,-0.32995,-0.15941,42.609,3.8543
33.195,34.282,0,-0.16107,42.499,2.2097
33.195,34.266,0,-0.16493,42.391,2.1494
33.195,34.25,0,-0.16831,42.285,2.0902
33.195,34.233,0,-0.17343,42.18,2.0244
33.195,34.215,0,-0.17872,42.077,1.9573
33.195,34.198,0,-0.18444,41.976,1.888
32.896,34.179,-0.49234,-0.19079,41.78,5.4093
32.896,34.16,0,-0.19581,41.653,2.59
32.896,34.14,0,-0.20151,41.527,2.5099
32.758,34.12,-0.47136,-0.20526,41.401,5.4941
32.758,34.1,0,-0.21069,41.266,2.7626
32.655,34.079,-0.46617,-0.21662,41.119,5.6358
32.655,34.057,0,-0.22046,40.977,2.9038
32.655,34.035,0,-0.22606,40.838,2.8141
32.655,34.012,0,-0.23351,40.701,2.7164
32.655,33.989,0,-0.24118,40.567,2.617
32.655,33.965,0,-0.25116,40.435,2.5079
32.655,33.94,0,-0.26034,40.305,2.4008
32.655,33.914,0,-0.27041,40.178,2.2897
32.126,33.887,-0.76976,-0.28007,39.884,9.2461
32.126,33.859,0,-0.29035,39.709,3.6375
32.126,33.83,0,-0.30207,39.537,3.4932
32.126,33.799,0,-0.31268,39.368,3.3525
32.126,33.768,0,-0.32319,39.202,3.2113
31.691,33.736,-1.0528,-0.33656,38.945,13.362
31.691,33.702,0,-0.35172,38.743,4.2638
31.475,33.667,-1.1717,-0.36657,38.517,15.46
31.351,33.63,-1.2737,-0.38435,38.299,17.245
31.351,33.592,0,-0.40321,38.073,4.792
31.083,33.552,-1.3636,-0.42354,37.838,19.372
30.944,33.509,-1.3818,-0.44452,37.588,20.051
30.797,33.465,-1.412,-0.46695,37.327,20.952
30.797,33.418,0,-0.48991,37.062,5.6877
30.502,33.369,-1.3902,-0.51271,36.77,21.361
30.502,33.318,0,-0.53556,36.485,6.1479
30.502,33.264,0,-0.5559,36.207,5.8447
30.502,33.209,0,-0.57881,35.933,5.528
29.947,33.151,-1.3986,-0.60123,35.56,22.693
29.947,33.091,0,-0.6226,35.243,6.8882
29.947,33.028,0,-0.64461,34.932,6.5332
29.947,32.964,0,-0.66931,34.627,6.1643
29.947,32.897,0,-0.69337,34.328,5.8
29.259,32.828,-1.3817,-0.71781,33.876,23.467
29.117,32.756,-1.3371,-0.74346,33.511,22.894
29.117,32.682,0,-0.76853,33.151,7.6594
29.117,32.605,0,-0.79057,32.798,7.2398
28.739,32.526,-1.2201,-0.81191,32.396,21.228
28.613,32.445,-1.2448,-0.83508,32.023,21.641
28.613,32.361,0,-0.8597,31.644,7.8382
28.613,32.275,0,-0.88392,31.274,7.3724
28.613,32.187,0,-0.90718,30.912,6.9159
28.121,32.096,-1.2707,-0.93048,30.449,21.917
28.121,32.003,0,-0.95718,30.056,7.7886
28.121,31.907,0,-0.98245,29.672,7.2871
28.121,31.809,0,-1.0066,29.299,6.7984
28.121,31.708,0,-1.0321,28.935,6.3103
28.121,31.605,0,-1.0613,28.581,5.815
27.373,31.499,-1.2354,-1.0878,27.988,20.639
27.251,31.39,-1.251,-1.1142,27.573,20.673
27.251,31.279,0,-1.1421,27.165,7.3079
27.251,31.165,0,-1.1712,26.767,6.747
26.856,31.047,-1.7217,-1.2042,26.318,28.224
26.856,30.927,0,-1.2468,25.904,6.9163
26.856,30.802,0,-1.2993,25.503,6.2315
26.856,30.672,0,-1.3678,25.115,5.5065
26.856,30.536,0,-1.4558,24.74,4.7551
26.856,30.39,0,-1.5665,24.38,4.0141
25.134,30.233,-5.0171,-1.7015,23.62,272.67
25.134,30.063,0,-1.867,23.119,6.8342
25.134,29.877,0,-2.0698,22.636,5.5142
23.404,29.67,-7.2518,-2.3173,21.921,0
22.687,29.438,-7.8358,-2.6005,21.277,0
21.911,29.178,-8.197,-2.9313,20.57,0
21.911,28.885,0,-3.3032,19.858,7.3779
21.911,28.554,0,-9.2364,19.178,0
21.911,27.631,0,-8.6477,18.559,0
18.852,26.766,-6.2896,-8.0885,17.409,1.0411
18.852,25.957,0,-7.6737,16.658,399.66
18.852,25.19,0,-7.6301,15.986,1254.9
18.852,24.427,0,-7.2519,15.39,1213.3
18.852,23.701,0,-6.5896,14.869,413.24
16.022,23.043,-3.8707,-5.6721,13.681,0
15.641,22.475,-2.7088,-4.5081,12.981,29.881
15.641,22.024,0,-3.3306,12.32,6.2122
15.225,21.691,-0.89145,-2.9,11.64,12.688
15.142,21.401,-0.52496,-2.9,10.999,9.0667
15.099,21.111,-0.31351,-2.9,10.379,7.2075
15.099,20.821,0,-2.9,9.7926,5.668
15.099,20.531,0,-2.9,9.2348,5.2093
15.099,20.241,0,-2.9,8.7061,4.8692
15.099,19.951,0,-2.9,8.2063,4.6599
14.982,19.661,-0.10529,-2.9,7.7148,4.4954
14.982,19.371,0,-2.9,7.2614,4.6312
14.982,19.081,0,-2.9,6.8369,4.83
15.024,18.791,0.58416,-2.9,6.4478,8.2242
15.024,18.501,0,-2.9,6.0856,5.9283
15.024,18.211,0,-4.4,5.7524,48.39
15.024,17.771,0,-4.4,5.4557,63.068
15.024,17.331,0,-4.4,5.203,83.083
15.024,16.891,0,-4.4,4.9943,111.2
15.667,16.451,1.2894,-4.4,4.9935,183.55
15.667,16.011,0,-4.4,4.937,416.72
15.667,15.571,0,-4.4,4.9245,810.85
16.064,15.131,1.3127,-4.4,5.0266,483.4
16.064,14.691,0,-4.4,5.1418,0
16.325,14.251,1.3341,-4.4,5.326,1442.5
16.325,13.811,0,-4.4,5.5554,0
16.581,13.371,1.3414,-4.4,5.8616,0
16.581,12.931,0,-4.4,6.2045,0
16.84,12.491,1.3395,-4.4,6.6083,0
16.971,12.051,1.3519,-5.2,7.0743,0
17.103,11.531,1.3443,-5.2,7.6048,0
17.242,11.011,1.2866,-5.2,8.1929,0
17.242,10.491,0,-5.2,8.8419,0
17.242,9.9714,0,-5.2,9.543,0
17.242,9.4514,0,3.3052,10.296,0
17.242,9.7819,0,3.26,11.059,0
17.897,10.108,1.4395,3.2011,11.959,0
17.897,10.428,0,3.1353,12.721,0
17.897,10.742,0,3.0699,13.453,0
17.897,11.049,0,2.9928,14.153,0
17.897,11.348,0,2.9167,14.823,0
17.897,11.64,0,2.837,15.463,0
18.638,11.923,1.317,2.7604,16.311,0
18.638,12.199,0,2.6932,16.968,0
18.914,12.469,1.4981,2.6352,17.628,0
18.914,12.732,0,2.5779,18.259,0
18.914,12.99,0,2.5246,18.865,0
18.914,13.242,0,2.4803,19.445,0
19.526,13.49,1.5825,2.4323,20.107,0
19.677,13.734,1.5657,2.3852,20.697,0
19.677,13.972,0,2.3459,21.279,0
19.677,14.207,0,2.3066,21.838,0
20.16,14.437,1.5456,2.271,22.446,0
20.317,14.664,1.5282,2.2348,23.018,0
20.473,14.888,1.5179,2.2006,23.588,0
20.473,15.108,0,2.1686,24.136,0
20.78,15.325,1.5275,2.1327,24.686,0
20.78,15.538,0,2.1022,25.221,0
20.78,15.748,0,2.0738,25.735,0
20.78,15.956,0,2.0447,26.228,0
20.78,16.16,0,2.0139,26.7,0
20.78,16.362,0,1.9823,27.152,0
20.78,16.56,0,1.951,27.584,0
21.787,16.755,1.2861,1.9183,28.372,0
21.787,16.947,0,1.8906,28.866,0
21.787,17.136,0,1.8572,29.34,0
21.787,17.322,0,1.8249,29.796,0
22.273,17.504,1.0064,1.7934,30.33,0
22.377,17.683,0.90069,1.7595,30.808,0
22.377,17.859,0,1.7202,31.268,0
22.377,18.031,0,1.6777,31.711,0
22.598,18.199,0.50227,1.634,32.178,0
22.598,18.362,0,1.589,32.61,0
22.598,18.521,0,1.5343,33.026,0
22.697,18.675,0.018687,1.4813,33.456,0
22.697,18.823,0,1.4252,33.85,0
22.697,18.965,0,1.3717,34.231,0
22.723,19.103,0.17422,1.3232,34.612,0
22.723,19.235,0,1.2765,34.967,0
22.756,19.363,0.34313,1.235,35.331,0
22.756,19.486,0,1.1966,35.664,0
22.756,19.606,0,1.1689,35.985,0
22.756,19.723,0,1.1397,36.294,0
22.756,19.837,0,1.1124,36.592,0
22.963,19.948,0.49406,1.0868,36.957,0
22.963,20.057,0,1.0667,37.253,0
22.963,20.163,0,1.0455,37.538,0
22.963,20.268,0,1.0274,37.813,0
22.963,20.371,0,1.011,38.077,0
22.963,20.472,0,0.99269,38.331,0
23.316,20.571,0.57769,0.97895,38.677,0
23.365,20.669,0.59636,0.95982,38.951,0
23.432,20.765,0.6124,0.94776,39.216,0
23.432,20.86,0,0.93752,39.478,0
23.432,20.953,0,0.92165,39.73,0
23.432,21.045,0,0.91025,39.973,0
23.681,21.136,0.67771,0.89845,40.258,0
23.681,21.226,0,0.88907,40.508,0
23.681,21.315,0,0.87914,40.749,0
23.87,21.403,0.62552,0.86727,41.016,0
23.927,21.49,0.59168,0.85556,41.256,0
23.927,21.575,0,0.84491,41.496,0
23.927,21.66,0,0.83625,41.727,0
24.104,21.744,0.54703,0.82518,41.981,0
24.104,21.826,0,0.81449,42.213,0
24.226,21.908,0.51302,0.8082,42.438,0
