20.278,20.278,-0.10254,0,35.5,0.2424
20.278,20.278,0,-0.0013914,35.5,0
20.278,20.278,0,-0.004901,35.5,0
20.214,20.277,-0.27815,-0.0069493,35.501,0.93784
20.214,20.276,0,-0.0092922,35.495,0.10889
20.164,20.276,-0.34027,-0.01238,35.482,1.3048
20.164,20.274,0,-0.015444,35.471,0.19785
20.164,20.273,0,-0.019175,35.46,0.18604
20.164,20.271,0,-0.023798,35.449,0.17153
20.164,20.268,0,-0.03073,35.438,0.1511
19.919,20.265,-0.75623,-0.038482,35.373,4.4112
19.838,20.262,-0.83352,-0.047177,35.341,5.2937
19.749,20.257,-0.88657,-0.056705,35.288,6.0591
19.66,20.251,-0.99188,-0.06617,35.225,7.3641
19.66,20.245,0,-0.0775,35.167,1.1393
19.444,20.237,-1.2779,-0.089177,35.102,11.47
19.318,20.228,-1.5172,-0.10271,35.024,15.444
19.318,20.218,0,-0.11864,34.934,1.8371
19.318,20.206,0,-0.13823,34.844,1.7359
19.318,20.192,0,-0.15873,34.756,1.629
18.581,20.176,-2.2696,-0.18359,34.549,35.25
18.581,20.158,0,-0.20959,34.39,3.496
18.581,20.137,0,-0.23557,34.233,3.3145
17.885,20.113,-2.6456,-0.26266,33.987,50.852
17.885,20.087,0,-0.29452,33.766,5.2095
17.885,20.057,0,-0.32957,33.547,4.9246
17.885,20.024,0,-0.36495,33.331,4.6341
16.718,19.988,-3.1661,-0.40437,32.882,78.4
16.718,19.948,0,-0.44479,32.557,8.2858
16.718,19.903,0,-0.4857,32.237,7.8538
15.806,19.854,-2.8879,-0.52595,31.773,70.585
15.806,19.802,0,-0.5675,31.371,10.721
15.806,19.745,0,-0.60868,30.974,10.195
15.806,19.684,0,-0.65227,30.583,9.6469
14.684,19.619,-2.8044,-0.69737,29.959,71.871
14.684,19.549,0,-0.74634,29.469,13.367
14.684,19.475,0,-0.7966,28.986,12.655
14.684,19.395,0,-0.8516,28.511,11.904
14.684,19.31,0,-0.91133,28.044,11.117
14.684,19.219,0,-0.97678,27.586,10.292
14.684,19.121,0,-1.0451,27.138,9.4519
14.684,19.017,0,-1.1194,26.699,8.5869
14.684,18.905,0,-1.1944,26.272,7.7346
11.988,18.785,-2.513,-1.2667,24.622,68.168
11.745,18.658,-2.3216,-1.3407,23.929,61.964
11.745,18.524,0,-1.4156,23.244,17.358
11.304,18.383,-1.8225,-1.4937,22.515,47.617
11.115,18.233,-1.5177,-1.5709,21.796,40.092
11.115,18.076,0,-1.6409,21.092,16.481
11.115,17.912,0,-1.7074,20.404,15.21
10.779,17.742,-0.49201,-1.7669,19.67,20.569
10.722,17.565,-0.25517,-1.8234,18.972,16.905
10.688,17.383,-0.13584,-1.8718,18.302,14.71
10.688,17.195,0,-1.919,17.642,12.445
10.649,17.003,-0.29467,-1.9623,16.985,13.855
10.619,16.807,-0.5463,-2.0063,16.367,15.066
10.619,16.607,0,-2.0604,15.758,9.5229
10.619,16.401,0,-2.1218,15.17,8.4648
10.619,16.188,0,-2.194,14.602,7.4274
10.619,15.969,0,-2.2764,14.056,6.446
10.619,15.741,0,-2.3704,13.533,5.5608
10.619,15.504,0,-2.4657,13.032,4.8517
10.619,15.258,0,-4.4,12.556,21.229
10.619,14.818,0,-4.4,12.114,27.037
10.619,14.378,0,-4.4,11.716,34.681
10.619,13.938,0,-4.4,11.362,44.766
9.1063,13.498,-1.6898,-4.4,10.319,6.6622
8.9439,13.058,-1.5735,-4.4,9.8991,9.7587
8.9439,12.618,0,-4.4,9.5097,36.417
8.9439,12.178,0,-5.2,9.1643,136.46
8.4843,11.658,-1.2889,-5.2,8.8133,982.7
8.4843,11.138,0,-5.2,8.5219,214.09
8.4843,10.618,0,-5.2,8.2826,336.58
8.1048,10.098,-1.4436,-5.2,8.0252,0
7.968,9.5777,-1.4409,-5.2,7.8478,0
7.8268,9.0577,-1.2266,-5.2,7.7106,0
7.7117,8.5377,-0.83082,-5.2,7.6039,314.27
7.7117,8.0177,0,-5.2,7.5473,163.25
7.5993,7.4977,0.14901,-5.2,7.5221,143.48
7.5993,6.9777,0,-5.2,7.5583,147.33
7.5993,6.4577,0,-5.2,7.6465,146.26
7.5993,5.9377,0,-8.8,7.7866,137.63
7.5993,5.0577,0,2.4912,7.9968,3.1427
7.5993,5.3068,0,2.2395,8.2385,2.565
7.5993,5.5308,0,2.0586,8.4565,2.3553
7.5993,5.7366,0,1.949,8.6531,2.5113
8.3487,5.9316,2.0247,1.8821,9.0193,0
8.3487,6.1198,0,1.8411,9.2516,0.53355
8.7579,6.3039,2.1743,1.8079,9.5009,0
8.7579,6.4847,0,1.7912,9.7373,0.12809
9.1954,6.6638,2.1127,1.7784,9.9951,0
9.1954,6.8416,0,1.7628,10.239,0
9.1954,7.0179,0,1.7505,10.466,0.25606
9.1954,7.193,0,1.7343,10.675,0.78452
9.1954,7.3664,0,1.7244,10.866,1.3569
9.1954,7.5388,0,1.7309,11.041,2.0354
9.1954,7.7119,0,1.7387,11.198,2.7483
9.1954,7.8858,0,1.7453,11.337,3.4812
9.1954,8.0603,0,1.7652,11.46,4.3249
11.208,8.2368,2.5334,1.7822,12.456,0.50626
11.454,8.4151,2.5599,1.7958,12.751,0.68368
11.719,8.5946,2.5664,1.8207,13.062,0.73793
11.973,8.7767,2.5363,1.8361,13.369,0.6594
11.973,8.9603,0,1.8499,13.679,0
11.973,9.1453,0,1.8587,13.971,0
11.973,9.3312,0,1.8743,14.245,0
12.977,9.5186,2.4186,1.8871,14.694,0.37303
12.977,9.7073,0,1.8942,15.03,0
12.977,9.8967,0,1.8979,15.348,0
12.977,10.087,0,1.8987,15.646,0
13.93,10.276,2.343,1.9047,16.118,0.36006
14.156,10.467,2.356,1.9026,16.478,0.52813
14.156,10.657,0,1.9021,16.838,0
14.156,10.847,0,1.9093,17.178,0
14.156,11.038,0,1.9136,17.499,0
14.156,11.23,0,1.9142,17.802,0
15.326,11.421,2.311,1.917,18.363,0.7632
15.326,11.613,0,1.9204,18.744,0
15.791,11.805,2.2428,1.9218,19.149,0.59933
15.791,11.997,0,1.9204,19.537,0
16.234,12.189,2.2058,1.9164,19.939,0.61394
16.451,12.381,2.21,1.9128,20.34,0.73721
16.451,12.572,0,1.9072,20.738,0
16.451,12.763,0,1.9036,21.116,0
16.451,12.953,0,1.9008,21.476,0
17.312,13.143,2.2422,1.8991,21.974,1.3135
17.536,13.333,2.2436,1.9005,22.387,1.4163
17.536,13.523,0,1.9049,22.797,0
17.536,13.714,0,1.9042,23.189,0
17.536,13.904,0,1.9082,23.562,0
18.441,14.095,2.2433,1.9115,24.083,1.7861
18.659,14.286,2.23,1.9101,24.511,1.8113
18.659,14.477,0,1.9154,24.939,0
19.107,14.668,2.173,1.9137,25.384,1.671
19.107,14.86,0,1.912,25.818,0
19.543,15.051,2.0476,1.9129,26.274,1.1366
19.543,15.242,0,1.9096,26.714,0
19.543,15.433,0,1.9016,27.135,0
19.543,15.623,0,1.887,27.536,0
19.543,15.812,0,1.871,27.918,0
19.543,15.999,0,1.8467,28.282,0
20.579,16.184,0.91506,1.8086,28.964,0
20.579,16.365,0,1.764,29.395,0
20.579,16.541,0,1.7156,29.807,0
20.82,16.713,0.62004,1.6647,30.247,0
20.82,16.879,0,1.6142,30.649,0
20.95,17.041,0.6137,1.5701,31.053,0
20.95,17.198,0,1.5253,31.436,0
20.95,17.35,0,1.4784,31.804,0
20.95,17.498,0,1.4353,32.156,0
21.159,17.642,0.45496,1.39,32.547,0
21.159,17.781,0,1.348,32.891,0
21.159,17.915,0,1.3077,33.222,0
21.159,18.046,0,1.2659,33.54,0
21.326,18.173,0.34523,1.2287,33.865,0
21.368,18.296,0.31953,1.1936,34.181,0
21.368,18.415,0,1.1572,34.483,0
21.429,18.531,0.3153,1.1197,34.783,0
21.429,18.643,0,1.0842,35.067,0
21.489,18.751,0.29599,1.0519,35.346,0
21.489,18.856,0,1.0238,35.615,0
21.556,18.959,0.32098,0.99295,35.883,0
21.556,19.058,0,0.96566,36.138,0
21.556,19.154,0,0.93968,36.383,0
21.556,19.248,0,0.91192,36.619,0
21.556,19.34,0,0.8825,36.845,0
21.701,19.428,0.25984,0.85932,37.104,0
21.701,19.514,0,0.83159,37.327,0
21.738,19.597,0.33244,0.80607,37.546,0
21.738,19.678,0,0.78557,37.756,0
21.802,19.756,0.34064,0.76756,37.956,0
21.836,19.833,0.30916,0.75008,38.162,0
21.836,19.908,0,0.72904,38.359,0
21.836,19.981,0,0.71069,38.548,0
21.836,20.052,0,0.69188,38.73,0
21.836,20.121,0,0.67443,38.905,0
21.95,20.188,0.22958,0.65446,39.097,0
21.95,20.254,0,0.6349,39.27,0
21.95,20.317,0,0.62091,39.437,0
22.023,20.38,0.29011,0.6079,39.61,0
22.023,20.44,0,0.59522,39.771,0
22.023,20.5,0,0.58088,39.927,0
22.023,20.558,0,0.56909,40.076,0
22.023,20.615,0,0.55595,40.22,0
22.023,20.67,0,0.54427,40.358,0
22.181,20.725,0.25337,0.53481,40.545,0
22.181,20.778,0,0.52234,40.688,0
22.181,20.831,0,0.51172,40.826,0
22.246,20.882,0.09954,0.49929,40.977,0
22.246,20.932,0,0.48131,41.111,0
22.246,20.98,0,0.46584,41.24,0
22.246,21.026,0,0.45485,41.365,0
22.276,21.072,0.11367,0.43891,41.496,0
22.276,21.116,0,0.42971,41.614,0
22.316,21.159,0.14491,0.4213,41.748,0
22.316,21.201,0,0.41178,41.862,0
22.316,21.242,0,0.40322,41.971,0
22.378,21.282,0.31141,0.39816,42.095,0
22.378,21.322,0,0.394,42.203,0
22.441,21.362,0.40916,0.39165,42.325,0
22.441,21.401,0,0.39283,42.431,0
22.523,21.44,0.49461,0.3922,42.526,0
22.523,21.479,0,0.39826,42.633,0
22.523,21.519,0,0.40294,42.735,0
22.523,21.559,0,0.40414,42.833,0
22.523,21.6,0,0.40792,42.928,0
22.786,21.641,0.78423,0.4132,43.084,0
22.868,21.682,0.88723,0.42764,43.21,0
22.954,21.725,0.91996,0.44273,43.337,0
22.954,21.769,0,0.45611,43.458,0
22.954,21.815,0,0.47396,43.574,0
22.954,21.862,0,0.49014,43.685,0
22.954,21.911,0,0.50606,43.792,0
23.412,21.962,1.0405,0.5202,44.008,0
23.508,22.014,1.11,0.53551,44.159,0
23.508,22.067,0,0.55645,44.306,0
23.508,22.123,0,0.57374,44.447,0
23.508,22.18,0,0.59319,44.583,0
23.508,22.239,0,0.61324,44.713,0
23.508,22.301,0,0.63485,44.837,0
23.508,22.364,0,0.65636,44.954,0
24.329,22.43,1.2106,0.67552,45.367,0
24.329,22.497,0,0.69146,45.554,0
24.564,22.567,1.3016,0.70867,45.76,0
24.7,22.637,1.3514,0.73076,45.953,0.18039
24.834,22.711,1.428,0.75121,46.169,0.49737
24.834,22.786,0,0.77208,46.377,0
25.123,22.863,1.3873,0.79741,46.597,0.31188
25.264,22.943,1.3273,0.81806,46.835,0.050709
25.397,23.024,1.2498,0.83446,47.061,0
25.397,23.108,0,0.8477,47.295,0
25.397,23.193,0,0.85674,47.519,0
25.397,23.278,0,0.86386,47.735,0
25.88,23.365,1.3286,0.87961,48.047,0.064519
25.88,23.453,0,0.89343,48.295,0
25.88,23.542,0,0.90856,48.533,0
26.29,23.633,1.4444,0.92461,48.822,0.60917
26.444,23.725,1.2849,0.94422,49.082,0
26.444,23.82,0,0.95475,49.349,0
26.444,23.915,0,0.956,49.607,0
26.793,24.011,1.0715,0.96141,49.909,0
26.793,24.107,0,0.96255,50.183,0
26.999,24.203,1.2738,0.96281,50.467,0
26.999,24.299,0,0.96947,50.742,0
26.999,24.396,0,0.98748,51.007,0
26.999,24.495,0,1.0045,51.262,0
27.58,24.596,1.5553,1.0209,51.625,1.307
27.58,24.698,0,1.0392,51.918,0
27.58,24.802,0,1.0529,52.201,0
27.58,24.907,0,1.0645,52.474,0
27.58,25.013,0,1.0753,52.736,0
27.58,25.121,0,1.0869,52.987,0
27.58,25.23,0,1.0967,53.227,0
27.58,25.339,0,1.1062,53.457,0
27.58,25.45,0,1.1155,53.675,0
28.908,25.561,1.3897,1.1262,54.48,0.63822
29.038,25.674,1.3442,1.13,54.811,0.42333
29.038,25.787,0,4.8,55.142,18.912
29.32,26.267,1.31,0.9976,55.464,0.42298
29.32,26.367,0,1.0033,55.764,0
29.58,26.467,1.34,4.8,56.082,5.8416
29.58,26.947,0,0.87692,56.37,0
29.84,27.035,1.3616,0.8902,56.657,0.83267
29.84,27.124,0,4.8,56.933,22.051
29.84,27.604,0,0.77493,57.181,0
29.84,27.681,0,0.79122,57.4,0
30.374,27.76,1.394,0.80698,57.732,1.115
30.374,27.841,0,4.8,57.989,23.14
30.374,28.321,0,0.70354,58.218,0
30.374,28.392,0,0.72752,58.42,0
30.96,28.464,1.4314,4.8,58.722,7.8045
31.103,28.944,1.408,0.63326,58.958,1.2907
31.103,29.008,0,0.6556,59.171,0
31.103,29.073,0,0.67923,59.377,0
31.103,29.141,0,-2,59.577,50.431
31.664,28.941,1.4229,4.8,59.914,6.8821
31.664,29.421,0,-2,60.162,60.773
31.664,29.221,0,-2,60.396,69.503
31.664,29.021,0,4.8,60.65,22.489
32.193,29.501,1.0867,-2,60.982,89.387
32.31,29.301,0.90759,-2,61.265,102.95
32.397,29.101,0.68303,-2,61.581,119.52
32.397,28.901,0,4.8,61.92,17.501
32.397,29.381,0,-2,62.246,103.35
32.397,29.181,0,-2,62.558,119.49
32.555,28.981,0.090363,4.8,62.927,15.912
32.555,29.461,0,-2,63.261,109.29
32.555,29.261,0,-2,63.58,126.6
32.555,29.061,0,-2,63.92,147.48
32.555,28.861,0,4.8,64.279,16.372
32.555,29.341,0,-2,64.624,119.3
32.555,29.141,0,-2,64.956,138.63
32.738,28.941,-0.073594,4.8,65.372,16.731
32.738,29.421,0,-2,65.728,128.81
32.738,29.221,0,-2,66.07,150.17
32.738,29.021,0,4.8,66.431,16.241
32.584,29.501,-0.818,-2,66.746,137.82
32.5,29.301,-0.95916,-2,67.065,183.98
32.402,29.101,-1.1524,-2,67.395,323.71
32.402,28.901,0,4.8,67.735,17.47
32.402,29.381,0,-2,68.061,103.75
31.96,29.181,-2.7507,-2,68.316,0
31.693,28.981,-3.7529,4.8,68.594,130.89
31.314,29.461,-4.7956,-2,68.813,0
31.314,29.261,0,-2,69.009,53.563
31.314,29.061,0,-2,69.224,61.19
29.599,28.861,-6.6523,4.8,69.227,394.74
29.599,29.341,0,-2,69.277,15.918
29.599,29.141,0,-2,69.312,18.325
29.599,28.941,0,4.8,69.368,34.694
27.16,29.421,-5.2364,-2,68.909,0
27.16,29.221,0,-2,68.693,3.1766
27.16,29.021,0,4.8,68.496,51.087
27.16,29.501,0,-2,68.286,2.861
24.989,29.301,-5.4253,-2,67.628,656.53
24.456,29.101,-4.9655,-2,67.185,314.15
23.954,28.901,-4.424,4.8,66.697,220.17
23.954,29.381,0,-2,66.179,7.8529
23.954,29.181,0,-2,65.646,7.1965
23.954,28.981,0,4.8,65.133,72.695
23.954,29.461,0,-2,64.606,8.1247
23.954,29.261,0,-2,64.065,7.455
23.954,29.061,0,-2,63.545,6.8191
23.954,28.861,0,4.8,63.044,71.86
23.954,29.341,0,-2,62.529,7.719
23.954,29.141,0,-2,62,7.0693
23.954,28.941,0,4.8,61.492,72.416
23.954,29.421,0,-0.59203,60.969,17.502
23.954,29.362,0,-0.61436,60.425,17.021
23.954,29.3,0,-0.63502,59.887,16.546
23.954,29.237,0,-0.652,59.356,16.096
23.954,29.172,0,-0.66603,58.831,15.664
23.954,29.105,0,-0.67549,58.312,15.266
23.954,29.038,0,-0.6815,57.8,14.892
20.74,28.969,0.60304,-0.68746,53.169,24.519
20.798,28.901,0.54409,-0.69265,52.352,24.452
20.843,28.831,0.58488,-0.69896,51.539,23.378
20.843,28.762,0,-0.70451,50.743,29.819
20.843,28.691,0,-0.70931,49.955,29.366
20.843,28.62,0,-0.71574,49.174,28.897
20.843,28.549,0,-0.72335,48.4,28.414
20.998,28.476,-0.19848,-0.73372,47.691,29.618
20.998,28.403,0,-0.74634,46.947,26.491
20.998,28.328,0,-0.75641,46.211,25.979
20.998,28.253,0,-0.7593,45.481,25.531
21.164,28.177,1.9987,-0.75534,44.758,9.1786
21.356,28.101,2.6884,-0.74325,44.067,6.6417
21.356,28.027,0,-0.7212,43.397,22.681
21.928,27.955,3.1789,-0.69344,42.782,5.3112
22.24,27.885,3.2086,-0.66261,42.199,5.0301
22.568,27.819,3.1774,-0.62831,41.646,4.7808
22.568,27.756,0,-0.59383,41.124,16.092
22.568,27.697,0,-0.55933,40.608,16.075
22.568,27.641,0,-0.52324,40.098,16.089
22.568,27.589,0,-0.4859,39.593,16.13
24.085,27.54,2.9504,-0.44706,39.458,4.1563
24.085,27.495,0,-0.40883,39.115,9.2669
24.664,27.454,3.0313,-0.36942,38.833,4.6875
24.664,27.417,0,-0.32742,38.556,7.0956
25.275,27.385,3.0789,-0.28432,38.351,5.4768
25.275,27.356,0,-0.24142,38.141,5.0548
25.86,27.332,2.6311,-0.20103,38.003,4.3426
25.86,27.312,0,-0.16289,37.857,3.3067
25.86,27.296,0,-0.12931,37.712,3.4049
26.577,27.283,2.0376,-0.097555,37.673,2.7667
26.577,27.273,0,-0.067309,37.603,1.4616
27.001,27.266,2.1235,-0.036814,37.568,3.571
27.207,27.263,2.1517,-0.0077222,37.553,3.9833
27.425,27.262,2.1701,0.035416,37.566,4.3153
27.425,27.265,0,0.081949,37.583,0
27.425,27.274,0,0.12762,37.598,0
28.079,27.286,2.136,0.17235,37.718,4.8669
28.293,27.304,2.1074,0.21546,37.81,4.9694
28.293,27.325,0,0.25741,37.908,0
28.293,27.351,0,0.29791,38.003,0
28.293,27.381,0,0.33909,38.096,0
29.147,27.415,2.133,0.37951,38.354,6.2989
29.147,27.453,0,0.41758,38.525,0
29.147,27.494,0,0.45725,38.692,0
29.797,27.54,2.1778,0.4976,38.953,7.6207
30.014,27.59,2.1445,0.53549,39.178,7.7356
30.225,27.643,2.1132,0.57149,39.423,7.8474
30.225,27.701,0,0.60663,39.678,0
30.225,27.761,0,0.64229,39.927,0
30.225,27.825,0,0.67518,40.171,0
30.225,27.893,0,0.7108,40.407,0
30.225,27.964,0,0.74724,40.637,0
31.507,28.039,2.2058,0.78059,41.234,10.734
31.729,28.117,2.1957,0.81533,41.596,11.035
31.947,28.198,2.2091,0.84879,41.965,11.526
31.947,28.283,0,0.88301,42.336,0
31.947,28.372,0,0.91447,42.698,0
31.947,28.463,0,0.94623,43.051,0
31.947,28.558,0,0.97665,43.394,0
33.023,28.655,2.1364,1.0041,43.992,12.665
33.236,28.756,2.1826,1.0333,44.443,13.417
33.236,28.859,0,1.0654,44.886,0
33.236,28.966,0,1.0934,45.318,0
33.236,29.075,0,1.1226,45.74,0
33.236,29.187,0,1.1553,46.15,0
34.358,29.303,2.2385,1.184,46.841,15.762
34.358,29.421,0,1.2142,47.341,0
34.358,29.542,0,1.2413,47.828,0
35.036,29.667,2.1705,1.2679,48.388,16.14
35.246,29.793,2.1757,1.2912,48.938,16.451
35.246,29.923,0,1.318,49.476,0
35.69,30.054,2.1583,1.3417,50.035,16.895
35.69,30.189,0,1.3662,50.592,0
35.69,30.325,0,1.3883,51.136,0
35.69,30.464,0,1.4114,51.665,0
36.565,30.605,2.0382,1.4331,52.356,16.745
36.565,30.748,0,1.4514,52.945,0
36.565,30.894,0,1.4661,53.519,0
37.154,31.04,1.8352,1.48,54.167,15.119
37.331,31.188,1.7639,1.4903,54.784,14.453
37.331,31.337,0,1.4998,55.391,0
37.331,31.487,0,1.5039,55.983,0
37.811,31.638,1.4392,1.5059,56.628,11.184
37.956,31.788,1.3471,1.5071,57.238,10.23
37.956,31.939,0,1.5061,57.847,0
38.216,32.089,1.3556,1.5019,58.476,10.071
38.357,32.24,1.3028,1.5017,59.081,9.4991
38.357,32.39,0,1.4964,59.685,0
38.357,32.539,0,1.4949,60.274,0
38.357,32.689,0,1.4912,60.849,0
38.845,32.838,0.96882,1.4819,61.502,5.9649
38.95,32.986,0.95561,1.4732,62.106,5.6988
38.95,33.134,0,1.4633,62.695,0
38.95,33.28,0,1.449,63.269,0
38.95,33.425,0,1.4379,63.829,0
38.95,33.569,0,1.4275,64.374,0
38.95,33.711,0,1.4183,64.905,0
38.95,33.853,0,1.4071,65.422,0
39.639,33.994,1.0946,1.4026,66.153,5.8725
39.757,34.134,1.1477,-2,66.709,444.72
39.757,33.934,0,-2,67.281,0
39.976,33.734,1.0428,-2,67.897,848.17
39.976,33.534,0,-2,68.532,0
39.976,33.334,0,-2,69.186,0
40.264,33.134,0.92057,-2,69.896,0
40.264,32.934,0,-2,70.619,0
40.457,32.734,0.92834,-2,71.382,0
40.457,32.534,0,-2,72.164,0
40.457,32.334,0,-2,72.967,0
40.457,32.134,0,-2,73.789,0
40.839,31.934,0.95818,-2,74.711,0
40.936,31.734,0.95569,-2,75.621,0
40.936,31.534,0,-2,76.551,0
40.936,31.334,0,-2,77.501,0
40.936,31.134,0,-2,78.471,0
