31.389,31.389,0.036478,0,35.5,0
31.389,31.389,0,-0.00060166,35.5,0
31.387,31.389,-0.027987,-0.00032775,35.496,0.063969
31.387,31.389,0,-0.00038714,35.496,0.0029066
31.391,31.389,-0.037972,0.00039115,35.509,0.079201
31.391,31.389,0,-0.00020525,35.509,0
31.391,31.389,0,-0.0017098,35.51,0
31.391,31.389,0,-0.0030735,35.51,0
31.361,31.388,-0.12832,-0.0049182,35.494,0.36427
31.361,31.388,0,-0.0057638,35.492,0.04384
31.361,31.387,0,-0.0086059,35.489,0.036593
31.361,31.386,0,-0.012109,35.486,0.027421
31.361,31.385,0,-0.013401,35.484,0.022227
31.29,31.384,-0.1069,-0.016675,35.456,0.42901
31.289,31.382,-0.10347,-0.016654,35.444,0.41909
31.289,31.38,0,-0.017532,35.435,0.1536
31.289,31.379,0,-0.017318,35.426,0.15037
31.289,31.377,0,-0.019292,35.417,0.14231
31.259,31.375,-0.078192,-0.020731,35.399,0.39232
31.259,31.373,0,-0.022072,35.387,0.19076
31.259,31.371,0,-0.022065,35.376,0.18607
31.233,31.369,-0.15432,-0.024148,35.372,0.64969
31.233,31.366,0,-0.026579,35.358,0.22044
31.186,31.364,-0.24545,-0.031688,35.353,1.0471
31.154,31.36,-0.28113,-0.03687,35.329,1.2462
31.154,31.357,0,-0.040362,35.308,0.33921
31.104,31.353,-0.30558,-0.044438,35.283,1.4388
31.104,31.348,0,-0.048074,35.259,0.4113
31.104,31.343,0,-0.054267,35.234,0.38562
31.009,31.338,-0.34155,-0.05904,35.196,1.7793
31.009,31.332,0,-0.062421,35.163,0.55282
31.009,31.326,0,-0.068591,35.132,0.52298
30.905,31.319,-0.35653,-0.074812,35.077,2.0508
30.905,31.311,0,-0.07955,35.036,0.70186
30.905,31.303,0,-0.083624,34.996,0.67255
30.905,31.295,0,-0.088176,34.956,0.64136
30.769,31.286,-0.32029,-0.094111,34.884,2.1236
30.769,31.277,0,-0.099049,34.833,0.88681
30.704,31.267,-0.26024,-0.10288,34.771,1.9572
30.704,31.257,0,-0.10758,34.715,0.97032
30.639,31.246,-0.22726,-0.11155,34.642,1.9136
30.621,31.235,-0.23318,-0.11299,34.588,1.9526
30.621,31.224,0,-0.11621,34.527,1.0665
30.621,31.212,0,-0.11694,34.467,1.0358
30.561,31.2,-0.2803,-0.11848,34.422,2.2173
30.561,31.188,0,-0.12119,34.359,1.1133
30.561,31.176,0,-0.12576,34.297,1.0699
30.561,31.164,0,-0.129,34.236,1.0298
30.441,31.151,-0.33416,-0.13305,34.162,2.6397
30.441,31.137,0,-0.13797,34.092,1.236
30.372,31.124,-0.33967,-0.14166,34.022,2.7657
30.341,31.109,-0.34672,-0.1454,33.954,2.8434
30.305,31.095,-0.34153,-0.1499,33.872,2.8662
30.273,31.08,-0.34022,-0.1537,33.786,2.8989
30.273,31.065,0,-0.15623,33.706,1.4216
30.211,31.049,-0.3571,-0.1606,33.626,3.0582
30.211,31.033,0,-0.16524,33.543,1.47
30.144,31.016,-0.36083,-0.16843,33.465,3.1597
30.114,31,-0.34935,-0.1715,33.384,3.1277
30.114,30.982,0,-0.17496,33.297,1.56
30.045,30.965,-0.32833,-0.17956,33.203,3.0948
30.045,30.947,0,-0.18496,33.112,1.6154
29.967,30.928,-0.34363,-0.18929,33.016,3.273
29.938,30.91,-0.34575,-0.19199,32.917,3.3041
29.911,30.89,-0.33782,-0.19429,32.826,3.2769
29.911,30.871,0,-0.19633,32.729,1.731
29.911,30.851,0,-0.19844,32.634,1.6719
29.911,30.831,0,-0.20356,32.541,1.603
29.794,30.811,-0.29645,-0.20516,32.448,3.1356
29.794,30.791,0,-0.20854,32.347,1.7884
29.728,30.77,-0.28108,-0.21217,32.224,3.1051
29.691,30.748,-0.23652,-0.21656,32.113,2.9169
29.691,30.727,0,-0.2186,32.008,1.8602
29.634,30.705,-0.2196,-0.22129,31.894,2.855
29.634,30.683,0,-0.22191,31.788,1.8816
29.634,30.661,0,-0.22393,31.685,1.815
29.634,30.638,0,-0.22504,31.583,1.7517
29.55,30.616,-0.12212,-0.22436,31.477,2.3902
29.529,30.593,-0.11525,-0.22511,31.374,2.3544
29.529,30.571,0,-0.22179,31.269,1.8635
29.529,30.549,0,-0.21907,31.166,1.8132
29.529,30.527,0,-0.2163,31.065,1.764
29.511,30.505,-0.021395,-0.21418,30.975,1.8372
29.511,30.484,0,-0.20988,30.876,1.7203
29.506,30.463,-0.021636,-0.20793,30.782,1.7582
29.506,30.442,0,-0.20653,30.687,1.6342
29.506,30.421,0,-0.20147,30.595,1.5967
29.5,30.401,0.034035,-0.19801,30.528,1.4613
29.5,30.381,0,-0.1958,30.439,1.5257
29.493,30.362,0.080063,-0.19237,30.363,1.2622
29.493,30.342,0,-0.18492,30.278,1.4788
29.493,30.324,0,-0.17794,30.194,1.4534
29.493,30.306,0,-0.17238,30.111,1.4253
29.493,30.289,0,-0.16401,30.031,1.4075
29.493,30.273,0,-0.15809,29.952,1.3841
29.586,30.257,0.15462,-0.15176,29.909,0.73245
29.586,30.242,0,-0.14383,29.843,1.1171
29.62,30.227,0.060824,-0.1381,29.78,0.84857
29.618,30.213,0.0018859,-0.13598,29.719,0.98833
29.625,30.2,-0.023827,-0.13166,29.651,1.0249
29.62,30.187,-0.029084,-0.13003,29.602,1.0247
29.627,30.174,-0.039754,-0.1258,29.542,1.0197
29.627,30.161,0,-0.12602,29.488,0.87394
29.62,30.148,0.02192,-0.12238,29.432,0.81242
29.62,30.136,0,-0.12029,29.38,0.84875
29.633,30.124,0.053928,-0.11413,29.342,0.66609
29.633,30.113,0,-0.11223,29.293,0.78398
29.644,30.101,0.08924,-0.1067,29.248,0.52711
29.644,30.091,0,-0.1017,29.202,0.73462
29.644,30.081,0,-0.097925,29.158,0.72103
29.67,30.071,0.14893,-0.094081,29.123,0.31617
29.682,30.061,0.18124,-0.089305,29.084,0.22715
29.682,30.053,0,-0.083076,29.046,0.60885
29.682,30.044,0,-0.07736,29.009,0.60463
29.682,30.036,0,-0.074162,28.973,0.59521
29.682,30.029,0,-0.070482,28.938,0.58777
29.682,30.022,0,-0.063745,28.904,0.58909
29.682,30.016,0,-0.056944,28.87,0.59219
29.791,30.01,0.21477,-0.052113,28.883,0
29.791,30.005,0,-0.044944,28.861,0.35344
29.791,30,0,-0.037147,28.84,0.36234
29.791,29.997,0,-0.030533,28.819,0.37022
29.791,29.993,0,-0.024535,28.798,0.37816
29.791,29.991,0,-0.017575,28.778,0.38995
29.791,29.989,0,-0.0081381,28.758,0.40973
29.986,29.988,0.32011,-0.00054308,28.789,0
29.986,29.988,0,0.0054582,28.788,0.016131
29.986,29.989,0,0.010235,28.788,0.027516
29.986,29.99,0,0.015338,28.788,0.040741
30.125,29.991,0.30693,0.019466,28.807,0
30.125,29.993,0,0.022654,28.82,0
30.125,29.996,0,0.026756,28.833,0
30.202,29.998,0.29368,0.029831,28.865,0
30.202,30.001,0,0.033532,28.885,0
30.254,30.005,0.31401,0.036519,28.898,0
30.282,30.008,0.33011,0.040083,28.927,0
30.282,30.012,0,0.044783,28.955,0
30.282,30.017,0,0.04925,28.981,0
30.282,30.022,0,0.054857,29.008,0
30.282,30.027,0,0.060547,29.033,0
30.471,30.033,0.34548,0.064338,29.104,0
30.471,30.04,0,0.067662,29.147,0
30.471,30.047,0,0.070553,29.19,0
30.561,30.054,0.34475,0.074937,29.244,0
30.561,30.061,0,0.078264,29.295,0
30.624,30.069,0.34824,0.08216,29.343,0
30.624,30.077,0,0.086568,29.398,0
30.705,30.086,0.35421,0.091845,29.454,0
30.705,30.095,0,0.095897,29.516,0
30.705,30.105,0,0.10116,29.576,0
30.816,30.115,0.3319,0.10441,29.649,0
30.816,30.125,0,0.10757,29.719,0
30.816,30.136,0,0.10939,29.787,0
30.816,30.147,0,0.11311,29.855,0
30.933,30.158,0.19714,0.11609,29.946,0
30.933,30.17,0,0.11832,30.023,0
30.933,30.182,0,0.11793,30.098,0
30.974,30.193,0.1344,0.11758,30.172,0
30.974,30.205,0,0.11782,30.249,0
30.974,30.217,0,0.11712,30.326,0
30.974,30.229,0,0.11797,30.401,0
31.036,30.24,0.1908,0.12059,30.486,0
31.047,30.252,0.19742,0.12063,30.575,0
31.068,30.265,0.22347,0.12225,30.66,0
31.068,30.277,0,0.12421,30.74,0
31.068,30.289,0,0.1246,30.819,0
31.068,30.302,0,0.12785,30.896,0
31.068,30.314,0,0.13145,30.972,0
31.068,30.328,0,0.13255,31.047,0
31.068,30.341,0,0.13532,31.12,0
31.068,30.354,0,0.13746,31.192,0
31.068,30.368,0,0.14032,31.263,0
31.068,30.382,0,0.14161,31.332,0
31.068,30.396,0,0.14274,31.4,0
31.068,30.411,0,0.1463,31.466,0
31.068,30.425,0,0.14972,31.531,0
31.413,30.44,0.29792,0.15166,31.831,0
31.413,30.455,0,0.15409,31.928,0
31.413,30.471,0,0.1557,32.023,0
31.413,30.486,0,0.15786,32.116,0
31.521,30.502,0.26071,0.16001,32.225,0
31.521,30.518,0,0.16125,32.326,0
31.558,30.534,0.15935,0.16133,32.418,0
31.558,30.55,0,0.16083,32.52,0
31.558,30.566,0,0.16131,32.62,0
31.597,30.583,-0.00804,0.16087,32.745,0
31.597,30.599,0,0.15709,32.846,0
31.576,30.614,-0.040732,0.15299,32.945,0
31.581,30.63,-0.015046,0.15168,33.036,0
31.581,30.645,0,0.15036,33.13,0
31.593,30.66,0.006307,0.14927,33.228,0
31.593,30.675,0,0.14881,33.321,0
31.593,30.69,0,0.14863,33.412,0
31.593,30.705,0,0.14739,33.501,0
31.641,30.719,0.15881,0.1484,33.597,0
31.666,30.734,0.21139,0.15029,33.68,0
31.666,30.749,0,0.14988,33.773,0
31.699,30.764,0.23604,0.15122,33.862,0
31.699,30.779,0,0.15425,33.955,0
31.699,30.795,0,0.15535,34.046,0
31.77,30.81,0.26096,0.15607,34.147,0
31.77,30.826,0,0.157,34.242,0
31.77,30.842,0,0.15906,34.336,0
31.854,30.857,0.33027,0.16276,34.445,0
31.892,30.874,0.33905,0.1666,34.54,0
31.892,30.89,0,0.1685,34.641,0
31.892,30.907,0,0.1705,34.74,0
31.988,30.924,0.33433,0.17505,34.852,0
31.988,30.942,0,0.17926,34.958,0
31.988,30.96,0,0.18341,35.062,0
31.988,30.978,0,0.18525,35.164,0
32.127,30.997,0.33541,0.1872,35.274,0
32.127,31.015,0,0.18868,35.386,0
32.127,31.034,0,0.19081,35.496,0
32.225,31.053,0.36646,0.19526,35.624,0
32.262,31.073,0.38486,0.19855,35.736,0
32.262,31.093,0,0.2016,35.854,0
32.262,31.113,0,0.20607,35.97,0
32.262,31.133,0,0.20855,36.084,0
32.262,31.154,0,0.21145,36.196,0
32.262,31.175,0,0.21607,36.306,0
32.262,31.197,0,0.21967,36.414,0
32.262,31.219,0,0.22327,36.519,0
32.262,31.241,0,0.22685,36.622,0
32.262,31.264,0,0.23105,36.723,0
32.262,31.287,0,0.23528,36.822,0
32.262,31.311,0,0.23955,36.918,0
32.262,31.335,0,0.24247,37.012,0
32.262,31.359,0,0.24749,37.104,0
32.262,31.384,0,0.25279,37.193,0
32.262,31.409,0,0.25645,37.28,0
32.945,31.434,0.42194,0.26063,37.915,0
32.994,31.461,0.42638,0.26519,38.066,0
32.994,31.487,0,0.26946,38.219,0
33.077,31.514,0.43208,0.27144,38.371,0
33.077,31.541,0,0.27486,38.526,0
33.077,31.569,0,0.27977,38.679,0
33.227,31.597,0.44132,0.28501,38.85,0
33.271,31.625,0.42317,0.2883,39.01,0
33.271,31.654,0,0.29172,39.173,0
33.271,31.683,0,0.29377,39.334,0
33.271,31.712,0,0.29371,39.491,0
33.271,31.742,0,0.29213,39.645,0
33.423,31.771,0.2348,0.29258,39.834,0
33.423,31.8,0,0.29215,39.998,0
33.464,31.83,0.2897,0.29074,40.174,0
33.464,31.859,0,0.2924,40.336,0
33.464,31.888,0,0.2918,40.495,0
33.564,31.917,0.30706,0.29476,40.66,0
33.602,31.946,0.31007,0.29704,40.833,0
33.602,31.976,0,0.2973,40.997,0
33.663,32.006,0.36192,0.29853,41.168,0
33.705,32.036,0.39455,0.30123,41.33,0
33.705,32.066,0,0.30352,41.495,0
33.705,32.096,0,0.30506,41.658,0
33.705,32.127,0,0.3074,41.817,0
33.705,32.158,0,0.30999,41.973,0
33.914,32.189,0.43299,0.31445,42.156,0
33.914,32.22,0,0.31598,42.327,0
33.914,32.252,0,0.3179,42.495,0
34.04,32.283,0.44045,0.32201,42.675,0
34.09,32.316,0.43194,0.32605,42.849,0
34.09,32.348,0,0.32784,43.025,0
34.09,32.381,0,0.33164,43.197,0
34.09,32.414,0,0.33322,43.366,0
34.25,32.447,0.45664,0.33391,43.57,0
34.25,32.481,0,0.33838,43.748,0
34.25,32.515,0,0.34065,43.924,0
34.25,32.549,0,0.34311,44.095,0
34.25,32.583,0,0.34718,44.264,0
34.502,32.618,0.62233,0.35225,44.461,0
34.566,32.653,0.568,0.35835,44.646,0
34.566,32.689,0,0.36455,44.836,0
34.566,32.725,0,0.36617,45.022,0
34.566,32.762,0,0.36681,45.204,0
34.566,32.799,0,0.3671,45.383,0
34.784,32.835,0.48865,0.36842,45.6,0
34.784,32.872,0,0.37201,45.793,0
34.905,32.909,0.8926,0.37886,46.004,0.27465
34.905,32.947,0,0.38967,46.201,0
34.905,32.986,0,0.40498,46.395,0
34.905,33.027,0,0.42191,46.585,0
34.905,33.069,0,0.43854,46.771,0
35.476,33.113,1.182,0.45334,47.078,2.1246
35.596,33.158,1.1543,0.46848,47.308,2.0748
35.596,33.205,0,0.48187,47.549,0
35.596,33.253,0,0.49477,47.786,0
35.596,33.303,0,0.51022,48.018,0
36.051,33.354,1.1011,0.52352,48.369,2.1424
36.051,33.406,0,0.53686,48.636,0
36.051,33.46,0,0.55128,48.898,0
36.408,33.515,1.1554,0.56566,49.203,2.7788
36.408,33.571,0,0.57974,49.49,0
36.408,33.629,0,0.59253,49.771,0
36.408,33.689,0,0.60693,50.046,0
36.408,33.749,0,0.61764,50.314,0
36.994,33.811,1.042,0.63014,50.731,2.5426
36.994,33.874,0,0.64115,51.046,0
36.994,33.938,0,0.64924,51.355,0
36.994,34.003,0,0.65895,51.657,0
36.994,34.069,0,0.66855,51.953,0
37.521,34.136,1.1342,0.67874,52.39,3.4717
37.627,34.204,1.1186,0.68796,52.727,3.4304
37.627,34.272,0,0.69647,53.066,0
37.627,34.342,0,0.70436,53.398,0
37.627,34.413,0,0.71314,53.722,0
37.627,34.484,0,0.72337,54.04,0
38.157,34.556,1.12,0.73256,54.499,3.7359
38.157,34.629,0,0.74059,54.855,0
38.379,34.704,1.1741,0.75129,55.226,4.2529
38.379,34.779,0,0.76299,55.589,0
38.629,34.855,1.1442,0.77507,55.966,4.2339
38.749,34.932,1.1744,0.78556,56.348,4.5351
38.749,35.011,0,0.79583,56.726,0
38.749,35.091,0,0.80489,57.095,0
38.749,35.171,0,0.81493,57.457,0
38.749,35.253,0,0.82345,57.811,0
39.341,35.335,1.1378,0.83392,58.309,4.6264
39.454,35.418,1.0977,0.84192,58.713,4.3784
39.561,35.502,1.0401,0.8485,59.113,3.9881
39.671,35.587,1.0448,0.85555,59.523,4.0608
39.78,35.673,1.072,0.8622,59.923,4.3008
39.78,35.759,0,0.86904,60.329,0
39.994,35.846,1.1064,0.87448,60.761,4.6149
39.994,35.933,0,0.88143,61.172,0
40.221,36.022,1.1673,0.88888,61.598,5.1691
40.221,36.11,0,0.89521,62.013,0
40.221,36.2,0,0.89677,62.42,0
40.221,36.29,0,0.89275,62.817,0
40.221,36.379,0,0.87701,63.206,0
40.395,36.467,-1.8682,0.8392,63.68,1.0464
40.395,36.551,0,0.78095,64.069,0
40.395,36.629,0,0.70622,64.45,0
39.582,36.699,-3.7992,0.61798,64.714,116.33
39.582,36.761,0,0.52477,64.999,0
39.582,36.814,0,0.43339,65.278,0
38.441,36.857,-4.0323,0.34042,65.394,142.77
38.038,36.891,-4.1985,0.24651,65.522,167.99
38.038,36.916,0,0.15137,65.635,0
38.038,36.931,0,0.05007,65.747,0
38.038,36.936,0,-0.020925,65.857,0
38.038,36.934,0,-0.061631,65.968,0
38.038,36.928,0,-0.10397,66.078,0
38.038,36.917,0,-0.14605,66.19,0
38.038,36.903,0,-0.18857,66.303,0
38.038,36.884,0,-0.22971,66.417,0
38.038,36.861,0,-0.27055,66.534,0
32.912,36.834,-5.1085,-0.31112,64.2,249.8
32.912,36.803,0,-0.35288,63.809,11.766
32.912,36.767,0,-0.39371,63.422,11.312
31.49,36.728,-3.2434,-0.42938,62.816,96.409
31.156,36.685,-2.2037,-0.45911,62.279,59.886
31.156,36.639,0,-0.4802,61.728,18.513
31.156,36.591,0,-0.4923,61.182,18.165
30.773,36.542,-0.20446,-0.49955,60.566,22.189
30.758,36.492,-0.29432,-0.50352,59.997,23.059
30.735,36.441,-0.56234,-0.50831,59.429,26.427
30.669,36.391,-1.0675,-0.51695,58.862,34.46
30.669,36.339,0,-0.52991,58.293,19.057
30.428,36.286,-1.3096,-0.5451,57.717,39.61
30.428,36.231,0,-0.56142,57.134,19.486
30.428,36.175,0,-0.5773,56.556,19.059
30.428,36.118,0,-0.58939,55.985,18.658
30.428,36.059,0,-0.59635,55.418,18.297
30.037,35.999,0.1025,-0.60033,54.732,18.883
30.037,35.939,0,-0.60342,54.139,19.634
30.037,35.879,0,-0.60376,53.552,19.317
30.103,35.818,0.53095,-0.60395,52.98,13.771
30.103,35.758,0,-0.60128,52.412,18.377
30.103,35.698,0,-0.59724,51.849,18.103
30.103,35.638,0,-0.59156,51.293,17.847
30.377,35.579,0.79419,-0.58499,50.799,9.9546
30.377,35.52,0,-0.57862,50.282,15.994
30.53,35.462,0.70585,-0.57147,49.783,9.5604
30.53,35.405,0,-0.56462,49.292,14.797
30.669,35.349,0.66767,-0.55782,48.83,8.927
30.734,35.293,0.67808,-0.55121,48.361,8.4628
30.797,35.238,0.67295,-0.54445,47.903,8.1038
30.797,35.184,0,-0.53705,47.461,12.694
30.797,35.13,0,-0.53056,47.025,12.495
30.959,35.077,0.37846,-0.52539,46.622,8.7766
31.003,35.024,0.3185,-0.5197,46.212,8.8225
31.034,34.972,0.26892,-0.51559,45.807,8.849
31.034,34.921,0,-0.51263,45.416,10.619
31.077,34.869,0.27664,-0.50942,45.016,8.2684
31.077,34.818,0,-0.50452,44.639,10.045
31.077,34.768,0,-0.50128,44.268,9.8497
31.145,34.718,0.31033,-0.49775,43.908,7.3017
31.145,34.668,0,-0.49154,43.553,9.202
31.145,34.619,0,-0.48497,43.203,9.0388
31.145,34.57,0,-0.47843,42.858,8.8789
31.286,34.523,0.34065,-0.47195,42.549,6.0731
31.314,34.475,0.36482,-0.466,42.23,5.7227
31.354,34.429,0.41839,-0.45812,41.922,5.2199
31.354,34.383,0,-0.44862,41.617,7.4559
31.354,34.338,0,-0.43903,41.316,7.3367
31.354,34.294,0,-0.42934,41.02,7.2221
31.354,34.251,0,-0.42008,40.728,7.1093
31.601,34.209,0.65291,-0.40858,40.5,3.2034
31.601,34.168,0,-0.39517,40.241,5.9997
31.601,34.129,0,-0.38134,39.986,5.9294
31.601,34.091,0,-0.36339,39.736,5.8868
31.601,34.054,0,-0.34406,39.488,5.8583
31.601,34.02,0,-0.32412,39.245,5.8403
31.601,33.988,0,-0.30594,39.004,5.82
32.236,33.957,0.97203,-0.28524,38.944,1.2295
32.236,33.929,0,-0.26623,38.773,3.6137
32.427,33.902,0.96018,-0.24752,38.617,0.96271
32.427,33.877,0,-0.22753,38.471,3.0218
32.427,33.854,0,-0.20662,38.327,3.0398
32.734,33.834,0.97549,-0.18726,38.222,0.61025
32.834,33.815,0.98803,-0.1677,38.113,0.52123
32.933,33.798,1.0113,-0.14842,38.015,0.45423
33.041,33.783,1.0542,-0.12769,37.941,0.41976
33.041,33.771,0,-0.10791,37.867,1.4149
33.041,33.76,0,-0.088338,37.795,1.4509
33.041,33.751,0,-0.066661,37.724,1.5001
33.479,33.744,1.172,-0.045972,37.728,0.44563
33.479,33.74,0,-0.024271,37.702,0.50878
33.479,33.737,0,-0.0054999,37.676,0.55279
33.479,33.737,0,0.012021,37.65,0.59924
33.915,33.738,0.94391,0.027093,37.722,0
33.915,33.741,0,0.040868,37.739,0
34.099,33.745,0.94575,0.054093,37.768,0
34.099,33.75,0,0.066598,37.803,0
34.099,33.757,0,0.081252,37.838,0
34.377,33.765,0.93367,0.093789,37.919,0
34.462,33.774,0.89738,0.10545,37.985,0
34.462,33.785,0,0.11865,38.053,0
34.643,33.797,0.79776,0.13009,38.151,0
34.731,33.81,0.74802,0.14187,38.241,0
34.806,33.824,0.6633,0.1514,38.344,0
34.806,33.839,0,0.15927,38.441,0
34.806,33.855,0,0.16555,38.537,0
34.806,33.872,0,0.16994,38.631,0
34.99,33.889,0.082514,0.171,38.769,0
34.99,33.906,0,0.1689,38.878,0
34.994,33.923,-0.00087735,0.16686,38.984,0
34.994,33.939,0,0.16337,39.09,0
34.986,33.956,0.049869,0.16102,39.193,0
34.99,33.972,0.095467,0.15931,39.293,0
34.99,33.988,0,0.15966,39.394,0
34.99,34.004,0,0.15845,39.493,0
34.99,34.019,0,0.15788,39.591,0
34.99,34.035,0,0.15772,39.687,0
34.99,34.051,0,0.15997,39.782,0
34.99,34.067,0,0.16348,39.875,0
35.139,34.083,0.45954,0.16702,40.014,0
35.139,34.1,0,0.17216,40.119,0
35.139,34.117,0,0.17629,40.222,0
35.271,34.135,0.53482,0.18049,40.343,0
35.329,34.153,0.54628,0.18719,40.455,0
35.329,34.172,0,0.1923,40.572,0
35.329,34.191,0,0.1998,40.687,0
35.329,34.211,0,0.20543,40.8,0
35.546,34.231,0.52161,0.21072,40.96,0
35.606,34.252,0.52736,0.21731,41.094,0
35.606,34.274,0,0.22225,41.228,0
35.606,34.296,0,0.2285,41.36,0
35.78,34.319,0.63664,0.23587,41.494,0
35.78,34.343,0,0.24167,41.639,0
35.896,34.367,0.65267,0.24785,41.79,0
35.959,34.392,0.65474,0.25464,41.936,0
35.959,34.417,0,0.26158,42.092,0
36.082,34.443,0.62076,0.26733,42.263,0
36.082,34.47,0,0.27414,42.425,0
36.218,34.498,0.62337,0.28186,42.596,0
36.278,34.526,0.62075,0.28775,42.761,0
36.278,34.555,0,0.29328,42.934,0
36.278,34.584,0,0.30042,43.105,0
36.278,34.614,0,0.30731,43.273,0
36.278,34.645,0,0.31542,43.438,0
36.615,34.676,0.59248,0.32209,43.681,0
36.677,34.708,0.43095,0.32774,43.874,0
36.724,34.741,0.23991,0.33111,44.079,0
36.744,34.774,0.059001,0.32959,44.271,0
36.744,34.807,0,0.32436,44.466,0
36.744,34.84,0,0.31868,44.659,0
36.698,34.872,-0.33354,0.30773,44.836,0
36.658,34.902,-0.3521,0.29632,45.013,0
36.658,34.932,0,0.28719,45.187,0
36.658,34.961,0,0.27513,45.358,0
36.545,34.988,-0.38787,0.26417,45.499,0
36.545,35.015,0,0.2528,45.653,0
36.545,35.04,0,0.24365,45.805,0
36.427,35.064,-0.36539,0.2324,45.942,0
36.396,35.087,-0.30436,0.22344,46.077,0
36.367,35.11,-0.38054,0.21498,46.205,0
