20,20,0.5477,0,35.5,0
20,20,0,0.020497,35.5,0.044122
20,20.002,0,0.031811,35.5,0.073738
20,20.005,0,0.047678,35.5,0.11719
20.194,20.01,0.4201,0.063824,35.54,0
20.238,20.016,0.44831,0.076705,35.57,0
20.238,20.024,0,0.087872,35.592,0
20.315,20.033,0.47773,0.097559,35.616,0
20.315,20.043,0,0.11398,35.643,0
20.315,20.054,0,0.12778,35.67,0
20.315,20.067,0,0.14269,35.695,0
20.527,20.081,0.50022,0.15443,35.765,0
20.527,20.096,0,0.16522,35.809,0
20.527,20.113,0,0.17389,35.851,0
20.527,20.13,0,0.18669,35.892,0
20.527,20.149,0,0.19649,35.931,0
20.527,20.169,0,0.20293,35.967,0
20.527,20.189,0,0.20855,36.002,0
20.84,20.21,0.4917,0.218,36.142,0
20.893,20.232,0.47436,0.22858,36.205,0
20.893,20.255,0,0.23956,36.27,0
20.999,20.278,0.39779,0.24893,36.329,0
21.04,20.303,0.35978,0.25444,36.398,0
21.079,20.329,0.31077,0.25883,36.468,0
21.1,20.355,0.29127,0.25721,36.539,0
21.127,20.38,0.24457,0.25765,36.612,0
21.127,20.406,0,0.25877,36.686,0
21.173,20.432,0.22505,0.25542,36.753,0
21.173,20.458,0,0.25248,36.826,0
21.216,20.483,0.10083,0.25247,36.89,0
21.216,20.508,0,0.25022,36.962,0
21.216,20.533,0,0.24264,37.031,0
21.216,20.557,0,0.23761,37.098,0
21.216,20.581,0,0.23026,37.163,0
21.216,20.604,0,0.22008,37.225,0
21.216,20.626,0,0.21083,37.285,0
21.246,20.647,-0.058661,0.20556,37.359,0
21.246,20.668,0,0.19977,37.417,0
21.245,20.688,-0.076385,0.19127,37.474,0
21.246,20.707,-0.089411,0.18495,37.524,0
21.246,20.725,0,0.17257,37.577,0
21.246,20.743,0,0.16691,37.628,0
21.227,20.759,-0.11516,0.16045,37.666,0
21.227,20.775,0,0.15245,37.712,0
21.227,20.791,0,0.14205,37.757,0
21.227,20.805,0,0.13361,37.8,0
21.227,20.818,0,0.12708,37.841,0
21.227,20.831,0,0.12041,37.881,0
21.227,20.843,0,0.11369,37.92,0
21.227,20.854,0,0.10921,37.958,0
21.174,20.865,-0.023671,0.1057,37.934,0
21.163,20.876,-0.00047343,0.09815,37.969,0
21.165,20.886,0.027299,0.095567,37.996,0
21.165,20.895,0,0.09105,38.024,0
21.165,20.904,0,0.087132,38.05,0
21.148,20.913,-0.1069,0.080366,38.088,0
21.148,20.921,0,0.072241,38.111,0
21.148,20.928,0,0.064157,38.134,0
21.075,20.935,-0.44063,0.048014,38.135,1.2207
21.075,20.939,0,0.031334,38.149,0
20.98,20.943,-0.59973,0.012936,38.145,2.1985
20.98,20.944,0,-0.0033044,38.148,0
20.844,20.944,-0.8049,-0.010172,38.14,3.9234
20.769,20.943,-0.88555,-0.01768,38.127,4.8144
20.675,20.941,-0.92759,-0.027092,38.102,5.5167
20.675,20.938,0,-0.035596,38.076,0.48557
20.675,20.935,0,-0.045226,38.05,0.45319
20.675,20.93,0,-0.054356,38.024,0.42052
20.675,20.925,0,-0.064093,37.999,0.38502
20.192,20.918,-1.0508,-0.074741,37.859,8.5779
20.192,20.911,0,-0.085558,37.787,1.461
20.192,20.902,0,-0.096539,37.716,1.4023
20.192,20.892,0,-0.10643,37.645,1.3452
19.767,20.882,-1.0422,-0.11646,37.484,10.162
19.654,20.87,-1.019,-0.12759,37.363,10.339
19.654,20.857,0,-0.13852,37.242,2.6378
19.654,20.844,0,-0.14748,37.122,2.56
19.654,20.829,0,-0.15512,37.004,2.4858
19.293,20.813,-0.63773,-0.16303,36.811,7.7805
19.228,20.797,-0.52072,-0.16932,36.648,6.9758
19.185,20.78,-0.33747,-0.17326,36.483,5.7007
19.145,20.763,-0.32248,-0.17693,36.318,5.6685
19.145,20.745,0,-0.18053,36.157,3.7064
19.145,20.727,0,-0.18283,35.998,3.6367
19.145,20.709,0,-0.1844,35.841,3.5699
19.145,20.69,0,-0.18577,35.685,3.504
19.145,20.672,0,-0.18591,35.532,3.4435
19.145,20.653,0,-0.18674,35.38,3.3803
19.145,20.634,0,-0.18723,35.23,3.3186
18.992,20.616,-0.19508,-0.18741,34.991,4.8167
18.992,20.597,0,-0.18931,34.829,3.6823
18.992,20.578,0,-0.19004,34.669,3.6171
18.992,20.559,0,-0.19177,34.512,3.5476
18.992,20.54,0,-0.1925,34.356,3.4823
18.992,20.521,0,-0.19384,34.202,3.4145
18.992,20.501,0,-0.19475,34.05,3.3486
18.992,20.482,0,-0.19723,33.9,3.2759
18.826,20.462,-0.44694,-0.19941,33.687,6.4922
18.777,20.442,-0.47982,-0.20442,33.518,6.834
18.777,20.422,0,-0.20968,33.353,3.7179
18.777,20.401,0,-0.21312,33.189,3.6338
18.644,20.379,-0.53791,-0.21779,33.009,7.5167
18.588,20.358,-0.59864,-0.22366,32.837,8.1421
18.588,20.335,0,-0.2292,32.661,3.9634
18.482,20.312,-0.58966,-0.23519,32.463,8.2599
18.429,20.289,-0.66804,-0.24091,32.286,9.0655
18.429,20.265,0,-0.24921,32.101,4.1661
18.282,20.24,-0.87173,-0.25777,31.917,11.489
18.2,20.214,-0.87222,-0.26737,31.728,11.705
18.12,20.187,-0.84983,-0.27703,31.518,11.653
18.12,20.16,0,-0.28703,31.313,4.6744
18.12,20.131,0,-0.29416,31.11,4.54
18.12,20.101,0,-0.29621,30.911,4.4295
18.12,20.072,0,-0.2943,30.714,4.3383
17.961,20.042,-0.092744,-0.29267,30.471,5.3186
17.961,20.013,0,-0.29244,30.264,4.6918
17.929,19.984,-0.30075,-0.29466,30.053,6.5538
17.929,19.954,0,-0.29803,29.849,4.5717
17.929,19.925,0,-0.29865,29.648,4.4666
17.929,19.895,0,-0.29927,29.45,4.3621
17.929,19.865,0,-0.29972,29.255,4.259
17.929,19.835,0,-0.29953,29.063,4.1596
17.929,19.805,0,-0.29992,28.873,4.0582
17.83,19.775,-0.063246,-0.29902,28.611,4.6266
17.825,19.745,-0.073651,-0.29816,28.408,4.6
17.816,19.715,-0.10944,-0.29801,28.208,4.728
17.816,19.685,0,-0.29872,28.019,4.0435
17.786,19.656,-0.12075,-0.29882,27.84,4.682
17.786,19.626,0,-0.29755,27.654,3.9513
17.77,19.596,-0.16708,-0.29723,27.476,4.7968
17.77,19.566,0,-0.2992,27.295,3.8009
17.725,19.536,-0.072356,-0.30036,27.113,4.2072
17.725,19.506,0,-0.30017,26.934,3.7473
17.706,19.476,-0.026627,-0.29901,26.756,3.8445
17.706,19.446,0,-0.29698,26.58,3.6293
17.706,19.417,0,-0.29457,26.408,3.5453
17.706,19.387,0,-0.29426,26.238,3.4534
17.706,19.358,0,-0.29434,26.072,3.3606
17.706,19.328,0,-0.29442,25.908,3.2686
17.651,19.299,-0.10227,-0.29378,25.746,3.8422
17.651,19.269,0,-0.29429,25.583,3.2594
17.651,19.24,0,-0.29422,25.423,3.1689
17.616,19.211,0.054678,-0.29178,25.269,2.9638
17.616,19.181,0,-0.28935,25.111,3.1173
17.616,19.152,0,-0.28412,24.956,3.0507
17.616,19.124,0,-0.27887,24.804,2.9861
17.654,19.096,0.22958,-0.27329,24.639,1.9897
17.654,19.069,0,-0.26542,24.496,2.7598
17.703,19.042,0.24437,-0.2579,24.355,1.7414
17.703,19.017,0,-0.24911,24.222,2.526
17.703,18.992,0,-0.24299,24.092,2.4774
17.703,18.967,0,-0.23508,23.965,2.4373
17.798,18.944,0.25361,-0.22669,23.873,1.3529
17.817,18.921,0.2606,-0.21979,23.768,1.2614
17.817,18.899,0,-0.21017,23.659,2.0145
17.817,18.878,0,-0.20376,23.552,1.9793
17.885,18.858,0.21049,-0.19715,23.454,1.1468
17.916,18.838,0.17766,-0.18796,23.368,1.1392
17.916,18.819,0,-0.17977,23.277,1.6372
17.965,18.801,0.11551,-0.17232,23.184,1.144
17.965,18.784,0,-0.16907,23.101,1.4518
17.965,18.767,0,-0.16364,23.02,1.4255
17.965,18.751,0,-0.15973,22.941,1.3959
17.992,18.735,0.16486,-0.15579,22.871,0.85199
17.992,18.719,0,-0.1481,22.798,1.2814
17.992,18.704,0,-0.14397,22.726,1.2567
18.05,18.69,0.18964,-0.13611,22.644,0.62707
18.05,18.676,0,-0.12917,22.581,1.0871
18.093,18.663,0.1351,-0.12237,22.521,0.63009
18.111,18.651,0.14395,-0.11619,22.457,0.55991
18.111,18.64,0,-0.11212,22.404,0.8988
18.139,18.628,0.18054,-0.10586,22.363,0.40613
18.139,18.618,0,-0.10032,22.314,0.81332
18.139,18.608,0,-0.092213,22.267,0.81189
18.2,18.599,0.25134,-0.086893,22.231,0.15464
18.2,18.59,0,-0.081024,22.192,0.65748
18.2,18.582,0,-0.075544,22.153,0.6532
18.2,18.574,0,-0.070213,22.115,0.6498
18.28,18.567,0.23656,-0.063289,22.086,0.019967
18.28,18.561,0,-0.056816,22.057,0.47284
18.28,18.555,0,-0.052254,22.029,0.47149
18.28,18.55,0,-0.04543,22.002,0.47688
18.361,18.545,0.2366,-0.040816,22.014,0
18.361,18.541,0,-0.036271,21.996,0.30056
18.4,18.538,0.28451,-0.030543,21.979,0
18.4,18.535,0,-0.021404,21.966,0.23626
18.4,18.533,0,-0.013494,21.952,0.25012
18.4,18.531,0,-0.0058129,21.939,0.26539
18.4,18.531,0,-0.00071816,21.926,0.27635
18.4,18.531,0,0.0063384,21.913,0.29333
18.4,18.531,0,0.012605,21.9,0.31018
18.4,18.532,0,0.021037,21.887,0.33408
18.647,18.535,0.26935,0.028784,21.977,0
18.672,18.537,0.28792,0.034444,21.999,0
18.697,18.541,0.30384,0.040094,22.009,0
18.697,18.545,0,0.046872,22.024,0
18.697,18.55,0,0.056195,22.039,0
18.805,18.555,0.30259,0.064292,22.079,0
18.805,18.562,0,0.071857,22.104,0
18.805,18.569,0,0.075783,22.128,0
18.805,18.576,0,0.080296,22.151,0
18.913,18.584,0.15786,0.084664,22.218,0
18.928,18.593,0.1471,0.086365,22.25,0
18.928,18.601,0,0.086688,22.283,0
18.928,18.61,0,0.088614,22.315,0
18.928,18.619,0,0.090237,22.346,0
18.928,18.628,0,0.091316,22.376,0
18.993,18.637,0.10057,0.092114,22.436,0
18.993,18.646,0,0.092031,22.471,0
19.01,18.656,0.067308,0.091802,22.504,0
19.013,18.665,0.091724,0.090314,22.534,0
19.013,18.674,0,0.090581,22.568,0
19.013,18.683,0,0.091313,22.602,0
19.013,18.692,0,0.092211,22.634,0
19.056,18.701,0.047411,0.09207,22.666,0
19.068,18.71,0.025016,0.092982,22.694,0
19.068,18.72,0,0.090273,22.729,0
19.065,18.729,0.039914,0.087529,22.76,0
19.065,18.738,0,0.087394,22.794,0
19.086,18.746,0.030603,0.088335,22.82,0
19.086,18.755,0,0.089452,22.854,0
19.086,18.764,0,0.087627,22.886,0
19.086,18.773,0,0.085651,22.918,0
19.086,18.781,0,0.082122,22.949,0
19.086,18.79,-0.0020433,0.077335,22.966,0
19.08,18.797,0.0063161,0.073756,22.995,0
19.08,18.805,0,0.072786,23.023,0
19.08,18.812,0,0.067818,23.05,0
19.08,18.819,0,0.065051,23.077,0
19.046,18.825,-0.40084,0.057784,23.087,0.84585
19.046,18.831,0,0.045309,23.109,0
18.941,18.836,-0.64216,0.027516,23.106,2.2748
18.941,18.838,0,0.011306,23.116,0
18.807,18.839,-0.81466,-0.0067589,23.111,3.7362
18.807,18.839,0,-0.024512,23.108,0.014074
18.807,18.836,0,-0.041709,23.105,0
18.537,18.832,-1.0052,-0.061366,23.063,6.0898
18.537,18.826,0,-0.080697,23.034,0.43115
18.537,18.818,0,-0.10271,23.005,0.36228
18.218,18.808,-1.122,-0.12375,22.938,8.2173
18.107,18.795,-1.1309,-0.14505,22.87,8.6437
17.991,18.781,-1.1483,-0.16694,22.806,9.1784
17.991,18.764,0,-0.19025,22.728,1.2692
17.991,18.745,0,-0.2099,22.652,1.1651
17.659,18.724,-1.1153,-0.22925,22.518,9.7255
17.659,18.701,0,-0.25131,22.413,1.7667
17.659,18.676,0,-0.27244,22.31,1.6333
17.659,18.649,0,-0.29821,22.21,1.4856
17.153,18.619,-1.467,-0.32607,21.992,15.749
17.153,18.586,0,-0.35368,21.847,2.4759
16.857,18.551,-1.6381,-0.38445,21.67,19.371
16.695,18.513,-1.6973,-0.41711,21.495,20.881
16.528,18.471,-1.7585,-0.45116,21.311,22.485
16.528,18.426,0,-0.48638,21.119,3.3125
16.528,18.377,0,-0.52358,20.932,3.0238
16.528,18.325,0,-0.56179,20.75,2.7361
16.528,18.269,0,-0.60165,20.573,2.4499
16.528,18.208,0,-0.64223,20.402,2.1713
15.455,18.144,-1.8659,-0.68603,19.898,27.006
15.455,18.076,0,-0.72785,19.633,4.5262
15.455,18.003,0,-0.77401,19.374,4.1
14.907,17.925,-1.839,-0.81737,19.04,27.143
14.907,17.844,0,-0.86394,18.742,4.9316
14.907,17.757,0,-0.91238,18.453,4.4485
14.907,17.666,0,-0.95662,18.172,3.9985
14.907,17.57,0,-1.003,17.901,3.5603
14.014,17.47,-1.7688,-1.0529,17.432,25.886
14.014,17.365,0,-1.1068,17.092,5.1749
13.659,17.254,-1.7204,-1.1566,16.73,24.652
13.49,17.138,-1.7515,-1.2072,16.373,25.007
13.49,17.018,0,-1.2652,16.014,5.0486
13.49,16.891,0,-1.3225,15.667,4.4586
12.957,16.759,-1.7109,-1.3806,15.25,23.22
12.78,16.621,-1.7072,-1.4421,14.866,22.695
12.78,16.477,0,-1.4985,14.489,4.6496
12.78,16.327,0,-1.5614,14.126,4.0597
12.78,16.171,0,-1.6224,13.78,3.5446
12.094,16.008,-1.7503,-1.6908,13.323,21.072
12.094,15.839,0,-1.7575,12.94,3.9964
11.749,15.664,-1.7164,-4.4,12.544,10.382
11.749,15.224,0,-4.4,12.174,40.868
11.749,14.784,0,-4.4,11.849,52.985
11.218,14.344,-1.7214,-4.4,11.503,32.262
11.218,13.904,0,-4.4,11.212,65.491
10.87,13.464,-1.7489,-4.4,10.949,102.43
10.87,13.024,0,-4.4,10.712,91.766
10.87,12.584,0,-4.4,10.518,123.71
10.87,12.144,0,-5.2,10.369,1604.2
10.87,11.624,0,-5.2,10.268,0
10.002,11.104,-1.7495,-5.2,10.011,0
10.002,10.584,0,-5.2,9.9273,0
10.002,10.064,0,-5.2,9.8951,0
10.002,9.5436,0,-0.014496,9.915,0
10.002,9.5421,0,-0.076623,9.961,0
10.002,9.5345,0,-0.13288,10.007,0
10.002,9.5212,0,-5.2,10.055,0
8.9572,9.0012,-1.1839,-0.017136,9.7268,6.9628
8.9572,8.9995,0,-0.062381,9.7224,0
8.9572,8.9932,0,-0.10196,9.7185,0
8.9572,8.983,0,-0.13935,9.7154,0
8.5261,8.9691,-0.97714,-0.17536,9.6145,5.6759
8.5261,8.9516,0,-0.2102,9.5711,0.43063
8.5261,8.9305,0,-0.24073,9.5296,0.32817
8.5261,8.9065,0,-5.2,9.4903,348.65
8.5261,8.3865,0,-0.098524,9.4783,0
8.0315,8.3766,-0.98939,-0.13246,9.3669,5.6473
7.9309,8.3634,-0.99921,-0.16698,9.3235,5.8849
7.9309,8.3467,0,-0.19769,9.2811,0.43703
7.9309,8.3269,0,-0.22646,9.2405,0.33879
7.6384,8.3043,-0.99817,-0.26276,9.1585,6.251
7.6384,8.278,0,-5.2,9.0932,154.61
7.6384,7.758,0,-0.12113,9.0553,0.00069758
7.6384,7.7459,0,-0.15876,9.0439,0
7.2214,7.73,-1.1963,-0.19266,8.9576,8.0043
7.1003,7.7107,-1.4011,-0.23329,8.8957,10.632
7.1003,7.6874,0,-5.2,8.8358,102.85
7.1003,7.1674,0,-0.12806,8.8031,0
6.6355,7.1546,-2.0817,-0.18832,8.7422,22.418
6.6355,7.1358,0,-0.2622,8.6912,0.4755
6.2021,7.1095,-2.3935,-0.33495,8.615,31.389
6.2021,7.0761,0,-5.2,8.5259,54.728
6.2021,6.5561,0,-0.29744,8.4645,0.14089
6.2021,6.5263,0,-0.38228,8.4306,0
6.2021,6.4881,0,-5.2,8.4001,53.522
4.8941,5.9681,-2.9776,-0.36467,8.081,11.793
4.8941,5.9316,0,-8.8,7.9755,12.589
4.8941,5.0516,0,-0.23014,7.9157,0
3.9476,5.0286,-3.5302,-0.32622,7.7594,11.568
3.9476,4.996,0,-0.4301,7.6529,1.2618
3.9476,4.953,0,-8.8,7.5502,0
3.9476,4.073,0,-0.3227,7.4937,0
3.9476,4.0407,0,-0.42261,7.4828,0
3.9476,3.9984,0,-0.52116,7.4756,0
1.7944,3.9463,-3.0449,-8.8,6.8139,0
1.7944,3.0663,0,-0.36087,6.6427,2.0099
1.7944,3.0302,0,-8.8,6.5174,0
0.945,2.1502,-2.3895,-0.20556,6.288,7.6301
0.945,2.1297,0,-0.24847,6.1685,2.162
0.49093,2.1048,-1.6393,-8.8,6.0167,0
0.49093,1.2248,0,-0.092973,5.8993,1.4766
0.49093,1.2155,0,-0.10421,5.8264,1.4151
0.49093,1.2051,0,-0.11062,5.7545,1.3672
0.49093,1.1941,0,-8.8,5.6836,0
0.21089,0.31405,0.51441,0.51441,5.5325,0.21677
0.26094,0.36549,0.55422,0.55422,5.5203,0.21969
0.26094,0.42091,0,0.58994,5.5071,2.5521
0.26094,0.47991,0,0.67575,5.4881,3.192
0.26094,0.54748,0,0.70108,5.4628,3.5722
0.50403,0.61759,0.69977,0.69977,5.4524,0.23886
0.50403,0.68757,0,0.68391,5.4375,3.108
0.50403,0.75596,0,0.67141,5.4158,3.2875
0.50403,0.8231,0,0.66867,5.3872,3.5163
0.50403,0.88997,0,-8.8,5.352,0
0.81511,0.0099664,0.66559,0.66559,5.4417,0
0.88526,0.076525,0.65493,0.65493,5.5153,0
0.95276,0.14202,0.63713,0.63713,5.591,0
1.0123,0.20573,0.6118,0.6118,5.6627,0
1.0123,0.26691,0,0.59205,5.7403,0
1.0123,0.32612,0,0.57219,5.8119,0
1.0123,0.38334,0,0.55576,5.8776,0.026788
1.2378,0.43891,0.5412,0.5412,6.0026,0
1.2378,0.49303,0,0.53377,6.0798,0
1.2378,0.54641,0,0.51745,6.1516,0
1.2378,0.59816,0,0.49536,6.2181,0
1.2378,0.64769,0,0.48329,6.2796,0
1.5077,0.69602,0.48127,0.48127,6.407,0
1.5618,0.74415,0.49726,0.49726,6.4888,0
1.5618,0.79387,0,0.55734,6.5681,0
1.5618,0.84961,0,0.67078,6.6421,0.19585
1.5618,0.91669,0,4.9,6.71,35.864
1.5618,1.4067,0,2.7589,6.75,17.048
1.5618,1.6826,0,1.1744,6.7517,5.7537
1.5618,1.8,0,1.0606,6.7337,5.5092
1.5618,1.9061,0,1.119,6.7046,6.3359
1.5618,2.018,0,1.1822,6.6646,7.2505
2.4816,2.1362,1.6009,1.1736,6.9494,0
2.6322,2.2536,1.6386,1.1836,6.9951,0
2.6322,2.3719,0,1.2151,7.027,4.4438
2.6322,2.4934,0,1.2352,7.047,5.0641
3.1336,2.6169,1.722,1.28,7.1304,0
3.1336,2.7449,0,1.2759,7.1756,4.3008
3.472,2.8725,1.7004,1.2892,7.2449,0
3.472,3.0015,0,1.3103,7.2984,4.1829
3.472,3.1325,0,1.311,7.3389,4.7185
3.9867,3.2636,1.6534,1.2902,7.4626,0
3.9867,3.3926,0,1.2882,7.5285,3.5612
4.3245,3.5214,1.5912,1.2845,7.6118,0
4.4877,3.6499,1.5656,1.2746,7.6967,0
4.4877,3.7773,0,1.2526,7.7741,2.9109
4.4877,3.9026,0,1.2503,7.8389,3.3752
4.4877,4.0276,0,1.2254,7.8912,3.7142
5.0972,4.1502,1.5131,1.2124,8.0675,0
5.0972,4.2714,0,1.1948,8.1561,2.1702
5.3987,4.3909,1.4931,1.1986,8.2564,0
5.5431,4.5107,1.4768,1.1866,8.3566,0
5.6856,4.6294,1.4277,1.176,8.4667,0
5.6856,4.747,0,1.1788,8.5664,1.6886
5.9865,4.8649,1.39,1.1752,8.6786,0
6.1259,4.9824,1.3601,1.164,8.7864,0
6.2669,5.0988,1.3266,1.1567,8.896,0
6.3899,5.2145,1.3115,1.1342,9.0125,0
6.5306,5.3279,1.2959,1.1316,9.1215,0
6.5306,5.4411,0,1.1246,9.2361,0.91666
6.5306,5.5535,0,1.1054,9.3394,1.1985
6.5306,5.6641,0,1.0913,9.4316,1.503
7.0182,5.7732,1.12,1.0756,9.6346,0
7.1315,5.8807,1.1528,1.0595,9.756,0
7.2549,5.9867,1.2119,1.0553,9.8877,0
7.2549,6.0922,0,1.0412,10.009,0.31846
7.4996,6.1963,1.2999,1.0464,10.133,0
7.4996,6.301,0,1.0478,10.258,0.23639
7.4996,6.4058,0,1.0534,10.372,0.58391
7.8913,6.5111,1.2298,1.0561,10.535,0
7.8913,6.6167,0,1.0557,10.667,0.039963
8.1505,6.7223,1.237,1.0603,10.811,0
8.2779,6.8283,1.2662,1.0607,10.954,0
8.2779,6.9344,0,1.0591,11.094,0
8.5354,7.0403,1.2376,1.063,11.232,0
8.5354,7.1466,0,1.0618,11.376,0
8.5354,7.2528,0,1.0666,11.51,0.059386
8.5354,7.3594,0,1.0606,11.633,0.35901
8.5354,7.4655,0,1.0638,11.745,0.70539
8.5354,7.5719,0,1.065,11.847,1.0543
9.288,7.6784,1.1673,1.0635,12.171,0
9.288,7.7847,0,1.0641,12.327,0
9.5328,7.8911,1.1351,1.0601,12.487,0
9.6509,7.9972,1.1054,1.0565,12.65,0
9.7575,8.1028,1.0592,1.0457,12.808,0
9.8556,8.2074,1.0728,1.0315,12.978,0
9.8556,8.3105,0,1.0201,13.138,0
10.073,8.4125,1.1056,1.02,13.312,0
10.19,8.5145,1.1044,1.0194,13.473,0
10.297,8.6165,1.1223,1.014,13.642,0
10.297,8.7179,0,1.0159,13.805,0
10.297,8.8195,0,1.0105,13.958,0
10.297,8.9205,0,0.99954,14.1,0
10.297,9.0205,0,0.99559,14.233,0
10.297,9.12,0,0.99079,14.356,0.069497
10.94,9.2191,1.0334,0.98818,14.656,0
10.94,9.3179,0,0.9888,14.823,0
10.94,9.4168,0,0.98113,14.98,0
10.94,9.5149,0,0.97327,15.128,0
10.94,9.6122,0,0.96615,15.265,0
10.94,9.7089,0,0.95876,15.393,0
11.523,9.8047,0.81824,0.94684,15.706,0
11.523,9.8994,0,0.93108,15.873,0
11.523,9.9925,0,0.91892,16.03,0
11.523,10.084,0,0.90255,16.179,0
