0,0,0.097032,0,35.5,0
0,0,0,7.8,35.5,59.103
0.025877,0.78,0.14734,7.8,35.466,76.525
0.025877,1.56,0,7.8,35.352,85.108
0.067821,2.34,0.16154,7.8,35.163,86.933
0.067821,3.12,0,7.8,34.897,95.984
0.10069,3.9,0.15614,7.8,34.559,97.939
0.10069,4.68,0,7.8,34.14,107.03
0.1338,5.46,0.12279,7.8,33.645,109.69
0.1538,6.24,0.1457,6.7,33.082,100.71
0.16004,6.91,0.1694,6.7,32.447,104.96
0.1812,7.58,0.19132,6.7,31.742,109.15
0.20308,8.25,0.18542,-0.42245,30.966,30.867
0.21206,8.2078,0.21637,-0.43573,30.172,30.048
0.21206,8.1642,0,-0.44869,29.374,32.538
0.21206,8.1193,0,-0.46248,28.581,32.136
0.21206,8.0731,0,-0.4771,27.793,31.718
0.30081,8.0254,0.21185,-0.49239,27.036,28.04
0.30081,7.9761,0,-0.50764,26.266,30.331
0.30081,7.9254,0,-0.52366,25.501,29.88
0.37313,7.873,0.1832,-0.54139,24.761,26.684
0.37313,7.8188,0,-0.55889,24.013,28.508
0.37313,7.763,0,-0.57767,23.272,28.008
0.45114,7.7052,0.18673,-0.59737,22.541,24.784
0.45114,7.6455,0,-0.61869,21.818,26.511
0.48518,7.5836,0.16921,-0.64036,21.108,23.761
0.48518,7.5195,0,-0.66445,20.401,25.19
0.5026,7.4531,0.16174,-0.68924,19.706,22.625
0.51073,7.3842,0.1436,-0.7157,19.016,22.188
0.51073,7.3126,0,-0.74322,18.332,23.194
0.53843,7.2383,0.23133,-0.77211,17.65,19.874
0.56651,7.1611,0.20478,-0.79966,16.994,19.387
0.56651,7.0811,0,-0.83117,16.339,20.878
0.56651,6.998,0,-0.86394,15.691,20.16
0.62448,6.9116,0.16941,-0.8962,15.054,17.432
0.6458,6.822,0.15332,-0.93171,14.422,16.768
0.66838,6.7288,0.17642,-0.96684,13.816,15.731
0.66838,6.6321,0,-1.0041,13.215,16.631
0.66838,6.5317,0,-1.0453,12.624,15.818
0.66838,6.4272,0,-1.0879,12.043,14.99
0.66838,6.3184,0,-1.1326,11.472,14.144
0.66838,6.2051,0,-1.1764,10.913,13.304
0.66838,6.0875,0,-1.2225,10.365,12.451
0.66838,5.9652,0,-1.2683,9.8294,11.603
0.80253,5.8384,0.19108,-1.3167,9.333,8.9366
0.80253,5.7067,0,-1.3671,8.836,9.3564
0.80253,5.57,0,-1.418,8.3524,8.5342
0.80253,5.4282,0,-1.4688,7.8827,7.7354
0.80253,5.2814,0,-8.8,7.4275,0
0.86968,4.4014,0.14721,-8.8,7.0148,0
0.87897,3.5214,0.088493,-8.8,6.7073,0
0.87897,2.6414,0,-0.35592,6.487,3.4425
0.87897,2.6058,0,-0.3583,6.3126,3.3222
0.90467,2.5699,0.10444,-8.8,6.1361,0
0.90467,1.6899,0,-0.10855,6.0136,1.561
0.90467,1.6791,0,-0.10608,5.9356,1.5404
0.90467,1.6685,0,-0.10516,5.8587,1.5153
0.94651,1.658,0.091739,-8.8,5.8034,0
0.94679,0.77795,0.089355,0.089355,5.7751,0
0.95516,0.78689,0.10381,0.10381,5.7963,0
0.97389,0.79727,0.12577,0.12577,5.8166,0
0.97389,0.80985,0,0.10957,5.8337,0
0.97389,0.8208,0,0.10368,5.8495,0
0.97389,0.83117,0,0.11003,5.8643,0
1.0132,0.84217,0.085204,0.085204,5.8717,0
1.0132,0.85069,0,0.069714,5.8884,0
1.0132,0.85767,0,0.066504,5.9043,0
1.0375,0.86432,0.043962,0.043962,5.9436,0
1.0353,0.86871,0.042756,0.042756,5.9685,0
1.0353,0.87299,0,0.069545,5.985,0
1.0411,0.87994,0.059147,0.059147,6.0019,0
1.0411,0.88586,0,2.111,6.0177,11.411
1.0574,1.097,0.10247,-0.0035,6.0276,0
1.0574,1.0966,0,-0.0017166,6.0237,0.077596
1.0901,1.0964,0.038425,-0.0005592,6.0237,0
1.0915,1.0964,-9.6991e-05,-0.00043379,6.0169,0.0093378
1.0915,1.0963,0,-0.00073249,6.0164,0.0084136
1.0898,1.0963,-0.090292,-0.00057289,6.0146,0.2238
1.0734,1.0962,-0.098339,-0.0020152,6.0229,0.27859
1.0714,1.096,-0.075251,-0.0021773,6.0184,0.22236
1.0714,1.0958,0,-0.0026653,6.016,0.044573
1.0714,1.0955,0,-0.0039211,6.0135,0.041329
1.0714,1.0951,0,-0.0039143,6.0112,0.040532
1.0714,1.0947,0,-0.0038142,6.0088,0.039936
1.0714,1.0944,0,-0.0040106,6.0065,0.038728
1.0714,1.094,0,-0.005154,6.0042,0.035459
1.0244,1.0934,-0.088577,-0.0061693,5.9762,0.34893
1.0244,1.0928,0,-0.0066942,5.9693,0.12798
1.0011,1.0921,-0.14395,-0.0081608,5.9618,0.55518
0.99358,1.0913,-0.15039,-0.0087564,5.9599,0.5898
0.98064,1.0905,-0.18422,-0.0098779,5.9417,0.72511
0.95582,1.0895,-0.20114,-0.012059,5.9269,0.83776
0.95582,1.0883,0,-0.013322,5.9136,0.25006
0.92581,1.0869,-0.26368,-0.014645,5.8917,1.1323
0.92581,1.0855,0,-0.017041,5.8756,0.3007
0.92581,1.0838,0,-0.019157,5.8598,0.29189
0.92581,1.0818,0,-0.021491,5.8441,0.28215
0.92581,1.0797,0,-0.024898,5.8286,0.26943
0.92581,1.0772,0,-0.02802,5.8133,0.25674
0.75639,1.0744,-0.31229,-0.029846,5.7347,1.7401
0.75639,1.0714,0,-0.031815,5.7031,0.61541
0.71064,1.0682,-0.29045,-0.033878,5.6808,1.7488
0.71064,1.0649,0,-0.037351,5.6452,0.69256
0.71064,1.0611,0,-0.039618,5.61,0.67751
0.62406,1.0572,-0.19081,-0.041828,5.5767,1.5263
0.61003,1.053,-0.18587,-0.043188,5.5302,1.5301
0.59524,1.0487,-0.18701,-8.8,5.4893,0
0.5865,0.16865,-0.20613,-0.20613,5.4828,0
0.5865,0.14804,0,-0.23606,5.5256,0
0.5865,0.12443,0,-0.23833,5.5706,0
0.5865,0.1006,0,-0.26097,5.618,0
0.5865,0.074503,0,-0.2665,5.6679,0
0.5865,0.047854,0,-0.25537,5.7205,0
0.5865,0.022316,0,-0.21747,5.7756,0
0.5865,0.00056963,0,-0.21857,5.8331,0
0.5865,0,0,-0.18683,5.8928,0
0.5865,0,0,-0.19924,5.9524,0
0.36469,0,-0.20278,-0.20278,5.8661,0
0.33499,0,-0.21231,-0.21231,5.9048,0
0.33499,0,0,-0.21294,5.9393,0
0.33499,0,0,-0.20165,5.9739,0
0.27079,0,-0.20954,-0.20954,6.0092,0
0.27079,0,0,-0.20845,6.0373,0
0.2168,0,-0.22266,-0.22266,6.0634,0
0.20161,0,-0.24986,-0.24986,6.0836,0
0.20161,0,0,-0.23205,6.105,0
0.15421,0,-0.21308,-0.21308,6.1066,0
0.12421,0,-0.22209,-0.22209,6.124,0
0.10934,0,-0.22664,-0.22664,6.1316,0
0.089902,0,-0.18111,-0.18111,6.1383,0
0.089902,0,0,-0.19404,6.1482,0
0.089902,0,0,-0.21015,6.1582,0
0.089902,0,0,-0.20671,6.1682,0
0.022606,0,-0.23853,-0.23853,6.1542,0
-0.0044339,0,-0.27728,-0.27728,6.1631,0.0090895
-0.0044339,0,0,-0.26934,6.164,0
-0.0044339,0,0,-0.27201,6.1649,0
-0.0044339,0,0,-0.27421,6.1659,0
-0.0044339,0,0,-0.24111,6.1668,0
-0.12898,0,-0.23111,-0.23111,6.1532,0.26441
-0.12898,0,0,-0.2548,6.1415,0
-0.17708,0,-0.23402,-0.23402,6.1373,0.36301
-0.20735,0,-0.27522,-0.27522,6.1251,0.42507
-0.22507,0,-0.26399,-0.26399,6.1119,0.46138
-0.25512,0,-0.27139,-0.27139,6.083,0.523
-0.25512,0,0,-0.27869,6.0589,0
-0.30947,0,-0.26318,-0.26318,6.0283,0.63442
-0.30947,0,0,-0.22003,5.9987,0.17208
-0.35878,0,-0.24386,-0.24386,5.9736,0.73549
-0.35878,0,0,-0.22409,5.939,0.26463
-0.35878,0,0,-0.22492,5.9042,0.26287
-0.43594,0,-0.2706,-0.2706,5.8494,0.89367
-0.43594,0,0,-0.32132,5.8071,0.2185
-0.48767,0,-0.41641,-0.41641,5.748,0.99971
-0.52535,0,-0.50353,-0.50353,5.6954,1.077
-0.57375,0,-0.6,-0.6,5.6376,1.1762
-0.57375,0,0,-0.65587,5.5832,0
-0.70862,0,-0.73874,-0.73874,5.5319,1.4527
-0.70862,0,0,-0.73377,5.4647,0
-0.70862,0,0,-0.77613,5.3975,0
-0.9338,0,-0.78649,-0.78649,5.2827,1.9143
-0.9338,0,0,-0.8414,5.1932,0.14629
-0.9338,0,0,-0.87554,5.1041,0.074559
-1.1759,0,-0.93966,-8.8,4.9829,0
-1.1759,0,0,-8.8,4.9093,0
-1.1759,0,0,-8.8,4.8357,0
-1.1759,0,0,-8.8,4.7621,0
-1.1759,0,0,-8.8,4.6885,0
-1.668,0,-1.0297,-8.8,4.4905,0
-1.668,0,0,-8.8,4.3677,0
-1.668,0,0,-8.8,4.2449,0
-1.9831,0,-1.0169,-8.8,4.093,0
-2.078,0,-0.98215,-8.8,3.93,0
-2.078,0,0,-8.8,3.7662,0
-2.078,0,0,-8.8,3.6024,0
-2.3626,0,-0.90924,-8.8,3.3896,0
-2.4501,0,-0.94024,-8.8,3.1905,0
-2.5454,0,-0.97008,-8.8,2.9927,0
-2.5454,0,0,-8.8,2.7822,0
-2.7308,0,-0.97759,-8.8,2.5401,0
-2.7308,0,0,-8.8,2.311,0
-2.7308,0,0,-8.8,2.0819,0
-2.7308,0,0,-8.8,1.8528,0
-3.1227,0,-0.90125,-8.8,1.564,0
-3.1227,0,0,-8.8,1.2957,0
-3.1227,0,0,-8.8,1.0275,0
-3.4191,0,-0.97592,-9.145,0.71553,0
-3.5253,0,-1.0111,-15.865,0.41834,0
-3.5253,0,0,-46.409,0.14513,0
-3.5253,0,0,-876.03,0.02465,0
-3.8262,0,-1.0424,-8.8,4.0158,0
-3.8262,0,0,-8.8,3.6772,0
-3.8262,0,0,-8.8,3.3386,0
-4.1428,0,-1.0275,-8.8,2.9249,0
-4.1428,0,0,-8.8,2.5547,0
-4.1428,0,0,-8.8,2.1844,0
-4.4432,0,-0.98136,-8.8,1.7577,0
-4.5355,0,-0.99583,-8.8,1.3575,0
-4.5355,0,0,-12.452,0.9479,0
-4.7428,0,-1.0111,-22.19,0.53107,0
-4.8373,0,-1.0051,-74.712,0.15874,0
-4.9449,0,-1.0025,-276.01,0.044456,0
-5.0471,0,-1.0034,-14.787,0.92408,0
-5.1411,0,-0.96393,-27.948,0.48975,0
-5.1411,0,0,-118.42,0.11538,0
-5.1411,0,0,-76.349,0.19338,0
-5.4252,0,-0.94304,-549.32,0.026836,0
-5.4252,0,0,-8.8,2.2309,0
-5.4252,0,0,-10.132,1.7324,0
-5.4252,0,0,-14.496,1.2405,0
-5.4252,0,0,-25.054,0.77049,0
-5.8899,0,-0.93356,-74.927,0.23442,0
-5.9854,0,-0.94773,-1498.2,0.011964,0
-6.0703,0,-0.96127,-0.96127,6.9022,12.444
-6.167,0,-0.9774,-0.9774,6.2923,12.642
-6.167,0,0,-1.0101,5.6805,10.52
-6.167,0,0,-1.0456,5.0688,10.445
-6.167,0,0,-8.8,4.4574,0
-6.167,0,0,-8.8,3.8846,0
-6.7185,0,-1.1782,-8.8,3.1966,0
-6.7185,0,0,-10.319,2.5688,0
-6.7185,0,0,-13.837,1.9485,0
-6.7185,0,0,-20.706,1.3458,0
-7.1926,0,-1.1657,-39.773,0.67001,0
-7.1926,0,0,-188.61,0.14961,0
-7.1926,0,0,-82.281,0.37338,0
-7.1926,0,0,-7196.5,0.065526,0
-7.1926,0,0,7.8,35.329,31.135
-7.1926,0.78,0,7.8,34.571,32.734
-7.1926,1.56,0,7.8,33.734,34.333
-7.1926,2.34,0,7.8,32.82,35.932
-7.1926,3.12,0,7.8,31.828,37.531
-8.2816,3.9,-1.2876,7.8,30.277,44.068
-8.41,4.68,-1.2505,7.8,29.015,45.852
-8.5347,5.46,-1.2336,7.8,27.655,47.671
-8.6608,6.24,-1.2043,-0.76183,26.21,31.476
-8.6608,6.1638,0,-0.83018,24.724,28.646
-8.6608,6.0808,0,-0.90865,23.246,28.311
-8.6608,5.9899,0,-0.99891,21.776,27.935
-8.6608,5.89,0,-1.1042,20.316,27.509
-8.6608,5.7796,0,-1.2266,18.866,27.025
-9.3058,5.657,-1.0673,-1.3732,17.243,30.031
-9.3058,5.5196,0,-1.5502,15.754,27.135
-9.3058,5.3646,0,-1.7669,14.279,26.362
-9.3058,5.1879,0,-2.0365,12.821,25.433
-9.3058,4.9843,0,-2.3706,11.381,24.314
-9.3058,4.7472,0,-2.8058,9.9643,22.913
-9.3058,4.4667,0,-3.3678,8.5731,21.157
-9.3058,4.1299,0,-15.313,7.2126,0
-10.113,2.5986,-0.93042,-15.371,5.595,0
-10.201,1.0615,-0.93395,-15.391,4.387,0
-10.201,0,0,-16.779,3.3377,0
-10.201,0,0,-23.477,2.4015,0
-10.201,0,0,-38.366,1.4987,0
-10.201,0,0,-92.956,0.67046,0
-10.201,0,0,-5108.8,0.11514,0
-10.739,0,-0.81111,7.8,24.483,40.109
-10.815,0.78,-0.82358,7.8,23.368,41.891
-10.894,1.56,-0.78715,7.8,22.17,43.574
-10.894,2.34,0,-0.34333,20.885,26.408
-10.894,2.3057,0,-0.37766,19.563,26.266
-10.894,2.2679,0,-0.4179,18.245,26.104
-10.894,2.2261,0,-0.4655,16.931,25.918
-10.894,2.1796,0,-0.52319,15.622,25.701
-11.346,2.1272,-0.75237,-0.59264,14.196,27.956
-11.429,2.068,-0.7104,-0.67824,12.855,27.737
-11.51,2.0002,-0.70725,-0.78665,11.503,27.529
-11.586,1.9215,-0.68488,-0.92553,10.152,27.184
-11.586,1.8289,0,-1.1082,8.8062,25.171
-11.586,1.7181,0,-1.3549,7.4703,24.426
-11.586,1.5826,0,-1.7101,6.1467,23.402
-11.586,1.4116,0,-18.994,4.8384,0
-11.586,0,0,-20.589,3.6337,0
-11.979,0,-0.67485,-29.856,2.4587,0
-12.045,0,-0.70213,-52.302,1.4058,0
-12.045,0,0,-160.67,0.46281,0
-12.176,0,-0.68012,-1507.2,0.049206,0
-12.237,0,-0.67765,-0.67765,6.3728,25.085
-12.237,0,0,-0.65778,5.1526,23.703
-12.237,0,0,-20.188,3.9322,0
-12.237,0,0,-28.39,2.8095,0
-12.237,0,0,-46.853,1.7278,0
-12.237,0,0,-116.36,0.73836,0
-12.645,0,-0.66335,9.8,1,47.909
-12.645,0.98,0,9.8,0.99747,48.524
-12.645,1.96,0,9.8,1.0121,50.533
-12.645,2.94,0,9.8,1.0204,52.542
-12.645,3.92,0,9.8,1.0426,54.551
-12.645,4.9,0,9.8,1.0708,56.56
-12.645,5.88,0,9.8,1.1147,58.569
-13.095,6.86,-0.66531,9.8,1,62.898
-13.095,7.84,0,9.8,0.99736,63.509
-13.095,8.82,0,9.8,1.0162,65.518
-13.095,9.8,0,9.8,1.0364,67.527
-13.095,10.78,0,9.8,1.0602,69.536
-13.095,11.76,0,9.8,1.0993,71.545
-13.626,12.74,-1.8552,9.8,1,78.541
-13.82,13.72,-2.614,9.8,1,82.542
-13.82,14.7,0,9.8,1.02,79.058
-13.82,15.68,0,9.8,1.0591,81.067
-13.82,16.66,0,9.8,1.1472,83.076
-13.82,17.64,0,9.8,1.2877,85.085
-16.034,18.62,-6.2611,9.8,1,104.79
-16.034,19.6,0,9.8,1.0386,93.641
-16.034,20.58,0,9.8,1.1434,95.65
-18.001,21.56,-7.0778,9.8,1,116.56
-18.001,22.54,0,9.8,1.0399,103.7
-18.001,23.52,0,9.8,1.1473,105.71
-19.988,24.5,-5.8713,9.8,1,124.13
-19.988,25.48,0,9.8,1.0315,113.8
-19.988,26.46,0,9.8,1.1156,115.81
-21.532,27.44,-3.9898,9.8,1,129.37
-21.532,28.42,0,9.8,1.0178,122.99
-21.532,29.4,0,9.8,1.0727,125
-22.498,30.38,-1.6903,9.8,1,132.54
-22.662,31.36,-1.135,9.8,1,133.72
-22.767,32.34,-0.83224,9.8,1,135.31
-22.767,33.32,0,9.8,1.0096,135.57
-22.767,34.3,0,9.8,1.0265,137.58
-22.767,35.28,0,9.8,1.047,139.59
-23.008,36.26,-0.48625,9.8,1,143.11
-23.008,37.24,0,9.8,0.99465,144.1
-23.11,38.22,-0.39718,9.8,1,147.15
-23.141,39.2,-0.25452,9.8,1,148.93
-23.172,40.18,-0.069128,9.8,1,150.61
-23.179,41.16,0.070596,9.8,1,152.34
-23.179,42.14,0,9.8,0.99708,154.5
-23.146,43.12,0.2322,9.8,1,155.95
-23.126,44.1,0.15156,9.8,1,158.09
-23.107,45.08,-0.0084528,9.8,1,160.39
-23.107,46.06,0,9.8,0.99177,162.38
-23.121,47.04,-0.19166,9.8,1,164.82
-23.121,48.02,0,9.8,1.0074,166.43
-23.121,49,0,9.8,1.012,168.44
-23.121,49.98,0,9.8,1.0151,170.45
-23.121,50.96,0,9.8,1.019,172.46
-23.23,51.94,-0.32852,9.8,1,175.38
-23.256,52.92,-0.41184,9.8,1,177.62
-23.293,53.9,-0.50317,9.8,1,179.9
-23.342,54.88,-0.54488,9.8,1,182.09
-23.388,55.86,-0.54393,9.8,1,184.19
-23.388,56.84,0,9.8,1.0126,185.06
-23.388,57.82,0,9.8,1.0297,187.07
-23.542,58.8,-0.22539,9.8,1,189.87
-23.571,59.78,0.015251,9.8,1,191.43
-23.571,60.76,0,9.8,1.0092,193.47
-23.571,61.74,0,9.8,1.0042,195.48
-23.571,62.72,0,9.8,1.005,197.49
-23.571,63.7,0,9.8,0.99881,199.5
-23.571,64.68,0,9.8,0.97355,201.51
-23.571,65.66,0,9.8,0.93988,203.52
-23.571,66.64,0,9.8,0.89735,205.53
-22.837,67.62,1.541,9.8,1,202.79
-22.837,68.6,0,9.8,0.99185,208.04
-22.534,69.58,1.4009,9.8,1,206.48
-22.534,70.56,0,9.8,0.99686,211.43
-22.254,71.54,1.2421,9.8,1,210.26
-22.254,72.52,0,9.8,0.98566,214.88
-22.025,73.5,0.83432,9.8,1,214.67
-22.025,74.48,0,9.8,0.99787,218.43
-22.025,75.46,0,9.8,0.98283,220.44
-22.025,76.44,0,9.8,0.9767,222.45
-21.845,77.42,-0.024311,9.8,1,224.14
-21.845,78.4,0,9.8,0.99572,226.09
-21.845,79.38,0,9.8,1.0019,228.1
-21.845,80.36,0,9.8,0.99489,230.11
-21.845,81.34,0,9.8,0.99917,232.12
-21.713,82.32,0.84303,9.8,1,232.09
-21.713,83.3,0,9.8,0.99326,235.87
-21.713,84.28,0,9.8,0.97667,237.88
-21.424,85.26,1.0913,9.8,1,237
-21.424,86.24,0,9.8,0.99195,241.3
-21.424,87.22,0,9.8,0.98278,243.31
-21.102,88.2,1.0371,9.8,1,242.48
-21.102,89.18,0,9.8,0.99659,246.67
-21.102,90.16,0,9.8,0.98253,248.68
-20.803,91.14,1.0186,9.8,1,247.94
-20.693,92.12,1.0432,9.8,1,249.67
-20.595,93.1,1.0498,9.8,1,251.46
-20.498,94.08,1.0674,9.8,1,253.23
-20.498,95.06,0,9.8,1.0038,257.49
-20.298,96.04,1.0489,9.8,1,256.88
-20.298,97.02,0,9.8,0.98914,261.09
-20.298,98,0,9.8,0.98371,263.1
-20.298,98.98,0,9.8,0.95457,265.11
-20.298,99.96,0,9.8,0.92712,267.12
-20.298,100.94,0,9.8,0.88052,269.13
-19.683,101.92,1.0322,9.8,1,267.71
-19.683,102.9,0,9.8,0.98893,271.89
-19.683,103.88,0,9.8,0.96361,273.9
-19.38,104.86,1.007,9.8,1,273.17
-19.38,105.84,0,9.8,0.98787,277.29
-19.38,106.82,0,9.8,0.96888,279.3
-19.38,107.8,0,9.8,0.94083,281.31
-19.38,108.78,0,9.8,0.91343,283.32
-18.859,109.76,1.029,9.8,1,282.1
-18.859,110.74,0,9.8,1.0046,286.27
-18.859,111.72,0,9.8,0.98277,288.28
-18.549,112.7,1.0701,9.8,1,287.4
-18.436,113.68,1.0915,9.8,1,289.14
-18.337,114.66,1.0762,9.8,1,290.97
-18.337,115.64,0,9.8,0.99188,295.24
-18.106,116.62,1.088,9.8,1,294.49
-18.106,117.6,0,9.8,0.99511,298.79
-18.106,118.58,0,9.8,0.98608,300.8
-18.106,119.56,0,9.8,0.96852,302.81
-18.106,120.54,0,9.8,0.93055,304.82
-18.106,121.52,0,9.8,0.8794,306.83
-18.106,122.5,0,9.8,0.82893,308.83
-17.39,123.48,0.99258,9.8,1,307.29
-17.39,124.46,0,9.8,1.0041,311.38
-17.189,125.44,0.97398,9.8,1,310.94
-17.189,126.42,0,9.8,0.99801,314.99
-16.994,127.4,0.91719,9.8,1,314.67
-16.994,128.38,0,9.8,0.99278,318.61
-16.994,129.36,0,9.8,0.97649,320.62
-16.739,130.34,0.92433,9.8,1,320.16
-16.654,131.32,0.90674,9.8,1,322.03
-16.654,132.3,0,9.8,0.99482,325.95
-16.471,133.28,0.88913,9.8,1,325.71
-16.471,134.26,0,9.8,0.99113,329.59
-16.471,135.24,0,9.8,0.9887,331.6
-16.471,136.22,0,9.8,0.95935,333.61
-16.471,137.2,0,9.8,0.92859,335.62
-16.471,138.18,0,9.8,0.89393,337.63
-16.471,139.16,0,9.8,0.84215,339.64
-16.471,140.14,0,9.8,0.79257,341.64
-16.471,141.12,0,9.8,0.73273,343.65
-15.772,142.1,0.74019,9.8,1,342.68
-15.772,143.08,0,9.8,0.99869,346.24
-15.772,144.06,0,9.8,0.99469,348.25
-15.772,145.04,0,9.8,0.97941,350.26
-15.474,146.02,0.62517,9.8,1,350.34
-15.474,147,0,9.8,0.99978,353.66
-15.474,147.98,0,9.8,0.98207,355.67
-15.474,148.96,0,9.8,0.97121,357.68
-15.239,149.94,0.57952,9.8,1,357.99
-15.239,150.92,0,9.8,0.99099,361.22
-15.239,151.9,0,9.8,0.98432,363.23
-15.239,152.88,0,9.8,0.96088,365.24
-15.239,153.86,0,9.8,0.93557,367.25
-14.95,154.84,0.55405,9.8,1,367.5
-14.95,155.82,0,9.8,1.001,370.67
-14.849,156.8,0.51635,9.8,1,371.39
-14.849,157.78,0,9.8,1.001,374.48
-14.739,158.76,0.49638,9.8,1,375.22
-14.739,159.74,0,9.8,1.0068,378.27
-14.739,160.72,0,9.8,1.0018,380.28
-14.739,161.7,0,9.8,0.98541,382.29
-14.739,162.68,0,9.8,0.96035,384.3
-14.481,163.66,0.49077,9.8,1,384.75
-14.481,164.64,0,9.8,0.99558,387.79
-14.481,165.62,0,9.8,0.98918,389.8
-14.481,166.6,0,9.8,0.98117,391.81
-14.481,167.58,0,9.8,0.96831,393.82
-14.481,168.56,0,9.8,0.93542,395.83
-14.481,169.54,0,9.8,0.90172,397.84
-14.481,170.52,0,9.8,0.86327,399.84
-14.05,171.5,0.5238,9.8,1,399.87
-13.991,172.48,0.52111,9.8,1,401.76
-13.991,173.46,0,9.8,0.99531,404.87
-13.991,174.44,0,9.8,0.98405,406.88
-13.991,175.42,0,9.8,0.97199,408.88
-13.803,176.4,0.46126,9.8,1,409.54
-13.803,177.38,0,9.8,1.0076,412.52
-13.803,178.36,0,9.8,1.0071,414.53
-13.659,179.34,0.45281,9.8,1,415.29
-13.659,180.32,0,9.8,0.99937,418.25
-13.659,181.3,0,9.8,0.98606,420.26
-13.659,182.28,0,9.8,0.97086,422.27
-13.512,183.26,0.34123,9.8,1,423.26
-13.472,184.24,0.44802,9.8,1,424.96
