12.778,12.778,0.67568,0,35.5,0
12.855,12.778,0.73962,0.056362,35.498,0
12.855,12.783,0,0.10478,35.506,0.085965
12.855,12.794,0,0.15502,35.512,0.23937
12.855,12.809,0,0.19357,35.518,0.38503
13.144,12.829,0.71258,0.2299,35.576,0
13.144,12.852,0,0.26729,35.607,0
13.144,12.878,0,0.30673,35.635,0.17534
13.38,12.909,0.77737,0.34056,35.704,0
13.46,12.943,0.68642,0.37267,35.762,0
13.46,12.98,0,0.39763,35.812,0
13.46,13.02,0,0.41745,35.858,0.07467
13.46,13.062,0,0.42241,35.9,0.19638
13.46,13.104,0,0.4259,35.938,0.31737
13.46,13.147,0,0.42038,35.971,0.41151
13.46,13.189,0,0.41744,36,0.51397
13.46,13.231,0,0.41809,36.025,0.62951
13.46,13.272,0,0.41294,36.046,0.72628
13.88,13.314,0.23518,0.39423,36.25,0
13.88,13.353,0,0.3776,36.304,0
13.917,13.391,0.038431,0.36379,36.349,0
13.917,13.427,0,0.33594,36.4,0
13.921,13.461,0.023328,0.31622,36.461,0
13.924,13.492,-0.056829,0.29537,36.508,0
13.924,13.522,0,0.26723,36.55,0
13.924,13.549,0,0.23576,36.589,0
13.873,13.572,-0.25472,0.20457,36.621,0.60216
13.84,13.593,-0.32901,0.1677,36.656,0.91056
13.84,13.61,0,0.12748,36.68,0
13.84,13.622,0,0.094859,36.703,0
13.84,13.632,0,0.046911,36.724,0
13.84,13.636,0,0.0080459,36.744,0
13.595,13.637,-0.5625,-0.0028731,36.727,2.1935
13.595,13.637,0,-0.0066505,36.723,0.072309
13.485,13.636,-0.48044,-0.010346,36.714,2.0971
13.438,13.635,-0.49084,-0.01346,36.702,2.2926
13.385,13.634,-0.492,-0.017033,36.677,2.4623
13.339,13.632,-0.48579,-0.020036,36.641,2.5658
13.339,13.63,0,-0.022866,36.611,0.58304
13.339,13.628,0,-0.025285,36.583,0.57126
13.339,13.625,0,-0.027657,36.554,0.5591
13.195,13.623,-0.20966,-0.029439,36.499,1.6357
13.195,13.62,0,-0.030821,36.456,0.88199
13.195,13.617,0,-0.031546,36.414,0.87229
13.142,13.613,-0.18405,-0.03259,36.368,1.6464
13.142,13.61,0,-0.034115,36.321,0.97887
13.142,13.607,0,-0.035253,36.274,0.96693
13.142,13.603,0,-0.037038,36.228,0.95279
13.142,13.6,0,-0.039402,36.182,0.93655
13.142,13.596,0,-0.042345,36.136,0.91809
12.939,13.591,-0.50997,-0.045693,36.061,3.899
12.939,13.587,0,-0.0496,35.996,1.3938
12.827,13.582,-0.49296,-0.053133,35.918,4.1402
12.827,13.577,0,-0.056957,35.843,1.6413
12.827,13.571,0,-0.060495,35.768,1.6134
12.827,13.565,0,-0.064201,35.694,1.584
12.827,13.558,0,-0.066973,35.621,1.5571
12.827,13.552,0,-0.070575,35.548,1.5267
12.827,13.545,0,-0.074292,35.476,1.4952
12.827,13.537,0,-0.077558,35.404,1.4644
12.827,13.529,0,-0.081588,35.334,1.4304
12.827,13.521,0,-0.086638,35.264,1.3923
12.255,13.513,-0.83974,-0.092223,34.93,8.9547
12.165,13.503,-0.89285,-0.098675,34.793,9.8533
12.069,13.494,-0.95117,-0.10568,34.648,10.878
11.978,13.483,-1.0229,-0.11231,34.51,12.084
11.88,13.472,-1.0866,-0.11965,34.347,13.284
11.88,13.46,0,-0.12841,34.188,3.8847
11.88,13.447,0,-0.1376,34.031,3.7981
11.521,13.433,-1.3083,-0.14683,33.836,18.002
11.385,13.418,-1.3584,-0.15745,33.639,19.429
11.385,13.403,0,-0.16774,33.437,5.2145
11.385,13.386,0,-0.17874,33.236,5.0953
11.385,13.368,0,-0.19037,33.037,4.97
10.837,13.349,-1.3957,-0.20234,32.734,22.624
10.692,13.329,-1.3385,-0.21475,32.484,22.333
10.692,13.307,0,-0.2265,32.221,7.1544
10.692,13.285,0,-0.23908,31.961,6.9893
10.288,13.261,-1.2923,-0.25133,31.647,23.325
10.155,13.236,-1.2611,-0.26413,31.343,23.363
10.027,13.209,-1.2115,-0.2768,31.029,23.066
10.027,13.182,0,-0.28916,30.712,8.969
9.7955,13.153,-1.1102,-0.30112,30.372,22.312
9.6814,13.123,-1.007,-0.31354,30.04,21.149
9.5785,13.091,-0.68558,-0.32552,29.687,17.138
9.5177,13.059,-0.32131,-0.33393,29.326,13.198
9.5177,13.025,0,-0.34007,28.973,10.145
9.4935,12.991,0.45431,-0.34159,28.614,7.0279
9.5485,12.957,0.77388,-0.33861,28.271,5.1912
9.6304,12.923,0.8484,-0.33274,27.932,4.5912
9.7238,12.89,0.81289,-0.3253,27.605,4.3972
9.7238,12.857,0,-0.31931,27.29,8.6855
9.7238,12.825,0,-0.31325,26.978,8.5914
9.7238,12.794,0,-0.30552,26.67,8.5108
9.7238,12.764,0,-0.29694,26.364,8.439
9.7238,12.734,0,-0.28829,26.062,8.3713
10.228,12.705,0.85866,-0.27837,25.902,2.6991
10.308,12.677,0.69612,-0.26964,25.666,2.8975
10.378,12.65,0.49184,-0.26178,25.438,3.325
10.378,12.624,0,-0.2557,25.212,5.5744
10.378,12.599,0,-0.25352,24.989,5.4926
10.452,12.573,-0.16938,-0.25345,24.782,6.1715
10.431,12.548,-0.25565,-0.25607,24.565,6.7288
10.431,12.522,0,-0.25986,24.355,4.9934
10.431,12.496,0,-0.26592,24.147,4.8705
10.431,12.47,0,-0.27166,23.942,4.7482
10.256,12.442,-0.64193,-0.27786,23.717,10.112
10.199,12.415,-0.7941,-0.28531,23.491,11.752
10.117,12.386,-0.84387,-0.29615,23.265,12.489
10.117,12.357,0,-0.30877,23.04,5.2693
9.9385,12.326,-0.90761,-0.32053,22.795,13.646
9.8572,12.294,-0.97032,-0.33189,22.558,14.577
9.7506,12.26,-1.0728,-0.347,22.316,16.179
9.7506,12.226,0,-0.36269,22.067,5.8364
9.7506,12.189,0,-0.37953,21.822,5.6134
9.4126,12.151,-1.2199,-0.39791,21.53,19.121
9.4126,12.112,0,-0.41849,21.258,6.361
9.4126,12.07,0,-0.43661,20.99,6.1046
9.0709,12.026,-1.184,-0.454,20.673,19.326
8.962,11.981,-1.2581,-0.47341,20.366,20.64
8.962,11.933,0,-0.49508,20.066,6.9598
8.962,11.884,0,-0.5199,19.772,6.6302
8.5657,11.832,-1.524,-0.54681,19.416,25.939
8.4126,11.777,-1.5548,-0.57676,19.081,26.827
8.4126,11.72,0,-0.60771,18.748,7.6017
8.4126,11.659,0,-0.64029,18.42,7.1771
8.4126,11.595,0,-0.67821,18.099,6.7221
8.4126,11.527,0,-0.72158,17.784,6.239
8.4126,11.455,0,-0.76838,17.476,5.742
8.4126,11.378,0,-0.81778,17.176,5.2392
7.1155,11.296,-2.2638,-0.87351,16.469,45.533
7.1155,11.209,0,-0.933,16.055,8.7574
6.6827,11.116,-1.7646,-0.99383,15.614,33.422
6.5126,11.016,-1.2563,-1.0487,15.17,23.75
6.5126,10.911,0,-1.0979,14.725,8.9736
6.3173,10.802,0.15597,-1.1315,14.264,8.1199
6.3173,10.688,0,-1.1428,13.822,8.5982
6.3173,10.574,0,-1.1344,13.39,8.2066
6.3173,10.461,0,-1.1051,12.97,7.9417
6.74,10.35,1.8664,-1.0626,12.636,3.6023
6.74,10.244,0,-1.0103,12.28,6.1316
6.74,10.143,0,-0.95143,11.935,6.076
6.74,10.048,0,-0.88753,11.599,6.0665
6.74,9.9589,0,-0.81462,11.273,6.1268
6.74,9.8775,0,-0.73888,10.955,6.231
7.9406,9.8036,2.2383,-0.64978,11.003,4.6646
7.9406,9.7386,0,-0.56051,10.819,2.7446
8.3937,9.6826,2.2583,-0.46586,10.68,4.7605
8.3937,9.636,0,-0.369,10.554,1.906
8.3937,9.5991,0,-0.27591,10.431,2.1213
8.3937,9.5715,0,-0.18264,10.312,2.3878
8.3937,9.5532,0,-0.089184,10.195,2.7089
8.3937,9.5443,0,-0.0058447,10.08,3.0416
8.3937,9.5437,0,0.079902,9.9647,3.4363
9.9596,9.5517,2.1421,0.16275,10.403,3.8656
9.9596,9.568,0,0.245,10.443,0
10.397,9.5925,2.2105,0.32169,10.512,4.0707
10.397,9.6247,0,0.40134,10.591,0
10.397,9.6648,0,0.47208,10.666,0
11.064,9.712,2.1285,0.54339,10.824,3.4403
11.269,9.7663,2.0861,0.6051,10.96,3.1595
11.269,9.8268,0,0.66538,11.107,0
11.671,9.8934,1.8593,0.71941,11.289,1.8984
11.671,9.9653,0,0.76947,11.464,0
12.042,10.042,1.7711,0.81268,11.667,1.36
12.042,10.124,0,0.85453,11.863,0
12.042,10.209,0,0.88854,12.05,0
12.55,10.298,1.7218,0.92095,12.316,0.97549
12.718,10.39,1.7599,0.95383,12.548,1.1038
12.9,10.485,1.7013,0.99065,12.787,0.77964
12.9,10.584,0,1.0227,13.024,0
12.9,10.687,0,1.0508,13.25,0
12.9,10.792,0,1.0797,13.466,0
13.584,10.9,1.649,1.1057,13.81,0.37728
13.584,11.01,0,1.1267,14.073,0
13.584,11.123,0,1.148,14.325,0
13.584,11.238,0,1.166,14.565,0
13.584,11.354,0,1.1786,14.794,0
13.584,11.472,0,1.1897,15.011,0
13.584,11.591,0,1.1937,15.216,0
13.584,11.711,0,1.1985,15.41,0
14.751,11.83,1.363,1.2007,16.074,0
14.751,11.95,0,1.2072,16.36,0
14.751,12.071,0,1.2128,16.634,0
14.751,12.192,0,1.2214,16.896,0
14.751,12.315,0,1.2287,17.146,0
15.47,12.437,1.5041,1.2411,17.569,0
15.47,12.562,0,1.2495,17.866,0
15.779,12.687,1.5631,1.2634,18.196,0
15.779,12.813,0,1.2727,18.499,0
16.096,12.94,1.5899,1.2857,18.828,0
16.26,13.069,1.5678,1.2977,19.14,0
16.412,13.198,1.5451,1.3046,19.46,0
16.575,13.329,1.5641,1.316,19.788,0
16.575,13.461,0,1.3232,20.106,0
16.575,13.593,0,1.3287,20.411,0
17.027,13.726,1.5204,1.3308,20.777,0
17.175,13.859,1.5477,1.334,21.109,0
17.175,13.992,0,1.3362,21.434,0
17.468,14.126,1.5297,1.3383,21.766,0
17.616,14.26,1.5581,1.3411,22.099,0
17.78,14.394,1.5279,1.3501,22.44,0
17.925,14.529,1.5203,1.3519,22.788,0
17.925,14.664,0,1.3569,23.121,0
18.235,14.8,1.5516,1.3608,23.467,0
18.396,14.936,1.5585,1.3678,23.82,0
18.396,15.073,0,1.3717,24.16,0
18.396,15.21,0,1.3777,24.485,0
18.396,15.347,0,1.3793,24.797,0
18.396,15.485,0,1.3835,25.095,0
18.396,15.624,0,1.3882,25.379,0
18.396,15.763,0,1.3892,25.649,0
19.473,15.901,1.4622,1.3893,26.306,0
19.627,16.04,1.4279,1.3912,26.656,0
19.767,16.18,1.4087,1.388,27.015,0
19.907,16.318,1.4518,1.3845,27.365,0
20.049,16.457,1.4738,1.3822,27.719,0
20.049,16.595,0,1.38,28.072,0
20.049,16.733,0,1.3802,28.41,0
20.494,16.871,1.5381,1.3834,28.796,0.16625
20.656,17.009,1.4871,1.389,29.158,0
20.656,17.148,0,1.3897,29.516,0
20.656,17.287,0,1.3863,29.859,0
20.656,17.426,0,1.3891,30.189,0
20.656,17.565,0,1.3895,30.505,0
20.656,17.704,0,1.3907,30.808,0
21.545,17.843,1.513,1.3904,31.39,0.20126
21.545,17.982,0,1.39,31.753,0
21.84,18.121,1.5694,1.3893,32.12,0.54958
21.84,18.26,0,1.3939,32.485,0
21.84,18.399,0,1.3971,32.836,0
22.305,18.539,1.4906,1.3965,33.246,0.21576
22.305,18.678,0,1.3984,33.616,0
22.305,18.818,0,1.3979,33.971,0
22.742,18.958,1.3479,1.3928,34.392,0
22.742,19.097,0,1.3858,34.764,0
22.742,19.236,0,1.3769,35.121,0
22.742,19.374,0,1.367,35.465,0
22.742,19.51,0,1.362,35.795,0
22.742,19.647,0,1.3482,36.111,0
22.742,19.781,0,1.3401,36.414,0
22.742,19.915,0,1.3308,36.703,0
22.742,20.048,0,1.3224,36.979,0
23.833,20.181,1.1631,1.3152,37.731,0
23.952,20.312,1.1411,1.3078,38.094,0
23.952,20.443,0,1.2959,38.451,0
24.164,20.573,1.1108,1.2844,38.811,0
24.164,20.701,0,1.2762,39.163,0
24.398,20.829,1.1905,1.2708,39.522,0
24.398,20.956,0,1.2634,39.872,0
24.398,21.082,0,1.2583,40.21,0
24.398,21.208,0,1.2464,40.535,0
24.398,21.333,0,1.2381,40.848,0
24.398,21.456,0,1.2321,41.149,0
25.061,21.58,1.1122,1.2239,41.638,0
25.061,21.702,0,1.2148,41.98,0
25.061,21.823,0,1.2131,42.31,0
25.061,21.945,0,1.2092,42.627,0
25.061,22.066,0,1.2039,42.933,0
25.622,22.186,1.0895,1.1958,43.38,0
25.622,22.306,0,1.1879,43.717,0
25.844,22.424,1.1338,1.1859,44.07,0
25.965,22.543,1.1111,1.1841,44.41,0
26.075,22.661,1.1044,1.1788,44.744,0
26.075,22.779,0,1.1751,45.08,0
26.311,22.897,1.1251,1.1747,45.424,0
26.311,23.014,0,1.1706,45.759,0
26.311,23.131,0,1.1656,46.083,0
26.646,23.248,1.1157,1.1623,46.439,0
26.646,23.364,0,1.1605,46.773,0
26.646,23.48,0,1.1583,47.095,0
26.646,23.596,0,1.155,47.406,0
27.105,23.712,1.1861,1.1521,47.795,0
27.219,23.827,1.1877,1.15,48.135,0
27.328,23.942,1.2112,1.1459,48.475,0
27.457,24.056,1.2158,1.1486,48.821,0
27.457,24.171,0,1.1517,49.156,0
27.457,24.286,0,1.154,49.479,0
27.833,24.402,1.1689,1.1531,49.863,0
27.833,24.517,0,1.1495,50.2,0
28.063,24.632,1.1761,1.1496,50.565,0
28.186,24.747,1.1432,1.1504,50.915,0
28.186,24.862,0,1.148,51.253,0
28.186,24.977,0,1.1468,51.58,0
28.186,25.091,0,1.148,51.895,0
28.186,25.206,0,1.1457,52.199,0
28.779,25.321,1.1773,1.1469,52.651,0
28.779,25.436,0,1.1466,52.991,0
28.779,25.55,0,1.1414,53.32,0
28.779,25.664,0,1.1373,53.637,0
28.779,25.778,0,1.1384,53.943,0
29.35,25.892,1.2192,1.1371,54.381,0
29.35,26.006,0,1.1378,54.721,0
29.599,26.119,1.163,1.1405,55.068,0
29.599,26.233,0,1.1378,55.411,0
29.599,26.347,0,1.1371,55.741,0
29.599,26.461,0,4.8,56.061,19.569
29.599,26.941,0,0.98988,56.351,0
30.154,27.04,1.1252,0.98906,56.723,0
30.154,27.139,0,4.8,57.029,20.286
30.373,27.619,1.0953,0.85209,57.328,0
30.373,27.704,0,0.85814,57.599,0
30.373,27.79,0,4.8,57.862,22.845
30.373,28.27,0,0.73626,58.096,0
30.373,28.343,0,0.75039,58.302,0
30.952,28.419,1.0709,0.76264,58.628,0
31.063,28.495,1.028,4.8,58.881,10.982
31.063,28.975,0,0.64363,59.113,0
31.063,29.039,0,0.65228,59.319,0
31.063,29.104,0,0.63855,59.518,0
31.178,29.168,-2.3991,-2,59.749,0
31.178,28.968,0,4.8,59.96,25.081
31.178,29.448,0,-2,60.157,43.266
31.178,29.248,0,-2,60.34,49.388
31.178,29.048,0,4.8,60.543,25.565
31.178,29.528,0,-2,60.732,41.036
31.178,29.328,0,-2,60.907,46.841
31.178,29.128,0,-2,61.102,53.476
31.178,28.928,0,4.8,61.317,24.839
25.793,29.408,-6.8015,-0.25534,59.449,944.82
25.112,29.383,-6.3633,-0.30459,59.061,546.1
25.112,29.352,0,-0.35216,58.635,13.395
25.112,29.317,0,-0.39633,58.213,12.897
25.112,29.277,0,-0.43841,57.794,12.401
25.112,29.234,0,-0.47845,57.38,11.908
25.112,29.186,0,-0.51544,56.97,11.428
22.087,29.134,-3.1664,-0.55056,55.578,105.08
22.087,29.079,0,-0.58201,54.876,25.722
22.087,29.021,0,-0.60934,54.18,25.143
22.087,28.96,0,-0.62963,53.489,24.618
22.087,28.897,0,-0.64394,52.805,24.14
21.321,28.833,0.7199,-0.65064,51.856,20.063
21.321,28.768,0,-0.65301,51.108,27.613
21.487,28.702,1.0548,-0.65198,50.393,15.851
21.487,28.637,0,-0.65033,49.674,25.967
21.487,28.572,0,-0.64792,48.963,25.626
21.487,28.507,0,-0.64561,48.257,25.287
21.898,28.443,1.0051,-0.64221,47.651,13.48
21.898,28.378,0,-0.63909,47,22.391
21.898,28.315,0,-0.63482,46.355,22.085
21.898,28.251,0,-0.63102,45.717,21.778
21.898,28.188,0,-0.62584,45.085,21.487
21.898,28.125,0,-0.61678,44.459,21.234
21.898,28.064,0,-0.60555,43.839,21.005
21.898,28.003,0,-0.59001,43.226,20.82
21.898,27.944,0,-0.57077,42.618,20.676
21.898,27.887,0,-0.54863,42.016,20.568
21.898,27.832,0,-0.52517,41.42,20.483
23.614,27.78,2.3188,-0.49901,41.577,3.5281
23.614,27.73,0,-0.47116,41.163,11.934
23.614,27.683,0,-0.44206,40.754,11.93
24.325,27.638,2.3913,-0.41307,40.451,3.0516
24.57,27.597,2.415,-0.38186,40.127,3.0167
24.816,27.559,2.4171,-0.34943,39.846,3.0001
25.058,27.524,2.4281,-0.31704,39.594,3.0519
25.058,27.492,0,-0.28477,39.349,6.1146
25.058,27.464,0,-0.25112,39.107,6.197
25.79,27.439,2.3847,-0.21689,38.974,3.2623
26.03,27.417,2.3762,-0.1835,38.813,3.4207
26.03,27.399,0,-0.15022,38.675,3.0975
26.495,27.384,2.2419,-0.11848,38.594,3.3584
26.725,27.372,2.2324,-0.086459,38.518,3.5732
26.725,27.363,0,-0.055528,38.454,1.3469
26.725,27.358,0,-0.025672,38.391,1.4321
26.725,27.355,0,0.0060421,38.328,1.5352
26.725,27.356,0,0.056812,38.265,1.7217
27.861,27.361,2.5135,0.11024,38.477,6.6233
28.119,27.372,2.5243,0.16468,38.533,7.074
28.119,27.389,0,0.21906,38.607,0
28.119,27.411,0,0.26911,38.678,0
28.871,27.438,2.4427,0.3173,38.875,7.7518
29.11,27.469,2.3211,0.36379,39.029,7.325
29.11,27.506,0,0.40932,39.192,0
29.586,27.547,2.6151,0.45396,39.403,10.271
29.586,27.592,0,0.50482,39.605,0
30.123,27.643,2.7826,0.55485,39.872,12.709
30.123,27.698,0,0.60599,40.117,0
30.123,27.759,0,0.65938,40.357,0
30.981,27.825,2.7818,0.71146,40.719,14.668
31.262,27.896,2.724,0.76075,41.036,14.813
31.262,27.972,0,0.80832,41.369,0
31.262,28.053,0,0.85414,41.694,0
31.262,28.138,0,0.89661,42.011,0
31.262,28.228,0,0.94029,42.318,0
31.262,28.322,0,0.98071,42.617,0
32.851,28.42,2.6319,1.0199,43.378,17.499
33.119,28.522,2.6619,1.0617,43.828,18.385
33.119,28.628,0,1.1042,44.282,0
33.663,28.738,2.6683,1.1443,44.765,19.662
33.663,28.853,0,1.1817,45.252,0
33.663,28.971,0,1.2192,45.727,0
34.444,29.093,2.579,1.2553,46.301,20.362
34.444,29.218,0,1.2898,46.83,0
34.444,29.347,0,1.3235,47.346,0
34.444,29.48,0,1.3546,47.849,0
35.459,29.615,2.4805,1.3876,48.534,21.215
35.459,29.754,0,1.4169,49.111,0
35.459,29.896,0,1.4454,49.675,0
35.459,30.04,0,1.4701,50.224,0
35.459,30.187,0,1.4939,50.758,0
36.623,30.337,2.0373,1.514,51.585,18.123
36.823,30.488,2.0318,1.5295,52.218,18.198
36.823,30.641,0,1.5463,52.843,0
37.24,30.796,2.1132,1.563,53.484,19.402
37.24,30.952,0,1.5781,54.12,0
37.657,31.11,2.1887,1.5948,54.779,20.536
37.884,31.269,2.236,1.6146,55.435,21.294
37.884,31.431,0,1.6306,56.088,0
38.325,31.594,2.1354,1.6491,56.756,20.617
38.54,31.759,2.1299,1.6645,57.426,20.733
38.755,31.925,2.1024,1.6795,58.112,20.594
38.755,32.093,0,1.6935,58.787,0
38.755,32.262,0,1.7037,59.445,0
38.755,32.433,0,1.7169,60.086,0
39.583,32.604,2.0926,1.7266,60.876,20.952
39.786,32.777,2.1012,1.7368,61.585,21.135
39.988,32.951,2.0942,1.7458,62.286,21.14
40.199,33.125,2.0319,1.7573,63,20.579
40.199,33.301,0,1.7637,63.699,0
40.588,33.477,2.0037,1.77,64.412,20.355
40.588,33.654,0,1.7794,65.114,0
40.588,33.832,0,1.7872,65.799,0
41.195,34.011,1.9595,-2,66.553,838.21
41.381,33.811,1.9622,-2,67.294,1170.9
41.577,33.611,1.9562,-2,68.076,1869.8
41.776,33.411,2.0116,-2,68.899,3283.7
41.776,33.211,0,-2,69.745,0
42.174,33.011,1.965,-2,70.646,0
42.174,32.811,0,-2,71.573,0
42.174,32.611,0,-2,72.519,0
42.174,32.411,0,-2,73.485,0
42.937,32.211,1.831,-2,74.622,0
42.937,32.011,0,-2,75.704,0
42.937,31.811,0,-2,76.807,0
43.469,31.611,1.8363,-2,77.994,0
43.469,31.411,0,-2,79.19,0
43.469,31.211,0,-2,80.405,0
44.018,31.011,1.8639,-2,81.719,0
44.018,30.811,0,-2,83.03,0
44.377,30.611,1.764,-2,84.388,0
44.377,30.411,0,-2,85.774,0
44.715,30.211,1.767,-2,87.211,0
44.715,30.011,0,-2,88.671,0
45.074,29.811,1.7789,-2,90.179,0
45.074,29.611,0,-2,91.715,0
45.446,29.411,1.8636,-2,93.315,0
