12.222,12.222,-0.34725,0,35.5,1.0519
12.222,12.222,0,-0.0028328,35.5,0
12.222,12.222,0,-0.0053233,35.5,0
12.106,12.221,-0.31863,-0.0073951,35.509,1.2461
12.074,12.221,-0.31466,-0.0094133,35.487,1.3147
12.074,12.22,0,-0.011419,35.472,0.28406
12.015,12.219,-0.31445,-0.013042,35.46,1.4683
12.015,12.217,0,-0.015636,35.44,0.39819
12.015,12.216,0,-0.017304,35.42,0.39051
11.912,12.214,-0.32093,-0.019436,35.381,1.7733
11.912,12.212,0,-0.02195,35.35,0.60686
11.835,12.21,-0.2775,-0.024207,35.318,1.7866
11.806,12.207,-0.21439,-0.025977,35.273,1.5915
11.806,12.205,0,-0.027389,35.233,0.82888
11.806,12.202,0,-0.027595,35.193,0.8216
11.762,12.199,0.0092991,-0.028454,35.135,0.89235
11.762,12.196,0,-0.028372,35.091,0.91332
11.762,12.194,0,-0.027483,35.048,0.90894
11.762,12.191,0,-0.02646,35.005,0.90518
11.808,12.188,0.16913,-0.024888,34.982,0.3722
11.82,12.186,0.17344,-0.023978,34.95,0.33627
11.829,12.183,0.18907,-0.023278,34.913,0.28467
11.852,12.181,0.20277,-0.021639,34.878,0.21314
11.852,12.179,0,-0.019986,34.845,0.67625
11.889,12.177,0.21232,-0.018984,34.825,0.12443
11.911,12.175,0.22256,-0.017398,34.792,0.065997
11.911,12.173,0,-0.015463,34.765,0.53581
11.911,12.172,0,-0.014091,34.739,0.53586
11.967,12.17,0.13877,-0.013443,34.735,0.10389
11.98,12.169,0.10203,-0.012508,34.717,0.14816
12,12.168,0.072808,-0.011128,34.699,0.16826
12,12.167,0,-0.010881,34.682,0.33183
12,12.165,0,-0.010704,34.666,0.32985
12,12.164,0,-0.010889,34.649,0.32702
12,12.163,0,-0.011069,34.633,0.32417
12,12.162,0,-0.011048,34.616,0.32177
12,12.161,0,-0.0097861,34.6,0.3224
12,12.16,0,-0.0081555,34.584,0.32422
12,12.159,0,-0.0060113,34.568,0.32766
12.102,12.159,0.35279,-0.0038069,34.557,0
12.102,12.158,0,-0.0010936,34.552,0.11589
12.102,12.158,0,0.012841,34.546,0.14726
12.102,12.16,0,0.0374,34.54,0.20812
12.102,12.163,0,0.064589,34.534,0.28434
12.102,12.17,0,0.090429,34.528,0.36728
12.102,12.179,0,0.11871,34.52,0.4673
12.102,12.191,0,0.14111,34.512,0.56167
12.102,12.205,0,0.16328,34.503,0.66457
12.102,12.221,0,0.18907,34.491,0.7887
12.511,12.24,0.2238,0.20822,34.661,0
12.511,12.261,0,0.21006,34.687,0
12.511,12.282,0,0.20175,34.71,0
12.545,12.302,-0.126,0.18606,34.742,0.25179
12.545,12.321,0,0.165,34.765,0
12.519,12.337,-0.18961,0.13892,34.786,0.46425
12.519,12.351,0,0.1103,34.803,0
12.486,12.362,-0.21863,0.094374,34.809,0.56836
12.486,12.371,0,0.075194,34.821,0
12.486,12.379,0,0.046108,34.832,0
12.415,12.384,-0.2288,0.023501,34.826,0.61356
12.415,12.386,0,-0.0001064,34.829,0
12.415,12.386,0,-0.00060277,34.832,0
12.415,12.386,0,-0.0017096,34.835,0
12.415,12.386,0,-0.001679,34.838,0
12.384,12.386,0.20598,-0.00012442,34.816,0
12.412,12.386,0.25213,0.020204,34.824,0
12.412,12.388,0,0.043039,34.826,0.042327
12.48,12.392,0.27284,0.066949,34.821,0
12.515,12.399,0.29168,0.088482,34.836,0
12.552,12.407,0.29135,0.10941,34.85,0
12.552,12.418,0,0.13002,34.864,0.0094031
12.618,12.431,0.2682,0.1411,34.887,0
12.643,12.445,0.26234,0.14898,34.898,0
12.643,12.46,0,0.15029,34.917,0
12.69,12.475,0.24698,0.16145,34.937,0
12.712,12.491,0.2613,0.16566,34.962,0
12.743,12.508,0.27645,0.17586,34.981,0
12.773,12.526,0.32583,0.18512,35.014,0
12.773,12.544,0,0.19698,35.037,0
12.773,12.564,0,0.21346,35.059,0.049468
12.893,12.585,0.50464,0.22906,35.099,0
12.893,12.608,0,0.2439,35.129,0
12.893,12.632,0,0.27193,35.156,0.087455
12.893,12.66,0,0.30348,35.181,0.24528
12.893,12.69,0,0.32991,35.203,0.40388
12.893,12.723,0,0.35474,35.222,0.5716
12.893,12.759,0,0.37449,35.237,0.73534
12.893,12.796,0,0.38791,35.249,0.8872
12.893,12.835,0,0.41071,35.257,1.0827
12.893,12.876,0,0.42162,35.26,1.2447
13.525,12.918,0.63877,0.43676,35.534,0
13.525,12.962,0,0.45017,35.592,0
13.659,13.007,0.63377,0.46511,35.666,0
13.659,13.053,0,0.47842,35.728,0
13.659,13.101,0,0.48529,35.787,0
13.659,13.15,0,0.49619,35.84,0.14579
13.659,13.199,0,0.50397,35.888,0.30303
13.659,13.25,0,0.50687,35.932,0.44956
13.659,13.3,0,0.5117,35.97,0.60708
13.659,13.351,0,0.51691,36.003,0.77097
14.16,13.403,0.6204,0.52073,36.229,0
14.16,13.455,0,0.52087,36.302,0
14.276,13.507,0.5729,0.52385,36.377,0
14.276,13.56,0,0.52404,36.452,0
14.276,13.612,0,0.52456,36.521,0
14.447,13.665,0.39643,0.52613,36.601,0
14.447,13.717,0,0.51329,36.677,0
14.447,13.768,0,0.48584,36.747,0
14.507,13.817,-0.082158,0.45792,36.83,0
14.508,13.863,-0.21706,0.4264,36.892,0.30493
14.508,13.905,0,0.38231,36.955,0
14.457,13.944,-0.28353,0.33673,37.002,0.60623
14.434,13.977,-0.28705,0.29859,37.045,0.63764
14.434,14.007,0,0.25602,37.09,0
14.434,14.033,0,0.21777,37.131,0
14.349,14.055,-0.26001,0.19123,37.157,0.59165
14.326,14.074,-0.21105,0.1638,37.193,0.43426
14.326,14.09,0,0.14565,37.217,0
14.326,14.105,0,0.13083,37.24,0
14.307,14.118,0.14228,0.12245,37.262,0
14.325,14.13,0.27892,0.12616,37.285,0
14.325,14.143,0,0.13076,37.304,0
14.388,14.156,0.50135,0.15013,37.332,0
14.388,14.171,0,0.16697,37.354,0
14.493,14.187,0.60845,0.19645,37.39,0
14.493,14.207,0,0.22347,37.419,0
14.625,14.229,0.68368,0.25353,37.472,0
14.625,14.255,0,0.27663,37.51,0
14.625,14.282,0,0.29806,37.546,0
14.625,14.312,0,0.32511,37.579,0.11525
14.625,14.345,0,0.35432,37.608,0.28499
14.625,14.38,0,0.37531,37.635,0.44415
14.625,14.418,0,0.39598,37.657,0.61425
15.12,14.457,0.72861,0.41767,37.826,0
15.12,14.499,0,0.43515,37.89,0
15.12,14.543,0,0.45056,37.95,0
15.12,14.588,0,0.46085,38.005,0
15.404,14.634,0.71577,0.4786,38.106,0
15.476,14.682,0.70869,0.49203,38.189,0
15.548,14.731,0.6883,0.50417,38.277,0
15.622,14.781,0.65162,0.51669,38.355,0
15.68,14.833,0.64424,0.51865,38.447,0
15.68,14.885,0,0.52835,38.529,0
15.806,14.938,0.58472,0.52782,38.626,0
15.806,14.99,0,0.53242,38.71,0
15.806,15.044,0,0.53835,38.789,0
15.806,15.097,0,0.53339,38.863,0
16.032,15.151,0.51749,0.52734,38.966,0
16.089,15.204,0.53194,0.52768,39.056,0
16.15,15.256,0.53038,0.53063,39.147,0
16.198,15.309,0.51374,0.52582,39.237,0
16.247,15.362,0.51749,0.52194,39.335,0
16.247,15.414,0,0.5255,39.421,0
16.247,15.467,0,0.52578,39.502,0
16.247,15.519,0,0.52537,39.578,0
16.247,15.572,0,0.52739,39.648,0
16.537,15.625,0.51239,0.5285,39.794,0
16.537,15.677,0,0.52501,39.883,0
16.537,15.73,0,0.52479,39.966,0
16.687,15.782,0.48443,0.51792,40.065,0
16.687,15.834,0,0.51854,40.153,0
16.687,15.886,0,0.51388,40.235,0
16.687,15.937,0,0.51265,40.313,0
16.886,15.989,0.50554,0.50707,40.432,0
16.886,16.039,0,0.51093,40.519,0
17.005,16.09,0.52363,0.51325,40.615,0
17.005,16.142,0,0.51443,40.704,0
17.005,16.193,0,0.51894,40.788,0
17.174,16.245,0.51392,0.51613,40.887,0
17.174,16.297,0,0.51427,40.977,0
17.278,16.348,0.49059,0.51326,41.07,0
17.278,16.399,0,0.51388,41.161,0
17.278,16.451,0,0.50998,41.246,0
17.278,16.502,0,0.51254,41.326,0
17.278,16.553,0,0.50604,41.401,0
17.519,16.604,0.29194,0.49718,41.536,0
17.544,16.653,0.12447,0.4822,41.619,0
17.547,16.702,-0.038351,0.45653,41.701,0
17.539,16.747,-0.17207,0.42648,41.787,0
17.528,16.79,-0.2525,0.3963,41.865,0.06824
17.503,16.83,-0.23281,0.36072,41.94,0.049937
17.483,16.866,-0.23189,0.33029,42,0.091746
17.483,16.899,0,0.29677,42.06,0
17.483,16.928,0,0.26701,42.117,0
17.403,16.955,-0.29279,0.23839,42.157,0.45421
17.366,16.979,-0.29686,0.20539,42.201,0.52171
17.366,16.999,0,0.18031,42.238,0
17.366,17.017,0,0.15172,42.274,0
17.282,17.033,-0.275,0.13211,42.288,0.55786
17.282,17.046,0,0.11301,42.312,0
17.239,17.057,-0.28008,0.095903,42.332,0.63572
17.205,17.067,-0.31104,0.072986,42.354,0.78938
17.205,17.074,0,0.047635,42.367,0
17.205,17.079,0,0.032916,42.38,0
17.205,17.082,0,0.0106,42.392,0
17.068,17.083,-0.36058,-0.0010237,42.391,1.146
17.068,17.083,0,-0.0033857,42.39,0.023292
17.068,17.083,0,-0.0058474,42.388,0.017392
17.068,17.082,0,-0.0083795,42.387,0.010875
16.935,17.081,-0.25582,-0.010044,42.363,1.077
16.909,17.08,-0.18531,-0.011781,42.354,0.88527
16.89,17.079,-0.095286,-0.013016,42.334,0.63761
16.873,17.078,-0.00054364,-0.014095,42.314,0.40989
16.873,17.076,0,-0.014554,42.293,0.40418
16.873,17.075,0,-0.014001,42.273,0.4023
16.873,17.074,0,-0.012415,42.253,0.40313
16.873,17.072,0,-0.010373,42.233,0.40548
16.873,17.071,0,-0.0093427,42.213,0.40575
16.956,17.07,0.21572,-0.0079053,42.226,0
16.969,17.07,0.28363,-0.0069196,42.224,0
16.969,17.069,0,-0.0046081,42.214,0.19925
16.969,17.068,0,-0.00249,42.204,0.20318
16.969,17.068,0,0.0027098,42.194,0.21481
17.127,17.068,0.54158,0.030945,42.222,0
17.127,17.072,0,0.061435,42.228,0.017884
17.235,17.078,0.55708,0.083059,42.24,0
17.235,17.086,0,0.10683,42.255,0
17.346,17.097,0.61241,0.13121,42.296,0
17.346,17.11,0,0.1612,42.32,0
17.346,17.126,0,0.18967,42.343,0
17.346,17.145,0,0.21684,42.364,0.077559
17.346,17.167,0,0.23664,42.383,0.18325
17.346,17.19,0,0.25678,42.4,0.29905
17.346,17.216,0,0.274,42.414,0.41546
17.796,17.243,0.58757,0.28825,42.592,0
17.796,17.272,0,0.3074,42.646,0
17.796,17.303,0,0.32109,42.696,0
17.985,17.335,0.5855,0.33729,42.78,0
17.985,17.369,0,0.35426,42.843,0
17.985,17.404,0,0.36118,42.903,0
17.985,17.44,0,0.37003,42.959,0
18.221,17.477,0.56698,0.38287,43.057,0
18.221,17.516,0,0.39451,43.129,0
18.221,17.555,0,0.40415,43.198,0
18.221,17.595,0,0.40959,43.262,0
18.221,17.636,0,0.41072,43.323,0
18.221,17.677,0,0.41933,43.379,0
18.221,17.719,0,0.42,43.431,0
18.221,17.761,0,0.42136,43.479,0.037852
18.643,17.803,0.33609,0.42457,43.679,0
18.67,17.846,0.18801,0.41583,43.769,0
18.68,17.888,0.033765,0.39929,43.854,0
18.68,17.927,0,0.37515,43.931,0
18.68,17.965,0,0.35084,44.004,0
18.68,18,0,0.32412,44.074,0
18.63,18.032,-0.20475,0.29872,44.118,0
18.63,18.062,0,0.27288,44.176,0
18.63,18.09,0,0.24889,44.232,0
18.63,18.115,0,0.22841,44.285,0
18.555,18.137,-0.1997,0.20722,44.298,0.107
18.555,18.158,0,0.18506,44.339,0
18.555,18.177,0,0.16821,44.378,0
18.555,18.193,0,0.15202,44.414,0
18.489,18.209,-0.10679,0.13861,44.434,0
18.489,18.222,0,0.12866,44.461,0
18.468,18.235,-0.061336,0.11485,44.48,0
18.468,18.247,0,0.10884,44.503,0
18.468,18.258,0,0.10258,44.524,0
18.459,18.268,-0.1428,0.094244,44.541,0.15948
18.459,18.277,0,0.084756,44.559,0
18.434,18.286,-0.29467,0.072983,44.565,0.69959
18.434,18.293,0,0.057434,44.58,0
18.393,18.299,-0.2341,0.046468,44.601,0.54004
18.393,18.304,0,0.031324,44.611,0
18.335,18.307,-0.25226,0.014041,44.61,0.66842
18.304,18.308,-0.21979,-0.00026789,44.601,0.59746
18.28,18.308,-0.2505,-0.0018845,44.595,0.75926
18.28,18.308,0,-0.0039117,44.593,0.048416
18.28,18.307,0,-0.0052569,44.59,0.04472
18.208,18.307,-0.21422,-0.0067502,44.573,0.80855
18.208,18.306,0,-0.0077135,44.563,0.18974
18.208,18.306,0,-0.0081701,44.553,0.18703
18.183,18.305,0.048186,-0.0083276,44.524,0.13162
18.183,18.304,0,-0.0073411,44.511,0.23991
18.183,18.303,0,-0.0066634,44.499,0.23991
18.222,18.302,0.20673,-0.005478,44.515,0
18.222,18.302,0,-0.0046612,44.507,0.15667
18.222,18.301,0,-0.0033074,44.499,0.15875
18.222,18.301,0,-0.0019653,44.492,0.16111
18.222,18.301,0,-0.00083587,44.484,0.16327
18.299,18.301,0.11184,-0.00013024,44.51,0
18.299,18.301,0,0.0041277,44.51,0.012625
18.321,18.301,0.035568,0.0097276,44.508,0
18.321,18.302,0,0.015046,44.51,0
18.321,18.304,0,0.013795,44.512,0
18.321,18.305,0,0.009341,44.513,0
18.321,18.306,0,0.0051199,44.515,0
18.321,18.307,0,-0.00083386,44.516,0
18.321,18.306,0,-0.0028482,44.518,0
18.321,18.306,0,-0.005076,44.519,0
18.2,18.306,-0.28351,-0.0072451,44.493,1.0796
18.2,18.305,0,-0.0092959,44.482,0.20096
18.146,18.304,-0.27831,-0.010818,44.466,1.1958
18.146,18.303,0,-0.01273,44.451,0.30575
18.08,18.302,-0.34878,-0.015198,44.414,1.6673
18.08,18.3,0,-0.017818,44.392,0.43448
18.08,18.298,0,-0.020202,44.37,0.42441
18.08,18.296,0,-0.022985,44.348,0.41286
17.915,18.294,-0.40242,-0.026039,44.305,2.3884
17.876,18.291,-0.40193,-0.02857,44.275,2.4975
17.876,18.289,0,-0.031236,44.234,0.85045
17.801,18.285,-0.42523,-0.033397,44.178,2.837
17.801,18.282,0,-0.036037,44.13,1.0049
17.801,18.278,0,-0.038177,44.082,0.98941
17.801,18.275,0,-0.040709,44.035,0.97225
17.649,18.271,-0.23106,-0.043179,43.96,2.2655
17.649,18.266,0,-0.045028,43.898,1.3267
17.612,18.262,-0.16107,-0.045383,43.817,2.0327
17.598,18.257,-0.18484,-0.04609,43.761,2.1607
17.598,18.253,0,-0.046724,43.695,1.4194
17.598,18.248,0,-0.048214,43.63,1.402
17.598,18.243,0,-0.048561,43.565,1.388
17.522,18.238,-0.36086,-0.05056,43.493,3.2123
17.522,18.233,0,-0.053156,43.422,1.5506
17.439,18.228,-0.71774,-0.055983,43.335,5.9094
17.439,18.222,0,-0.060976,43.257,1.7203
17.439,18.216,0,-0.067436,43.179,1.6805
17.439,18.209,0,-0.076136,43.101,1.6316
17.439,18.202,0,-0.085915,43.025,1.5773
17.439,18.193,0,-0.095336,42.949,1.5223
17.439,18.184,0,-0.10413,42.874,1.4677
16.622,18.173,-1.2027,-0.11328,42.514,14.637
16.506,18.162,-1.1089,-0.12154,42.36,13.913
16.506,18.15,0,-0.12987,42.195,4.0912
16.506,18.137,0,-0.13721,42.031,4.0114
16.506,18.123,0,-0.14433,41.869,3.9309
16.103,18.109,-0.85107,-0.15112,41.617,12.446
16.017,18.094,-0.81444,-0.15763,41.406,12.352
16.017,18.078,0,-0.16351,41.2,5.3955
15.856,18.061,-0.68361,-0.17,40.976,11.502
15.856,18.044,0,-0.17488,40.756,5.8067
15.856,18.027,0,-0.18011,40.538,5.7122
15.856,18.009,0,-0.18675,40.322,5.6086
15.582,17.99,-0.37705,-0.19188,40.063,9.3952
15.582,17.971,0,-0.19472,39.823,6.4589
15.582,17.952,0,-0.19852,39.585,6.3619
15.582,17.932,0,-0.20451,39.349,6.2515
15.366,17.911,-0.74418,-0.21042,39.058,13.591
15.366,17.89,0,-0.21665,38.804,6.8533
15.366,17.869,0,-0.22447,38.553,6.7223
15.366,17.846,0,-0.23107,38.304,6.5965
15.105,17.823,-0.14116,-0.2339,38.001,8.5495
15.097,17.8,-0.17683,-0.23497,37.732,8.7526
15.088,17.776,-0.36807,-0.23613,37.461,10.284
15.088,17.753,0,-0.23939,37.194,7.2709
15.004,17.729,-0.5737,-0.24442,36.922,12.383
14.937,17.704,-0.67931,-0.25105,36.64,13.685
14.937,17.679,0,-0.25738,36.365,7.4727
14.937,17.653,0,-0.2654,36.092,7.321
14.937,17.627,0,-0.27168,35.821,7.1778
14.687,17.6,-0.42661,-0.27649,35.513,11.595
14.687,17.572,0,-0.28106,35.224,7.9052
14.687,17.544,0,-0.2854,34.936,7.7641
14.557,17.515,-0.52499,-0.29149,34.609,12.678
14.557,17.486,0,-0.29683,34.314,7.9853
14.557,17.457,0,-0.3031,34.023,7.8256
14.395,17.426,-0.63987,-0.3098,33.735,14.128
14.395,17.395,0,-0.31803,33.434,8.1415
14.395,17.363,0,-0.32403,33.135,7.9741
14.395,17.331,0,-0.32859,32.84,7.8145
14.215,17.298,-0.32817,-0.33233,32.507,11.058
14.174,17.265,-0.36687,-0.33773,32.199,11.409
14.141,17.231,-0.47794,-0.34247,31.887,12.446
14.141,17.197,0,-0.34839,31.58,8.1809
14.141,17.162,0,-0.35528,31.276,7.9958
14.141,17.127,0,-0.36506,30.975,7.7917
14.141,17.09,0,-0.3767,30.679,7.5744
14.141,17.052,0,-0.38737,30.385,7.3606
14.141,17.014,0,-0.39907,30.096,7.139
13.627,16.974,-0.8321,-0.41095,29.668,17.227
13.627,16.933,0,-0.42341,29.335,8.7304
13.469,16.89,-0.63999,-0.43425,28.985,15.109
13.405,16.847,-0.54474,-0.44445,28.639,14.079
13.405,16.802,0,-0.45206,28.297,8.931
13.405,16.757,0,-0.45978,27.959,8.6938
13.405,16.711,0,-0.46546,27.626,8.4687
13.405,16.665,0,-0.46854,27.298,8.2594
13.264,16.618,-0.016517,-0.47238,26.927,8.7389
13.264,16.571,0,-0.4751,26.594,8.4088
13.264,16.523,0,-0.47584,26.266,8.2108
13.281,16.476,0.079212,-0.4743,25.931,7.4303
13.296,16.428,0.10763,-0.47295,25.622,7.0228
13.296,16.381,0,-0.47173,25.312,7.5394
13.296,16.334,0,-0.47053,25.005,7.361
13.307,16.287,-0.27762,-0.47311,24.711,9.1281
13.307,16.239,0,-0.4793,24.415,6.8994
13.228,16.191,-0.6761,-0.48719,24.105,12.644
13.228,16.143,0,-0.49954,23.811,6.7188
13.088,16.093,-0.75675,-0.5109,23.522,13.531
13.088,16.042,0,-0.52385,23.224,6.7271
12.956,15.989,-0.50479,-0.53502,22.911,10.898
12.896,15.936,-0.456,-0.54568,22.616,10.397
12.896,15.881,0,-0.55473,22.315,6.6725
12.896,15.826,0,-0.56441,22.019,6.4115
12.752,15.769,-0.54739,-0.57297,21.71,10.925
12.752,15.712,0,-0.58316,21.411,6.4218
12.752,15.654,0,-0.59469,21.118,6.1452
12.752,15.594,0,-0.60771,20.831,5.8615
12.515,15.533,-0.65403,-0.61922,20.513,11.6
12.515,15.471,0,-0.63278,20.215,6.1407
12.515,15.408,0,-0.64647,19.922,5.8416
12.515,15.343,0,-0.65833,19.636,5.5533
12.515,15.278,0,-0.66667,19.356,5.2844
12.515,15.211,0,-0.67584,19.084,5.0143
12.19,15.143,-0.35484,-0.68535,18.721,8.1779
12.161,15.075,-0.31682,-0.69029,18.436,7.6997
12.131,15.006,-0.24282,-0.69523,18.153,6.9934
12.098,14.936,-0.15946,-0.70062,17.874,6.2849
12.075,14.866,-0.10502,-0.70406,17.587,5.7704
12.07,14.796,-0.1047,-0.70149,17.319,5.5467
12.057,14.726,-0.14733,-0.70075,17.057,5.5879
12.057,14.656,0,-0.69776,16.793,4.5916
12.057,14.586,0,-0.69764,16.537,4.3686
11.991,14.516,-0.39565,-0.70498,16.278,6.5739
11.991,14.446,0,-0.71053,16.03,4.0787
11.991,14.375,0,-0.71717,15.788,3.8349
11.866,14.303,-0.53494,-0.72248,15.546,7.1007
11.866,14.231,0,-0.73101,15.306,3.7236
11.866,14.157,0,-0.73917,15.073,3.4783
11.701,14.084,-0.5842,-0.75142,14.825,7.0526
11.641,14.008,-0.50144,-0.76221,14.589,6.3187
11.641,13.932,0,-0.77169,14.356,3.3563
11.641,13.855,0,-0.77266,14.131,3.1386
11.641,13.778,0,-0.77165,13.913,2.9335
11.519,13.701,-0.17557,-0.76492,13.652,3.7817
11.506,13.624,-0.20598,-0.75698,13.446,3.7552
11.506,13.548,0,-0.75268,13.238,2.7468
11.506,13.473,0,-0.74681,13.038,2.5718
11.506,13.398,0,-0.74429,12.845,2.3925
11.506,13.324,0,-0.74295,12.659,2.2158
11.506,13.25,0,-0.74049,12.481,2.0479
11.335,13.176,-0.56542,-0.73832,12.265,4.8169
11.335,13.102,0,-0.74499,12.085,2.0893
11.213,13.027,-0.91807,-0.75569,11.902,7.2186
11.213,12.952,0,-0.77286,11.724,1.9547
11.213,12.874,0,-0.79723,11.554,1.7314
10.92,12.795,-1.0485,-4.4,11.366,163.95
10.82,12.355,-1.0368,-0.66734,11.2,7.648
10.82,12.288,0,-4.4,11.05,147.84
10.619,11.848,-1.0784,-5.2,10.896,0
10.503,11.328,-1.048,-0.34718,10.797,6.8255
10.503,11.293,0,-0.38321,10.717,0.8159
10.289,11.255,-0.96242,-5.2,10.617,0
10.289,10.735,0,-0.22461,10.546,0.4423
10.289,10.713,0,-0.25287,10.503,0.34221
10.289,10.687,0,-0.27797,10.462,0.25015
10.289,10.659,0,-5.2,10.423,0
9.8458,10.139,-0.86444,-0.11894,10.274,4.4772
9.8458,10.128,0,-0.15195,10.246,0.25894
9.6706,10.112,-0.8127,-0.18069,10.195,4.307
9.6706,10.094,0,-0.2055,10.152,0.43682
9.6706,10.074,0,-0.22633,10.11,0.35314
9.4573,10.051,-0.67639,-0.24749,10.039,3.5686
9.4573,10.026,0,-5.2,9.981,2098.2
9.326,9.5064,-0.58782,-0.071918,9.9431,2.4676
9.326,9.4992,0,-0.092012,9.9254,0.16181
9.217,9.49,-0.57259,-0.10939,9.9009,2.5169
9.217,9.479,0,-0.12544,9.8742,0.27352
9.1198,9.4665,-0.63617,-0.13993,9.8433,2.9915
9.0587,9.4525,-0.75148,-0.15967,9.8066,3.8053
9.0587,9.4365,0,-0.18165,9.768,0.39294
8.9027,9.4184,-1.0136,-0.21162,9.7117,6.0695
8.9027,9.3972,0,-5.2,9.6612,565.16
8.6806,8.8772,-1.2774,-0.07686,9.6222,8.2711
8.5472,8.8695,-1.3841,-0.12646,9.5944,9.7951
8.4035,8.8569,-1.5036,-0.17894,9.5513,11.64
8.4035,8.839,0,-0.2359,9.5069,0.39837
8.4035,8.8154,0,-0.29015,9.4645,0.25506
8.4035,8.7864,0,-5.2,9.4248,305.57
8.4035,8.2664,0,-0.19509,9.4125,0
8.4035,8.2468,0,-0.25514,9.4272,0
7.4187,8.2213,-1.571,-0.31423,9.1425,13.344
7.4187,8.1899,0,-5.2,9.0638,130.67
7.4187,7.6699,0,-0.21029,9.0126,0.092902
7.4187,7.6489,0,-0.2601,8.9886,0
6.8178,7.6229,-1.4682,-0.30685,8.8432,11.946
6.68,7.5922,-1.3616,-5.2,8.7474,99.99
6.68,7.0722,0,-0.19034,8.6821,0.40402
6.419,7.0532,-1.1684,-0.23284,8.598,8.0133
6.3006,7.0299,-1.0705,-0.27056,8.5251,7.1787
6.3006,7.0028,0,-5.2,8.4535,58.328
6.3006,6.4828,0,-0.13654,8.4093,0.092381
6.3006,6.4692,0,-0.16936,8.3918,0.0091255
6.3006,6.4522,0,-0.19705,8.3758,0
6.3006,6.4325,0,-0.22656,8.3616,0
