1.6667,1.6667,-3.0436,0,35.5,6.8489
1.6667,1.6667,0,7.8,35.5,74.244
1.6667,2.4467,0,7.8,35.461,79.75
0.7649,3.2267,-2.6007,7.8,35.202,70.156
0.5051,4.0067,-2.1094,7.8,34.902,77.994
0.5051,4.7867,0,7.8,34.513,104.87
0.13222,5.5667,-0.97149,7.8,34.023,98.848
0.13222,6.3467,0,6.7,33.44,104.85
0.13222,7.0167,0,6.7,32.785,109.71
-0.018812,7.6867,-0.074456,6.7,32.025,111.55
-0.018812,8.3567,0,-0.44013,31.221,97.762
-0.034307,8.3127,-0.025176,-0.45576,30.387,97.723
-0.035662,8.2671,0.032732,-0.47203,29.546,97.477
-0.027889,8.2199,0.1464,-0.48847,28.715,97.091
-0.027889,8.171,0,-0.50584,27.893,97.262
-0.027889,8.1204,0,-0.52129,27.075,97.126
0.1283,8.0683,1.6569,-0.53378,26.27,15.272
0.1283,8.0149,0,-0.54111,25.479,31.234
0.1283,7.9608,0,-0.54295,24.693,30.9
0.1283,7.9065,0,-0.53886,23.912,30.623
0.1283,7.8526,0,-0.52906,23.137,30.406
0.1283,7.7997,0,-0.51413,22.368,30.245
1.97,7.7483,4.1121,-0.49538,22.078,5.8694
2.3875,7.6988,4.1832,-0.47155,21.525,6.112
2.796,7.6516,4.2532,-0.44519,21.024,6.5489
3.2303,7.6071,4.2832,-0.41367,20.562,7.065
3.6663,7.5657,4.1738,-0.37893,20.147,7.2042
4.087,7.5279,4.0199,-0.3429,19.776,7.1893
4.4793,7.4936,3.8658,-0.30711,19.454,7.1502
4.4793,7.4629,0,-0.26869,19.154,8.3866
4.4793,7.436,0,-0.23241,18.857,8.508
4.4793,7.4127,0,-0.19415,18.563,8.6591
4.4793,7.3933,0,-0.15779,18.27,8.8156
6.2586,7.3775,2.9152,-0.12241,18.444,5.8435
6.2586,7.3653,0,-0.088763,18.333,2.55
6.2586,7.3564,0,-0.063986,18.223,2.6252
6.9238,7.35,0.85097,-0.047315,18.238,0.0072667
6.9998,7.3453,0.22739,-0.038436,18.205,0.17204
6.9998,7.3415,0,-0.034813,18.171,0.66978
6.9998,7.338,0,-0.034456,18.137,0.66255
6.9998,7.3345,0,-0.033938,18.103,0.65584
7.0339,7.3311,0.11914,-0.033388,18.077,0.28902
7.0339,7.3278,0,-0.031878,18.047,0.56614
7.0339,7.3246,0,-0.031279,18.018,0.56034
7.0339,7.3215,0,-0.032852,17.989,0.54898
7.0082,7.3182,-0.37858,-0.035054,17.983,1.9982
7.0082,7.3147,0,-0.039462,17.952,0.57519
7.0082,7.3107,0,-0.042777,17.921,0.55739
7.0082,7.3065,0,-0.047455,17.891,0.53545
7.0082,7.3017,0,-0.050462,17.862,0.51692
7.0082,7.2967,0,-0.053772,17.833,0.49708
7.0082,7.2913,0,-0.057399,17.804,0.47587
7.0082,7.2856,0,-0.0621,17.776,0.45139
7.0082,7.2794,0,-0.066526,17.749,0.4268
7.0082,7.2727,0,-0.069466,17.722,0.40508
6.6387,7.2658,-0.41786,-0.073497,17.513,3.0956
6.6387,7.2584,0,-0.076766,17.45,1.2312
6.6387,7.2507,0,-0.080146,17.389,1.201
6.5341,7.2427,-0.36364,-0.084313,17.319,3.0283
6.5341,7.2343,0,-0.087143,17.248,1.4069
6.4649,7.2256,-0.30145,-0.09166,17.159,2.8421
6.4649,7.2164,0,-0.09482,17.084,1.5172
6.4649,7.2069,0,-0.097634,17.009,1.4826
6.4649,7.1972,0,-0.10138,16.935,1.4444
6.3271,7.187,-0.3562,-0.1064,16.827,3.4078
6.3271,7.1764,0,-0.11125,16.742,1.7246
6.3271,7.1653,0,-0.11441,16.657,1.6834
6.2177,7.1538,-0.28692,-0.1183,16.563,3.2348
6.2177,7.142,0,-0.12023,16.47,1.8993
6.159,7.13,-0.3494,-0.12453,16.38,3.6727
6.1147,7.1175,-0.39111,-0.12955,16.289,4.0089
6.1147,7.1045,0,-0.13413,16.189,2.0324
6.1147,7.0911,0,-0.14004,16.091,1.9732
6.1147,7.0771,0,-0.14485,15.994,1.9169
6.1147,7.0626,0,-0.15082,15.899,1.8557
5.8931,7.0476,-0.38243,-0.15618,15.738,4.3766
5.8931,7.0319,0,-0.16001,15.623,2.3619
5.817,7.0159,-0.43346,-0.16566,15.492,4.8212
5.817,6.9994,0,-0.17131,15.373,2.4451
5.817,6.9823,0,-0.17677,15.256,2.3739
5.817,6.9646,0,-0.18182,15.14,2.3035
5.6457,6.9464,-0.45438,-0.18731,15.01,5.2359
5.6457,6.9277,0,-0.192,14.881,2.6577
5.6457,6.9085,0,-0.19696,14.754,2.5808
5.5316,6.8888,-0.37822,-0.20243,14.614,4.8603
5.5316,6.8685,0,-0.20737,14.479,2.7602
5.5316,6.8478,0,-0.21227,14.347,2.6783
5.418,6.8266,-0.34191,-0.21807,14.203,4.7364
5.418,6.8048,0,-0.22369,14.064,2.8438
5.3485,6.7824,-0.33373,-0.22792,13.919,4.7254
5.3251,6.7596,-0.3334,-0.23139,13.765,4.7059
5.282,6.7365,-0.34269,-0.23766,13.628,4.8044
5.282,6.7127,0,-0.24211,13.483,2.9014
5.282,6.6885,0,-0.24598,13.341,2.8127
5.282,6.6639,0,-0.25071,13.202,2.7204
5.1586,6.6388,-0.34657,-0.25626,13.033,4.8208
5.1256,6.6132,-0.32798,-0.26137,12.885,4.704
5.0834,6.587,-0.30994,-0.26789,12.743,4.6175
5.0834,6.5603,0,-0.27396,12.594,2.9106
5.0834,6.5329,0,-0.27987,12.448,2.8048
5.0834,6.5049,0,-0.28216,12.304,2.713
5.0834,6.4767,0,-0.28407,12.164,2.6229
5.0834,6.4482,0,-0.28253,12.026,2.5465
4.9939,6.42,0.2228,-0.27919,11.835,1.9527
4.9939,6.3921,0,-0.27221,11.694,2.6835
5.0469,6.3649,0.18238,-0.26519,11.574,1.8478
5.0469,6.3383,0,-0.25886,11.444,2.425
5.0469,6.3124,0,-0.25745,11.316,2.3564
5.0469,6.2867,0,-0.25804,11.191,2.2814
5.0469,6.2609,0,-0.26049,11.068,2.2002
5.0046,6.2349,-0.4494,-0.2652,10.952,4.4639
4.9573,6.2083,-0.60095,-0.27327,10.834,5.5337
4.904,6.181,-0.88013,-0.28274,10.715,7.924
4.8146,6.1527,-1.2321,-0.3008,10.585,11.965
4.6857,6.1227,-1.642,-0.32876,10.439,18.383
4.6857,6.0898,0,-0.36295,10.297,2.3601
4.6857,6.0535,0,-0.4038,10.158,2.121
4.6857,6.0131,0,-0.44364,10.024,1.8893
4.0348,5.9687,-1.3269,-0.47957,9.7774,14.946
4.0348,5.9208,0,-0.51374,9.5864,3.1694
3.79,5.8694,-0.93141,-0.54186,9.3843,10.333
3.79,5.8152,0,-0.56658,9.1791,3.3716
3.79,5.7586,0,-0.59433,8.9794,3.0997
3.4954,5.6991,-1.2372,-0.62513,8.7436,13.861
3.3755,5.6366,-1.3583,-0.66085,8.5252,15.508
3.2472,5.5705,-1.5855,-0.70181,8.2921,10.37
3.0886,5.5003,-1.8946,-0.75489,8.0481,10.499
3.0886,5.4249,0,-0.81984,7.8107,3.3077
2.7195,5.3429,-1.507,-8.8,7.5555,0
2.7195,4.4629,0,-0.5541,7.3371,2.6177
2.7195,4.4075,0,-8.8,7.1656,0
2.7195,3.5275,0,-0.29179,7.0408,1.0691
2.2915,3.4983,-0.28129,-0.30173,6.8578,3.2328
2.2915,3.4681,0,-0.30543,6.7386,1.9421
2.2351,3.4376,-0.34189,-8.8,6.6229,0
2.1957,2.5576,-0.37964,-0.069588,6.5505,2.0147
2.1957,2.5506,0,-0.077019,6.5147,0.58862
2.1957,2.5429,0,-0.082273,6.4796,0.55775
2.1957,2.5347,0,-0.089776,6.4453,0.52052
2.1957,2.5257,0,-0.099242,6.4118,0.47754
2.1957,2.5158,0,-0.10894,6.3793,0.43289
2.1957,2.5049,0,-0.11684,6.3478,0.39129
2.1957,2.4932,0,-8.8,6.3175,0
1.8307,1.6132,-0.59497,1.0655,6.1892,8.5549
1.7765,1.7198,-0.65079,0.25087,6.2118,3.8263
1.7131,1.7448,-0.67901,-0.0044075,6.2139,2.8306
1.7131,1.7444,0,-0.014622,6.2107,0.033472
1.7131,1.7429,0,-0.025213,6.2076,0.008505
1.4935,1.7404,-0.65921,-0.034488,6.18,3.3576
1.4235,1.737,-0.54936,-0.044095,6.1458,2.8751
1.3732,1.7326,-0.45547,-0.05078,6.1182,2.4779
1.3732,1.7275,0,-0.056177,6.0825,0.64161
1.2886,1.7219,-0.29526,-0.061924,6.0515,1.8852
1.2886,1.7157,0,-0.066322,6.0085,0.78538
1.2886,1.709,0,-0.070842,5.9662,0.75712
1.2886,1.702,0,-0.074994,5.9245,0.72907
1.2886,1.6945,0,-0.078665,5.8835,0.70162
1.2886,1.6866,0,-8.8,5.8433,0
1.0725,0.80659,-0.39657,-0.39657,5.813,0
1.03,0.76693,-0.37997,-0.37997,5.8411,0
1.03,0.72894,0,-0.29401,5.8693,0
1.03,0.69954,0,-0.18205,5.9009,0
0.95353,0.68133,-0.23957,-0.23957,5.9193,0
0.93105,0.65737,-0.24298,-0.24298,5.9506,0
0.93105,0.63308,0,-0.16386,5.9792,0
0.93105,0.61669,0,-0.066682,6.0098,0
0.93105,0.61002,0,0.026946,6.0416,0
0.89605,0.61272,0.20081,0.20081,6.0425,0
0.91082,0.6328,0.30126,0.30126,6.0801,0
0.91082,0.66292,0,0.25475,6.1064,0.070958
0.97601,0.6884,0.1497,0.1497,6.1349,0
0.98555,0.70337,0.050655,0.050655,6.1564,0
0.98555,0.70843,0,-0.040274,6.1844,0
0.98555,0.70441,0,-0.12181,6.2123,0
0.96803,0.69222,-0.28193,-0.28193,6.2397,0
0.96803,0.66403,0,-0.55169,6.2687,0
0.88611,0.60886,-0.86785,-0.86785,6.2877,0
0.88611,0.52208,0,-1.1413,6.3197,0
0.68927,0.40794,-1.2173,-1.2173,6.3366,0
0.68927,0.28621,0,-1.0312,6.3708,0
0.46129,0.18309,-0.70805,-0.70805,6.3743,0
0.46129,0.11228,0,-0.36937,6.4057,0
0.34898,0.075345,-0.063965,-0.063965,6.4332,0
0.34898,0.068948,0,0.04272,6.4608,0
0.33431,0.07322,0.066219,0.066219,6.4853,0
0.33431,0.079842,0,0.064134,6.511,0
0.34535,0.086256,0.062614,0.062614,6.5457,0
0.34845,0.092517,0.011018,0.011018,6.57,0
0.34845,0.093619,0,-0.09128,6.5956,0
0.34845,0.084491,0,-0.25456,6.6215,0
0.34845,0.059035,0,-0.43413,6.6492,0
0.34845,0.015621,0,-0.58144,6.6803,0
0.34845,0,0,-0.53936,6.7165,0
0.34845,0,0,-0.32028,6.754,0
0.34845,0,0,-0.069178,6.7905,0
0.12486,0,0.12491,0.12491,6.74,0
0.12486,0.012491,0,0.2699,6.7518,0.4482
0.12486,0.039482,0,0.30273,6.7617,0.62372
0.12486,0.069754,0,0.23064,6.7688,0.47188
0.21965,0.092818,0.1624,0.1624,6.8038,0
0.22914,0.10906,0.15898,0.15898,6.8134,0
0.22914,0.12496,0,0.18537,6.8246,0.22025
0.22914,0.14349,0,0.18728,6.8341,0.26966
0.22914,0.16222,0,0.17105,6.8418,0.2691
0.22914,0.17933,0,0.15791,6.8476,0.27341
0.29809,0.19512,0.10737,0.10737,6.8624,0
0.29809,0.20585,0,0.032738,6.8721,0
0.31475,0.20913,-0.034271,-0.034271,6.8795,0
0.31475,0.2057,0,-0.11066,6.8903,0
0.31475,0.19463,0,-0.16933,6.9017,0
0.31475,0.1777,0,-0.1661,6.9146,0
0.28459,0.16109,-0.15529,-0.15529,6.9228,0
0.28459,0.14556,0,-0.15559,6.9359,0
0.28459,0.13,0,-0.17761,6.9506,0
0.23697,0.11224,-0.25396,-0.25396,6.9556,0
0.21956,0.086847,-0.31767,-0.31767,6.9689,0
0.18233,0.05508,-0.38062,-0.38062,6.9894,0
0.14067,0.017018,-0.4587,-0.4587,7.0069,0
0.14067,0,0,-0.4636,7.0216,0
0.04887,0,-0.36002,-0.36002,7.0308,0
0.04887,0,0,-0.21292,7.0375,0
0.04887,0,0,-0.026153,7.0435,0
-0.011564,0,0.21268,0.21268,7.0414,0.025144
-0.011564,0.021268,0,0.4346,7.0392,0.98195
-0.011564,0.064728,0,0.63948,7.0337,1.5015
-0.011564,0.12868,0,0.84356,7.0229,2.0615
-0.011564,0.21303,0,1.1014,7.0047,2.7761
-0.011564,0.32317,0,1.3534,6.9767,3.5314
-0.011564,0.45851,0,1.3398,6.9365,3.7804
0.56276,0.59249,1.037,1.037,7.0443,0.061325
0.56276,0.6962,0,0.72044,7.0361,3.1199
0.56276,0.76824,0,0.3324,7.0192,1.5515
0.78767,0.80148,-0.069884,-0.069884,7.0436,0.028433
0.78767,0.79449,0,-0.20406,7.0426,0
0.78767,0.77409,0,-0.079881,7.043,0
0.78767,0.7661,0,0.063012,7.0447,0.095048
0.76294,0.7724,0.23949,0.23949,7.043,0.019437
0.78743,0.79635,0.39414,0.39414,7.0474,0.018328
0.78743,0.83576,0,0.53711,7.0445,1.9354
0.88451,0.88947,0.90137,-0.00027095,7.0361,0
0.88451,0.88945,0,1.3944,7.0356,6.7331
0.88451,1.0289,0,1.1543,7.0281,5.7217
0.88451,1.1443,0,1.592,7.0079,9.3341
1.5227,1.3035,2.2147,1.7274,7.0784,0
1.7501,1.4762,1.9537,1.7602,7.1074,0
1.9489,1.6523,1.2752,1.585,7.1361,0.088071
2.0706,1.8108,0.17823,1.1948,7.1578,3.1914
2.0959,1.9302,-1.1158,0.6858,7.1725,6.397
2.0959,1.9988,0,-0.0027827,7.1856,0
2.0959,1.9985,0,-0.031475,7.1954,0
1.4935,1.9954,-2.1171,-0.064072,7.137,6.0533
1.2832,1.989,-1.202,-0.091004,7.079,4.6772
1.2832,1.9799,0,-0.10631,7.0088,1.3356
1.2832,1.9693,0,-0.11037,6.9397,1.2954
1.1737,1.9582,0.71251,-0.10578,6.8202,0.29479
1.1737,1.9476,0,-0.094458,6.7422,1.5785
1.1737,1.9382,0,-0.087628,6.6653,1.5764
1.1737,1.9294,0,-0.086441,6.5893,1.5569
1.1737,1.9208,0,-0.08585,6.5142,1.5358
1.1737,1.9122,0,-0.080516,6.4399,1.5308
1.3559,1.9041,0.091232,-0.07856,6.4539,0.78995
1.3729,1.8963,0.22999,-0.075821,6.3937,0.4363
1.3729,1.8887,0,-0.071828,6.3418,0.98485
1.4246,1.8815,0.12426,-0.067268,6.2997,0.53669
1.4246,1.8748,0,-0.064772,6.2543,0.84536
1.4516,1.8683,0.24442,-0.062213,6.2179,0.23516
1.4516,1.8621,0,-0.056481,6.1765,0.77344
1.4516,1.8565,0,-0.053556,6.1357,0.76813
1.5079,1.8511,0.19924,-0.052248,6.1074,0.192
1.5313,1.8459,0.18898,-0.048268,6.067,0.16316
1.5313,1.841,0,-0.043517,6.0358,0.57206
1.5839,1.8367,0.175,-0.039231,6.0053,0.087895
1.5839,1.8328,0,-0.034673,5.9802,0.45586
1.6363,1.8293,0.16216,-0.030251,5.9542,0.014748
1.6504,1.8263,0.16548,-0.027719,5.9268,0
1.6722,1.8235,0.18063,-0.023884,5.9155,0
1.6722,1.8211,0,-8.8,5.9005,0
1.6722,0.94112,0,4.9,5.9296,35.317
1.7118,1.4311,0.18372,1.6335,5.9991,5.6934
1.7335,1.5945,0.18267,0.67719,6.0141,1.1496
1.7504,1.6622,0.18319,0.40095,6.0181,0.34627
1.7504,1.7023,0,0.25078,6.0249,0.55249
1.7504,1.7274,0,0.23315,6.0285,0.56116
1.7998,1.7507,0.21707,0.20466,6.0104,0
1.8215,1.7711,0.20986,0.20611,6.0231,0
1.8459,1.7917,0.19072,0.21742,6.0267,0
1.8459,1.8135,0,0.16676,6.0311,0.33959
1.8629,1.8302,0.16076,0.12721,6.0544,0
1.8629,1.8429,0,0.13773,6.0571,0.28864
1.8851,1.8567,0.15828,0.10795,6.0577,0
1.8851,1.8675,0,0.1124,6.06,0.22663
1.8851,1.8787,0,0.146,6.0612,0.34363
1.8851,1.8933,0,0.11703,6.0611,0.29876
1.8851,1.905,0,0.097155,6.0597,0.27314
1.951,1.9147,0.16195,0.13139,6.0827,0
1.951,1.9279,0,0.11346,6.0856,0.21675
1.951,1.9392,0,0.13586,6.0874,0.30283
2.0026,1.9528,0.16799,0.17469,6.0893,0
2.0026,1.9703,0,0.15662,6.0934,0.31141
2.0026,1.9859,0,0.12115,6.0959,0.25189
2.0026,1.998,0,0.091015,6.0969,0.20147
2.0026,2.0071,0,0.064315,6.0969,0.15553
2.0026,2.0136,0,-0.00070249,6.0961,0.02115
2.0026,2.0135,0,-0.0055247,6.095,0.010819
1.9378,2.0129,-0.39049,-0.012534,6.1043,1.4086
1.9378,2.0117,0,-0.019682,6.0969,0.1108
1.9378,2.0097,0,-0.026678,6.0896,0.091575
1.8215,2.0071,-0.36475,-0.031279,6.0539,1.5566
1.7764,2.0039,-0.33928,-0.038597,6.0244,1.5433
1.7764,2.0001,0,-0.043304,6.0018,0.3783
1.7764,1.9957,0,-8.8,5.9797,0
1.7764,1.1157,0,4.9,6.0017,35.765
1.6536,1.6057,-0.22329,0.23004,6.0089,1.317
1.6536,1.6287,0,0.0017567,6.0126,0
1.6604,1.6289,1.151,0.1479,6.0184,0
1.6604,1.6437,0,0.63737,6.0208,2.185
1.9535,1.7074,1.6828,1.0741,6.0483,0
1.9535,1.8149,0,1.2032,6.0675,4.863
2.2485,1.9352,1.106,1.1196,6.1085,0
2.361,2.0471,0.44987,1.0252,6.1357,0.92197
2.361,2.1497,0,0.79154,6.1619,2.2717
2.361,2.2288,0,0.45644,6.1791,1.0452
2.3834,2.2745,0.34872,0.30102,6.1935,0
2.4212,2.3046,0.23878,0.3156,6.1994,0
2.4212,2.3361,0,0.30878,6.2095,0.64452
2.4212,2.367,0,0.24965,6.2164,0.53314
2.4212,2.392,0,0.22116,6.2206,0.50791
2.4212,2.4141,0,0.19856,6.2224,0.49453
2.5185,2.4339,0.19423,0.21058,6.2607,0
2.5185,2.455,0,0.20364,6.2681,0.37017
2.5947,2.4754,0.91828,0.28971,6.2753,0
2.6827,2.5043,1.3424,0.42575,6.2959,0
2.6827,2.5469,0,0.63539,6.3116,1.7847
2.6827,2.6104,0,0.82161,6.322,2.9134
2.6827,2.6926,0,0.97566,6.3252,4.0755
2.6827,2.7902,0,1.0607,6.3193,4.9748
2.6827,2.8962,0,1.0495,6.3032,5.3371
2.6827,3.0012,0,0.93509,6.2767,5.051
3.5375,3.0947,-0.74841,0.77303,6.5917,6.6091
3.4608,3.172,-1.7376,0.48616,6.6277,7.7264
3.4608,3.2206,0,0.10024,6.6542,0
3.4608,3.2306,0,-0.034167,6.6777,0
3.4608,3.2272,0,-0.067944,6.7009,0
2.8538,3.2204,-0.42197,-8.8,6.5835,0
2.8102,2.3404,0.42147,1.3066,6.5845,1.7316
2.8479,2.4711,0.64432,0.96369,6.6361,0
2.916,2.5674,0.2103,0.84061,6.6738,1.0631
2.9371,2.6515,3.9194e-05,0.65465,6.6976,1.393
2.9274,2.717,0.19475,0.4644,6.7172,0.19846
2.9549,2.7634,0.26982,0.41129,6.7279,0
2.989,2.8045,0.1629,0.38728,6.7419,0.13507
2.989,2.8433,0,0.33437,6.7584,0.5692
3.0293,2.8767,0.18088,0.30829,6.7719,0
3.0293,2.9075,0,0.29175,6.7856,0.493
3.0293,2.9367,0,0.25768,6.7964,0.46046
3.0293,2.9625,0,0.24139,6.8043,0.47535
3.0293,2.9866,0,0.23989,6.8098,0.53205
3.0293,3.0106,0,0.24261,6.8129,0.60227
3.0293,3.0349,0,0.24781,6.8135,0.68219
3.0293,3.0596,0,0.22902,6.8117,0.6858
3.2066,3.0826,0.19062,0.22618,6.8715,0
3.2066,3.1052,0,0.23144,6.8827,0.35873
3.2066,3.1283,0,0.20959,6.8917,0.35137
3.2671,3.1493,0.18423,0.20799,6.8961,0
3.2671,3.1701,0,0.19089,6.9068,0.25255
3.2908,3.1892,0.18226,0.17651,6.9331,0
3.3,3.2068,0.19293,0.16081,6.9524,0
3.3212,3.2229,0.18765,0.16846,6.966,0
3.3212,3.2397,0,0.1758,6.975,0.24771
3.3212,3.2573,0,0.18601,6.9822,0.31836
3.3896,3.2759,0.19119,0.19012,6.9915,0
3.3896,3.2949,0,0.1821,7.0019,0.23389
3.3896,3.3131,0,0.19552,7.0105,0.31518
3.4422,3.3327,0.1913,0.17916,7.0437,0
3.4571,3.3506,0.17378,0.17322,7.0643,0
3.4571,3.3679,0,0.16362,7.0741,0.19635
3.4571,3.3843,0,0.15267,7.0822,0.20518
3.4571,3.3996,0,0.16569,7.0887,0.27646
3.5199,3.4161,0.16804,0.16404,7.0981,0
3.5353,3.4325,0.15927,0.16144,7.1112,0
3.5353,3.4487,0,0.15544,7.1207,0.18058
3.5644,3.4642,0.19108,0.15519,7.1203,0
3.5644,3.4797,0,0.15556,7.1296,0.18538
3.5871,3.4953,0.1534,0.14026,7.1311,0
3.5871,3.5093,0,0.13962,7.1396,0.15946
3.5871,3.5233,0,0.15743,7.1466,0.23912
3.5871,3.539,0,0.1581,7.1522,0.27807
3.5871,3.5548,0,0.17292,7.1563,0.35746
