6.1111,6.1111,-2.2017,0,35.5,23.875
5.8907,6.1111,-2.2491,6.7,35.486,119.3
5.8907,6.7811,0,6.7,35.43,67.02
5.8907,7.4511,0,6.7,35.308,71.685
5.8907,8.1211,0,6.7,35.118,76.383
5.8907,8.7911,0,6.7,34.862,81.109
5.8907,9.4611,0,6.7,34.538,85.862
4.6025,10.131,-1.9679,-0.31467,33.729,55.317
4.6025,10.1,0,-0.33196,33.178,19.861
4.6025,10.066,0,-0.34931,32.63,19.536
4.0384,10.032,-1.8455,-0.36809,32,54.938
3.8482,9.9947,-1.8191,-0.38816,31.39,55.154
3.8482,9.9559,0,-0.40823,30.777,22.449
3.4882,9.9151,-1.7677,-0.43022,30.142,30.441
3.4882,9.872,0,-0.45329,29.502,23.546
3.4882,9.8267,0,-0.47799,28.866,23.073
2.9487,9.7789,-1.7212,-0.50436,28.146,30.385
2.9487,9.7285,0,-0.53218,27.466,25.004
2.9487,9.6753,0,-0.56083,26.79,24.444
2.9487,9.6192,0,-0.59251,26.12,23.845
2.9487,9.5599,0,-0.62672,25.456,23.211
2.9487,9.4973,0,-0.66284,24.798,22.546
2.9487,9.431,0,-0.70228,24.147,21.838
2.9487,9.3607,0,-0.74434,23.502,21.094
2.9487,9.2863,0,-0.78871,22.865,20.317
1.4441,9.2074,-1.5744,-0.83564,21.533,28.448
1.4441,9.1239,0,-0.88752,20.761,26.708
1.4441,9.0351,0,-0.94255,19.998,25.7
0.99934,8.9409,-1.3803,-1.0016,19.189,27.074
0.86237,8.8407,-1.2748,-1.0661,18.392,26.507
0.86237,8.7341,0,-1.1355,17.6,25.47
0.86237,8.6205,0,-1.2108,16.818,24.164
0.86237,8.4995,0,-1.2902,16.048,22.805
0.41996,8.3705,-0.88427,-1.3764,15.168,23.293
0.33862,8.2328,-0.79994,-1.4672,14.373,22.233
0.33862,8.0861,0,-1.5629,13.591,21.022
0.33862,7.9298,0,-1.6691,12.824,19.34
0.12797,7.7629,-0.5291,-1.7812,12.05,18.472
0.073524,7.5848,-0.40714,-1.9042,11.286,16.99
0.073524,7.3943,0,-2.0327,10.544,15.234
0.073524,7.1911,0,-2.1678,9.8221,13.394
-0.00031367,6.9743,-0.14803,-2.3083,9.0888,13.116
-0.0056478,6.7435,-0.098928,-2.4473,8.4121,12.259
-0.0056478,6.4987,0,-5.2,7.7494,5.7651
-0.0056478,5.9787,0,-8.8,7.125,0
-0.023526,5.0987,0.023965,-8.8,6.5692,0
-0.023526,4.2187,0,-8.8,6.101,0
-0.023526,3.3387,0,-8.8,5.7208,0
-0.019646,2.4587,0.081965,-8.8,5.4336,0
-0.015301,1.5787,0.0765,-8.8,5.2277,0
-0.015301,0.69874,0,-8.8,5.1123,0
-0.015301,0,0,0.068406,5.0849,3.5327
0.010023,0.0068406,0.066581,0.066581,5.0718,0
0.0187,0.013499,0.060856,0.060856,5.0637,0
0.0187,0.019584,0,0.057457,5.0639,0.13088
0.035582,0.02533,0.04805,0.04805,5.0809,0
0.046235,0.030135,0.042065,0.042065,5.0751,0
0.046235,0.034342,0,0.039449,5.0765,0.061343
0.046235,0.038287,0,0.038108,5.0775,0.06671
0.046235,0.042097,0,0.032339,5.0781,0.061772
0.046235,0.045331,0,0.032625,5.0784,0.069293
0.05768,0.048594,0.036511,0.036511,5.0671,0
0.05768,0.052245,0,0.036132,5.0679,0.067583
0.068762,0.055858,0.035063,0.035063,5.0795,0
0.072024,0.059364,0.03927,0.03927,5.0712,0
0.072024,0.063291,0,0.037418,5.0723,0.063472
0.072024,0.067033,0,0.030898,5.073,0.056723
0.072024,0.070123,0,0.016652,5.0733,0.031714
0.072024,0.071788,0,0.015928,5.0734,0.033614
0.11252,0.073381,0.014334,0.014334,5.1043,0
0.11729,0.074815,0.015763,0.015763,5.1064,0
0.11085,0.076391,0.021534,0.021534,5.1074,0
0.10797,0.078544,0.033802,0.033802,5.1069,0
0.10797,0.081924,0,0.034816,5.1097,0.020993
0.10797,0.085406,0,0.022051,5.1121,0.00038826
0.10797,0.087611,0,0.017779,5.1143,0
0.12404,0.089389,0.0099278,0.0099278,5.1282,0
0.12404,0.090382,0,0.0054771,5.1316,0
0.12607,0.090929,0.0041887,0.0041887,5.127,0
0.12607,0.091348,0,0.018021,5.1305,0
0.12607,0.09315,0,0.032876,5.1339,0.0023023
0.12607,0.096438,0,0.053234,5.137,0.054864
0.12607,0.10176,0,0.069416,5.1397,0.10427
0.12607,0.1087,0,0.083249,5.1418,0.15318
0.12607,0.11703,0,0.098646,5.1431,0.21066
0.15991,0.12689,0.12108,0.12108,5.163,0
0.1768,0.139,0.14509,0.14509,5.1634,0
0.1768,0.15351,0,0.16861,5.1664,0.3668
0.1972,0.17037,0.18063,0.18063,5.1706,0
0.21438,0.18843,0.1981,0.1981,5.1644,0
0.21438,0.20824,0,0.22482,5.166,0.57818
0.25698,0.23073,0.24936,0.24936,5.1584,0
0.27485,0.25566,0.27204,0.27204,5.1706,0
0.27485,0.28287,0,0.30176,5.1712,0.87147
0.32792,0.31304,0.31795,0.31795,5.1698,0
0.3557,0.34484,0.30823,0.30823,5.1768,0
0.37994,0.37566,0.29087,-8.8,5.1844,0
0.40947,0,0.2757,0.2757,5.2261,0
0.40947,0.02757,0,0.26729,5.2656,0
0.46265,0.054299,0.26281,0.26281,5.3228,0
0.4886,0.08058,0.26016,0.26016,5.371,0
0.51558,0.1066,0.25082,0.25082,5.4028,0
0.51558,0.13168,0,0.25258,5.4425,0
0.51558,0.15694,0,0.25108,5.4796,0
0.51558,0.18204,0,0.2462,5.5142,0
0.62267,0.20666,0.24086,0.24086,5.5748,0
0.64988,0.23075,0.24304,0.24304,5.6155,0
0.64988,0.25505,0,0.23073,5.6562,0
0.69158,0.27813,0.22844,0.22844,5.705,0
0.69158,0.30097,0,0.22688,5.7452,0
0.69158,0.32366,0,0.22337,5.7831,0
0.75826,0.34599,0.21948,0.21948,5.8308,0
0.78999,0.36794,0.218,0.218,5.8733,0
0.78999,0.38974,0,0.19729,5.9144,0
0.83953,0.40947,0.19319,0.19319,5.9693,0
0.83953,0.42879,0,0.17554,6.0113,0
0.83953,0.44634,0,0.1601,6.0515,0
0.83953,0.46235,0,0.16815,6.09,0
0.83953,0.47917,0,0.2412,6.1269,0
0.83953,0.50329,0,0.37002,6.1617,0.19062
0.83953,0.54029,0,0.57143,6.1935,1.0055
0.83953,0.59743,0,0.79596,6.2206,2.1883
1.1175,0.67703,0.99616,0.99616,6.3084,0
1.1175,0.77665,0,1.1299,6.3474,3.6177
1.3336,0.88963,1.187,4.9,6.3973,20.969
1.3336,1.3796,0,0.51226,6.4172,1.8176
1.5779,1.4309,1.1701,0.91128,6.4341,0
1.5779,1.522,0,0.94962,6.4442,3.6733
1.8034,1.6169,1.2044,0.94733,6.4765,0
1.9161,1.7117,1.2212,0.9472,6.4975,0
2.0461,1.8064,1.2382,1.0189,6.5249,0
2.1672,1.9083,1.2436,1.0068,6.5432,0
2.1672,2.009,0,0.99671,6.5641,3.5526
2.4112,2.1086,1.2258,1.0036,6.6003,0
2.5254,2.209,1.2221,0.97383,6.6219,0
2.6396,2.3064,1.2444,0.95774,6.6472,0
2.6396,2.4022,0,0.99652,6.6757,3.2537
2.8958,2.5018,1.2847,0.99803,6.7197,0
3.0274,2.6016,1.3053,1.0167,6.7671,0
3.0274,2.7033,0,1.0119,6.8046,3.0167
3.0274,2.8045,0,1.0193,6.8319,3.4355
3.0274,2.9064,0,1.0175,6.8491,3.8137
3.5466,3.0081,1.3187,1.0344,6.9589,0
3.5466,3.1116,0,1.0313,7.0076,2.7155
3.5466,3.2147,0,1.0313,7.0459,3.0943
3.9341,3.3178,1.1975,1.0263,7.1234,0
4.0498,3.4205,1.148,1.003,7.1794,0
4.1708,3.5208,1.0878,0.99576,7.2488,0
4.1708,3.6203,0,0.98113,7.3088,2.0443
4.1708,3.7185,0,0.96613,7.3589,2.3115
4.1708,3.8151,0,0.94174,7.3993,2.5279
4.1708,3.9092,0,0.92872,7.4302,2.7972
4.1708,4.0021,0,0.90214,7.4517,2.9922
4.8013,4.0923,0.87765,0.8858,7.6458,0
4.8013,4.1809,0,0.85444,7.7122,1.2102
4.9735,4.2664,0.89975,0.83626,7.7729,0
5.0679,4.35,0.92028,0.82796,7.8368,0
5.0679,4.4328,0,0.83003,7.9045,1.0561
5.0679,4.5158,0,0.81733,7.9638,1.2633
5.0679,4.5975,0,0.82824,8.015,1.5775
5.0679,4.6803,0,0.82979,8.0579,1.8596
5.5533,4.7633,0.94223,0.81607,8.2105,0
5.6575,4.8449,0.90562,0.82267,8.2866,0
5.6575,4.9272,0,0.81797,8.3638,0.7107
5.6575,5.009,0,0.80063,8.4327,0.88859
5.6575,5.0891,0,0.78723,8.4936,1.0799
5.992,5.1678,0.88263,0.77531,8.6117,0
6.0759,5.2453,0.89955,0.76926,8.7025,0
6.1748,5.3222,0.97065,0.77762,8.7903,0
6.1748,5.4,0,0.78143,8.8717,0.43126
6.1748,5.4781,0,0.78917,8.9452,0.69431
6.4729,5.5571,0.86487,0.79892,9.0672,0
6.4729,5.6369,0,0.79415,9.1548,0.30262
6.6347,5.7164,0.83021,0.77812,9.2532,0
6.7246,5.7942,0.81766,0.77704,9.338,0
6.7246,5.8719,0,0.76529,9.4272,0.1462
6.8814,5.9484,0.86621,0.7588,9.5219,0
6.8814,6.0243,0,0.75754,9.6114,0.10541
6.8814,6.1,0,0.75481,9.6933,0.3101
7.1378,6.1755,0.82867,0.75448,9.8041,0
7.1378,6.251,0,0.74529,9.8965,0
7.1378,6.3255,0,0.74385,9.9815,0.18136
7.3732,6.3999,0.80105,0.73858,10.105,0
7.3732,6.4737,0,0.73679,10.198,0
7.5433,6.5474,0.83552,0.74032,10.305,0
7.5433,6.6214,0,0.73203,10.401,0
7.5433,6.6947,0,0.73139,10.49,0.034922
7.5433,6.7678,0,0.72765,10.571,0.22546
7.8568,6.8406,0.81402,0.72625,10.703,0
7.9324,6.9132,0.82052,0.72199,10.81,0
8.0083,6.9854,0.77421,0.71824,10.914,0
8.0855,7.0572,0.73396,0.71573,11.016,0
8.0855,7.1288,0,0.71515,11.115,0
8.2477,7.2003,0.69738,0.71629,11.214,0
8.2477,7.2719,0,0.7045,11.315,0
8.2477,7.3424,0,0.68963,11.409,0
8.44,7.4113,0.72426,0.68737,11.535,0
8.44,7.4801,0,0.68934,11.634,0
8.5915,7.549,0.57598,0.68675,11.751,0
8.5915,7.6177,0,0.67399,11.852,0
8.698,7.6851,0.36769,0.65823,11.967,0
8.698,7.7509,0,0.63684,12.065,0
8.698,7.8146,0,0.61464,12.157,0
8.79,7.8761,0.21927,0.58266,12.264,0
8.79,7.9343,0,0.55114,12.353,0
8.79,7.9894,0,0.52005,12.436,0
8.8238,8.0414,0.077713,0.49038,12.51,0
8.832,8.0905,0.099157,0.46265,12.59,0
8.8356,8.1367,0.11406,0.43389,12.655,0
8.8446,8.1801,0.12672,0.41092,12.725,0
8.8606,8.2212,0.12724,0.39403,12.796,0
8.8735,8.2606,0.11334,0.37656,12.866,0
8.8735,8.2983,0,0.35789,12.926,0
8.8735,8.3341,0,0.34486,12.981,0
8.9137,8.3686,0.073173,0.33169,13.04,0
8.9128,8.4017,0.082185,0.30996,13.089,0
8.9289,8.4327,0.10133,0.30012,13.141,0
8.9463,8.4627,0.10599,0.29156,13.182,0
8.9519,8.4919,0.10379,0.27652,13.223,0
8.969,8.5195,0.089544,0.26942,13.262,0
8.969,8.5465,0,0.25265,13.305,0
8.977,8.5717,0.046659,0.24203,13.36,0
8.977,8.5959,0,0.2336,13.399,0
8.977,8.6193,0,0.22001,13.436,0
8.977,8.6413,0,0.2115,13.471,0
8.977,8.6625,0,0.20325,13.503,0
9.003,8.6828,0.029168,0.18962,13.552,0
9.003,8.7017,0,0.17457,13.583,0
9.0022,8.7192,0.0040717,0.16716,13.624,0
8.9977,8.7359,-0.0094197,0.15433,13.642,0
8.996,8.7514,-0.028527,0.14412,13.676,0
8.996,8.7658,0,0.13743,13.699,0
8.9885,8.7795,-0.085416,0.12285,13.727,0.037985
8.9885,8.7918,0,0.11432,13.748,0
8.9885,8.8032,0,0.10304,13.767,0
8.961,8.8135,-0.17942,0.086432,13.778,0.35354
8.961,8.8222,0,0.072582,13.793,0
8.9184,8.8294,-0.21563,0.052057,13.806,0.5113
8.9184,8.8346,0,0.038854,13.815,0
8.9184,8.8385,0,0.029571,13.823,0
8.8599,8.8415,-0.20931,0.010779,13.811,0.54083
8.8599,8.8426,0,-0.0014023,13.812,0
8.8599,8.8424,0,-0.0086612,13.814,0
8.7739,8.8416,-0.3024,-0.014512,13.811,1.0156
8.7533,8.8401,-0.29316,-0.018612,13.812,1.0193
8.7328,8.8382,-0.29537,-0.022617,13.802,1.0657
8.7117,8.836,-0.23916,-0.026677,13.798,0.89548
8.6795,8.8333,-0.21297,-0.033079,13.777,0.86142
8.6795,8.83,0,-0.038139,13.762,0.23152
8.6795,8.8262,0,-0.040075,13.747,0.219
8.6795,8.8222,0,-0.044257,13.732,0.20113
8.5826,8.8178,-0.4545,-0.051028,13.686,2.0507
8.5826,8.8127,0,-0.05851,13.663,0.35586
8.4863,8.8068,-0.63368,-0.069921,13.63,3.2717
8.4248,8.7998,-0.66999,-0.082006,13.605,3.6489
8.3623,8.7916,-0.70242,-0.094149,13.572,4.0131
8.3623,8.7822,0,-0.10618,13.53,0.66168
8.2304,8.7716,-0.59965,-0.11969,13.482,3.6149
8.2304,8.7596,0,-0.12961,13.429,0.85294
8.1214,8.7466,-0.50553,-0.13996,13.36,3.2407
8.0803,8.7326,-0.43647,-0.14701,13.292,2.9105
8.0389,8.7179,-0.38122,-0.15406,13.222,2.6752
8.0389,8.7025,0,-0.16026,13.155,1.0886
7.9729,8.6865,-0.30169,-0.16431,13.074,2.3518
7.9729,8.6701,0,-0.16811,13.004,1.1478
7.9729,8.6533,0,-0.17236,12.935,1.0945
7.9729,8.636,0,-0.17345,12.868,1.0499
7.9729,8.6187,0,-0.17391,12.802,1.0071
7.9729,8.6013,0,-0.17144,12.738,0.97263
7.8743,8.5842,0.063173,-0.17068,12.638,0.99432
7.8743,8.5671,0,-0.1676,12.568,1.1387
7.8743,8.5503,0,-0.16056,12.499,1.1182
7.9253,8.5343,0.43452,-0.14962,12.425,0.20902
7.9253,8.5193,0,-0.13483,12.365,0.99292
8.0266,8.5058,0.55685,-0.1189,12.326,0.0029542
8.0266,8.4939,0,-0.10245,12.278,0.78153
8.0266,8.4837,0,-0.085986,12.232,0.8024
8.0266,8.4751,0,-0.067588,12.187,0.83328
8.2807,8.4683,0.76357,-0.047166,12.194,0
8.3508,8.4636,0.78878,-0.028383,12.179,0
8.3508,8.4608,0,-0.0076367,12.168,0.21461
8.3508,8.46,0,0.030809,12.157,0.30603
8.3508,8.4631,0,0.065088,12.146,0.40217
8.3508,8.4696,0,0.098612,12.134,0.51041
8.3508,8.4795,0,0.12458,12.122,0.61044
8.3508,8.4919,0,0.15376,12.109,0.73145
8.3508,8.5073,0,0.18514,12.094,0.8729
8.3508,8.5258,0,0.20989,12.077,1.0063
8.9633,8.5468,0.60562,0.23284,12.334,0
8.9633,8.5701,0,0.25299,12.374,0
9.0699,8.5954,0.48421,0.26442,12.422,0
9.0699,8.6218,0,0.27562,12.468,0
9.0699,8.6494,0,0.28243,12.512,0
9.1982,8.6776,0.39735,0.28906,12.595,0
9.1982,8.7065,0,0.29643,12.645,0
9.2794,8.7362,0.33723,0.30051,12.703,0
9.2794,8.7662,0,0.30088,12.756,0
9.3485,8.7963,0.35642,0.30432,12.812,0
9.3485,8.8268,0,0.30219,12.866,0
9.3485,8.857,0,0.29701,12.917,0
9.3485,8.8867,0,0.29214,12.964,0
9.3485,8.9159,0,0.29027,13.009,0
9.3485,8.9449,0,0.2807,13.051,0
9.3485,8.973,0,0.26995,13.09,0
9.472,9,-0.036649,0.25624,13.151,0
9.472,9.0256,0,0.23765,13.197,0
9.472,9.0494,0,0.21113,13.24,0
9.3741,9.0705,-1.6286,0.16394,13.262,12.437
9.2114,9.0869,-2.7858,0.067148,13.293,42.204
9.2114,9.0936,0,-0.03858,13.305,0
8.5261,9.0897,-5.3745,-0.13338,13.247,19.537
8.5261,9.0764,0,-0.25964,13.191,0.58272
8.5261,9.0504,0,-0.41092,13.137,0.27408
6.6892,9.0093,-6.7648,-0.57456,12.812,22.756
6.0105,8.9519,-6.4949,-0.74896,12.545,22.748
6.0105,8.877,0,-0.92686,12.255,4.4376
6.0105,8.7843,0,-1.1081,11.973,3.5015
6.0105,8.6735,0,-1.2984,11.701,2.7308
3.5788,8.5436,-5.6537,-1.5107,10.923,21.75
3.5788,8.3926,0,-1.7393,10.434,7.0408
3.5788,8.2186,0,-1.9797,9.9611,5.543
3.5788,8.0207,0,-2.2376,9.507,4.4169
3.5788,7.7969,0,-5.3911,9.074,9.4759
3.5788,7.2578,0,-5.2,8.6791,8.7722
1.0822,6.7378,-2.1026,-5.2,7.4739,5.0854
0.87161,6.2178,-2.0944,-5.2,6.9179,4.4341
0.87161,5.6978,0,-8.8,6.4092,0
0.87161,4.8178,0,-8.8,5.9706,0
0.87161,3.9378,0,-8.8,5.62,0
-0.10746,3.0578,-2.9473,-8.8,5.1881,0
-0.10746,2.1778,0,-8.8,4.9155,0
-0.10746,1.2978,0,-8.8,4.731,0
-0.10746,0.41781,0,-8.8,4.6345,0
-0.10746,0,0,-8.8,4.626,0
-1.1737,0,-0.45714,-8.8,4.3356,0
-1.2251,0,-0.2116,-8.8,4.2586,0
-1.2462,0,-0.025183,-8.8,4.1854,0
-1.2462,0,0,-8.8,4.1048,0
-1.2462,0,0,-8.8,4.0242,0
-1.2462,0,0,-8.8,3.9436,0
-1.3141,0,-0.036648,-8.8,3.8516,0
-1.3176,0,0.10014,-8.8,3.7558,0
-1.3172,0,0.2517,-8.8,3.6672,0
-1.3004,0,0.39865,-8.8,3.5804,0
-1.2528,0,0.51982,-8.8,3.501,0
-1.2084,0,0.48266,-8.8,3.4287,0
-1.1681,0,0.41499,-8.8,3.3582,0
-1.1681,0,0,-8.8,3.2854,0
-1.1681,0,0,-8.8,3.2126,0
-1.0707,0,0.2077,-8.8,3.1702,0
-1.0707,0,0,-8.8,3.1071,0
-1.0707,0,0,-8.8,3.044,0
-1.0312,0,0.10681,-8.8,2.9793,0
-1.0274,0,0.26069,-8.8,2.9304,0
-0.9982,0,0.50252,-8.8,2.8696,0
-0.9982,0,0,-8.8,2.8137,0
-0.8758,0,0.86925,-8.8,2.7541,0
-0.78255,0,0.86863,-8.8,2.715,0
-0.78255,0,0,-8.8,2.6808,0
-0.78255,0,0,-8.8,2.6465,0
-0.78255,0,0,-8.8,2.6123,0
-0.58695,0,-0.34174,-8.8,2.6259,0
-0.61377,0,-0.59888,-8.8,2.5997,0
-0.67015,0,-0.70536,-8.8,2.5868,0
-0.7446,0,-0.61787,-8.8,2.5585,0
-0.79679,0,-0.32034,-8.8,2.5318,0
-0.83752,0,0.15055,-8.8,2.4849,0
-0.83752,0,0,-8.8,2.4452,0
-0.7512,0,1.3453,-8.8,2.4228,0
-0.7512,0,0,-8.8,2.3917,0
-0.43601,0,2.0181,-8.8,2.3911,0
-0.22608,0,2.141,-8.8,2.3978,0
-0.021843,0,2.1706,-8.8,2.4255,0
-0.021843,0,0,-8.8,2.4673,0
-0.021843,0,0,-8.8,2.5091,0
0.63682,0,2.1125,-8.8,2.6509,0
0.84742,0,2.1168,-8.8,2.7689,0
1.0559,0,2.0931,-8.8,2.914,0
1.2671,0,2.0308,-8.8,3.0728,0
1.4621,0,1.9698,-8.8,3.2476,0
1.4621,0,0,-8.8,3.4378,0
1.8387,0,1.8077,-8.8,3.6709,0
2.015,0,1.7311,-8.8,3.9146,0
2.015,0,0,-8.8,4.1601,0
2.015,0,0,-8.8,4.4056,0
2.5174,0,1.5563,-8.8,4.7165,0
2.6818,0,1.5227,1.5227,5.0252,0
2.6818,0.15227,0,1.4318,5.2857,0
2.9786,0.29545,1.3761,1.3761,5.549,0
3.1087,0.43307,1.2795,1.2795,5.8253,0
3.1087,0.56101,0,1.2167,6.0864,0
3.1087,0.68268,0,1.179,6.3351,0
3.4903,0.80059,1.1951,1.1951,6.6269,0
3.4903,0.9201,0,4.9,6.8899,23.936
3.4903,1.4101,0,4.9,7.1224,26.906
3.4903,1.9001,0,4.9,7.3059,29.923
3.9735,2.3901,1.1566,4.7918,7.5313,14.501
3.9735,2.8693,0,2.7755,7.6657,12.124
3.9735,3.1468,0,2.0981,7.7623,8.0395
3.9735,3.3566,0,1.7433,7.8344,6.4133
3.9735,3.531,0,1.5299,7.8874,5.7101
3.9735,3.684,0,1.3845,7.924,5.3977
4.6706,3.8224,1.0167,1.258,8.1569,0
4.6706,3.9482,0,1.1607,8.2354,2.3633
4.6706,4.0643,0,1.0961,8.3019,2.44
4.9467,4.1739,0.77953,1.0149,8.3914,0
5.0302,4.2754,0.70792,0.95927,8.461,0
5.0302,4.3713,0,0.88983,8.5317,1.2454
5.0302,4.4603,0,0.83976,8.5931,1.3066
5.0302,4.5443,0,0.80713,8.6459,1.4303
5.0302,4.625,0,0.78158,8.6904,1.5759
5.0302,4.7031,0,0.75798,8.727,1.7228
5.448,4.7789,0.72005,0.73877,8.9032,0
5.448,4.8528,0,0.73005,8.9664,0.75935
5.6002,4.9258,0.66805,0.71733,9.0363,0
5.6002,4.9975,0,0.70195,9.1002,0.62548
5.7303,5.0677,0.63055,0.68045,9.1622,0
5.7303,5.1358,0,0.66006,9.2251,0.48802
5.7303,5.2018,0,0.64416,9.2812,0.6176
5.7303,5.2662,0,0.62944,9.3308,0.7482
5.9582,5.3292,0.56804,0.60895,9.4215,0
6.0083,5.3901,0.54004,0.59077,9.4859,0
6.0083,5.4491,0,0.5776,9.5447,0.28728
6.0083,5.5069,0,0.56038,9.5977,0.38508
6.0083,5.5629,0,0.53926,9.6451,0.46463
6.1872,5.6169,0.22035,0.52011,9.7238,0
6.1872,5.6689,0,0.49286,9.7783,0.11107
6.1872,5.7181,0,0.45343,9.8277,0.11251
6.2254,5.7635,-0.1033,0.40909,9.8756,0.33281
6.2254,5.8044,0,0.35465,9.9198,0
6.2254,5.8399,0,0.29908,9.9601,0
6.2254,5.8698,0,0.26073,9.9972,0
6.2254,5.8958,0,0.22144,10.031,0
6.2254,5.918,0,0.18098,10.063,0
6.2254,5.9361,0,0.13729,10.093,0
6.2254,5.9498,0,0.10514,10.121,0
6.0468,5.9603,-0.28962,0.073678,10.07,0.85696
6.0468,5.9677,0,0.039635,10.078,0
5.9886,5.9717,-0.32537,0.014417,10.082,0.97136
5.9886,5.9731,0,-0.0047668,10.084,0
5.9186,5.9726,-0.29143,-0.012721,10.09,0.9418
5.9186,5.9714,0,-0.020387,10.085,0.065325
5.8629,5.9693,-0.28674,-0.02509,10.081,1.0263
5.8427,5.9668,-0.30436,-0.029342,10.061,1.1288
5.8427,5.9639,0,-0.03483,10.049,0.17666
5.8427,5.9604,0,-0.040882,10.037,0.15601
5.7516,5.9563,-0.31728,-0.048729,10.009,1.3406
5.7154,5.9514,-0.30885,-0.056316,9.9886,1.3685
5.6937,5.9458,-0.30978,-0.060283,9.9699,1.4042
