12.778,12.778,-1.9009,0,35.5,17.295
12.778,12.778,0,-0.012161,35.5,0
12.778,12.777,0,-0.023974,35.5,0
12.778,12.774,0,-0.035033,35.5,0
12.094,12.771,-1.5416,-0.045734,35.375,14.976
11.945,12.766,-1.449,-0.055605,35.309,14.348
11.792,12.761,-1.3587,-0.065898,35.212,13.826
11.646,12.754,-1.2382,-0.075701,35.104,12.896
11.646,12.746,0,-0.084195,34.993,2.5494
11.646,12.738,0,-0.092231,34.884,2.4914
11.646,12.729,0,-0.099315,34.775,2.4354
11.21,12.719,-0.77042,-0.10548,34.557,9.4065
11.21,12.708,0,-0.11139,34.407,3.6917
11.21,12.697,0,-0.1158,34.257,3.6342
10.995,12.686,-0.58162,-0.12063,34.07,8.389
10.995,12.673,0,-0.12441,33.901,4.2374
10.995,12.661,0,-0.12816,33.734,4.1761
10.995,12.648,0,-0.13038,33.568,4.1214
10.995,12.635,0,-0.13182,33.404,4.07
10.995,12.622,0,-0.13224,33.24,4.0232
10.832,12.609,-0.018348,-0.13278,33.004,4.6399
10.832,12.595,0,-0.13286,32.827,4.4917
10.832,12.582,0,-0.13238,32.651,4.4477
10.832,12.569,0,-0.13287,32.477,4.3992
10.849,12.556,0.090123,-0.13155,32.301,3.8416
10.853,12.543,0.11262,-0.1312,32.13,3.6789
10.864,12.529,0.090439,-0.13034,31.955,3.7101
10.872,12.516,0.053049,-0.12976,31.781,3.8274
10.872,12.503,0,-0.12918,31.617,4.0552
10.872,12.49,0,-0.12933,31.455,4.0106
10.872,12.478,0,-0.12968,31.294,3.9652
10.872,12.465,0,-0.12922,31.134,3.9237
10.877,12.452,0.029551,-0.12889,30.975,3.7166
10.877,12.439,0,-0.12915,30.818,3.8197
10.877,12.426,0,-0.12806,30.662,3.7818
10.877,12.413,0,-0.12677,30.508,3.7453
10.877,12.4,0,-0.12626,30.355,3.7056
10.906,12.388,0.064187,-0.12563,30.221,3.2687
10.906,12.375,0,-0.12443,30.074,3.5361
10.916,12.363,-0.099491,-0.12443,29.916,3.9678
10.916,12.35,0,-0.12436,29.772,3.4216
10.916,12.338,0,-0.12684,29.629,3.3702
10.839,12.325,-0.66983,-0.13056,29.474,8.1463
10.839,12.312,0,-0.13598,29.326,3.4943
10.839,12.299,0,-0.14338,29.18,3.4166
10.839,12.284,0,-0.15394,29.034,3.3231
10.453,12.269,-1.2214,-0.16465,28.828,15.95
10.453,12.252,0,-0.1753,28.647,4.4015
10.205,12.235,-1.2553,-0.1876,28.447,17.5
10.072,12.216,-1.2358,-0.20033,28.235,17.782
9.9527,12.196,-1.203,-0.21192,28.014,17.782
9.9527,12.175,0,-0.22421,27.79,5.6593
9.7061,12.152,-1.1766,-0.23665,27.549,18.374
9.7061,12.129,0,-0.24821,27.305,6.2778
9.7061,12.104,0,-0.26124,27.064,6.1099
9.7061,12.078,0,-0.27374,26.826,5.942
9.2263,12.05,-1.5278,-0.28841,26.512,26.058
9.2263,12.022,0,-0.30505,26.231,7.3949
9.2263,11.991,0,-0.32268,25.953,7.168
8.7597,11.959,-1.6103,-0.34289,25.618,29.569
8.7597,11.924,0,-0.36191,25.3,8.5418
8.7597,11.888,0,-0.3813,24.985,8.2698
8.3434,11.85,-0.85983,-0.39784,24.604,18.636
8.3434,11.81,0,-0.41145,24.255,9.4889
8.1956,11.769,-0.25506,-0.4225,23.889,12.03
8.1956,11.727,0,-0.42855,23.534,9.6503
8.1714,11.684,0.13488,-0.43344,23.167,8.5609
8.1714,11.641,0,-0.43446,22.818,9.3469
8.1714,11.597,0,-0.43586,22.474,9.1543
8.236,11.554,0.18631,-0.43523,22.16,7.4487
8.2618,11.51,0.14111,-0.43489,21.835,7.4717
8.2618,11.467,0,-0.43703,21.512,8.2323
8.2698,11.423,0.0061278,-0.43935,21.207,7.9659
8.2786,11.379,-0.034369,-0.44104,20.89,8.0239
8.2806,11.335,-0.1305,-0.44326,20.585,8.5132
8.2601,11.291,-0.20662,-0.44879,20.282,8.9555
8.2601,11.246,0,-0.45333,19.981,7.2585
8.2601,11.2,0,-0.46078,19.685,7.0387
8.1735,11.154,-0.64273,-0.46904,19.395,12.534
8.1151,11.107,-0.89672,-0.48108,19.092,15.38
8.1151,11.059,0,-0.49942,18.795,6.831
8.1151,11.009,0,-0.52095,18.503,6.5207
8.1151,10.957,0,-0.54986,18.216,6.1688
8.1151,10.902,0,-0.58206,17.935,5.7984
8.1151,10.844,0,-0.61408,17.659,5.4288
7.3242,10.783,-0.96497,-0.64141,17.171,17.368
7.2291,10.719,-0.56514,-0.66476,16.829,12.691
7.1768,10.652,-0.24966,-0.68032,16.486,9.6523
7.1768,10.584,0,-0.68997,16.142,7.509
7.1564,10.515,0.1226,-0.69632,15.788,6.5511
7.1564,10.445,0,-0.6986,15.456,7.0087
7.1564,10.376,0,-0.68975,15.13,6.7962
7.1564,10.307,0,-0.67484,14.812,6.6221
7.1564,10.239,0,-0.65338,14.5,6.4902
7.1564,10.174,0,-0.62306,14.195,6.4147
7.6822,10.111,1.4996,-0.58873,14,2.0859
7.8308,10.053,1.5187,-0.55053,13.76,1.9979
7.9788,9.9976,1.511,-0.50998,13.551,1.8924
8.1288,9.9466,1.509,-0.46739,13.362,1.8057
8.1288,9.8998,0,-0.42363,13.182,3.187
8.1288,9.8575,0,-0.37834,13.007,3.2443
8.1288,9.8196,0,-0.33391,12.836,3.3142
8.1288,9.7862,0,-0.29249,12.669,3.3876
8.1288,9.757,0,-0.24929,12.505,3.4844
8.9737,9.7321,1.1977,-0.20983,12.6,0.79579
8.9737,9.7111,0,-0.17324,12.525,1.2318
8.9737,9.6938,0,-0.14268,12.452,1.2812
9.2737,9.6795,0.69527,-0.11455,12.405,0
9.3424,9.668,0.5832,-0.092213,12.37,0
9.4095,9.6588,0.50108,-0.07076,12.346,0
9.4095,9.6517,0,-0.052317,12.321,0.39744
9.5204,9.6465,0.42123,-0.035871,12.318,0
9.5204,9.6429,0,-0.022919,12.305,0.20635
9.5204,9.6406,0,-0.0093091,12.293,0.23292
9.5204,9.6397,0,-0.0010289,12.281,0.25048
9.6532,9.6396,0.13962,0.0061905,12.316,0
9.6598,9.6402,-0.039348,0.0089385,12.312,0.065121
9.6542,9.6411,-0.27997,0.0059846,12.309,0.78038
9.6281,9.6417,-0.44867,-0.0038719,12.313,1.5167
9.6281,9.6413,0,-0.015562,12.311,0
9.6281,9.6398,0,-0.030875,12.31,0
9.6281,9.6367,0,-0.05463,12.309,0
9.3662,9.6312,-0.67785,-0.075776,12.268,3.3071
9.3662,9.6236,0,-0.092872,12.242,0.33535
9.2398,9.6143,-0.43067,-0.10784,12.203,2.1278
9.1942,9.6036,-0.37715,-0.11824,12.17,1.938
9.1942,9.5917,0,-0.12367,12.129,0.56734
9.1269,9.5794,-0.46909,-0.13171,12.092,2.4699
9.1269,9.5662,0,-0.14261,12.047,0.61358
9.1269,9.5519,0,-0.16078,12.004,0.53883
9.1269,9.5359,0,-0.18315,11.962,0.45413
9.1269,9.5175,0,-0.21056,11.922,0.35933
8.6928,9.4965,-1.2738,-0.2414,11.797,10.046
8.6928,9.4724,0,-0.27617,11.718,1.0444
8.6928,9.4447,0,-0.31336,11.642,0.8901
8.2567,9.4134,-1.8644,-0.3593,11.493,20.235
8.2567,9.3775,0,-0.41019,11.38,1.4813
7.8403,9.3365,-2.618,-0.47782,11.241,41.116
7.8403,9.2887,0,-0.5532,11.094,1.864
7.8403,9.2333,0,-0.64203,10.952,1.5101
7.8403,9.1691,0,-0.73385,10.816,1.2009
7.8403,9.0958,0,-0.82207,10.686,0.96208
7.8403,9.0136,0,-0.89569,10.565,0.80567
6.3601,8.924,-0.99481,-0.94869,9.9819,10.065
6.3601,8.8291,0,-0.97907,9.7303,3.1261
6.3601,8.7312,0,-0.9918,9.4883,2.8428
6.1932,8.632,-0.23485,-5.2,9.2169,55.127
6.1932,8.112,0,-5.2,8.999,56.526
6.1932,7.592,0,-0.55139,8.8332,1.751
6.1321,7.5369,-0.04826,-5.2,8.7009,52.62
6.1321,7.0169,0,-0.32591,8.5864,1.1566
6.1321,6.9843,0,-5.2,8.4995,52.025
6.1321,6.4643,0,-0.11719,8.4403,0.43989
6.1121,6.4526,-0.2468,-0.11803,8.3988,1.1945
6.0914,6.4408,-0.41846,-0.1215,8.3717,1.9247
6.0914,6.4286,0,-0.13054,8.3374,0.41982
6.0914,6.4156,0,-0.14924,8.3043,0.35108
5.8992,6.4006,-1.1815,-0.1774,8.2526,7.9381
5.8992,6.3829,0,-0.21768,8.2033,0.53512
5.8992,6.3611,0,-5.2,8.156,43.197
5.8992,5.8411,0,-0.12803,8.1358,0
5.8992,5.8283,0,-0.19272,8.1423,0
5.0227,5.8091,-2.4093,-0.26664,7.9459,31.855
5.0227,5.7824,0,-8.8,7.8686,14.399
5.0227,4.9024,0,-0.10932,7.8367,0
5.0227,4.8915,0,-0.19116,7.8492,0
3.9478,4.8724,-2.9714,-0.27523,7.6637,10.424
3.9478,4.8448,0,-0.36003,7.5726,1.0973
3.9478,4.8088,0,-0.4487,7.4847,0.82435
3.9478,4.764,0,-8.8,7.4009,0
2.7404,3.884,-3.0336,-0.30134,7.1136,9.7558
2.7404,3.8538,0,-0.38345,7.0008,1.5389
2.1313,3.8155,-2.7563,-8.8,6.834,0
1.8622,2.9355,-2.574,-0.23055,6.7033,8.2039
1.6049,2.9124,-2.1397,-0.28625,6.5926,7.6566
1.3878,2.8838,-1.6795,-0.33562,6.4535,6.9996
1.2195,2.8502,-1.358,-8.8,6.3061,0
1.2195,1.9702,0,-0.1404,6.1871,1.3665
1.2195,1.9562,0,-0.15849,6.1127,1.2746
0.89446,1.9403,-0.75744,-0.17316,5.9861,4.2154
0.89446,1.923,0,-8.8,5.8824,0
0.89446,1.043,0,-0.025089,5.8235,0.25746
0.72279,1.0405,-0.13536,-0.028488,5.7735,1.0478
0.72279,1.0377,0,-0.03003,5.7419,0.61989
0.69803,1.0347,0.20869,-0.030712,5.692,0.20047
0.69803,1.0316,0,-0.029484,5.6585,0.66534
0.7409,1.0287,0.3708,-0.026586,5.6269,0
0.78135,1.026,0.35235,-0.022768,5.5927,0
0.82471,1.0237,0.30038,-0.018591,5.5719,0
0.82471,1.0219,0,-0.014893,5.5521,0.38922
0.82471,1.0204,0,-0.011817,5.5324,0.39358
0.82471,1.0192,0,-0.0098561,5.5129,0.39585
0.90047,1.0182,-0.15584,-0.011092,5.5238,0.65012
0.90047,1.0171,0,-8.8,5.512,0
0.90047,0.13709,0,-0.4976,5.5444,0
0.90047,0.087333,0,-0.79186,5.6232,0
0.90047,0.0081464,0,-1.0369,5.7085,0
0.90047,0,0,-1.3241,5.8029,0
0.47863,0,-1.6541,-1.6541,5.8149,0
0.47863,0,0,-1.9979,5.871,0
0.47863,0,0,-2.3155,5.9289,0
0.47863,0,0,-2.6411,5.9883,0
-0.37656,0,-2.8842,-2.8842,5.889,0.91631
-0.37656,0,0,-3.025,5.8658,0
-0.95815,0,-3.0247,-3.0247,5.7914,2.1086
-0.95815,0,0,-3.0424,5.7107,0
-0.95815,0,0,-3.1034,5.6301,0
-0.95815,0,0,-3.1572,5.5498,0
-0.95815,0,0,-3.1715,5.4698,0
-0.95815,0,0,-3.2896,5.3898,0
-0.95815,0,0,-8.8,5.3105,0
-0.95815,0,0,-8.8,5.2587,0
-0.95815,0,0,-8.8,5.2068,0
-0.95815,0,0,-8.8,5.155,0
-0.95815,0,0,-8.8,5.1032,0
-0.95815,0,0,-8.8,5.0514,0
-4.8794,0,-3.0072,-8.8,2.736,0
-4.8794,0,0,-8.805,2.292,0
-5.4758,0,-2.6151,-11.039,1.7798,0
-5.4758,0,0,-15.394,1.2874,0
-5.9875,0,-2.1818,-25.731,0.76119,0
-5.9875,0,0,-69.334,0.29109,0
-6.4117,0,-1.8871,-5561.9,0.0036969,0
-6.4117,0,0,7.8,27.172,29.678
-6.4117,0.78,0,7.8,26.492,31.277
-6.9647,1.56,-1.8206,7.8,25.646,37.835
-6.9647,2.34,0,7.8,24.755,35.609
-6.9647,3.12,0,-0.29765,23.785,20.193
-6.9647,3.0902,0,-0.32165,22.778,20.081
-6.9647,3.0581,0,-0.34802,21.774,19.96
-6.9647,3.0233,0,-0.37731,20.774,19.827
-7.9198,2.9855,-1.2744,-0.41049,19.476,24.316
-8.0512,2.9445,-1.2303,-0.44875,18.378,24.328
-8.0512,2.8996,0,-0.49262,17.28,21.558
-8.0512,2.8504,0,-0.54375,16.188,21.35
-8.0512,2.796,0,-0.60216,15.1,21.116
-8.0512,2.7358,0,-0.67176,14.018,20.846
-8.0512,2.6686,0,-0.75244,12.943,20.539
-8.6486,2.5933,-0.54002,-0.85038,11.635,22.538
-8.6486,2.5083,0,-0.96875,10.515,20.98
-8.6486,2.4114,0,-1.1106,9.4044,20.484
-8.7791,2.3004,-0.27284,-1.2918,8.276,20.716
-8.7791,2.1712,0,-1.521,7.1745,19.396
-8.8436,2.0191,-0.29412,-1.8253,6.089,19.195
-8.8436,1.8366,0,-11.653,5.0118,0
-8.8436,0.67129,0,-11.552,4.0021,0
-8.9017,0,-0.031868,-12.736,3.1186,0
-8.9017,0,0,-17.264,2.2921,0
-8.9017,0,0,-26.856,1.4883,0
-8.9017,0,0,-55.749,0.7324,0
-8.9017,0,0,-400.46,0.12097,0
-8.9798,0,-0.60678,-33.986,1.2079,0
-8.9798,0,0,-88.135,0.47984,0
-8.9798,0,0,-5613.1,0.022536,0
-8.9798,0,0,7.8,27.19,34.943
-8.9798,0.78,0,7.8,26.253,36.542
-9.3048,1.56,-0.69869,7.8,25.149,40.275
-9.3801,2.34,-0.70257,7.8,24.013,42.037
-9.4415,3.12,-0.71639,-0.38268,22.788,26.597
-9.4415,3.0817,0,-0.41608,21.534,24.943
-9.4415,3.0401,0,-0.45448,20.284,24.777
-9.6738,2.9947,-0.59776,-0.49901,18.986,26.322
-9.7258,2.9448,-0.42784,-0.54914,17.721,25.864
-9.7646,2.8899,-0.26322,-0.60772,16.449,25.362
-9.7646,2.8291,0,-0.67531,15.186,24.543
-9.7646,2.7616,0,-0.75598,13.93,24.235
-9.7646,2.686,0,-0.85204,12.681,23.878
-9.8422,2.6008,-0.42255,-0.97084,11.44,24.5
-9.8787,2.5037,-0.62173,-1.1214,10.195,24.478
-9.8787,2.3915,0,-1.3134,8.9622,22.538
-9.8787,2.2602,0,-1.5693,7.7418,21.731
-10.145,2.1033,-1.4592,-1.9285,6.5055,24.267
-10.285,1.9104,-1.8078,-15.903,5.2762,0
-10.47,0.32015,-2.1996,-16.283,4.1331,0
-10.695,0,-2.5189,-20.769,3.1339,0
-10.695,0,0,-30.385,2.1682,0
-10.695,0,0,-54.796,1.2506,0
-10.695,0,0,-189.84,0.45509,0
-10.695,0,0,-500.56,0.33478,0
-10.695,0,0,-53.111,1.7681,0
-10.695,0,0,-158.77,0.96412,0
-12.559,0,-2.2085,-2559.5,0.030839,0
-12.559,0,0,-1.8626,11.572,21.976
-12.559,0,0,-1.3556,10.326,23.042
-13.1,0,-0.74163,-0.74163,8.967,27
-13.182,0,-0.36038,-0.36038,7.6643,27.167
-13.182,0,0,-0.049831,6.3479,27.063
-13.182,0,0,0.26383,5.03,27.722
-13.21,0.026383,0.38744,-23.207,3.7128,0
-13.21,0,0,-34.197,2.5052,0
-13.136,0,0.26919,-62.966,1.3643,0
-13.136,0,0,-240.15,0.36559,0
-13.136,0,0,-346.4,0.25279,0
-13.136,0,0,-127.39,0.6712,0
-13.136,0,0,9.8,0.99677,47.665
-13.136,0.98,0,9.8,0.98524,49.674
-13.136,1.96,0,9.8,0.96133,51.683
-13.136,2.94,0,9.8,0.95034,53.692
-13.136,3.92,0,9.8,0.93727,55.701
-13.136,4.9,0,9.8,0.91986,57.71
-12.98,5.88,-0.24921,9.8,1,59.923
-13.011,6.86,-0.4127,9.8,1,62.339
-13.058,7.84,-0.57215,9.8,1,64.779
-13.058,8.82,0,9.8,1.0022,65.586
-13.058,9.8,0,9.8,1.0162,67.595
-13.268,10.78,-1.1031,9.8,1,72.354
-13.376,11.76,-1.3551,9.8,1,75.113
-13.376,12.74,0,9.8,1.0158,74.275
-13.68,13.72,-1.8837,9.8,1,80.864
-13.68,14.7,0,9.8,1.0066,78.915
-13.68,15.68,0,9.8,1.029,80.924
-14.322,16.66,-2.7182,9.8,1,89.961
-14.593,17.64,-2.8901,9.8,1,92.888
-14.593,18.62,0,9.8,1.0069,88.824
-14.593,19.6,0,9.8,1.0565,90.833
-14.593,20.58,0,9.8,1.1192,92.842
-14.593,21.56,0,9.8,1.2121,94.851
-14.593,22.54,0,9.8,1.3347,96.86
-15.968,23.52,-0.80321,9.8,1,103.38
-15.968,24.5,0,9.8,0.99763,103.7
-15.968,25.48,0,9.8,1.0104,105.71
-15.968,26.46,0,9.8,1.0281,107.71
-15.968,27.44,0,9.8,1.0692,109.72
-16.704,28.42,-3.6254,9.8,1,120.86
-16.704,29.4,0,9.8,1.0213,115.25
-16.704,30.38,0,9.8,1.073,117.26
-16.704,31.36,0,9.8,1.1617,119.27
-16.704,32.34,0,9.8,1.2932,121.28
-16.704,33.32,0,9.8,1.4691,123.29
-16.704,34.3,0,9.8,1.6725,125.29
-16.704,35.28,0,9.8,1.8921,127.3
-16.704,36.26,0,9.8,2.1466,129.31
-19.505,37.24,-0.93166,9.8,1,139.02
-19.505,38.22,0,9.8,1.0045,139.07
-19.505,39.2,0,9.8,1.0155,141.08
-19.505,40.18,0,9.8,1.023,143.09
-19.635,41.16,0.27419,9.8,1,144.79
-19.635,42.14,0,9.8,1.0081,147.38
-19.635,43.12,0,9.8,1.0016,149.38
-19.635,44.1,0,9.8,0.99133,151.39
-19.635,45.08,0,9.8,0.98393,153.4
-19.635,46.06,0,9.8,0.97061,155.41
-19.31,47.04,1.2487,9.8,1,154.13
-19.192,48.02,1.3873,9.8,1,155.61
-19.047,49,1.398,9.8,1,157.3
-18.9,49.98,1.3345,9.8,1,159.14
-18.766,50.96,1.2158,9.8,1,161.12
-18.64,51.94,1.0973,9.8,1,163.12
-18.532,52.92,0.97661,9.8,1,165.16
-18.532,53.9,0,9.8,0.98666,169.22
-18.351,54.88,0.61041,9.8,1,169.58
-18.351,55.86,0,9.8,0.99245,172.87
-18.26,56.84,0.312,9.8,1,174.04
-18.26,57.82,0,9.8,0.99341,176.7
-18.215,58.8,0.16377,9.8,1,178.27
-18.215,59.78,0,9.8,0.99307,180.63
-18.215,60.76,0,9.8,0.98222,182.63
-18.215,61.74,0,9.8,0.9835,184.64
-18.071,62.72,0.87227,9.8,1,184.53
-18.071,63.7,0,9.8,0.99842,188.37
-18.071,64.68,0,9.8,0.99233,190.38
-18.071,65.66,0,9.8,0.96636,192.39
-17.577,66.64,1.6092,9.8,1,190
-17.425,67.62,1.5956,9.8,1,191.73
-17.425,68.6,0,9.8,0.98519,197.09
-17.425,69.58,0,9.8,0.96338,199.1
-16.955,70.56,1.5572,9.8,1,196.87
-16.792,71.54,1.585,9.8,1,198.49
-16.633,72.52,1.5545,9.8,1,200.23
-16.633,73.5,0,9.8,0.99467,205.51
-16.633,74.48,0,9.8,0.96724,207.52
-16.633,75.46,0,9.8,0.92291,209.53
-16.038,76.44,1.3203,9.8,1,207.54
-16.038,77.42,0,9.8,0.99323,212.33
-16.038,78.4,0,9.8,0.98374,214.33
-15.68,79.38,1.0778,9.8,1,213.34
-15.576,80.36,0.86756,9.8,1,215.58
-15.487,81.34,0.69745,9.8,1,217.77
-15.413,82.32,0.58701,9.8,1,219.86
-15.357,83.3,0.45692,9.8,1,222.02
-15.319,84.28,0.37396,9.8,1,224.13
-15.319,85.26,0,9.8,0.996,226.92
-15.236,86.24,0.38704,9.8,1,227.95
-15.236,87.22,0,9.8,1.001,230.77
-15.236,88.2,0,9.8,0.98771,232.78
-15.236,89.18,0,9.8,0.9821,234.79
-15.236,90.16,0,9.8,0.97884,236.8
-15.075,91.14,0.28086,9.8,1,237.89
-15.075,92.12,0,9.8,0.99979,240.49
-15.075,93.1,0,9.8,0.99538,242.49
-15.075,94.08,0,9.8,0.97978,244.5
-15.075,95.06,0,9.8,0.96557,246.51
-14.92,96.04,0.29342,9.8,1,247.59
-14.881,97.02,0.27358,9.8,1,249.56
-14.881,98,0,9.8,1.0018,252.14
-14.881,98.98,0,9.8,0.99841,254.15
-14.813,99.96,0.16891,9.8,1,255.67
-14.813,100.94,0,9.8,1.0003,258.03
-14.813,101.92,0,9.8,0.99335,260.04
-14.786,102.9,0.033472,9.8,1,261.92
-14.787,103.88,0.030704,9.8,1,263.94
-14.776,104.86,0.056456,9.8,1,265.87
-14.776,105.84,0,9.8,1.0082,268
-14.776,106.82,0,9.8,1.0022,270.01
-14.753,107.8,0.21784,9.8,1,271.51
-14.753,108.78,0,9.8,0.99495,273.98
-14.753,109.76,0,9.8,0.99726,275.99
-14.753,110.74,0,9.8,0.99866,278
-14.753,111.72,0,9.8,0.98571,280.01
-14.753,112.7,0,9.8,0.97705,282.02
-14.753,113.68,0,9.8,0.96447,284.02
-14.753,114.66,0,9.8,0.94638,286.03
-14.753,115.64,0,9.8,0.93439,288.04
-14.753,116.62,0,9.8,0.90387,290.05
-14.476,117.6,0.31503,9.8,1,290.83
-14.454,118.58,0.34241,9.8,1,292.74
-14.417,119.56,0.39784,9.8,1,294.55
-14.382,120.54,0.50258,9.8,1,296.27
-14.382,121.52,0,9.8,0.98837,299.34
-14.25,122.5,0.95929,9.8,1,299.06
-14.145,123.48,1.2302,9.8,1,300.28
-14.145,124.46,0,9.8,0.99082,304.88
-13.872,125.44,1.5411,9.8,1,303.09
-13.72,126.42,1.5112,9.8,1,304.85
-13.567,127.4,1.352,9.8,1,306.88
-13.425,128.38,1.1507,9.8,1,309.02
-13.307,129.36,0.93136,9.8,1,311.25
-13.307,130.34,0,9.8,1.0017,315.21
-13.13,131.32,0.60014,9.8,1,315.6
-13.13,132.3,0,9.8,0.99914,318.87
-13.023,133.28,0.4056,9.8,1,319.81
-13.023,134.26,0,9.8,0.99224,322.67
-13.023,135.24,0,9.8,0.99205,324.68
-13.023,136.22,0,9.8,0.97632,326.69
-13.023,137.2,0,9.8,0.9674,328.69
-12.842,138.18,0.40254,9.8,1,329.49
-12.811,139.16,0.41063,9.8,1,331.41
-12.763,140.14,0.39621,9.8,1,333.36
-12.763,141.12,0,9.8,0.98805,336.2
-12.763,142.1,0,9.8,0.98728,338.21
-12.763,143.08,0,9.8,0.98509,340.21
-12.65,144.06,0.22302,9.8,1,341.52
-12.65,145.04,0,9.8,1.0068,344
-12.65,146.02,0,9.8,0.99812,346.01
-12.65,147,0,9.8,0.99126,348.02
-12.65,147.98,0,9.8,0.98226,350.03
