0,0,0.061046,0,35.5,0
0.00051172,0,0.020776,7.8,35.504,73.814
0.0060149,0.78,0.085261,7.8,35.458,77.936
0.013569,1.56,0.086429,7.8,35.337,83.367
0.013569,2.34,0,7.8,35.143,90.77
0.037157,3.12,0.11106,7.8,34.886,93.783
0.053211,3.9,0.088574,7.8,34.546,99.757
0.053211,4.68,0,7.8,34.122,107.38
0.053211,5.46,0,7.8,33.62,113.06
0.053211,6.24,0,6.7,33.041,104.65
0.053211,6.91,0,6.7,32.388,109.51
0.053211,7.58,0,6.7,31.669,114.39
0.053211,8.25,0,-0.44009,30.883,34.078
-0.16049,8.206,-0.84033,-0.45988,30.01,36.15
-0.24488,8.16,-0.85071,-0.4811,29.175,36.206
-0.24488,8.1119,0,-0.50399,28.336,34.272
-0.24488,8.0615,0,-0.52892,27.503,34.116
-0.24488,8.0086,0,-0.55565,26.675,33.952
-0.58909,7.953,-0.82526,-0.58335,25.777,36.219
-0.58909,7.8947,0,-0.61316,24.926,34.303
-0.75361,7.8334,-1.014,-0.64577,24.074,36.577
-0.75361,7.7688,0,-0.68277,23.219,34.236
-0.75361,7.7005,0,-0.72431,22.37,34.009
-1.1082,7.6281,-1.6157,-0.77084,21.476,37.884
-1.2749,7.551,-1.879,-0.82459,20.606,38.508
-1.2749,7.4686,0,-0.88706,19.728,34.26
-1.6775,7.3799,-2.4567,-0.9594,18.812,39.913
-1.9164,7.2839,-2.8076,-1.0439,17.891,40.766
-1.9164,7.1795,0,-1.1434,16.976,34.444
-2.5074,7.0652,-3.414,-1.26,16.028,42.35
-2.5074,6.9392,0,-1.4011,15.077,34.621
-2.5074,6.7991,0,-1.5682,14.139,33.983
-2.5074,6.6423,0,-1.761,13.217,33.256
-3.884,6.4662,-2.9421,-1.989,12.025,41.42
-3.884,6.2673,0,-2.2549,11,34.272
-4.4428,6.0418,-2.4376,-2.5649,9.9371,39.426
-4.69,5.7853,-2.3371,-2.94,8.8872,38.407
-4.9291,5.4913,-2.306,-3.3986,7.8416,37.266
-5.16,5.1514,-2.3148,-10.13,6.8023,22.916
-5.16,4.1384,0,-10.068,5.8218,16.105
-5.16,3.1316,0,-9.8941,4.9423,14.407
-5.16,2.1422,0,-9.6947,4.1626,12.798
-5.16,1.1727,0,-9.4337,3.4808,11.359
-6.1797,0.22933,-1.2602,-9.1349,2.6081,14.791
-6.1797,0,0,-10.899,2.0129,7.9667
-6.1797,0,0,-15.254,1.4494,0
-6.1797,0,0,-25.371,0.90768,0
-6.1797,0,0,-67.583,0.41656,0
-6.1797,0,0,9.8,1.1401,51.46
-6.597,0.98,-0.2082,-97.114,0.29622,0
-6.6201,0,-0.040892,-1327,0.016513,0
-6.6315,0,0.22096,0.22096,5.9901,31.794
-6.6193,0.022096,0.49864,0.49864,5.3364,31.815
-6.573,0.07196,0.74785,-8.8,4.6709,11.759
-6.573,0,0,-8.8,4.0504,13.183
-6.573,0,0,-8.8,3.4371,13.183
-6.573,0,0,-8.8,2.8238,13.183
-6.573,0,0,-8.8,2.2104,13.183
-6.573,0,0,-9.3788,1.5971,11.967
-6.573,0,0,-13.713,0.98674,2.859
-6.573,0,0,-24.462,0.398,0
-5.6363,0,1.2851,-79.89,0.19567,0
-5.5051,0,1.2628,-404.51,0.037343,0
-5.3697,0,1.2371,-8.8,1.5092,8.1171
-5.3697,0,0,-12.178,1.0163,3.618
-5.3697,0,0,-21.779,0.5402,0
-5.007,0,1.1915,-67.856,0.18154,0
-5.007,0,0,-607.86,0.020124,0
-4.7799,0,1.1921,-8.8,2.5844,7.0026
-4.7799,0,0,-8.8,2.1504,9.5074
-4.5483,0,1.2214,-8.8,1.7562,6.4662
-4.5483,0,0,-8.8,1.3454,9.0327
-4.2958,0,1.4092,-8.8,0.94793,5.554
-4.1569,0,1.5735,-13.647,0.56765,0
-4.0012,0,1.7645,-32.452,0.23395,0
-3.8273,0,1.9405,-1887.5,0.0038765,0
-3.8273,0,0,2.0678,9.0584,30.391
-3.8273,0.20678,0,2.1228,8.6654,30.93
-3.8273,0.41906,0,2.1562,8.2513,31.435
-3.8273,0.63468,0,2.1946,7.8159,31.958
-2.7759,0.85414,2.2412,2.2412,7.6139,25.641
-2.7759,1.0783,0,-0.23196,7.2397,25.613
-2.7759,1.0551,0,-0.22889,6.8555,25.572
-2.0811,1.0322,2.3856,-0.22368,6.568,19.099
-1.851,1.0098,2.4221,-0.21624,6.2785,18.52
-1.5998,0.98818,2.4559,-0.20618,5.9959,17.911
-1.5998,0.96756,0,-0.19305,5.7381,23.057
-1.5998,0.94825,0,-0.17751,5.4823,23.05
-1.5998,0.9305,0,-8.8,5.2284,4.8957
-1.5998,0.050502,0,2.488,5.0194,26.811
-0.34445,0.2993,2.4333,2.4333,5.1615,19.519
-0.10366,0.54263,2.3761,-8.8,5.1061,0
0.12473,0,2.3425,2.3425,5.1044,0
0.35547,0.23425,2.2973,-8.8,5.1157,0
0.35547,0,0,2.24,5.1718,11.464
0.35547,0.224,0,2.2051,5.1962,12.311
0.35547,0.44451,0,2.1766,5.1983,13.204
1.2362,0.66217,2.1197,2.1197,5.3333,0
1.2362,0.87414,0,-8.8,5.3801,0
1.2362,0,0,2.0533,5.4603,5.8338
1.865,0.20533,2.0094,2.0094,5.6529,0
1.865,0.40627,0,1.9541,5.8088,4.1951
2.2658,0.60169,1.877,1.877,6.0002,0
2.2658,0.78939,0,1.781,6.1572,3.0304
2.2658,0.96749,0,4.9,6.2959,31.742
2.2658,1.4575,0,4.9,6.4013,34.828
2.2658,1.9475,0,3.8383,6.4576,26.621
3.1191,2.3313,1.691,2.2317,6.6739,0
3.1191,2.5545,0,1.7905,6.7415,6.9835
3.1191,2.7335,0,1.6044,6.789,6.4684
3.1191,2.894,0,1.469,6.8195,6.2393
3.7514,3.0409,1.1954,1.3408,6.96,0
3.865,3.175,1.0034,1.222,7.0272,0
3.865,3.2972,0,1.1281,7.0901,2.7521
4.0685,3.41,0.84363,1.0543,7.1744,0
4.0685,3.5154,0,0.98024,7.235,2.0309
4.0685,3.6134,0,0.91252,7.2854,2.0323
4.0685,3.7047,0,0.87292,7.3264,2.1502
4.0685,3.792,0,0.84023,7.3584,2.2889
4.0685,3.876,0,0.80799,7.3818,2.4188
4.0685,3.9568,0,0.76763,7.397,2.4969
4.0685,4.0335,0,0.73543,7.4044,2.6019
4.0685,4.1071,0,0.70557,7.4042,2.7077
4.0685,4.1776,0,0.66248,7.3968,2.7363
4.7647,4.2439,0.43418,0.62252,7.7894,0
4.8065,4.3061,0.3844,0.58653,7.8305,0
4.8521,4.3648,0.36335,0.56113,7.8728,0
4.8905,4.4209,0.35542,0.53161,7.9123,0
4.8905,4.4741,0,0.51078,7.9566,0.44349
4.9729,4.5251,0.37317,0.49226,7.9966,0
5.015,4.5744,0.37208,0.47809,8.0417,0
5.015,4.6222,0,0.4712,8.0834,0.37069
5.015,4.6693,0,0.44978,8.1203,0.4243
5.015,4.7143,0,0.44555,8.1527,0.53128
5.015,4.7588,0,0.42349,8.1805,0.57582
5.2045,4.8012,0.39086,0.41243,8.24,0
5.2045,4.8424,0,0.40836,8.2783,0.24487
5.2045,4.8833,0,0.40476,8.3124,0.33933
5.3349,4.9237,0.4402,0.40787,8.3479,0
5.3349,4.9645,0,0.41059,8.387,0.23042
5.3349,5.0056,0,0.40814,8.4219,0.32907
5.4716,5.0464,0.58582,0.41053,8.4794,0
5.5277,5.0875,0.628,0.42087,8.5143,0
5.5962,5.1295,0.59127,0.44226,8.5643,0
5.5962,5.1738,0,0.45723,8.6087,0.24568
5.7093,5.2195,0.42337,0.45495,8.6489,0
5.7093,5.265,0,0.44053,8.6957,0.13511
5.7677,5.309,0.21155,0.41815,8.7453,0
5.7677,5.3509,0,0.39499,8.7891,0.064321
5.7971,5.3904,0.1039,0.36525,8.8456,0
5.8154,5.4269,0.054925,0.34643,8.8881,0
5.8154,5.4615,0,0.31005,8.9252,0
5.8154,5.4925,0,0.27531,8.9591,0
5.8154,5.5201,0,0.24501,8.99,0
5.8154,5.5446,0,0.22069,9.0183,0
5.7875,5.5666,-0.10393,0.1917,9.0426,0.25715
5.7708,5.5858,-0.15127,0.16003,9.0703,0.39927
5.7708,5.6018,0,0.13952,9.088,0
5.7708,5.6158,0,0.10543,9.1042,0
5.7085,5.6263,-0.35876,0.070734,9.1376,1.1372
5.7085,5.6334,0,0.040589,9.1455,0
5.6394,5.6374,-0.50257,0.0017002,9.1479,1.7514
5.6394,5.6376,0,-0.011233,9.1481,0
5.5474,5.6365,-0.58949,-0.023243,9.1305,2.4051
5.5474,5.6342,0,-0.03822,9.1217,0.097542
5.5474,5.6303,0,-0.054595,9.1133,0.055762
5.3599,5.6249,-0.77083,-0.069659,9.0769,3.9795
5.3599,5.6179,0,-0.088484,9.0507,0.34637
5.3599,5.6091,0,-0.10767,9.0254,0.28491
5.3599,5.5983,0,-0.13347,9.001,0.2089
4.9746,5.5849,-1.2826,-0.16435,8.9053,9.7953
4.9746,5.5685,0,-0.19385,8.8451,0.83288
4.7126,5.5491,-1.6618,-0.22983,8.7602,15.918
4.7126,5.5261,0,-0.27144,8.6777,1.1358
4.7126,5.499,0,-0.32275,8.5977,0.94303
4.7126,5.4667,0,-0.37802,8.5207,0.7518
3.9149,5.4289,-2.7456,-0.44379,8.3034,11.23
3.64,5.3845,-3.3847,-0.52431,8.1347,12.222
3.64,5.3321,0,-0.62996,7.9629,2.2375
3.64,5.2691,0,-0.75863,7.7968,1.7489
3.64,5.1932,0,-8.8,7.6377,0
3.64,4.3132,0,-0.65917,7.5264,0.29124
3.64,4.2473,0,-8.8,7.4623,0
3.64,3.3673,0,-0.4438,7.4456,0
3.64,3.323,0,-8.8,7.4751,0
1.6429,2.443,1.3344,-0.15027,6.4476,0.89038
1.6429,2.4279,0,-0.12568,6.3684,1.5032
1.6429,2.4154,0,-0.10323,6.2905,1.5447
1.6429,2.405,0,-0.090837,6.2138,1.559
1.6429,2.3959,0,-0.076325,6.138,1.5842
1.6429,2.3883,0,-0.065402,6.0631,1.6013
1.6429,2.3818,0,-8.8,5.9889,0
2.1713,1.5018,0.69057,3.7006,6.196,14.873
2.1713,1.8718,0,1.4504,6.2445,5.792
2.1713,2.0169,0,0.98747,6.2672,3.5146
2.1713,2.1156,0,0.78268,6.2777,2.7698
2.1713,2.1939,0,0.71323,6.2793,2.6903
2.1713,2.2652,0,0.67047,6.2735,2.7233
2.5657,2.3323,0.63255,0.63543,6.3858,0
2.5657,2.3958,0,0.58548,6.406,1.4569
2.5657,2.4544,0,0.59356,6.4201,1.6762
2.5657,2.5137,0,0.58727,6.4282,1.8381
2.8123,2.5724,0.62967,0.56055,6.4675,0
2.8123,2.6285,0,0.55703,6.4887,1.2943
2.9426,2.6842,0.62951,0.56665,6.519,0
2.9426,2.7409,0,0.55767,6.5421,1.2422
2.9426,2.7966,0,0.54383,6.5595,1.3547
2.9426,2.851,0,0.5479,6.5713,1.5397
2.9426,2.9058,0,0.55826,6.5778,1.7572
3.2646,2.9616,0.62617,0.57271,6.6364,0
3.3312,3.0189,0.6262,0.57388,6.6656,0
3.3312,3.0763,0,0.57088,6.694,1.1359
3.3312,3.1334,0,0.56759,6.7166,1.2955
3.3312,3.1901,0,0.57033,6.7336,1.482
3.3312,3.2472,0,0.56694,6.7448,1.646
3.6583,3.3039,0.9102,0.57285,6.8335,0
3.7528,3.3611,1.0674,0.61767,6.8659,0
3.7528,3.4229,0,0.67517,6.902,1.3431
3.7528,3.4904,0,0.739,6.9316,1.8475
4.1117,3.5643,1.3615,0.79717,7.0094,0
4.1117,3.644,0,0.85944,7.0602,1.7327
4.3877,3.73,1.3044,0.90186,7.1333,0
4.3877,3.8202,0,0.93185,7.1945,1.7436
4.3877,3.9134,0,0.94994,7.2466,2.1524
4.7742,4.0084,1.2327,0.95476,7.3363,0
4.7742,4.1038,0,0.95724,7.4081,1.5197
4.7742,4.1996,0,0.9522,7.4704,1.8182
5.1415,4.2948,1.2453,0.969,7.5846,0
5.2567,4.3917,1.2531,0.96361,7.673,0
5.2567,4.488,0,0.963,7.7547,1.2221
5.2567,4.5843,0,0.97373,7.8267,1.5915
5.2567,4.6817,0,0.97479,7.8891,1.928
5.2567,4.7792,0,0.97418,7.9417,2.2642
5.8755,4.8766,1.3997,0.98208,8.1165,0
5.8755,4.9748,0,0.99285,8.2115,0.93038
6.1486,5.0741,1.5409,1.0107,8.3205,0
6.1486,5.1752,0,1.0377,8.4229,0.89811
6.1486,5.2789,0,1.0582,8.515,1.3332
6.1486,5.3848,0,1.0753,8.5967,1.7761
6.1486,5.4923,0,1.0788,8.6677,2.1705
6.1486,5.6002,0,1.0829,8.7279,2.5793
6.9944,5.7085,1.2054,1.0709,9.0515,0
6.9944,5.8156,0,1.0643,9.1748,0.36599
7.2194,5.922,0.99576,1.0421,9.3107,0
7.3114,6.0262,0.85745,1.0153,9.4425,0
7.3954,6.1277,0.70057,0.98542,9.569,0
7.475,6.2263,0.53266,0.95693,9.7028,0
7.475,6.322,0,0.90873,9.8228,0
7.5645,6.4128,0.21474,0.8591,9.9494,0
7.5645,6.4987,0,0.80152,10.06,0
7.5956,6.5789,-0.10905,0.74089,10.167,0.006805
7.5937,6.653,-0.25313,0.67832,10.261,0.58851
7.5937,6.7208,0,0.61087,10.352,0
7.5937,6.7819,0,0.53985,10.436,0
7.5937,6.8359,0,0.46306,10.514,0
7.5937,6.8822,0,0.39388,10.588,0
7.5937,6.9216,0,0.34145,10.657,0
7.5937,6.9557,0,0.28486,10.723,0
7.3137,6.9842,-0.46345,0.22749,10.706,1.5318
7.3137,7.007,0,0.17989,10.738,0
7.3137,7.0249,0,0.13334,10.768,0
7.3137,7.0383,0,0.090497,10.796,0
7.3137,7.0473,0,0.056746,10.823,0
7.3137,7.053,0,0.035784,10.85,0
7.3137,7.0566,0,0.018579,10.875,0
7.3137,7.0584,0,0.012301,10.901,0
7.3137,7.0597,0,0.0032992,10.927,0
7.3137,7.06,0,0.0042906,10.952,0
7.075,7.0604,0.0069479,0.0099534,10.811,0
7.0736,7.0614,0.022214,0.0082937,10.81,0
7.0736,7.0623,0,0.0092092,10.811,0
7.0736,7.0632,0,0.016774,10.812,0.014314
7.0736,7.0649,0,0.0313,10.813,0.049763
7.1429,7.068,0.43985,0.05118,10.823,0
7.1429,7.0731,0,0.083965,10.83,0.039613
7.2539,7.0815,0.63264,0.11773,10.851,0
7.2539,7.0933,0,0.14636,10.867,0
7.3688,7.1079,0.59052,0.17773,10.896,0
7.4205,7.1257,0.60776,0.20045,10.927,0
7.4205,7.1457,0,0.22473,10.955,0
7.4205,7.1682,0,0.24618,10.982,0.037309
7.5947,7.1928,0.60507,0.27133,11.033,0
7.6524,7.2199,0.60436,0.29133,11.084,0
7.6524,7.2491,0,0.31554,11.126,0
7.78,7.2806,0.60066,0.33373,11.159,0
7.8383,7.314,0.60012,0.34897,11.204,0
7.8383,7.3489,0,0.36195,11.255,0
7.9495,7.3851,0.60294,0.37272,11.309,0
7.9495,7.4224,0,0.38092,11.363,0
8.0619,7.4605,0.60018,0.39398,11.421,0
8.0619,7.4999,0,0.40682,11.48,0
8.1786,7.5405,0.59796,0.41474,11.552,0
8.1786,7.582,0,0.42178,11.613,0
8.296,7.6242,0.60076,0.43278,11.674,0
8.296,7.6675,0,0.44034,11.739,0
8.296,7.7115,0,0.44444,11.8,0
8.296,7.7559,0,0.45682,11.856,0
8.296,7.8016,0,0.46326,11.908,0.078473
8.296,7.848,0,0.47436,11.955,0.23444
8.296,7.8954,0,0.48541,11.997,0.39811
8.296,7.9439,0,0.49009,12.035,0.54704
8.296,7.9929,0,0.48871,12.067,0.67843
8.296,8.0418,0,0.49568,12.095,0.84284
8.9078,8.0914,0.60541,0.50314,12.418,0
