1.1111,1.1111,0.78517,0,35.5,0
1.1906,1.1111,0.81502,7.8,35.501,58.292
1.2743,1.8911,0.77847,7.8,35.465,63.542
1.3518,2.6711,0.77714,7.8,35.372,68.265
1.4323,3.4511,0.76736,7.8,35.196,73.165
1.5113,4.2311,0.72798,7.8,34.952,78.685
1.5903,5.0111,0.67391,7.8,34.651,84.561
1.6578,5.7911,0.59651,7.8,34.278,91.065
1.6578,6.5711,0,6.7,33.826,95.462
1.6578,7.2411,0,6.7,33.301,100.29
1.7927,7.9111,0.24376,6.7,32.74,98.819
1.7927,8.5811,0,6.7,32.095,109.01
1.7927,9.2511,0,-0.43104,31.383,29.823
1.8409,9.208,0.1196,-0.44322,30.637,27.643
1.8595,9.1637,0.14205,-0.4552,29.895,26.9
1.8595,9.1182,0,-0.46702,29.167,28.322
1.8595,9.0715,0,-0.48007,28.443,27.93
1.8595,9.0235,0,-0.49374,27.724,27.525
1.8595,8.9741,0,-0.50729,27.01,27.116
1.9303,8.9234,0.17111,-0.52181,26.341,24.232
1.9303,8.8712,0,-0.53725,25.645,25.855
1.9303,8.8174,0,-0.55165,24.953,25.42
1.9303,8.7623,0,-0.56564,24.267,24.983
2.0693,8.7057,0.73246,-0.57867,23.584,16.399
2.1362,8.6479,0.82619,-0.59028,22.935,15.005
2.1362,8.5888,0,-0.60017,22.287,22.59
2.3124,8.5288,0.84326,-0.61063,21.648,13.487
2.3124,8.4677,0,-0.62064,21.03,20.818
2.3124,8.4057,0,-0.63008,20.417,20.408
2.3124,8.3427,0,-0.63989,19.811,19.993
2.3124,8.2787,0,-0.64778,19.211,19.591
2.3124,8.2139,0,-0.65515,18.618,19.192
2.3124,8.1484,0,-0.6612,18.031,18.803
2.9535,8.0823,1.4199,-0.66493,17.664,6.403
2.9535,8.0158,0,-0.66354,17.155,14.927
2.9535,7.9494,0,-0.65707,16.652,14.659
2.9535,7.8837,0,-0.64452,16.155,14.441
2.9535,7.8193,0,-0.62502,15.666,14.283
3.8894,7.7568,2.4469,-0.60242,15.385,3.5496
3.8894,7.6965,0,-0.57326,15.001,9.8649
4.396,7.6392,2.773,-0.53792,14.663,4.1672
4.396,7.5854,0,-0.495,14.342,7.8127
4.9616,7.5359,2.9389,-0.45007,14.077,5.0641
4.9616,7.4909,0,-0.39822,13.821,5.8426
4.9616,7.4511,0,-0.34478,13.57,5.9876
4.9616,7.4166,0,-0.2887,13.323,6.171
4.9616,7.3877,0,-0.23088,13.079,6.3906
4.9616,7.3646,0,-0.17052,12.838,6.6532
6.7583,7.3476,2.997,-0.11213,13.153,7.7335
7.0544,7.3364,2.9549,-0.053847,13.112,8.0128
7.0544,7.331,0,0.011381,13.084,0.64328
7.0544,7.3321,0,0.22762,13.056,1.356
7.0544,7.3549,0,0.42765,13.027,2.2551
8.1771,7.3977,2.5913,0.58978,13.219,3.88
8.1771,7.4566,0,0.73625,13.294,0.41497
8.6907,7.5303,2.4129,0.86344,13.41,2.0634
8.6907,7.6166,0,0.97293,13.522,0.30593
9.171,7.7139,2.3181,1.0602,13.683,1.0577
9.171,7.8199,0,1.1382,13.824,0.14683
9.625,7.9337,2.2483,1.1992,14.011,0.41612
9.8579,8.0536,2.2375,1.2614,14.184,0.22349
9.8579,8.1798,0,1.3115,14.358,0
9.8579,8.3109,0,1.3585,14.52,0.49759
10.531,8.4468,2.0687,1.3934,14.753,0
10.531,8.5861,0,1.4238,14.955,0
10.531,8.7285,0,1.4404,15.142,0.04105
11.147,8.8725,1.8054,1.4571,15.419,0
11.147,9.0182,0,1.4648,15.639,0
11.147,9.1647,0,1.4506,15.845,0
11.147,9.3098,0,1.4304,16.036,0
11.756,9.4528,0.91625,1.3974,16.341,0
11.756,9.5926,0,1.3534,16.565,0
11.756,9.7279,0,1.3056,16.774,0
11.756,9.8585,0,1.2659,16.97,0
12.1,9.9851,0.82389,1.2265,17.207,0
12.1,10.108,0,1.1923,17.412,0
12.1,10.227,0,1.1623,17.605,0
12.1,10.343,0,1.1271,17.787,0
12.1,10.456,0,1.0883,17.957,0
12.1,10.565,0,1.0564,18.116,0
12.1,10.67,0,1.0279,18.264,0
12.1,10.773,0,0.99361,18.402,0
12.1,10.872,0,0.95371,18.53,0
12.1,10.968,0,0.91149,18.648,0
12.656,11.059,-0.13267,0.85635,19.09,0
12.656,11.145,0,0.79647,19.245,0
12.656,11.224,0,0.73987,19.392,0
12.656,11.298,0,0.6841,19.532,0
12.656,11.367,0,0.62111,19.664,0
12.656,11.429,0,0.56498,19.79,0
12.456,11.485,-0.59272,0.50613,19.869,1.4045
12.456,11.536,0,0.44858,19.963,0
12.334,11.581,-0.75556,0.39083,20.054,2.6014
12.334,11.62,0,0.3331,20.128,0
12.334,11.653,0,0.27982,20.197,0
12.124,11.681,-0.78497,0.22829,20.238,3.0562
12.124,11.704,0,0.1741,20.281,0
12.124,11.721,0,0.12532,20.322,0
12.124,11.734,0,0.077533,20.362,0
12.124,11.742,0,0.031872,20.4,0
11.72,11.745,-0.89467,-0.0038896,20.331,4.3307
11.625,11.744,-0.89416,-0.018455,20.315,4.6407
11.625,11.743,0,-0.030808,20.303,0.17874
11.447,11.74,-0.99816,-0.045255,20.275,6.1395
11.447,11.735,0,-0.06048,20.246,0.47984
11.447,11.729,0,-0.072481,20.218,0.43688
11.176,11.722,-1.0621,-0.085033,20.146,7.6859
11.066,11.713,-1.1328,-0.10136,20.085,8.8261
11.066,11.703,0,-0.1174,20.021,1.15
11.066,11.691,0,-0.13139,19.958,1.0793
11.066,11.678,0,-0.14738,19.896,1.0013
11.066,11.663,0,-0.16212,19.836,0.92531
10.552,11.647,-0.99442,-0.17663,19.654,9.0184
10.456,11.63,-0.99022,-0.19096,19.533,9.2581
10.456,11.611,0,-0.20718,19.416,2.2285
10.239,11.59,-1.0904,-0.22371,19.28,11.025
10.132,11.567,-1.0327,-0.24008,19.138,10.668
10.034,11.543,-1.1138,-0.25509,18.996,11.888
9.921,11.518,-1.2369,-0.27286,18.842,13.786
9.921,11.491,0,-0.29165,18.684,3.1191
9.6667,11.461,-1.426,-0.31433,18.503,17.294
9.6667,11.43,0,-0.33887,18.325,3.5191
9.6667,11.396,0,-0.36694,18.15,3.2941
9.6667,11.359,0,-0.39696,17.979,3.0605
9.6667,11.32,0,-0.42462,17.812,2.8361
9.6667,11.277,0,-0.45243,17.648,2.6122
9.6667,11.232,0,-0.47605,17.49,2.4049
8.6704,11.184,-0.79157,-0.49568,16.947,11.48
8.587,11.135,-0.7274,-0.51221,16.7,10.855
8.5187,11.084,-0.74291,-0.52646,16.441,10.98
8.5187,11.031,0,-0.54012,16.187,5.0483
8.5187,10.977,0,-0.55677,15.939,4.7843
8.5187,10.921,0,-0.5791,15.696,4.495
8.1816,10.863,-0.94425,-0.60007,15.4,13.146
8.1816,10.803,0,-0.62349,15.135,5.0146
8.1816,10.741,0,-0.64633,14.875,4.6987
8.1816,10.676,0,-0.66958,14.623,4.3836
8.1816,10.609,0,-0.69352,14.377,4.0693
8.1816,10.54,0,-0.71497,14.137,3.7699
8.1816,10.469,0,-0.72552,13.905,3.5178
8.1816,10.396,0,-0.7308,13.68,3.2903
8.1816,10.323,0,-0.71825,13.462,3.1314
7.7773,10.251,1.1042,-0.69343,12.934,1.9746
7.8828,10.182,1.3956,-0.66003,12.691,2.0464
7.8828,10.116,0,-0.61312,12.464,3.808
7.8828,10.054,0,-0.55919,12.244,3.8466
7.8828,9.9986,0,-0.49231,12.03,3.9613
7.8828,9.9493,0,-0.4185,11.82,4.1353
7.8828,9.9075,0,-0.33953,11.616,4.3674
7.8828,9.8735,0,-0.26073,11.415,4.6379
9.2956,9.8475,2.4609,-0.17485,11.697,5.4616
9.5434,9.83,2.4587,-0.091262,11.646,5.5373
9.5434,9.8208,0,-0.01282,11.618,0.57862
9.5434,9.8196,0,0.083885,11.59,0.85735
9.5434,9.828,0,0.18432,11.562,1.2167
9.5434,9.8464,0,0.28187,11.533,1.6395
10.769,9.8746,2.4873,0.37777,11.804,5.3814
10.769,9.9123,0,0.46785,11.891,0
10.769,9.9591,0,0.5507,11.975,0
11.495,10.014,2.2763,0.62714,12.159,3.9239
11.495,10.077,0,0.69978,12.304,0
11.495,10.147,0,0.76427,12.442,0
12.174,10.223,2.2882,0.82805,12.668,3.7479
12.174,10.306,0,0.88758,12.859,0
12.174,10.395,0,0.94977,13.041,0
12.174,10.49,0,1.0087,13.214,0
12.174,10.591,0,1.0587,13.378,0
13.295,10.697,2.0781,1.1043,13.81,2.2759
13.295,10.807,0,1.1418,14.064,0
13.295,10.921,0,1.1848,14.307,0
13.295,11.04,0,1.2274,14.539,0
13.295,11.162,0,1.2629,14.758,0
14.348,11.289,2.057,1.2963,15.228,1.9582
14.348,11.418,0,1.3296,15.528,0
14.757,11.551,2.0459,1.3555,15.861,1.8502
14.757,11.687,0,1.3825,16.174,0
14.757,11.825,0,1.4066,16.475,0
14.757,11.966,0,1.433,16.761,0
14.757,12.109,0,1.4557,17.033,0
14.757,12.255,0,1.4818,17.29,0
15.989,12.403,2.0313,1.5008,17.918,1.7172
15.989,12.553,0,1.5175,18.269,0
16.397,12.705,1.9833,1.5373,18.636,1.4751
16.397,12.858,0,1.5502,18.997,0
16.397,13.013,0,1.5667,19.343,0
16.397,13.17,0,1.5767,19.674,0
16.397,13.328,0,1.5863,19.989,0
17.367,13.486,1.9119,1.5939,20.532,1.187
17.56,13.646,1.9329,1.6038,20.929,1.3248
17.751,13.806,1.9528,1.6113,21.323,1.4661
17.951,13.967,1.9888,1.6225,21.718,1.7003
17.951,14.13,0,1.6303,22.108,0
18.351,14.293,1.9343,1.642,22.51,1.463
18.55,14.457,1.8693,1.6514,22.923,1.1285
18.55,14.622,0,1.6542,23.324,0
18.55,14.787,0,1.6574,23.708,0
19.097,14.953,1.7738,1.6559,24.165,0.72019
19.264,15.119,1.7768,1.6511,24.575,0.78298
19.264,15.284,0,1.6515,24.982,0
19.264,15.449,0,1.6545,25.371,0
19.264,15.614,0,1.6509,25.745,0
19.264,15.779,0,1.6455,26.101,0
19.264,15.944,0,1.6436,26.442,0
19.264,16.108,0,1.6478,26.765,0
19.264,16.273,0,1.6473,27.073,0
19.264,16.438,0,1.6489,27.364,0
20.851,16.603,1.6233,1.6439,28.36,0.32266
21.014,16.767,1.6564,1.6382,28.788,0.54553
21.014,16.931,0,1.6365,29.205,0
21.014,17.095,0,1.6368,29.605,0
21.014,17.258,0,1.6345,29.989,0
21.014,17.422,0,1.633,30.356,0
21.014,17.585,0,1.6299,30.707,0
22.043,17.748,1.663,1.625,31.341,0.84853
22.043,17.911,0,1.6174,31.762,0
22.362,18.072,1.6545,1.6125,32.187,0.89353
22.362,18.234,0,1.6089,32.608,0
22.697,18.394,1.599,1.6076,33.046,0.66558
22.697,18.555,0,1.6055,33.468,0
22.697,18.716,0,1.601,33.875,0
22.697,18.876,0,1.5994,34.265,0
22.697,19.036,0,1.5925,34.639,0
22.697,19.195,0,1.5851,34.997,0
22.697,19.354,0,1.578,35.339,0
22.697,19.511,0,1.5699,35.666,0
23.949,19.668,1.5249,1.5621,36.491,0.57418
24.094,19.825,1.5197,1.5536,36.921,0.58198
24.094,19.98,0,1.5488,37.341,0
24.391,20.135,1.546,1.5403,37.779,0.80372
24.54,20.289,1.562,1.5344,38.21,0.93075
24.69,20.442,1.5662,1.5294,38.64,0.99035
24.839,20.595,1.5275,1.5235,39.058,0.80739
24.993,20.748,1.5223,1.5201,39.488,0.8127
25.135,20.9,1.52,1.5123,39.904,0.83671
25.135,21.051,0,1.5055,40.32,0
25.135,21.201,0,1.4985,40.721,0
25.135,21.351,0,1.4964,41.107,0
25.135,21.501,0,1.4966,41.477,0
25.903,21.65,1.538,1.4982,42.002,1.1241
25.903,21.8,0,1.4951,42.42,0
25.903,21.95,0,1.4892,42.823,0
26.353,22.099,1.5028,1.4877,43.289,1.0201
26.493,22.247,1.4916,1.4808,43.706,0.98907
26.493,22.396,0,1.4786,44.123,0
26.493,22.543,0,1.4733,44.525,0
26.938,22.691,1.4729,1.4706,44.984,0.97878
26.938,22.838,0,1.4655,45.401,0
27.219,22.984,1.4487,1.459,45.831,0.89982
27.219,23.13,0,1.4564,46.247,0
27.219,23.276,0,1.4516,46.648,0
27.219,23.421,0,1.4452,47.035,0
27.219,23.566,0,1.4391,47.408,0
27.932,23.709,1.3984,1.4378,47.945,0.75927
27.932,23.853,0,1.4363,48.36,0
28.212,23.997,1.3287,1.4284,48.776,0.42364
28.338,24.14,1.3376,1.4196,49.19,0.49883
28.338,24.282,0,1.4152,49.603,0
28.338,24.423,0,1.4086,50.002,0
28.338,24.564,0,1.4044,50.386,0
28.866,24.705,1.1759,1.3945,50.855,0
28.866,24.844,0,1.387,51.264,0
29.103,24.983,0.85925,1.3747,51.684,0
29.103,25.12,0,1.3539,52.089,0
29.103,25.256,0,1.3285,52.481,0
29.318,25.388,0.66703,1.303,52.901,0
29.318,25.519,0,1.2784,53.287,0
29.446,25.647,0.67454,1.2547,53.67,0
29.446,25.772,0,1.2352,54.044,0
29.446,25.895,0,1.2172,54.405,0
29.664,26.017,0.61218,1.1977,54.79,0
29.664,26.137,0,1.1784,55.149,0
29.664,26.255,0,1.1566,55.496,0
29.833,26.37,0.4439,4.8,55.866,12.403
29.833,26.85,0,0.9646,56.188,0
29.909,26.947,0.40484,0.94269,56.49,0
29.943,27.041,0.40375,0.92217,56.774,0
29.976,27.133,0.39717,4.8,57.059,16.243
29.976,27.613,0,0.744,57.32,0
30.059,27.688,0.40517,0.73341,57.563,0
30.096,27.761,0.40934,4.8,57.796,18.896
30.096,28.241,0,0.57022,58.005,0
30.096,28.298,0,0.5621,58.188,0
30.198,28.354,0.31204,0.55496,58.379,0
30.235,28.41,0.21283,0.54894,58.553,0
30.235,28.465,0,4.8,58.733,27.76
30.235,28.945,0,0.38391,58.886,0
30.232,28.983,-0.28146,0.36599,59.025,0
30.232,29.02,0,0.34638,59.148,0
30.168,29.054,-0.53372,0.32596,59.258,0
30.168,29.087,0,0.29997,59.368,0
30.168,29.117,0,0.2754,59.474,0
30.168,29.145,0,0.24542,59.578,0
29.915,29.169,-0.77444,0.21821,59.628,1.7409
29.839,29.191,-0.84098,-2,59.702,11.002
29.839,28.991,0,4.8,59.776,33.494
29.672,29.471,-0.99922,0.057909,59.835,4.616
29.566,29.477,-1.1126,0.025831,59.855,5.9282
29.461,29.479,-1.2003,-0.0013124,59.865,7.1394
29.334,29.479,-1.2583,-0.010149,59.859,8.3695
29.334,29.478,0,-0.019408,59.845,0.26077
29.073,29.476,-1.4526,-0.0283,59.799,12.152
28.931,29.473,-1.619,-0.038064,59.743,15.444
28.931,29.47,0,-0.048865,59.689,1.1108
28.931,29.465,0,-0.061545,59.635,1.0595
28.931,29.459,0,-0.07703,59.582,0.99772
28.931,29.451,0,-0.093864,59.53,0.92985
27.862,29.441,-2.7858,-0.11237,59.22,53.028
27.862,29.43,0,-0.13236,59.062,3.8246
27.862,29.417,0,-0.15236,58.906,3.6867
27.862,29.402,0,-0.17355,58.751,3.5393
27.862,29.384,0,-0.19376,58.598,3.3925
27.862,29.365,0,-0.21481,58.447,3.2386
26.131,29.344,-3.1187,-0.23721,57.785,77.98
26.131,29.32,0,-0.26038,57.465,9.3072
26.131,29.294,0,-0.28577,57.148,9.0281
25.138,29.265,-3.7301,-0.31373,56.675,116.07
24.761,29.234,-3.8946,-0.34388,56.25,128.3
24.761,29.199,0,-0.37617,55.804,14.158
24.761,29.162,0,-0.40941,55.362,13.723
23.566,29.121,-4.0521,-0.44454,54.76,143.78
23.566,29.076,0,-0.48118,54.207,18.65
23.566,29.028,0,-0.51853,53.658,18.088
23.566,28.976,0,-0.55883,53.114,17.489
21.933,28.921,-4.2033,-0.59941,52.264,160.26
21.933,28.861,0,-0.6438,51.568,24.79
21.064,28.796,-4.5948,-0.69194,50.8,191.25
21.064,28.727,0,-0.74357,50.03,27.978
20.121,28.653,-5.4343,-0.80126,49.171,268.63
19.568,28.573,-5.89,-0.86843,48.297,320.49
19.568,28.486,0,-0.94438,47.401,33.28
19.568,28.391,0,-1.0288,46.514,31.889
19.568,28.288,0,-1.1233,45.637,30.369
19.568,28.176,0,-1.2228,44.771,28.77
19.568,28.054,0,-1.3243,43.916,27.124
19.568,27.921,0,-1.4258,43.074,25.456
19.568,27.779,0,-1.5235,42.246,23.803
19.568,27.626,0,-1.6187,41.432,22.161
14.857,27.465,-2.4635,-1.7133,38.232,105.89
14.601,27.293,-2.1281,-1.8102,36.977,94.556
14.389,27.112,-1.8155,-1.9089,35.703,84.466
14.389,26.921,0,-2.0084,34.44,44.193
14.059,26.72,-1.2522,-2.1106,33.178,67.287
14.059,26.509,0,-2.2147,31.923,41.523
13.846,26.288,-0.72944,-2.3193,30.675,52.398
13.846,26.056,0,-2.4272,29.442,37.892
13.723,25.813,-0.053955,-2.5353,28.224,36.841
13.711,25.56,0.21205,-2.6412,27.023,30.993
13.732,25.296,0.42585,-2.7431,25.847,26.19
13.78,25.021,0.56326,-2.8405,24.699,22.486
13.78,24.737,0,-2.9354,23.59,25.982
13.883,24.444,0.46912,-3.0322,22.512,18.786
13.883,24.141,0,-3.1281,21.471,20.797
13.973,23.828,0.46349,-3.2218,20.464,14.704
13.973,23.506,0,-3.3086,19.495,16.122
13.973,23.175,0,-3.3905,18.558,14.205
13.973,22.836,0,-3.4577,17.655,12.499
14.173,22.49,0.48717,-3.5247,16.836,8.623
14.228,22.137,0.49462,-2.9,16.021,9.5034
14.271,21.847,0.48976,-2.9,15.243,8.5981
14.271,21.557,0,-2.9,14.499,9.7912
14.369,21.267,0.4884,-2.9,13.79,7.0233
14.427,20.977,0.48834,-2.9,13.121,6.3906
14.427,20.687,0,-2.9,12.48,6.7979
14.427,20.397,0,-2.9,11.869,6.1461
14.594,20.107,0.56039,-2.9,11.312,5.4583
14.594,19.817,0,-2.9,10.775,4.9511
14.712,19.527,0.77829,-2.9,10.274,6.5344
14.799,19.237,0.89088,-2.9,9.8083,7.8353
14.799,18.947,0,-2.9,9.3789,4.7834
14.799,18.657,0,-2.9,8.9785,5.1384
15.082,18.367,1.0203,-2.9,8.6509,13.601
15.184,18.077,1.0011,-4.4,8.3422,69.485
15.184,17.637,0,-4.4,8.0749,75.684
15.387,17.197,0.96417,-4.4,7.8632,113.6
15.483,16.757,0.99155,-4.4,7.7026,147.53
15.59,16.317,1.0906,-4.4,7.6044,193.25
15.707,15.877,1.3214,-4.4,7.5629,248.54
15.849,15.437,1.6911,-4.4,7.5799,308.86
15.849,14.997,0,-4.4,7.6431,0
15.849,14.557,0,-4.4,7.7503,0
16.485,14.117,2.8994,-4.4,7.9832,563.36
16.485,13.677,0,-4.4,8.2419,0
17.079,13.237,3.0513,-4.4,8.5935,1181.7
17.386,12.797,2.9905,-4.4,9.0243,2440.6
17.386,12.357,0,-4.4,9.5051,0
17.993,11.917,2.9766,-5.2,10.076,0
18.292,11.397,3.0493,2.1048,10.728,21.528
18.593,11.608,3.1698,2.1871,11.422,21.853
18.593,11.827,0,2.2659,12.11,0
19.242,12.053,3.275,2.3432,12.824,21.507
19.242,12.288,0,2.4175,13.531,0
19.242,12.529,0,2.482,14.214,0
20.252,12.777,3.3427,2.5437,15.019,20.61
20.252,13.032,0,2.5968,15.754,0
20.252,13.291,0,2.6481,16.463,0
20.252,13.556,0,2.6923,17.146,0
20.252,13.826,0,2.7364,17.802,0
21.933,14.099,3.2756,2.7711,18.869,18.505
21.933,14.376,0,2.7977,19.638,0
22.583,14.656,3.1365,2.8229,20.445,16.916
22.583,14.938,0,2.8394,21.223,0
22.583,15.222,0,2.8474,21.973,0
22.583,15.507,0,2.8529,22.695,0
22.583,15.792,0,2.8591,23.389,0
24.068,16.078,2.8051,2.8557,24.423,13.629
24.068,16.364,0,2.8542,25.208,0
24.641,16.649,2.8009,2.8518,26.028,13.679
24.929,16.934,2.801,2.8492,26.833,13.75
24.929,17.219,0,2.8421,27.618,0
25.495,17.504,2.8447,2.8373,28.428,14.365
25.495,17.787,0,2.8317,29.213,0
25.495,18.07,0,2.8226,29.97,0
25.495,18.353,0,2.8188,30.698,0
26.636,18.635,2.8925,2.812,31.61,15.387
26.636,18.916,0,2.8043,32.396,0
26.636,19.196,0,2.7917,33.154,0
26.636,19.475,0,2.7836,33.884,0
26.636,19.754,0,2.77,34.586,0
27.981,20.031,2.5882,2.7532,35.603,13.164
28.235,20.306,2.6425,2.7368,36.396,13.811
28.235,20.58,0,2.7248,37.176,0
28.764,20.852,2.566,2.7135,37.98,13.382
29.025,21.124,2.5346,2.7014,38.776,13.223
29.274,21.394,2.4567,2.6851,39.56,12.616
29.274,21.662,0,2.6699,40.335,0
29.274,21.929,0,2.6516,41.083,0
29.274,22.194,0,2.6326,41.804,0
29.274,22.458,0,2.6117,42.499,0
30.456,22.719,2.3024,2.5921,43.45,11.73
30.456,22.978,0,2.574,44.211,0
30.456,23.235,0,2.5542,44.946,0
30.456,23.491,0,2.5331,45.655,0
31.351,23.744,2.2235,2.5157,46.522,11.355
31.351,23.996,0,2.4983,47.27,0
31.798,24.246,2.1753,2.4823,48.045,11.087
31.798,24.494,0,2.4661,48.788,0
32.232,24.74,2.1459,2.4465,49.544,10.984
32.232,24.985,0,2.4277,50.281,0
32.646,25.228,2.1076,2.4076,51.034,10.759
32.646,25.469,0,2.3901,51.763,0
33.067,25.708,2.0925,2.3744,52.521,10.759
33.067,25.945,0,2.357,53.245,0
33.067,26.181,0,2.3412,53.946,0
33.067,26.415,0,2.3232,54.622,0
33.067,26.647,0,2.3095,55.276,0
34.101,26.878,1.9856,2.2959,56.145,10.124
34.101,27.108,0,2.2797,56.856,0
34.101,27.336,0,4.8,57.544,0.51682
34.693,27.816,1.952,4.8,58.279,0
34.693,28.296,0,4.8,58.943,2.2115
35.075,28.776,1.9284,4.8,59.595,0
35.266,29.256,1.8627,-2,60.207,413.71
35.266,29.056,0,4.8,60.818,3.1007
35.266,29.536,0,-2,61.415,0
35.808,29.336,1.6902,-2,62.074,595.5
35.973,29.136,1.6594,-2,62.739,806.47
35.973,28.936,0,4.8,63.433,0
36.288,29.416,1.6667,-2,64.143,826.17
36.288,29.216,0,-2,64.84,0
36.619,29.016,1.6189,4.8,65.601,0
36.619,29.496,0,-2,66.337,0
36.926,29.296,1.5336,-2,67.106,2857.1
36.926,29.096,0,-2,67.879,0
36.926,28.896,0,4.8,68.673,0
37.397,29.376,1.5883,-2,69.521,9484.2
37.557,29.176,1.6043,-2,70.349,0
37.716,28.976,1.5714,4.8,71.215,0
37.716,29.456,0,-2,72.065,0
37.716,29.256,0,-2,72.901,0
