18.611,18.611,-0.68366,0,35.5,2.7642
18.611,18.611,0,-0.0077545,35.5,0
18.611,18.61,0,-0.015852,35.5,0
18.359,18.609,-1.1637,-0.025255,35.455,7.7403
18.235,18.606,-1.2804,-0.037633,35.417,9.6197
18.111,18.602,-1.3719,-0.049833,35.364,11.346
18.111,18.597,0,-0.063085,35.316,0.93758
18.111,18.591,0,-0.077929,35.267,0.8793
18.111,18.583,0,-0.092338,35.22,0.82017
18.111,18.574,0,-0.10792,35.173,0.75608
18.111,18.563,0,-0.12389,35.127,0.68929
18.111,18.551,0,-0.13937,35.083,0.62232
18.111,18.537,0,-0.15176,35.039,0.56153
16.987,18.522,-0.64063,-0.16121,34.528,7.8838
16.926,18.506,-0.31723,-0.16704,34.371,5.5394
16.897,18.489,-0.11825,-0.16947,34.219,4.352
16.897,18.472,0,-0.1706,34.06,3.67
16.897,18.455,0,-0.17138,33.904,3.6105
16.871,18.438,-0.043464,-0.17013,33.74,3.86
16.871,18.421,0,-0.17086,33.584,3.5842
16.871,18.404,0,-0.1708,33.43,3.5289
16.839,18.387,-0.0087614,-0.17138,33.28,3.6173
16.839,18.37,0,-0.17102,33.126,3.5207
16.839,18.352,0.092509,-0.16995,32.969,3.0543
16.839,18.335,0,-0.16752,32.818,3.429
16.839,18.319,0,-0.16577,32.67,3.383
16.839,18.302,0,-0.16174,32.522,3.3479
16.917,18.286,0.39022,-0.15778,32.377,1.6867
16.917,18.27,0,-0.153,32.241,3.0387
16.917,18.255,0,-0.14794,32.106,3.0127
16.917,18.24,0,-0.14048,31.973,2.9986
16.917,18.226,0,-0.13283,31.842,2.9876
17.169,18.213,0.67726,-0.12357,31.766,0.63637
17.169,18.2,0,-0.11534,31.662,2.222
17.169,18.189,0,-0.1055,31.56,2.2263
17.169,18.178,0,-0.096565,31.458,2.2302
17.432,18.169,0.59759,-0.088781,31.385,0.30128
17.501,18.16,0.63894,-0.079662,31.315,0.18445
17.501,18.152,0,-0.071483,31.249,1.3301
17.63,18.145,0.78581,-0.062532,31.206,0.040173
17.63,18.138,0,-0.053433,31.154,1.0223
17.63,18.133,0,-0.042356,31.104,1.0427
17.63,18.129,0,-0.031732,31.054,1.0647
17.957,18.126,0.87477,-0.020638,31.06,0
18.038,18.124,0.91326,-0.01046,31.04,0
18.139,18.123,0.91961,0.0058637,31.028,0
18.139,18.123,0,0.03536,31.03,0.044235
18.139,18.127,0,0.067912,31.031,0.12752
18.139,18.133,0,0.096876,31.032,0.21469
18.487,18.143,0.7599,0.12452,31.116,0
18.559,18.156,0.76783,0.14628,31.153,0
18.559,18.17,0,0.16618,31.193,0
18.559,18.187,0,0.19033,31.231,0
18.8,18.206,0.83648,0.21501,31.283,0
18.8,18.227,0,0.23799,31.342,0
18.971,18.251,0.82189,0.26054,31.411,0
18.971,18.277,0,0.28003,31.481,0
19.133,18.305,0.85005,0.2996,31.583,0
19.215,18.335,0.83426,0.31818,31.671,0
19.215,18.367,0,0.33656,31.758,0
19.375,18.401,0.79569,0.35195,31.854,0
19.375,18.436,0,0.36805,31.95,0
19.375,18.473,0,0.38419,32.042,0
19.375,18.511,0,0.4002,32.13,0
19.698,18.551,0.8677,0.41358,32.278,0
19.698,18.592,0,0.43255,32.391,0
19.698,18.636,0,0.45006,32.499,0
19.968,18.681,0.89201,0.46365,32.637,0
19.968,18.727,0,0.48088,32.763,0
20.16,18.775,0.81932,0.49844,32.921,0
20.16,18.825,0,0.5067,33.057,0
20.317,18.876,0.81001,0.51812,33.207,0
20.398,18.928,0.82353,0.52809,33.359,0
20.398,18.98,0,0.53963,33.503,0
20.398,19.034,0,0.54807,33.642,0
20.398,19.089,0,0.55714,33.776,0
20.398,19.145,0,0.5656,33.904,0
20.398,19.201,0,0.57795,34.027,0
20.895,19.259,0.75699,0.5851,34.293,0
20.895,19.318,0,0.5902,34.454,0
21.036,19.377,0.77088,0.59248,34.634,0
21.036,19.436,0,0.59929,34.796,0
21.036,19.496,0,0.60715,34.953,0
21.27,19.557,0.68827,0.61016,35.121,0
21.27,19.618,0,0.60916,35.289,0
21.398,19.679,0.57694,0.61117,35.463,0
21.398,19.74,0,0.61056,35.632,0
21.517,19.801,0.57707,0.60889,35.808,0
21.517,19.862,0,0.60701,35.977,0
21.633,19.922,0.55431,0.60601,36.157,0
21.697,19.983,0.52269,0.60682,36.333,0
21.758,20.044,0.50003,0.60632,36.496,0
21.809,20.104,0.48019,0.6025,36.676,0
21.809,20.164,0,0.5979,36.844,0
21.809,20.224,0,0.58855,37.005,0
21.945,20.283,0.45962,0.58603,37.192,0
21.945,20.342,0,0.58366,37.355,0
21.945,20.4,0,0.57607,37.512,0
22.082,20.458,0.50478,0.5714,37.695,0
22.082,20.515,0,0.56852,37.855,0
22.082,20.572,0,0.56487,38.009,0
22.082,20.628,0,0.55942,38.157,0
22.265,20.684,0.50718,0.5541,38.335,0
22.307,20.739,0.4583,0.54909,38.496,0
22.307,20.794,0,0.5483,38.65,0
22.307,20.849,0,0.54472,38.798,0
22.307,20.904,0,0.54689,38.941,0
22.307,20.958,0,0.54772,39.079,0
22.307,21.013,0,0.54546,39.211,0
22.624,21.068,0.44112,0.54257,39.437,0
22.624,21.122,0,0.53795,39.59,0
22.715,21.176,0.46024,0.53586,39.762,0
22.715,21.229,0,0.53321,39.913,0
22.715,21.283,0,0.5334,40.059,0
22.715,21.336,0,0.53285,40.199,0
22.916,21.389,0.43089,0.53001,40.374,0
22.916,21.442,0,0.52327,40.524,0
22.916,21.495,0,0.52016,40.668,0
23.033,21.547,0.4431,0.51478,40.821,0
23.033,21.598,0,0.51235,40.967,0
23.033,21.649,0,0.50759,41.108,0
23.162,21.7,0.45352,0.50528,41.274,0
23.21,21.751,0.41843,0.5039,41.429,0
23.21,21.801,0,0.49913,41.573,0
23.297,21.851,0.40287,0.49875,41.733,0
23.297,21.901,0,0.49787,41.875,0
23.392,21.951,0.4429,0.49634,42.016,0
23.392,22,0,0.49319,42.158,0
23.392,22.05,0,0.48679,42.294,0
23.497,22.098,0.37067,0.48051,42.443,0
23.531,22.146,0.2835,0.47562,42.587,0
23.531,22.194,0,0.46615,42.723,0
23.531,22.24,0,0.45592,42.854,0
23.531,22.286,0,0.4514,42.981,0
23.531,22.331,0,0.44569,43.103,0
23.649,22.376,0.21388,0.43558,43.244,0
23.649,22.419,0,0.42752,43.369,0
23.649,22.462,0,0.41804,43.49,0
23.649,22.504,0,0.40554,43.606,0
23.712,22.544,0.11718,0.39842,43.739,0
23.712,22.584,0,0.38686,43.854,0
23.712,22.623,0,0.37546,43.965,0
23.712,22.661,0,0.36826,44.072,0
23.712,22.697,0,0.35749,44.175,0
23.759,22.733,0.1558,0.34911,44.289,0
23.782,22.768,0.14716,0.34507,44.386,0
23.782,22.802,0,0.33545,44.485,0
23.816,22.836,0.18975,0.33287,44.577,0
23.816,22.869,0,0.33126,44.673,0
23.816,22.902,0,0.32791,44.766,0
23.816,22.935,0,0.31959,44.856,0
23.816,22.967,0,0.31255,44.942,0
23.816,22.998,0,0.31109,45.025,0
23.816,23.03,0,0.30661,45.106,0
23.97,23.06,0.40523,0.30832,45.255,0
24.007,23.091,0.46397,0.31014,45.337,0
24.048,23.122,0.46787,0.31333,45.425,0
24.048,23.153,0,0.31719,45.516,0
24.048,23.185,0,0.32092,45.604,0
24.048,23.217,0,0.3226,45.688,0
24.048,23.249,0,0.32448,45.77,0
24.048,23.282,0,0.32846,45.848,0
24.048,23.315,0,0.33013,45.923,0
24.048,23.348,0,0.33283,45.994,0
24.385,23.381,0.44683,0.33853,46.207,0
24.385,23.415,0,0.33959,46.306,0
24.469,23.449,0.40859,0.34379,46.416,0
24.469,23.483,0,0.346,46.516,0
24.541,23.518,0.35412,0.34436,46.626,0
24.541,23.552,0,0.34137,46.726,0
24.599,23.586,0.35998,0.3405,46.832,0
24.625,23.62,0.39409,0.33773,46.93,0
24.625,23.654,0,0.33635,47.029,0
24.691,23.688,0.45148,0.33704,47.14,0
24.737,23.722,0.43351,0.34096,47.242,0
24.787,23.756,0.37456,0.34615,47.341,0
24.818,23.79,0.34181,0.34472,47.442,0
24.86,23.825,0.3371,0.34708,47.547,0
24.86,23.859,0,0.34773,47.649,0
24.942,23.894,0.34159,0.3509,47.749,0
24.942,23.929,0,0.35211,47.852,0
25.023,23.965,0.32256,0.35425,47.954,0
25.055,24,0.33794,0.35274,48.058,0
25.055,24.035,0,0.35151,48.162,0
25.116,24.07,0.18799,0.34932,48.281,0
25.116,24.105,0,0.34144,48.384,0
25.116,24.139,0,0.33228,48.483,0
25.116,24.173,0,0.32121,48.579,0
25.137,24.205,-0.06291,0.31084,48.659,0
25.136,24.236,-0.04997,0.29991,48.741,0
25.136,24.266,0,0.28511,48.83,0
25.136,24.294,0,0.27325,48.915,0
25.136,24.322,0,0.25842,48.998,0
25.136,24.348,0,0.24074,49.078,0
25.136,24.372,0,0.22189,49.156,0
25.026,24.394,-0.10853,0.20997,49.193,0
25.026,24.415,0,0.19982,49.255,0
25.006,24.435,-0.073782,0.18968,49.307,0
25.006,24.454,0,0.18297,49.363,0
25.006,24.472,0,0.17351,49.418,0
24.993,24.489,0.012676,0.16707,49.472,0
24.987,24.506,0.12415,0.15948,49.525,0
25.003,24.522,0.18094,0.15961,49.579,0
25.023,24.538,0.19538,0.16096,49.629,0
25.023,24.554,0,0.16394,49.677,0
25.054,24.571,0.058644,0.16039,49.724,0
25.054,24.587,0.079017,0.15486,49.769,0
25.063,24.602,0.090645,0.15273,49.822,0
25.063,24.617,0,0.1534,49.868,0
25.063,24.633,0,0.15439,49.911,0
25.063,24.648,0,0.15801,49.954,0
25.063,24.664,0,0.15869,49.994,0
25.063,24.68,0,0.16095,50.034,0
25.063,24.696,0,0.16633,50.071,0
25.063,24.713,0,0.17549,50.107,0
25.279,24.73,0.46442,0.18133,50.189,0
25.279,24.748,0,0.19379,50.243,0
25.279,24.768,0,0.20188,50.295,0
25.279,24.788,0,0.21078,50.345,0
25.279,24.809,0,0.22205,50.393,0
25.279,24.831,0,0.22905,50.439,0
25.564,24.854,0.49984,0.23432,50.568,0
25.606,24.877,0.48176,0.24047,50.644,0
25.659,24.901,0.47513,0.25002,50.716,0
25.659,24.926,0,0.25523,50.791,0
25.743,24.952,0.49502,0.26055,50.856,0
25.743,24.978,0,0.27103,50.934,0
25.857,25.005,0.51299,0.28048,51.025,0
25.91,25.033,0.52989,0.28872,51.108,0
25.91,25.062,0,0.29772,51.195,0
25.91,25.092,0,0.30671,51.278,0
25.91,25.122,0,0.31291,51.358,0
25.91,25.154,0,0.32316,51.436,0
26.192,25.186,0.56645,0.33046,51.579,0
26.248,25.219,0.55732,0.33794,51.69,0
26.248,25.253,0,0.34178,51.791,0
26.248,25.287,0,0.34944,51.889,0
26.404,25.322,0.55924,0.35463,51.987,0
26.404,25.358,0,0.36026,52.093,0
26.404,25.394,0,0.36626,52.196,0
26.569,25.43,0.58036,0.37305,52.321,0
26.569,25.467,0,0.37805,52.433,0
26.569,25.505,0,0.38385,52.541,0
26.737,25.544,0.58666,0.39018,52.679,0
26.737,25.583,0,0.39498,52.797,0
26.737,25.622,0,0.39922,52.91,0
26.9,25.662,0.47794,0.40425,53.052,0
26.9,25.703,0,0.40657,53.174,0
26.998,25.743,0.38079,0.40946,53.31,0
27.03,25.784,0.37323,0.40607,53.44,0
27.058,25.825,0.36752,0.40192,53.572,0
27.104,25.865,0.42986,0.40341,53.69,0
27.149,25.905,0.4457,0.40479,53.812,0
27.194,25.946,0.43883,0.40595,53.935,0
27.194,25.986,0,0.4073,54.058,0
27.194,26.027,0,0.40944,54.177,0
27.194,26.068,0,0.40656,54.292,0
27.194,26.109,0,0.40185,54.402,0
27.194,26.149,0,0.4001,54.509,0
27.194,26.189,0,0.39728,54.611,0
27.194,26.229,0,0.39007,54.71,0
27.194,26.268,0,0.38036,54.804,0
27.441,26.306,-0.029352,0.36751,55.03,0
27.447,26.342,-0.090907,0.35725,55.149,0
27.447,26.378,0,0.34351,55.257,0
27.422,26.412,-0.093961,0.32617,55.361,0
27.413,26.445,-0.064768,0.31279,55.455,0
27.413,26.476,0,0.29765,55.55,0
27.391,26.506,-0.057719,0.28538,55.627,0
27.382,26.535,-0.057705,0.27336,55.705,0
27.382,26.562,0,0.26551,55.788,0
27.392,26.589,-0.044947,0.25904,55.869,0
27.392,26.614,0,0.24871,55.948,0
27.392,26.639,0,0.23854,56.024,0
27.377,26.663,0.083121,0.22977,56.111,0
27.377,26.686,0,0.22249,56.181,0
27.377,26.708,0,0.2226,56.249,0
27.377,26.731,0,0.22264,56.315,0
27.47,26.753,0.44045,4.8,56.406,27.798
27.47,27.233,0,0.088453,56.453,0
27.556,27.242,0.33701,0.098339,56.487,0
27.556,27.252,0,0.10681,56.518,0
27.619,27.262,0.16909,0.11137,56.548,0
27.619,27.273,0,0.11462,56.583,0
27.65,27.285,0.059389,0.114,56.619,0
27.655,27.296,0.03246,0.11215,56.661,0
27.655,27.308,0,0.10984,56.696,0
27.655,27.319,0,0.10755,56.731,0
27.655,27.329,0,0.10298,56.764,0
27.666,27.34,-0.01191,0.10187,56.799,0
27.663,27.35,-0.040367,0.097835,56.834,0
27.663,27.36,0,0.095497,56.865,0
27.663,27.369,0,0.09237,56.894,0
27.663,27.378,0,0.089393,56.923,0
27.653,27.387,-0.3564,0.082914,56.955,0.63769
27.653,27.396,0,0.066488,56.981,0
27.653,27.402,0,0.046677,57.006,0
27.653,27.407,0,0.013274,57.031,0
27.325,27.408,-1.6965,-0.0058397,56.972,14.126
27.156,27.408,-2.0803,-0.017695,56.959,22.629
26.952,27.406,-2.4633,-0.031883,56.925,34.135
26.952,27.403,0,-0.049378,56.879,0.88992
26.409,27.398,-3.4511,-0.06974,56.802,82.316
26.409,27.391,0,-0.094344,56.703,2.159
26.409,27.381,0,-0.12215,56.606,2.0274
26.409,27.369,0,-0.15289,56.509,1.8821
26.409,27.354,0,-0.18731,56.414,1.7217
26.409,27.335,0,-0.22218,56.32,1.5584
26.409,27.313,0,-0.25648,56.229,1.3967
23.395,27.287,-3.4875,-0.28708,55.134,100.75
23.395,27.258,0,-0.31389,54.747,11.924
23.395,27.227,0,-0.33466,54.362,11.63
22.636,27.194,-1.0108,-0.34826,53.848,27.812
22.636,27.159,0,-0.35808,53.394,14.707
22.467,27.123,-0.23907,-0.36497,52.925,17.78
22.467,27.087,0,-0.36821,52.462,15.094
22.467,27.05,0,-0.37155,52.002,14.887
22.467,27.013,0,-0.37459,51.545,14.683
22.403,26.975,-0.086587,-0.37795,51.071,15.637
22.403,26.937,0,-0.38048,50.616,14.587
22.403,26.899,0,-0.38142,50.164,14.396
22.414,26.861,0.36247,-0.38243,49.723,11.105
22.414,26.823,0,-0.38035,49.28,13.982
22.511,26.785,0.65011,-0.3773,48.847,8.5195
22.511,26.747,0,-0.37223,48.422,13.224
22.661,26.71,0.87045,-0.36644,48.026,6.6243
22.661,26.673,0,-0.36009,47.623,12.269
22.661,26.637,0,-0.35322,47.223,12.154
22.661,26.602,0,-0.34419,46.828,12.057
22.661,26.567,0,-0.33534,46.435,11.964
22.661,26.534,0,-0.32524,46.046,11.884
23.249,26.501,1.1386,-0.31533,45.828,3.6421
23.249,26.47,0,-0.30496,45.504,9.1455
23.249,26.439,0,-0.2945,45.183,9.0851
23.569,26.41,1.1894,-0.28361,44.926,2.7426
23.692,26.382,1.155,-0.27101,44.644,2.5413
23.692,26.354,0,-0.25981,44.377,7.1427
23.692,26.328,0,-0.248,44.112,7.1109
23.692,26.304,0,-0.23598,43.849,7.085
23.692,26.28,0,-0.22216,43.589,7.0747
24.255,26.258,1.0887,-0.20981,43.471,1.5716
24.368,26.237,1.0313,-0.19701,43.283,1.4416
24.368,26.217,0,-0.18426,43.097,4.5311
24.368,26.199,0,-0.17348,42.913,4.5213
24.368,26.181,0,-0.16291,42.731,4.5142
24.368,26.165,0,-0.15272,42.55,4.5087
24.368,26.15,0,-0.14092,42.371,4.5151
24.939,26.136,0.94422,-0.13001,42.38,0.67906
24.939,26.123,0,-0.11862,42.261,2.6592
24.939,26.111,0,-0.10811,42.143,2.6666
24.939,26.1,0,-0.098466,42.027,2.6736
25.299,26.09,0.88649,-0.087224,41.974,0.29474
25.299,26.082,0,-0.076833,41.895,1.6632
25.479,26.074,0.91964,-0.065919,41.83,0.16314
25.479,26.067,0,-0.055787,41.771,1.2178
25.663,26.062,0.87049,-0.044282,41.735,0.0054838
25.743,26.057,0.81092,-0.034975,41.709,0
25.831,26.054,0.72079,-0.024836,41.681,0
25.912,26.051,0.6285,-0.015485,41.668,0
25.985,26.05,0.55685,-0.0072246,41.663,0
25.985,26.049,0,-0.0013963,41.657,0.13079
25.985,26.049,0,0.0088456,41.65,0.1538
26.125,26.05,0.41989,0.019231,41.659,0
26.125,26.052,0,0.029365,41.667,0
26.125,26.055,0,0.04135,41.674,0
26.125,26.059,0,0.05039,41.681,0
26.125,26.064,0,0.056114,41.687,0
26.125,26.069,0,0.062714,41.693,0.021729
26.125,26.076,0,0.069566,41.698,0.05099
26.381,26.083,0.25748,0.076612,41.8,0
26.41,26.09,0.23828,0.082163,41.83,0
26.431,26.098,0.24023,0.085495,41.865,0
26.431,26.107,0,0.091215,41.898,0
26.431,26.116,0,0.092443,41.93,0
26.431,26.125,0,0.096029,41.961,0
26.431,26.135,0,0.10232,41.991,0
26.431,26.145,0,0.10541,42.02,0
26.431,26.156,0,0.11185,42.048,0
26.431,26.167,0,0.11604,42.075,0
26.66,26.179,0.44203,0.12406,42.186,0
26.66,26.191,0,0.1297,42.234,0
26.745,26.204,0.47196,0.13941,42.275,0
26.794,26.218,0.47042,0.14855,42.33,0
26.794,26.233,0,0.1564,42.387,0
26.89,26.248,0.47785,0.16528,42.439,0
26.89,26.265,0,0.17098,42.502,0
26.981,26.282,0.53567,0.18023,42.569,0
27.042,26.3,0.54196,0.19137,42.635,0
27.042,26.319,0,0.20268,42.708,0
27.164,26.339,0.53039,0.21283,42.804,0
27.164,26.361,0,0.22022,42.886,0
27.164,26.383,0,0.22713,42.965,0
27.164,26.405,0,0.23483,43.042,0
27.367,26.429,0.45344,0.24288,43.179,0
27.422,26.453,0.47397,0.25091,43.27,0
27.422,26.478,0,0.25613,43.366,0
27.422,26.504,0,0.25954,43.459,0
27.552,26.53,0.45644,0.26491,43.573,0
27.552,26.556,0,0.27116,43.674,0
27.639,26.583,0.34763,0.27381,43.789,0
27.678,26.611,0.35052,0.277,43.888,0
27.678,26.639,0,0.28005,43.994,0
27.678,26.667,0,0.27796,44.096,0
27.768,26.694,0.18475,0.27895,44.207,0
27.795,26.722,0.14009,0.27887,44.313,0
27.806,26.75,0.04771,0.27473,44.425,0
27.806,26.778,0,0.26816,44.529,0
27.808,26.804,-0.0024935,0.26119,44.622,0
27.808,26.831,0,0.25628,44.721,0
27.808,26.856,0,0.25095,44.818,0
27.821,26.881,-0.085461,0.2448,44.887,0
27.821,26.906,0,0.23497,44.98,0
27.821,26.929,0,0.22723,45.07,0
27.821,26.952,0,0.21671,45.158,0
27.821,26.974,0,0.20852,45.244,0
27.821,26.994,0,0.20064,45.328,0
27.757,27.015,-0.15464,0.19378,45.403,0
27.757,27.034,0,0.18306,45.477,0
27.757,27.052,0,0.17494,45.548,0
