18.611,18.611,0.46738,0,35.5,0
18.611,18.611,0,0.021082,35.5,0.045412
18.611,18.613,0,0.040459,35.5,0.093633
18.611,18.617,0,0.058665,35.499,0.14534
18.611,18.623,0,0.074789,35.499,0.1979
18.844,18.631,0.3454,0.083193,35.563,0
18.844,18.639,0,0.09248,35.583,0
18.913,18.648,0.37331,0.10338,35.606,0
18.953,18.659,0.41237,0.11495,35.641,0
18.953,18.67,0,0.12499,35.67,0
19.036,18.683,0.43954,0.13783,35.693,0
19.074,18.696,0.4403,0.14703,35.722,0
19.12,18.711,0.44799,0.15923,35.762,0
19.171,18.727,0.43172,0.17277,35.797,0
19.171,18.744,0,0.18558,35.84,0
19.171,18.763,0,0.19349,35.882,0
19.311,18.782,0.42226,0.20575,35.935,0
19.311,18.803,0,0.21228,35.987,0
19.398,18.824,0.41215,0.22288,36.058,0
19.398,18.846,0,0.23115,36.114,0
19.486,18.869,0.42414,0.23914,36.177,0
19.486,18.893,0,0.24616,36.237,0
19.569,18.918,0.44086,0.25247,36.305,0
19.569,18.943,0,0.2599,36.369,0
19.662,18.969,0.46013,0.26816,36.448,0
19.703,18.996,0.47241,0.27375,36.515,0
19.703,19.023,0,0.27848,36.584,0
19.703,19.051,0,0.2816,36.651,0
19.703,19.079,0,0.28318,36.715,0
19.703,19.108,0,0.28376,36.776,0
19.703,19.136,0,0.2832,36.834,0
19.703,19.164,0,0.28293,36.889,0
19.703,19.193,0,0.28372,36.942,0
19.703,19.221,0,0.2838,36.991,0
19.703,19.249,0,0.28198,37.038,0
19.703,19.278,0,0.27916,37.082,0
19.703,19.305,0,0.26845,37.123,0
20.012,19.332,0.00281,0.26068,37.386,0
20.012,19.358,0,0.2543,37.453,0
20.014,19.384,-0.033884,0.24164,37.521,0
20.014,19.408,0,0.23068,37.582,0
20.014,19.431,0,0.22454,37.642,0
20.02,19.453,0.069987,0.21646,37.676,0
20.035,19.475,0.028333,0.21388,37.739,0
20.035,19.497,0.044707,0.20567,37.794,0
20.048,19.517,0.026383,0.20259,37.848,0
20.048,19.537,0,0.19653,37.9,0
20.058,19.557,0.033388,0.19123,37.956,0
20.057,19.576,0.055707,0.18319,38,0
20.057,19.594,0,0.17768,38.047,0
20.057,19.612,0,0.17601,38.092,0
20.079,19.63,0.028499,0.17093,38.138,0
20.079,19.647,0,0.16877,38.182,0
20.079,19.664,0,0.16563,38.225,0
20.079,19.68,0,0.15905,38.265,0
20.108,19.696,0.00077618,0.15642,38.318,0
20.108,19.712,0,0.14681,38.358,0
20.108,19.727,0,0.1376,38.397,0
20.108,19.74,0,0.13054,38.434,0
20.108,19.753,0,0.12418,38.47,0
20.108,19.766,0,0.1185,38.505,0
20.082,19.778,0.0090474,0.11537,38.547,0
20.082,19.789,0,0.11086,38.576,0
20.082,19.8,0,0.10556,38.605,0
20.082,19.811,0,0.10392,38.633,0
20.074,19.821,-0.023612,0.095963,38.673,0
20.074,19.831,0,0.092081,38.698,0
20.059,19.84,-0.12025,0.082888,38.713,0.0026325
20.059,19.848,0,0.073082,38.734,0
20.059,19.856,0,0.065937,38.755,0
20.059,19.862,0,0.06214,38.775,0
20.059,19.868,0,0.063582,38.794,0
20.047,19.875,0.071907,0.065276,38.805,0
20.045,19.881,0.096955,0.062026,38.829,0
20.052,19.888,0.065905,0.062443,38.84,0
20.052,19.894,0,0.064102,38.856,0
20.049,19.9,-0.05018,0.056458,38.869,0
20.049,19.906,0,0.050916,38.883,0
20.049,19.911,0,0.050133,38.898,0
20.046,19.916,0.046439,0.049023,38.901,0
20.046,19.921,0,0.048109,38.914,0
20.057,19.926,0.088585,0.049766,38.929,0
20.069,19.931,0.091354,0.052323,38.946,0
20.069,19.936,0,0.056228,38.96,0
20.069,19.941,0,0.056455,38.973,0
20.091,19.947,0.019107,0.054249,39,0
20.091,19.953,0,0.049386,39.014,0
20.086,19.957,-0.074645,0.048477,39.028,0.0052478
20.071,19.962,-0.10767,0.040927,39.047,0.11392
20.071,19.966,0,0.032101,39.058,0
20.043,19.97,-0.17181,0.027578,39.067,0.33909
20.043,19.972,0,0.022495,39.074,0
20.043,19.975,0,0.009965,39.081,0
19.966,19.976,-0.36652,-0.00087694,39.069,1.1549
19.924,19.976,-0.42262,-0.0047542,39.072,1.5115
19.879,19.975,-0.45666,-0.0089196,39.057,1.798
19.879,19.974,0,-0.013035,39.047,0.17013
19.879,19.973,0,-0.01805,39.038,0.15606
19.719,19.971,-0.53748,-0.023455,39.024,2.6926
19.665,19.969,-0.55189,-0.028327,38.992,2.94
19.665,19.966,0,-0.03275,38.961,0.58018
19.665,19.963,0,-0.038536,38.931,0.55734
19.665,19.959,0,-0.044067,38.902,0.5341
19.424,19.954,-0.57961,-0.049765,38.841,3.8539
19.424,19.949,0,-0.05416,38.788,1.0628
19.311,19.944,-0.54108,-0.059569,38.729,3.9415
19.311,19.938,0,-0.06423,38.666,1.2894
19.311,19.932,0,-0.068983,38.604,1.2575
19.311,19.925,0,-0.071572,38.542,1.2315
19.311,19.918,0,-0.07381,38.481,1.2061
19.311,19.91,0,-0.075002,38.421,1.1835
19.311,19.903,0,-0.075263,38.362,1.1636
19.311,19.895,0,-0.075332,38.303,1.1443
19.311,19.888,0,-0.075053,38.245,1.1261
19.09,19.88,-0.11963,-0.076283,38.051,2.152
19.076,19.872,-0.13042,-0.077124,37.974,2.214
19.066,19.865,-0.12612,-0.077667,37.888,2.2022
19.066,19.857,0,-0.078722,37.808,1.6796
19.029,19.849,-0.076455,-0.08021,37.74,2.0492
19.029,19.841,0,-0.080609,37.658,1.7314
19.022,19.833,-0.031156,-0.079796,37.571,1.8456
19.022,19.825,0,-0.079671,37.49,1.7085
19.022,19.817,0,-0.078498,37.41,1.6908
19.022,19.809,0,-0.0786,37.331,1.669
19.022,19.801,0,-0.079336,37.253,1.645
19.022,19.793,0,-0.079356,37.175,1.6233
18.998,19.785,-0.070377,-0.078995,37.083,1.934
18.998,19.778,0,-0.078985,37.004,1.6476
18.998,19.77,0,-0.078614,36.927,1.6274
18.982,19.762,-0.11719,-0.078879,36.854,2.101
18.972,19.754,-0.15175,-0.079332,36.777,2.2536
18.972,19.746,0,-0.080833,36.7,1.6247
18.926,19.738,-0.19488,-0.082919,36.614,2.5277
18.926,19.73,0,-0.083666,36.534,1.6959
18.902,19.721,-0.20155,-0.084204,36.445,2.5759
18.902,19.713,0,-0.085214,36.363,1.7094
18.902,19.704,0,-0.085955,36.283,1.6835
18.902,19.696,0,-0.087766,36.203,1.6537
18.842,19.687,-0.16832,-0.088151,36.087,2.4871
18.842,19.678,0,-0.08957,36.003,1.7648
18.797,19.669,-0.17229,-0.091666,35.903,2.5759
18.797,19.66,0,-0.093553,35.816,1.8247
18.797,19.651,0,-0.095821,35.73,1.7907
18.797,19.641,0,-0.097906,35.645,1.7569
18.797,19.631,0,-0.099157,35.561,1.7256
18.686,19.621,-0.21988,-0.10018,35.446,2.9739
18.686,19.611,0,-0.10118,35.353,1.9725
18.686,19.601,0,-0.10283,35.261,1.9379
18.686,19.591,0,-0.10294,35.17,1.9087
18.686,19.581,0,-0.10412,35.08,1.8756
18.607,19.57,-0.14466,-0.10519,34.961,2.6772
18.607,19.56,0,-0.10677,34.865,2.0281
18.607,19.549,0,-0.10852,34.77,1.9914
18.555,19.538,-0.15013,-0.10875,34.665,2.7522
18.534,19.527,-0.15917,-0.11032,34.56,2.8195
18.523,19.516,-0.14996,-0.11078,34.457,2.7732
18.523,19.505,0,-0.11183,34.358,2.0933
18.484,19.494,-0.14567,-0.1136,34.256,2.794
18.484,19.483,0,-0.11457,34.155,2.13
18.45,19.471,-0.13263,-0.11587,34.059,2.7605
18.427,19.46,-0.13212,-0.11762,33.96,2.7859
18.412,19.448,-0.13826,-0.11857,33.849,2.8212
18.412,19.436,0,-0.12018,33.745,2.1829
18.373,19.424,-0.19443,-0.12142,33.631,3.1309
18.373,19.412,0,-0.12243,33.527,2.2169
18.373,19.4,0,-0.12355,33.423,2.1773
18.326,19.387,-0.16724,-0.12425,33.306,3.0143
18.315,19.375,-0.14693,-0.12467,33.207,2.9112
18.297,19.362,-0.12794,-0.1259,33.096,2.8331
18.292,19.35,-0.1202,-0.12567,32.984,2.7752
18.292,19.337,0,-0.12687,32.879,2.2183
18.292,19.325,0,-0.12797,32.775,2.1776
18.292,19.312,0,-0.12929,32.672,2.1359
18.292,19.299,0,-0.13037,32.571,2.095
18.292,19.286,0,-0.13214,32.471,2.0515
18.292,19.273,0,-0.13333,32.372,2.0098
18.292,19.259,0,-0.13353,32.275,1.9717
18.292,19.246,0,-0.13415,32.178,1.9321
18.292,19.232,0,-0.13519,32.084,1.8911
18.292,19.219,0,-0.13602,31.99,1.8508
18.292,19.205,0,-0.13555,31.898,1.8151
18.292,19.192,0,-0.13576,31.808,1.7773
18.292,19.178,0,-0.13624,31.718,1.7386
18.292,19.165,0,-0.13549,31.63,1.7043
18.086,19.151,-0.055036,-0.13582,31.387,2.4667
18.086,19.137,0,-0.13618,31.281,2.2012
18.086,19.124,0,-0.13554,31.176,2.1646
18.075,19.11,-0.026515,-0.13387,31.075,2.2675
18.08,19.097,-0.041782,-0.13215,30.967,2.282
18.085,19.084,-0.042666,-0.13044,30.863,2.2395
18.085,19.071,0,-0.13002,30.764,2.0364
18.083,19.058,-0.031175,-0.12842,30.658,2.1294
18.083,19.045,0,-0.1281,30.561,1.9744
18.083,19.032,0,-0.12712,30.465,1.9421
18.083,19.019,0,-0.12615,30.371,1.9101
18.075,19.007,-0.046975,-0.12505,30.278,2.0826
18.075,18.994,0,-0.12339,30.185,1.8746
18.075,18.982,-0.033603,-0.12272,30.1,1.9681
18.067,18.97,-0.012008,-0.12269,30.003,1.8747
18.067,18.957,0,-0.12213,29.913,1.7988
18.067,18.945,0,-0.12207,29.825,1.7656
18.067,18.933,0,-0.11984,29.738,1.74
18.065,18.921,0.0021704,-0.1182,29.654,1.7092
18.066,18.909,-0.035134,-0.11688,29.579,1.8146
18.066,18.897,0,-0.11724,29.495,1.6546
18.045,18.886,-0.10186,-0.11761,29.403,2.0656
18.034,18.874,-0.1373,-0.11799,29.314,2.2088
18.034,18.862,0,-0.11996,29.231,1.6374
18.003,18.85,-0.15547,-0.11981,29.164,2.3005
17.996,18.838,-0.15203,-0.11951,29.088,2.2709
17.984,18.826,-0.16207,-0.12006,29,2.313
17.984,18.814,0,-0.12235,28.916,1.6338
17.945,18.802,-0.16769,-0.12319,28.827,2.3699
17.945,18.79,0,-0.12547,28.742,1.6619
17.904,18.777,-0.18847,-0.12659,28.668,2.5016
17.904,18.764,0,-0.1272,28.581,1.7005
17.904,18.752,0,-0.12785,28.495,1.6639
17.904,18.739,0,-0.12928,28.411,1.6248
17.833,18.726,-0.16279,-0.1317,28.308,2.4235
17.833,18.713,0,-0.13279,28.219,1.7316
17.833,18.699,0,-0.13487,28.132,1.6886
17.833,18.686,0,-0.13612,28.046,1.648
17.766,18.672,-0.1345,-0.13618,27.942,2.3225
17.766,18.659,0,-0.13668,27.852,1.7538
17.739,18.645,-0.14791,-0.13739,27.761,2.375
17.739,18.631,0,-0.13882,27.671,1.7455
17.695,18.617,-0.1585,-0.14126,27.576,2.4571
17.695,18.603,0,-0.14235,27.485,1.7778
17.664,18.589,-0.1627,-0.14299,27.39,2.476
17.664,18.575,0,-0.14345,27.298,1.7801
17.664,18.56,0,-0.14457,27.208,1.7372
17.664,18.546,0,-0.14548,27.119,1.6951
17.603,18.531,-0.17086,-0.14621,27.032,2.51
17.593,18.517,-0.19591,-0.14625,26.93,2.6096
17.593,18.502,0,-0.14801,26.838,1.7603
17.593,18.487,0,-0.15081,26.748,1.7107
17.519,18.472,-0.31874,-0.15319,26.641,3.2905
17.519,18.457,0,-0.15606,26.547,1.8101
17.461,18.441,-0.40032,-0.15924,26.438,3.8176
17.415,18.425,-0.44619,-0.16484,26.349,4.1776
17.415,18.409,0,-0.17177,26.248,1.9069
17.313,18.392,-0.51393,-0.17793,26.144,4.8104
17.271,18.374,-0.52807,-0.18296,26.044,4.9758
17.226,18.356,-0.55035,-0.1886,25.924,5.2054
17.226,18.337,0,-0.19534,25.812,2.1483
17.226,18.317,0,-0.20278,25.702,2.0666
17.051,18.297,-0.60991,-0.21203,25.575,5.984
16.983,18.276,-0.60912,-0.2214,25.454,6.1152
16.983,18.254,0,-0.23024,25.326,2.4741
16.85,18.231,-0.59372,-0.23988,25.189,6.2487
16.85,18.207,0,-0.24657,25.052,2.6612
16.85,18.182,0,-0.25573,24.917,2.5532
16.673,18.156,-0.61805,-0.26383,24.773,6.7276
16.605,18.13,-0.61522,-0.27373,24.616,6.8211
16.605,18.103,0,-0.28308,24.465,2.9375
16.605,18.074,0,-0.29055,24.316,2.8227
16.416,18.045,-0.58575,-0.30056,24.133,6.8561
16.416,18.015,0,-0.30744,23.972,3.1444
16.416,17.985,0,-0.31546,23.813,3.018
16.416,17.953,0,-0.32285,23.658,2.8938
16.416,17.921,0,-0.32995,23.506,2.7705
16.141,17.888,-0.57821,-0.33863,23.284,7.0489
16.141,17.854,0,-0.34558,23.111,3.3336
16.141,17.819,0,-0.35302,22.941,3.1965
16.141,17.784,0,-0.36362,22.775,3.0466
16.141,17.748,0,-0.37145,22.613,2.9074
16.141,17.71,0,-0.38015,22.454,2.7652
16.141,17.672,0,-0.39054,22.299,2.6172
16.141,17.633,0,-0.40009,22.148,2.4726
15.66,17.593,-0.59738,-0.41028,21.804,7.5312
15.603,17.552,-0.59901,-0.41891,21.606,7.5559
15.603,17.51,0,-0.42589,21.413,3.5956
15.603,17.468,0,-0.43615,21.225,3.4206
15.603,17.424,0,-0.44429,21.04,3.2549
15.377,17.38,-0.62243,-0.45218,20.835,7.7552
15.318,17.335,-0.62238,-0.46094,20.643,7.7532
15.25,17.289,-0.61242,-0.4718,20.449,7.6891
15.25,17.241,0,-0.48198,20.247,3.6152
15.122,17.193,-0.53837,-0.49294,20.037,7.0952
15.064,17.144,-0.49821,-0.50184,19.829,6.7635
15.017,17.094,-0.46134,-0.50791,19.631,6.4422
15.017,17.043,0,-0.51536,19.426,3.5818
15.017,16.991,0,-0.51825,19.226,3.4137
14.886,16.94,-0.41819,-0.52367,19.026,5.9474
14.886,16.887,0,-0.52667,18.823,3.4592
14.886,16.835,0,-0.52973,18.626,3.2896
14.777,16.782,-0.35429,-0.53308,18.437,5.2872
14.777,16.728,0,-0.53757,18.24,3.2682
14.703,16.674,-0.31687,-0.53961,18.042,4.9001
14.703,16.621,0,-0.5405,17.848,3.1577
14.703,16.566,0,-0.54192,17.658,2.9964
14.614,16.512,-0.32817,-0.54255,17.46,4.6816
14.578,16.458,-0.35013,-0.5452,17.274,4.7317
14.578,16.403,0,-0.54716,17.089,2.8702
14.5,16.349,-0.35196,-0.55104,16.912,4.5952
14.5,16.294,0,-0.55306,16.73,2.7585
14.5,16.238,0,-0.55402,16.554,2.6037
14.5,16.183,0,-0.55629,16.383,2.4476
14.5,16.127,0,-0.56128,16.217,2.2858
14.5,16.071,0,-0.56958,16.057,2.1172
14.257,16.014,-0.47831,-0.57225,15.816,4.9016
14.257,15.957,0,-0.57778,15.643,2.4229
14.257,15.899,0,-0.58073,15.476,2.2639
14.257,15.841,0,-0.58955,15.315,2.0908
14.051,15.782,-0.51585,-0.59705,15.13,4.897
14.051,15.723,0,-0.6024,14.96,2.2707
14.051,15.662,0,-0.61142,14.796,2.0929
14.051,15.601,0,-0.61864,14.638,1.9247
14.051,15.539,0,-0.6247,14.486,1.7641
14.051,15.477,0,-0.63366,14.34,1.6014
14.051,15.413,0,-0.65949,14.201,1.4078
14.051,15.347,0,-0.7293,14.068,1.1499
14.051,15.275,0,-0.85831,13.942,0.88725
12.59,15.189,-6.1892,-1.0407,13.475,29.897
11.979,15.085,-6.9468,-1.2778,13.199,29.936
11.28,14.957,-7.2245,-1.5655,12.855,29.586
10.564,14.8,-7.2166,-1.877,12.463,28.83
10.564,14.613,0,-8.2562,12.049,0
10.564,13.787,0,-8.32,11.685,0
8.3832,12.955,-7.1595,-8.1033,11.074,7.3892
7.6673,12.145,-6.7342,-7.6777,10.623,7.1959
7.0005,11.377,-6.3473,-7.2885,10.175,6.9939
6.3612,10.648,-5.8961,-6.8392,9.7428,6.8063
6.3612,9.9641,0,-6.4286,9.3483,64.258
6.3612,9.3213,0,-6.1568,9.0202,63.511
6.3612,8.7056,0,-5.8299,8.7549,62.936
6.3612,8.1226,0,-5.47,8.5497,62.497
6.3612,7.5756,0,-5.2,8.4009,61.943
6.3612,7.0556,0,-5.2,8.3054,60.877
6.3612,6.5356,0,-5.2,8.262,59.811
6.3612,6.0156,0,-8.8,8.2706,51.181
2.2728,5.1356,-3.0966,-8.8,6.338,0
1.9636,4.2556,-2.7334,-8.8,6.0868,0
1.6915,3.3756,-2.2252,-8.8,5.886,0
1.6915,2.4956,0,-8.8,5.7616,0
1.2926,1.6156,-1.1739,-8.8,5.6711,0
1.2926,0.73559,0,-0.70421,5.6828,0
1.2926,0.66517,0,-0.39984,5.742,0
1.0638,0.62519,-0.32671,-0.32671,5.7547,0
1.0262,0.59252,-0.30385,-0.30385,5.8035,0
1.0262,0.56213,0,-0.31327,5.8484,0
1.0262,0.53081,0,-0.30451,5.8964,0
0.93102,0.50035,-0.27414,-0.27414,5.9154,0
0.93102,0.47294,0,-0.18787,5.9598,0
0.88832,0.45415,-0.013478,-0.013478,6.0016,0
0.88832,0.45281,0,0.24865,6.0451,0
0.88832,0.47767,0,0.53403,6.0874,0.54223
0.97198,0.53107,0.83298,0.83298,6.1192,0
1.0581,0.61437,1.088,1.088,6.1585,0
1.0581,0.72317,0,1.2652,6.1974,4.4516
1.0581,0.84969,0,1.3807,6.2245,5.7169
1.4335,0.98776,1.4683,4.9,6.2856,17.945
1.5719,1.4778,1.5317,0.5435,6.312,0
1.5719,1.5321,0,1.0697,6.3187,4.4394
1.5719,1.6391,0,1.2193,6.3174,5.8209
1.5719,1.761,0,1.2398,6.3045,6.4795
1.5719,1.885,0,1.2956,6.2794,7.4084
2.3835,2.0146,1.6273,1.29,6.4278,0
2.5375,2.1436,1.6451,1.2494,6.4722,0
2.5375,2.2685,0,1.2667,6.5054,4.7285
2.5375,2.3952,0,1.2465,6.526,5.1214
2.5375,2.5198,0,1.248,6.534,5.651
3.1867,2.6446,1.6736,1.2384,6.6396,0
3.1867,2.7685,0,1.233,6.6876,3.9232
3.1867,2.8918,0,1.2277,6.7233,4.3818
3.6741,3.0145,1.5711,1.2405,6.8218,0
3.8341,3.1386,1.5278,1.2331,6.8853,0
3.8341,3.2619,0,1.2235,6.9487,3.2698
3.8341,3.3842,0,1.2098,6.9998,3.6618
3.8341,3.5052,0,1.1936,7.0387,4.0396
4.4443,3.6246,1.3946,1.1857,7.1781,0
4.5906,3.7431,1.3413,1.1727,7.2546,0
4.7254,3.8604,1.2819,1.1496,7.3451,0
4.7254,3.9754,0,1.1186,7.4258,2.0438
4.7254,4.0872,0,1.0965,7.4953,2.3273
4.7254,4.1969,0,1.0808,7.5536,2.6404
4.7254,4.305,0,1.0723,7.6011,2.9915
5.3431,4.4122,1.1498,1.0421,7.7837,0
5.3431,4.5164,0,1.0177,7.8715,1.2849
5.5763,4.6182,1.1182,1.0154,7.973,0
5.6959,4.7197,1.0962,1.0092,8.077,0
5.7971,4.8206,1.0654,0.98545,8.1795,0
5.7971,4.9192,0,0.97903,8.2722,0.94165
5.7971,5.0171,0,0.96453,8.3551,1.1922
6.1168,5.1135,1.0513,0.94731,8.4788,0
6.1168,5.2083,0,0.9439,8.5744,0.69185
6.1168,5.3027,0,0.9275,8.6605,0.91687
6.1168,5.3954,0,0.91936,8.7373,1.177
6.1168,5.4874,0,0.90673,8.8048,1.4186
6.6098,5.578,0.82538,0.88556,8.9664,0
6.6982,5.6666,0.74846,0.87144,9.071,0
6.6982,5.7537,0,0.84876,9.1698,0.19759
6.8351,5.8386,0.56629,0.81729,9.2815,0
6.8932,5.9203,0.52759,0.78642,9.3732,0
6.8932,5.999,0,0.7598,9.4665,0.010126
6.8932,6.075,0,0.73555,9.5522,0.13421
6.8932,6.1485,0,0.70811,9.6303,0.24037
7.1067,6.2193,0.42562,0.68332,9.7355,0
7.1439,6.2877,0.40326,0.65307,9.8307,0
7.1772,6.353,0.35406,0.6221,9.9063,0
7.2204,6.4152,0.32321,0.60238,9.989,0
7.2451,6.4754,0.31586,0.57137,10.077,0
7.2451,6.5325,0,0.54326,10.151,0
7.2451,6.5869,0,0.52604,10.22,0
7.2451,6.6395,0,0.50107,10.283,0
7.2451,6.6896,0,0.47549,10.341,0
7.3704,6.7371,0.16068,0.45415,10.443,0
7.3704,6.7825,0,0.43396,10.504,0
7.3704,6.8259,0,0.41558,10.561,0
7.4388,6.8675,0.18212,0.40255,10.613,0
7.4388,6.9078,0,0.39137,10.668,0
7.4388,6.9469,0,0.3762,10.72,0
7.5134,6.9845,0.29012,0.36769,10.79,0
7.5134,7.0213,0,0.36057,10.841,0
7.5757,7.0573,0.29202,0.35727,10.896,0
7.5757,7.0931,0,0.35415,10.946,0
7.5757,7.1285,0,0.34968,10.992,0
7.5757,7.1634,0,0.33982,11.035,0
7.5757,7.1974,0,0.32675,11.075,0
7.5757,7.2301,0,0.31602,11.111,0.0086451
7.5757,7.2617,0,0.3154,11.144,0.083135
7.7572,7.2932,0.31574,0.31083,11.226,0
7.7572,7.3243,0,0.3085,11.27,0
7.8265,7.3552,0.40138,0.31356,11.316,0
7.8265,7.3865,0,0.32246,11.362,0
7.9073,7.4188,0.40617,0.32279,11.411,0
7.9073,7.4511,0,0.32271,11.458,0
7.9073,7.4833,0,0.32319,11.502,0
8.0081,7.5157,0.39894,0.3223,11.569,0
8.0081,7.5479,0,0.32819,11.617,0
8.0081,7.5807,0,0.32539,11.661,0
8.0081,7.6132,0,0.33382,11.702,0
8.0081,7.6466,0,0.33294,11.74,0.018365
8.1989,7.6799,0.30421,0.33418,11.828,0
8.1989,7.7133,0,0.336,11.878,0
8.2671,7.7469,0.25659,0.33281,11.937,0
8.2671,7.7802,0,0.33003,11.988,0
8.2671,7.8132,0,0.32674,12.035,0
8.2671,7.8459,0,0.32122,12.078,0
8.3642,7.878,0.18826,0.30679,12.131,0
8.386,7.9087,0.14562,0.30034,12.181,0
8.386,7.9387,0,0.29257,12.227,0
8.4244,7.968,0.10235,0.28561,12.275,0
