34.444,34.444,-0.045051,0,35.5,0.099813
34.447,34.444,-0.042104,0.00032905,35.498,0.088656
34.436,34.444,-0.13364,-0.001733,35.507,0.34304
34.416,34.444,-0.1671,-0.0055288,35.514,0.47681
34.416,34.444,0,-0.0089711,35.511,0.037893
34.416,34.443,0,-0.011739,35.508,0.030192
34.366,34.442,-0.091326,-0.014766,35.49,0.34781
34.355,34.44,-0.062662,-0.016643,35.487,0.2899
34.355,34.439,0,-0.017577,35.479,0.13485
34.346,34.437,0.0036056,-0.017785,35.486,0.14217
34.346,34.435,0,-0.018974,35.477,0.14379
34.346,34.433,0,-0.018565,35.469,0.1407
34.335,34.431,0.078684,-0.018824,35.475,0
34.335,34.429,0,-0.015332,35.465,0.16286
34.335,34.428,0,-0.013505,35.456,0.16373
34.363,34.426,0.058441,-0.012463,35.455,0
34.363,34.425,0,-0.010614,35.449,0.10618
34.363,34.424,0,-0.0095208,35.443,0.10636
34.363,34.423,0,-0.0075593,35.437,0.10869
34.391,34.422,0.10903,-0.0062276,35.437,0
34.392,34.422,0.12974,-0.0058451,35.429,0
34.392,34.421,0,-0.004024,35.426,0.051544
34.392,34.421,0,-0.0029577,35.423,0.053006
34.392,34.421,0,-0.00098207,35.421,0.056661
34.392,34.42,0,0.0015277,35.418,0.061908
34.392,34.421,0,0.0043331,35.415,0.068358
34.392,34.421,0,0.0055549,35.412,0.07195
34.392,34.422,0,0.0077765,35.409,0.078017
34.485,34.422,0.11388,0.0087598,35.435,0
34.487,34.423,0.13329,0.0088749,35.435,0
34.495,34.424,0.1187,0.0099476,35.446,0
34.495,34.425,0,0.011089,35.453,0
34.518,34.426,0.11041,0.012787,35.452,0
34.534,34.428,0.1002,0.014903,35.47,0
34.542,34.429,0.11579,0.015835,35.473,0
34.547,34.431,0.090229,0.016238,35.475,0
34.564,34.432,0.077591,0.018423,35.494,0
34.564,34.434,0,0.020482,35.507,0
34.564,34.436,0,0.021198,35.52,0
34.605,34.438,0.070406,0.023376,35.539,0
34.605,34.441,0,0.024454,35.556,0
34.605,34.443,0,0.025643,35.572,0
34.605,34.446,0,0.026569,35.588,0
34.642,34.448,0.07824,0.027176,35.612,0
34.652,34.451,0.050283,0.028108,35.641,0
34.655,34.454,0.086688,0.028218,35.662,0
34.655,34.457,0,0.029502,35.682,0
34.655,34.46,0,0.029928,35.702,0
34.655,34.463,0,0.032738,35.721,0
34.655,34.466,0,0.034393,35.74,0
34.655,34.469,0,0.034937,35.759,0
34.737,34.473,0.082956,0.037135,35.781,0
34.737,34.476,0,0.036708,35.807,0
34.737,34.48,0,0.036382,35.833,0
34.737,34.484,0,0.035732,35.858,0
34.737,34.487,0,0.03482,35.883,0
34.726,34.491,-0.064657,0.033158,35.907,0
34.726,34.494,0,0.032952,35.93,0
34.726,34.497,0,0.031994,35.953,0
34.724,34.501,-0.091307,0.031423,35.976,0
34.71,34.504,-0.10592,0.029021,35.998,0
34.708,34.507,-0.14433,0.028414,36.016,0
34.685,34.51,-0.14778,0.024813,36.028,0.021849
34.685,34.512,0,0.022576,36.046,0
34.685,34.514,0,0.019618,36.063,0
34.685,34.516,0,0.017072,36.08,0
34.685,34.518,0,0.016664,36.097,0
34.624,34.52,-0.13627,0.01468,36.09,0.1302
34.61,34.521,-0.11215,0.012607,36.106,0.096257
34.61,34.522,0,0.01038,36.115,0
34.589,34.523,-0.14218,0.0092915,36.119,0.22044
34.573,34.524,-0.17538,0.0069124,36.128,0.34813
34.573,34.525,0,0.0038267,36.133,0
34.573,34.525,0,0.0026546,36.138,0
34.535,34.526,-0.095961,0.0012822,36.138,0.2078
34.535,34.526,0,-0.0017018,36.139,0
34.535,34.526,0,-0.0017931,36.14,0
34.535,34.525,0,-0.0042237,36.141,0
34.502,34.525,-0.10842,-0.004332,36.146,0.29921
34.502,34.525,0,-0.0044965,36.144,0.036294
34.488,34.524,-0.11306,-0.0068208,36.144,0.33564
34.488,34.523,0,-0.010682,36.14,0.049515
34.488,34.522,0,-0.014018,36.137,0.040228
34.488,34.521,0,-0.018033,36.134,0.028915
34.488,34.519,0,-0.022779,36.13,0.015386
34.488,34.517,0,-0.026106,36.128,0.0039491
34.488,34.514,0,-0.032848,36.125,0
34.488,34.511,0,-0.036759,36.122,0
34.488,34.507,0,-0.042495,36.12,0
34.488,34.503,0,-0.046404,36.119,0
34.488,34.498,0,-0.049852,36.117,0
34.21,34.493,-0.23453,-0.054395,35.973,1.2192
34.186,34.488,-0.20335,-0.058098,35.952,1.1433
34.186,34.482,0,-0.060034,35.922,0.49881
34.186,34.476,0,-0.064586,35.892,0.47397
34.186,34.47,0,-0.066739,35.864,0.45427
34.11,34.463,-0.19106,-0.068233,35.83,1.2032
34.082,34.456,-0.19036,-0.072336,35.799,1.2434
34.082,34.449,0,-0.075255,35.762,0.6198
34.082,34.441,0,-0.078583,35.726,0.59396
34.082,34.434,0,-0.078624,35.69,0.57597
34.082,34.426,0,-0.080334,35.655,0.55382
34.001,34.418,-0.12838,-0.081154,35.628,1.1104
34.001,34.41,0,-0.080493,35.586,0.70286
34.001,34.402,0,-0.080702,35.546,0.68358
34.001,34.393,0,-0.082435,35.506,0.66031
34.001,34.385,0,-0.085484,35.467,0.63337
34.001,34.377,0,-0.085707,35.429,0.61324
34.001,34.368,0,-0.085844,35.392,0.59337
33.926,34.36,0.0101,-0.085569,35.328,0.72155
33.929,34.351,0.0096397,-0.083241,35.29,0.70011
33.924,34.343,-0.021721,-0.082812,35.241,0.77998
33.924,34.334,0,-0.080289,35.2,0.7075
33.924,34.326,0,-0.076978,35.159,0.69765
33.924,34.319,0,-0.074689,35.119,0.68584
33.957,34.311,0.11241,-0.070541,35.09,0.34217
33.957,34.304,0,-0.068303,35.055,0.59357
33.975,34.297,0.04694,-0.064269,35.012,0.43109
33.986,34.291,-0.052576,-0.060998,34.979,0.65664
33.986,34.285,0,-0.059782,34.949,0.50539
33.986,34.279,0,-0.061433,34.919,0.48779
33.986,34.273,0,-0.063269,34.89,0.46947
33.986,34.266,0,-0.065254,34.862,0.45048
33.935,34.26,-0.055352,-0.065216,34.854,0.69932
33.935,34.253,0,-0.064107,34.822,0.53753
33.943,34.247,0.097351,-0.061264,34.783,0.28998
33.943,34.241,0,-0.057244,34.753,0.50931
33.943,34.235,0,-0.052849,34.723,0.50751
33.97,34.23,0.066984,-0.05256,34.713,0.28194
33.97,34.224,0,-0.05034,34.687,0.43
33.97,34.219,0,-0.047444,34.662,0.42593
34.002,34.215,0.072293,-0.043209,34.632,0.19434
34.018,34.21,0.103,-0.038978,34.611,0.10098
34.018,34.206,0,-0.035395,34.592,0.31914
34.018,34.203,0,-0.033277,34.573,0.31644
34.018,34.2,0,-0.032034,34.555,0.31212
34.05,34.196,0.064133,-0.029897,34.532,0.10456
34.05,34.193,0,-0.02624,34.518,0.24444
34.078,34.191,0.099687,-0.02308,34.515,0
34.086,34.188,0.11174,-0.020807,34.512,0
34.106,34.186,0.10704,-0.016413,34.497,0
34.106,34.185,0,-0.013792,34.489,0.13415
34.106,34.183,0,-0.0096173,34.482,0.14056
34.151,34.182,0.079645,-0.0064688,34.477,0
34.151,34.182,0,-0.0057937,34.474,0.051683
34.158,34.181,0.094152,-0.0047458,34.473,0
34.158,34.181,0,-0.003322,34.471,0.039851
34.179,34.18,0.097463,-0.00024156,34.461,0
34.191,34.18,0.11858,0.0014899,34.466,0
34.191,34.18,0,0.0044115,34.467,0
34.191,34.181,0,0.0073221,34.468,0
34.191,34.182,0,0.0092106,34.469,0
34.259,34.183,0.1939,0.010578,34.496,0
34.259,34.184,0,0.012369,34.503,0
34.259,34.185,0,0.014096,34.511,0
34.298,34.186,0.24249,0.015415,34.527,0
34.298,34.188,0,0.018476,34.538,0
34.338,34.19,0.23444,0.020528,34.544,0
34.338,34.192,0,0.02386,34.558,0
34.401,34.194,0.31873,0.028508,34.577,0
34.401,34.197,0,0.032739,34.597,0
34.465,34.2,0.31009,0.036602,34.634,0
34.465,34.204,0,0.041314,34.661,0
34.536,34.208,0.30611,0.045348,34.697,0
34.567,34.213,0.27841,0.049094,34.724,0
34.592,34.217,0.37948,0.051972,34.77,0
34.625,34.223,0.41469,0.055837,34.806,0
34.625,34.228,0,0.06201,34.846,0
34.625,34.234,0,0.066928,34.885,0
34.625,34.241,0,0.072636,34.924,0
34.625,34.248,0,0.077683,34.962,0
34.856,34.256,0.38669,0.083684,35.059,0
34.856,34.265,0,0.087876,35.118,0
34.943,34.273,0.40936,0.093558,35.175,0
34.987,34.283,0.45062,0.0985,35.242,0
34.987,34.293,0,0.10354,35.312,0
34.987,34.303,0,0.10829,35.381,0
35.125,34.314,0.5114,0.11388,35.457,0
35.125,34.325,0,0.11928,35.537,0
35.125,34.337,0,0.12567,35.617,0
35.125,34.35,0,0.13232,35.695,0
35.125,34.363,0,0.13749,35.772,0
35.392,34.377,0.5554,0.14371,35.909,0
35.392,34.391,0,0.14941,36.01,0
35.5,34.406,0.58387,0.15544,36.119,0
35.5,34.421,0,0.16214,36.227,0
35.5,34.438,0,0.16746,36.334,0
35.667,34.454,0.58055,0.17338,36.469,0
35.667,34.472,0,0.17904,36.589,0
35.77,34.49,0.5811,0.18389,36.714,0
35.77,34.508,0,0.19056,36.841,0
35.77,34.527,0,0.19757,36.966,0
35.77,34.547,0,0.20296,37.09,0
36.01,34.567,0.63522,0.20918,37.258,0
36.01,34.588,0,0.21477,37.401,0
36.01,34.61,0,0.2222,37.542,0
36.194,34.632,0.63814,0.22828,37.715,0
36.194,34.655,0,0.23468,37.871,0
36.328,34.678,0.67429,0.24238,38.043,0
36.396,34.702,0.69968,0.24938,38.206,0
36.458,34.727,0.73726,0.25564,38.382,0
36.526,34.753,0.74397,0.26272,38.559,0
36.526,34.779,0,0.27137,38.735,0
36.67,34.806,0.73317,0.27762,38.921,0
36.67,34.834,0,0.28502,39.106,0
36.67,34.862,0,0.29377,39.288,0
36.906,34.892,0.76507,0.30276,39.503,0.24274
36.906,34.922,0,0.30985,39.702,0
36.906,34.953,0,0.31768,39.899,0
36.906,34.985,0,0.32474,40.093,0
36.906,35.017,0,0.33226,40.283,0
36.906,35.051,0,0.33841,40.471,0
37.349,35.084,0.69424,0.34707,40.784,0.18349
37.409,35.119,0.65021,0.35216,41.012,0.0069141
37.409,35.154,0,0.35807,41.24,0
37.545,35.19,0.55017,0.36452,41.482,0
37.602,35.227,0.51039,0.36887,41.708,0
37.657,35.263,0.5017,0.37301,41.947,0
37.707,35.301,0.49056,0.37606,42.181,0
37.761,35.338,0.49622,0.38006,42.431,0
37.761,35.376,0,0.38312,42.671,0
37.761,35.415,0,0.38721,42.908,0
37.92,35.453,0.58461,0.39081,43.167,0
37.92,35.493,0,0.39367,43.411,0
38.04,35.532,0.66925,0.39975,43.65,0.27958
38.1,35.572,0.69419,0.40423,43.895,0.4208
38.1,35.612,0,0.41134,44.146,0
38.1,35.653,0,0.41674,44.393,0
38.321,35.695,0.72522,0.42389,44.651,0.69407
38.321,35.737,0,0.42897,44.911,0
38.453,35.78,0.72054,0.4342,45.178,0.72039
38.532,35.824,0.72637,0.44143,45.445,0.79678
38.607,35.868,0.69057,0.44777,45.709,0.64486
38.669,35.913,0.70923,0.45199,45.98,0.75925
38.742,35.958,0.7332,0.45795,46.248,0.92274
38.742,36.004,0,0.46523,46.524,0
38.898,36.05,0.72951,0.47159,46.816,0.98552
38.898,36.097,0,0.47686,47.098,0
38.898,36.145,0,0.48358,47.376,0
38.898,36.193,0,0.48929,47.649,0
39.201,36.242,0.76899,0.49637,47.982,1.3522
39.276,36.292,0.78285,0.50212,48.274,1.4656
39.362,36.342,0.78353,0.50985,48.572,1.5247
39.437,36.393,0.75382,0.51546,48.869,1.3812
39.437,36.445,0,0.52147,49.17,0
39.577,36.497,0.69734,0.52489,49.483,1.0901
39.651,36.549,0.69036,0.53026,49.789,1.0753
39.71,36.602,0.65664,0.53304,50.108,0.87797
39.71,36.656,0,0.5379,50.417,0
39.844,36.709,0.58257,0.54097,50.733,0.48165
39.844,36.764,0,0.54241,51.043,0
39.844,36.818,0,0.54215,51.349,0
39.988,36.872,0.32357,0.54248,51.657,0
40.026,36.926,0.25665,0.54129,51.974,0
40.059,36.98,0.13593,0.5391,52.283,0
40.067,37.034,0.021318,0.53249,52.587,0
40.067,37.088,0,0.52361,52.888,0
40.062,37.14,-0.12313,0.51577,53.183,0
40.043,37.192,-0.17757,0.50455,53.467,0
40.043,37.242,0,0.49518,53.749,0
40.043,37.291,0,0.48516,54.027,0
40.043,37.34,0,0.47391,54.3,0
40.043,37.387,0,0.46395,54.568,0
40.043,37.434,0,0.4546,54.831,0
40.043,37.479,0,0.44655,55.09,0
39.966,37.524,-0.010845,0.43881,55.311,0
39.97,37.568,-0.01062,0.43244,55.55,0
39.961,37.611,-0.016684,0.42379,55.796,0
39.95,37.653,-0.0087504,0.41499,56.033,0
39.95,37.695,0,0.40711,56.261,0
39.95,37.736,0,0.39863,56.484,0
39.95,37.775,0,0.38988,56.704,0
39.95,37.814,0,0.38159,56.919,0
39.95,37.853,0,0.37307,57.131,0
39.95,37.89,0,0.36343,57.339,0
39.875,37.926,-0.12079,0.35631,57.549,0
39.875,37.962,0,0.34891,57.742,0
39.875,37.997,0,0.34242,57.931,0
39.875,38.031,0,0.33487,58.117,0
39.875,38.065,0,0.32776,58.3,0
39.875,38.097,0,0.31759,58.48,0
39.875,38.129,0,0.30691,58.656,0
39.875,38.16,0,0.29674,58.829,0
39.748,38.189,-0.19043,0.28785,58.959,0
39.748,38.218,0,0.27746,59.113,0
39.697,38.246,-0.057355,0.26844,59.263,0
39.697,38.273,0,0.26308,59.406,0
39.697,38.299,0,0.26046,59.547,0
39.697,38.325,0,0.2576,59.686,0
39.731,38.351,0.12486,0.25625,59.81,0
39.731,38.377,0,0.25295,59.947,0
39.731,38.402,0,0.24817,60.081,0
39.731,38.427,0,0.24563,60.213,0
39.75,38.451,-0.01008,0.24194,60.33,0
39.75,38.475,0,0.23625,60.458,0
39.75,38.499,0,0.23325,60.584,0
39.75,38.522,0,0.22957,60.708,0
39.75,38.545,0,0.22644,60.83,0
39.75,38.568,0,0.22626,60.949,0
39.75,38.591,0,0.22693,61.066,0
39.838,38.613,0.31664,0.22947,61.188,0
39.838,38.636,0,0.23232,61.31,0
39.899,38.659,0.22077,0.23258,61.427,0
39.93,38.683,0.17523,0.23422,61.545,0
39.942,38.706,0.18917,0.23225,61.668,0
39.942,38.729,0,0.2331,61.791,0
39.997,38.753,0.26733,0.23421,61.918,0
40.014,38.776,0.29654,0.23318,62.041,0
40.014,38.799,0,0.23301,62.164,0
40.014,38.823,0,0.23656,62.284,0
40.014,38.846,0,0.23919,62.402,0
40.143,38.87,0.39133,0.2405,62.538,0
40.183,38.894,0.4587,0.24367,62.661,0
40.183,38.919,0,0.24727,62.788,0
40.183,38.943,0,0.25156,62.913,0
40.183,38.969,0,0.25803,63.036,0
40.386,38.994,0.6511,0.26409,63.211,0
40.45,39.021,0.66456,0.27143,63.355,0
40.45,39.048,0,0.27749,63.497,0
40.573,39.076,0.66886,0.28481,63.649,0
40.644,39.104,0.67552,0.29327,63.809,0
40.644,39.134,0,0.29936,63.961,0
40.644,39.163,0,0.3075,64.111,0
40.644,39.194,0,0.31386,64.257,0
40.644,39.226,0,0.3204,64.401,0
40.974,39.258,0.74853,0.32834,64.618,0
40.974,39.29,0,0.33799,64.788,0
40.974,39.324,0,0.34567,64.955,0
41.21,39.359,0.84509,0.35524,65.141,0
41.288,39.394,0.86241,0.36368,65.334,0.039412
41.288,39.431,0,0.37433,65.521,0
41.288,39.468,0,0.38551,65.705,0
41.557,39.507,0.84662,0.39516,65.907,0.087192
41.557,39.546,0,0.40327,66.11,0
41.557,39.587,0,0.41167,66.309,0
41.557,39.628,0,0.421,66.504,0
41.557,39.67,0,0.42931,66.695,0
41.557,39.713,0,0.43998,66.881,0
41.557,39.757,0,0.44924,67.064,0
41.557,39.802,0,0.45516,67.242,0
41.557,39.847,0,0.45397,67.415,0
41.557,39.893,0,0.43311,67.584,0
41.557,39.936,0,0.38499,67.748,0
41.557,39.974,0,0.32506,67.908,0
41.557,40.007,0,0.27464,68.065,0
41.237,40.034,-0.82963,0.23476,68.592,0.50216
41.237,40.058,0,0.21527,68.711,0
41.185,40.079,1.2285,0.21614,68.822,0.94329
41.302,40.101,1.003,0.23499,68.937,0.14859
41.397,40.124,0.41722,0.2492,69.069,0
41.441,40.149,-0.27144,0.25304,69.205,0
41.441,40.175,0,0.24185,69.333,0
41.303,40.199,-1.9805,0.2164,69.432,13.843
41.097,40.221,-2.6753,0.17187,69.523,33.588
41.097,40.238,0,0.11585,69.61,0
40.546,40.249,-2.6501,0.058239,69.64,35.651
40.546,40.255,0,0.0065988,69.669,0
40.546,40.256,0,-0.014695,69.698,0
40.546,40.254,0,-0.03162,69.727,0
40.546,40.251,0,-0.047255,69.757,0
40.546,40.246,0,-0.062794,69.787,0
39.218,40.24,-2.159,-0.078475,69.404,29.415
39.218,40.232,0,-0.094631,69.302,2.2532
39.218,40.223,0,-0.11134,69.201,2.1615
39.218,40.212,0,-0.12689,69.101,2.0712
38.366,40.199,-2.0218,-0.1424,68.845,31.247
38.166,40.185,-1.6606,-0.15754,68.652,24.637
37.99,40.169,-1.2536,-0.17078,68.449,18.57
37.99,40.152,0,-0.1798,68.232,5.6803
37.99,40.134,0,-0.18602,68.017,5.5793
37.99,40.115,0,-0.18769,67.804,5.5015
37.99,40.097,0,-0.18583,67.592,5.4426
37.99,40.078,0,-0.1806,67.382,5.4027
37.911,40.06,0.85098,-0.17358,67.089,2.2533
37.911,40.043,0,-0.16581,66.875,5.6444
37.911,40.026,0,-0.15772,66.662,5.6274
37.911,40.01,0,-0.14968,66.451,5.6131
37.911,39.995,0,-0.14346,66.242,5.5919
37.911,39.981,0,-0.13837,66.035,5.5666
37.911,39.967,0,-0.13377,65.828,5.5405
37.911,39.954,0,-0.12889,65.623,5.5178
37.911,39.941,0,-0.12213,65.42,5.5072
37.911,39.929,0,-0.11407,65.217,5.5062
37.911,39.917,0,-0.10578,65.016,5.5096
37.911,39.907,0,-0.096397,64.816,5.5221
37.911,39.897,0,-0.086134,64.617,5.5431
37.911,39.888,0,-0.076144,64.419,5.5664
39.082,39.881,1.0323,-0.067709,64.952,0.35092
39.183,39.874,1.0759,-0.058734,64.875,0.32665
39.183,39.868,0,-0.048681,64.806,1.4969
39.183,39.863,0,-0.038039,64.738,1.5204
39.183,39.859,0,-0.027678,64.67,1.546
39.183,39.857,0,-0.016891,64.602,1.5763
39.772,39.855,1.0908,-0.0070366,64.694,0.23233
39.874,39.854,1.0453,0.0036185,64.692,0.14403
39.97,39.855,0.97033,0.02149,64.697,0
39.97,39.857,0,0.040807,64.708,0
39.97,39.861,0,0.055889,64.719,0
39.97,39.866,0,0.073109,64.73,0
39.97,39.874,0,0.088825,64.74,0
39.97,39.883,0,0.10451,64.749,0.050727
39.97,39.893,0,0.12006,64.757,0.11219
39.97,39.905,0,0.13339,64.764,0.17346
40.716,39.918,1.0003,0.14922,65.031,0.04756
40.716,39.933,0,0.16397,65.11,0
40.716,39.95,0,0.1781,65.187,0
40.992,39.968,0.9674,0.19206,65.313,0.0064115
40.992,39.987,0,0.20579,65.415,0
41.169,40.007,0.92546,0.21814,65.539,0
41.169,40.029,0,0.23235,65.654,0
41.169,40.052,0,0.24622,65.767,0
41.461,40.077,0.88093,0.26037,65.926,0
41.461,40.103,0,0.27395,66.063,0
41.461,40.13,0,0.28526,66.197,0
41.461,40.159,0,0.29323,66.329,0
41.779,40.188,0.57978,0.30033,66.508,0
41.779,40.218,0,0.30469,66.666,0
41.885,40.249,0.40712,0.30933,66.824,0
41.917,40.28,0.33183,0.30977,66.983,0
41.917,40.311,0,0.31007,67.145,0
41.974,40.342,0.21515,0.30951,67.304,0
41.987,40.373,0.20549,0.30633,67.461,0
41.987,40.403,0,0.30346,67.621,0
41.987,40.434,0,0.30287,67.778,0
41.987,40.464,0,0.30284,67.932,0
41.987,40.494,0,0.30244,68.083,0
41.987,40.524,0,0.30598,68.231,0
42.182,40.555,0.68157,0.3102,68.428,0
42.255,40.586,0.79092,0.31857,68.594,0
42.255,40.618,0,0.32743,68.759,0
42.255,40.651,0,0.33947,68.921,0
42.513,40.685,0.89999,0.34991,69.111,0.15387
42.6,40.72,0.87273,0.36032,69.306,0.078369
42.6,40.756,0,0.37063,69.493,0
42.772,40.793,0.76683,0.37998,69.703,0
42.772,40.831,0,0.3891,69.899,0
42.772,40.87,0,0.39572,70.091,0
42.772,40.909,0,0.40307,70.279,0
42.772,40.95,0,0.40551,70.463,0
42.772,40.99,0,0.40995,70.644,0
42.772,41.031,0,0.41142,70.82,0
42.772,41.072,0,0.4111,70.992,0
43.232,41.113,0.35317,0.40996,71.372,0
43.232,41.154,0,0.40951,71.581,0
43.232,41.195,0,0.40975,71.787,0
43.232,41.236,0,0.40631,71.989,0
43.232,41.277,0,0.40384,72.186,0
43.381,41.317,0.18398,0.40126,72.428,0
43.381,41.357,0,0.39931,72.632,0
43.433,41.397,0.14205,0.39661,72.85,0
43.433,41.437,0,0.39366,73.052,0
43.433,41.476,0,0.38763,73.249,0
43.433,41.515,0,0.38451,73.443,0
43.492,41.554,0.056404,0.37891,73.655,0
43.492,41.591,0,0.37296,73.847,0
43.501,41.629,0.042534,0.36656,74.03,0
43.501,41.665,0,0.35915,74.215,0
43.489,41.701,-0.11101,0.35055,74.392,0
43.489,41.736,0,0.34097,74.569,0
43.489,41.77,0,0.33212,74.743,0
43.489,41.804,0,0.32586,74.913,0
43.489,41.836,0,0.32061,75.08,0
43.489,41.868,0,0.3142,75.243,0
43.489,41.9,0,0.31064,75.404,0
43.467,41.931,-0.074224,0.30268,75.559,0
43.46,41.961,0.011079,0.29554,75.706,0
43.462,41.991,0.14579,0.29013,75.862,0
43.472,42.02,0.30596,0.28659,76,0
43.472,42.048,0,0.28841,76.144,0
43.472,42.077,0,0.29071,76.284,0
43.472,42.106,0,0.29744,76.423,0
43.472,42.136,0,0.30214,76.558,0
43.729,42.166,0.95599,0.30933,76.747,0.13944
43.83,42.197,1.0343,0.32338,76.899,0.49705
43.83,42.229,0,0.33887,77.06,0
43.83,42.263,0,0.35206,77.219,0
43.83,42.299,0,0.36965,77.374,0
43.83,42.335,0,-2,77.525,37.02
44.403,42.135,1.3484,-2,77.823,76.301
44.543,41.935,1.4591,-2,78.058,89.628
