0,0,0.031136,0,35.5,0
0,0,0,7.8,35.5,59.103
0,0.78,0,7.8,35.461,63.94
0,1.56,0,7.8,35.344,68.834
0,2.34,0,7.8,35.149,73.779
0.01452,3.12,0.074629,7.8,34.865,94.735
0.01452,3.9,0,7.8,34.516,102
0.01452,4.68,0,7.8,34.088,107.66
0.01452,5.46,0,7.8,33.583,113.34
0.01452,6.24,0,6.7,32.999,104.93
0.01452,6.91,0,6.7,32.343,109.79
0.01452,7.58,0,6.7,31.62,114.67
0.047024,8.25,0.061359,-0.43394,30.823,33.323
0.049081,8.2066,0.052735,-0.4485,30.007,33.028
0.049081,8.1618,0,-0.46385,29.194,33.337
0.054786,8.1154,0.039662,-0.48011,28.378,32.321
0.054786,8.0674,0,-0.49664,27.574,32.416
0.054786,8.0177,0,-0.51381,26.775,31.952
0.072815,7.9663,0.042524,-0.53295,25.984,30.785
0.072815,7.913,0,-0.55207,25.198,30.854
0.072815,7.8578,0,-0.57314,24.416,30.326
0.072815,7.8005,0,-0.5943,23.641,29.787
0.095033,7.7411,0.031803,-0.61734,22.882,28.681
0.095033,7.6793,0,-0.64234,22.12,28.497
0.090324,7.6151,-0.021313,-0.66826,21.367,28.183
0.090324,7.5483,0,-0.69533,20.618,27.273
0.090324,7.4787,0,-0.72391,19.876,26.611
0.090324,7.4064,0,-0.75517,19.141,25.913
0.094685,7.3308,-0.09791,-0.78905,18.404,25.099
0.094685,7.2519,0,-0.82677,17.684,24.373
0.094685,7.1693,0,-0.86529,16.973,23.572
0.041326,7.0827,-0.13297,-0.90717,16.264,22.729
0.041326,6.992,0,-0.95051,15.564,22.144
0.041326,6.897,0,-0.99713,14.874,21.231
0.041326,6.7972,0,-1.0465,14.193,20.285
0.041326,6.6926,0,-1.0983,13.523,19.308
-0.0036484,6.5828,-0.14961,-1.1549,12.861,19.37
-0.013003,6.4673,-0.12678,-1.2158,12.202,18.976
-0.021845,6.3457,-0.073234,-1.279,11.564,18.5
-0.021845,6.2178,0,-1.3427,10.933,17.95
-0.021845,6.0835,0,-1.4167,10.316,17.519
-0.029114,5.9419,0.031313,-1.4923,9.7024,17.019
-0.029114,5.7926,0,-1.5709,9.1127,16.614
-0.029114,5.6355,0,-1.65,8.5384,16.126
-0.024241,5.4705,0.080234,-1.7331,7.9825,15.434
-0.024241,5.2972,0,-8.8,7.4417,0.39811
-0.023738,4.4172,0.070473,-8.8,6.9452,0
-0.023738,3.5372,0,-8.8,6.5451,0
-0.023738,2.6572,0,-8.8,6.233,0
0.0032632,1.7772,0.080665,-0.26455,6.0214,3.5086
0.0032632,1.7508,0,-8.8,5.8453,0
0.0032632,0.87077,0,0.026863,5.7145,2.3005
0.0089198,0.87345,0.050129,0.050129,5.639,2.1764
0.0089198,0.87847,0,0.056636,5.5523,2.43
0.0089198,0.88413,0,-0.07161,5.4651,1.9394
0.0089198,0.87697,0,-8.8,5.3779,0
0.041128,0,0.10424,0.10424,5.3293,0
0.05528,0.010424,0.10099,0.10099,5.3257,0
0.057094,0.020523,0.12265,0.12265,5.3365,0
0.057094,0.032788,0,0.11822,5.3396,0.22644
0.084794,0.04461,0.1184,0.1184,5.3422,0
0.084794,0.05645,0,0.12002,5.3456,0.22186
0.084794,0.068452,0,0.1298,5.3478,0.27568
0.084794,0.081432,0,0.1056,5.3488,0.24162
0.084794,0.091992,0,0.11908,5.3486,0.30186
0.11899,0.1039,0.11536,0.11536,5.3568,0
0.11899,0.11544,0,0.12024,5.3577,0.27987
0.11899,0.12746,0,0.13276,5.3575,0.3422
0.11899,0.14074,0,0.13374,5.356,0.37653
0.11899,0.15411,0,0.11375,5.3531,0.353
0.11899,0.16549,0,0.11375,5.349,0.3799
0.11899,0.17686,0,0.13025,5.3438,0.45353
0.11899,0.18989,0,0.11116,5.3374,0.43081
0.11899,0.201,0,0.096012,5.3297,0.41516
0.11899,0.2106,0,0.10299,5.3211,0.45748
0.11899,0.2209,0,0.087192,5.3114,0.43801
0.24071,0.22962,0.059497,0.059497,5.3401,0
0.24617,0.23557,0.054637,0.054637,5.3402,0
0.24617,0.24103,0,0.063496,5.341,0.13214
0.24617,0.24738,0,0.10027,5.3412,0.23825
0.24617,0.25741,0,0.16381,5.3406,0.43692
0.26608,0.27379,0.22061,0.22061,5.3574,0.01584
0.2948,0.29585,0.26461,0.26461,5.3479,0.0021592
0.2948,0.32231,0,0.2818,5.3465,0.8551
0.35571,0.35049,0.28111,0.28111,5.3524,0
0.39106,0.37861,0.25228,0.25228,5.3469,0
0.39106,0.40383,0,0.23462,5.3469,0.65818
0.39106,0.4273,0,0.21855,5.3445,0.66734
0.39106,0.44915,0,0.20901,5.3397,0.69332
0.39106,0.47005,0,0.19433,5.3329,0.70038
0.50015,0.48948,0.17776,0.17776,5.3615,0
0.50015,0.50726,0,0.17471,5.3617,0.45872
0.50015,0.52473,0,0.15095,5.3601,0.43221
0.55483,0.53983,0.14119,0.14119,5.3564,0
0.55483,0.55395,0,0.11842,5.3572,0.28121
0.56934,0.56579,0.10983,0.10983,5.3579,0
0.56934,0.57677,0,0.10144,5.3577,0.25558
0.59281,0.58691,0.11957,0.11957,5.3548,0
0.59281,0.59887,0,0.11048,5.3548,0.27621
0.59281,0.60992,0,0.1065,5.3536,0.29128
0.64664,0.62057,0.10854,0.10854,5.3555,0
0.64664,0.63142,0,0.09319,5.3576,0.18281
0.66414,0.64074,0.081822,0.081822,5.3531,0
0.66414,0.64892,0,0.08043,5.355,0.15103
0.66414,0.65697,0,0.087898,5.3562,0.18761
0.66414,0.66576,0,0.065377,5.3564,0.15156
0.66414,0.67229,0,0.050932,5.3559,0.13124
0.69904,0.67739,0.042543,0.042543,5.3724,0
0.69904,0.68164,0,0.02459,5.3744,0.016646
0.69904,0.6841,0,0.0091843,5.376,0
0.69904,0.68502,0,0.017534,5.3775,0.0083798
0.69904,0.68677,0,0.016848,5.3788,0.010542
0.73408,0.68846,-0.003264,-0.003264,5.4122,0
0.73408,0.68813,0,-0.004551,5.4168,0
0.73408,0.68768,0,-0.011707,5.4214,0
0.7265,0.68651,-0.0093749,-0.0093749,5.4197,0
0.72708,0.68557,-0.037971,-0.037971,5.4201,0
0.72708,0.68177,0,-0.035029,5.4244,0
0.7174,0.67827,-0.045855,-0.045855,5.4383,0
0.7227,0.67368,-0.015629,-0.015629,5.448,0
0.72698,0.67212,-0.016315,-0.016315,5.448,0
0.72698,0.67049,0,0.0048135,5.4536,0
0.72394,0.67097,-0.039267,-0.039267,5.4725,0
0.72394,0.66704,0,-0.075821,5.478,0
0.72394,0.65946,0,-0.17566,5.484,0
0.72394,0.64189,0,-0.24558,5.4914,0
0.66183,0.61734,-0.26514,-0.26514,5.4987,0
0.66183,0.59082,0,-0.26767,5.5045,0
0.6142,0.56406,-0.25624,-0.25624,5.5041,0
0.6142,0.53843,0,-0.2148,5.5104,0
0.55945,0.51695,-0.21992,-0.21992,5.5134,0
0.53019,0.49496,-0.23732,-0.23732,5.524,0
0.53019,0.47123,0,-0.24311,5.5288,0
0.53019,0.44692,0,-0.25708,5.5359,0
0.53019,0.42121,0,-0.29462,5.5455,0
0.53019,0.39175,0,-0.27063,5.5578,0
0.53019,0.36468,0,-0.27088,5.573,0
0.33952,0.3376,-0.29258,-0.29258,5.5129,0
0.33952,0.30834,0,-0.32698,5.5146,0
0.33952,0.27564,0,-0.38311,5.5193,0
0.24427,0.23733,-0.51972,-0.51972,5.4957,0
0.24427,0.18536,0,-0.66919,5.499,0
0.12131,0.11844,-0.80449,-0.80449,5.4984,0
0.12131,0.03799,0,-0.89714,5.5027,0
-0.056946,0,-0.93783,-0.93783,5.4995,0.12567
-0.056946,0,0,-0.87917,5.4985,0
-0.056946,0,0,-0.79538,5.4972,0
-0.3095,0,-0.69171,-0.69171,5.4458,0.64341
-0.3095,0,0,-0.60751,5.4183,0
-0.3095,0,0,-0.53305,5.3904,0
-0.3095,0,0,-0.48658,5.3621,0
-0.53285,0,-0.4679,-0.4679,5.2861,1.1013
-0.53285,0,0,-0.42325,5.2352,0.21191
-0.61785,0,-0.35524,-0.35524,5.1592,1.2755
-0.64489,0,-0.26049,-0.26049,5.102,1.3309
-0.66293,0,-0.21972,-0.21972,5.0404,1.3679
-0.67524,0,-0.16639,-8.8,4.9814,0
-0.67524,0,0,-8.8,4.9579,0
-0.71111,0,-0.081348,-8.8,4.925,0
-0.71111,0,0,-8.8,4.8979,0
-0.71697,0,-0.0347,-8.8,4.8585,0
-0.71697,0,0,-8.8,4.8308,0
-0.71189,0,-0.00012572,-8.8,4.8026,0
-0.71189,0,0,-8.8,4.7754,0
-0.71392,0,0.042249,-8.8,4.737,0
-0.71392,0,0,-8.8,4.7096,0
-0.71392,0,0,-8.8,4.6822,0
-0.71392,0,0,-8.8,4.6548,0
-0.67463,0,0.13866,-8.8,4.6261,0
-0.6565,0,0.11591,-8.8,4.5999,0
-0.6565,0,0,-8.8,4.5782,0
-0.6565,0,0,-8.8,4.5566,0
-0.6565,0,0,-8.8,4.5349,0
-0.60193,0,0.30538,-8.8,4.528,0
-0.56267,0,0.42176,-8.8,4.5153,0
-0.51188,0,0.54398,-8.8,4.5138,0
-0.51188,0,0,-8.8,4.5066,0
-0.39199,0,0.69763,-8.8,4.5155,0
-0.39199,0,0,-8.8,4.5203,0
-0.39199,0,0,-8.8,4.5251,0
-0.16115,0,0.82939,-8.8,4.5671,0
-0.076695,0,0.84638,-8.8,4.5974,0
-0.076695,0,0,-8.8,4.6338,0
-0.076695,0,0,-8.8,4.6701,0
0.19286,0,0.91435,-8.8,4.7671,0
0.27754,0,0.89663,-8.8,4.8278,0
0.27754,0,0,-8.8,4.8996,0
0.27754,0,0,-8.8,4.9713,0
0.54409,0,0.875,0.875,5.0764,0
0.62447,0.0875,0.87337,0.87337,5.1227,0
0.7069,0.17484,0.8941,0.8941,5.1852,0
0.7069,0.26425,0,0.9204,5.234,2.1142
0.89832,0.35629,0.93274,0.93274,5.2813,0
0.89832,0.44956,0,0.93718,5.3309,2.1772
0.89832,0.54328,0,0.95185,5.3711,2.5832
0.89832,0.63846,0,0.94789,5.4018,2.9058
0.89832,0.73325,0,0.92858,5.423,3.1485
1.3559,0.82611,0.9253,0.9253,5.5289,0
1.4437,0.91864,0.91529,4.9,5.5861,23.706
1.5332,1.4086,0.87664,-8.8,5.6252,0
1.5332,0.52864,0,0.79725,5.6817,0
1.5332,0.60837,0,0.70949,5.7782,0
1.5332,0.67931,0,0.59846,5.8671,0
1.5332,0.73916,0,0.45761,5.9495,0
1.5332,0.78492,0,0.32002,6.0266,0
1.5332,0.81692,0,0.23874,6.0998,0
1.5332,0.8408,0,0.16214,6.1703,0
1.9471,0.85701,0.1072,0.1072,6.4482,0
1.9471,0.86773,0,0.064593,6.5567,0
1.9471,0.87419,0,0.04762,6.6643,0
1.9471,0.87895,0,0.048992,6.7713,0
1.9471,0.88385,0,4.9,6.8779,33.217
1.9471,1.3739,0,4.1648,6.9597,28.45
1.9471,1.7903,0,0.83888,6.9962,2.7019
1.9925,1.8742,0.13815,0.5052,7.0258,0.74428
1.9925,1.9247,0,0.35684,7.0351,0.85782
2.0252,1.9604,0.094895,0.25706,7.0434,0.24836
2.0321,1.9861,0.081155,0.1787,7.051,0.12432
2.0321,2.004,0,0.10492,7.0547,0.18343
2.0321,2.0145,0,0.11546,7.057,0.23466
2.0449,2.026,0.063241,0.071134,7.0568,0
2.058,2.0332,0.058145,0.093148,7.0647,0.023847
2.0553,2.0425,0.071395,0.047515,7.0619,0
2.0553,2.0472,0,0.034373,7.063,0.058071
2.0553,2.0507,0,0.043621,7.0636,0.086504
2.0553,2.055,0,0.028049,7.0638,0.060405
2.0553,2.0578,0,0.058392,7.0637,0.13681
2.0553,2.0637,0,0.070189,7.0632,0.1784
2.0553,2.0707,0,0.031752,7.062,0.10219
2.0553,2.0739,0,0.006222,7.0603,0.051793
2.0749,2.0745,0.039055,0.0016323,7.1022,0
2.0793,2.0746,0.029509,0.016913,7.0956,0
2.0793,2.0763,0,0.052335,7.096,0.11035
2.0793,2.0816,0,0.066493,7.096,0.15572
2.1036,2.0882,0.021317,0.055314,7.1067,0.04169
2.1036,2.0937,0,0.010818,7.108,0.0026719
2.1036,2.0948,0,0.020322,7.1089,0.025414
2.1036,2.0969,0,0.031749,7.1097,0.054973
2.1036,2.1,0,0.013015,7.1102,0.020407
2.1126,2.1013,-0.068589,0.03985,7.0836,0.23167
2.1126,2.1053,0,0.035093,7.0845,0.061408
2.1126,2.1088,0,-0.0015394,7.085,0
2.1126,2.1087,0,-0.0048614,7.0854,0
2.1126,2.1082,0,-0.0082657,7.0858,0
2.1126,2.1074,0,-0.011302,7.0863,0
2.1126,2.1062,0,-0.014044,7.0869,0
2.1126,2.1048,0,-0.016155,7.0876,0
1.9591,2.1032,-0.20985,-0.019902,7.0447,0.86942
1.9418,2.1012,-0.24856,-0.022109,7.0218,1.0428
1.9418,2.099,0,-0.025922,7.0059,0.27427
1.8836,2.0964,-0.39616,-0.029667,6.9889,1.7927
1.8836,2.0935,0,-0.035841,6.9678,0.36588
1.8016,2.0899,-0.55984,-0.040691,6.9217,2.8627
1.7363,2.0858,-0.62629,-0.049628,6.8885,3.4537
1.6637,2.0808,-0.62164,-0.059712,6.8434,3.6269
1.6637,2.0749,0,-0.069323,6.802,0.73932
1.5347,2.0679,-0.49118,-0.077416,6.758,3.1574
1.4856,2.0602,-0.35757,-0.084255,6.7009,2.538
1.455,2.0518,-0.23242,-0.088439,6.6399,2.0005
1.455,2.0429,0,-0.090228,6.5807,1.109
1.455,2.0339,0,-0.092658,6.5223,1.0791
1.455,2.0246,0,-0.095412,6.4649,1.0479
1.3818,2.0151,-0.15218,-0.097929,6.3952,1.7381
1.3818,2.0053,0,-0.10096,6.3324,1.1657
1.3542,1.9952,-0.13842,-0.10114,6.2769,1.6943
1.3319,1.9851,-0.16557,-0.10449,6.2036,1.8239
1.3148,1.9746,-0.15583,-0.10654,6.1478,1.7965
1.3148,1.964,0,-0.10994,6.0824,1.203
1.2783,1.953,-0.14673,-0.11205,6,1.7821
1.2595,1.9418,-0.14419,-8.8,5.9281,0
1.2595,1.0618,0,1.7197,5.9039,8.1488
1.2294,1.2338,-0.13346,-0.0004581,5.8987,0.33553
1.2253,1.2337,-0.1447,-0.00087383,5.8887,0.37578
1.2253,1.2336,0,-0.0028057,5.8879,0.011103
1.2253,1.2333,0,-0.0035723,5.887,0.0089135
1.2253,1.233,0,-0.0055503,5.8863,0.0040329
1.2253,1.2324,0,-0.0062807,5.8855,0.001372
1.1738,1.2318,-0.014747,-0.0060664,5.8735,0.14059
1.1738,1.2312,0,-0.0052879,5.8677,0.10785
1.1738,1.2307,0,-0.0051574,5.862,0.10703
1.1738,1.2302,0,-0.0045715,5.8563,0.10724
1.1738,1.2297,0,-0.0047558,5.8507,0.10587
1.1738,1.2292,0,-0.00369,5.8451,0.10723
1.1738,1.2289,0,-0.0038816,5.8396,0.10603
1.1738,1.2285,0,-0.0038452,5.8341,0.10529
1.1872,1.2281,0.0083415,-0.0042899,5.8496,0.057397
1.1872,1.2277,0,-0.0038877,5.8456,0.075386
1.1911,1.2273,0.045052,-0.0037837,5.855,0
1.1911,1.2269,0,-0.0029655,5.8514,0.0676
1.1911,1.2266,0,-0.001807,5.8479,0.069502
1.1911,1.2264,0,-0.00066766,5.8443,0.07161
1.1911,1.2263,0,0.076977,5.8408,0.25582
1.1911,1.234,0,0.059389,5.8369,0.22873
1.1911,1.24,0,0.078222,5.8323,0.29018
1.2629,1.2478,0.039701,0.10829,5.8436,0.12225
1.2664,1.2586,0.055323,0.05461,5.8532,0
1.2664,1.2641,0,0.023443,5.8537,0.045839
1.2664,1.2664,0,0.04049,5.8538,0.089316
1.2664,1.2705,0,0.1472,5.8536,0.37207
1.2664,1.2852,0,0.11469,5.8525,0.31725
1.2664,1.2967,0,0.18004,5.85,0.53222
1.361,1.3147,0.3829,0.30469,5.867,0
1.361,1.3451,0,0.3375,5.8701,0.93259
1.4345,1.3789,0.40775,0.33788,5.8686,0
1.4345,1.4127,0,0.39664,5.8724,1.1355
1.5149,1.4523,0.39848,0.34942,5.8926,0
1.5149,1.4873,0,0.34922,5.8971,0.94233
1.5149,1.5222,0,0.38949,5.8982,1.1927
1.6332,1.5612,0.43345,0.35783,5.9059,0
1.6332,1.5969,0,0.3463,5.9113,0.90744
1.6332,1.6316,0,0.34881,5.9132,1.0135
1.6573,1.6665,-1.7206,-0.0013088,5.9288,4.2734
1.6573,1.6663,0,-0.026904,5.9279,0
1.2011,1.6636,-3.5182,-0.066904,5.874,8.5453
0.85472,1.6569,-3.9403,-8.8,5.82,0
0.85472,0.77694,0,-3.5789,5.7838,0
0.089824,0.41905,-2.6368,-2.6368,5.7241,0.67491
0.089824,0.15537,0,-1.6824,5.7044,0
-0.32529,0,-1.0855,-1.0855,5.6597,0.67172
-0.32529,0,0,-0.64202,5.6326,0
-0.48431,0,-0.32865,-0.32865,5.5745,0.99772
-0.48431,0,0,-0.16404,5.5277,0.65302
-0.48431,0,0,-0.10034,5.4801,0.78688
-0.54523,0,-0.083109,-0.083109,5.4185,1.1226
-0.56074,0,-0.056589,-0.056589,5.356,1.1544
-0.56274,0,0.057225,0.057225,5.3019,1.1585
-0.5657,0.0057225,0.20929,0.20929,5.2389,1.1763
-0.5657,0.026651,0,0.37999,5.1807,2.0176
-0.50858,0.06465,0.58279,0.58279,5.1165,1.18
-0.50858,0.12293,0,-8.8,5.0562,0
-0.50858,0,0,0.97245,5.0371,3.0908
-0.50858,0.097245,0,-8.8,4.9814,0
-0.50858,0,0,-8.8,4.9648,0
-0.50858,0,0,1.1387,4.9579,3.4402
0.092912,0.11387,1.1125,-8.8,5.0276,0
0.092912,0,0,1.076,5.0695,4.267
0.31077,0.1076,1.0403,1.0403,5.098,0
0.31077,0.21163,0,1.0422,5.1132,4.0418
0.51754,0.31584,1.0573,-8.8,5.1245,0
0.61592,0,1.0797,1.0797,5.2002,0
0.61592,0.10797,0,1.1062,5.2564,2.8539
0.61592,0.21859,0,1.1306,5.3017,3.4059
0.94908,0.33165,1.1453,1.1453,5.3854,0
1.0569,0.44618,1.1498,1.1498,5.4523,0
1.1628,0.56116,1.1367,1.1367,5.5101,0
1.2677,0.67483,1.103,1.103,5.5739,0
1.2677,0.78513,0,1.0985,5.6277,2.9055
1.4791,0.89499,1.1141,4.9,5.6734,21.044
1.5947,1.385,1.0744,1.2357,5.7203,0
1.7045,1.5086,1.0823,-8.8,5.7496,0
1.8106,0.62855,1.1015,1.1015,5.819,0
1.9288,0.73871,1.0779,1.0779,5.9336,0
1.9288,0.8465,0,1.0719,6.0473,0.70198
2.1369,0.95369,1.0881,4.9,6.1714,18.165
2.1369,1.4437,0,4.7674,6.2653,34.115
2.3431,1.9204,1.064,1.5786,6.3287,0.37846
2.4509,2.0783,1.0881,1.2256,6.3631,0
2.5581,2.2009,1.0682,1.0744,6.4066,0
2.6625,2.3083,1.0585,0.98821,6.4393,0
2.7757,2.4071,1.0445,0.9647,6.4841,0
2.7757,2.5036,0,0.91481,6.5162,2.6861
2.9798,2.5951,0.99396,0.89823,6.5674,0
2.9798,2.6849,0,0.89193,6.6014,2.4865
3.1766,2.7741,0.96487,0.85127,6.6594,0
3.273,2.8592,0.9721,0.83699,6.7033,0
3.273,2.9429,0,0.83513,6.7405,2.0795
3.4646,3.0264,0.89645,0.81424,6.781,0
3.4646,3.1079,0,0.80589,6.8208,1.849
3.6392,3.1884,0.88246,0.77639,6.866,0
3.7317,3.2661,0.83822,0.77462,6.9078,0
3.7317,3.3435,0,0.76912,6.9505,1.5742
3.9013,3.4205,0.79586,0.74842,6.9905,0
3.9013,3.4953,0,0.74625,7.0348,1.4139
4.0585,3.5699,0.67712,0.71682,7.0885,0
4.1342,3.6416,0.63686,0.7036,7.1391,0
4.1947,3.712,0.60289,0.67265,7.1974,0
4.1947,3.7792,0,0.64181,7.2424,0.94125
4.1947,3.8434,0,0.60713,7.2807,0.99344
4.1947,3.9041,0,0.59146,7.3128,1.1122
4.1947,3.9633,0,0.58403,7.3389,1.2611
4.1947,4.0217,0,0.56016,7.3591,1.3402
4.1947,4.0777,0,0.54562,7.3736,1.4514
4.1947,4.1323,0,0.52681,7.3826,1.5404
4.1947,4.1849,0,0.516,7.3862,1.6582
4.6685,4.2365,0.39875,0.50551,7.5808,0
4.6685,4.2871,0,0.47642,7.6214,0.41918
4.6685,4.3347,0,0.45813,7.6572,0.48508
4.6685,4.3805,0,0.42665,7.6883,0.50062
4.7939,4.4232,0.17196,0.41084,7.732,0
4.8151,4.4643,0.11871,0.38421,7.7626,0
4.8358,4.5027,0.059831,0.36132,7.8049,0
4.844,4.5388,0.060262,0.32778,7.8349,0
4.844,4.5716,0,0.30127,7.8638,0.14357
4.844,4.6017,0,0.268,7.8895,0.12125
4.844,4.6285,0,0.24383,7.9124,0.11772
4.844,4.6529,0,0.215,7.9328,0.096459
4.844,4.6744,0,0.19958,7.9508,0.10527
4.844,4.6944,0,0.18673,7.9668,0.11743
4.8786,4.7131,0.010791,0.17012,8.0005,0.010617
4.8786,4.7301,0,0.14673,8.0162,0.017477
4.8786,4.7447,0,0.13616,8.0304,0.024105
4.8853,4.7584,0.0076555,0.12884,8.0322,0.0030779
4.8853,4.7712,0,0.12423,8.0442,0.038868
4.8981,4.7837,-0.047734,0.1153,8.0471,0.13678
4.8981,4.7952,0,0.096727,8.058,0
4.8942,4.8049,0.10838,0.089424,8.0604,0
4.8942,4.8138,0,0.085058,8.0689,0.019277
4.8942,4.8223,0,0.10589,8.0765,0.087699
4.8942,4.8329,0,0.1363,8.0831,0.18874
5.0258,4.8465,0.78182,0.17793,8.108,0
5.0993,4.8643,0.85087,0.23234,8.1313,0
5.1788,4.8876,0.85341,0.28655,8.1586,0
5.1788,4.9162,0,0.34403,8.1863,0.29694
5.36,4.9506,0.73703,0.39753,8.2349,0
5.36,4.9904,0,0.42565,8.2739,0.28086
5.36,5.0329,0,0.44223,8.3087,0.44875
5.36,5.0772,0,0.43133,8.3392,0.53068
5.36,5.1203,0,0.42865,8.3653,0.63898
5.36,5.1632,0,0.41452,8.3871,0.70692
5.6581,5.2046,0.56609,0.41618,8.4875,0
5.6581,5.2462,0,0.42254,8.5308,0.16159
5.6581,5.2885,0,0.43884,8.5699,0.32392
5.6581,5.3324,0,0.45231,8.6046,0.48669
5.6581,5.3776,0,0.48018,8.6349,0.71063
5.9891,5.4256,0.60786,0.495,8.737,0
6.0564,5.4751,0.58967,0.50621,8.8005,0
6.0564,5.5257,0,0.50002,8.8561,0.1021
6.0564,5.5757,0,0.49579,8.9066,0.21935
6.2061,5.6253,0.44447,0.4923,8.9819,0
6.2061,5.6746,0,0.47614,9.0375,0.023917
6.2061,5.7222,0,0.47351,9.0883,0.13797
6.2061,5.7695,0,0.46531,9.1343,0.23485
6.2061,5.816,0,0.45607,9.1757,0.32702
6.3965,5.8617,0.30293,0.43585,9.2835,0
6.3965,5.9052,0,0.42351,9.3348,0
6.3965,5.9476,0,0.40506,9.3818,0.01474
6.4896,5.9881,0.23395,0.39994,9.4312,0
6.5219,6.0281,0.2157,0.39155,9.4873,0
6.5219,6.0672,0,0.37657,9.5348,0
6.5712,6.1049,0.21347,0.36559,9.5936,0
6.5712,6.1415,0,0.35767,9.6384,0
6.6302,6.1772,0.2465,0.35145,9.6948,0
6.6596,6.2124,0.26916,0.34505,9.7358,0
6.6596,6.2469,0,0.33633,9.7788,0
6.7029,6.2805,0.26046,0.32201,9.8056,0
