11.111,11.111,-0.073175,0,35.5,0.16741
11.1,11.111,-0.070273,6.7,35.492,62.317
11.1,11.781,0,-0.042312,35.457,1.5074
11.1,11.777,0,-0.043053,35.389,1.4934
11.062,11.773,-0.10537,-0.044059,35.329,1.9858
11.062,11.768,0,-0.044619,35.258,1.5667
11.062,11.764,0,-0.045241,35.188,1.5524
11.029,11.759,-0.088272,-0.045675,35.109,1.9667
11.029,11.755,0,-0.045971,35.037,1.6145
11.029,11.75,0,-0.046613,34.964,1.5996
11.029,11.745,0,-0.045927,34.892,1.5893
11.014,11.741,0.084048,-0.04604,34.823,1.335
11.014,11.736,0,-0.044811,34.751,1.6108
11.031,11.732,0.0097705,-0.044639,34.686,1.5183
11.036,11.727,-0.095775,-0.044171,34.608,1.8897
11.024,11.723,-0.19394,-0.044765,34.533,2.3317
11.014,11.718,-0.31985,-0.045324,34.452,2.9747
11.014,11.714,0,-0.047145,34.382,1.5418
11.014,11.709,0,-0.049023,34.312,1.5226
10.885,11.704,-0.7789,-0.053172,34.222,6.5808
10.885,11.699,0,-0.057848,34.14,1.8159
10.885,11.693,0,-0.064248,34.059,1.7766
10.885,11.687,0,-0.072844,33.979,1.728
10.433,11.679,-1.5287,-0.082368,33.819,17.995
10.433,11.671,0,-0.092745,33.695,2.9379
10.433,11.662,0,-0.10404,33.571,2.8607
9.9361,11.651,-1.6513,-0.11559,33.366,22.887
9.7612,11.64,-1.5834,-0.12756,33.192,22.594
9.7612,11.627,0,-0.13828,33.004,4.8244
9.7612,11.613,0,-0.15003,32.818,4.7145
9.2715,11.598,-1.8001,-0.16235,32.571,29.571
9.2715,11.582,0,-0.17534,32.34,6.2673
9.2715,11.565,0,-0.19065,32.109,6.1127
9.2715,11.545,0,-0.20704,31.881,5.948
9.2715,11.525,0,-0.22523,31.655,5.7693
9.2715,11.502,0,-0.246,31.43,5.5722
9.2715,11.478,0,-0.2662,31.209,5.3738
9.2715,11.451,0,-0.28555,30.989,5.1758
7.5059,11.422,-2.0985,-0.30675,30.066,46.652
7.3049,11.392,-1.9583,-0.32646,29.657,44.039
7.1137,11.359,-1.8419,-0.34608,29.24,42.114
6.9342,11.325,-1.6527,-0.3656,28.807,38.602
6.9342,11.288,0,-0.38576,28.369,13.678
6.9342,11.249,0,-0.40379,27.936,13.358
6.9342,11.209,0,-0.42121,27.506,13.037
6.9342,11.167,0,-0.43708,27.081,12.722
6.3105,11.123,-0.50322,-0.45172,26.479,20.979
6.2658,11.078,-0.23034,-0.46352,25.997,17.653
6.2521,11.032,0.048129,-0.47261,25.517,14.598
6.2521,10.984,0,-0.47974,25.041,14.767
6.2521,10.936,0,-0.48372,24.571,14.504
6.2521,10.888,0,-0.48329,24.105,14.275
6.4705,10.84,1.1725,-0.47958,23.679,5.86
6.5784,10.792,1.303,-0.47436,23.25,5.0282
6.7015,10.744,1.4053,-0.46676,22.832,4.3703
6.8427,10.698,1.489,-0.45624,22.427,3.822
6.8427,10.652,0,-0.44361,22.044,10.756
6.8427,10.608,0,-0.43047,21.665,10.652
7.2904,10.565,1.4836,-0.41452,21.355,2.8761
7.2904,10.523,0,-0.39853,21.029,8.5895
7.2904,10.483,0,-0.38158,20.708,8.5328
7.7246,10.445,1.3299,-0.36519,20.457,2.2548
7.7246,10.409,0,-0.34852,20.187,6.7021
7.7246,10.374,0,-0.33229,19.921,6.6618
7.7246,10.341,0,-0.31455,19.657,6.6366
7.7246,10.309,0,-0.29866,19.397,6.6076
8.3068,10.279,0.83417,-0.28679,19.287,1.7377
8.3902,10.251,0.77895,-0.27415,19.096,1.6432
8.3902,10.223,0,-0.26217,18.911,4.0939
8.3902,10.197,0,-0.24817,18.729,4.0728
8.3902,10.172,0,-0.23585,18.55,4.0484
8.7066,10.149,0.7904,-0.22275,18.436,1.023
8.7066,10.126,0,-0.21013,18.293,3.0005
8.8579,10.105,0.78265,-0.19635,18.177,0.78398
8.9303,10.086,0.77672,-0.18357,18.051,0.67827
8.9303,10.067,0,-0.16992,17.936,2.3184
9.0885,10.05,0.79651,-0.15509,17.849,0.46095
9.0885,10.035,0,-0.14048,17.754,1.8878
9.2412,10.021,0.70101,-0.12734,17.675,0.28951
9.3213,10.008,0.64063,-0.11283,17.598,0.20681
9.3213,9.9967,0,-0.10106,17.53,1.2975
9.3213,9.9866,0,-0.088764,17.463,1.3107
9.3213,9.9777,0,-0.079025,17.397,1.319
9.5648,9.9698,0.5869,-0.067632,17.384,0
9.6261,9.963,0.65512,-0.056393,17.351,0
9.6261,9.9574,0,-0.043059,17.318,0.62317
9.7638,9.9531,0.54994,-0.031835,17.29,0
9.8138,9.9499,0.53168,-0.022906,17.279,0
9.8731,9.9476,0.42314,-0.012563,17.258,0
9.8731,9.9464,0,-0.0037139,17.251,0.14494
9.9528,9.946,0.3124,0.0039637,17.252,0
9.9528,9.9464,0,0.018206,17.253,0.025751
9.9528,9.9482,0,0.033122,17.253,0.062641
10.033,9.9515,0.25307,0.047463,17.276,0
10.033,9.9563,0,0.055794,17.284,0
10.088,9.9618,0.2359,0.073865,17.3,0
10.088,9.9692,0,0.088318,17.312,0
10.088,9.9781,0,0.10386,17.323,0
10.187,9.9885,0.29321,0.1163,17.369,0
10.215,10,0.30222,0.12526,17.389,0
10.242,10.013,0.26569,0.13364,17.415,0
10.267,10.026,0.18673,0.14049,17.444,0
10.28,10.04,0.14907,0.14007,17.476,0
10.28,10.054,0,0.13877,17.499,0
10.28,10.068,0,0.13031,17.521,0
10.28,10.081,0,0.12972,17.542,0
10.28,10.094,0,0.12017,17.561,0
10.29,10.106,-0.05519,0.10649,17.586,0
10.29,10.117,0,0.097805,17.604,0
10.29,10.126,-0.058752,0.094898,17.623,0.00034921
10.29,10.136,0,0.085832,17.639,0
10.28,10.144,-0.029616,0.07848,17.665,0
10.28,10.152,0,0.077033,17.678,0
10.285,10.16,-0.00074943,0.071996,17.695,0
10.285,10.167,0,0.062662,17.707,0
10.274,10.173,0.053256,0.058321,17.731,0
10.274,10.179,0,0.056822,17.74,0
10.282,10.185,0.17366,0.055953,17.755,0
10.282,10.191,0,0.058712,17.764,0
10.282,10.196,0,0.067694,17.773,0
10.282,10.203,0,0.079869,17.781,0.01064
10.282,10.211,0,0.079559,17.789,0.027133
10.282,10.219,0,0.076219,17.796,0.036545
10.282,10.227,0,0.074102,17.801,0.048092
10.371,10.234,0.037087,0.078836,17.844,0
10.371,10.242,0,0.076407,17.857,0
10.371,10.25,0,0.080639,17.87,0
10.371,10.258,0,0.089511,17.881,0
10.371,10.267,0,0.1016,17.892,0.0053723
10.371,10.277,0,0.11535,17.902,0.060629
10.52,10.288,0.37079,0.13257,17.946,0
10.52,10.302,0,0.15157,17.968,0
10.52,10.317,0,0.16329,17.989,0
10.52,10.333,0,0.17819,18.009,0.010272
10.52,10.351,0,0.1939,18.027,0.091642
10.52,10.37,0,0.20925,18.043,0.17852
10.802,10.391,0.63243,0.23329,18.14,0
10.802,10.415,0,0.26041,18.18,0
10.938,10.441,0.66631,0.28198,18.235,0
10.938,10.469,0,0.30133,18.283,0
10.938,10.499,0,0.3173,18.329,0
10.938,10.531,0,0.32867,18.371,0
10.938,10.564,0,0.3493,18.41,0.033423
10.938,10.599,0,0.36109,18.446,0.15465
10.938,10.635,0,0.37084,18.478,0.27616
10.938,10.672,0,0.3869,18.507,0.42421
10.938,10.71,0,0.3937,18.531,0.54992
10.938,10.75,0,0.40695,18.552,0.70306
10.938,10.79,0,0.41442,18.569,0.84307
10.938,10.832,0,0.41791,18.582,0.97334
10.938,10.874,0,0.42443,18.59,1.1185
10.938,10.916,0,0.43137,18.595,1.2702
11.747,10.959,0.61079,0.43051,19.176,0
11.747,11.002,0,0.43548,19.253,0
11.747,11.046,0,0.44044,19.325,0
11.913,11.09,0.65399,0.4459,19.41,0
11.983,11.135,0.56994,0.45849,19.497,0
11.983,11.18,0,0.46103,19.58,0
11.983,11.226,0,0.46188,19.658,0
12.113,11.273,0.23483,0.44999,19.769,0
12.113,11.318,0,0.43296,19.851,0
12.113,11.361,0,0.41947,19.928,0
12.113,11.403,0,0.40303,20.001,0
12.165,11.443,-0.012324,0.38223,20.083,0
12.165,11.481,0,0.36482,20.153,0
12.165,11.518,0,0.33714,20.22,0
12.133,11.552,-0.39044,0.30564,20.279,0.72807
12.133,11.582,0,0.26586,20.335,0
12.133,11.609,0,0.23008,20.389,0
12.133,11.632,0,0.19488,20.44,0
11.947,11.651,-0.46099,0.15448,20.466,1.292
11.892,11.667,-0.4969,0.11764,20.502,1.5277
11.839,11.678,-0.53688,0.083828,20.529,1.7875
11.839,11.687,0,0.052491,20.544,0
11.839,11.692,0,0.01956,20.559,0
11.657,11.694,-0.69931,-0.005547,20.529,2.972
11.657,11.693,0,-0.017479,20.525,0.037555
11.508,11.692,-0.6712,-0.027667,20.519,3.2288
11.508,11.689,0,-0.03694,20.501,0.29919
11.37,11.685,-0.66124,-0.047672,20.478,3.5598
11.305,11.681,-0.6761,-0.056845,20.448,3.8423
11.244,11.675,-0.68293,-0.065567,20.403,4.0623
11.244,11.668,0,-0.074202,20.36,0.75796
11.244,11.661,0,-0.083386,20.318,0.71561
11.038,11.653,-0.69299,-0.094294,20.26,4.7064
11.038,11.643,0,-0.10378,20.199,1.1104
10.916,11.633,-0.51426,-0.11106,20.123,3.7955
10.872,11.622,-0.39948,-0.11669,20.048,3.2032
10.827,11.61,-0.29913,-0.12259,19.977,2.7588
10.827,11.598,0,-0.12562,19.899,1.467
10.783,11.585,-0.15366,-0.12696,19.811,2.1272
10.761,11.572,-0.17175,-0.12909,19.73,2.2227
10.761,11.56,0,-0.12904,19.649,1.5266
10.761,11.547,0,-0.12975,19.57,1.4903
10.761,11.534,0,-0.13237,19.492,1.4478
10.695,11.52,-0.17376,-0.13446,19.403,2.2542
10.695,11.507,0,-0.13526,19.321,1.5436
10.695,11.493,0,-0.13552,19.241,1.5071
10.695,11.48,0,-0.13589,19.161,1.4704
10.66,11.466,0.063779,-0.13451,19.068,1.3273
10.66,11.453,0,-0.13101,18.988,1.5074
10.66,11.44,0,-0.12822,18.909,1.4822
10.684,11.427,0.11509,-0.12585,18.839,1.051
10.684,11.414,0,-0.12349,18.766,1.3672
10.684,11.402,0,-0.1187,18.693,1.3506
10.724,11.39,0.13898,-0.11449,18.641,0.84536
10.724,11.379,0,-0.11126,18.575,1.2131
10.724,11.368,0,-0.10652,18.51,1.1996
10.775,11.357,0.15099,-0.10146,18.45,0.66567
10.788,11.347,0.15969,-0.097756,18.398,0.60558
10.788,11.337,0,-0.092627,18.343,1.0059
10.788,11.328,0,-0.087422,18.288,0.99845
10.841,11.319,0.17021,-0.084673,18.22,0.44492
10.841,11.31,0,-0.079331,18.172,0.84992
10.881,11.303,0.14796,-0.075222,18.126,0.39579
10.881,11.295,0,-0.070257,18.084,0.74342
10.881,11.288,0,-0.068685,18.043,0.73114
10.881,11.281,0,-0.067292,18.002,0.71877
10.915,11.274,0.091012,-0.064927,17.955,0.40943
10.921,11.268,0.14218,-0.062766,17.93,0.28294
10.921,11.262,0,-0.05782,17.895,0.60493
10.965,11.256,0.24541,-0.052866,17.866,0.0271
10.965,11.251,0,-0.049141,17.837,0.50153
10.965,11.246,0,-0.042127,17.809,0.50828
10.965,11.241,0,-0.032588,17.781,0.52329
10.965,11.238,0,-0.021202,17.754,0.54564
11.189,11.236,0.77248,-0.0085909,17.764,0
11.189,11.235,0,0.01917,17.759,0.1389
11.359,11.237,1.0107,0.059602,17.773,0
11.359,11.243,0,0.1018,17.785,0
11.359,11.253,0,0.15299,17.796,0.13057
11.686,11.269,1.1814,0.20466,17.858,0.023956
11.686,11.289,0,0.24756,17.898,0
11.914,11.314,1.2185,0.29343,17.948,0
12.036,11.343,1.2054,0.33834,18.02,0
12.036,11.377,0,0.37697,18.088,0
12.036,11.415,0,0.41267,18.152,0
12.036,11.456,0,0.44678,18.212,0
12.036,11.501,0,0.48399,18.268,0.038692
12.625,11.549,1.2497,0.52102,18.472,0
12.625,11.601,0,0.55925,18.577,0
12.892,11.657,1.3471,0.59551,18.709,0
12.892,11.717,0,0.63466,18.83,0
12.892,11.78,0,0.66744,18.944,0
13.311,11.847,1.4663,0.7005,19.11,0
13.311,11.917,0,0.73225,19.253,0
13.311,11.99,0,0.76422,19.388,0
13.746,12.066,1.5345,0.79612,19.571,0
13.746,12.146,0,0.82489,19.735,0
14.053,12.229,1.5685,0.85871,19.917,0
14.053,12.314,0,0.89127,20.095,0
14.053,12.404,0,0.92056,20.264,0
14.053,12.496,0,0.94385,20.425,0
14.675,12.59,1.4284,0.96776,20.703,0
14.675,12.687,0,0.98644,20.906,0
14.675,12.785,0,0.99945,21.1,0
14.675,12.885,0,1.0129,21.284,0
14.675,12.987,0,1.029,21.458,0
15.38,13.09,1.4074,1.0417,21.771,0
15.519,13.194,1.3357,1.0534,22.002,0
15.643,13.299,1.3172,1.0577,22.232,0
15.643,13.405,0,1.0655,22.461,0
15.643,13.511,0,1.0733,22.68,0
15.643,13.619,0,1.0769,22.887,0
16.165,13.726,1.4568,1.084,23.196,0
16.301,13.835,1.4898,1.0922,23.441,0
16.447,13.944,1.5531,1.1044,23.686,0
16.447,14.054,0,1.1163,23.931,0
16.447,14.166,0,1.1319,24.165,0
16.447,14.279,0,1.1508,24.387,0
16.447,14.394,0,1.17,24.598,0
17.254,14.511,1.684,1.1879,25.005,0.11968
17.254,14.63,0,1.2033,25.273,0
17.254,14.751,0,1.2249,25.53,0
17.254,14.873,0,1.2429,25.774,0
17.254,14.997,0,1.2599,26.006,0
17.254,15.123,0,1.2747,26.225,0
17.254,15.251,0,1.285,26.432,0
18.459,15.379,1.6276,1.2975,27.034,0
18.459,15.509,0,1.3064,27.336,0
18.459,15.64,0,1.3132,27.624,0
18.459,15.771,0,1.3223,27.9,0
18.459,15.903,0,1.3305,28.162,0
18.459,16.036,0,1.3426,28.411,0
18.459,16.171,0,1.3546,28.646,0
19.62,16.306,1.69,1.3589,29.263,0.29837
19.792,16.442,1.6833,1.3684,29.596,0.28718
19.792,16.579,0,1.3775,29.924,0
19.792,16.716,0,1.3816,30.239,0
20.296,16.855,1.6464,1.3905,30.623,0.17885
20.296,16.994,0,1.3987,30.96,0
20.641,17.134,1.6328,1.4063,31.308,0.16472
20.641,17.274,0,1.4077,31.652,0
20.641,17.415,0,1.4125,31.982,0
20.641,17.556,0,1.4163,32.297,0
20.641,17.698,0,1.4192,32.599,0
20.641,17.84,0,1.4265,32.886,0
20.641,17.982,0,1.4319,33.159,0
21.802,18.126,1.5872,1.4375,33.828,0.14727
21.802,18.269,0,1.4414,34.188,0
21.802,18.413,0,1.4403,34.534,0
21.802,18.558,0,1.4309,34.866,0
21.802,18.701,0,1.4187,35.183,0
22.495,18.842,1.1296,1.4028,35.664,0
22.495,18.983,0,1.3905,36.022,0
22.495,19.122,0,1.3742,36.367,0
22.837,19.259,1.0381,1.3607,36.748,0
22.933,19.395,0.99551,1.3411,37.098,0
22.933,19.529,0,1.3277,37.445,0
23.14,19.662,0.86065,1.3102,37.795,0
23.14,19.793,0,1.2917,38.137,0
23.321,19.922,0.84163,1.272,38.466,0
23.321,20.05,0,1.2489,38.799,0
23.321,20.174,0,1.2309,39.12,0
23.321,20.298,0,1.2053,39.428,0
23.603,20.418,0.48708,1.1796,39.797,0
23.653,20.536,0.32574,1.1512,40.112,0
23.653,20.651,0,1.1185,40.418,0
23.706,20.763,0.10877,1.0817,40.723,0
23.706,20.871,0,1.0416,41.012,0
23.724,20.975,0.073952,1.0057,41.293,0
23.724,21.076,0,0.97258,41.563,0
23.755,21.173,0.07379,0.94091,41.838,0
23.755,21.267,0,0.91067,42.092,0
23.786,21.358,0.043514,0.88102,42.325,0
23.786,21.446,0,0.85246,42.564,0
23.807,21.532,-0.074776,0.82255,42.792,0
23.808,21.614,-0.1744,0.79187,43.014,0
23.808,21.693,0,0.75719,43.23,0
23.808,21.769,0,0.71715,43.437,0
23.73,21.841,-0.40782,0.6786,43.626,0
23.685,21.908,-0.52898,0.63705,43.8,0
23.685,21.972,0,0.59632,43.975,0
23.685,22.032,0,0.55025,44.143,0
23.685,22.087,0,0.5028,44.306,0
23.685,22.137,0,0.45202,44.463,0
23.315,22.182,-1.0125,0.4038,44.55,3.0014
23.315,22.223,0,0.35548,44.661,0
23.315,22.258,0,0.30904,44.768,0
23.03,22.289,-1.1059,0.26335,44.823,4.575
23.03,22.315,0,0.21697,44.896,0
22.804,22.337,-1.1052,0.16575,44.946,5.1263
22.804,22.354,0,0.11936,44.992,0
22.804,22.366,0,0.075037,45.036,0
22.454,22.373,-1.362,0.028613,45.035,8.717
22.324,22.376,-1.3823,-0.0043461,45.039,9.4044
22.189,22.376,-1.4401,-0.015485,45.018,10.821
22.189,22.374,0,-0.027635,45,0.33008
22.189,22.371,0,-0.039434,44.981,0.29599
21.75,22.367,-1.3973,-0.051585,44.9,12.418
21.75,22.362,0,-0.062896,44.838,1.2571
21.75,22.356,0,-0.075623,44.777,1.2006
21.75,22.348,0,-0.088926,44.717,1.1402
21.75,22.339,0,-0.10404,44.657,1.0724
20.939,22.329,-1.9195,-0.11804,44.403,26.004
20.745,22.317,-2.0062,-0.13409,44.259,29.066
20.745,22.304,0,-0.15074,44.102,3.7067
20.745,22.289,0,-0.1681,43.947,3.577
20.129,22.272,-2.251,-0.18628,43.695,38.894
19.902,22.253,-2.3187,-0.20597,43.475,42.153
19.66,22.233,-2.3868,-0.22727,43.224,45.594
19.66,22.21,0,-0.24853,42.968,6.7667
19.66,22.185,0,-0.27203,42.714,6.5335
18.939,22.158,-2.2482,-0.293,42.35,45.624
18.939,22.129,0,-0.31438,42.029,8.9513
18.499,22.097,-2.034,-0.33538,41.673,42.17
18.289,22.064,-1.8475,-0.35647,41.298,38.643
18.289,22.028,0,-0.37576,40.923,10.916
17.931,21.99,-1.8315,-0.39433,40.515,39.874
17.931,21.951,0,-0.41523,40.111,11.904
17.931,21.909,0,-0.43544,39.711,11.57
17.931,21.866,0,-0.45309,39.315,11.249
17.284,21.821,-0.78631,-0.46968,38.782,22.984
17.284,21.774,0,-0.48171,38.331,13.591
17.284,21.725,0,-0.48036,37.884,13.374
17.361,21.677,1.5927,-0.47029,37.44,4.5175
17.361,21.63,0,-0.45429,37.011,12.767
17.361,21.585,0,-0.43405,36.586,12.706
17.361,21.542,0,-0.41547,36.166,12.642
18.019,21.5,1.0364,-0.40298,35.891,4.2272
18.123,21.46,0.99625,-0.39162,35.551,4.0247
18.228,21.421,0.89471,-0.37975,35.22,4.0097
18.228,21.383,0,-0.36913,34.903,8.4515
18.228,21.346,0,-0.35843,34.589,8.3673
18.446,21.31,-0.32561,-0.35372,34.315,9.8591
18.411,21.274,-1.0513,-0.35798,34.022,17.853
18.411,21.239,0,-0.37179,33.737,7.1217
18.411,21.201,0,-0.39482,33.457,6.8425
18.411,21.162,0,-0.41841,33.18,6.5562
17.858,21.12,0.46345,-0.4303,32.78,5.7363
17.858,21.077,0,-0.42371,32.456,8.3741
17.858,21.035,0,-0.40267,32.136,8.333
18.294,20.994,2.4925,-0.37057,31.879,3.2468
18.294,20.957,0,-0.33611,31.611,6.6946
18.747,20.924,1.4849,-0.30536,31.386,1.6503
18.747,20.893,0,-0.28324,31.17,5.0689
18.747,20.865,0,-0.26698,30.957,5.0526
19.125,20.838,1.3542,-0.24691,30.799,1.2411
19.125,20.814,0,-0.22619,30.628,3.7857
19.125,20.791,0,-0.20711,30.461,3.7998
19.125,20.77,0,-0.18752,30.295,3.8228
19.125,20.751,0,-0.16668,30.131,3.8587
19.742,20.735,1.2989,-0.14748,30.138,0.80686
19.871,20.72,1.3398,-0.12672,30.044,0.83158
19.871,20.707,0,-0.10626,29.96,1.7077
19.871,20.697,0,-0.086784,29.877,1.7471
19.871,20.688,0,-0.066119,29.795,1.7971
19.871,20.681,0,-0.044409,29.713,1.8578
19.871,20.677,0,-0.023438,29.633,1.9234
20.643,20.675,1.3082,-0.0048312,29.776,0.78135
20.643,20.674,0,0.026768,29.773,0.12525
20.643,20.677,0,0.063587,29.769,0.21962
20.643,20.683,0,0.098476,29.766,0.32437
20.643,20.693,0,0.13251,29.761,0.44185
20.643,20.706,0,0.16412,29.755,0.5674
20.643,20.723,0,0.19627,29.748,0.70932
20.643,20.742,0,0.22885,29.739,0.86831
21.689,20.765,1.3121,0.25967,30.141,0.72438
21.824,20.791,1.3124,0.29079,30.247,0.7311
21.963,20.82,1.3097,0.32175,30.35,0.72984
21.963,20.852,0,0.3514,30.463,0
22.232,20.888,1.3161,0.37948,30.613,0.77832
22.232,20.926,0,0.40852,30.746,0
22.232,20.966,0,0.43615,30.874,0
22.232,21.01,0,0.4599,30.998,0
22.232,21.056,0,0.48184,31.118,0
22.887,21.104,1.3117,0.50616,31.407,0.84472
22.887,21.155,0,0.5282,31.583,0
22.887,21.208,0,0.54987,31.754,0
22.887,21.263,0,0.57415,31.919,0
22.887,21.32,0,0.59698,32.079,0
22.887,21.38,0,0.62048,32.232,0
23.691,21.442,1.3131,0.64337,32.639,0.98521
23.831,21.506,1.3105,0.66573,32.864,0.99929
23.97,21.573,1.3113,0.68738,33.103,1.0293
24.099,21.641,1.3118,0.7057,33.353,1.0525
24.228,21.712,1.3105,0.72341,33.61,1.0663
24.228,21.784,0,0.74293,33.858,0
24.228,21.859,0,0.76279,34.098,0
24.636,21.935,1.307,0.77921,34.389,1.1235
24.636,22.013,0,0.79423,34.655,0
24.9,22.092,1.2996,0.81171,34.936,1.1296
24.9,22.173,0,0.82579,35.212,0
25.15,22.256,1.3041,0.8382,35.497,1.1897
25.15,22.34,0,0.85285,35.783,0
25.15,22.425,0,0.86706,36.059,0
25.15,22.512,0,0.8782,36.327,0
25.15,22.6,0,0.89453,36.587,0
25.81,22.689,1.3165,0.9084,37.005,1.3611
25.949,22.78,1.3133,0.92291,37.309,1.37
25.949,22.872,0,0.93591,37.622,0
25.949,22.966,0,0.94526,37.925,0
25.949,23.06,0,0.95599,38.218,0
25.949,23.156,0,0.96422,38.502,0
25.949,23.252,0,0.97394,38.777,0
25.949,23.35,0,0.9871,39.042,0
26.846,23.448,1.3068,0.99463,39.615,1.4474
26.846,23.548,0,1.0038,39.95,0
26.846,23.648,0,1.0155,40.274,0
26.846,23.75,0,1.0216,40.589,0
27.368,23.852,1.2961,1.0313,40.998,1.4523
27.368,23.955,0,1.0423,41.344,0
27.635,24.059,1.2941,1.0497,41.712,1.4758
27.635,24.164,0,1.0557,42.064,0
27.635,24.27,0,1.0603,42.406,0
27.635,24.376,0,1.0696,42.737,0
28.144,24.483,1.3018,1.0757,43.147,1.5766
28.144,24.59,0,1.0807,43.508,0
28.144,24.699,0,1.0899,43.858,0
28.144,24.808,0,1.0982,44.197,0
28.671,24.917,1.3045,1.1038,44.63,1.6587
28.671,25.028,0,1.11,45,0
28.671,25.139,0,1.1147,45.359,0
29.058,25.25,1.3053,1.12,45.77,1.7048
29.197,25.362,1.3095,1.128,46.153,1.7527
29.197,25.475,0,1.1315,46.531,0
29.197,25.588,0,1.1355,46.897,0
29.197,25.702,0,1.1421,47.253,0
29.719,25.816,1.326,1.1477,47.701,1.9152
29.719,25.931,0,1.154,48.086,0
29.719,26.046,0,1.1577,48.459,0
29.719,26.162,0,1.1606,48.82,0
30.235,26.278,1.3106,1.1626,49.262,1.8785
30.235,26.394,0,1.1667,49.652,0
30.235,26.511,0,1.1711,50.031,0
30.235,26.628,0,1.1729,50.397,0
30.235,26.745,0,1.1755,50.752,0
30.235,26.863,0,1.1769,51.095,0
30.235,26.98,0,1.182,51.426,0
31.143,27.099,1.3035,1.1855,52.05,1.942
31.266,27.217,1.3049,1.1863,52.457,1.9591
31.266,27.336,0,1.187,52.856,0
31.266,27.455,0,1.1915,53.243,0
31.266,27.574,0,1.1956,53.618,0
31.786,27.693,1.3059,1.1973,54.096,2.0256
31.91,27.813,1.3069,1.198,54.511,2.0407
31.91,27.933,0,1.1986,54.915,0
31.91,28.053,0,1.1986,55.307,0
31.91,28.173,0,1.1996,55.686,0
32.412,28.292,1.306,1.2015,56.126,2.0881
32.544,28.413,1.3031,1.2046,56.544,2.088
32.544,28.533,0,1.2065,56.951,0
32.544,28.654,0,1.2073,57.346,0
32.925,28.774,1.3072,1.208,57.788,2.1548
32.925,28.895,0,1.2099,58.198,0
32.925,29.016,0,1.2096,58.594,0
33.311,29.137,1.3051,1.2129,59.059,2.1853
33.311,29.259,0,1.2175,59.47,0
33.576,29.38,1.3047,1.2177,59.899,2.2218
33.576,29.502,0,-2,60.312,241.41
33.576,29.302,0,-2,60.73,293.67
33.576,29.102,0,-2,61.167,365
33.576,28.902,0,4.8,61.625,10.937
33.576,29.382,0,-2,62.068,270.94
33.576,29.182,0,-2,62.497,333.57
33.576,28.982,0,4.8,62.947,11.369
33.576,29.462,0,-2,63.382,250.71
34.768,29.262,1.2603,-2,64.333,387.44
34.768,29.062,0,-2,64.893,0
34.768,28.862,0,4.8,65.474,4.5741
