12.5,12.5,0.051988,0,35.5,0
12.5,12.5,0,0.010701,35.5,0.022773
12.5,12.501,0,0.023717,35.5,0.053502
12.5,12.503,0,0.024635,35.5,0.060553
12.548,12.506,0.060447,0.032081,35.502,0
12.548,12.509,0,0.035049,35.506,0
12.555,12.513,0.083974,0.032204,35.512,0
12.555,12.516,0,0.038023,35.517,0.00030287
12.579,12.52,0.1918,0.044973,35.532,0
12.579,12.524,0,0.053634,35.537,0.0020523
12.623,12.53,0.34511,0.071108,35.554,0
12.623,12.537,0,0.097056,35.563,0.03344
12.623,12.546,0,0.11164,35.571,0.090108
12.733,12.557,0.4778,0.13217,35.578,0
12.733,12.571,0,0.16451,35.595,0.031869
12.837,12.587,0.52578,0.18834,35.61,0
12.837,12.606,0,0.21136,35.635,0
12.837,12.627,0,0.24261,35.657,0.12651
12.837,12.651,0,0.27096,35.676,0.26664
13.065,12.678,0.57242,0.28865,35.745,0
13.117,12.707,0.57352,0.30459,35.79,0
13.117,12.738,0,0.32645,35.83,0
13.117,12.77,0,0.34101,35.866,0.078472
13.117,12.805,0,0.35452,35.899,0.20356
13.117,12.84,0,0.36787,35.928,0.33568
13.117,12.877,0,0.36858,35.954,0.43371
13.117,12.914,0,0.3657,35.976,0.5214
13.459,12.95,0.35503,0.37008,36.123,0
13.459,12.987,0,0.36184,36.172,0
13.528,13.023,0.26895,0.3645,36.229,0
13.548,13.06,0.22618,0.35133,36.289,0
13.571,13.095,0.13634,0.34167,36.346,0
13.589,13.129,0.050271,0.329,36.399,0
13.589,13.162,0,0.3015,36.443,0
13.589,13.192,0,0.27279,36.484,0
13.575,13.219,-0.032003,0.25222,36.512,0
13.571,13.245,-0.027517,0.23059,36.541,0
13.571,13.268,0,0.20938,36.573,0
13.562,13.289,-0.085082,0.19282,36.603,0.075254
13.562,13.308,0,0.17101,36.63,0
13.562,13.325,0,0.15284,36.654,0
13.562,13.34,0,0.1341,36.677,0
13.562,13.354,0,0.12648,36.699,0
13.562,13.366,0,0.11954,36.719,0
13.562,13.378,0,0.11279,36.738,0
13.532,13.39,-0.05624,0.09899,36.74,0.054042
13.534,13.4,-0.030828,0.093497,36.748,0
13.526,13.409,-0.018197,0.081468,36.763,0
13.526,13.417,0,0.078197,36.775,0
13.531,13.425,0.038137,0.073695,36.784,0
13.535,13.432,0.024971,0.071345,36.795,0
13.535,13.439,0,0.064166,36.805,0
13.535,13.446,0,0.058602,36.814,0
13.535,13.452,0,0.04866,36.823,0
13.535,13.457,0,0.037696,36.831,0
13.506,13.46,0.026292,0.031708,36.864,0
13.506,13.463,0,0.037117,36.869,0
13.506,13.467,0,0.048625,36.873,0.024792
13.506,13.472,0,0.049536,36.876,0.037187
13.558,13.477,0.26336,0.056405,36.869,0
13.558,13.483,0,0.073847,36.877,0.0031262
13.612,13.49,0.19049,0.084671,36.895,0
13.612,13.498,0,0.091555,36.907,0
13.612,13.508,0,0.093886,36.918,0
13.663,13.517,0.035848,0.10091,36.933,0
13.663,13.527,0,0.089604,36.948,0
13.659,13.536,-0.21384,0.084366,36.951,0.52311
13.659,13.545,0,0.066913,36.963,0
13.626,13.551,-0.26286,0.051396,36.972,0.70964
13.59,13.556,-0.30816,0.023234,36.974,0.8898
13.569,13.559,-0.29761,0.0071192,36.977,0.85685
13.569,13.559,0,-0.0010606,36.978,0
13.569,13.559,0,-0.0021199,36.979,0
13.569,13.559,0,-0.0031843,36.98,0
13.5,13.559,0.012343,-0.0039072,36.974,0.085765
13.502,13.558,0.09459,-0.0037971,36.964,0
13.502,13.558,0,-0.0035012,36.958,0.10943
13.51,13.558,0.074293,-0.0032148,36.955,0
13.51,13.557,0,-0.0032487,36.95,0.091796
13.518,13.557,-0.045998,-0.002643,36.946,0.18177
13.518,13.557,0,-0.0032246,36.943,0.074088
13.518,13.556,0,-0.0033597,36.939,0.073121
13.518,13.556,0,-0.0023893,36.935,0.074535
13.518,13.556,0,-0.0013423,36.931,0.076324
13.556,13.556,0.18443,0.0003907,36.906,0
13.556,13.556,0,0.017975,36.906,0.03747
13.6,13.558,0.20164,0.028895,36.91,0
13.626,13.56,0.14586,0.045025,36.919,0
13.643,13.565,0.1751,0.053219,36.92,0
13.643,13.57,0,0.060726,36.927,0
13.643,13.576,0,0.071104,36.934,0.017431
13.643,13.583,0,0.079033,36.94,0.051186
13.643,13.591,0,0.074334,36.946,0.057306
13.643,13.599,0,0.067508,36.951,0.057444
13.695,13.606,-0.20675,0.060976,36.975,0.51017
13.695,13.612,0,0.042426,36.984,0
13.695,13.616,0,0.019927,36.992,0
13.695,13.618,0,-0.00047803,37,0
13.695,13.618,0,-0.0015211,37.007,0
13.695,13.618,0,-0.0031792,37.015,0
13.543,13.617,-0.17175,-0.0049719,36.974,0.60776
13.543,13.617,0,-0.0062685,36.967,0.1394
13.543,13.616,0,-0.0076966,36.959,0.13487
13.543,13.615,0,-0.008317,36.952,0.13185
13.543,13.615,0,-0.0091671,36.945,0.12819
13.487,13.614,0.086437,-0.0085308,36.939,0.06262
13.487,13.613,0.14414,-0.0084587,36.925,0
13.487,13.612,0,-0.0071223,36.912,0.24759
13.487,13.611,0,-0.0064676,36.9,0.24759
13.487,13.611,0,-0.0051528,36.888,0.24929
13.487,13.61,0,-0.0028775,36.875,0.25358
13.487,13.61,0,-0.0010205,36.863,0.25738
13.638,13.61,0.47372,0.019236,36.892,0
13.638,13.612,0,0.04817,36.895,0.050422
13.638,13.616,0,0.0818,36.898,0.14046
13.638,13.625,0,0.11222,36.899,0.23605
13.638,13.636,0,0.14002,36.9,0.33722
13.638,13.65,0,0.17202,36.9,0.46265
13.638,13.667,0,0.19841,36.898,0.58555
14.013,13.687,0.43396,0.2211,37.029,0
14.05,13.709,0.36632,0.23026,37.066,0
14.05,13.732,0,0.23803,37.099,0
14.125,13.756,0.27937,0.24834,37.126,0
14.155,13.781,0.2724,0.2516,37.158,0
14.179,13.806,0.27919,0.25007,37.197,0
14.198,13.831,0.28759,0.24585,37.227,0
14.198,13.855,0,0.25049,37.263,0
14.198,13.88,0,0.25056,37.296,0
14.281,13.906,0.29148,0.24977,37.331,0
14.303,13.931,0.29371,0.24706,37.371,0
14.329,13.955,0.29345,0.24725,37.403,0
14.329,13.98,0,0.25229,37.439,0
14.389,14.005,0.28974,0.2526,37.48,0
14.389,14.03,0,0.24963,37.517,0
14.389,14.055,0,0.25326,37.551,0
14.472,14.081,0.25691,0.25608,37.574,0
14.501,14.106,0.20203,0.25808,37.616,0
14.529,14.132,0.16599,0.25884,37.659,0
14.542,14.158,0.1453,0.25008,37.702,0
14.542,14.183,0,0.24204,37.739,0
14.542,14.207,0,0.23174,37.774,0
14.542,14.23,0,0.22524,37.806,0
14.542,14.253,0,0.22107,37.836,0
14.618,14.275,0.25993,0.2209,37.87,0
14.618,14.297,0,0.22388,37.903,0
14.669,14.32,0.16423,0.22436,37.941,0
14.669,14.342,0,0.21371,37.975,0
14.677,14.363,0.044211,0.20055,38.016,0
14.677,14.383,0,0.19642,38.046,0
14.677,14.403,0,0.18665,38.074,0
14.677,14.422,0,0.18214,38.101,0
14.711,14.44,0.15453,0.1723,38.121,0
14.711,14.457,0,0.1663,38.147,0
14.736,14.474,0.18341,0.16591,38.169,0
14.751,14.49,0.19259,0.16506,38.189,0
14.751,14.507,0,0.16214,38.214,0
14.778,14.523,0.1675,0.1607,38.223,0
14.789,14.539,0.17906,0.15752,38.243,0
14.789,14.555,0,0.15664,38.267,0
14.789,14.571,0,0.15168,38.29,0
14.789,14.586,0,0.153,38.311,0
14.789,14.601,0,0.15349,38.331,0
14.789,14.616,0,0.14888,38.349,0
14.789,14.631,0,0.13436,38.365,0
14.789,14.645,0,0.10987,38.38,0
14.789,14.656,0,0.077371,38.394,0
14.789,14.663,0,0.055222,38.407,0
14.789,14.669,0,0.046588,38.419,0
14.789,14.674,0,0.046361,38.431,0
14.789,14.678,0,0.059708,38.443,0
14.789,14.684,0,0.061613,38.453,0
14.785,14.69,-0.034638,0.059187,38.485,0.008047
14.78,14.696,-0.1678,0.052026,38.489,0.37343
14.78,14.701,0,0.036411,38.497,0
14.727,14.705,-0.28403,0.013407,38.5,0.79821
14.705,14.706,-0.29924,-9.4177e-05,38.497,0.86955
14.668,14.706,-0.28241,-0.0026356,38.5,0.90148
14.642,14.706,-0.29131,-0.0044251,38.487,1.002
14.608,14.706,-0.30843,-0.0067256,38.481,1.1568
14.608,14.705,0,-0.0091403,38.471,0.18445
14.608,14.704,0,-0.010562,38.462,0.17924
14.608,14.703,0,-0.012406,38.452,0.17278
14.48,14.702,-0.46981,-0.015226,38.405,2.2564
14.435,14.7,-0.47542,-0.018272,38.385,2.4235
14.389,14.699,-0.46738,-0.021327,38.347,2.5178
14.389,14.696,0,-0.024584,38.316,0.61773
14.389,14.694,0,-0.026706,38.285,0.60624
14.389,14.691,0,-0.029753,38.255,0.59183
14.229,14.688,-0.39375,-0.031818,38.202,2.5899
14.229,14.685,0,-0.034897,38.156,0.9479
14.229,14.682,0,-0.037818,38.111,0.93053
14.229,14.678,0,-0.039754,38.066,0.91544
14.229,14.674,0,-0.040387,38.021,0.90378
14.229,14.67,0,-0.039148,37.977,0.89749
14.229,14.666,0,-0.037231,37.933,0.8935
14.141,14.662,0.059525,-0.036613,37.828,0.92666
14.141,14.659,0.02526,-0.036416,37.784,1.0193
14.141,14.655,0,-0.0363,37.733,1.0885
14.13,14.651,0.04633,-0.036809,37.683,0.96402
14.126,14.648,0.1323,-0.036907,37.623,0.73064
14.143,14.644,0.12522,-0.035497,37.577,0.70519
14.164,14.64,0.01825,-0.033827,37.518,0.94464
14.164,14.637,0,-0.033324,37.471,0.99296
14.166,14.634,-0.16238,-0.033326,37.428,1.5458
14.166,14.63,0,-0.034479,37.382,0.9679
14.13,14.627,0.11277,-0.035564,37.324,0.72746
14.13,14.623,0,-0.035226,37.274,1.0386
14.13,14.62,0,-0.032952,37.225,1.0367
14.13,14.616,0,-0.028937,37.176,1.0408
14.13,14.614,0,-0.024583,37.128,1.0469
14.33,14.611,0.59057,-0.020326,37.096,0
14.33,14.609,0,-0.015832,37.068,0.57495
14.33,14.607,0,-0.011012,37.04,0.58423
14.33,14.606,0,-0.0063495,37.013,0.5943
14.611,14.606,0.96596,0.0029354,37.026,0
14.708,14.606,1.0362,0.061701,37.041,0
14.804,14.612,1.0527,0.11653,37.065,0
14.916,14.624,1.0805,0.17763,37.091,0
14.916,14.642,0,0.22847,37.12,0
14.916,14.664,0,0.28619,37.146,0.14997
14.916,14.693,0,0.33401,37.17,0.36601
14.916,14.726,0,0.3835,37.19,0.6174
15.473,14.765,1.1692,0.42609,37.353,0
15.473,14.807,0,0.4679,37.422,0
15.473,14.854,0,0.5105,37.486,0
15.473,14.905,0,0.5507,37.545,0.171
15.935,14.96,1.0953,0.57795,37.701,0
16.035,15.018,1.1006,0.60085,37.8,0
16.139,15.078,1.1308,0.62392,37.902,0
16.139,15.141,0,0.6529,38.005,0
16.139,15.206,0,0.68075,38.102,0
16.139,15.274,0,0.70925,38.192,0
16.139,15.345,0,0.72908,38.275,0.179
16.139,15.418,0,0.7512,38.35,0.47118
16.854,15.493,1.1363,0.77765,38.598,0
16.854,15.571,0,0.79066,38.73,0
16.854,15.65,0,0.80748,38.855,0
16.854,15.731,0,0.82308,38.971,0
16.854,15.813,0,0.83408,39.079,0
16.854,15.896,0,0.84551,39.179,0.14736
16.854,15.981,0,0.85652,39.271,0.43802
17.639,16.066,1.2202,0.86558,39.634,0
17.639,16.153,0,0.88165,39.787,0
17.639,16.241,0,0.89348,39.931,0
17.639,16.331,0,0.90772,40.067,0
17.639,16.421,0,0.92072,40.193,0
18.244,16.513,1.1572,0.92709,40.466,0
18.244,16.606,0,0.93508,40.635,0
18.244,16.7,0,0.94347,40.794,0
18.244,16.794,0,0.95047,40.943,0
18.244,16.889,0,0.95582,41.084,0
18.244,16.985,0,0.95898,41.214,0
18.244,17.08,0,0.9634,41.336,0.0036863
18.244,17.177,0,0.96695,41.447,0.30306
19.158,17.273,1.0393,0.9666,41.923,0
19.262,17.37,1.0435,0.96543,42.121,0
19.262,17.467,0,0.96281,42.306,0
19.458,17.563,0.92604,0.95721,42.507,0
19.544,17.659,0.9333,0.94711,42.701,0
19.638,17.753,0.9133,0.94217,42.889,0
19.638,17.848,0,0.94049,43.073,0
19.638,17.942,0,0.93602,43.247,0
19.638,18.035,0,0.92798,43.412,0
20.022,18.128,0.95922,0.92882,43.647,0
20.022,18.221,0,0.9226,43.832,0
20.022,18.313,0,0.92343,44.008,0
20.303,18.406,1.037,0.91791,44.234,0
20.407,18.497,1.0133,0.91994,44.423,0
20.516,18.589,0.91868,0.92356,44.607,0
20.516,18.682,0,0.91443,44.795,0
20.685,18.773,0.68896,0.90838,44.979,0
20.759,18.864,0.56226,0.89668,45.171,0
20.82,18.954,0.52107,0.87941,45.367,0
20.82,19.042,0,0.85779,45.549,0
20.82,19.127,0,0.83837,45.723,0
20.969,19.211,0.39871,0.81855,45.917,0
20.969,19.293,0,0.79254,46.089,0
20.969,19.372,0,0.76686,46.253,0
20.969,19.449,0,0.72925,46.409,0
20.969,19.522,0,4.8,46.557,29.75
20.969,20.002,0,0.44103,46.678,0
20.969,20.046,0,0.40404,46.772,0
20.969,20.086,0,0.3711,46.862,0
20.909,20.124,-0.19163,0.34565,46.984,0
20.881,20.158,-0.20428,0.3176,47.058,0
20.881,20.19,0,0.29842,47.129,0
20.852,20.22,-0.2534,0.27718,47.202,0
20.852,20.247,0,0.25654,47.264,0
20.8,20.273,-0.21005,0.23024,47.308,0
20.8,20.296,0,0.20972,47.359,0
20.755,20.317,-0.15291,0.19126,47.41,0
20.736,20.336,-0.16857,0.17441,47.452,0
20.71,20.354,-0.12153,0.15532,47.483,0
20.698,20.369,-0.071394,0.14323,47.511,0
20.698,20.384,0,0.13229,47.543,0
20.698,20.397,0,0.12648,47.574,0
20.691,20.409,0.15944,0.12258,47.598,0
20.691,20.422,0,0.12125,47.626,0
20.691,20.434,0,0.11638,47.652,0
20.701,20.445,0.10556,0.11099,47.67,0
20.719,20.456,0.065712,0.11405,47.693,0
20.719,20.468,0,0.11157,47.719,0
20.719,20.479,0,0.10843,47.743,0
20.719,20.49,0,0.098316,47.767,0
20.719,20.5,0,0.087615,47.789,0
20.719,20.508,0,0.06899,47.811,0
20.719,20.515,0,0.049277,47.832,0
20.719,20.52,0,0.021626,47.852,0
20.496,20.522,-0.77354,-0.0018301,47.837,3.4507
20.414,20.522,-0.78886,-0.0074525,47.827,3.8603
20.414,20.522,0,-0.012333,47.816,0.19945
20.414,20.52,0,-0.017057,47.805,0.186
20.198,20.519,-0.64564,-0.022002,47.775,3.6301
20.126,20.516,-0.6065,-0.026835,47.74,3.6174
20.074,20.514,-0.64112,-0.030287,47.707,4.0261
20.017,20.511,-0.71514,-0.034027,47.664,4.7578
20.017,20.507,0,-0.038307,47.614,1.0224
20.017,20.503,0,-0.044349,47.566,0.99443
20.017,20.499,0,-0.050221,47.517,0.96579
20.017,20.494,0,-0.056004,47.469,0.93625
19.634,20.488,-0.29713,-0.059544,47.32,3.3031
19.634,20.482,0,-0.061181,47.235,1.9036
19.609,20.476,0.48297,-0.060738,47.139,0.66675
19.655,20.47,0.78824,-0.057303,47.049,0.31493
19.655,20.465,0,-0.051161,46.968,1.8307
19.843,20.459,1.3702,-0.043532,46.897,0.72606
19.843,20.455,0,-0.034253,46.836,1.3502
19.843,20.452,0,-0.023926,46.775,1.3757
19.843,20.449,0,-0.013494,46.714,1.4046
19.843,20.448,0,-0.0050236,46.653,1.4299
19.843,20.447,0,-0.0018819,46.593,1.4394
20.401,20.447,-0.98917,-0.0032762,46.721,5.2155
20.401,20.447,0,-0.010437,46.716,0.072376
20.134,20.446,-1.6958,-0.022166,46.687,15.413
20.134,20.444,0,-0.033555,46.656,0.59838
20.134,20.44,0,-0.043669,46.625,0.56387
19.726,20.436,-0.6161,-0.05072,46.513,4.8226
19.726,20.431,0,-0.055361,46.443,1.5257
19.726,20.425,0,-0.055703,46.372,1.5096
19.675,20.42,0.57631,-0.053616,46.269,0.35683
19.675,20.414,0,-0.048847,46.195,1.642
19.675,20.409,0,-0.042831,46.121,1.6498
19.675,20.405,0,-0.036603,46.048,1.6602
19.972,20.402,0.7714,-0.031203,46.027,0
19.972,20.398,0,-0.025933,45.984,0.901
19.972,20.396,0,-0.019286,45.941,0.91439
20.232,20.394,1.046,-0.011745,45.951,0.13969
20.232,20.393,0,-0.0044967,45.935,0.33257
20.441,20.392,1.1715,0.020554,45.952,0.39159
20.441,20.394,0,0.067273,45.957,0.050609
20.441,20.401,0,0.11461,45.961,0.18127
20.752,20.413,0.66068,0.143,46.02,0
20.821,20.427,0.36493,0.16611,46.051,0
20.865,20.443,0.13132,0.17761,46.085,0
20.865,20.461,0,0.17893,46.127,0
20.865,20.479,0,0.16967,46.166,0
20.865,20.496,0,0.15758,46.204,0
20.859,20.512,0.0045935,0.14569,46.22,0
20.859,20.526,0,0.13689,46.254,0
20.859,20.54,0,0.13486,46.287,0
20.859,20.554,0,0.14332,46.318,0
20.958,20.568,0.81872,0.16345,46.362,0
20.958,20.584,0,0.18987,46.4,0
21.121,20.603,0.93364,0.21656,46.437,0
21.121,20.625,0,0.24834,46.487,0
21.307,20.65,0.85634,0.27458,46.551,0
21.307,20.677,0,0.29922,46.616,0
21.307,20.707,0,0.32092,46.677,0
21.307,20.739,0,0.34672,46.735,0
21.683,20.774,1.2827,0.37832,46.873,0.049469
21.683,20.812,0,0.41559,46.962,0
21.683,20.853,0,0.45512,47.047,0
21.683,20.899,0,0.49889,47.128,0
21.683,20.949,0,0.54801,47.203,0
21.683,21.003,0,0.59197,47.274,0.013138
22.599,21.063,1.5973,0.63359,47.602,0.78035
22.599,21.126,0,0.67506,47.753,0
22.926,21.193,1.4828,0.71143,47.922,0.22887
23.076,21.265,1.4688,0.74191,48.093,0.13809
23.076,21.339,0,0.7681,48.27,0
23.076,21.416,0,0.79358,48.44,0
23.076,21.495,0,0.81822,48.602,0
23.076,21.577,0,0.84185,48.756,0
23.802,21.661,1.4784,0.86569,49.082,0.046979
23.944,21.748,1.5132,0.88577,49.298,0.17347
24.088,21.836,1.5148,0.90554,49.526,0.16659
24.088,21.927,0,0.92711,49.747,0
24.38,22.019,1.4797,4.8,49.997,8.0089
24.526,22.499,1.4725,0.78491,50.227,0.28658
24.669,22.578,1.3961,0.80826,50.43,0
24.669,22.659,0,0.82722,50.635,0
24.946,22.741,1.3165,0.84843,50.873,0
24.946,22.826,0,4.8,51.089,25.629
24.946,23.306,0,0.70679,51.277,0
24.946,23.377,0,0.72419,51.437,0
25.441,23.449,1.2018,0.7387,51.703,0
25.441,23.523,0,0.75415,51.898,0
25.441,23.599,0,4.8,52.086,27.32
25.799,24.079,1.146,0.61676,52.295,0
25.799,24.14,0,0.63682,52.464,0
25.799,24.204,0,0.65217,52.627,0
25.799,24.269,0,0.66882,52.783,0
26.25,24.336,1.1667,0.68257,53.034,0
26.364,24.404,1.1334,4.8,53.219,12.934
26.364,24.884,0,0.55407,53.391,0
26.364,24.94,0,0.57548,53.536,0
26.364,24.997,0,0.5935,53.676,0
26.364,25.057,0,0.60214,53.81,0
26.364,25.117,0,0.60758,53.937,0
26.364,25.178,0,4.8,54.059,31.368
26.364,25.658,0,0.45211,54.154,0
27.075,25.703,0.51546,0.45821,54.557,0
27.129,25.749,0.47319,0.46052,54.704,0
27.18,25.795,0.47806,0.46178,54.848,0
27.18,25.841,0,0.46051,54.984,0
27.261,25.887,0.4146,0.45756,55.115,0
27.261,25.933,0,0.45378,55.25,0
27.332,25.978,0.20614,4.8,55.374,27.285
27.332,26.458,0,0.28967,55.486,0
27.372,26.487,0.095777,0.28556,55.565,0
27.385,26.516,0.13199,0.28059,55.657,0
27.407,26.544,0.20705,0.27842,55.752,0
27.407,26.572,0,0.27564,55.837,0
27.448,26.599,0.2233,0.27349,55.911,0
27.464,26.626,0.21952,0.26995,56.003,0
27.487,26.653,0.23004,0.2685,56.087,0
27.502,26.68,0.27482,0.26458,56.163,0
27.502,26.707,0,0.2678,56.244,0
27.502,26.734,0,0.2674,56.322,0
27.502,26.76,0,4.8,56.398,34.16
27.654,27.24,0.47735,0.1292,56.454,0
27.709,27.253,0.51848,0.14222,56.499,0
27.709,27.267,0,0.15608,56.544,0
27.709,27.283,0,0.17109,56.588,0
27.907,27.3,0.75328,0.1895,56.648,0
27.989,27.319,0.842,0.20921,56.714,0
27.989,27.34,0,0.22704,56.78,0
28.152,27.363,0.94013,0.2464,56.872,0
28.152,27.387,0,0.26636,56.95,0
28.33,27.414,0.90886,0.28559,57.042,0
28.424,27.443,0.89427,0.30595,57.141,0
28.424,27.473,0,0.32358,57.237,0
28.424,27.505,0,0.34029,57.331,0
28.679,27.54,0.84745,4.8,57.454,20.227
28.679,28.02,0,0.22828,57.544,0
28.679,28.042,0,0.24953,57.609,0
28.957,28.067,0.80368,0.26969,57.708,0
29.034,28.094,0.79442,0.28471,57.804,0
29.118,28.123,0.80752,0.30155,57.905,0
29.118,28.153,0,0.31841,58.003,0
29.277,28.185,0.85635,0.3306,58.103,0
29.359,28.218,0.87497,0.34544,58.213,0
29.446,28.252,0.85984,0.36113,58.331,0
29.446,28.288,0,0.37454,58.448,0
29.446,28.326,0,4.8,58.562,31.785
29.446,28.806,0,0.25954,58.65,0
29.446,28.832,0,0.2714,58.713,0
29.446,28.859,0,0.28552,58.773,0
29.446,28.888,0,0.29944,58.83,0
29.446,28.918,0,0.31265,58.884,0
30.05,28.949,0.78006,0.32406,59.181,0
30.135,28.981,0.8036,0.33945,59.295,0
30.221,29.015,0.87335,0.35487,59.414,0
30.221,29.051,0,4.8,59.533,31.468
30.221,29.531,0,0.24852,59.626,0
30.221,29.555,0,0.26847,59.694,0
30.221,29.582,0,0.2865,59.759,0
30.221,29.611,0,0.30359,59.822,0
30.769,29.641,0.92054,0.32303,60.04,0
30.854,29.674,0.94822,0.33824,60.147,0
30.946,29.707,0.97391,0.35492,60.27,0
30.946,29.743,0,0.37032,60.392,0
30.946,29.78,0,-2,60.511,29.746
30.946,29.58,0,-2,60.638,33.996
30.946,29.38,0,-2,60.784,38.823
30.946,29.18,0,-2,60.951,44.318
31.525,28.98,0.89048,4.8,61.314,12.432
31.607,29.46,0.8653,-2,61.544,66.659
31.607,29.26,0,-2,61.768,65.181
31.607,29.06,0,-2,62.013,74.606
31.884,28.86,0.94787,4.8,62.314,9.5454
31.974,29.34,0.93353,-2,62.599,85.603
31.974,29.14,0,-2,62.872,90.934
31.974,28.94,0,4.8,63.166,20.176
31.974,29.42,0,-2,63.445,74.985
31.974,29.22,0,-2,63.711,86.013
32.435,29.02,0.91458,4.8,64.097,8.0025
32.435,29.5,0,-2,64.414,97.569
32.435,29.3,0,-2,64.718,112.61
32.435,29.1,0,-2,65.041,130.58
32.435,28.9,0,4.8,65.385,17.278
32.875,29.38,0.88242,-2,65.814,132.38
32.875,29.18,0,-2,66.174,173.35
32.875,28.98,0,4.8,66.553,15.229
32.875,29.46,0,-2,66.919,138.85
33.239,29.26,0.95302,-2,67.348,170.69
33.239,29.06,0,-2,67.756,266.82
33.435,28.86,0.95728,4.8,68.192,2.5355
33.435,29.34,0,-2,68.625,246.18
33.435,29.14,0,-2,69.045,300.05
33.435,28.94,0,4.8,69.484,11.908
33.808,29.42,0.89052,-2,70.008,218.07
33.808,29.22,0,-2,70.457,418.21
33.808,29.02,0,4.8,70.925,10.328
34.071,29.5,0.84241,-2,71.422,247.53
34.071,29.3,0,-2,71.889,535.51
