12.778,12.778,0.062055,0,35.5,0
12.778,12.778,0,0.0098782,35.5,0.021002
12.823,12.779,0.28748,0.032217,35.485,0
12.847,12.782,0.31753,0.047781,35.483,0
12.847,12.787,0,0.074255,35.489,0.036821
12.847,12.794,0,0.08349,35.495,0.074704
12.847,12.803,0,0.092267,35.5,0.11432
12.936,12.812,0.15632,0.090358,35.548,0
12.936,12.821,0,0.096265,35.559,0
12.936,12.83,0,0.1052,35.57,0.012583
12.999,12.841,0.2619,0.11481,35.579,0
12.999,12.852,0,0.11899,35.594,0
12.999,12.864,0,0.13226,35.608,0.013214
12.999,12.878,0,0.13082,35.621,0.039025
12.999,12.891,0,0.12867,35.633,0.062843
12.999,12.904,0,0.1086,35.643,0.042376
12.999,12.914,0,0.091427,35.652,0.025246
12.999,12.924,0,0.068977,35.66,0
12.999,12.93,0,0.037033,35.667,0
12.999,12.934,0,0.016125,35.674,0
12.999,12.936,0,-8.9095e-05,35.68,0
12.999,12.936,0,-0.0025437,35.686,0
12.874,12.935,-0.30655,-0.0041172,35.702,1.0517
12.874,12.935,0,-0.0064381,35.696,0.11206
12.874,12.934,0,-0.0088806,35.69,0.10531
12.874,12.934,0,-0.01093,35.684,0.098949
12.874,12.932,0,-0.012179,35.678,0.093931
12.75,12.931,-0.025906,-0.012243,35.615,0.42513
12.739,12.93,0.030565,-0.012918,35.587,0.30527
12.739,12.929,0,-0.012073,35.568,0.37854
12.739,12.927,0,-0.011572,35.549,0.37708
12.765,12.926,0.10808,-0.010962,35.535,0.084596
12.765,12.925,0,-0.01063,35.519,0.3175
12.765,12.924,0,-0.0095587,35.503,0.31776
12.765,12.923,0,-0.0082545,35.487,0.31882
12.765,12.922,0,-0.0066692,35.471,0.32087
12.765,12.922,0,-0.0040974,35.456,0.32569
12.765,12.921,0,-0.0026859,35.44,0.32825
12.92,12.921,0.30116,-7.7771e-05,35.455,0
12.92,12.921,0,0.019992,35.455,0.045389
12.985,12.923,0.31423,0.044355,35.447,0
13.01,12.927,0.32769,0.059352,35.452,0
13.01,12.933,0,0.082723,35.46,0.021347
13.01,12.942,0,0.10269,35.468,0.087063
13.123,12.952,0.34303,0.12206,35.472,0
13.166,12.964,0.35505,0.14411,35.481,0
13.201,12.979,0.36811,0.15866,35.502,0
13.241,12.994,0.38048,0.17527,35.533,0
13.287,13.012,0.3695,0.19531,35.553,0
13.287,13.031,0,0.20329,35.58,0
13.356,13.052,0.36782,0.21529,35.604,0
13.39,13.073,0.3816,0.22404,35.643,0
13.39,13.096,0,0.23461,35.673,0
13.477,13.119,0.44801,0.25183,35.701,0
13.477,13.144,0,0.26298,35.736,0
13.559,13.171,0.46215,0.27188,35.78,0
13.559,13.198,0,0.28001,35.817,0
13.559,13.226,0,0.29108,35.852,0
13.559,13.255,0,0.30409,35.884,0.075388
13.559,13.285,0,0.31533,35.912,0.1824
13.559,13.317,0,0.3124,35.938,0.25201
13.559,13.348,0,0.30618,35.961,0.31148
13.559,13.379,0,0.31548,35.98,0.41841
13.873,13.41,0.35599,0.31702,36.123,0
13.873,13.442,0,0.32505,36.168,0
13.873,13.475,0,0.32311,36.209,0
13.873,13.507,0,0.33011,36.248,0
14.02,13.54,0.21702,0.32536,36.305,0
14.02,13.572,0,0.31372,36.352,0
14.02,13.604,0,0.31089,36.395,0
14.079,13.635,0.1176,0.29884,36.45,0
14.079,13.665,0,0.28868,36.493,0
14.079,13.694,0,0.27524,36.533,0
14.112,13.721,0.087596,0.26077,36.566,0
14.122,13.747,0.1156,0.24976,36.606,0
14.122,13.772,0,0.23722,36.642,0
14.137,13.796,0.25008,0.22638,36.677,0
14.157,13.819,0.24477,0.22359,36.705,0
14.183,13.841,0.22878,0.22606,36.745,0
14.215,13.864,0.21284,0.23138,36.783,0
14.215,13.887,0,0.22857,36.817,0
14.215,13.91,0,0.22586,36.849,0
14.26,13.932,0.11947,0.21496,36.908,0
14.27,13.954,0.20551,0.20715,36.944,0
14.27,13.974,0,0.2106,36.975,0
14.31,13.995,0.0746,0.20552,37.012,0
14.308,14.016,0.17133,0.1904,37.053,0
14.331,14.035,0.2462,0.19255,37.075,0
14.362,14.054,0.23058,0.19983,37.107,0
14.362,14.074,0,0.20083,37.137,0
14.407,14.094,0.25327,0.20234,37.172,0
14.425,14.115,0.11554,0.20075,37.211,0
14.443,14.135,0.020286,0.19914,37.234,0
14.445,14.154,-0.025075,0.18735,37.254,0
14.445,14.173,0,0.17215,37.282,0
14.44,14.19,0.041769,0.16031,37.292,0
14.443,14.206,0.12695,0.15168,37.311,0
14.443,14.222,0,0.15515,37.334,0
14.443,14.237,0,0.15576,37.356,0
14.443,14.253,0,0.16207,37.375,0
14.53,14.269,0.29857,0.16647,37.416,0
14.53,14.286,0,0.17071,37.441,0
14.53,14.303,0,0.18325,37.465,0
14.635,14.321,0.39801,0.19953,37.484,0
14.635,14.341,0,0.20924,37.515,0
14.635,14.362,0,0.21538,37.543,0
14.745,14.383,0.31129,0.22856,37.592,0
14.745,14.406,0,0.23402,37.627,0
14.745,14.43,0,0.2267,37.66,0
14.811,14.452,0.1875,0.22551,37.694,0
14.811,14.475,0,0.22793,37.728,0
14.811,14.498,0,0.2302,37.761,0
14.811,14.521,0,0.23629,37.791,0
14.811,14.544,0,0.24078,37.819,0
14.811,14.568,0,0.2453,37.845,0.057134
14.811,14.593,0,0.24586,37.868,0.11665
14.811,14.618,0,0.24768,37.888,0.1806
14.811,14.642,0,0.24102,37.906,0.22142
15.057,14.666,0.29589,0.24143,38.079,0
15.057,14.691,0,0.24893,38.117,0
15.057,14.715,0,0.25117,38.152,0
15.057,14.741,0,0.25107,38.185,0
15.057,14.766,0,0.25178,38.215,0
15.057,14.791,0,0.25174,38.243,0.020708
15.22,14.816,0.25299,0.2473,38.335,0
15.25,14.841,0.27111,0.25011,38.375,0
15.282,14.866,0.26844,0.2536,38.425,0
15.301,14.891,0.25424,0.24971,38.463,0
15.301,14.916,0,0.24798,38.502,0
15.301,14.941,0,0.25183,38.54,0
15.368,14.966,0.20592,0.24349,38.589,0
15.397,14.99,0.22306,0.2459,38.628,0
15.414,15.015,0.20703,0.24056,38.675,0
15.414,15.039,0,0.2427,38.714,0
15.463,15.063,0.15488,0.24041,38.75,0
15.463,15.087,0,0.23666,38.788,0
15.463,15.111,0,0.22557,38.825,0
15.463,15.134,0,0.2128,38.859,0
15.463,15.155,0,0.205,38.891,0
15.497,15.175,0.051041,0.19186,38.926,0
15.497,15.195,0,0.17876,38.957,0
15.497,15.212,0,0.16699,38.987,0
15.495,15.229,0.035502,0.15762,39.012,0
15.507,15.245,0.041668,0.15524,39.033,0
15.52,15.26,0.052725,0.15379,39.062,0
15.523,15.276,0.070616,0.14602,39.091,0
15.535,15.29,0.084596,0.14449,39.12,0
15.535,15.305,0,0.14511,39.143,0
15.535,15.319,0,0.14716,39.166,0
15.535,15.334,0,0.14128,39.186,0
15.535,15.348,0,0.13813,39.206,0
15.535,15.362,0,0.13125,39.224,0
15.535,15.375,0,0.13132,39.24,0
15.535,15.388,0,0.12635,39.256,0
15.535,15.401,0,0.12687,39.27,0.0014914
15.615,15.414,0.083266,0.11778,39.32,0
15.618,15.425,0.071251,0.11257,39.345,0
15.618,15.437,0,0.11525,39.364,0
15.633,15.448,0.081203,0.10791,39.395,0
15.633,15.459,0,0.10348,39.413,0
15.633,15.469,0,0.10303,39.43,0
15.633,15.48,0,0.096928,39.446,0
15.633,15.489,0,0.086704,39.461,0
15.633,15.498,0,0.078324,39.474,0
15.619,15.506,-0.23527,0.066192,39.493,0.55867
15.619,15.512,0,0.048028,39.504,0
15.573,15.517,-0.36897,0.032258,39.509,1.1046
15.573,15.52,0,0.010396,39.515,0
15.573,15.521,0,-0.002011,39.52,0
15.573,15.521,0,-0.0051994,39.525,0
15.409,15.521,-0.45302,-0.0077452,39.506,1.8366
15.359,15.52,-0.39521,-0.011168,39.502,1.7039
15.359,15.519,0,-0.014414,39.486,0.30676
15.359,15.517,0,-0.017333,39.47,0.29657
15.359,15.516,0,-0.018734,39.454,0.28942
15.23,15.514,-0.1709,-0.019817,39.403,1.1117
15.205,15.512,-0.14164,-0.021451,39.372,1.065
15.205,15.51,0,-0.021904,39.342,0.61858
15.205,15.507,0,-0.021997,39.311,0.61319
15.205,15.505,0,-0.022312,39.281,0.60717
15.173,15.503,-0.0094867,-0.023125,39.259,0.70026
15.173,15.501,0,-0.023529,39.226,0.66704
15.173,15.498,0,-0.023219,39.193,0.66232
15.167,15.496,0.053881,-0.023169,39.168,0.52989
15.174,15.494,0.05365,-0.022516,39.143,0.51067
15.174,15.492,0,-0.021402,39.111,0.64927
15.174,15.489,0,-0.021154,39.08,0.64489
15.174,15.487,0,-0.021048,39.048,0.64019
15.174,15.485,0,-0.020836,39.017,0.6358
15.174,15.483,0,-0.020469,38.986,0.63189
15.174,15.481,0,-0.020027,38.955,0.62828
15.208,15.479,0.083245,-0.019247,38.946,0.34285
15.208,15.477,0,-0.017887,38.919,0.54619
15.228,15.475,0.019202,-0.017538,38.911,0.44608
15.228,15.474,0,-0.017105,38.887,0.49241
15.239,15.472,-0.023929,-0.016603,38.868,0.53007
15.241,15.47,-0.047218,-0.016351,38.838,0.58614
15.241,15.469,0,-0.016415,38.815,0.45485
15.232,15.467,-0.077754,-0.016794,38.792,0.68773
15.223,15.465,-0.1137,-0.017284,38.775,0.8144
15.223,15.463,0,-0.017476,38.751,0.48051
15.223,15.462,0,-0.018029,38.727,0.47508
15.223,15.46,0,-0.018856,38.703,0.46884
15.18,15.458,-0.14044,-0.019934,38.693,0.98902
15.163,15.456,-0.14807,-0.020993,38.669,1.0506
15.163,15.454,0,-0.022201,38.64,0.58456
15.112,15.452,-0.32168,-0.024372,38.618,1.8729
15.112,15.449,0,-0.027255,38.584,0.67943
15.112,15.447,0,-0.029456,38.551,0.66691
14.991,15.444,-0.43529,-0.032663,38.513,2.7868
14.991,15.44,0,-0.036137,38.468,0.92748
14.991,15.437,0,-0.038767,38.423,0.91076
14.991,15.433,0,-0.041919,38.378,0.89195
14.991,15.429,0,-0.044589,38.334,0.87389
14.991,15.424,0,-0.047665,38.291,0.8541
14.718,15.419,-0.46505,-0.051309,38.131,3.7684
14.718,15.414,0,-0.054491,38.061,1.5055
14.618,15.409,-0.43633,-0.058174,37.99,3.89
14.618,15.403,0,-0.060633,37.911,1.7267
14.618,15.397,0,-0.062856,37.833,1.702
14.618,15.391,0,-0.065224,37.756,1.6763
14.618,15.384,0,-0.068246,37.679,1.6478
14.618,15.377,0,-0.071241,37.603,1.6188
14.618,15.37,0,-0.074018,37.527,1.5898
14.618,15.363,0,-0.076797,37.452,1.5603
14.618,15.355,0,-0.080953,37.378,1.5255
14.244,15.347,-0.45196,-0.083924,37.126,5.0599
14.244,15.339,0,-0.086531,37.016,2.523
14.154,15.33,-0.40549,-0.090262,36.911,4.9977
14.106,15.321,-0.35085,-0.093682,36.783,4.7673
14.106,15.312,0,-0.096409,36.662,2.82
14.106,15.302,0,-0.099929,36.542,2.7754
14.106,15.292,0,-0.10434,36.423,2.7263
13.884,15.282,-0.99648,-0.10988,36.287,11.21
13.884,15.271,0,-0.11714,36.148,3.2995
13.884,15.259,0,-0.12657,36.01,3.22
13.884,15.246,0,-0.1365,35.873,3.1361
13.402,15.233,-1.2857,-0.14766,35.651,17.145
13.402,15.218,0,-0.1582,35.469,4.5435
13.149,15.202,-1.2322,-0.16829,35.26,17.5
13.149,15.185,0,-0.17857,35.055,5.2229
13.149,15.167,0,-0.18851,34.852,5.1055
12.792,15.148,-1.2597,-0.19858,34.599,19.47
12.792,15.129,0,-0.21035,34.364,6.1662
12.792,15.108,0,-0.22265,34.131,6.017
12.792,15.085,0,-0.23457,33.901,5.8668
12.792,15.062,0,-0.24565,33.673,5.7184
12.156,15.037,-1.0792,-0.25706,33.265,19.387
12.156,15.012,0,-0.26806,32.978,7.8665
11.952,14.985,-0.86497,-0.27774,32.667,17.141
11.952,14.957,0,-0.28618,32.365,8.3655
11.952,14.928,0,-0.29517,32.066,8.1904
11.721,14.899,-0.70872,-0.30336,31.731,15.768
11.655,14.868,-0.72042,-0.31136,31.404,16.031
11.587,14.837,-0.72703,-0.31963,31.084,16.241
11.505,14.805,-0.70536,-0.32937,30.763,16.165
11.505,14.772,0,-0.33837,30.435,9.1237
11.505,14.739,0,-0.34713,30.11,8.9236
11.505,14.704,0,-0.35824,29.788,8.7064
11.205,14.668,-0.93903,-0.36898,29.39,19.747
11.205,14.631,0,-0.38086,29.046,9.5201
11.205,14.593,0,-0.39573,28.705,9.2596
11.205,14.554,0,-0.41204,28.368,8.9864
11.205,14.512,0,-0.42929,28.035,8.7035
10.628,14.469,-1.4848,-0.4483,27.562,30.278
10.628,14.425,0,-0.46945,27.18,10.52
10.628,14.378,0,-0.49304,26.803,10.155
10.148,14.328,-2.0376,-0.51979,26.355,44.189
10.148,14.276,0,-0.55046,25.939,11.426
9.7226,14.221,-2.3616,-0.58698,25.471,54.832
9.4952,14.163,-2.5433,-0.62443,25.019,61.446
9.2387,14.1,-2.6727,-0.66849,24.536,66.832
9.2387,14.033,0,-0.7165,24.053,13.259
9.2387,13.962,0,-0.76787,23.577,12.554
9.2387,13.885,0,-0.82656,23.108,11.79
9.2387,13.802,0,-0.88831,22.648,11.002
9.2387,13.713,0,-0.95319,22.196,10.192
9.2387,13.618,0,-1.0226,21.753,9.3567
9.2387,13.516,0,-1.0955,21.321,8.5102
6.9719,13.406,-2.7534,-1.1765,19.973,75.014
6.6966,13.289,-2.6723,-1.2619,19.314,72.105
6.4342,13.162,-2.5024,-1.3497,18.656,66.115
6.4342,13.027,0,-1.4413,17.99,16.256
6.4342,12.883,0,-1.5344,17.338,14.874
6.4342,12.73,0,-1.6269,16.701,13.511
6.4342,12.567,0,-1.7143,16.079,12.206
6.4342,12.396,0,-1.7992,15.475,10.949
6.4342,12.216,0,-1.8826,14.888,9.7439
6.4342,12.028,0,-1.9648,14.319,8.6019
5.3158,11.831,-0.75987,-2.0569,13.218,18.653
5.3158,11.625,0,-2.1467,12.577,10.248
5.3158,11.411,0,-2.2411,11.956,8.9538
5.1014,11.187,-0.6391,-2.3317,11.331,12.904
5.1014,10.953,0,-2.4242,10.734,7.3302
5.1014,10.711,0,-5.2,10.161,32.44
5.1014,10.191,0,-5.2,9.6259,32.382
5.1014,9.671,0,-5.2,9.143,31.316
5.1014,9.151,0,-5.2,8.712,30.25
5.1014,8.631,0,-5.2,8.3331,29.184
5.1014,8.111,0,-5.2,8.0061,28.118
5.1014,7.591,0,-5.2,7.7311,27.052
4.3336,7.071,-1.561,-5.2,7.2459,0.58361
4.3336,6.551,0,-5.2,6.9981,13.95
4.0195,6.031,-1.7351,-8.8,6.785,0
4.0195,5.151,0,-8.8,6.6278,0.35267
4.0195,4.271,0,-8.8,6.5587,0
4.0195,3.391,0,-8.8,6.5775,0
4.0195,2.511,0,1.658,6.6844,2.1838
4.0195,2.6768,0,0.31668,6.8269,0
4.0195,2.7085,0,-0.0684,6.9596,0
4.0195,2.7016,0,-0.18216,7.0911,0
4.0195,2.6834,0,-0.31771,7.2238,0
0.50093,2.6516,-7.2982,-8.8,6.1794,1.2534
-0.23605,1.7716,-7.7817,-0.30262,5.9702,19.831
-0.23605,1.7414,0,-8.8,5.7709,0
-0.23605,0.86138,0,-8.2169,5.6172,0
-0.23605,0.039686,0,-8.3275,5.5485,0
-0.23605,0,0,-9.5701,5.5626,0
-4.305,0,-8.2391,-10.256,4.5938,4.5867
-4.305,0,0,-11.169,4.2146,0
-4.305,0,0,-12.388,3.8399,0
-6.6862,0,-7.0201,-14.224,3.103,0
-7.3894,0,-6.3332,-17.373,2.4731,0
-7.3894,0,0,-23.552,1.821,0
-7.3894,0,0,-38.788,1.1998,0
-7.3894,0,0,-105.74,0.65482,0
-7.3894,0,0,-4671,0.44456,0
-7.3894,0,0,7.8,23.061,31.538
-10.186,0.78,-2.7416,7.8,21.365,44.631
-10.186,1.56,0,-0.21124,20.229,23.636
-10.186,1.5389,0,-0.2353,19.056,23.542
-10.186,1.5153,0,-0.2633,17.884,23.435
-10.186,1.489,0,-0.29681,16.715,23.31
-10.186,1.4593,0,-0.33731,15.549,23.164
-10.186,1.4256,0,-0.38627,14.387,22.992
-10.186,1.387,0,-0.4463,13.227,22.787
-10.186,1.3423,0,-0.51999,12.072,22.541
-12.005,1.2903,0.063372,-0.6122,9.954,25.836
-12.005,1.2291,0,-0.73236,8.6276,25.591
-12.005,1.1559,0,-0.89142,7.3079,25.106
-12.005,1.0668,0,-1.1124,5.9962,24.459
-11.745,0.95552,1.7729,-15.265,4.7335,0
-11.745,0,0,-16.575,3.5398,0
-11.745,0,0,-23.054,2.4482,0
-11.745,0,0,-38.279,1.389,0
-11.745,0,0,-95.46,0.40592,0
-11.745,0,0,-5778,-0.29124,0
-10.142,0,2.9169,7.8,27.878,31.051
-10.142,0.78,0,7.8,26.825,38.779
-9.5658,1.56,2.8665,7.8,25.762,33.174
-9.2779,2.34,2.8535,7.8,24.632,34.211
-9.2779,3.12,0,-0.35187,23.431,24.676
-8.6988,3.0848,2.8309,-0.36858,22.261,17.433
-8.4086,3.048,2.8539,-0.38641,21.1,16.677
-8.4086,3.0093,0,-0.40556,19.956,22.554
-8.4086,2.9688,0,-0.4256,18.816,22.429
-7.5319,2.9262,2.9406,-0.44684,17.801,14.321
-7.2453,2.8815,2.9183,-0.46961,16.77,13.641
-7.2453,2.8346,0,-0.49288,15.759,19.628
-6.6819,2.7853,2.6533,-0.51884,14.821,12.742
-6.4081,2.7334,2.4396,-0.54644,13.89,12.466
-6.4081,2.6787,0,-0.57684,12.978,17.416
-6.4081,2.6211,0,-0.61176,12.072,17.224
-6.4081,2.5599,0,-0.64989,11.173,17.019
-6.4081,2.4949,0,-0.69232,10.279,16.796
-5.344,2.4257,1.6509,-0.74165,9.6727,10.901
-5.344,2.3515,0,-0.79664,8.8994,14.102
-5.0261,2.2718,1.2237,-0.86006,8.1555,10.582
-4.9056,2.1858,0.97273,-0.93272,7.44,10.534
-4.8064,2.0925,0.81103,-1.0206,6.7335,10.294
-4.8064,1.9905,0,-1.1229,6.0487,11.574
-4.8064,1.8782,0,-8.8,5.3746,0
-4.5642,0.9982,0.53243,-8.8,4.7729,0
-4.5132,0.1182,0.37585,-8.8,4.2571,0
-4.5132,0,0,-8.8,3.838,0
-4.5132,0,0,-8.8,3.4307,0
-4.4677,0,-0.26987,-8.8,3.039,0
-4.4914,0,-0.32162,-8.8,2.626,0
-4.4914,0,0,-8.8,2.2208,0
-4.5674,0,-0.57961,-8.8,1.7939,0
-4.6222,0,-0.72449,-8.8,1.3705,0
-4.6946,0,-0.91017,-12.453,0.95464,0
-4.7761,0,-1.0838,-22.398,0.53511,0
-4.7761,0,0,-74.937,0.16949,0
-5.0143,0,-1.2322,-364.03,0.034652,0
-5.0143,0,0,-11.099,1.3534,0
-5.2783,0,-1.3874,-17.249,0.87824,0
-5.2783,0,0,-35.663,0.43665,0
-5.2783,0,0,-270.97,0.087133,0
-5.7307,0,-1.5035,-20.804,0.85079,0
-5.7307,0,0,-48.403,0.38174,0
-5.7307,0,0,-1719.6,0.050686,0
-6.1707,0,-1.4934,-1.4934,7.9913,12.65
-6.3233,0,-1.4902,-1.4902,7.3697,12.963
-6.3233,0,0,-1.4672,6.7448,9.8798
-6.3233,0,0,-1.4299,6.1198,9.9581
-6.3233,0,0,-1.3231,5.4946,10.183
-6.8784,0,-1.1085,-8.8,4.7482,0
-6.9951,0,-0.87669,-8.8,4.1009,0
-7.0856,0,-0.6546,-8.8,3.4509,0
-7.1472,0,-0.45313,-9.6238,2.7851,0
-7.1472,0,0,-12.609,2.1185,0
-7.2315,0,-0.31918,-18.308,1.4536,0
-7.2598,0,-0.27865,-32.404,0.8203,0
-7.2598,0,0,-108.31,0.25634,0
-7.2598,0,0,-496.65,0.071905,0
-7.3272,0,0.23787,-14.59,1.8104,0
-7.3124,0,0.48126,-22.593,1.1587,0
-7.2699,0,0.69366,-48.773,0.53421,0
-7.2699,0,0,-543.94,0.051086,0
-7.2699,0,0,-11.442,2.0438,0
-7.0277,0,0.89866,-16.757,1.3987,0
-7.0277,0,0,-29.724,0.77967,0
-6.8233,0,1.1396,-97.59,0.23578,0
-6.8233,0,0,-406.85,0.041404,0
-6.8233,0,0,-13.751,1.3933,0
-6.4407,0,1.6728,-22.731,0.84993,0
-6.4407,0,0,-58.979,0.31952,0
-6.1009,0,1.795,-2281.6,0.0081502,0
-6.1009,0,0,1.7912,10.806,16.271
-6.1009,0.17912,0,1.7758,10.187,16.606
-6.1009,0.35671,0,1.7766,9.5503,16.971
-5.398,0.53436,1.7754,1.7754,9.047,12.161
-5.398,0.7119,0,1.7314,8.4449,16.163
-5.398,0.88504,0,-0.26851,7.8252,12.316
-5.398,0.85819,0,1.6291,7.1983,16.248
-5.398,1.0211,0,-0.39536,6.5645,12.328
-4.5655,0.98156,1.5548,-0.42169,6.1417,7.2185
-4.4116,0.93939,1.5195,-0.45114,5.6048,6.8287
-4.2632,0.89427,1.4615,-8.8,5.0868,0
-4.2632,0.014273,0,-8.8,4.615,0
-4.2632,0,0,-8.8,4.2313,0
-3.8584,0,1.3222,-8.8,3.9127,0
-3.8584,0,0,-8.8,3.5708,0
-3.595,0,1.2337,-8.8,3.2568,0
-3.4696,0,1.1989,-8.8,2.9384,0
-3.3513,0,1.1118,-8.8,2.6345,0
-3.3513,0,0,-8.8,2.3434,0
-3.3513,0,0,-8.8,2.0522,0
-3.0516,0,0.85737,-8.8,1.8171,0
-3.0516,0,0,-8.8,1.5559,0
-3.0516,0,0,-8.8,1.2948,0
-2.7777,0,0.97613,-8.8,1.0659,0
-2.6803,0,0.9557,-8.8,0.83814,0
-2.581,0,0.95349,-8.8,0.61485,0
-2.4905,0,0.88012,-8.8,0.39804,0
-2.4114,0,0.835,-13.995,0.19606,0
-2.3199,0,0.8798,-81.588,0.03263,0
-2.2279,0,0.94829,-10.555,0.21574,0
-2.2279,0,0,-38.218,0.045727,0
-2.2279,0,0,-43.557,0.014031,0
-2.2279,0,0,-25.03,0.0090323,0
-2.2279,0,0,-205.09,-0.088601,0
-2.2279,0,0,-8.8,0.71406,0
-2.2279,0,0,-8.8,0.53527,0
-1.6882,0,0.55621,-8.8,0.57385,0
-1.6882,0,0,-8.8,0.44903,0
-1.6882,0,0,-8.8,0.32422,0
-1.5325,0,0.34192,-8.8,0.21318,0
-1.493,0,0.11731,-10.013,0.11002,0
-1.4876,0,-0.10386,-81.056,0.013669,0
-1.4876,0,0,-8.8,0.27018,0
-1.4876,0,0,-8.8,0.16542,0
-1.4876,0,0,-27.316,0.060655,0
-1.4876,0,0,-65.306,0.048469,0
-1.685,0,-0.38703,-8.8,0.19156,0
-1.685,0,0,-24.899,0.067065,0
