0,0,-0.24156,0,35.5,0.50757
0,0,0,7.8,35.5,59.103
-0.043742,0.78,-0.21527,7.8,35.447,61.244
-0.043742,1.56,0,7.8,35.326,62.39
-0.043742,2.34,0,7.8,35.127,63.989
-0.043742,3.12,0,7.8,34.849,65.588
-0.11663,3.9,-0.19814,7.8,34.483,67.753
-0.11663,4.68,0,7.8,34.042,68.936
-0.11663,5.46,0,7.8,33.523,70.535
-0.17914,6.24,-0.20906,6.7,32.924,70.39
-0.17914,6.91,0,6.7,32.249,71.324
-0.17914,7.58,0,6.7,31.507,72.697
-0.17914,8.25,0,-0.45278,30.697,59.041
-0.27207,8.2047,-0.20935,-0.47046,29.832,59.542
-0.27207,8.1577,0,-0.48878,28.987,58.967
-0.27207,8.1088,0,-0.50827,28.146,58.826
-0.34001,8.058,-0.20901,-0.52925,27.296,59.256
-0.34001,8.005,0,-0.55134,26.459,58.662
-0.34001,7.9499,0,-0.57495,25.627,58.499
-0.42241,7.8924,-0.19976,-0.60003,24.805,58.917
-0.42241,7.8324,0,-0.62739,23.977,58.317
-0.46181,7.7697,-0.19901,-0.65456,23.15,58.63
-0.48108,7.7042,-0.20696,-0.68438,22.332,58.489
-0.48108,7.6358,0,-0.71656,21.517,57.847
-0.52911,7.5641,-0.21746,-0.75174,20.703,58.181
-0.52911,7.4889,0,-0.78828,19.897,57.493
-0.52911,7.4101,0,-0.82838,19.099,57.248
-0.60325,7.3273,-0.21923,-0.87172,18.309,57.599
-0.61812,7.2401,-0.224,-0.91713,17.518,57.366
-0.61812,7.1484,0,-0.96589,16.737,56.605
-0.64647,7.0518,-0.21973,-1.0187,15.957,56.815
-0.67198,6.9499,-0.21924,-1.0769,15.19,56.535
-0.67198,6.8422,0,-1.1376,14.433,55.727
-0.67198,6.7285,0,-1.205,13.687,55.352
-0.67198,6.608,0,-1.2758,12.953,54.956
-0.67198,6.4804,0,-1.3544,12.231,54.529
-0.67198,6.345,0,-1.4384,11.523,54.075
-0.67198,6.2011,0,-1.5297,10.828,53.588
-0.80297,6.0482,-0.20075,-1.6261,10.128,53.763
-0.80297,5.8856,0,-1.7313,9.4509,52.786
-0.84352,5.7124,-0.21047,-1.8473,8.7928,52.713
-0.86598,5.5277,-0.21591,-1.9765,8.1356,52.12
-0.88162,5.3301,-0.2141,-8.8,7.5102,37.406
-0.88162,4.4501,0,-8.8,6.9331,35.152
-0.88162,3.5701,0,-8.8,6.4439,33.348
-0.88162,2.6901,0,-8.8,6.0427,31.544
-0.96651,1.8101,-0.20489,-8.8,5.7373,30.344
-0.96651,0.93005,0,-0.166,5.5036,46.252
-1.012,0.91345,-0.19773,-8.8,5.2973,28.584
-1.012,0.033451,0,-0.20393,5.1487,44.427
-1.0528,0.013057,-0.20019,-0.20019,5.0396,44.898
-1.0528,0,0,-8.8,4.934,26.38
-1.0842,0,-0.19794,-8.8,4.8634,26.86
-1.1001,0,-0.20333,-8.8,4.8029,26.904
-1.1001,0,0,-8.8,4.7369,26.477
-1.1383,0,-0.20691,-8.8,4.6703,26.99
-1.1649,0,-0.20558,-8.8,4.6045,27.042
-1.1649,0,0,-8.8,4.532,26.61
-1.2037,0,-0.21104,-8.8,4.4625,27.133
-1.2183,0,-0.20665,-8.8,4.3919,27.153
-1.2183,0,0,-8.8,4.3141,26.719
-1.2183,0,0,-8.8,4.2363,26.719
-1.2751,0,0.27053,-8.8,4.1601,26.267
-1.2531,0,0.69933,-8.8,4.0873,25.321
-1.1926,0,1.2016,-8.8,4.01,24.142
-1.1926,0,0,-8.8,3.9348,26.666
-1.1926,0,0,-8.8,3.8595,26.666
-1.1926,0,0,-8.8,3.7842,26.666
-1.1926,0,0,-8.8,3.709,26.666
-0.10747,0,3.0878,-8.8,3.8629,17.954
-0.10747,0,0,-8.8,3.8962,24.442
-0.10747,0,0,-8.8,3.9294,24.442
-0.10747,0,0,-8.8,3.9627,24.442
1.219,0,3.6785,-8.8,4.2412,2.2247
1.219,0,0,-8.8,4.4071,0
1.219,0,0,-8.8,4.573,0
1.219,0,0,-8.8,4.7389,0
2.7067,0,3.5204,3.5204,5.2143,0
2.7067,0.35204,0,3.4067,5.4674,11.024
3.399,0.69271,3.2404,3.2404,5.7466,0
3.399,1.0168,0,4.9,6.001,25.07
3.399,1.5068,0,4.9,6.2148,28.058
3.399,1.9968,0,4.9,6.3795,31.093
4.6805,2.4868,3.0914,4.9,6.771,0
4.6805,2.9768,0,3.9376,6.9659,19.452
4.6805,3.3705,0,3.1301,7.1165,14.129
4.6805,3.6835,0,2.7393,7.2319,12.371
5.89,3.9575,3.0639,2.5244,7.548,0
5.89,4.2099,0,2.384,7.7287,6.197
5.89,4.4483,0,2.2981,7.8848,6.6634
5.89,4.6781,0,2.2213,8.0174,7.16
5.89,4.9002,0,2.1614,8.1275,7.7501
5.89,5.1164,0,2.1323,8.2157,8.5517
5.89,5.3296,0,2.0907,8.2824,9.2534
7.8984,5.5387,2.8148,2.0632,9.034,0
8.1848,5.745,2.7216,2.0523,9.2644,0
8.1848,5.9502,0,2.0414,9.4982,1.6063
8.1848,6.1544,0,2.0123,9.7114,2.2283
8.1848,6.3556,0,1.9617,9.9044,2.7214
8.1848,6.5518,0,1.8691,10.077,2.9412
8.1848,6.7387,0,1.7504,10.231,2.966
8.1848,6.9137,0,1.6162,10.367,2.8545
8.1848,7.0753,0,1.4664,10.486,2.6102
9.1671,7.222,-0.30719,1.3215,11.195,0.56727
9.1433,7.3541,-0.31999,1.1961,11.374,0.54426
9.1161,7.4737,-0.021681,1.0826,11.54,0
9.1161,7.582,0,0.99691,11.699,0
9.1612,7.6817,1.1048,0.95437,11.858,0
9.1612,7.7771,0,0.95101,12.001,0
9.4272,7.8722,2.1589,0.98496,12.165,1.0301
9.6338,7.9707,2.4103,1.0438,12.324,1.9564
9.8848,8.0751,2.4092,1.1259,12.505,1.731
9.8848,8.1877,0,1.1923,12.68,0
9.8848,8.3069,0,1.2505,12.844,0
9.8848,8.432,0,1.287,12.995,0.47666
10.783,8.5607,2.1351,1.3274,13.326,0.15495
11.001,8.6934,2.1452,1.3643,13.56,0.13406
11.219,8.8299,2.1948,1.3972,13.791,0.29006
11.219,8.9696,0,1.4262,14.023,0
11.219,9.1122,0,1.4585,14.241,0
11.219,9.258,0,1.4816,14.444,0
12.094,9.4062,2.218,1.5068,14.811,0.29908
12.094,9.5569,0,1.5332,15.072,0
12.094,9.7102,0,1.5539,15.318,0
12.094,9.8656,0,1.5767,15.549,0
12.094,10.023,0,1.5852,15.764,0
12.094,10.182,0,1.5882,15.963,0.36654
13.369,10.341,1.9866,1.5996,16.547,0
13.369,10.501,0,1.6015,16.841,0
13.369,10.661,0,1.6096,17.12,0
13.369,10.822,0,1.6194,17.383,0
13.369,10.984,0,1.6153,17.63,0
14.298,11.145,0.92346,1.5924,18.113,0
14.298,11.304,0,1.5422,18.421,0
14.298,11.459,0,1.4728,18.712,0
14.298,11.606,0,1.3752,18.989,0
14.298,11.743,0,1.2801,19.251,0
14.298,11.871,0,1.1935,19.5,0
14.274,11.991,-0.37137,1.1042,19.785,0
14.231,12.101,-0.34705,1.0242,19.999,0
14.187,12.204,-0.27847,0.94904,20.209,0
14.156,12.299,-0.06348,0.88459,20.398,0
14.156,12.387,0,0.83449,20.579,0
14.152,12.47,0.45818,0.79477,20.748,0
14.152,12.55,0,0.77864,20.912,0
14.152,12.628,0,0.77538,21.068,0
14.152,12.705,0,0.79354,21.217,0
14.528,12.785,1.292,0.81305,21.424,0
14.654,12.866,1.2484,0.83096,21.592,0
14.773,12.949,1.1756,0.84523,21.782,0
14.773,13.034,0,0.85528,21.96,0
14.773,13.119,0,0.8677,22.13,0
14.773,13.206,0,0.87505,22.291,0
15.227,13.293,1.1676,0.88394,22.536,0
15.227,13.382,0,0.88982,22.725,0
15.458,13.471,1.2092,0.9023,22.933,0
15.458,13.561,0,0.91167,23.127,0
15.458,13.652,0,0.91872,23.312,0
15.458,13.744,0,0.93031,23.488,0
15.458,13.837,0,0.94055,23.655,0
16.063,13.931,1.2194,0.95165,23.954,0
16.183,14.026,1.2325,0.95928,24.168,0
16.183,14.122,0,0.96397,24.379,0
16.183,14.219,0,0.97354,24.581,0
16.183,14.316,0,0.97713,24.772,0
16.654,14.414,1.127,0.98302,25.051,0
16.654,14.512,0,0.98869,25.27,0
16.654,14.611,0,0.99489,25.48,0
16.997,14.71,1.1268,0.99302,25.728,0
16.997,14.81,0,0.99132,25.952,0
16.997,14.909,0,0.9942,26.165,0
16.997,15.008,0,0.99509,26.369,0
17.446,15.108,1.1319,1.0019,26.642,0
17.446,15.208,0,1.0018,26.87,0
17.446,15.308,0,0.98994,27.089,0
17.446,15.407,0,0.96639,27.298,0
17.697,15.504,-0.10014,0.92798,27.578,0
17.693,15.596,-0.34293,0.88452,27.798,0
17.693,15.685,0,0.83295,28.003,0
17.629,15.768,-0.49053,0.78042,28.191,0
17.629,15.846,0,0.72473,28.373,0
17.544,15.919,-0.45726,0.67815,28.534,0
17.493,15.987,-0.46031,0.62712,28.685,0
17.493,16.049,0,0.58324,28.832,0
17.411,16.108,-0.23117,0.54062,28.965,0
17.385,16.162,-0.04935,0.5064,29.09,0
17.385,16.212,0,0.48428,29.21,0
17.393,16.261,0.42155,0.46737,29.332,0
17.393,16.307,0,0.46525,29.443,0
17.393,16.354,0,0.47257,29.549,0
17.393,16.401,0,0.47917,29.651,0
17.393,16.449,0,0.48838,29.748,0
17.718,16.498,0.69254,0.50028,29.912,0
17.785,16.548,0.65813,0.50672,30.044,0
17.86,16.599,0.6077,0.51578,30.175,0
17.86,16.65,0,0.52157,30.299,0
17.86,16.702,0,0.52622,30.417,0
17.86,16.755,0,0.52322,30.53,0
17.86,16.807,0,0.51756,30.638,0
17.86,16.859,0,0.5091,30.741,0
18.142,16.91,0.23076,0.49976,30.962,0
18.159,16.96,0.10581,0.48582,31.091,0
18.159,17.009,0,0.47222,31.209,0
18.19,17.056,0.073067,0.45829,31.313,0
18.19,17.102,0,0.43867,31.424,0
18.19,17.146,0,0.4209,31.531,0
18.199,17.188,0.12839,0.40688,31.629,0
18.217,17.228,0.072262,0.39743,31.729,0
18.224,17.268,0.042367,0.38386,31.832,0
18.224,17.306,0.035034,0.36819,31.932,0
18.224,17.343,0.028665,0.3529,32.027,0
18.224,17.379,0,0.33769,32.113,0
18.224,17.412,0,0.3204,32.196,0
18.224,17.444,0,0.30974,32.276,0
18.21,17.475,-0.047289,0.29342,32.354,0
18.197,17.505,-0.052798,0.27608,32.418,0
18.197,17.532,0,0.25995,32.486,0
18.197,17.558,0,0.24707,32.551,0
18.197,17.583,0,0.23366,32.613,0
18.197,17.606,0,0.22287,32.674,0
18.197,17.629,0,0.2112,32.732,0
18.197,17.65,0,0.19993,32.787,0
18.152,17.67,-0.0716,0.19139,32.815,0
18.152,17.689,0,0.18365,32.862,0
18.152,17.707,0,0.1705,32.908,0
18.124,17.724,-0.019463,0.1583,32.952,0
18.126,17.74,-0.038854,0.15279,32.982,0
18.126,17.755,0,0.14681,33.02,0
18.126,17.77,0,0.14044,33.056,0
18.118,17.784,0.0067514,0.13228,33.08,0
18.118,17.797,0,0.12887,33.112,0
18.125,17.81,-0.012764,0.12461,33.16,0
18.125,17.823,0,0.11698,33.191,0
18.125,17.834,0,0.11188,33.221,0
18.125,17.846,0,0.099775,33.249,0
18.125,17.856,0,0.090926,33.277,0
18.08,17.865,-0.13915,0.084981,33.296,0.06662
18.065,17.873,-0.12996,0.07595,33.322,0.070869
18.065,17.881,0,0.065659,33.341,0
18.044,17.887,-0.082813,0.061985,33.355,0
18.044,17.894,0,0.053108,33.37,0
18.044,17.899,0,0.051152,33.385,0
18.044,17.904,0,0.04255,33.399,0
17.992,17.908,-0.10385,0.033009,33.405,0.13972
17.992,17.912,0,0.028119,33.413,0
17.974,17.914,-0.16277,0.02372,33.407,0.33251
17.974,17.917,0,0.01374,33.413,0
17.974,17.918,0,0.0033718,33.419,0
17.974,17.918,0,-0.0014156,33.424,0
17.974,17.918,0,-0.0040433,33.43,0
17.974,17.918,0,-0.0077725,33.436,0
17.974,17.917,0,-0.0097902,33.441,0
17.974,17.916,0,-0.013185,33.447,0
17.974,17.915,0,-0.016701,33.453,0
17.721,17.913,-0.40159,-0.020635,33.334,1.7924
17.675,17.911,-0.42031,-0.025347,33.322,2.0036
17.675,17.909,0,-0.030289,33.298,0.43203
17.588,17.905,-0.43564,-0.034235,33.267,2.313
17.588,17.902,0,-0.039665,33.235,0.59304
17.481,17.898,-0.47898,-0.04512,33.194,2.8406
17.481,17.894,0,-0.049298,33.152,0.79971
17.481,17.889,0,-0.053649,33.111,0.77563
17.481,17.883,0,-0.058475,33.07,0.74941
17.294,17.877,-0.45921,-0.063528,33.002,3.227
17.244,17.871,-0.52215,-0.068495,32.94,3.7462
17.244,17.864,0,-0.073236,32.878,1.2436
17.244,17.857,0,-0.079063,32.816,1.2064
17.078,17.849,-0.56493,-0.085083,32.725,4.4972
17.078,17.84,0,-0.09065,32.648,1.562
16.961,17.831,-0.50247,-0.09678,32.55,4.3988
16.961,17.822,0,-0.10112,32.463,1.7926
16.961,17.812,0,-0.10522,32.378,1.7502
16.961,17.801,0,-0.10975,32.293,1.7056
16.961,17.79,0,-0.11394,32.21,1.6613
16.961,17.779,0,-0.11818,32.127,1.6161
16.961,17.767,0,-0.12383,32.046,1.5655
16.961,17.755,0,-0.12888,31.966,1.5159
16.961,17.742,0,-0.13426,31.887,1.4645
16.528,17.728,-0.47365,-0.13899,31.631,5.2629
16.528,17.714,0,-0.14309,31.512,2.569
16.528,17.7,0,-0.1468,31.394,2.5115
16.528,17.685,0,-0.15166,31.277,2.4488
16.528,17.67,0,-0.15617,31.162,2.3867
16.294,17.655,-0.70958,-0.16227,30.986,7.6768
16.294,17.638,0,-0.17007,30.851,2.9374
16.154,17.621,-0.87876,-0.17719,30.719,9.7103
16.07,17.604,-0.90877,-0.18657,30.562,10.288
16.07,17.585,0,-0.19763,30.409,3.3535
16.07,17.565,0,-0.20731,30.259,3.2485
16.07,17.544,0,-0.21771,30.11,3.1387
16.07,17.523,0,-0.23028,29.964,3.0182
16.07,17.5,0,-0.24191,29.819,2.8999
16.07,17.475,0,-0.2526,29.678,2.7838
16.07,17.45,0,-0.26431,29.538,2.6625
16.07,17.424,0,-0.27698,29.402,2.5364
16.07,17.396,0,-0.29162,29.268,2.4021
16.07,17.367,0,-0.30608,29.136,2.2675
16.07,17.336,0,-0.31813,29.008,2.1407
16.07,17.304,0,-0.33147,28.883,2.0095
16.07,17.271,0,-0.34593,28.761,1.8747
16.07,17.237,0,-0.36381,28.643,1.7299
16.07,17.2,0,-0.38774,28.528,1.5684
16.07,17.162,0,-0.41821,28.417,1.3918
16.07,17.12,0,-0.45362,28.31,1.208
16.07,17.074,0,-0.49677,28.207,1.0159
16.07,17.025,0,-0.54501,28.109,0.82865
16.07,16.97,0,-0.59884,28.016,0.6541
16.07,16.91,0,-0.65921,27.929,0.50312
16.07,16.844,0,-0.72522,27.849,0.39206
16.07,16.772,0,-0.79991,27.775,0.34174
11.523,16.692,-4.5578,-0.88418,24.005,182.55
11.063,16.604,-4.7782,-0.97744,23.478,206.07
11.063,16.506,0,-1.081,22.929,13.566
11.063,16.398,0,-1.1929,22.39,12.282
11.063,16.278,0,-1.3131,21.862,10.959
9.1415,16.147,-5.0981,-1.4462,20.96,37.947
9.1415,16.002,0,-1.5956,20.267,16.348
8.1181,15.843,-5.2792,-1.7598,19.501,36.833
7.5905,15.667,-5.234,-1.9448,18.719,36.043
7.5905,15.472,0,-2.154,17.921,16.936
7.5905,15.257,0,-2.3637,17.143,14.444
7.5905,15.021,0,-2.5627,16.388,12.165
6.0148,14.764,-1.5764,-2.7536,15.309,38.2
6.0148,14.489,0,-2.9352,14.448,14.091
6.0148,14.196,0,-3.0968,13.615,11.956
6.0148,13.886,0,-3.2616,12.813,10.032
5.5912,13.56,-1.0877,-3.4402,11.955,17.882
5.4732,13.216,-0.9309,-4.4,11.161,8.9168
5.4732,12.776,0,-4.4,10.409,7.872
5.4732,12.336,0,-4.4,9.7006,8.4088
5.4732,11.896,0,-5.2,9.0363,21.338
5.3137,11.376,0.75861,-5.2,8.359,34.685
5.3137,10.856,0,-5.2,7.7788,33.644
5.4796,10.336,0.96828,-5.2,7.27,52.982
5.4796,9.8157,0,-5.2,6.8104,39.286
5.666,9.2957,0.89599,-5.2,6.4255,54.32
5.666,8.7757,0,-5.2,6.0885,41.67
5.8574,8.2557,0.90291,-5.2,5.8182,57.239
5.8574,7.7357,0,-5.2,5.6044,44.78
5.8574,7.2157,0,-5.2,5.4426,43.714
5.8574,6.6957,0,-5.2,5.3327,42.648
5.8574,6.1757,0,-5.2,5.2749,41.582
5.8574,5.6557,0,-8.8,5.2691,32.952
5.8574,4.7757,0,-8.8,5.3332,31.148
5.8574,3.8957,0,-8.8,5.4854,29.344
5.8574,3.0157,0,-8.8,5.7256,27.54
6.685,2.1357,0.90913,4.9,6.4462,3.6615
6.685,2.6257,0,4.9,6.8766,15.251
6.685,3.1157,0,4.9,7.2581,18.048
6.685,3.6057,0,4.9,7.5905,20.906
6.685,4.0957,0,3.8233,7.8739,13.437
6.685,4.478,0,3.0664,8.1138,8.9373
7.2377,4.7846,0.94262,2.5924,8.4938,0
7.2377,5.0439,0,2.2672,8.7261,3.1462
7.2377,5.2706,0,2.0234,8.9341,2.5456
7.2377,5.4729,0,1.8369,9.1207,2.2304
7.2377,5.6566,0,1.6912,9.288,2.0965
7.2377,5.8257,0,1.5805,9.4377,2.1113
7.2377,5.9838,0,1.4926,9.571,2.2132
7.2377,6.133,0,1.4074,9.6889,2.2974
7.9807,6.2738,0.93707,1.3356,10.075,0
7.9807,6.4073,0,1.2789,10.239,0.056149
8.1617,6.5352,0.91386,1.2236,10.407,0
8.2552,6.6576,0.92921,1.1804,10.56,0
8.3446,6.7756,0.93153,1.1415,10.727,0
8.4369,6.8898,0.93995,1.109,10.885,0
8.4369,7.0007,0,1.0815,11.034,0
8.4369,7.1088,0,1.0581,11.172,0
8.4369,7.2146,0,1.0433,11.3,0.14615
8.8297,7.3189,0.92842,1.0276,11.493,0
8.8297,7.4217,0,1.008,11.639,0
9.0184,7.5225,0.94889,0.99494,11.8,0
9.0184,7.622,0,0.97551,11.945,0
9.0184,7.7195,0,0.96654,12.08,0
9.0184,7.8162,0,0.95735,12.205,0
9.396,7.9119,0.92441,0.94819,12.4,0
9.396,8.0068,0,0.93843,12.544,0
9.396,8.1006,0,0.93322,12.678,0
9.6802,8.1939,0.92478,0.92437,12.847,0
9.6802,8.2864,0,0.91825,12.991,0
9.6802,8.3782,0,0.90691,13.126,0
9.6802,8.4689,0,0.8984,13.252,0
9.6802,8.5587,0,0.88706,13.369,0
10.111,8.6474,0.87563,0.8741,13.585,0
10.198,8.7348,0.88287,0.86791,13.737,0
10.285,8.8216,0.85773,0.86197,13.884,0
10.377,8.9078,0.86542,0.85932,14.027,0
10.377,8.9937,0,0.85056,14.17,0
10.377,9.0788,0,0.84138,14.304,0
10.623,9.1629,0.89856,0.83799,14.478,0
10.623,9.2467,0,0.84129,14.62,0
10.623,9.3309,0,0.83551,14.754,0
10.623,9.4144,0,0.83531,14.879,0
10.623,9.498,0,0.83372,14.995,0
10.623,9.5813,0,0.8365,15.104,0
10.623,9.665,0,0.83639,15.204,0.11177
10.623,9.7486,0,0.83397,15.295,0.34485
10.623,9.832,0,0.8342,15.379,0.59379
10.623,9.9154,0,0.8277,15.454,0.82085
10.623,9.9982,0,0.82513,15.52,1.0673
11.622,10.081,0.8584,0.82914,16.103,0
11.622,10.164,0,0.82528,16.253,0
11.622,10.246,0,0.81878,16.395,0
11.622,10.328,0,0.82041,16.528,0
11.622,10.41,0,0.81845,16.653,0
11.622,10.492,0,0.8127,16.77,0
11.622,10.573,0,0.8112,16.879,0
11.622,10.654,0,0.81309,16.98,0
11.622,10.736,0,0.80594,17.073,0.20211
12.377,10.816,0.86117,0.80289,17.481,0
12.377,10.897,0,0.80426,17.633,0
12.554,10.977,0.85253,0.80428,17.799,0
12.554,11.057,0,0.8009,17.953,0
12.732,11.137,0.90017,0.80591,18.102,0
12.817,11.218,0.89355,0.80449,18.26,0
12.817,11.298,0,0.80589,18.416,0
12.817,11.379,0,0.81197,18.563,0
12.817,11.46,0,0.81236,18.703,0
12.817,11.542,0,0.81652,18.835,0
13.267,11.623,0.87876,0.81039,19.073,0
13.267,11.704,0,0.80556,19.233,0
13.267,11.785,0,0.80356,19.386,0
13.517,11.865,0.84336,0.80502,19.566,0
13.602,11.946,0.88607,0.80447,19.735,0
13.681,12.026,0.87951,0.80089,19.906,0
13.761,12.106,0.87769,0.798,20.077,0
13.761,12.186,0,0.79857,20.238,0
13.941,12.266,0.87227,0.80239,20.418,0
13.941,12.346,0,0.80649,20.581,0
14.127,12.427,0.78554,0.80821,20.751,0
14.202,12.508,0.72124,0.80248,20.914,0
14.283,12.588,0.74972,0.79994,21.087,0
