0,0,0.0057119,0,35.5,0
0,0,0,7.8,35.5,59.103
0,0.78,0,7.8,35.461,63.94
0,1.56,0,7.8,35.344,68.834
-0.0079829,2.34,0.01017,7.8,35.161,70.428
-0.00069338,3.12,0.0089304,7.8,34.893,72.014
-0.00069338,3.9,0,7.8,34.541,73.632
0.0021914,4.68,0.00060222,7.8,34.115,107.73
0.011744,5.46,-0.0046335,7.8,33.612,113.47
0.011744,6.24,0,6.7,33.028,104.95
0.011744,6.91,0,6.7,32.372,109.81
0.02342,7.58,-0.0012467,6.7,31.658,114.63
0.026428,8.25,-0.0017139,-0.43394,30.87,34.325
0.020616,8.2066,-0.0026609,-0.44901,30.05,33.961
0.023965,8.1617,-0.0076787,-0.4643,29.236,33.589
0.028608,8.1153,-0.010728,-0.48047,28.42,33.165
0.018414,8.0672,-0.014722,-0.49845,27.608,32.594
0.018414,8.0174,0,-0.51638,26.806,32.138
0.018346,7.9657,-0.015898,-0.53563,26.011,31.622
0.025129,7.9122,-0.01637,-0.555,25.228,31.102
0.019975,7.8567,-0.012377,-0.57689,24.435,30.597
0.019975,7.799,0,-0.59861,23.655,30.042
0.025611,7.7391,-0.0046234,-0.62257,22.883,29.491
0.022633,7.6769,-0.0034517,-0.6476,22.121,28.892
0.019485,7.6121,-0.0041621,-0.67426,21.362,28.292
0.018112,7.5447,-0.0043137,-0.70213,20.614,27.651
0.016146,7.4745,-0.0036087,-0.73211,19.865,26.972
0.016146,7.4013,0,-0.76304,19.123,26.225
0.016146,7.325,0,-0.79569,18.389,25.496
0.016146,7.2454,0,-0.83239,17.662,24.717
0.016146,7.1622,0,-0.87043,16.943,23.914
0.016146,7.0751,0,-0.91075,16.233,23.078
0.016146,6.984,0,-0.95447,15.531,22.2
0.016146,6.8886,0,-1.0001,14.839,21.294
0.012807,6.7886,0.0023437,-1.0487,14.154,20.343
0.012807,6.6837,0,-1.0978,13.481,19.412
0.020987,6.5739,0.004929,-1.1526,12.826,18.308
0.020987,6.4587,0,-1.2101,12.176,17.318
0.032318,6.3376,0.008929,-1.2715,11.527,16.105
0.032318,6.2105,0,-1.3346,10.902,15.101
0.046167,6.077,0.013704,-1.4032,10.283,13.797
0.046167,5.9367,0,-1.4748,9.6867,12.778
0.046167,5.7892,0,-1.5452,9.105,11.667
0.050455,5.6347,0.002269,-1.6236,8.5503,10.495
0.050455,5.4723,0,-1.7004,8,9.4144
0.050455,5.3023,0,-8.8,7.4663,0
0.050455,4.4223,0,-8.8,6.9851,0
0.050455,3.5423,0,-8.8,6.5919,0
0.071549,2.6623,0.0063096,-8.8,6.2881,0
0.063384,1.7823,-0.0019669,-0.2535,6.0735,3.7676
0.063384,1.757,0,-0.25869,5.9029,3.6522
0.057189,1.7311,-0.010194,-8.8,5.731,0
0.05075,0.85109,-0.013251,-0.013251,5.609,1.9969
0.05075,0.84977,0,-0.012141,5.529,1.945
0.049369,0.84855,-0.0039157,-0.0039157,5.4603,1.9924
0.049369,0.84816,0,-8.8,5.3804,0
0.037388,0,0.001961,0.001961,5.3587,0
0.037388,0.0001961,0,-0.0013286,5.3624,0
0.037388,6.3231e-05,0,-0.0041472,5.3661,0
0.037388,0,0,-0.0062672,5.3699,0
0.044619,0,-0.0053276,-0.0053276,5.3725,0
0.044619,0,0,-0.0027442,5.3769,0
0.05316,0,0.0047826,0.0047826,5.3814,0
0.05316,0.00047826,0,0.006663,5.3867,0
0.042318,0.0011446,0.0080761,0.0080761,5.3968,0
0.04367,0.0019522,0.006431,0.006431,5.391,0
0.04367,0.0025953,0,0.0024347,5.3951,0
0.04367,0.0028387,0,-0.0029796,5.3992,0
0.040394,0.0025408,-0.0039204,-0.0039204,5.4016,0
0.040394,0.0021487,0,-0.0050994,5.4054,0
0.050433,0.0016388,-0.0011007,-0.0011007,5.4077,0
0.050433,0.0015287,0,-0.00016041,5.4126,0
0.050433,0.0015127,0,0.00031366,5.4175,0
0.052134,0.0015441,-0.0036816,-0.0036816,5.4095,0
0.052134,0.0011759,0,-0.010026,5.4146,0
0.045057,0.00017332,-0.014261,-0.014261,5.4083,0
0.052069,0,-0.012147,-0.012147,5.4189,0
0.052069,0,0,-0.0079115,5.4242,0
0.052069,0,0,-0.0046229,5.4295,0
0.052069,0,0,0.0019619,5.4347,0
0.052069,0.00019619,0,0.0026725,5.4399,0
0.038867,0.00046343,0.0036143,0.0036143,5.4455,0
0.038867,0.00082486,0,0.0029081,5.4494,0
0.038867,0.0011157,0,0.0033821,5.4532,0
0.038867,0.0014539,0,0.0024335,5.4569,0
0.038867,0.0016972,0,0.01192,5.4606,0
0.037258,0.0028892,0.012866,0.012866,5.4531,0
0.037258,0.0041758,0,0.014739,5.4564,0
0.033195,0.0056497,0.013087,0.013087,5.4567,0
0.033195,0.0069584,0,0.016232,5.4594,0
0.029074,0.0085816,0.0060349,0.0060349,5.464,0
0.029074,0.0091851,0,0.007438,5.466,0
0.029074,0.0099289,0,0.0062646,5.4679,0
0.012719,0.010555,0.011441,0.011441,5.4698,0
0.012719,0.011699,0,0.0073658,5.47,0.013507
0.012719,0.012436,0,0.012415,5.4701,0.025885
0.009261,0.013677,0.0079528,0.0079528,5.4563,0.0090655
0.0059123,0.014473,0.0080199,0.0080199,5.454,0.017593
0.011042,0.015275,0.0014358,0.0014358,5.4513,0.0086873
0.013796,0.015418,0.0016653,0.0016653,5.4479,0.0033267
0.013796,0.015585,0,0.0047131,5.4478,0.013648
0.013796,0.016056,0,0.0061297,5.4476,0.017644
0.013796,0.016669,0,-0.0045264,5.4473,0
0.015825,0.016217,-0.0019523,-0.0019523,5.4622,0.0008019
0.015825,0.016021,0,-0.0064068,5.4622,0
0.015825,0.015381,0,-0.011453,5.4622,0
0.015825,0.014235,0,-0.010051,5.4623,0
0.015825,0.01323,0,0.00088168,5.4625,0
-0.015927,0.013318,0.0013577,0.0013577,5.4405,0.059953
-0.015927,0.013454,0,0.010994,5.4375,0.083332
-0.015927,0.014553,0,0.0095939,5.4346,0.082644
-0.013876,0.015513,0.0037089,0.0037089,5.442,0.060247
-0.013876,0.015884,0,-0.00039439,5.4391,0.060178
-0.013876,0.015844,0,0.00031744,5.4361,0.061593
-0.013876,0.015876,0,-0.0074457,5.4331,0.045346
-0.013876,0.015131,0,-0.0074445,5.4302,0.043822
-0.013876,0.014387,0,-0.0022719,5.4273,0.053165
-0.024533,0.01416,0.001017,0.001017,5.4182,0.079321
-0.024533,0.014262,0,-0.00015961,5.4143,0.079194
-0.040414,0.014246,0.00077314,0.00077314,5.4196,0.11205
-0.040414,0.014323,0,0.0021826,5.4142,0.1168
-0.040414,0.014541,0,0.00054836,5.4087,0.11381
-0.040414,0.014596,0,-0.004854,5.4032,0.10257
-0.065441,0.014111,-0.0034446,-0.0034446,5.4068,0.16308
-0.065441,0.013766,0,-0.0027396,5.3988,0.15662
-0.065441,0.013492,0,-0.0062731,5.3909,0.14863
-0.057428,0.012865,-0.0034481,-0.0034481,5.395,0.1441
-0.057428,0.01252,0,-0.0010986,5.388,0.14109
-0.057428,0.01241,0,-0.00086472,5.381,0.14135
-0.052893,0.012324,0.0010193,0.0010193,5.3737,0.1337
-0.045566,0.012426,0.0038513,0.0038513,5.3577,0.11888
-0.054118,0.012811,-0.0029725,-0.0029725,5.3531,0.1372
-0.054491,0.012513,-0.0039274,-0.0039274,5.3422,0.13736
-0.058283,0.012121,-0.0038367,-0.0038367,5.3367,0.14433
-0.058283,0.011737,0,-0.0040137,5.3296,0.13511
-0.058283,0.011336,0,-0.0051982,5.3226,0.1318
-0.066031,0.010816,-0.00073878,-0.00073878,5.3299,0.15754
-0.067617,0.010742,0.0037407,0.0037407,5.3319,0.16064
-0.076247,0.011116,0.002946,0.002946,5.3287,0.17909
-0.081044,0.011411,0.0024185,0.0024185,5.3184,0.18953
-0.081044,0.011653,0,0.0026465,5.3091,0.19559
-0.081044,0.011917,0,-0.00017763,5.2998,0.1902
-0.075245,0.011899,-0.0037996,-0.0037996,5.2971,0.17865
-0.072793,0.011519,-0.0042691,-0.0042691,5.2903,0.17284
-0.072793,0.011093,0,-0.0020877,5.2819,0.16758
-0.073912,0.010884,0.0011072,0.0011072,5.2731,0.17383
-0.073912,0.010994,0,0.0058134,5.2646,0.18627
-0.06433,0.011576,0.0080359,0.0080359,5.2714,0.15561
-0.06433,0.012379,0,0.011313,5.2638,0.18102
-0.06433,0.013511,0,0.013817,5.2561,0.18861
-0.06433,0.014892,0,0.0057169,5.2482,0.17442
-0.06433,0.015464,0,0.0032698,5.2403,0.17045
-0.06433,0.015791,0,0.0021052,5.2323,0.16867
-0.06433,0.016002,0,-0.0016591,5.2243,0.16119
-0.06433,0.015836,0,-0.01694,5.2162,0.12874
-0.06433,0.014142,0,-0.0082339,5.2083,0.14357
-0.079801,0.013318,-0.014512,-0.014512,5.2255,0.19089
-0.089425,0.011867,-0.016412,-0.016412,5.2205,0.20765
-0.089425,0.010226,0,-0.015477,5.2104,0.17176
-0.089425,0.0086782,0,-0.0030768,5.2005,0.19465
-0.089425,0.0083706,0,-0.0031171,5.1907,0.19393
-0.089425,0.0080589,0,0.0041955,5.181,0.20866
-0.10556,0.0084784,0.0032405,0.0032405,5.1701,0.23377
-0.10556,0.0088025,0,0.0023384,5.1586,0.23935
-0.11846,0.0090363,0.0012229,0.0012229,5.149,0.26136
-0.11846,0.0091586,0,0.0012915,5.1363,0.26432
-0.11846,0.0092877,0,-0.0029328,5.1235,0.25571
-0.11846,0.0089945,0,-0.0026931,5.1107,0.25561
-0.11846,0.0087251,0,-0.0060965,5.098,0.24791
-0.11846,0.0081155,0,-0.0081973,5.0853,0.24225
-0.11846,0.0072958,0,-0.015545,5.0727,0.22513
-0.11204,0.0057412,-0.014368,-0.014368,5.0482,0.24146
-0.11049,0.0043044,-0.01531,-0.01531,5.0362,0.23533
-0.11875,0.0027735,-0.0085642,-0.0085642,5.0176,0.24913
-0.11875,0.001917,0,-0.0033332,5.0055,0.24037
-0.11875,0.0015837,0,-8.8,4.9934,0
-0.12173,0,0.22886,0.22886,5.0217,0.24955
-0.12173,0.022886,0,0.38327,5.0084,1.1018
-0.062106,0.061212,0.52427,-8.8,5.0022,0
-0.0060591,0,0.64519,0.64519,5.0423,0.012422
0.055818,0.064519,0.75815,0.75815,5.0416,0.017872
0.055818,0.14033,0,-8.8,5.0369,0
0.055818,0,0,1.796,5.0725,9.3941
0.055818,0.1796,0,2.567,5.0691,16.825
0.055818,0.4363,0,-8.8,5.0438,0
0.055818,0,0,3.5644,5.0498,25.405
0.055818,0.35644,0,3.0095,5.0376,21.988
0.055818,0.65739,0,1.4422,4.9924,9.8134
1.8126,0.8016,-0.59776,-0.59776,5.5388,0
1.8126,0.74183,0,-2.5794,5.6429,0
1.4842,0.48389,-4.0469,-4.0469,5.7291,0
1.4842,0.079196,0,-4.4911,5.8494,0
0.62603,0,-3.5403,-3.5403,5.9368,0
0.62603,0,0,-2.1539,6.0171,0
0.053686,0,-0.84928,-0.84928,6.0107,0
0.053686,0,0,0.26076,6.0203,0.56988
0.00981,0.026076,0.74746,0.74746,6.0111,0.03347
0.00981,0.10082,0,0.50765,6.0058,1.9405
0.13398,0.15159,0.18357,0.18357,5.9936,0.036268
0.13398,0.16994,0,0.034051,5.9909,0.15191
0.14214,0.17335,-0.12645,-0.12645,5.994,0.063987
0.12925,0.16071,-0.14039,-0.14039,5.995,0.06449
0.11694,0.14667,0.039018,0.039018,5.9855,0.061466
0.12292,0.15057,0.22925,0.22925,5.9841,0.057089
0.1447,0.17349,0.38566,0.38566,5.9749,0.059458
0.19222,0.21206,0.51489,0.51489,5.9764,0.040859
0.19222,0.26355,0,0.6138,5.9718,2.3675
0.19222,0.32493,0,0.65569,5.9616,2.784
0.35125,0.3905,0.64438,0.64438,5.9694,0.081193
0.41732,0.45493,0.62768,0.62768,5.9585,0.077791
0.41732,0.5177,0,0.62835,5.9516,2.5366
0.41732,0.58054,0,0.76775,5.9384,3.4813
0.41732,0.65731,0,1.0338,5.9182,5.3471
0.41732,0.7607,0,1.4249,5.8891,8.4755
0.87033,0.90319,1.8092,-0.002413,5.9392,2.4879
1.0544,0.90294,2.1058,1.8883,5.9479,0
1.2577,1.0918,2.1724,1.5103,5.9681,0
1.2577,1.2428,0,1.7339,5.9771,9.1132
1.7006,1.4162,2.0642,1.6901,6.0213,0
1.9155,1.5852,2.1039,1.6346,6.0582,0
1.9155,1.7487,0,1.5969,6.0831,7.394
2.3547,1.9084,2.1667,1.6397,6.1375,0
2.5688,2.0723,1.9142,1.5986,6.1785,0
2.5688,2.2322,0,1.5168,6.2201,6.0798
2.892,2.3839,0.62429,1.3135,6.2782,0.77562
2.892,2.5152,0,1.0247,6.3224,2.8927
2.892,2.6177,0,0.71263,6.355,1.6867
2.8589,2.689,-1.4712,0.3641,6.3736,6.2684
2.7039,2.7254,-2.1149,-0.0046036,6.3841,5.9435
2.493,2.7249,-2.6977,-0.049909,6.3776,7.2216
2.2328,2.7199,-3.1889,-8.8,6.348,0
2.2328,1.8399,0,0.28896,6.3433,0
2.2328,1.8688,0,-0.044911,6.3811,0
2.2328,1.8643,0,-0.099744,6.4177,0
0.80855,1.8543,-3.6997,-0.15614,6.1868,9.9259
0.44201,1.8387,-3.7431,-0.21389,6.0587,10.558
0.44201,1.8173,0,-8.8,5.9201,0
0.44201,0.93734,0,-0.10052,5.8266,0.85289
-0.69118,0.92729,-3.9561,-0.13443,5.608,11.397
-0.69118,0.91385,0,-8.8,5.4469,0
-1.4753,0.033848,-3.7814,-3.7814,5.2494,3.1424
-1.4753,0,0,-3.507,5.1174,0
-2.2023,0,-3.3013,-8.8,4.9216,0
-2.5301,0,-3.15,-8.8,4.7209,0
-2.8499,0,-3.0414,-8.8,4.5033,0
-3.1572,0,-3.3057,-8.8,4.2372,0
-3.1572,0,0,-8.8,3.9654,0
-3.1572,0,0,-8.8,3.6937,0
-3.1572,0,0,-8.8,3.422,0
-4.6379,0,-4.3777,-8.8,2.8697,0.26419
-4.6379,0,0,-9.8247,2.4499,0
-5.5178,0,-4.4579,-12.275,1.9475,0
-5.9693,0,-4.3176,-16.652,1.4445,0
-5.9693,0,0,-26.539,0.93079,0
-5.9693,0,0,-65.4,0.46655,0
-5.9693,0,0,9.8,1.2015,32.878
-5.9693,0.98,0,-170.76,0.55555,0
-5.9693,0,0,-159.17,0.71443,0
-8.1526,0,-2.7579,-171.95,0.19642,0
-8.1526,0,0,-154.25,0.24091,0
-8.5969,0,-0.67836,-255.36,0.1451,0
-8.6563,0,0.41398,-66.409,0.56067,0
-8.6154,0,1.4786,-1554.1,0.023857,0
-8.6154,0,0,1.9385,6.9329,21.783
-8.2603,0.19385,1.7922,1.7922,6.0821,17.38
-8.2603,0.37306,0,1.6573,5.2278,21.229
-8.2603,0.53879,0,-8.8,4.3561,0
-8.2603,0,0,-8.8,3.5202,0
-8.2603,0,0,-8.9729,2.7382,0
-8.2603,0,0,-12.101,1.957,0
-8.2603,0,0,-17.886,1.1915,0
-7.3281,0,0.44447,-32.255,0.82114,0
-7.2744,0,0.10316,-102.11,0.25887,0
-7.2744,0,0,-514.99,0.041953,0
-7.2813,0,-0.36796,-14.329,1.8987,0
-7.3277,0,-0.48195,-22.121,1.2407,0
-7.3277,0,0,-44.432,0.61853,0
-7.433,0,-0.60881,-286.75,0.096542,0
-7.4842,0,-0.65919,-36.834,0.77419,0
-7.4842,0,0,-145.4,0.20994,0
-7.4842,0,0,-179.57,0.1885,0
-7.7057,0,-0.79309,-99.665,0.30028,0
-7.7057,0,0,-1170.3,0.02803,0
-7.8789,0,-0.89848,-0.89848,5.1036,16.2
-7.8789,0,0,-8.8,4.3202,0
-7.8789,0,0,-10.081,3.5763,0
-7.8789,0,0,-12.734,2.8388,0
-8.2618,0,-0.87749,-17.47,2.0569,0
-8.2618,0,0,-27.244,1.3181,0
-8.2618,0,0,-57.947,0.62814,0
-8.5314,0,-1.0442,-517.43,0.070476,0
-8.6324,0,-1.1681,-21.83,1.8033,0
-8.6324,0,0,-37.794,1.0492,0
-8.6324,0,0,-113.76,0.37493,0
-8.9983,0,-1.2601,-1597.5,0.025363,0
-9.1194,0,-1.213,-1.213,7.1012,18.744
-9.2396,0,-1.223,-1.223,6.1837,18.99
-9.2396,0,0,-1.2588,5.2659,16.345
-9.4925,0,-1.359,-11.774,4.3258,0
-9.4925,0,0,-15.06,3.4355,0
-9.4925,0,0,-20.619,2.5615,0
-9.4925,0,0,-32.211,1.7153,0
-9.4925,0,0,-67.297,0.92715,0
-9.4925,0,0,-529.38,0.31438,0
-9.4925,0,0,-35.874,2.012,0
-10.87,0,-2.8772,-76.441,0.80303,0
-11.152,0,-2.9873,-752.71,0.082945,0
-11.152,0,0,-27.256,2.7313,0
-11.758,0,-3.0005,-44.208,1.6775,0
-11.758,0,0,-107.01,0.72276,0
-11.758,0,0,-14144,0.081989,0
-11.758,0,0,7.8,69.627,40.543
