20.556,20.556,0.19433,0,35.5,0
20.556,20.556,0,0.0083292,35.5,0.017676
20.556,20.556,0,0.012311,35.5,0.027983
20.616,20.558,0.17682,0.019152,35.511,0
20.629,20.56,0.15342,0.023134,35.521,0
20.629,20.562,0,0.024146,35.528,0
20.646,20.564,0.1411,0.026944,35.532,0
20.669,20.567,0.14711,0.033812,35.547,0
20.669,20.57,0,0.03986,35.558,0
20.669,20.574,0,0.044413,35.567,0
20.714,20.579,0.14096,0.044874,35.588,0
20.723,20.583,0.13276,0.046357,35.598,0
20.723,20.588,0,0.05008,35.612,0
20.723,20.593,0,0.050573,35.625,0
20.723,20.598,0,0.053551,35.638,0
20.723,20.603,0,0.053969,35.65,0
20.723,20.609,0,0.057096,35.662,0
20.723,20.614,0,0.057181,35.673,0
20.723,20.62,0,0.063543,35.684,0
20.723,20.626,0,0.065344,35.694,0
20.723,20.633,0,0.06797,35.703,0
20.723,20.64,0,0.074522,35.712,0
20.723,20.647,0,0.078425,35.72,0.013058
20.894,20.655,0.11747,0.078981,35.831,0
20.894,20.663,0,0.078269,35.854,0
20.894,20.671,0,0.080508,35.877,0
20.894,20.679,0,0.081655,35.899,0
20.948,20.687,0.15602,0.086247,35.944,0
20.948,20.696,0,0.091841,35.97,0
20.948,20.705,0,0.097581,35.995,0
21.016,20.715,0.20539,0.099692,36.03,0
21.016,20.725,0,0.10201,36.06,0
21.016,20.735,0,0.10059,36.089,0
21.06,20.745,0.13091,0.10423,36.137,0
21.06,20.755,0,0.10843,36.168,0
21.087,20.766,0.14824,0.10624,36.211,0
21.087,20.777,0,0.10749,36.242,0
21.122,20.787,0.23074,0.11076,36.268,0
21.152,20.799,0.19728,0.11681,36.304,0
21.162,20.81,0.077891,0.1163,36.345,0
21.162,20.822,0,0.1164,36.379,0
21.172,20.834,-0.14802,0.11191,36.413,0
21.172,20.845,0,0.10656,36.447,0
21.172,20.855,0,0.097297,36.479,0
21.113,20.865,-0.30502,0.081891,36.484,0.49457
21.09,20.873,-0.26447,0.071706,36.498,0.40238
21.09,20.88,0,0.057297,36.519,0
21.09,20.886,0,0.048807,36.54,0
21.09,20.891,0,0.037785,36.56,0
21.09,20.895,0,0.022892,36.58,0
21.09,20.897,0,0.0078371,36.599,0
21.09,20.898,0,-0.0038697,36.618,0
21.09,20.898,0,-0.011332,36.638,0
20.693,20.896,-1.1449,-0.022155,36.532,7.3261
20.586,20.894,-1.2763,-0.03366,36.502,9.2568
20.586,20.891,0,-0.046764,36.471,0.55248
20.586,20.886,0,-0.061669,36.441,0.50373
20.586,20.88,0,-0.077696,36.411,0.45036
20.036,20.872,-1.2565,-0.09207,36.301,11.419
20.036,20.863,0,-0.10595,36.218,1.6834
19.784,20.852,-0.92296,-0.11856,36.098,8.6296
19.784,20.841,0,-0.12737,35.992,2.2488
19.784,20.828,0,-0.13533,35.887,2.1818
19.784,20.814,0,-0.141,35.783,2.1218
19.508,20.8,-0.61146,-0.14605,35.635,6.647
19.438,20.786,-0.65388,-0.15313,35.5,7.1972
19.438,20.77,0,-0.16062,35.366,2.9387
19.438,20.754,0,-0.16832,35.234,2.857
19.438,20.737,0,-0.17635,35.103,2.7725
19.438,20.72,0,-0.18189,34.974,2.6967
19.438,20.702,0,-0.18921,34.847,2.613
19.438,20.683,0,-0.1948,34.721,2.5348
18.979,20.663,-0.52239,-0.20016,34.419,7.2827
18.933,20.643,-0.50946,-0.20466,34.25,7.2604
18.933,20.623,0,-0.21069,34.08,3.8588
18.933,20.602,0,-0.21673,33.912,3.7613
18.933,20.58,0,-0.22244,33.746,3.6643
18.703,20.558,-0.56388,-0.22896,33.53,8.1962
18.639,20.535,-0.63685,-0.2359,33.343,8.9871
18.639,20.511,0,-0.24184,33.155,4.3253
18.513,20.487,-0.65624,-0.24967,32.961,9.4344
18.513,20.462,0,-0.25758,32.765,4.5094
18.513,20.436,0,-0.26563,32.571,4.3816
18.303,20.41,-0.61957,-0.27355,32.358,9.5425
18.303,20.382,0,-0.28031,32.149,4.8472
18.185,20.354,-0.66594,-0.28744,31.913,10.184
18.185,20.326,0,-0.29616,31.697,4.9839
18.035,20.296,-0.782,-0.3057,31.465,11.684
18.035,20.265,0,-0.315,31.24,5.205
18.035,20.234,0,-0.32391,31.019,5.0471
18.035,20.202,0,-0.33458,30.8,4.8791
18.035,20.168,0,-0.34752,30.585,4.6985
18.035,20.133,0,-0.36165,30.374,4.5106
18.035,20.097,0,-0.37769,30.166,4.3122
18.035,20.059,0,-0.3948,29.961,4.1076
17.235,20.02,-1.076,-0.41251,29.501,17.182
17.126,19.979,-0.94687,-0.42852,29.213,15.716
17.126,19.936,0,-0.44301,28.93,6.6402
16.938,19.891,-0.73871,-0.45619,28.641,13.536
16.873,19.846,-0.72425,-0.46622,28.338,13.392
16.873,19.799,0,-0.47803,28.043,6.8846
16.873,19.751,0,-0.48969,27.752,6.6363
16.873,19.702,0,-0.502,27.467,6.3836
16.873,19.652,0,-0.51515,27.186,6.1258
16.457,19.601,-1.1397,-0.53312,26.809,19.007
16.457,19.547,0,-0.55297,26.497,7.0842
16.457,19.492,0,-0.57266,26.191,6.7616
16.095,19.435,-1.3392,-0.59621,25.842,22.639
15.97,19.375,-1.3316,-0.61886,25.51,22.682
15.97,19.313,0,-0.64605,25.173,7.5171
15.97,19.249,0,-0.67307,24.842,7.1132
15.97,19.181,0,-0.70219,24.517,6.6979
15.97,19.111,0,-0.73219,24.2,6.279
15.215,19.038,-1.8796,-0.76982,23.702,34.415
15.215,18.961,0,-0.81241,23.323,8.1094
15.215,18.88,0,-0.85335,22.953,7.5569
15.215,18.794,0,-0.89414,22.59,7.0092
14.472,18.705,-2.0052,-0.9403,22.076,38.192
14.472,18.611,0,-0.99005,21.657,8.596
14.472,18.512,0,-1.0397,21.248,7.9224
14.472,18.408,0,-1.0925,20.85,7.2423
14.472,18.299,0,-1.1443,20.461,6.5819
14.472,18.184,0,-1.1904,20.084,5.9671
13.419,18.065,-1.3036,-1.2323,19.378,23.408
13.419,17.942,0,-1.2748,18.92,8.4178
13.169,17.815,-1.2799,-1.3176,18.438,22.104
13.046,17.683,-1.2829,-1.361,17.971,21.631
13.046,17.547,0,-1.4065,17.514,7.6141
13.046,17.406,0,-1.4545,17.071,6.8785
13.046,17.261,0,-1.4989,16.643,6.1892
13.046,17.111,0,-1.5438,16.229,5.5326
12.419,16.956,-1.2785,-1.5944,15.677,18.508
12.419,16.797,0,-1.6435,15.231,6.0725
12.419,16.633,0,-1.6952,14.802,5.3781
12.419,16.463,0,-1.7475,14.389,4.7392
12.419,16.288,0,-1.8018,13.993,4.1633
12.419,16.108,0,-1.8648,13.615,3.6544
11.569,15.922,-1.9058,-1.9424,13.015,24.038
11.569,15.727,0,-4.4,12.59,27.661
11.569,15.287,0,-4.4,12.196,35.502
10.946,14.847,-2.315,-4.4,11.748,4.567
10.946,14.407,0,-4.4,11.38,41.194
10.946,13.967,0,-4.4,11.055,53.42
10.946,13.527,0,-4.4,10.775,69.873
10.946,13.087,0,-4.4,10.539,92.53
10.946,12.647,0,-4.4,10.347,124.82
9.4852,12.207,-2.4363,-4.4,9.7554,0
9.4852,11.767,0,-5.2,9.5052,301.44
8.9967,11.247,-2.2214,-5.2,9.2594,0
8.9967,10.727,0,-5.2,9.0603,591.03
8.9967,10.207,0,-5.2,8.9133,656.93
8.4093,9.6874,-1.6415,-5.2,8.7274,0
8.4093,9.1674,0,-5.2,8.6256,308.18
8.4093,8.6474,0,-5.2,8.5758,307.11
8.4093,8.1274,0,-5.2,8.5779,306.05
8.4093,7.6074,0,-5.2,8.6321,304.98
8.4093,7.0874,0,0.25595,8.7383,0
7.3492,7.113,-2.349,0.12988,8.5799,27.685
7.124,7.126,-2.6336,-0.00073962,8.5858,36.597
6.8694,7.1259,-2.7432,-0.09566,8.5737,41.263
6.5928,7.1163,-3.0269,-5.2,8.532,0
6.2813,6.5963,-3.1767,-0.10988,8.4898,12.793
5.9593,6.5854,-3.1105,-0.21963,8.4502,12.746
5.651,6.5634,-3.1123,-0.32396,8.3703,12.738
5.651,6.531,0,-0.43181,8.2807,0.89667
5.651,6.4878,0,-5.2,8.1948,36.598
5.651,5.9678,0,-0.42778,8.1372,0
4.4475,5.925,-3.0164,-8.8,7.8597,0
4.1395,5.045,-2.9789,-0.27538,7.7396,10.616
4.1395,5.0175,0,-0.36385,7.6504,1.0456
3.5489,4.9811,-2.9569,-0.45217,7.5032,10.76
3.5489,4.9359,0,-8.8,7.3622,0
3.5489,4.0559,0,-0.29647,7.2675,0.42254
3.5489,4.0263,0,-0.37789,7.2183,0.23916
2.3683,3.9885,-2.9803,-8.8,6.9214,0
2.3683,3.1085,0,-0.23286,6.8033,1.0683
1.7659,3.0852,-2.9007,-0.30043,6.6843,9.1731
1.4767,3.0551,-2.9892,-0.36969,6.5296,9.597
1.4767,3.0182,0,-8.8,6.3736,0
0.86528,2.1382,-3.1019,-0.22057,6.2049,9.1217
0.54742,2.1161,-3.2288,-0.27935,6.0618,9.788
0.54742,2.0882,0,-8.8,5.9063,0
0.54742,1.2082,0,-0.14079,5.7963,1.1386
0.54742,1.1941,0,-8.8,5.7309,0
0.54742,0.31409,0,-3.4141,5.7102,0
0.54742,0,0,-3.298,5.7506,0
0.54742,0,0,-2.9921,5.8219,0
-1.7571,0,-2.6334,-2.6334,5.0837,3.7923
-2.0163,0,-2.3426,-8.8,4.9107,0
-2.0163,0,0,-8.8,4.7531,0
-2.4484,0,-1.4798,-8.8,4.5463,0
-2.4484,0,0,-8.8,4.3455,0
-2.4484,0,0,-8.8,4.1446,0
-2.8003,0,-0.41967,-8.8,3.8927,0
-2.837,0,-0.0020149,-8.8,3.6479,0
-2.837,0,0,-8.8,3.4082,0
-2.837,0,0,-8.8,3.1685,0
-2.837,0,0,-8.8,2.9288,0
-2.6687,0,0.79136,-8.8,2.7243,0
-2.5926,0,0.84193,-8.8,2.4968,0
-2.5083,0,0.88931,-8.8,2.2881,0
-2.5083,0,0,-8.8,2.0812,0
-2.5083,0,0,-8.8,1.8744,0
-2.5083,0,0,-8.8,1.6676,0
-2.1091,0,1.0407,-8.8,1.537,0
-2.1091,0,0,-8.8,1.37,0
-1.8985,0,0.85407,-8.8,1.2148,0
-1.8985,0,0,-8.8,1.0689,0
-1.8985,0,0,-8.8,0.92306,0
-1.8985,0,0,-8.8,0.77721,0
-1.8985,0,0,-8.8,0.63136,0
-1.4618,0,0.68511,-8.8,0.59179,0
-1.3963,0,0.6204,-8.8,0.48345,0
-1.328,0,0.57935,-8.8,0.39685,0
-1.328,0,0,-8.8,0.30805,0
-1.328,0,0,-8.8,0.21925,0
-1.1663,0,0.52903,-8.8,0.16101,0
-1.1102,0,0.51086,-8.8,0.095813,0
-1.061,0,0.5192,-13.329,0.040647,0
-1.0111,0,0.52392,-114.45,0.0044458,0
-1.0111,0,0,-8.8,0.4756,0
-1.0111,0,0,-8.8,0.41849,0
-0.83398,0,0.51674,-8.8,0.39478,0
-0.77232,0,0.47116,-8.8,0.35186,0
-0.77232,0,0,-8.8,0.31863,0
-0.77232,0,0,-8.8,0.2854,0
-0.77232,0,0,-8.8,0.25216,0
-0.6325,0,0.12424,-8.8,0.23703,0
-0.61724,0,0.045247,-8.8,0.21846,0
-0.61451,0,0.024901,-8.8,0.19229,0
-0.61451,0,0,-8.8,0.17484,0
-0.61451,0,0,-8.8,0.15739,0
-0.61451,0,0,-8.8,0.13994,0
-0.60732,0,0.098833,-8.8,0.10695,0
-0.5901,0,0.10768,-8.8,0.089551,0
-0.5901,0,0,-8.8,0.074541,0
-0.5536,0,0.21416,-8.8,0.077908,0
-0.54065,0,0.2332,-8.8,0.07213,0
-0.51049,0,0.23635,-8.8,0.05396,0
-0.51049,0,0,-8.8,0.046911,0
-0.47336,0,0.35062,-8.8,0.041524,0
-0.47336,0,0,-8.8,0.038188,0
-0.40462,0,0.31762,-8.8,0.037212,0
-0.40462,0,0,-8.8,0.04075,0
-0.40462,0,0,-8.8,0.044288,0
-0.30942,0,0.32007,-8.8,0.069061,0
-0.27721,0,0.31551,-8.8,0.076222,0
-0.25316,0,0.3329,-8.8,0.096254,0
-0.20992,0,0.32312,-8.8,0.11802,0
-0.20992,0,0,-8.8,0.14103,0
-0.20992,0,0,-8.8,0.16404,0
-0.13962,0,0.13887,-8.8,0.21944,0
-0.13962,0,0,-8.8,0.24948,0
-0.12225,0,0.010393,-8.8,0.27082,0
-0.12225,0,0,-8.8,0.30259,0
-0.12225,0,0,-8.8,0.33437,0
-0.11732,0,-0.10657,-8.8,0.37668,0
-0.11732,0,0,-8.8,0.40895,0
-0.13867,0,-0.15888,-8.8,0.43691,0
-0.13867,0,0,-8.8,0.46705,0
-0.13867,0,0,-8.8,0.49718,0
-0.18621,0,-0.36751,-8.8,0.52178,0
-0.18621,0,0,-8.8,0.54716,0
-0.18621,0,0,-8.8,0.57254,0
-0.18621,0,0,-8.8,0.59792,0
-0.18621,0,0,-8.8,0.6233,0
-0.18621,0,0,-8.8,0.64868,0
-0.18621,0,0,-8.8,0.67406,0
-0.18621,0,0,-8.8,0.69944,0
-0.18621,0,0,-8.8,0.72482,0
-0.18621,0,0,-8.8,0.7502,0
-0.18621,0,0,-8.8,0.77557,0
-0.18621,0,0,-11.014,0.80095,0
-0.18621,0,0,-44.898,0.8374,0
-0.18621,0,0,-49.475,1.0433,0
-0.18621,0,0,-59.534,1.272,0
-0.18621,0,0,-55.424,1.5511,0
-0.18621,0,0,-114.49,1.8096,0
-0.18621,0,0,-25.523,2.3634,0
-3.8701,0,-3.4004,-237.36,0.03201,0
-3.8701,0,0,-14.344,0.83178,0
-3.8701,0,0,-26.673,0.51649,0
-4.8791,0,-3.4084,-115.65,0.10605,0
-5.2256,0,-3.4315,-75.675,0.189,0
-5.2256,0,0,-843.8,0.044805,0
-5.9161,0,-3.3526,-8.8,3.6686,0.87179
-6.2509,0,-3.241,-9.5549,3.0943,0
-6.5822,0,-3.0553,-11.718,2.5005,0
-6.8925,0,-2.8277,-15.478,1.8776,0
-6.8925,0,0,-23.17,1.2658,0
-6.8925,0,0,-45.066,0.69238,0
-7.6504,0,-1.9851,-262.07,0.11252,0
-7.6504,0,0,-49.195,0.65784,0
-7.6504,0,0,-299.8,0.13878,0
-7.6504,0,0,-43.375,0.87275,0
-8.3727,0,-1.7675,-186.51,0.18973,0
-8.3727,0,0,-131.4,0.28499,0
-8.3727,0,0,-470,0.10471,0
-8.3727,0,0,-27.641,1.6174,0
-8.3727,0,0,-55.238,0.91838,0
-9.2946,0,-1.6069,-332.05,0.13071,0
-9.4571,0,-1.133,-54.103,0.84423,0
-9.4571,0,0,-291.33,0.16903,0
-9.4571,0,0,-69.429,0.67995,0
-9.4571,0,0,-914.72,0.081384,0
-9.4571,0,0,-11.598,3.7093,0
-9.4571,0,0,-15.188,2.8215,0
-9.3759,0,1.0383,-21.794,1.9251,0
-9.3759,0,0,-37.994,1.0965,0
-9.1409,0,1.3005,-115.39,0.35802,0
-9.0035,0,1.1205,-1332.5,0.030393,0
-9.0035,0,0,0.78589,5.7923,20.299
-8.8118,0.078589,0.078265,-8.8,4.9066,0
-8.8118,0,0,-10.475,4.0616,0
-8.9073,0,-1.685,-13.986,3.225,0
-9.069,0,-2.2329,-19.34,2.4039,0
-9.3008,0,-2.5774,-29.763,1.591,0
-9.3008,0,0,-59.07,0.80973,0
-9.3008,0,0,-349.95,0.175,0
-10.034,0,-2.0832,-57.733,0.90452,0
-10.251,0,-1.7005,-308.07,0.1715,0
-10.251,0,0,-81.576,0.68674,0
-10.251,0,0,-1254,0.069519,0
-10.61,0,-0.2621,-0.2621,5.2577,21.94
-10.61,0,0,-13.475,4.198,0
-10.641,0,0.29206,-17.405,3.1992,0
-10.641,0,0,-24.897,2.2221,0
-10.641,0,0,-42.578,1.2825,0
-10.641,0,0,-119.1,0.43126,0
-10.641,0,0,-35879,-0.037333,0
-10.641,0,0,7.8,178.29,38.394
-10.641,0.78,0,7.8,177.19,39.993
-10.641,1.56,0,7.8,176.01,41.592
-10.641,2.34,0,7.8,174.75,43.191
-10.162,3.12,0.68465,7.8,173.62,42.369
-10.09,3.9,0.70321,7.8,172.25,43.781
-10.024,4.68,0.68867,7.8,170.81,45.277
-10.024,5.46,0,7.8,169.3,48.323
-10.024,6.24,0,6.7,167.71,47.61
-9.8196,6.91,0.57524,6.7,166.07,47.356
-9.8196,7.58,0,6.7,164.36,49.938
-9.8196,8.25,0,6.7,162.59,51.311
-9.8196,8.92,0,6.7,160.75,52.685
-9.6139,9.59,0.29359,6.7,158.88,53.02
-9.6139,10.26,0,6.7,156.92,55.01
-9.6139,10.93,0,6.7,154.9,56.384
-9.5509,11.6,-0.049265,6.7,152.84,57.731
-9.5509,12.27,0,4.8,150.69,55.009
-9.57,12.75,-0.17304,4.8,148.48,56.396
-9.57,13.23,0,4.8,146.23,57.016
-9.57,13.71,0,4.8,143.92,58
-9.648,14.19,-0.41889,4.8,141.55,60.024
-9.648,14.67,0,4.8,139.15,60.128
-9.648,15.15,0,4.8,136.69,61.112
-9.648,15.63,0,4.8,134.19,62.096
-9.648,16.11,0,4.8,131.63,63.08
-9.648,16.59,0,4.8,129.03,64.064
-9.8814,17.07,-0.27075,4.8,126.3,66.095
-9.9126,17.55,-0.23898,4.8,123.57,67.077
-9.9441,18.03,-0.21785,4.8,120.79,68.081
-9.9441,18.51,0,4.8,117.97,68.607
-9.9441,18.99,0,4.8,115.1,69.591
-10.011,19.47,-0.19541,4.8,112.16,71.123
-10.011,19.95,0,4.8,109.19,71.696
-10.011,20.43,0,4.8,106.17,72.68
-10.011,20.91,0,4.8,103.1,73.664
-10.011,21.39,0,4.8,99.985,74.648
-10.011,21.87,0,4.8,96.821,75.632
-10.011,22.35,0,4.8,93.609,76.616
-10.182,22.83,-0.39097,4.8,90.27,78.772
-10.182,23.31,0,4.8,86.945,78.935
-10.182,23.79,0,4.8,83.572,79.919
-10.182,24.27,0,4.8,80.151,80.903
-10.379,24.75,-0.82415,4.8,76.642,84.022
-10.463,25.23,-0.92458,4.8,73.101,85.389
-10.463,25.71,0,4.8,69.508,84.43
-10.463,26.19,0,4.8,65.866,85.414
-10.776,26.67,-1.2115,4.8,62.142,89.587
-10.776,27.15,0,4.8,58.373,88.025
-10.776,27.63,0,-2.944,54.556,72.737
-11.152,27.336,-1.3747,-3.2706,50.659,75.106
-11.152,27.009,0,-3.6603,46.827,70.728
-11.429,26.643,-1.4096,-4.1255,42.992,72.531
-11.572,26.23,-1.3809,-4.6918,39.194,70.728
-11.71,25.761,-1.3387,-5.3858,35.437,68.501
-11.842,25.222,-1.1733,-6.2526,31.718,65.5
-11.956,24.597,-1.0008,-7.3552,28.039,61.772
-12.065,23.861,-0.84724,-7.84,24.425,59.147
-12.065,23.077,0,-7.84,20.872,55.759
-12.065,22.293,0,-7.84,17.397,54.152
-12.302,21.509,-0.61919,-41.603,13.947,0
-12.302,17.349,0,-41.638,10.774,0
-12.302,13.185,0,-41.734,8.0169,0
-12.5,9.0119,-0.97536,-41.812,5.6658,0
-12.5,4.8307,0,-41.917,3.7237,0
-12.5,0.63897,0,-42.136,2.2003,0
-12.5,0,0,-79.69,1.0971,0
-12.954,0,-1.2033,-517.48,0.16252,0
-12.954,0,0,-59.734,1.4545,0
-12.954,0,0,-195,0.45776,0
-12.954,0,0,-813.55,0.13734,0
-12.954,0,0,-31.657,2.9097,0
-13.376,0,-0.37489,-53.98,1.6689,0
-13.421,0,-0.26982,-148.67,0.6069,0
-13.444,0,-0.2757,-30718,0.0029418,0
-13.444,0,0,7.8,152.25,44.139
-13.497,0.78,-0.38322,7.8,150.86,46.652
-13.537,1.56,-0.45012,7.8,149.39,48.474
-13.583,2.34,-0.50042,7.8,147.83,50.274
-13.583,3.12,0,7.8,146.2,50.822
-13.691,3.9,-0.43372,7.8,144.47,53.552
-13.691,4.68,0,7.8,142.68,54.24
-13.691,5.46,0,7.8,140.8,55.839
-13.691,6.24,0,6.7,138.85,55.126
-13.817,6.91,-0.12757,6.7,136.79,57.028
-13.817,7.58,0,6.7,134.68,58.133
-13.817,8.25,0,6.7,132.51,59.507
-13.817,8.92,0,6.7,130.27,60.88
-13.817,9.59,0,6.7,127.96,62.254
-13.876,10.26,-0.090406,6.7,125.58,63.936
-13.876,10.93,0,6.7,123.14,65.12
-13.91,11.6,-0.083611,6.7,120.61,66.74
-13.91,12.27,0,4.8,118.03,63.946
-13.934,12.75,0.0077425,4.8,115.38,64.962
-13.934,13.23,0,4.8,112.69,65.962
-13.934,13.71,0,4.8,109.95,66.946
-13.934,14.19,0,4.8,107.16,67.93
-13.898,14.67,0.5362,4.8,104.31,67.714
-13.842,15.15,0.67103,4.8,101.43,68.3
-13.842,15.63,0,4.8,98.506,70.694
-13.842,16.11,0,4.8,95.535,71.678
-13.616,16.59,0.75797,4.8,92.546,70.607
-13.531,17.07,0.72644,4.8,89.506,71.483
-13.531,17.55,0,4.8,86.422,73.993
-13.39,18.03,0.65801,4.8,83.305,73.305
-13.323,18.51,0.65908,4.8,80.137,74.148
-13.248,18.99,0.67158,4.8,76.928,74.952
-13.183,19.47,0.67325,4.8,73.674,75.799
-13.183,19.95,0,4.8,70.385,78.198
-13.183,20.43,0,4.8,67.047,79.182
