21.667,21.667,0.30727,0,35.5,0
21.667,21.667,0,0.008701,35.5,0.018473
21.731,21.668,0.33034,0.019252,35.508,0
21.731,21.669,0,0.027941,35.514,0
21.731,21.672,0,0.038309,35.52,0
21.839,21.676,0.40577,0.049413,35.527,0
21.871,21.681,0.407,0.057602,35.545,0
21.912,21.687,0.40098,0.068358,35.57,0
21.912,21.694,0,0.077387,35.593,0
21.912,21.701,0,0.08668,35.614,0
22.021,21.71,0.39336,0.09431,35.65,0
22.053,21.719,0.38748,0.10103,35.684,0
22.083,21.73,0.39028,0.10729,35.721,0
22.127,21.74,0.3897,0.11728,35.764,0
22.127,21.752,0,0.1269,35.803,0
22.127,21.765,0,0.13445,35.839,0
22.127,21.778,0,0.13963,35.875,0
22.275,21.792,0.35288,0.14662,35.938,0
22.312,21.807,0.29939,0.15325,35.995,0
22.312,21.822,0,0.16059,36.045,0
22.376,21.838,0.23112,0.16309,36.093,0
22.376,21.854,0,0.16495,36.146,0
22.376,21.871,0,0.16751,36.197,0
22.431,21.888,0.052972,0.16492,36.254,0
22.431,21.904,0,0.15984,36.308,0
22.431,21.92,0,0.15763,36.359,0
22.431,21.936,0,0.15737,36.41,0
22.431,21.952,0,0.15453,36.458,0
22.458,21.967,0.07931,0.14906,36.513,0
22.467,21.982,0.0033239,0.14719,36.567,0
22.463,21.997,-0.054062,0.14151,36.624,0
22.463,22.011,0,0.13658,36.67,0
22.454,22.025,-0.074578,0.13043,36.706,0
22.438,22.038,-0.11264,0.12163,36.747,0
22.432,22.05,-0.10999,0.11617,36.793,0
22.432,22.061,0,0.10668,36.831,0
22.432,22.072,0,0.097495,36.867,0
22.382,22.082,-0.16963,0.091183,36.876,0
22.382,22.091,0,0.086064,36.906,0
22.382,22.1,0,0.076232,36.934,0
22.382,22.107,0,0.069367,36.962,0
22.382,22.114,0,0.060183,36.989,0
22.382,22.12,0,0.04842,37.016,0
22.382,22.125,0,0.038137,37.042,0
22.382,22.129,0,0.032202,37.067,0
22.211,22.132,-0.19332,0.023999,37.042,0.37802
22.189,22.134,-0.15482,0.016526,37.042,0.30277
22.189,22.136,0,0.014177,37.048,0
22.189,22.137,0,0.013782,37.053,0
22.178,22.139,0.076131,0.011955,37.06,0
22.179,22.14,0.10162,0.011723,37.057,0
22.179,22.141,0,0.011464,37.061,0
22.191,22.142,0.043865,0.014675,37.062,0
22.194,22.144,0.038041,0.015083,37.066,0
22.194,22.145,0,0.016834,37.071,0
22.194,22.147,0,0.014157,37.075,0
22.194,22.148,0,0.013471,37.08,0
22.193,22.15,0.051386,0.013041,37.097,0
22.193,22.151,0,0.013783,37.101,0
22.193,22.152,0,0.017671,37.106,0
22.193,22.154,0,0.019824,37.109,0
22.193,22.156,0,0.021902,37.113,0
22.193,22.158,0,0.027422,37.117,0
22.193,22.161,0,0.024832,37.12,0
22.23,22.164,-0.16928,0.020204,37.135,0.3258
22.23,22.166,0,0.011878,37.142,0
22.23,22.167,0,0.0041061,37.148,0
22.153,22.167,-0.266,-0.0016454,37.142,0.77918
22.153,22.167,0,-0.0055757,37.141,0.017779
22.153,22.167,0,-0.0059765,37.14,0.015791
22.107,22.166,0.083103,-0.0066287,37.122,0
22.114,22.165,0.12072,-0.0057679,37.117,0
22.114,22.165,0,-0.0036217,37.112,0.09676
22.114,22.164,0,-0.0018828,37.107,0.099841
22.142,22.164,-0.018983,-0.0024704,37.111,0.081281
22.142,22.164,0,-0.002988,37.109,0.038083
22.142,22.164,0,-0.004421,37.107,0.034406
22.142,22.163,0,-0.0049485,37.104,0.032371
22.142,22.163,0,-0.0040038,37.102,0.033361
22.142,22.162,0,-0.00405,37.1,0.032436
22.142,22.162,0,-0.0045782,37.098,0.030477
22.142,22.161,0,-0.003606,37.096,0.031601
22.128,22.161,-0.0017105,-0.0037338,37.085,0.063777
22.127,22.161,-0.0091149,-0.0038355,37.081,0.081649
22.117,22.16,0.015536,-0.0049554,37.087,0.046584
22.119,22.16,0.023724,-0.0046557,37.088,0.024766
22.119,22.159,0,-0.0053773,37.084,0.072494
22.119,22.159,0,-0.0046886,37.08,0.07287
22.123,22.158,0.064767,-0.0039855,37.09,0
22.123,22.158,0,-0.002708,37.086,0.066114
22.123,22.158,0,-0.0013347,37.083,0.068537
22.15,22.158,0.025588,-0.00081981,37.079,0
22.15,22.157,0,-0.00098943,37.078,0.012595
22.15,22.157,0,-0.00031404,37.077,0.01382
22.156,22.157,0.045781,-0.00016934,37.068,0
22.156,22.157,0,-0.00051367,37.068,0.0019471
22.156,22.157,0,0.0013588,37.068,0.0057868
22.161,22.157,0.018344,0.0011963,37.079,0
22.168,22.157,0.022369,0.003267,37.08,0
22.18,22.158,-0.013488,0.0068422,37.075,0
22.18,22.158,0,0.0062308,37.077,0
22.18,22.159,0,0.0047706,37.079,0
22.18,22.16,0,0.0020231,37.081,0
22.18,22.16,0,0.0020493,37.083,0
22.18,22.16,0,0.0022917,37.085,0
22.18,22.16,0,0.0025285,37.087,0
22.18,22.16,0,0.0010556,37.089,0
22.18,22.161,0,-0.0018908,37.091,0
22.18,22.16,0,-0.0047807,37.093,0
22.089,22.16,-0.31697,-0.0080435,37.062,1.1062
22.089,22.159,0,-0.011945,37.055,0.11983
22.027,22.158,-0.28475,-0.014868,37.045,1.1268
21.997,22.156,-0.31937,-0.018127,37.034,1.3373
21.971,22.155,-0.42189,-0.020872,37.018,1.8609
21.931,22.153,-0.50897,-0.025223,36.988,2.4164
21.878,22.15,-0.64011,-0.030937,36.969,3.3506
21.878,22.147,0,-0.037106,36.942,0.49442
21.878,22.143,0,-0.044398,36.915,0.46751
21.878,22.139,0,-0.053355,36.889,0.43526
21.878,22.133,0,-0.059022,36.863,0.40958
21.878,22.128,0,-0.06632,36.838,0.37911
21.504,22.121,-0.51835,-0.070929,36.712,3.6689
21.504,22.114,0,-0.076156,36.65,1.2072
21.504,22.106,0,-0.080917,36.59,1.173
21.504,22.098,0,-0.086236,36.53,1.1361
21.317,22.089,-0.3788,-0.089868,36.421,3.3087
21.285,22.08,-0.35799,-0.09293,36.333,3.2597
21.285,22.071,0,-0.097251,36.254,1.6027
21.285,22.061,0,-0.099707,36.176,1.5682
21.178,22.052,-0.24126,-0.10302,36.087,2.8614
21.147,22.041,-0.19535,-0.10578,36.007,2.6921
21.147,22.031,0,-0.10759,35.918,1.8317
21.147,22.02,0,-0.10854,35.831,1.7986
21.081,22.009,-0.14688,-0.11089,35.752,2.5516
21.081,21.998,0,-0.11134,35.66,1.9108
21.06,21.987,-0.058511,-0.11159,35.577,2.167
21.06,21.976,0,-0.11156,35.485,1.9078
21.06,21.964,0,-0.11142,35.394,1.8772
21.06,21.953,0,-0.10922,35.304,1.8541
21.06,21.942,0,-0.10709,35.215,1.8315
21.061,21.932,0.013532,-0.10678,35.115,1.7502
21.061,21.921,0,-0.10646,35.028,1.7707
21.061,21.91,0,-0.10682,34.943,1.7402
21.061,21.9,0,-0.10639,34.859,1.7125
21.041,21.889,-0.0084738,-0.10556,34.762,1.7723
21.041,21.878,0,-0.10518,34.677,1.7141
21.039,21.868,0.013659,-0.1039,34.581,1.6459
21.044,21.858,0.0068956,-0.10229,34.507,1.6338
21.044,21.847,0,-0.10119,34.426,1.6341
21.044,21.837,0,-0.09946,34.346,1.6128
21.044,21.827,0,-0.097725,34.268,1.5919
21.044,21.818,0,-0.096532,34.19,1.5697
21.052,21.808,-0.0029078,-0.096578,34.131,1.5333
21.06,21.798,-0.0053669,-0.094628,34.047,1.5006
21.06,21.789,0,-0.094142,33.974,1.4588
21.06,21.779,0,-0.094784,33.901,1.4319
21.06,21.77,0,-0.094929,33.83,1.4065
21.038,21.76,0.02863,-0.093713,33.755,1.3486
21.038,21.751,0,-0.092418,33.683,1.4223
21.038,21.742,0,-0.092528,33.613,1.3977
21.027,21.732,0.021448,-0.092302,33.557,1.3331
21.027,21.723,0,-0.090562,33.487,1.3848
21.033,21.714,0.022414,-0.089599,33.426,1.2759
21.04,21.705,0.042572,-0.08774,33.367,1.1792
21.035,21.696,0.051237,-0.0875,33.306,1.1451
21.046,21.688,0.049184,-0.085115,33.243,1.1096
21.046,21.679,0,-0.083255,33.179,1.2456
21.065,21.671,0.016881,-0.080759,33.125,1.1309
21.065,21.663,0,-0.078991,33.065,1.1684
21.065,21.655,0,-0.076854,33.005,1.155
21.065,21.647,0,-0.076087,32.947,1.1379
21.065,21.64,0,-0.076203,32.889,1.1183
21.065,21.632,0,-0.074892,32.832,1.1031
21.065,21.625,0,-0.075212,32.775,1.0833
21.065,21.617,0,-0.076734,32.72,1.0599
21.049,21.609,-0.096593,-0.076161,32.69,1.4046
21.049,21.602,0,-0.075938,32.634,1.0653
21.049,21.594,0,-0.075038,32.579,1.049
21.049,21.587,0,-0.075169,32.525,1.03
21.049,21.579,0,-0.075045,32.472,1.0117
21.049,21.572,0,-0.075292,32.419,0.99242
21.049,21.564,0,-0.075251,32.367,0.974
21.049,21.557,0,-0.073705,32.316,0.96004
21.049,21.549,0,-0.072316,32.266,0.94603
21.049,21.542,0,-0.071904,32.216,0.92954
21.049,21.535,0,-0.071619,32.167,0.91282
21.025,21.528,0.05612,-0.070052,32.093,0.79877
21.025,21.521,0,-0.069136,32.043,0.94253
21.025,21.514,0,-0.068455,31.994,0.92759
21.025,21.507,0,-0.067873,31.945,0.91256
21.025,21.5,0,-0.068255,31.898,0.89493
21.015,21.493,0.011853,-0.067398,31.855,0.87156
21.015,21.486,0,-0.065198,31.808,0.89575
21.015,21.48,0,-0.06288,31.761,0.88657
21.052,21.474,0.091333,-0.059865,31.708,0.55459
21.052,21.468,0,-0.05801,31.666,0.78225
21.052,21.462,0,-0.057093,31.625,0.77096
21.052,21.456,0,-0.057206,31.584,0.75704
21.052,21.45,0,-0.055917,31.544,0.74701
21.062,21.445,0.034395,-0.05468,31.532,0.62006
21.059,21.439,0.038205,-0.054494,31.496,0.60641
21.056,21.434,0.046151,-0.054272,31.458,0.58187
21.068,21.428,0.026881,-0.051735,31.421,0.59596
21.073,21.423,-0.047107,-0.050374,31.394,0.7805
21.073,21.418,0,-0.051752,31.359,0.63225
21.045,21.413,-0.20431,-0.053051,31.326,1.3488
21.045,21.408,0,-0.055417,31.289,0.66257
21.045,21.402,0,-0.059917,31.253,0.63764
21.045,21.396,0,-0.063183,31.218,0.61515
21.045,21.39,0,-0.067292,31.183,0.5899
20.884,21.383,-0.43669,-0.072705,31.121,2.7527
20.884,21.376,0,-0.0787,31.072,0.9065
20.794,21.368,-0.3941,-0.084016,31.023,2.7278
20.763,21.36,-0.3964,-0.087565,30.962,2.8002
20.763,21.351,0,-0.091703,30.902,1.1051
20.763,21.342,0,-0.096535,30.844,1.0677
20.763,21.332,0,-0.10223,30.787,1.027
20.763,21.322,0,-0.10866,30.73,0.98332
20.546,21.311,-0.37453,-0.11408,30.619,3.1354
20.546,21.3,0,-0.11907,30.543,1.4435
20.546,21.288,0,-0.12156,30.468,1.4043
20.459,21.276,-0.22341,-0.12308,30.378,2.4979
20.459,21.263,0,-0.12485,30.297,1.5568
20.419,21.251,-0.19049,-0.12633,30.214,2.3808
20.419,21.238,0,-0.12796,30.132,1.5858
20.419,21.225,0,-0.12899,30.05,1.5484
20.353,21.212,-0.23123,-0.13209,29.964,2.632
20.353,21.199,0,-0.13493,29.878,1.6349
20.298,21.186,-0.17853,-0.13759,29.791,2.454
20.298,21.172,0,-0.13755,29.702,1.7009
20.298,21.158,0,-0.13708,29.616,1.6654
20.298,21.144,0,-0.13674,29.53,1.6298
20.252,21.131,-0.21951,-0.13841,29.444,2.6098
20.252,21.117,0,-0.13924,29.357,1.6699
20.252,21.103,0,-0.14156,29.271,1.6248
20.181,21.089,-0.41363,-0.14473,29.187,3.7075
20.132,21.074,-0.45269,-0.15095,29.101,4.0411
20.132,21.059,0,-0.15529,29.008,1.7841
20.041,21.044,-0.46938,-0.16221,28.89,4.3106
20.041,21.028,0,-0.16703,28.791,1.9034
19.953,21.011,-0.40671,-0.17291,28.69,4.0692
19.905,20.994,-0.46465,-0.17872,28.589,4.5162
19.905,20.976,0,-0.18294,28.481,2.0802
19.811,20.957,-0.50279,-0.19048,28.363,4.9314
19.751,20.938,-0.44415,-0.19833,28.249,4.6531
19.707,20.919,-0.39781,-0.20369,28.126,4.4211
19.661,20.898,-0.32135,-0.20906,28.011,4.0236
19.661,20.877,0,-0.21174,27.889,2.3868
19.661,20.856,0,-0.21098,27.768,2.3288
19.661,20.835,0,-0.21393,27.65,2.2575
19.661,20.814,0,-0.21721,27.533,2.1849
19.661,20.792,0,-0.22297,27.419,2.1033
19.661,20.77,0,-0.22848,27.307,2.022
19.416,20.747,-0.52854,-0.23514,27.136,5.5816
19.355,20.723,-0.55235,-0.24353,27.002,5.8602
19.355,20.699,0,-0.25251,26.867,2.6022
19.355,20.674,0,-0.26061,26.733,2.4976
19.355,20.648,0,-0.26771,26.603,2.396
19.111,20.621,-0.7386,-0.27674,26.439,7.7777
19.031,20.593,-0.80861,-0.28858,26.288,8.5806
18.945,20.564,-0.84905,-0.30155,26.131,9.1484
18.858,20.534,-0.87231,-0.31488,25.969,9.5576
18.858,20.503,0,-0.32815,25.803,3.195
18.697,20.47,-0.78581,-0.3396,25.614,8.9852
18.697,20.436,0,-0.35018,25.438,3.3934
18.548,20.401,-0.65359,-0.36229,25.241,7.9849
18.548,20.365,0,-0.37095,25.057,3.5466
18.548,20.327,0,-0.38087,24.878,3.3888
18.365,20.289,-0.55184,-0.38845,24.672,7.2735
18.3,20.251,-0.52705,-0.39782,24.488,7.1275
18.3,20.211,0,-0.40423,24.295,3.6992
18.206,20.17,-0.48247,-0.41008,24.085,6.7632
18.206,20.129,0,-0.41574,23.89,3.6896
18.206,20.088,0,-0.42439,23.7,3.5226
18.206,20.045,0,-0.42953,23.514,3.3706
18.009,20.002,-0.64923,-0.43638,23.267,8.0497
18.009,19.959,0,-0.44589,23.07,3.6392
18.009,19.914,0,-0.45792,22.877,3.4508
17.79,19.868,-0.9726,-0.47247,22.645,11.369
17.79,19.821,0,-0.4917,22.44,3.6981
17.79,19.772,0,-0.51182,22.239,3.4632
17.79,19.721,0,-0.53071,22.043,3.2346
17.79,19.668,0,-0.54186,21.853,3.0374
17.79,19.614,0,-0.55359,21.668,2.8404
17.27,19.558,-0.78218,-0.56546,21.304,9.679
17.27,19.502,0,-0.58023,21.078,3.9417
17.27,19.444,0,-0.59442,20.858,3.7029
17.017,19.384,-0.9036,-0.61313,20.588,10.918
16.923,19.323,-0.75231,-0.63168,20.345,9.4187
16.923,19.26,0,-0.64292,20.108,4.0017
16.799,19.195,-0.49587,-0.65115,19.871,7.1056
16.799,19.13,0,-0.65691,19.635,3.9261
16.711,19.065,-0.45686,-0.66143,19.384,6.5795
16.662,18.998,-0.42744,-0.66734,19.148,6.2658
16.626,18.932,-0.42832,-0.6695,18.914,6.1365
16.626,18.865,0,-0.67491,18.687,3.5732
16.626,18.797,0,-0.67803,18.467,3.3641
16.626,18.729,0,-0.68206,18.253,3.1559
16.626,18.661,0,-0.68651,18.046,2.9509
16.626,18.593,0,-0.69163,17.846,2.7483
16.337,18.523,-0.67055,-0.70049,17.567,7.2192
16.278,18.453,-0.70523,-0.70838,17.353,7.3975
16.211,18.383,-0.80281,-0.71872,17.141,8.1371
16.133,18.311,-1.4252,-0.73331,16.919,15.225
16.133,18.237,0,-0.77269,16.705,2.8452
15.726,18.16,-3.9521,-0.8502,16.457,123.29
15.726,18.075,0,-0.97893,16.218,2.8261
15.726,17.977,0,-1.1713,15.988,2.1672
14.063,17.86,-7.9794,-1.4297,15.555,36.241
13.261,17.717,-8.3013,-1.7379,15.146,35.871
13.261,17.543,0,-2.0808,14.709,4.4057
13.261,17.335,0,-2.4609,14.291,3.8081
10.709,17.089,-8.7897,-10.295,13.515,9.9146
9.8325,16.06,-9.0317,-10.536,12.892,9.6055
9.8325,15.006,0,-10.559,12.322,0
9.8325,13.95,0,-10.123,11.858,0
9.8325,12.938,0,-9.5631,11.497,0
9.8325,11.981,0,-8.7934,11.234,0
5.6403,11.102,-6.3961,-7.8939,9.9577,8.0492
5.6403,10.313,0,-7.1193,9.451,40.134
5.6403,9.6007,0,-6.6132,9.0194,39.738
3.9352,8.9394,-4.7052,-6.195,8.4047,7.1283
3.9352,8.3199,0,-5.9332,7.9353,12.128
3.9352,7.7266,0,-5.8439,7.5265,11.1
2.5791,7.1422,-4.294,-5.7881,6.9682,6.215
2.1566,6.5634,-4.2146,-5.7019,6.5285,5.9087
2.1566,5.9932,0,-8.8,6.1163,0
1.3329,5.1132,-3.6808,-8.8,5.6815,0
0.96514,4.2332,-3.2277,-8.8,5.3223,0
0.6349,3.3532,-2.7938,-8.8,5.0163,0
0.34792,2.4732,-2.4607,-8.8,4.7789,0
0.10173,1.5932,-2.1951,-8.8,4.6004,0
0.10173,0.7132,0,-8.8,4.4953,0
0.10173,0,0,-8.8,4.4781,0
0.10173,0,0,-8.8,4.5323,0
0.10173,0,0,-8.8,4.5865,0
0.10173,0,0,-8.8,4.6407,0
-1.101,0,-2.1716,-8.8,4.3052,0
-1.101,0,0,-8.8,4.2391,0
-1.5373,0,-2.1777,-8.8,4.1203,0
-1.5373,0,0,-8.8,4.0105,0
-1.9461,0,-1.6922,-8.8,3.863,0
-1.9461,0,0,-8.8,3.7124,0
-1.9461,0,0,-8.8,3.5618,0
-1.9461,0,0,-8.8,3.4112,0
-1.9461,0,0,-8.8,3.2606,0
-2.4471,0,-0.23618,-8.8,2.955,0
-2.4739,0,-0.10656,-8.8,2.7589,0
-2.4739,0,0,-8.8,2.5555,0
-2.4854,0,0.064013,-8.8,2.345,0
-2.4854,0,0,-8.8,2.1404,0
-2.4854,0,0,-8.8,1.9359,0
-2.4854,0,0,-8.8,1.7313,0
-2.4854,0,0,-8.8,1.5268,0
-2.4854,0,0,-8.8,1.3223,0
-2.4024,0,0.17305,-8.8,1.1163,0
-2.3887,0,0.19039,-8.8,0.92767,0
-2.3887,0,0,-8.8,0.7328,0
-2.3887,0,0,-8.8,0.53793,0
-2.3267,0,0.16094,-8.8,0.36306,0
-2.3267,0,0,-14.348,0.17439,0
-2.3267,0,0,-107.8,0.01346,0
-2.3267,0,0,-8.8,0.31977,0
-2.2583,0,0.15067,-16.467,0.15344,0
-2.2429,0,0.15504,-199.83,0.012577,0
-2.2429,0,0,-8.8,0.78743,0
-2.2103,0,0.2085,-8.8,0.62655,0
-2.2103,0,0,-8.8,0.44952,0
-2.1521,0,0.3474,-8.8,0.27444,0
-2.1521,0,0,-22.508,0.10323,0
-2.1521,0,0,9.8,1.0048,25.01
-2.0139,0.98,0.57728,-8.8,0.73637,0
-2.0139,0.1,0,-8.8,0.48099,0
-1.8955,0,0.59694,-8.8,0.31553,0
-1.8955,0,0,-9.1233,0.16998,0
-1.8955,0,0,-44.876,0.026054,0
-1.7085,0,0.50719,-15.168,0.093106,0
-1.7085,0,0,-138.51,-0.0019021,0
-1.608,0,0.46462,-8.8,0.54336,0
-1.5548,0,0.44708,-8.8,0.42656,0
-1.5132,0,0.43361,-8.8,0.32514,0
-1.5132,0,0,-8.8,0.21782,0
-1.4198,0,0.42085,-8.9234,0.10786,0
-1.3802,0,0.40858,-238.79,0.003982,0
-1.3462,0,0.39914,-8.8,1.0541,0
-1.3462,0,0,-8.8,0.96352,0
-1.2814,0,0.35939,-8.8,0.87826,0
-1.2535,0,0.34231,-8.8,0.79358,0
-1.2535,0,0,-8.8,0.71223,0
-1.1898,0,0.35591,-8.8,0.6367,0
-1.1898,0,0,-8.8,0.56172,0
-1.1129,0,0.58431,-8.8,0.49894,0
-1.0581,0,0.79291,-8.8,0.42824,0
-0.97462,0,1.0522,-8.8,0.37267,0
-0.97462,0,0,-8.8,0.3192,0
-0.73154,0,1.5733,-8.8,0.30477,0
-0.73154,0,0,-8.8,0.27561,0
-0.73154,0,0,-8.8,0.24646,0
-0.73154,0,0,-8.8,0.21731,0
-0.73154,0,0,-8.8,0.18815,0
-0.73154,0,0,-8.8,0.159,0
0.41199,0,2.2003,-8.8,0.44302,0
0.41199,0,0,-8.8,0.52822,0
0.86821,0,2.4406,-8.8,0.66647,0
0.86821,0,0,-8.8,0.79729,0
1.3742,0,2.6554,-8.8,0.97772,0
1.6461,0,2.7006,-8.8,1.1772,0
1.9162,0,2.7174,-8.8,1.3955,0
1.9162,0,0,-8.8,1.6311,0
1.9162,0,0,-8.8,1.8667,0
1.9162,0,0,-8.8,2.1023,0
2.9566,0,2.5036,-8.8,2.5464,5.4595
2.9566,0,0,-8.8,2.8861,0
2.9566,0,0,-8.8,3.2258,0
2.9566,0,0,-8.8,3.5654,0
2.9566,0,0,-8.8,3.9051,0
2.9566,0,0,-8.8,4.2447,0
4.3716,0,2.1806,2.1806,5.0179,0
4.3716,0.21806,0,2.1513,5.4442,0
4.3716,0.43319,0,2.1361,5.8488,0
4.9965,0.6468,2.1186,2.1186,6.3232,0
4.9965,0.85866,0,2.093,6.7476,0
4.9965,1.068,0,4.9,7.1509,15.991
4.9965,1.558,0,4.9,7.5193,18.805
5.8345,2.048,2.0791,4.9,7.9991,0
5.8345,2.538,0,4.9,8.3533,19.632
6.2523,3.028,2.0107,4.9,8.7034,1.6032
6.2523,3.518,0,4.9,9.0013,22.953
6.6451,4.008,1.8411,4.0556,9.2859,0.39403
6.8366,4.4135,1.7914,3.2463,9.5295,0
6.8366,4.7382,0,2.7767,9.7556,7.1791
7.1938,5.0158,1.7562,2.4542,9.9738,0
7.1938,5.2612,0,2.244,10.179,4.0977
7.1938,5.4856,0,2.0792,10.361,3.9617
7.7182,5.6936,1.62,1.9467,10.586,0
7.8845,5.8882,1.5147,1.8457,10.79,0
7.8845,6.0728,0,1.7448,10.98,1.5314
7.8845,6.2473,0,1.6682,11.153,1.7574
7.8845,6.4141,0,1.5854,11.308,1.9206
7.8845,6.5726,0,1.5152,11.447,2.1221
7.8845,6.7242,0,1.4695,11.571,2.4348
8.7004,6.8711,1.3238,1.4298,11.936,0
8.7004,7.0141,0,1.3921,12.111,0.19728
8.9581,7.1533,1.2654,1.3532,12.285,0
9.0944,7.2886,1.245,1.3295,12.466,0
9.0944,7.4216,0,1.2947,12.64,0
9.331,7.5511,1.2404,1.2675,12.831,0
9.4623,7.6778,1.1969,1.2504,13,0
9.4623,7.8028,0,1.2239,13.173,0
9.4623,7.9252,0,1.2058,13.332,0
