0,0,-0.21223,0,35.5,0.44595
-0.024713,0,-0.19561,7.8,35.502,16.851
-0.024713,0.78,0,7.8,35.461,18.039
-0.024713,1.56,0,7.8,35.341,19.638
-0.024713,2.34,0,7.8,35.144,21.237
-0.024713,3.12,0,7.8,34.868,22.836
-0.024713,3.9,0,7.8,34.515,24.435
-0.024713,4.68,0,7.8,34.083,26.034
-0.024713,5.46,0,7.8,33.574,27.633
-0.17681,6.24,-0.19584,6.7,32.926,27.644
-0.19064,6.91,-0.19012,6.7,32.249,29.034
-0.19064,7.58,0,6.7,31.505,30.008
-0.19064,8.25,0,-0.45079,30.694,16.356
-0.19064,8.2049,0,-0.46803,29.853,16.227
-0.26819,8.1581,-0.1985,-0.48658,29.015,16.669
-0.26819,8.1095,0,-0.50592,28.175,16.111
-0.31648,8.0589,-0.20245,-0.52703,27.323,16.487
-0.31648,8.0062,0,-0.54941,26.488,15.907
-0.36554,7.9512,-0.2018,-0.57281,25.641,16.27
-0.36554,7.8939,0,-0.5978,24.812,15.676
-0.36554,7.8342,0,-0.62314,23.989,15.5
-0.36554,7.7718,0,-0.65165,23.173,15.312
-0.36554,7.7067,0,-0.68148,22.362,15.116
-0.43091,7.6385,0.16184,-0.71019,21.528,14.71
-0.43091,7.5675,0,-0.74113,20.724,14.839
-0.38543,7.4934,0.47122,-0.77049,19.944,13.542
-0.38543,7.4164,0,-0.80068,19.16,14.311
-0.28937,7.3363,0.54714,-0.83168,18.411,12.735
-0.23432,7.2531,0.53593,-0.86393,17.66,12.408
-0.18589,7.1667,0.50693,-0.89848,16.924,12.12
-0.12876,7.0769,0.47146,-0.93397,16.195,11.818
-0.072016,6.9835,0.45329,-0.97115,15.481,11.471
-0.032099,6.8864,0.44514,-1.0114,14.79,11.122
-0.032099,6.7852,0,-1.0537,14.104,11.761
-0.032099,6.6799,0,-1.0994,13.427,11.449
0.092619,6.5699,0.62065,-1.146,12.775,12.763
0.092619,6.4553,0,-1.1917,12.133,17.096
0.092619,6.3362,0,-1.2356,11.503,16.17
0.092619,6.2126,0,-1.2758,10.885,15.272
0.092619,6.085,0,-1.3114,10.279,14.408
0.54008,5.9539,1.488,-1.3385,9.7791,5.2161
0.54008,5.82,0,-1.3566,9.2444,10.949
0.54008,5.6844,0,-1.3688,8.7232,10.309
0.54008,5.5475,0,-1.3654,8.2156,9.7762
1.2256,5.4109,1.9469,-1.3487,7.8233,4.3484
1.4128,5.2761,1.9792,-8.8,7.4139,0.41943
1.4128,4.3961,0,-8.8,7.0716,0
1.4128,3.5161,0,-0.42765,6.8172,4.2135
1.9955,3.4733,1.8206,-8.8,6.7133,0
1.9955,2.5933,0,-0.079579,6.6095,1.1666
1.9955,2.5854,0,-0.043205,6.5502,1.2615
2.5198,2.581,1.6184,-0.011878,6.5525,1.7669
2.6877,2.5798,1.6498,0.25398,6.5574,0.85759
2.6877,2.6052,0,0.56294,6.5669,1.6334
2.6877,2.6615,0,0.81958,6.5724,3.0689
2.6877,2.7435,0,0.99083,6.5709,4.344
3.3897,2.8426,1.8181,1.1183,6.7096,0
3.5618,2.9544,1.7726,1.1744,6.7769,0
3.5618,3.0719,0,1.2058,6.8318,3.4836
3.5618,3.1924,0,1.2111,6.8748,3.9849
3.5618,3.3135,0,1.1979,6.9056,4.3869
4.2068,3.4333,1.645,1.2058,7.0524,0
4.2068,3.5539,0,1.2069,7.1238,2.8706
4.2068,3.6746,0,1.2335,7.183,3.4812
4.7199,3.798,1.704,1.2526,7.3034,0
4.8869,3.9232,1.7129,1.2536,7.3913,0
4.8869,4.0486,0,1.2507,7.4814,2.4242
4.8869,4.1737,0,1.2481,7.559,2.8746
4.8869,4.2985,0,1.2307,7.6241,3.249
4.8869,4.4215,0,1.2078,7.6768,3.59
5.631,4.5423,1.3042,1.1795,7.9231,0
5.631,4.6603,0,1.1571,8.0261,1.4693
5.631,4.776,0,1.1298,8.1174,1.7328
6.0109,4.889,1.3908,1.1132,8.24,0
6.0109,5.0003,0,1.1048,8.3466,1.0844
6.0109,5.1108,0,1.1126,8.4421,1.4926
6.4404,5.222,1.4517,1.1239,8.5907,0
6.5936,5.3344,1.432,1.1355,8.7161,0
6.5936,5.448,0,1.1314,8.8364,0.76509
6.5936,5.5611,0,1.1387,8.9453,1.1716
6.5936,5.675,0,1.146,9.0428,1.5939
7.1629,5.7896,1.4063,1.1381,9.2432,0
7.1629,5.9034,0,1.1424,9.3748,0.44968
7.1629,6.0176,0,1.1443,9.4951,0.82496
7.1629,6.1321,0,1.1503,9.6039,1.2321
7.7336,6.2471,1.2304,1.1453,9.8226,0
7.7336,6.3616,0,1.1312,9.9656,0.05379
7.7336,6.4747,0,1.1195,10.097,0.35292
8.088,6.5867,0.97527,1.1026,10.28,0
8.088,6.6969,0,1.082,10.425,0
8.088,6.8051,0,1.0606,10.558,0.034533
8.088,6.9112,0,1.0359,10.681,0.25378
8.088,7.0148,0,1.0163,10.794,0.48909
8.088,7.1164,0,1.0032,10.896,0.75072
8.6774,7.2167,1.0314,0.99189,11.174,0
8.6774,7.3159,0,0.98253,11.315,0
8.6774,7.4142,0,0.97966,11.446,0
8.6774,7.5121,0,0.98295,11.568,0.074439
8.6774,7.6104,0,0.99171,11.679,0.40503
8.6774,7.7096,0,1.0115,11.781,0.79889
8.6774,7.8108,0,1.0332,11.873,1.2252
9.5761,7.9141,1.3938,1.0489,12.235,0
9.7189,8.019,1.3078,1.0629,12.412,0
9.7189,8.1252,0,1.0642,12.576,0
9.7189,8.2317,0,1.0617,12.731,0
9.7189,8.3378,0,1.0678,12.874,0
10.219,8.4446,1.3645,1.0692,13.118,0
10.219,8.5515,0,1.0736,13.29,0
10.219,8.6589,0,1.0802,13.451,0
10.616,8.7669,1.3131,1.0848,13.662,0
10.616,8.8754,0,1.0832,13.842,0
10.616,8.9837,0,1.0923,14.01,0
10.999,9.0929,1.2942,1.0902,14.217,0
11.127,9.202,1.2373,1.0919,14.404,0
11.259,9.3111,1.1914,1.0966,14.602,0
11.259,9.4208,0,1.0892,14.792,0
11.48,9.5297,1.1633,1.0825,15.007,0
11.48,9.638,0,1.0832,15.196,0
11.48,9.7463,0,1.0834,15.375,0
11.48,9.8546,0,1.087,15.543,0
11.984,9.9633,1.2638,1.0898,15.799,0
12.105,10.072,1.2389,1.0893,16.011,0
12.238,10.181,1.098,1.0948,16.21,0
12.238,10.291,0,1.0892,16.41,0
12.238,10.4,0,1.0807,16.6,0
12.569,10.508,1.0379,1.0759,16.826,0
12.569,10.615,0,1.0661,17.027,0
12.774,10.722,1.0765,1.0587,17.245,0
12.873,10.828,1.061,1.0492,17.456,0
12.873,10.933,0,1.0403,17.655,0
13.082,11.037,0.98472,1.0372,17.861,0
13.082,11.14,0,1.0287,18.06,0
13.273,11.243,0.99282,1.0173,18.256,0
13.273,11.345,0,1.0122,18.454,0
13.273,11.446,0,1.0108,18.642,0
13.273,11.547,0,1.0072,18.82,0
13.687,11.648,0.96194,1.0006,19.052,0
13.687,11.748,0,0.9947,19.25,0
13.868,11.848,0.8864,0.98252,19.467,0
13.953,11.946,0.85728,0.97159,19.672,0
13.953,12.043,0,0.96499,19.868,0
13.953,12.14,0,0.95163,20.054,0
14.21,12.235,0.88028,0.9437,20.264,0
14.29,12.329,0.90247,0.93263,20.452,0
14.29,12.422,0,0.92688,20.643,0
14.29,12.515,0,0.92185,20.825,0
14.566,12.607,0.90475,0.92003,21.036,0
14.566,12.699,0,0.91225,21.227,0
14.566,12.79,0,0.90185,21.409,0
14.566,12.881,0,0.89811,21.582,0
14.89,12.97,0.87721,0.88809,21.811,0
14.979,13.059,0.88637,0.88522,22.011,0
14.979,13.148,0,0.88194,22.199,0
14.979,13.236,0,0.87719,22.377,0
14.979,13.324,0,0.87589,22.547,0
14.979,13.411,0,0.87645,22.708,0
15.415,13.499,0.77125,0.86828,22.973,0
15.415,13.586,0,0.86022,23.16,0
15.415,13.672,0,0.85069,23.338,0
15.415,13.757,0,0.8443,23.509,0
15.415,13.841,0,0.84172,23.67,0
15.415,13.925,0,0.83635,23.823,0
15.867,14.009,0.66269,0.82506,24.072,0
15.935,14.092,0.63665,0.81656,24.266,0
15.935,14.173,0,0.80742,24.446,0
15.935,14.254,0,0.79591,24.619,0
16.109,14.334,0.54347,0.77942,24.808,0
16.16,14.411,0.5717,0.76546,24.985,0
16.225,14.488,0.54719,0.75841,25.153,0
16.225,14.564,0,0.74902,25.323,0
16.225,14.639,0,0.73909,25.485,0
16.225,14.713,0,0.7309,25.64,0
16.225,14.786,0,0.71846,25.788,0
16.225,14.858,0,0.70526,25.928,0
16.225,14.928,0,0.69723,26.061,0
16.601,14.998,0.49491,0.68702,26.286,0
16.653,15.067,0.4761,0.67825,26.446,0
16.653,15.134,0,0.66551,26.601,0
16.737,15.201,0.44757,0.65391,26.76,0
16.782,15.266,0.43718,0.64416,26.915,0
16.83,15.331,0.43778,0.63565,27.063,0
16.83,15.394,0,0.62853,27.209,0
16.83,15.457,0,0.62191,27.35,0
16.83,15.519,0,0.61136,27.484,0
17.02,15.58,0.41251,0.60558,27.655,0
17.02,15.641,0,0.59692,27.796,0
17.02,15.701,0,0.59063,27.931,0
17.158,15.76,0.37007,0.58535,28.104,0
17.158,15.818,0,0.57437,28.241,0
17.213,15.876,0.21364,0.55791,28.381,0
17.213,15.932,0,0.54412,28.512,0
17.213,15.986,0,0.53187,28.637,0
17.213,16.039,0,0.51604,28.757,0
17.213,16.091,0,0.50036,28.872,0
17.32,16.141,0.26829,0.48808,29.01,0
17.32,16.19,0,0.48116,29.125,0
17.32,16.238,0,0.46842,29.236,0
17.32,16.285,0,0.45696,29.342,0
17.32,16.33,0,0.43871,29.443,0
17.32,16.374,0,0.4205,29.54,0
17.32,16.416,0,0.40044,29.632,0
17.32,16.456,0,0.3775,29.721,0
17.32,16.494,0,0.35725,29.805,0
17.354,16.53,-0.17685,0.33668,29.905,0
17.354,16.563,0,0.31706,29.986,0
17.322,16.595,-0.097334,0.29625,30.058,0
17.322,16.625,0,0.27615,30.129,0
17.289,16.652,-0.13642,0.25935,30.202,0
17.284,16.678,-0.12946,0.24656,30.273,0
17.284,16.703,0,0.23297,30.332,0
17.284,16.726,0,0.21852,30.389,0
17.236,16.748,-0.23339,0.19806,30.438,0.0058273
17.236,16.768,0,0.18057,30.486,0
17.198,16.786,-0.22608,0.16703,30.515,0.078968
17.198,16.803,0,0.1499,30.555,0
17.198,16.818,0,0.1323,30.594,0
17.121,16.831,-0.16699,0.11735,30.613,0.056471
17.121,16.843,0,0.10285,30.642,0
17.121,16.853,0,0.089501,30.669,0
17.049,16.862,-0.24163,0.075672,30.673,0.41749
17.049,16.869,0,0.065075,30.692,0
17.049,16.876,0,0.053508,30.709,0
17.049,16.881,0,0.041359,30.726,0
17.049,16.885,0,0.023484,30.743,0
16.91,16.888,-0.50089,0.0090993,30.725,1.7096
16.851,16.889,-0.61626,-0.0043109,30.723,2.4729
16.851,16.888,0,-0.012314,30.719,0.049969
16.851,16.887,0,-0.019994,30.715,0.031242
16.851,16.885,0,-0.029539,30.712,0.0075039
16.851,16.882,0,-0.039604,30.709,0
16.45,16.878,-0.95525,-0.049577,30.618,6.3542
16.363,16.873,-0.99164,-0.059248,30.574,7.0197
16.363,16.867,0,-0.070361,30.524,0.96101
16.169,16.86,-1.0524,-0.080708,30.46,8.3652
16.169,16.852,0,-0.092624,30.391,1.345
15.963,16.843,-1.0293,-0.10341,30.309,8.8981
15.963,16.832,0,-0.11503,30.222,1.7661
15.963,16.821,0,-0.12484,30.136,1.7005
15.963,16.808,0,-0.13442,30.05,1.6342
15.593,16.795,-0.74659,-0.14425,29.876,7.3995
15.523,16.781,-0.66151,-0.15184,29.754,6.8658
15.462,16.765,-0.63951,-0.15828,29.634,6.8433
15.462,16.75,0,-0.1652,29.505,2.7847
15.332,16.733,-0.48107,-0.17222,29.375,5.9327
15.281,16.716,-0.47618,-0.17769,29.227,6.0036
15.231,16.698,-0.47767,-0.18304,29.076,6.1157
15.189,16.68,-0.45243,-0.18738,28.925,6.001
15.189,16.661,0,-0.19117,28.777,3.2463
15.189,16.642,0,-0.19625,28.63,3.1641
15.189,16.622,0,-0.20124,28.486,3.0815
15.189,16.602,0,-0.2045,28.344,3.0055
15.189,16.582,0,-0.20695,28.203,2.9324
15.189,16.561,0,-0.20956,28.065,2.8586
14.94,16.54,-0.28457,-0.21264,27.807,5.1372
14.94,16.519,0,-0.21667,27.648,3.472
14.94,16.497,0,-0.22075,27.491,3.3847
14.94,16.475,0,-0.22307,27.337,3.3047
14.94,16.453,0,-0.22484,27.184,3.2269
14.94,16.43,0,-0.22654,27.034,3.1494
14.76,16.408,-0.3141,-0.23023,26.836,5.4113
14.722,16.385,-0.30485,-0.2343,26.674,5.3851
14.722,16.361,0,-0.23646,26.509,3.5784
14.722,16.338,0,-0.23956,26.347,3.4887
14.65,16.314,-0.23951,-0.24042,26.187,4.9373
14.65,16.29,0,-0.24123,26.022,3.5552
14.623,16.265,-0.21813,-0.24153,25.868,4.726
14.623,16.241,0,-0.24235,25.705,3.484
14.623,16.217,0,-0.24511,25.544,3.3948
14.545,16.193,-0.2708,-0.24865,25.39,5.0265
14.545,16.168,0,-0.2498,25.227,3.4655
14.545,16.143,0,-0.25267,25.066,3.3738
14.545,16.117,0,-0.25422,24.907,3.2876
14.545,16.092,0,-0.25841,24.751,3.1904
14.545,16.066,0,-0.26215,24.598,3.0949
14.545,16.04,0,-0.26836,24.447,2.989
14.307,16.013,-0.4653,-0.27487,24.222,6.4269
14.307,15.986,0,-0.27971,24.052,3.5091
14.226,15.958,-0.45169,-0.28457,23.882,6.3721
14.226,15.929,0,-0.29175,23.71,3.5356
14.226,15.9,0,-0.2962,23.541,3.4238
14.226,15.87,0,-0.30112,23.375,3.31
14.226,15.84,0,-0.30564,23.213,3.1978
14.226,15.81,0,-0.31201,23.053,3.0779
14.226,15.779,0,-0.31734,22.896,2.962
13.9,15.747,-0.60229,-0.32619,22.664,7.7824
13.839,15.714,-0.67498,-0.33507,22.475,8.4828
13.775,15.681,-0.73449,-0.34442,22.287,9.1043
13.775,15.646,0,-0.35433,22.098,3.7939
13.632,15.611,-0.82507,-0.36637,21.902,10.183
13.556,15.574,-0.89631,-0.3785,21.693,11.027
13.556,15.536,0,-0.39409,21.493,3.9649
13.556,15.497,0,-0.40934,21.297,3.7705
13.556,15.456,0,-0.42561,21.105,3.5712
13.556,15.413,0,-0.44698,20.917,3.3509
13.556,15.369,0,-0.46761,20.734,3.134
12.915,15.322,-1.2268,-0.49103,20.4,16.248
12.791,15.273,-1.2491,-0.51477,20.15,16.768
12.791,15.221,0,-0.5398,19.904,4.7705
12.791,15.167,0,-0.56492,19.664,4.4733
12.42,15.111,-1.2433,-0.58915,19.368,17.186
12.42,15.052,0,-0.61683,19.102,5.0826
12.173,14.99,-1.2071,-0.64211,18.803,16.89
12.173,14.926,0,-0.66953,18.525,5.2379
11.942,14.859,-1.1025,-0.6935,18.221,15.541
11.942,14.79,0,-0.71936,17.932,5.3145
11.942,14.718,0,-0.74089,17.651,4.9704
11.942,14.644,0,-0.76473,17.377,4.6202
11.942,14.567,0,-0.78756,17.111,4.28
11.942,14.488,0,-0.81121,16.852,3.9432
11.942,14.407,0,-0.8322,16.602,3.6246
11.942,14.324,0,-0.85503,16.36,3.3085
11.193,14.239,-0.63821,-0.87391,15.812,9.5937
11.131,14.151,-0.5841,-0.88944,15.501,8.8965
11.131,14.062,0,-0.90484,15.204,4.7326
11.131,13.972,0,-0.91407,14.915,4.4123
11.131,13.88,0,-0.92374,14.636,4.0983
11.131,13.788,0,-0.93416,14.365,3.7903
11.131,13.695,0,-0.94592,14.104,3.4872
10.812,13.6,-0.56957,-0.95538,13.779,7.3175
10.812,13.505,0,-0.96756,13.505,3.7679
10.7,13.408,-0.63907,-0.97781,13.225,7.3543
10.7,13.31,0,-0.99393,12.959,3.4484
10.7,13.211,0,-1.0102,12.703,3.1358
10.7,13.11,0,-1.0195,12.457,2.8574
10.7,13.008,0,-1.0334,12.221,2.5811
10.7,12.904,0,-1.0466,11.995,2.3224
10.7,12.8,0,-1.0562,11.78,2.0882
10.7,12.694,0,-1.0739,11.575,1.8583
10.081,12.587,-2.19,-4.4,11.156,0
9.8545,12.147,-3.2463,-5.2,10.919,0
9.8545,11.627,0,-5.2,10.716,555.5
9.1074,11.107,-5.3342,-5.5246,10.493,3.6982
9.1074,10.554,0,-0.83813,10.321,1.2501
9.1074,10.47,0,-6.1578,10.18,798.19
7.4146,9.8545,-5.5867,-5.8895,9.8273,4.3654
6.8565,9.2656,-5.1765,-5.479,9.5945,4.3031
6.3404,8.7177,-4.7236,-5.2,9.3542,3.8725
5.859,8.1977,-4.4344,-0.91759,9.113,16.702
5.417,8.1059,-4.222,-5.2,8.8575,3.4574
5.417,7.5859,0,-5.2,8.6146,33.315
4.5981,7.0659,-3.7337,-5.2,8.3427,1.978
4.5981,6.5459,0,-5.2,8.1219,17.142
4.5981,6.0259,0,-8.8,7.9532,8.5112
4.5981,5.1459,0,-0.45548,7.8544,0.25882
3.5532,5.1004,-0.583,-0.49455,7.5633,5.226
3.5532,5.0509,0,-8.8,7.4111,0
3.5532,4.1709,0,-0.18792,7.3053,0.90311
3.5532,4.1521,0,-0.18499,7.2445,0.86741
3.5532,4.1336,0,-0.18183,7.1855,0.83314
3.494,4.1155,0.19581,-0.17424,7.1157,0.50703
3.5047,4.098,0.39715,-8.8,7.0471,0
3.5442,3.218,0.65119,0.56503,7.0313,0
3.5442,3.2745,0,0.5695,7.0611,1.0859
3.5442,3.3315,0,0.6238,7.0852,1.4882
3.82,3.3939,1.2228,0.6845,7.1377,0
3.82,3.4623,0,0.75054,7.1768,1.5888
4.0679,3.5374,1.4175,0.80526,7.2378,0
4.0679,3.6179,0,0.87909,7.2869,1.886
4.0679,3.7058,0,0.93423,7.3275,2.4663
4.5244,3.7992,1.6585,1.0014,7.4425,0
4.6924,3.8994,1.7692,1.0577,7.5152,0
4.8768,4.0051,1.888,1.1214,7.5889,0
4.8768,4.1173,0,1.1874,7.6705,2.3711
4.8768,4.236,0,1.2425,7.7405,3.117
5.4912,4.3603,2.1649,1.3057,7.8806,0
5.4912,4.4908,0,1.3522,7.9872,2.3807
5.4912,4.6261,0,1.3872,8.0805,3.0896
6.1253,4.7648,2.1317,1.4119,8.258,0
6.1253,4.906,0,1.4407,8.387,2.0561
6.5546,5.05,2.0401,1.4598,8.539,0
6.5546,5.196,0,1.4651,8.6822,1.6796
6.9482,5.3425,1.9602,1.4626,8.8401,0
7.148,5.4888,1.9338,1.4681,9.0015,0
7.3407,5.6356,1.9137,1.4666,9.1621,0
7.3407,5.7823,0,1.4582,9.3253,0.93827
7.3407,5.9281,0,1.4579,9.4738,1.448
7.3407,6.0739,0,1.4558,9.6078,1.9637
7.3407,6.2195,0,1.4476,9.7272,2.4593
8.2618,6.3642,1.7264,1.4495,10.073,0
8.4403,6.5092,1.6932,1.4441,10.26,0
8.4403,6.6536,0,1.4369,10.446,0.075105
8.7844,6.7973,1.6476,1.4301,10.66,0
8.957,6.9403,1.6034,1.4251,10.859,0
9.1109,7.0828,1.5767,1.4089,11.067,0
9.2668,7.2237,1.565,1.395,11.262,0
9.4223,7.3632,1.5616,1.3834,11.464,0
9.4223,7.5015,0,1.3712,11.663,0
9.7246,7.6386,1.3679,1.3611,11.886,0
9.7246,7.7747,0,1.3399,12.088,0
9.994,7.9087,1.5007,1.3238,12.301,0
9.994,8.0411,0,1.323,12.503,0
9.994,8.1734,0,1.3202,12.691,0
10.467,8.3054,1.5942,1.3223,12.933,0
10.467,8.4377,0,1.3265,13.142,0
10.777,8.5703,1.4085,1.3191,13.368,0
10.927,8.7022,1.3902,1.3157,13.592,0
11.057,8.8338,1.3992,1.3012,13.815,0
11.057,8.9639,0,1.2902,14.031,0
11.057,9.0929,0,1.2879,14.234,0
11.057,9.2217,0,1.2785,14.424,0
11.057,9.3496,0,1.2676,14.601,0
11.723,9.4763,1.2595,1.2539,14.94,0
11.855,9.6017,1.2126,1.2459,15.156,0
11.855,9.7263,0,1.2341,15.375,0
11.855,9.8497,0,1.2219,15.581,0
11.855,9.9719,0,1.2106,15.776,0
12.331,10.093,1.0729,1.1998,16.074,0
12.331,10.213,0,1.1883,16.291,0
12.558,10.332,1.0018,1.1751,16.509,0
12.649,10.449,0.95177,1.1532,16.731,0
12.741,10.565,0.89502,1.1328,16.943,0
12.741,10.678,0,1.1101,17.155,0
12.741,10.789,0,1.0919,17.355,0
12.741,10.898,0,1.0763,17.545,0
12.741,11.006,0,1.0616,17.724,0
12.741,11.112,0,1.0491,17.892,0
12.741,11.217,0,1.0339,18.05,0
12.741,11.32,0,1.0182,18.197,0
12.741,11.422,0,1.0061,18.334,0
13.535,11.523,0.81108,0.99446,18.809,0
13.535,11.622,0,0.97952,19.006,0
13.535,11.72,0,0.96223,19.192,0
13.535,11.816,0,0.94999,19.369,0
13.535,11.911,0,0.93152,19.536,0
13.909,12.004,0.72991,0.91893,19.779,0
13.909,12.096,0,0.90431,19.965,0
13.909,12.187,0,0.89346,20.142,0
14.12,12.276,0.73622,0.87902,20.343,0
14.185,12.364,0.75183,0.86481,20.531,0
14.185,12.45,0,0.85705,20.709,0
14.34,12.536,0.65985,0.84983,20.884,0
14.34,12.621,0,0.83427,21.06,0
14.466,12.705,0.62882,0.8239,21.24,0
14.466,12.787,0,0.80854,21.412,0
14.573,12.868,0.61709,0.7924,21.591,0
14.632,12.947,0.61412,0.78053,21.764,0
14.684,13.025,0.60382,0.76607,21.937,0
14.684,13.102,0,0.75744,22.099,0
14.684,13.177,0,0.74604,22.254,0
14.684,13.252,0,0.73901,22.401,0
14.684,13.326,0,0.72371,22.54,0
14.684,13.398,0,0.70832,22.672,0
14.684,13.469,0,0.68949,22.797,0
15.022,13.538,0.23204,0.6712,23.045,0
15.022,13.605,0,0.64953,23.19,0
15.022,13.67,0,0.62364,23.328,0
15.073,13.733,0.075853,0.60152,23.455,0
15.081,13.793,0.060333,0.57673,23.597,0
15.081,13.85,0,0.55657,23.723,0
15.081,13.906,0,0.53592,23.843,0
