4.4444,4.4444,-0.14931,0,35.5,0.37131
4.4317,4.4444,-0.070134,7.8,35.492,75.787
4.4317,5.2244,0,7.8,35.451,79.841
4.4317,6.0044,0,7.8,35.333,85.383
4.4139,6.7844,0.12087,6.7,35.132,74.906
4.4345,7.4544,0.13046,6.7,34.853,79.256
4.4463,8.1244,0.077695,6.7,34.514,84.988
4.4463,8.7944,0,6.7,34.112,91.411
4.4404,9.4644,-0.14114,6.7,33.645,99.387
4.4404,10.134,0,-0.33538,33.109,20.874
4.4404,10.101,0,-0.34367,32.542,20.623
4.3434,10.067,-0.84352,-0.35354,31.961,32.485
4.3434,10.031,0,-0.36606,31.391,20.571
4.1585,9.9946,-1.2643,-0.38023,30.802,40.557
4.1585,9.9566,0,-0.39633,30.22,20.891
3.8783,9.9169,-1.6287,-0.41586,29.632,49.383
3.8783,9.8753,0,-0.43677,29.031,21.597
3.553,9.8317,-1.8622,-0.45947,28.4,29.564
3.553,9.7857,0,-0.48538,27.775,22.432
3.553,9.7372,0,-0.51366,27.154,21.917
3.553,9.6858,0,-0.54349,26.538,21.377
3.553,9.6315,0,-0.57618,25.927,20.8
3.553,9.5738,0,-0.61152,25.322,20.188
3.553,9.5127,0,-0.64945,24.723,19.542
3.553,9.4477,0,-0.69042,24.131,18.858
3.553,9.3787,0,-0.73447,23.545,18.136
1.7829,9.3053,-1.9646,-0.78085,22.165,28.348
1.5793,9.2272,-1.9648,-0.83313,21.408,28.056
1.3747,9.1439,-1.9527,-0.89065,20.633,27.716
1.3747,9.0548,0,-0.95059,19.86,26.12
0.99362,8.9597,-1.867,-1.0179,19.065,26.848
0.99362,8.8579,0,-1.0925,18.273,25.825
0.99362,8.7487,0,-1.1716,17.492,24.502
0.99362,8.6315,0,-1.2575,16.722,23.098
0.99362,8.5058,0,-1.3497,15.965,21.624
0.99362,8.3708,0,-1.4502,15.22,20.07
0.99362,8.2258,0,-1.5604,14.49,18.432
-0.085431,8.0698,-1.06,-1.6795,13.33,22.301
-0.085431,7.9018,0,-1.8092,12.523,19.457
-0.27798,7.7209,-0.57581,-1.9419,11.721,20.412
-0.27798,7.5267,0,-2.0845,10.931,18.504
-0.37284,7.3182,-0.11449,-2.2302,10.162,18.206
-0.37284,7.0952,0,-2.3817,9.4042,17.19
-0.36998,6.857,0.071717,-2.5353,8.6768,16.222
-0.36845,6.6035,0.072926,-5.2,7.9726,10.098
-0.36034,6.0835,0.079647,-8.8,7.2998,1.4363
-0.36034,5.2035,0,-8.8,6.6994,0
-0.36034,4.3235,0,-8.8,6.187,0
-0.36034,3.4435,0,-8.8,5.7627,0
-0.36034,2.5635,0,-8.8,5.4263,0
-0.32229,1.6835,0.058803,-8.8,5.1765,0
-0.32229,0.80352,0,-8.8,5.0199,0
-0.32268,0,0.0043028,-8.8,4.9629,0
-0.32268,0,0,-8.8,4.9746,0
-0.32268,0,0,-8.8,4.9863,0
-0.32736,0,-0.00058893,-8.8,4.9977,0
-0.32843,0,0.1148,0.1148,5.0032,7.5581
-0.30934,0.01148,0.25248,-8.8,4.9659,0
-0.28874,0,0.37651,-8.8,4.9889,0
-0.28874,0,0,-8.8,5.004,0
-0.28874,0,0,0.56658,5.0192,8.6672
-0.28874,0.056658,0,-8.8,4.9875,0
-0.10953,0,0.54663,0.54663,5.0193,7.1093
-0.05895,0.054663,0.53291,-8.8,5.0133,0
-0.05895,0,0,0.52674,5.0459,8.1124
0.050141,0.052674,0.41952,0.41952,5.0364,0.0051959
0.096963,0.094626,0.30969,-8.8,5.0288,0
0.096963,0,0,0.20294,5.073,0.2867
0.14498,0.020294,0.088487,0.088487,5.0945,0
0.14498,0.029143,0,-0.050119,5.1065,0
0.15821,0.024131,-0.1246,-0.1246,5.1057,0
0.15821,0.011671,0,-0.20616,5.1197,0
0.15821,0,0,-0.30481,5.1354,0
0.15821,0,0,-0.37158,5.1528,0
0.051197,0,-0.22047,-0.22047,5.154,0
0.051197,0,0,-0.055986,5.1602,0
0.051197,0,0,0.12563,5.1656,0.18401
0.051197,0.012563,0,0.37682,5.1701,1.0126
0.051197,0.050245,0,0.60245,5.1721,2.0735
0.13347,0.11049,0.59237,0.59237,5.1483,0
0.13347,0.16973,0,0.58711,5.1476,2.1246
0.13347,0.22844,0,0.56129,5.141,2.1979
0.13347,0.28457,0,0.50005,5.1287,2.0997
0.13347,0.33457,0,-8.8,5.1111,0
0.13347,0,0,0.46382,5.135,1.0701
0.13347,0.046382,0,0.45078,5.146,1.1551
0.13347,0.091459,0,0.42234,5.1525,1.1761
0.55909,0.13369,0.39824,0.39824,5.3387,0
0.59495,0.17352,0.34961,0.34961,5.3786,0
0.59495,0.20848,0,0.31283,5.419,0
0.59495,0.23976,0,0.30468,5.4561,0
0.69765,0.27023,0.27491,0.27491,5.5298,0
0.69765,0.29772,0,0.25557,5.5712,0
0.74951,0.32328,0.18602,0.18602,5.6275,0
0.77055,0.34188,0.037275,0.037275,5.6672,0
0.77055,0.34561,0,-0.14224,5.7099,0
0.77055,0.33138,0,-0.31312,5.7531,0
0.72608,0.30007,-0.51198,-0.51198,5.7935,0
0.72608,0.24887,0,-0.697,5.8386,0
0.72608,0.17917,0,-0.91113,5.8899,0
0.5226,0.08806,-1.1149,-1.1149,5.9241,0
0.41172,0,-1.2764,-1.2764,5.9772,0
0.41172,0,0,-1.3702,6.0248,0
0.41172,0,0,-1.3329,6.0728,0
0.41172,0,0,-1.1012,6.1206,0
-0.10674,0,-0.67525,-0.67525,6.0576,0.32487
-0.10674,0,0,-0.23884,6.0503,0
-0.20245,0,0.13004,0.13004,6.0248,0.52108
-0.20245,0.013004,0,0.43097,6.0039,1.4533
-0.20245,0.056101,0,0.64357,5.9802,1.9884
-0.20245,0.12046,0,0.73978,5.9511,2.3225
-0.20245,0.19444,0,1.044,5.9151,3.1134
-0.20245,0.29884,0,1.3652,5.8702,4.0023
0.20348,0.43536,1.6243,1.6243,5.9167,0.49502
0.36886,0.59779,1.8255,1.8255,5.8857,0.48764
0.36886,0.78033,0,1.9265,5.8537,12.752
0.36886,0.97298,0,-0.018708,5.8029,1.3804
0.36886,0.97111,0,-0.0044607,5.7426,1.4239
1.0824,0.97066,1.3596,1.2111,5.8244,0
1.2162,1.0918,1.144,1.1122,5.8442,0
1.2162,1.203,0,0.91004,5.8511,3.6113
1.4098,1.294,0.72907,0.78304,5.8804,0
1.4098,1.3723,0,0.68551,5.8881,2.3462
1.4098,1.4409,0,0.53231,5.8884,1.8587
1.5861,1.4941,0.41059,0.49104,5.9003,0
1.5861,1.5432,0,0.46954,5.9071,1.3615
1.5861,1.5901,0,0.35852,5.909,1.0657
1.5861,1.626,0,0.36603,5.9068,1.1969
1.5861,1.6626,0,0.3311,5.901,1.1696
1.5861,1.6957,0,0.35999,5.8917,1.377
1.5861,1.7317,0,0.29066,5.8789,1.2153
1.5861,1.7608,0,0.32361,5.8629,1.4255
1.5861,1.7931,0,0.41853,5.8438,1.9163
1.5861,1.835,0,0.58357,5.821,2.8256
1.5861,1.8934,0,0.77471,5.7932,4.0584
2.2528,1.9708,1.542,0.96001,5.9864,0
2.4159,2.0668,1.5797,-8.8,6.0086,0
2.5838,1.1868,1.5232,4.9,6.1048,12.763
2.5838,1.6768,0,4.9,6.22,34.203
2.5838,2.1668,0,2.1889,6.2861,10.737
2.5838,2.3857,0,1.6725,6.3169,7.7995
3.1807,2.553,1.5255,1.4768,6.4229,0
3.336,2.7006,1.5939,1.3725,6.4844,0
3.336,2.8379,0,1.3363,6.5411,4.2318
3.336,2.9715,0,1.2935,6.5842,4.5068
3.336,3.1009,0,1.2497,6.6142,4.7602
3.336,3.2258,0,1.1828,6.6315,4.8509
4.0329,3.3441,0.63504,1.0926,6.8442,0
4.1052,3.4534,0.30301,0.98888,6.9152,0.3908
4.1052,3.5523,0,0.85774,6.9755,1.4431
4.1052,3.638,0,0.73742,7.0265,1.182
4.1052,3.7118,0,0.66298,7.0695,1.0947
4.2387,3.7781,0.51452,0.61871,7.139,0
4.2823,3.8399,0.54595,0.58193,7.1895,0
4.3317,3.8981,0.53789,0.55891,7.2297,0
4.3785,3.954,0.55598,0.53747,7.2765,0
4.3785,4.0078,0,0.52692,7.3162,0.62816
4.49,4.0605,0.71893,0.52581,7.3633,0
4.49,4.113,0,0.54279,7.4036,0.66922
4.6376,4.1673,0.56238,0.55766,7.4607,0
4.6376,4.2231,0,0.54534,7.505,0.57271
4.6376,4.2776,0,0.53422,7.5437,0.68572
4.6376,4.331,0,0.4973,7.577,0.70028
4.7913,4.3808,0.067811,0.45581,7.6097,0.057069
4.7936,4.4264,0.032345,0.4029,7.6554,0.11347
4.7936,4.4666,0,0.36634,7.6901,0.20279
4.7936,4.5033,0,0.31952,7.7209,0.15309
4.7936,4.5352,0,0.26814,7.7484,0.08319
4.7357,4.562,-0.64527,0.18347,7.7635,2.9109
4.7357,4.5804,0,0.086333,7.78,0
4.7357,4.589,0,-0.0029984,7.7951,0
4.4719,4.5887,-1.1852,-0.031867,7.7713,7.2266
4.4719,4.5855,0,-0.063503,7.7598,0.099776
4.2329,4.5792,-1.3302,-0.095025,7.7311,9.5523
4.2329,4.5697,0,-0.12706,7.6969,0.4269
4.2329,4.557,0,-0.16038,7.6639,0.3274
4.2329,4.5409,0,-0.19003,7.6323,0.23623
4.2329,4.5219,0,-0.2136,7.6024,0.1572
3.6938,4.5006,-0.31707,-0.23265,7.4174,2.4175
3.6938,4.4773,0,-0.23863,7.3379,1.1552
3.6938,4.4535,0,-0.23832,7.2608,1.0994
3.6678,4.4296,0.37814,-8.8,7.1922,0
3.706,3.5496,0.40633,0.2336,7.1559,0
3.706,3.573,0,0.26028,7.1704,0.36654
3.7919,3.599,0.60027,0.28326,7.203,0
3.8603,3.6273,0.7341,0.33814,7.2175,0
3.8603,3.6611,0,0.39877,7.2391,0.64514
3.8603,3.701,0,0.44883,7.257,0.93832
4.1281,3.7459,1.1462,0.53231,7.3171,0
4.2409,3.7991,1.206,0.60369,7.3547,0
4.3555,3.8595,1.2351,0.66333,7.3951,0
4.4735,3.9258,1.1919,0.71674,7.4519,0
4.4735,3.9975,0,0.77149,7.5031,1.3029
4.4735,4.0747,0,0.79364,7.5469,1.6523
4.8239,4.154,1.041,0.81554,7.6376,0
4.9278,4.2356,0.95398,0.8226,7.7099,0
5.0289,4.3178,0.87642,0.82569,7.7881,0
5.1075,4.4004,0.71975,0.80173,7.8569,0
5.1075,4.4806,0,0.77601,7.9236,0.85191
5.1075,4.5582,0,0.74058,7.9824,0.94152
5.1075,4.6322,0,0.68722,8.0337,0.94619
5.3115,4.701,0.27233,0.63858,8.1229,0
5.3115,4.7648,0,0.58824,8.1807,0.35923
5.3758,4.8236,0.51636,0.56025,8.2384,0
5.3758,4.8797,0,0.55618,8.2908,0.38461
5.3758,4.9353,0,0.56127,8.3377,0.55776
5.3758,4.9914,0,0.59012,8.3789,0.82808
5.3758,5.0504,0,0.62345,8.4144,1.1381
5.8003,5.1128,1.1447,0.65309,8.5332,0
5.9194,5.1781,1.1812,0.69418,8.6003,0
5.9194,5.2475,0,0.72831,8.671,0.52554
5.9194,5.3203,0,0.76821,8.7345,0.90457
5.9194,5.3972,0,0.79413,8.7906,1.2558
6.393,5.4766,1.1682,0.81073,8.9619,0
6.393,5.5576,0,0.83665,9.0495,0.47064
6.393,5.6413,0,0.85654,9.1288,0.8063
6.393,5.727,0,0.8621,9.1997,1.0986
6.868,5.8132,1.1881,0.87702,9.3489,0
6.868,5.9009,0,0.88531,9.45,0.27376
7.1119,5.9894,1.4284,0.90565,9.5592,0
7.1119,6.08,0,0.93805,9.6669,0.29137
7.1119,6.1738,0,0.98297,9.7654,0.76783
7.6194,6.2721,2.01,1.0401,9.9179,0
7.8191,6.3761,2.0646,1.0972,10.057,0
8.0189,6.4858,1.9832,1.1475,10.201,0
8.0189,6.6005,0,1.1842,10.349,0.13345
8.3758,6.719,1.4066,1.201,10.515,0
8.3758,6.8391,0,1.1909,10.675,0
8.3758,6.9582,0,1.1541,10.823,0.0094896
8.3758,7.0736,0,1.0885,10.959,0.089566
8.3758,7.1824,0,0.99456,11.084,0.037201
8.5917,7.2819,-0.55089,0.88518,11.302,1.9981
8.541,7.3704,-0.57277,0.78319,11.432,2.0831
8.541,7.4487,0,0.68911,11.545,0
8.541,7.5176,0,0.61559,11.651,0
8.541,7.5792,0,0.56551,11.75,0
8.541,7.6357,0,0.53788,11.843,0
8.541,7.6895,0,0.5127,11.931,0
8.4835,7.7408,-0.22793,0.47693,11.969,0.25811
8.4835,7.7885,0,0.4302,12.041,0
8.4835,7.8315,0,0.37232,12.108,0
8.4835,7.8687,0,0.31382,12.172,0
8.4835,7.9001,0,0.24656,12.231,0
8.4835,7.9248,0,0.18977,12.289,0
8.4835,7.9438,0,0.15138,12.343,0
8.4835,7.9589,0,0.11501,12.397,0
8.4835,7.9704,0,0.096733,12.449,0
8.4835,7.9801,0,0.08828,12.499,0
8.1256,7.9889,0.23548,0.085575,12.345,0
8.1256,7.9975,0,0.098272,12.358,0
8.1948,8.0073,0.52706,0.11713,12.366,0
8.2497,8.019,0.74126,0.14405,12.395,0
8.2497,8.0334,0,0.17992,12.417,0
8.2497,8.0514,0,0.22728,12.438,0.1129
8.2497,8.0741,0,0.285,12.456,0.33504
8.2497,8.1026,0,0.36311,12.473,0.66294
8.8501,8.1389,1.9121,0.4403,12.622,1.6761
8.8501,8.183,0,0.52584,12.691,0
8.8501,8.2355,0,0.61266,12.755,0.25876
9.4457,8.2968,2.036,0.70268,12.907,1.4416
9.4457,8.3671,0,0.77577,13.019,0
9.4457,8.4447,0,0.84232,13.123,0.011499
9.4457,8.5289,0,0.91042,13.218,0.52576
10.242,8.6199,1.9103,0.96629,13.462,0.2884
10.242,8.7166,0,1.0149,13.619,0
10.242,8.818,0,1.0587,13.767,0
10.791,8.9239,1.4639,1.0866,13.992,0
10.791,9.0326,0,1.103,14.174,0
11.061,9.1429,1.0936,1.097,14.36,0
11.061,9.2526,0,1.0828,14.546,0
11.061,9.3609,0,1.0732,14.722,0
11.061,9.4682,0,1.0646,14.886,0
11.061,9.5746,0,1.0685,15.04,0
11.061,9.6815,0,1.0707,15.184,0
11.751,9.7886,1.248,1.0728,15.515,0
11.873,9.8958,1.2442,1.0735,15.71,0
11.873,10.003,0,1.0708,15.903,0
11.873,10.11,0,1.0752,16.085,0
11.873,10.218,0,1.0832,16.255,0
11.873,10.326,0,1.094,16.416,0
11.873,10.436,0,1.1095,16.565,0
12.71,10.546,1.5737,1.1291,16.94,0
12.862,10.659,1.5873,1.1427,17.168,0
13.016,10.774,1.5993,1.1555,17.382,0
13.016,10.889,0,1.17,17.6,0
13.016,11.006,0,1.1876,17.807,0
13.497,11.125,1.6687,1.1998,18.078,0
13.497,11.245,0,1.2162,18.309,0
13.832,11.367,1.7179,1.2322,18.567,0
14.008,11.49,1.6919,1.2503,18.807,0
14.167,11.615,1.648,1.2599,19.069,0
14.167,11.741,0,1.267,19.318,0
14.167,11.867,0,1.2694,19.554,0
14.167,11.994,0,1.2584,19.778,0
14.167,12.12,0,1.2251,19.989,0
14.724,12.243,0.3261,1.1882,20.346,0
14.724,12.362,0,1.1451,20.588,0
14.797,12.476,0.19391,1.0997,20.827,0
14.823,12.586,0.2526,1.0548,21.06,0
14.843,12.692,0.27232,1.0097,21.284,0
14.843,12.793,0,0.96822,21.494,0
14.843,12.889,0,0.93096,21.694,0
14.843,12.982,0,0.89231,21.885,0
14.843,13.072,0,0.85833,22.067,0
14.963,13.157,0.40165,0.83104,22.278,0
14.963,13.241,0,0.80531,22.454,0
15.044,13.321,0.52386,0.78795,22.633,0
15.105,13.4,0.5517,0.77709,22.806,0
15.159,13.478,0.56508,0.76376,22.968,0
15.159,13.554,0,0.75458,23.132,0
15.159,13.629,0,0.74204,23.289,0
15.318,13.704,0.3386,0.72669,23.456,0
15.318,13.776,0,0.7048,23.614,0
15.37,13.847,0.13323,0.68228,23.781,0
15.388,13.915,-0.072004,0.6582,23.939,0
15.384,13.981,-0.26988,0.62556,24.09,0
15.356,14.043,-0.51562,0.58365,24.221,0.20757
15.302,14.102,-0.94112,0.5322,24.338,3.0215
15.204,14.155,-1.3838,0.46402,24.448,7.6491
15.204,14.201,0,0.38513,24.55,0
15.204,14.24,0,0.2906,24.649,0
14.694,14.269,-2.392,0.187,24.657,28.225
14.694,14.288,0,0.075075,24.699,0
14.694,14.295,0,-0.014625,24.739,0
14.694,14.294,0,-0.05484,24.779,0
13.575,14.288,-3.4013,-0.09905,24.609,77.247
13.575,14.278,0,-0.14486,24.538,1.2333
12.892,14.264,-3.3358,-0.19291,24.385,76.399
12.892,14.245,0,-0.23946,24.249,2.6772
12.892,14.221,0,-0.28307,24.115,2.4394
11.95,14.192,-3.0689,-0.32565,23.835,67.193
11.64,14.16,-3.2157,-0.37104,23.605,75.744
11.64,14.123,0,-0.4199,23.355,5.5582
11.64,14.081,0,-0.47389,23.108,5.1316
11.64,14.033,0,-0.53665,22.867,4.6634
10.158,13.98,-4.4749,-0.6077,22.343,174.49
10.158,13.919,0,-0.68581,21.964,8.9443
10.158,13.85,0,-0.77318,21.591,8.132
10.158,13.773,0,-0.8728,21.225,7.2591
10.158,13.686,0,-0.98654,20.868,6.3355
10.158,13.587,0,-1.1172,20.52,5.3786
10.158,13.475,0,-1.2666,20.183,4.43
6.3276,13.349,-6.2632,-1.4351,18.616,33.533
6.3276,13.205,0,-1.6205,17.921,16.236
6.3276,13.043,0,-1.8184,17.242,14.035
4.5418,12.861,-5.2528,-2.0323,16.308,31.119
4.5418,12.658,0,-2.2664,15.486,17.19
3.5627,12.431,-3.8949,-2.5112,14.584,27.512
3.5627,12.18,0,-2.7649,13.709,15.853
2.8721,11.904,-2.3207,-3.0273,12.798,22.6
2.6365,11.601,-1.6828,-3.2977,11.894,19.858
2.4743,11.271,-1.3027,-3.562,11.012,17.095
2.3445,10.915,-1.1329,-5.2,10.136,9.0782
2.2287,10.395,-0.8919,-5.2,9.2987,7.8429
2.1392,9.875,-0.58579,-5.2,8.4982,6.9361
2.1392,9.355,0,-5.2,7.7506,7.3829
2.1392,8.835,0,-5.2,7.0551,6.3169
2.0695,8.315,0.42807,-5.2,6.3896,7.0428
2.1038,7.795,0.44458,-5.2,5.7923,6.1614
2.1038,7.275,0,-5.2,5.2492,3.0602
2.1038,6.755,0,-5.2,4.7581,1.9942
2.2092,6.235,-0.06229,-5.2,4.3443,0.86395
2.2092,5.715,0,-8.8,3.9677,0
2.2092,4.835,0,-8.8,3.6611,0
2.2092,3.955,0,-8.8,3.4425,0
2.2092,3.075,0,-8.8,3.3119,0
1.8966,2.195,-1.1278,-8.8,3.2165,0
1.774,1.315,-1.0887,-8.8,3.2178,0
1.774,0.43502,0,-8.8,3.3077,0
1.774,0,0,-8.8,3.4856,0
1.4936,0,-0.45083,-8.8,3.6467,0
1.4563,0,-0.23263,-8.8,3.8343,0
1.4563,0,0,-8.8,4.0239,0
1.4563,0,0,-8.8,4.2135,0
1.4044,0,-0.092013,-8.8,4.4071,0
1.4014,0,-0.14855,-8.8,4.5815,0
1.4014,0,0,-8.8,4.7657,0
1.3589,0,-0.22416,-8.8,4.9601,0
1.3589,0,0,-0.22776,5.14,0
1.3589,0,0,-0.24168,5.277,0
1.3589,0,0,-0.21962,5.4141,0
1.3589,0,0,-0.11665,5.5511,0
1.3589,0,0,-0.037092,5.6876,0
1.2475,0,0.021831,0.021831,5.7808,0
1.2475,0.0021831,0,0.095192,5.9054,0
1.274,0.011702,0.14413,0.14413,6.0431,0
1.2852,0.026115,0.10488,0.10488,6.1647,0
1.2991,0.036603,0.088604,0.088604,6.2902,0
1.2991,0.045464,0,0.1049,6.416,0
1.2991,0.055954,0,0.11105,6.5408,0
1.3096,0.067058,0.10693,0.10693,6.6579,0
1.3096,0.077751,0,0.10614,6.7816,0
1.3233,0.088366,0.10832,0.10832,6.9072,0
1.3348,0.099197,0.29112,0.29112,7.0257,0
1.3348,0.12831,0,0.48328,7.1478,0
1.3348,0.17664,0,0.64437,7.266,0
1.3348,0.24107,0,0.77228,7.3786,0
1.3348,0.3183,0,0.85048,7.4841,0
1.3348,0.40335,0,0.75592,7.5815,0
1.7146,0.47894,0.66745,0.66745,7.7726,0
1.7714,0.54569,0.62229,0.62229,7.8974,0
1.8307,0.60792,0.51446,0.51446,8.0259,0
1.8307,0.65936,0,0.33635,8.1457,0
1.9142,0.693,0.13876,0.13876,8.2718,0
1.9142,0.70687,0,-0.11006,8.3932,0
1.9142,0.69587,0,-0.36442,8.5145,0
1.8853,0.65943,-0.45599,-0.45599,8.6333,0
1.8325,0.61383,-0.43777,-0.43777,8.754,0
1.8325,0.57005,0,-0.42195,8.878,0
1.8325,0.52786,0,-0.38308,9.0064,0
1.7127,0.48955,-0.35086,-0.35086,9.1159,0
1.6846,0.45446,-0.38599,-0.38599,9.2452,0
1.65,0.41586,-0.40652,-0.40652,9.367,0
1.6126,0.37521,-0.29564,-0.29564,9.485,0
1.6126,0.34564,0,-0.18457,9.6102,0
1.6126,0.32719,0,-0.094875,9.7378,0
1.6126,0.3177,0,0.01266,9.8669,0
1.6126,0.31897,0,0.12917,9.9963,0
1.5571,0.33188,0.11585,0.11585,10.116,0
1.5571,0.34347,0,0.11497,10.238,0
1.5571,0.35497,0,0.12771,10.359,0
1.5571,0.36774,0,0.13615,10.479,0
1.6025,0.38135,0.12623,0.12623,10.608,0
1.6106,0.39397,0.1161,0.1161,10.722,0
1.616,0.40558,0.11508,0.11508,10.848,0
1.6334,0.41709,0.12696,0.12696,10.971,0
1.6546,0.42979,0.12036,0.12036,11.086,0
1.6546,0.44182,0,0.12264,11.208,0
1.6546,0.45409,0,0.13395,11.328,0
1.7001,0.46748,0.13694,0.13694,11.473,0
1.7001,0.48118,0,0.13249,11.596,0
1.7001,0.49443,0,0.14179,11.717,0
1.7001,0.5086,0,0.12959,11.837,0
1.7001,0.52156,0,0.12354,11.956,0
1.7446,0.53392,0.12732,0.12732,12.103,0
1.7446,0.54665,0,0.12102,12.223,0
1.7446,0.55875,0,0.11187,12.342,0
1.7748,0.56994,0.12506,0.12506,12.474,0
1.7748,0.58245,0,0.12455,12.594,0
1.7748,0.5949,0,0.11385,12.712,0
1.8028,0.60628,0.12823,0.12823,12.815,0
1.8028,0.61911,0,0.13644,12.934,0
1.8028,0.63275,0,0.12744,13.051,0
1.8432,0.6455,0.13089,0.13089,13.19,0
1.8432,0.65858,0,0.13571,13.309,0
1.8432,0.67216,0,0.12857,13.427,0
1.8432,0.68501,0,0.12101,13.543,0
1.8432,0.69711,0,0.12645,13.658,0
1.8432,0.70976,0,0.1304,13.772,0
1.9032,0.7228,0.12462,0.12462,13.878,0
1.9032,0.73526,0,0.12257,13.996,0
1.9032,0.74752,0,0.12482,14.112,0
1.9032,0.76,0,0.12211,14.227,0
1.9032,0.77221,0,0.12618,14.34,0
1.9032,0.78483,0,0.12525,14.453,0
1.9032,0.79735,0,0.12512,14.564,0
2.0036,0.80987,0.12085,0.12085,14.733,0
2.0036,0.82195,0,0.11915,14.852,0
2.0036,0.83387,0,0.11368,14.97,0
2.0036,0.84523,0,0.12415,15.086,0
2.048,0.85765,0.12322,0.12322,15.199,0
2.048,0.86997,0,0.1194,15.317,0
2.076,0.88191,0.12366,4.9,15.421,30.503
2.076,1.3719,0,4.9,15.516,35.489
2.1006,1.8619,0.11702,2.0925,15.575,9.7179
2.1006,2.0712,0,0.25755,15.588,0.62251
2.1291,2.0969,0.092861,0.23139,15.598,0.261
