0,0,1.001,0,35.5,0
0.094602,0,0.99317,7.8,35.497,55.165
0.19611,0.78,0.89079,7.8,35.464,61.341
0.19611,1.56,0,7.8,35.367,83.896
0.38754,2.34,0.80625,7.8,35.198,71.994
0.38754,3.12,0,7.8,34.964,93.684
0.38754,3.9,0,7.8,34.651,99.304
0.63158,4.68,0.73395,7.8,34.294,87.724
0.7048,5.46,0.70211,7.8,33.85,93.277
0.7048,6.24,0,6.7,33.336,99.939
0.83768,6.91,0.55183,6.7,32.75,92.071
0.89557,7.58,0.44557,6.7,32.119,98.569
0.89557,8.25,0,6.7,31.417,113.13
0.96562,8.92,0.27756,-0.46192,30.657,28.798
0.96562,8.8738,0,-0.47513,29.864,32.015
0.96562,8.8263,0,-0.48984,29.075,31.59
1.0417,8.7773,0.31455,-0.50369,28.302,26.754
1.0417,8.7269,0,-0.51878,27.531,30.28
1.0417,8.6751,0,-0.53332,26.765,29.836
1.0417,8.6217,0,-0.5478,26.004,29.387
1.0417,8.567,0,-0.56262,25.249,28.928
1.2419,8.5107,0.30763,-0.57932,24.538,23.646
1.2632,8.4528,0.28369,-0.59759,23.815,23.334
1.2632,8.393,0,-0.6167,23.099,26.168
1.31,8.3313,0.29486,-0.6362,22.388,21.997
1.31,8.2677,0,-0.65568,21.689,24.846
1.3925,8.2021,0.4183,-0.67504,20.986,19.34
1.3925,8.1346,0,-0.69484,20.308,23.306
1.3925,8.0652,0,-0.71534,19.637,22.745
1.3925,7.9936,0,-0.7351,18.974,22.183
1.3925,7.9201,0,-0.75539,18.317,21.611
1.3925,7.8446,0,-0.77704,17.668,21.02
1.3925,7.7669,0,-0.79976,17.027,20.414
1.3925,7.6869,0,-0.82074,16.393,19.817
1.3925,7.6048,0,-0.84231,15.768,19.209
1.3925,7.5206,0,-0.86537,15.151,18.585
1.3925,7.434,0,-0.8895,14.543,17.946
1.8881,7.3451,0.41662,-0.91494,14.198,11.487
1.9259,7.2536,0.46366,-0.9392,13.66,10.497
1.9773,7.1597,0.48733,-0.96037,13.141,9.6629
1.9773,7.0636,0,-0.98361,12.627,12.65
1.9773,6.9653,0,-1.0041,12.123,12.065
2.1462,6.8649,0.50313,-1.0205,11.641,7.5978
2.1462,6.7628,0,-1.0402,11.175,10.222
2.1462,6.6588,0,-1.0611,10.718,9.6594
2.2807,6.5527,0.44479,-1.0784,10.282,6.1725
2.2807,6.4449,0,-1.0942,9.8603,8.0832
2.2807,6.3355,0,-1.1085,9.4493,7.5908
2.2807,6.2246,0,-1.1228,9.0494,7.1077
2.2807,6.1123,0,-1.1389,8.6606,6.6247
2.2807,5.9984,0,-1.1608,8.2832,6.125
2.4395,5.8824,-0.028457,-1.1789,7.9643,5.2804
2.4395,5.7645,0,-8.8,7.6259,0
2.4395,4.8845,0,-8.8,7.3374,0
2.4395,4.0045,0,-0.43203,7.1369,2.5587
2.4395,3.9613,0,-8.8,6.9825,0
2.4395,3.0813,0,-0.15263,6.8744,1.0575
2.4395,3.066,0,-0.15881,6.811,1.0032
2.291,3.0501,-0.68821,-0.17026,6.6959,4.7854
2.291,3.0331,0,-0.18272,6.6208,1.2153
2.1497,3.0148,-0.94895,-0.19934,6.5375,7.2351
2.1497,2.9949,0,-8.8,6.452,0
2.1497,2.1149,0,-0.025918,6.4114,0
1.8696,2.1123,-0.82423,-0.039703,6.3737,4.4795
1.8696,2.1083,0,-0.053553,6.3496,0.38662
1.8696,2.103,0,-0.06469,6.326,0.34843
1.8696,2.0965,0,-0.071364,6.303,0.31898
1.8696,2.0894,0,-0.075158,6.2807,0.29509
1.6105,2.0819,-0.51982,-0.079734,6.1871,3.0866
1.6105,2.0739,0,-0.08706,6.1403,0.81422
1.6105,2.0652,0,-0.10175,6.0944,0.75365
1.3637,2.055,-1.5068,-8.8,6.0228,0
1.3637,1.175,0,0.25421,5.9977,0.21134
1.0285,1.2004,-2.1207,-0.016939,5.9876,5.0575
1.0285,1.1987,0,-0.037152,5.9705,0.27615
1.0285,1.195,0,-0.059155,5.9537,0.21827
1.0285,1.1891,0,-0.081366,5.9373,0.15828
1.0285,1.181,0,-0.10081,5.9217,0.1025
0.043227,1.1709,-1.3776,-0.11942,5.6384,5.1862
-0.089642,1.1589,-1.2183,-8.8,5.5255,0
-0.089642,0.27894,0,-1.0878,5.4446,0
-0.089642,0.17016,0,-0.92132,5.4132,0
-0.39649,0.078027,-0.71946,-0.71946,5.3219,1.2036
-0.46536,0.0060814,-0.52643,-0.52643,5.2738,1.1972
-0.46536,0,0,-0.31895,5.2293,0.51459
-0.54167,0,-0.18696,-0.18696,5.1726,1.3412
-0.54167,0,0,-0.17534,5.1194,0.97281
-0.54167,0,0,-0.18757,5.0661,0.94709
-0.6176,0,-0.1808,-8.8,4.9963,0
-0.6407,0,-0.17905,-8.8,4.9798,0
-0.6407,0,0,-8.8,4.9598,0
-0.67218,0,-0.19528,-8.8,4.933,0
-0.67218,0,0,-8.8,4.9097,0
-0.70137,0,-0.18826,-8.8,4.8941,0
-0.72042,0,-0.18117,-8.8,4.8678,0
-0.72042,0,0,-8.8,4.8398,0
-0.72042,0,0,-8.8,4.8118,0
-0.72042,0,0,-8.8,4.7837,0
-0.72042,0,0,-8.8,4.7557,0
-0.80892,0,-0.21025,-8.8,4.7162,0
-0.80892,0,0,-8.8,4.6793,0
-0.80892,0,0,-8.8,4.6424,0
-0.86658,0,-0.18348,-8.8,4.5938,0
-0.88772,0,-0.15789,-8.8,4.5422,0
-0.91264,0,-0.16219,-8.8,4.5019,0
-0.91264,0,0,-8.8,4.4546,0
-0.91264,0,0,-8.8,4.4073,0
-0.96461,0,-0.16087,-8.8,4.3587,0
-0.96461,0,0,-8.8,4.3062,0
-0.96461,0,0,-8.8,4.2537,0
-0.96461,0,0,-8.8,4.2013,0
-0.96461,0,0,-8.8,4.1488,0
-0.96461,0,0,-8.8,4.0964,0
-1.0661,0,-0.18117,-8.8,4.0348,0
-1.094,0,-0.20961,-8.8,3.9615,0
-1.094,0,0,-8.8,3.8961,0
-1.1363,0,-0.19546,-8.8,3.8366,0
-1.151,0,-0.18099,-8.8,3.763,0
-1.1739,0,-0.1586,-8.8,3.6948,0
-1.1739,0,0,-8.8,3.6214,0
-1.1739,0,0,-8.8,3.5481,0
-1.1739,0,0,-8.8,3.4747,0
-1.1739,0,0,-8.8,3.4013,0
-1.1739,0,0,-8.8,3.3279,0
-1.1739,0,0,-8.8,3.2545,0
-1.1739,0,0,-8.8,3.1811,0
-1.2315,0,0.10407,-8.8,3.0535,0
-1.2231,0,0.19126,-8.8,2.9818,0
-1.2231,0,0,-8.8,2.9035,0
-1.1722,0,0.3424,-8.8,2.83,0
-1.1322,0,0.41884,-8.8,2.7658,0
-1.0846,0,0.46059,-8.8,2.6991,0
-1.0445,0,0.47417,-8.8,2.6434,0
-0.99546,0,0.48263,-8.8,2.5941,0
-0.99546,0,0,-8.8,2.5385,0
-0.99546,0,0,-8.8,2.483,0
-0.99546,0,0,-8.8,2.4275,0
-0.99546,0,0,-8.8,2.3719,0
-0.99546,0,0,-8.8,2.3164,0
-0.73408,0,0.46102,-8.8,2.3394,0
-0.68781,0,0.43695,-8.8,2.3055,0
-0.63869,0,0.38821,-8.8,2.2815,0
-0.59497,0,0.34844,-8.8,2.2691,0
-0.59497,0,0,-8.8,2.2536,0
-0.51614,0,0.26913,-8.8,2.2369,0
-0.51614,0,0,-8.8,2.2293,0
-0.51614,0,0,-8.8,2.2216,0
-0.51614,0,0,-8.8,2.214,0
-0.39664,0,0.37002,-8.8,2.2369,0
-0.36348,0,0.42223,-8.8,2.2446,0
-0.36348,0,0,-8.8,2.2522,0
-0.36348,0,0,-8.8,2.2599,0
-0.25187,0,0.50724,-8.8,2.2723,0
-0.25187,0,0,-8.8,2.2911,0
-0.1414,0,0.57332,-8.8,2.3056,0
-0.1414,0,0,-8.8,2.3354,0
-0.037163,0,0.55932,-8.8,2.3793,0
0.015514,0,0.55104,-8.8,2.4258,0
0.076445,0,0.5259,-8.8,2.4651,0
0.076445,0,0,-8.8,2.5167,0
0.076445,0,0,-8.8,2.5684,0
0.076445,0,0,-8.8,2.62,0
0.076445,0,0,-8.8,2.6717,0
0.076445,0,0,-8.8,2.7233,0
0.076445,0,0,-8.8,2.775,0
0.076445,0,0,-8.8,2.8266,0
0.076445,0,0,-8.8,2.8782,0
0.076445,0,0,-8.8,2.9299,0
0.076445,0,0,-8.8,2.9815,0
0.076445,0,0,-8.8,3.0332,0
0.076445,0,0,-8.8,3.0848,0
0.076445,0,0,-8.8,3.1365,0
0.41139,0,-0.096356,-8.8,3.5871,0
0.41139,0,0,-8.8,3.6723,0
0.40264,0,-0.11525,-8.8,3.768,0
0.40264,0,0,-8.8,3.8522,0
0.40264,0,0,-8.8,3.9365,0
0.35876,0,-0.12915,-8.8,3.9929,0
0.35876,0,0,-8.8,4.0728,0
0.33208,0,-0.16432,-8.8,4.1531,0
0.31205,0,-0.13899,-8.8,4.2253,0
0.31205,0,0,-8.8,4.3005,0
0.27109,0,-0.057236,-8.8,4.3853,0
0.26321,0,0.064457,-8.8,4.4657,0
0.26321,0,0,-8.8,4.536,0
0.28547,0,0.29496,-8.8,4.6001,0
0.31001,0,0.41327,-8.8,4.6754,0
0.31001,0,0,-8.8,4.7504,0
0.40084,0,0.59597,-8.8,4.8282,0
0.40084,0,0,-8.8,4.9123,0
0.40084,0,0,0.66413,4.9964,1.0768
0.40084,0.066413,0,0.64445,5.0331,1.198
0.40084,0.13086,0,0.62163,5.0633,1.3004
0.40084,0.19302,0,0.58752,5.0872,1.3481
0.40084,0.25177,0,0.56838,5.1051,1.4487
0.40084,0.30861,0,0.5765,5.1171,1.6618
0.40084,0.36626,0,0.5746,5.1235,1.8371
0.9282,0.42372,0.60524,0.60524,5.3742,0
0.9282,0.48425,0,0.64011,5.4216,0.84949
0.9282,0.54826,0,0.6578,5.4628,1.1143
1.1405,0.61404,0.65775,0.65775,5.5157,0
1.2054,0.67981,0.65945,0.65945,5.5741,0
1.2654,0.74576,0.61623,0.61623,5.6348,0
1.3307,0.80738,0.54095,0.54095,5.6814,0
1.3307,0.86147,0,0.43969,5.7311,0.069215
1.3307,0.90544,0,4.9,5.7758,37.267
1.4634,1.3954,0.21808,0.40164,5.8165,0.29743
1.4634,1.4356,0,0.334,5.8213,0.88686
1.4634,1.469,0,0.1914,5.8224,0.50472
1.4926,1.4881,-0.11359,0.023843,5.8534,0.32634
1.4926,1.4905,0,-0.0023574,5.8537,0
1.4926,1.4903,0,-0.0038611,5.854,0
1.4926,1.4899,0,-0.0063256,5.8542,0
1.4926,1.4893,0,-0.0089921,5.8545,0
1.4926,1.4884,0,-0.011509,5.8549,0
1.4926,1.4872,0,-0.014588,5.8554,0
1.4926,1.4858,0,-0.018319,5.856,0
1.4926,1.4839,0,-0.022228,5.8568,0
1.4926,1.4817,0,-0.025983,5.8577,0
1.2614,1.4791,-0.26379,-0.028731,5.7507,1.2419
1.2614,1.4762,0,-8.8,5.7291,0
1.2614,0.59624,0,-0.26433,5.7516,0
1.2614,0.56981,0,-0.26311,5.8194,0
1.2614,0.5435,0,-0.25164,5.8899,0
1.2614,0.51833,0,-0.27058,5.963,0
1.2614,0.49128,0,-0.30106,6.0386,0
1.1043,0.46117,-0.29675,-0.29675,6.0588,0
1.1043,0.4315,0,-0.2898,6.1246,0
1.0615,0.40252,-0.30055,-0.30055,6.1797,0
1.0229,0.37246,-0.30667,-0.30667,6.2464,0
1.0229,0.34179,0,-0.30626,6.313,0
1.0229,0.31117,0,-0.32297,6.3827,0
1.0229,0.27887,0,-0.32216,6.4555,0
1.0229,0.24665,0,-0.3045,6.5315,0
0.85026,0.2162,-0.29733,-0.29733,6.5759,0
0.82528,0.18647,-0.28933,-0.28933,6.6419,0
0.82528,0.15754,0,-0.25882,6.7073,0
0.82528,0.13166,0,-0.21576,6.7753,0
0.82528,0.11008,0,-0.15796,6.8458,0
0.82528,0.094285,0,-0.066503,6.9181,0
0.82528,0.087635,0,0.020668,6.9915,0
0.82528,0.089702,0,0.061945,7.0652,0
0.76141,0.095896,0.07298,0.07298,7.1051,0
0.76141,0.10319,0,0.088166,7.1713,0
0.77315,0.11201,0.075096,0.075096,7.2329,0
0.77315,0.11952,0,0.094936,7.2986,0
0.77315,0.12901,0,0.17643,7.3635,0
0.77315,0.14666,0,0.24922,7.4271,0
0.77315,0.17158,0,0.30563,7.4885,0
0.87136,0.20214,0.38199,0.38199,7.5957,0
0.87136,0.24034,0,0.4185,7.6607,0
0.87136,0.28219,0,0.40688,7.7218,0
1.0049,0.32288,0.40322,0.40322,7.782,0
1.0049,0.3632,0,0.39939,7.8482,0
1.0049,0.40314,0,0.36824,7.9103,0
1.0049,0.43996,0,0.35979,7.9687,0
1.1552,0.47594,0.37754,0.37754,8.0446,0
1.1973,0.5137,0.40428,0.40428,8.1026,0
1.1973,0.55412,0,0.4288,8.1689,0
1.1973,0.597,0,0.4729,8.2311,0
1.1973,0.6443,0,0.44616,8.2888,0
1.1973,0.68891,0,0.40619,8.3418,0
1.1973,0.72953,0,0.30244,8.3907,0
1.4333,0.75977,0.1568,0.1568,8.5211,0
1.4333,0.77545,0,0.0041784,8.5876,0
1.4478,0.77587,-0.10279,-0.10279,8.6582,0
1.4478,0.76559,0,-0.1831,8.7259,0
1.416,0.74728,-0.19409,-0.19409,8.7939,0
1.416,0.72787,0,-0.19485,8.8617,0
1.3815,0.70839,-0.19946,-0.19946,8.9288,0
1.3815,0.68844,0,-0.19596,8.9971,0
1.3815,0.66885,0,-0.21751,9.0674,0
1.3815,0.64709,0,-0.24337,9.1398,0
1.2947,0.62276,-0.25163,-0.25163,9.1961,0
1.2947,0.59759,0,-0.26503,9.2646,0
1.2947,0.57109,0,-0.2755,9.3356,0
1.2091,0.54354,-0.28199,-0.28199,9.3917,0
1.1788,0.51534,-0.28294,-0.28294,9.4634,0
1.1444,0.48705,-0.29036,-0.29036,9.5383,0
1.1176,0.45801,-0.28946,-0.28946,9.5982,0
1.0906,0.42907,-0.2877,-0.2877,9.6618,0
1.0906,0.4003,0,-0.28792,9.7293,0
1.0379,0.3715,-0.30097,-0.30097,9.8052,0
1.0379,0.34141,0,-0.29783,9.8733,0
0.97035,0.31162,-0.28889,-0.28889,9.9347,0
0.97035,0.28273,0,-0.29907,10.002,0
0.97035,0.25283,0,-0.29983,10.072,0
0.89169,0.22284,-0.28506,-0.28506,10.132,0
0.89169,0.19434,0,-0.27413,10.2,0
0.83197,0.16693,-0.28534,-0.28534,10.267,0
0.83197,0.13839,0,-0.27856,10.335,0
0.83197,0.11054,0,-0.27215,10.406,0
0.7332,0.083321,-0.27728,-0.27728,10.474,0
0.7049,0.055593,-0.28101,-0.28101,10.543,0
0.67987,0.027492,-0.28231,-0.28231,10.614,0
0.64616,0,-0.27925,-0.27925,10.671,0
0.64616,0,0,-0.27704,10.737,0
0.64616,0,0,-0.29146,10.803,0
0.55536,0,-0.29517,-0.29517,10.853,0
0.55536,0,0,-0.29806,10.91,0
0.50224,0,-0.31313,-0.31313,10.958,0
0.50224,0,0,-0.32844,11.01,0
0.50224,0,0,-0.32854,11.062,0
0.41515,0,-0.33122,-0.33122,11.091,0
0.41515,0,0,-0.33525,11.135,0
0.34798,0,-0.30688,-0.30688,11.177,0
0.34798,0,0,-0.28631,11.214,0
0.28298,0,-0.28836,-0.28836,11.251,0
0.28298,0,0,-0.29529,11.281,0
0.22458,0,-0.2735,-0.2735,11.303,0
0.22458,0,0,-0.29605,11.327,0
0.22458,0,0,-0.29275,11.351,0
0.22458,0,0,-0.28368,11.375,0
0.22458,0,0,-0.28664,11.398,0
0.22458,0,0,-0.30143,11.422,0
0.063606,0,-0.30067,-0.30067,11.416,0
0.063606,0,0,-0.41388,11.423,0
-0.0012903,0,-1.4346,-1.4346,11.436,0.0050849
-0.14142,0,-2.8407,-2.8407,11.442,0.29234
-0.14142,0,0,-4.4433,11.442,0
-0.14142,0,0,-6.004,11.451,0
-0.14142,0,0,-7.3361,11.466,0
-2.2073,0,-7.555,-7.555,11.127,4.5273
-2.9626,0,-6.8532,-6.8532,10.912,6.0759
-2.9626,0,0,-5.599,10.65,0
-4.2139,0,-4.2875,-4.2875,10.253,8.641
-4.2139,0,0,-3.0779,9.8529,2.1735
-4.9508,0,-1.9934,-1.9934,9.3544,10.152
-4.9508,0,0,-1.3719,8.8693,7.2688
-4.9508,0,0,-1.0629,8.3811,7.9181
-4.9508,0,0,-0.81472,7.8913,8.4396
-5.4753,0,-0.57321,-0.57321,7.2787,11.227
-5.4753,0,0,-0.40435,6.7341,10.377
-5.4753,0,0,-0.27645,6.1886,10.646
-5.5935,0,-0.20708,-0.20708,5.6334,11.469
-5.6219,0,-0.34265,-0.34265,5.0681,11.527
-5.6219,0,0,-8.8,4.5076,0
-5.6219,0,0,-8.8,3.9894,0
-5.8362,0,-1.3676,-8.8,3.4403,0
-5.973,0,-1.6809,-8.8,2.8921,0
-5.973,0,0,-9.9328,2.3388,0
-6.3248,0,-1.8052,-13.232,1.7505,0
-6.3248,0,0,-19.8,1.1841,0
-6.3248,0,0,-37.983,0.65066,0
-6.3248,0,0,-193.54,0.20809,0
-6.3248,0,0,-64.097,0.54332,0
-6.3248,0,0,-5358.3,0.23132,0
-6.3248,0,0,7.8,26.39,29.358
-6.3248,0.78,0,7.8,25.719,30.957
-6.3248,1.56,0,7.8,24.97,32.556
-6.3248,2.34,0,7.8,24.142,34.155
-6.3248,3.12,0,-0.35224,23.237,18.624
-8.1884,3.0848,-0.71832,-0.38114,21.235,23.821
-8.1884,3.0467,0,-0.41249,20.11,22.168
-8.3205,3.0054,-0.29758,-0.448,18.982,22.905
-8.3415,2.9606,-0.16228,-0.48682,17.85,22.49
-8.3415,2.9119,0,-0.53093,16.723,21.956
-8.3415,2.8588,0,-0.58178,15.6,21.741
-8.3415,2.8007,0,-0.63995,14.483,21.499
-8.3415,2.7367,0,-0.70826,13.372,21.224
-8.4008,2.6658,-0.16687,-0.79029,12.268,21.379
-8.4008,2.5868,0,-0.89064,11.165,20.656
-8.4008,2.4977,0,-1.0091,10.071,20.224
-8.4398,2.3968,-0.10636,-1.1537,8.9827,20.017
-8.4398,2.2815,0,-1.338,7.9048,19.17
-8.4599,2.1477,-0.10142,-1.576,6.8312,18.65
-8.4685,1.9901,-0.091792,-9.5667,5.7722,1.5335
-8.4722,1.0334,-0.089731,-9.564,4.7686,0
-8.4897,0.076997,-0.11263,-9.6175,3.8606,0
-8.4897,0,0,-12.005,3.052,0
-8.5162,0,-0.12071,-16.129,2.2653,0
-8.5318,0,-0.14586,-24.538,1.4921,0
-8.5436,0,-0.27171,-48.811,0.75189,0
-8.5436,0,0,-246.04,0.14159,0
-8.6192,0,-0.64815,-72.377,0.51786,0
-8.6192,0,0,-4184.3,0.017822,0
-8.7798,0,-1.191,7.8,20.063,36.893
-8.7798,0.78,0,-1.3777,19.146,16.705
-9.0355,0.64223,-1.4476,-1.4476,18.173,19.842
-9.0355,0.49747,0,-1.4173,17.212,16.567
-9.0355,0.35574,0,-1.3154,16.266,16.491
-9.0355,0.2242,0,-1.1541,15.334,16.56
-9.5464,0.10879,-0.99473,-0.99473,14.329,19.796
-9.6511,0.0093151,-0.87897,-0.87897,13.367,19.806
-9.6511,0,0,-0.84093,12.405,18.02
-9.6511,0,0,-0.85081,11.444,17.999
-9.6511,0,0,-0.87923,10.483,17.94
-9.9781,0,-0.91869,-0.91869,9.4605,20.458
-10.068,0,-0.82511,-0.82511,8.468,20.642
-10.068,0,0,-0.69753,7.4653,19.176
-10.068,0,0,-0.53631,6.462,19.515
-10.294,0,-0.37226,-0.37226,5.4184,21.105
-10.294,0,0,-12.399,4.3909,0
-10.294,0,0,-15.921,3.4235,0
-10.382,0,-0.18919,-22.241,2.444,0
-10.382,0,0,-35.979,1.517,0
-10.382,0,0,-84.371,0.65864,0
-10.382,0,0,-2462,0.042285,0
-10.382,0,0,-0.23615,11.314,20.789
-10.382,0,0,-0.25261,10.277,20.755
-10.52,0,-0.2446,-0.2446,9.1856,21.568
-10.546,0,-0.24331,-0.24331,8.1336,21.623
-10.546,0,0,-0.24037,7.0801,21.118
-10.546,0,0,-0.23081,6.0267,21.138
-10.614,0,-0.3031,-11.66,4.96,0
-10.614,0,0,-14.778,3.9569,0
-10.614,0,0,-19.847,2.9694,0
-10.614,0,0,-29.827,2.0072,0
-10.614,0,0,-55.854,1.0949,0
-10.614,0,0,-220.98,0.31279,0
-10.614,0,0,-221.16,0.35627,0
-10.614,0,0,-238.77,0.40068,0
-10.614,0,0,-210.28,0.5331,0
-11.672,0,-1.9326,-331.22,0.20688,0
-11.872,0,-1.8603,-105.62,0.67925,0
-11.872,0,0,-18681,0.020097,0
-12.229,0,-1.6494,7.8,92.191,44.927
-12.229,0.78,0,7.8,90.93,43.06
-12.535,1.56,-1.4846,7.8,89.558,48.406
-12.676,2.34,-1.3319,7.8,88.096,49.973
-12.676,3.12,0,7.8,86.555,48.773
-12.676,3.9,0,7.8,84.937,50.372
-12.676,4.68,0,7.8,83.24,51.971
-13.068,5.46,-0.40002,7.8,81.363,55.214
-13.068,6.24,0,6.7,79.471,53.661
-13.132,6.91,-0.1696,6.7,77.5,55.524
-13.132,7.58,0,6.7,75.463,56.541
-13.132,8.25,0,6.7,73.358,57.915
-13.132,8.92,0,6.7,71.186,59.288
-13.198,9.59,-0.1496,6.7,68.953,61.11
-13.205,10.26,-0.13297,6.7,66.646,62.463
-13.205,10.93,0,6.7,64.266,63.557
-13.205,11.6,0,6.7,61.819,64.93
-13.205,12.27,0,4.8,59.305,62.311
-13.205,12.75,0,4.8,56.733,63.295
-13.254,13.23,-0.1636,4.8,54.096,64.724
-13.254,13.71,0,4.8,51.424,65.364
-13.254,14.19,0,4.8,48.703,66.348
-13.254,14.67,0,4.8,45.935,67.332
-13.254,15.15,0,4.8,43.119,68.316
-13.254,15.63,0,-1.9696,40.254,55.075
-13.254,15.433,0,-2.1819,37.376,54.225
-13.362,15.215,-0.3149,-2.4343,34.473,54.132
-13.386,14.971,-0.44618,-2.7381,31.616,53.32
-13.439,14.698,-0.64088,-3.1093,28.783,52.495
