9.0302,9.0302,1.1777,0,35.5,0.44589
9.0302,9.0302,0,6.7,35.5,60.872
9.0302,9.7002,0,6.7,35.467,65.492
9.0302,10.37,0,6.7,35.366,70.147
9.5762,11.04,1.5376,6.7,35.303,44.663
9.7267,11.71,1.5445,-0.12349,35.121,1.4221
9.7267,11.698,0,-0.11364,34.924,5.3372
10.043,11.686,1.593,-0.10388,34.748,1.2322
10.208,11.676,1.5993,-0.093428,34.596,1.1713
10.208,11.667,0,-0.083189,34.45,3.6946
10.208,11.658,0,-0.073003,34.304,3.7151
10.208,11.651,0,-0.062093,34.16,3.7427
10.208,11.645,0,-0.051366,34.016,3.7732
10.993,11.64,1.3927,-0.04208,34.07,0.75772
11.14,11.636,1.3181,-0.032271,34.017,0.62815
11.14,11.632,0,-0.023545,33.968,1.0717
11.393,11.63,1.2104,-0.015468,33.955,0.44922
11.514,11.628,1.1738,-0.0074931,33.937,0.39831
11.63,11.628,1.0901,0.0021091,33.922,0.23728
11.63,11.628,0,0.099828,33.923,0.22896
11.63,11.638,0,0.16535,33.922,0.43256
11.63,11.654,0,0.211,33.921,0.61224
11.63,11.676,0,0.25818,33.917,0.822
11.63,11.701,0,0.28682,33.912,0.99207
12.094,11.73,0.36979,0.29635,34.054,0
12.094,11.76,0,0.29856,34.089,0
12.094,11.79,0,0.29542,34.121,0.048471
12.177,11.819,0.0075486,0.28797,34.147,0
12.177,11.848,0,0.26416,34.182,0
12.177,11.874,0,0.23756,34.213,0
12.145,11.898,-0.38394,0.19694,34.225,1.2752
12.145,11.918,0,0.14403,34.249,0
12.049,11.932,-0.50267,0.09269,34.259,1.802
11.993,11.941,-0.43281,0.040854,34.263,1.4337
11.958,11.945,-0.25053,0.0095493,34.269,0.69145
11.958,11.946,0,-0.00043057,34.271,0
11.925,11.946,0.084933,-0.0014467,34.257,0
11.934,11.946,0.24613,-0.00078069,34.249,0
11.934,11.946,0,0.014545,34.248,0.055567
12.015,11.948,0.67271,0.053763,34.259,0
12.082,11.953,0.96936,0.10253,34.266,0
12.186,11.963,1.298,0.17625,34.279,0.28518
12.316,11.981,1.6532,0.26497,34.315,1.0731
12.316,12.007,0,0.37954,34.348,0.29069
12.69,12.045,2.392,0.50617,34.419,3.1916
12.69,12.096,0,0.65735,34.481,0.48024
12.69,12.162,0,0.80833,34.537,1.3005
12.69,12.243,0,0.96301,34.586,2.3142
13.792,12.339,2.8142,1.1091,34.854,2.8903
13.792,12.45,0,1.2327,34.994,0.5877
13.792,12.573,0,1.305,35.122,1.3475
13.792,12.704,0,1.346,35.237,2.0236
13.792,12.838,0,1.3453,35.339,2.5149
13.792,12.973,0,1.3142,35.428,2.8461
14.907,13.104,0.86351,1.2782,35.922,0
14.998,13.232,0.80526,1.2371,36.092,0
14.998,13.356,0,1.1911,36.262,0
14.998,13.475,0,1.142,36.42,0
14.998,13.589,0,1.1032,36.567,0
14.998,13.699,0,1.0588,36.702,0
14.998,13.805,0,1.0119,36.827,0.10821
15.374,13.906,0.41829,0.96875,37.042,0
15.374,14.003,0,0.92453,37.184,0
15.374,14.096,0,0.87741,37.317,0
15.484,14.183,0.40597,0.83886,37.458,0
15.484,14.267,0,0.81091,37.583,0
15.484,14.348,0,0.77902,37.701,0
15.606,14.426,0.37417,0.74582,37.831,0
15.645,14.501,0.36321,0.71919,37.938,0
15.645,14.573,0,0.69089,38.049,0
15.708,14.642,0.37569,0.66266,38.166,0
15.708,14.708,0,0.6374,38.269,0
15.779,14.772,0.42685,0.61983,38.363,0
15.779,14.834,0,0.6009,38.46,0
15.779,14.894,0,0.58668,38.552,0
15.779,14.953,0,0.58511,38.638,0
15.779,15.011,0,0.57766,38.717,0
15.779,15.069,0,0.57078,38.791,0
16.088,15.126,0.75237,0.57659,38.939,0
16.168,15.184,0.82332,0.58754,39.046,0
16.168,15.242,0,0.59719,39.141,0
16.168,15.302,0,0.60891,39.231,0
16.421,15.363,0.95009,0.62398,39.353,0
16.421,15.425,0,0.63962,39.456,0
16.421,15.489,0,0.66039,39.553,0
16.718,15.555,1.1094,0.67643,39.698,0
16.718,15.623,0,0.69424,39.811,0
16.929,15.692,1.0599,0.71285,39.94,0
17.037,15.764,0.91166,0.73055,40.059,0
17.037,15.837,0,0.73932,40.182,0
17.037,15.911,0,0.74,40.299,0
17.037,15.985,0,0.73025,40.408,0
17.323,16.058,0.3893,0.71223,40.58,0
17.323,16.129,0,0.69431,40.703,0
17.414,16.198,0.3406,0.67811,40.83,0
17.414,16.266,0,0.65648,40.949,0
17.475,16.332,0.34096,0.63224,41.071,0
17.475,16.395,0,0.61657,41.183,0
17.475,16.457,0,0.59601,41.287,0
17.475,16.516,0,0.58443,41.386,0
17.475,16.575,0,0.56864,41.479,0
17.642,16.632,0.34971,0.54834,41.629,0
17.671,16.686,0.38254,0.53255,41.723,0
17.671,16.74,0,0.52058,41.819,0
17.739,16.792,0.43088,0.50897,41.909,0
17.79,16.843,0.44496,0.5079,42.003,0
17.827,16.893,0.41761,0.49879,42.091,0
17.827,16.943,0,0.49486,42.182,0
17.907,16.993,0.36986,0.48519,42.275,0
17.907,17.041,0,0.47981,42.364,0
17.993,17.089,0.33029,0.4771,42.453,0
17.993,17.137,0,0.46845,42.541,0
17.993,17.184,0,0.46294,42.624,0
18.093,17.23,0.31727,0.45192,42.702,0
18.119,17.275,0.30593,0.44061,42.797,0
18.119,17.319,0,0.43082,42.879,0
18.119,17.362,0,0.42449,42.957,0
18.208,17.405,0.41723,0.41662,43.057,0
18.25,17.447,0.48347,0.41542,43.137,0
18.25,17.488,0,0.4219,43.215,0
18.352,17.53,0.52279,0.42305,43.314,0
18.394,17.573,0.4966,0.4222,43.4,0
18.439,17.615,0.50233,0.42287,43.49,0
18.439,17.657,0,0.42461,43.57,0
18.439,17.7,0,0.428,43.646,0
18.439,17.742,0,0.43191,43.718,0
18.439,17.786,0,0.4383,43.786,0
18.439,17.829,0,0.44788,43.849,0
18.787,17.874,0.58294,0.46139,43.973,0
18.787,17.92,0,0.4643,44.062,0
18.904,17.967,0.54237,0.47153,44.166,0
18.904,18.014,0,0.4691,44.257,0
18.904,18.061,0,0.47014,44.344,0
19.065,18.108,0.64437,0.47797,44.43,0
19.065,18.156,0,0.48671,44.524,0
19.193,18.204,0.67877,0.49088,44.606,0
19.193,18.253,0,0.50055,44.703,0
19.193,18.303,0,0.50609,44.794,0
19.398,18.354,0.68066,0.51442,44.9,0
19.46,18.406,0.69858,0.51796,44.998,0
19.46,18.457,0,4.8,45.101,32.52
19.602,18.937,0.69389,0.31267,45.185,0
19.666,18.969,0.67214,0.32756,45.26,0
19.666,19.001,0,0.34202,45.328,0
19.666,19.036,0,0.35367,45.393,0
19.666,19.071,0,0.36926,45.455,0
19.666,19.108,0,0.38185,45.512,0
20,19.146,0.69257,0.39777,45.658,0
20.075,19.186,0.6652,0.41347,45.744,0
20.075,19.227,0,0.42874,45.831,0
20.075,19.27,0,0.43821,45.914,0
20.075,19.314,0,0.44499,45.992,0
20.075,19.358,0,0.44957,46.066,0
20.4,19.403,0.79696,0.45921,46.218,0
20.4,19.449,0,0.47508,46.315,0
20.4,19.497,0,0.49264,46.408,0
20.4,19.546,0,0.50702,46.496,0
20.4,19.597,0,4.8,46.579,33.772
20.817,20.077,0.8311,0.32547,46.755,0
20.817,20.109,0,0.34518,46.827,0
20.979,20.144,0.8441,0.36636,46.924,0
20.979,20.18,0,0.38422,47.005,0
20.979,20.219,0,0.40408,47.083,0
20.979,20.259,0,0.41809,47.157,0
21.285,20.301,0.62308,0.4291,47.3,0
21.354,20.344,0.48862,0.43982,47.394,0
21.354,20.388,0,0.44185,47.493,0
21.354,20.432,0,0.43727,47.587,0
21.354,20.476,0,0.42707,47.677,0
21.354,20.519,0,0.41388,47.763,0
21.354,20.56,0,0.39848,47.844,0
21.354,20.6,0,0.38895,47.922,0
21.507,20.639,0.13373,4.8,48.076,31.307
21.507,21.119,0,0.16702,48.139,0
21.537,21.135,0.32949,0.16659,48.174,0
21.579,21.152,0.34134,0.17694,48.217,0
21.579,21.17,0,0.1859,48.259,0
21.633,21.188,0.13672,0.18403,48.314,0
21.633,21.207,0,0.18097,48.358,0
21.648,21.225,0.10583,0.17485,48.416,0
21.654,21.242,0.29578,0.16999,48.459,0
21.654,21.259,0,0.17529,48.5,0
21.654,21.277,0,0.19526,48.538,0
21.654,21.296,0,0.21757,48.575,0
21.654,21.318,0,0.24527,48.61,0
21.654,21.343,0,0.26362,48.642,0
21.654,21.369,0,0.28165,48.672,0.057623
22.116,21.397,0.44925,0.2954,48.856,0
22.116,21.427,0,0.29921,48.927,0
22.116,21.457,0,0.29955,48.994,0
22.229,21.487,0.20501,0.30417,49.089,0
22.229,21.517,0,0.29579,49.162,0
22.229,21.547,0,0.28808,49.232,0
22.263,21.575,0.068991,0.28118,49.301,0
22.263,21.603,0,0.27039,49.368,0
22.261,21.631,0.037078,4.8,49.43,34.279
22.261,22.111,0,0.059975,49.469,0
22.265,22.117,0.10433,0.058337,49.494,0
22.271,22.122,0.1807,0.058547,49.517,0
22.271,22.128,0,0.063112,49.531,0
22.271,22.135,0,0.07038,49.545,0
22.271,22.142,0,0.084571,49.559,0
22.271,22.15,0,0.097385,49.571,0
22.431,22.16,0.22545,0.10647,49.636,0
22.46,22.17,0.11696,0.11366,49.673,0
22.475,22.182,0.081253,0.11503,49.696,0
22.475,22.193,0,0.10999,49.725,0
22.475,22.204,0,0.106,49.752,0
22.475,22.215,0,0.11026,49.779,0
22.527,22.226,0.41033,0.11829,49.826,0
22.568,22.238,0.39213,0.12945,49.862,0
22.568,22.251,0,0.14334,49.894,0
22.568,22.265,0,0.15326,49.925,0
22.691,22.28,0.35355,0.16083,49.965,0
22.731,22.296,0.36309,0.17038,50,0
22.731,22.313,0,0.17435,50.042,0
22.731,22.331,0,0.18482,50.083,0
22.834,22.349,0.30082,0.18962,50.12,0
22.864,22.368,0.29307,0.19386,50.16,0
22.894,22.388,0.34345,0.19759,50.21,0
22.894,22.407,0,0.2042,50.259,0
22.894,22.428,0,0.21183,50.307,0
23.015,22.449,0.45522,0.2207,50.361,0
23.015,22.471,0,0.22925,50.417,0
23.015,22.494,0,0.23339,50.47,0
23.112,22.517,0.25947,0.23123,50.529,0
23.112,22.541,0,0.23149,50.587,0
23.174,22.564,0.47419,0.23725,50.649,0
23.174,22.587,0,0.24896,50.709,0
23.174,22.612,0,4.8,50.767,35.298
23.174,23.092,0,0.097785,50.799,0.045302
23.174,23.102,0,0.12367,50.806,0.13076
23.174,23.114,0,0.1391,50.813,0.19891
23.523,23.128,0.38114,0.14779,50.927,0
23.523,23.143,0,0.15894,50.965,0
23.616,23.159,0.42849,0.17107,50.998,0
23.616,23.176,0,0.18115,51.043,0
23.713,23.194,0.52166,0.19398,51.09,0
23.713,23.214,0,0.20744,51.141,0
23.713,23.234,0,0.21989,51.19,0
23.865,23.256,0.44487,0.22718,51.254,0
23.865,23.279,0,0.23244,51.314,0
23.954,23.302,0.62103,0.24309,51.387,0
23.954,23.327,0,0.25531,51.45,0
23.954,23.352,0,0.27115,51.512,0
23.954,23.379,0,0.28592,51.571,0
23.954,23.408,0,0.30451,51.627,0
23.954,23.438,0,0.32004,51.68,0
23.954,23.47,0,0.32948,51.73,0
23.954,23.503,0,0.34102,51.777,0
23.954,23.537,0,4.8,51.82,36.222
23.954,24.017,0,0.18548,51.838,0.63163
23.954,24.036,0,0.19517,51.831,0.70986
23.954,24.055,0,0.19958,51.822,0.77488
24.659,24.075,0.52819,0.20914,52.242,0
24.659,24.096,0,0.22309,52.3,0
24.77,24.119,0.69193,0.23306,52.372,0
24.77,24.142,0,0.25068,52.436,0
24.77,24.167,0,0.26449,52.497,0
24.975,24.193,0.61279,0.27935,52.58,0
24.975,24.221,0,0.28947,52.657,0
24.975,24.25,0,0.2997,52.731,0
25.138,24.28,0.53426,0.30606,52.835,0
25.138,24.311,0,0.31539,52.919,0
25.138,24.342,0,0.32632,53,0
25.322,24.375,0.63667,0.33747,53.13,0
25.388,24.409,0.63345,4.8,53.218,23.721
25.461,24.889,0.5716,0.19726,53.294,0
25.461,24.909,0,0.21329,53.35,0
25.587,24.93,0.55715,0.22645,53.413,0
25.64,24.953,0.56298,0.23685,53.472,0
25.64,24.976,0,0.24857,53.54,0
25.64,25.001,0,0.25943,53.605,0
25.64,25.027,0,0.2702,53.667,0
25.862,25.054,0.44458,0.2778,53.785,0
25.862,25.082,0,0.2862,53.865,0
25.946,25.11,0.34899,0.287,53.944,0
25.946,25.139,0,0.29165,54.026,0
25.946,25.168,0,0.29357,54.106,0
25.946,25.198,0,0.30145,54.182,0
25.946,25.228,0,0.3126,54.255,0
25.946,25.259,0,4.8,54.325,34.511
25.946,25.739,0,0.17887,54.37,0
25.946,25.757,0,0.19342,54.39,0.045076
26.392,25.776,0.41481,0.20475,54.564,0
26.44,25.797,0.49677,0.21386,54.635,0
26.44,25.818,0,0.22134,54.698,0
26.548,25.84,0.7892,0.23518,54.782,0
26.548,25.864,0,0.25353,54.851,0
26.548,25.889,0,0.27638,54.919,0
26.814,25.917,0.95098,0.29785,55.029,0
26.91,25.947,0.93972,0.3196,55.119,0
26.91,25.979,0,0.33965,55.214,0
26.91,26.013,0,0.3582,55.306,0
27.194,26.048,1.0097,0.37938,55.418,0
27.3,26.086,1.087,4.8,55.535,17.163
27.417,26.566,1.1169,0.27364,55.632,0
27.417,26.594,0,0.30004,55.716,0
27.648,26.624,0.92794,0.32911,55.82,0
27.648,26.657,0,0.35089,55.921,0
27.818,26.692,0.61704,0.36165,56.038,0
27.874,26.728,0.44321,0.36774,56.142,0
27.874,26.765,0,0.37117,56.255,0
27.874,26.802,0,0.37405,56.364,0
28.016,26.839,0.57556,0.377,56.491,0
28.07,26.877,0.58503,4.8,56.617,23.122
28.07,27.357,0,0.24143,56.712,0
28.181,27.381,0.4784,0.24917,56.78,0
28.22,27.406,0.46902,0.25345,56.86,0
28.22,27.431,0,0.25727,56.94,0
28.309,27.457,0.54236,0.26498,57.014,0
28.309,27.483,0,0.27353,57.098,0
28.446,27.511,0.97932,0.29054,57.195,0
28.446,27.54,0,0.31271,57.288,0
28.666,27.571,1.1808,0.34007,57.394,0.1083
28.793,27.605,1.2712,0.3689,57.501,0.40714
28.918,27.642,1.2284,4.8,57.617,15.386
28.918,28.122,0,0.27839,57.72,0
28.918,28.15,0,0.30209,57.798,0
28.918,28.18,0,0.32218,57.874,0
29.336,28.212,0.80608,0.33918,58.039,0
29.336,28.246,0,0.35371,58.15,0
29.498,28.282,0.81737,0.36717,58.284,0
29.574,28.318,0.83435,0.37876,58.406,0
29.653,28.356,0.78185,0.3913,58.537,0
29.726,28.395,0.7295,4.8,58.662,20.573
29.726,28.875,0,0.27415,58.771,0
29.877,28.903,0.55087,0.28611,58.852,0
29.935,28.931,0.41038,0.29472,58.941,0
29.981,28.961,0.35316,0.29946,59.041,0
29.981,28.991,0,0.30136,59.141,0
30.046,29.021,0.21542,0.30074,59.25,0
30.046,29.051,0,0.29876,59.351,0
30.046,29.081,0,0.29607,59.449,0
30.128,29.11,0.36405,0.29834,59.542,0
30.158,29.14,0.41442,-2,59.647,32.239
30.158,28.94,0,4.8,59.759,31.175
30.158,29.42,0,0.23419,59.857,0
30.249,29.444,0.21815,0.23309,59.953,0
30.261,29.467,0.20297,0.22988,60.036,0
30.273,29.49,0.15897,-2,60.116,24.934
30.273,29.29,0,-2,60.205,26.297
30.273,29.09,0,-2,60.313,30.085
30.273,28.89,0,4.8,60.441,30.144
30.273,29.37,0,-2,60.556,24.91
30.161,29.17,-0.93938,-2,60.667,14.536
30.063,28.97,-1.0678,4.8,60.772,51.652
30.063,29.45,0,-2,60.858,20.416
30.063,29.25,0,-2,60.929,23.423
29.732,29.05,-1.1704,4.8,60.97,56.896
29.615,29.53,-1.2354,-2,61.004,2.7183
29.615,29.33,0,-2,61.023,16.226
29.338,29.13,-1.3864,-2,61.051,2.2364
29.207,28.93,-1.4028,4.8,61.079,65.364
29.065,29.41,-1.3817,-2,61.078,0.73826
29.065,29.21,0,-2,61.054,11.917
29.065,29.01,0,4.8,61.049,38.534
29.065,29.49,0,-2,61.031,9.6954
28.528,29.29,-1.3863,-2,60.903,0.61915
28.528,29.09,0,-2,60.837,8.7505
28.528,28.89,0,4.8,60.79,41.229
28.528,29.37,0,-2,60.73,7.0959
28.528,29.17,0,-2,60.656,8.2425
28.528,28.97,0,4.8,60.602,41.748
28.528,29.45,0,-2,60.534,6.6839
28.528,29.25,0,-2,60.451,7.7632
27.634,29.05,-0.523,4.8,59.954,58.015
27.634,29.53,0,-0.13716,59.789,4.9391
27.536,29.516,-0.48379,-0.13986,59.583,8.7293
27.536,29.502,0,-0.14235,59.386,5.1632
27.536,29.488,0,-0.14484,59.19,5.0983
27.536,29.474,0,-0.14626,58.996,5.0384
27.431,29.459,0.25028,-0.14619,58.778,4.0492
27.431,29.444,0,-0.14438,58.576,5.3249
27.431,29.43,0,-0.14077,58.375,5.2915
27.53,29.416,0.35425,-0.13799,58.191,3.2072
27.572,29.402,0.32567,-0.13457,58.005,3.1727
27.572,29.389,0,-0.13165,57.823,4.6841
27.572,29.375,0,-0.12891,57.642,4.6516
27.572,29.362,0,-0.12546,57.462,4.6238
27.572,29.35,0,-0.12265,57.284,4.594
27.572,29.338,0,-0.11928,57.106,4.5681
27.779,29.326,0.3493,-0.11679,56.993,2.3683
27.81,29.314,0.38922,-0.11397,56.841,2.1374
27.81,29.303,0,-0.10984,56.691,3.6799
27.81,29.292,0,-0.10559,56.542,3.6634
27.951,29.281,0.47635,-0.10194,56.409,1.5217
27.951,29.271,0,-0.097961,56.276,3.1721
28.035,29.261,0.43751,-0.094604,56.149,1.4039
28.035,29.252,0,-0.090763,56.027,2.8775
28.121,29.243,0.50722,-0.087103,55.92,1.0555
28.121,29.234,0,-0.082322,55.809,2.5956
28.235,29.226,0.64433,-0.077347,55.716,0.63454
28.235,29.218,0,-0.071724,55.618,2.2499
28.235,29.211,0,-0.065032,55.52,2.2551
28.235,29.204,0,-0.059077,55.422,2.2594
28.235,29.198,0,-0.052487,55.326,2.268
28.235,29.193,0,-0.047003,55.23,2.2742
28.235,29.188,0,-0.041878,55.134,2.2806
28.722,29.184,0.7417,-0.036567,55.21,0
28.804,29.181,0.92442,-0.029826,55.162,0.027173
28.804,29.178,0,-0.022517,55.124,0.78029
28.804,29.175,0,-0.014203,55.087,0.79879
28.804,29.174,0,-0.0053656,55.05,0.82109
29.204,29.173,0.80456,0.0084023,55.088,0
29.204,29.174,0,0.030116,55.091,0.0024083
29.204,29.177,0,0.049491,55.094,0.05199
29.419,29.182,0.76249,0.064648,55.115,0
29.419,29.189,0,0.081784,55.139,0
29.579,29.197,0.9191,0.10418,55.185,0
29.579,29.207,0,0.12895,55.222,0
29.579,29.22,0,0.15005,55.259,0
29.579,29.235,0,0.17049,55.294,0
29.927,29.252,0.70743,0.18414,55.416,0
29.989,29.271,0.65935,0.19602,55.488,0
29.989,29.29,0,0.20732,55.558,0
30.121,29.311,0.60669,0.22089,55.628,0
30.121,29.333,0,0.2309,55.708,0
30.121,29.356,0,0.23771,55.786,0
30.121,29.38,0,0.24467,55.861,0
30.121,29.404,0,0.25215,55.934,0
30.384,29.43,0.58649,0.26034,56.063,0
30.384,29.456,0,0.26927,56.157,0
30.384,29.483,0,0.28194,56.249,0
30.589,29.511,0.68793,0.29441,56.381,0
30.589,29.54,0,0.30755,56.488,0
30.589,29.571,0,0.31639,56.591,0
30.589,29.603,0,0.32463,56.691,0
30.863,29.635,0.76522,0.33529,56.848,0
30.863,29.669,0,0.34683,56.969,0
31.013,29.703,0.76887,0.35773,57.111,0
31.013,29.739,0,0.36809,57.24,0
31.013,29.776,0,0.38024,57.366,0
31.013,29.814,0,0.38955,57.487,0
31.013,29.853,0,0.39511,57.605,0
31.013,29.892,0,0.40378,57.719,0
31.441,29.933,0.65902,0.41181,57.939,0
31.441,29.974,0,0.4172,58.088,0
31.441,30.016,0,0.42315,58.233,0
31.622,30.058,0.53652,0.42732,58.406,0
31.622,30.101,0,0.43061,58.56,0
31.622,30.144,0,0.43264,58.71,0
31.622,30.187,0,0.43407,58.856,0
31.622,30.23,0,0.43769,58.997,0
31.622,30.274,0,0.44017,59.134,0
31.622,30.318,0,0.44472,59.267,0
31.622,30.363,0,0.45034,59.395,0
32.091,30.408,0.62276,0.46005,59.712,0
32.091,30.454,0,0.46653,59.878,0
32.211,30.5,0.40926,0.46734,60.052,0
32.243,30.547,0.21298,0.4633,60.224,0
32.259,30.593,0.20583,0.45512,60.391,0
