9.1667,9.1667,-0.58218,0,35.5,2.1681
9.1667,9.1667,0,6.7,35.5,60.872
9.1667,9.8367,0,6.7,35.467,65.492
9.1667,10.507,0,6.7,35.366,70.147
8.9039,11.177,-0.83084,-0.13432,35.157,13.807
8.8177,11.163,-0.95568,-0.1399,34.934,15.705
8.7317,11.149,-1.1144,-0.1456,34.702,18.236
8.7317,11.135,0,-0.15337,34.461,6.7545
8.4809,11.119,-1.4184,-0.16219,34.214,24.303
8.4809,11.103,0,-0.17173,33.951,7.5173
8.4809,11.086,0,-0.18237,33.69,7.3824
8.4809,11.068,0,-0.19419,33.43,7.2371
8.4809,11.048,0,-0.206,33.172,7.0883
7.6744,11.028,-1.8712,-0.21958,32.75,37.881
7.6744,11.006,0,-0.23466,32.416,10.099
7.6744,10.982,0,-0.2508,32.084,9.8852
7.6744,10.957,0,-0.26744,31.754,9.6631
6.8669,10.93,-2.1267,-0.28478,31.248,48.832
6.8669,10.902,0,-0.30404,30.843,12.793
6.8669,10.872,0,-0.32345,30.441,12.506
6.8669,10.839,0,-0.34436,30.042,12.202
6.8669,10.805,0,-0.3662,29.647,11.885
5.7906,10.768,-2.0076,-0.3887,28.979,51.192
5.7906,10.729,0,-0.41151,28.483,16.325
5.3975,10.688,-1.7903,-0.43497,27.952,47.446
5.2111,10.645,-1.5773,-0.4594,27.409,43.266
5.2111,10.599,0,-0.4829,26.868,18.003
5.2111,10.55,0,-0.50533,26.332,17.57
5.2111,10.5,0,-0.52578,25.8,17.146
5.2111,10.447,0,-0.5452,25.274,16.723
5.2111,10.393,0,-0.56343,24.753,16.304
5.2111,10.336,0,-0.58281,24.238,15.87
4.5702,10.278,-0.51815,-0.60209,23.427,24.879
4.5264,10.218,-0.53315,-0.62173,22.847,24.792
4.5264,10.156,0,-0.64394,22.281,17.892
4.5264,10.091,0,-0.66632,21.721,17.381
4.5264,10.025,0,-0.69145,21.168,16.842
4.2608,9.9556,-0.88477,-0.71902,20.574,28.964
4.2608,9.8837,0,-0.7502,20.008,16.987
4.2608,9.8087,0,-0.78665,19.45,16.322
4.2608,9.73,0,-0.82914,18.899,15.601
3.7515,9.6471,-1.7563,-0.87588,18.262,45.358
3.574,9.5595,-1.9726,-0.92904,17.678,24.765
3.574,9.4666,0,-0.99064,17.084,16.39
3.1589,9.3676,-2.3418,-1.0623,16.444,23.871
3.1589,9.2613,0,-1.1422,15.829,16.217
3.1589,9.1471,0,-1.2329,15.224,14.974
2.4124,9.0238,-2.5879,-1.333,14.527,22.476
2.1577,8.8905,-2.553,-1.443,13.864,21.823
1.9052,8.7462,-2.4758,-1.5636,13.192,21.046
1.6582,8.5899,-2.4289,-1.6977,12.502,20.19
1.4249,8.4201,-2.3692,-1.8444,11.8,19.21
1.4249,8.2356,0,-2.0129,11.11,13.114
1.4249,8.0344,0,-2.1972,10.439,11.115
1.4249,7.8146,0,-2.3894,9.7888,9.2337
1.4249,7.5757,0,-2.6021,9.1618,7.5101
0.37483,7.3155,-1.5406,-5.2,8.2587,6.539
0.37483,6.7955,0,-5.2,7.5907,2.3234
0.092102,6.2755,-1.104,-5.2,6.9531,4.0692
-0.019162,5.7555,-0.94129,-8.8,6.3488,0
-0.019162,4.8755,0,-8.8,5.8154,0
-0.019162,3.9955,0,-8.8,5.3699,0
-0.019162,3.1155,0,-8.8,5.0125,0
-0.019162,2.2355,0,-8.8,4.743,0
-0.39595,1.3555,-0.45333,-8.8,4.4704,0
-0.39595,0.47548,0,-8.8,4.3392,0
-0.39595,0,0,-8.8,4.2961,0
-0.46341,0,0.21181,-8.8,4.2941,0
-0.46341,0,0,-8.8,4.2917,0
-0.39708,0,0.46394,-8.8,4.2917,0
-0.39708,0,0,-8.8,4.296,0
-0.39708,0,0,-8.8,4.3003,0
-0.39708,0,0,-8.8,4.3046,0
-0.21913,0,0.38072,-8.8,4.3327,0
-0.21913,0,0,-8.8,4.3548,0
-0.21913,0,0,-8.8,4.3769,0
-0.21913,0,0,-8.8,4.399,0
-0.21913,0,0,-8.8,4.4211,0
-0.018545,0,0.29494,-8.8,4.4775,0
-0.018545,0,0,-8.8,4.5197,0
-0.018545,0,0,-8.8,4.5618,0
-0.018545,0,0,-8.8,4.604,0
-0.018545,0,0,-8.8,4.6461,0
-0.018545,0,0,-8.8,4.6883,0
-0.018545,0,0,-8.8,4.7304,0
-0.034066,0,-0.47877,-8.8,4.7824,0
-0.034066,0,0,-8.8,4.823,0
-0.15485,0,-0.75602,-8.8,4.8457,0
-0.15485,0,0,-8.8,4.8742,0
-0.29578,0,-0.53056,-8.8,4.8829,0
-0.29578,0,0,-8.8,4.8974,0
-0.29578,0,0,-8.8,4.9118,0
-0.29578,0,0,-8.8,4.9262,0
-0.29578,0,0,-8.8,4.9406,0
-0.29578,0,0,-8.8,4.9551,0
-0.36513,0,0.04301,-8.8,4.9234,0
-0.36358,0,0.074191,-8.8,4.9234,0
-0.36358,0,0,-8.8,4.9311,0
-0.35708,0,0.045357,-8.8,4.9338,0
-0.34991,0,0.063554,-8.8,4.9369,0
-0.34991,0,0,-8.8,4.9459,0
-0.34991,0,0,-8.8,4.9549,0
-0.32479,0,0.063317,-8.8,4.9588,0
-0.32479,0,0,-8.8,4.9704,0
-0.31984,0,0.06468,-8.8,4.9805,0
-0.31984,0,0,-8.8,4.9925,0
-0.31597,0,0.055374,0.055374,5.0133,0.64773
-0.31597,0.0055374,0,-8.8,4.9815,0
-0.31597,0,0,-8.8,4.9933,0
-0.29817,0,0.055909,0.055909,5.0203,0.61124
-0.29849,0.0055909,0.064552,-8.8,4.981,0
-0.29849,0,0,-8.8,4.9946,0
-0.29849,0,0,0.060005,5.0088,0.73798
-0.29849,0.0060005,0,-8.8,4.9786,0
-0.27055,0,0.059284,-8.8,4.9829,0
-0.27055,0,0,0.05566,4.9998,0.67158
-0.27055,0.005566,0,-8.8,4.9725,0
-0.27055,0,0,-8.8,4.9889,0
-0.24294,0,0.058635,0.058635,5.0026,0.49802
-0.24213,0.0058635,0.05577,-8.8,4.9777,0
-0.24213,0,0,-8.8,4.9969,0
-0.2278,0,0.054205,0.054205,5.0143,0.46699
-0.2278,0.0054205,0,-8.8,4.9913,0
-0.20287,0,0.058401,0.058401,5.0065,0.41588
-0.19011,0.0058401,0.063606,-8.8,4.9878,0
-0.19011,0,0,0.062445,5.0122,0.52094
-0.18786,0.0062445,0.061552,-8.8,4.9914,0
-0.18786,0,0,0.062214,5.016,0.51585
-0.18403,0.0062214,0.062045,-8.8,5.0025,0
-0.18403,0,0,0.059291,5.0275,0.50185
-0.18403,0.0059291,0,0.061099,5.0088,0.51781
-0.18403,0.012039,0,-8.8,4.9895,0
-0.16277,0,0.057791,0.057791,5.0416,0.33368
-0.15149,0.0057791,0.055883,0.055883,5.02,0.3224
-0.15149,0.011367,0,-8.8,5.004,0
-0.13382,0,0.051686,0.051686,5.0324,0.27434
-0.13382,0.0051686,0,0.054643,5.0188,0.39975
-0.13382,0.010633,0,-8.8,5.0046,0
-0.11111,0,0.060258,0.060258,5.028,0.22778
-0.11184,0.0060258,0.06016,0.06016,5.0236,0.24163
-0.10082,0.012042,0.068111,-8.8,5.0022,0
-0.10082,0,0,0.063577,5.0349,0.34027
-0.082237,0.0063577,0.059748,0.059748,5.0344,0.18162
-0.084822,0.012332,0.05899,0.05899,5.0303,0.19917
-0.084822,0.018231,0,0.06362,5.0203,0.34494
-0.084822,0.024593,0,0.052221,5.0096,0.33403
-0.084822,0.029816,0,-8.8,4.9984,0
-0.084822,0,0,0.05548,5.031,0.29046
-0.029225,0.005548,0.056318,0.056318,5.0323,0.071284
-0.029225,0.01118,0,0.04917,5.0286,0.18615
-0.020463,0.016097,0.059907,0.059907,5.0286,0.074948
-0.020463,0.022088,0,0.060875,5.0247,0.21514
-0.020463,0.028175,0,0.058409,5.0201,0.22244
-0.020463,0.034016,0,-8.8,5.0149,0
0.028809,0,0.064976,0.064976,5.0624,0
0.028809,0.0064976,0,0.059446,5.065,0.085049
0.028809,0.012442,0,0.056772,5.0669,0.091671
0.028809,0.018119,0,0.05749,5.0683,0.10569
0.045635,0.023868,0.049921,0.049921,5.0662,0
0.045635,0.028861,0,0.054772,5.0681,0.086115
0.045635,0.034338,0,0.052526,5.0695,0.092723
0.060744,0.03959,0.051478,0.051478,5.101,0
0.056897,0.044738,0.058046,0.058046,5.1039,0
0.056897,0.050543,0,0.062957,5.1048,0.12817
0.056897,0.056838,0,0.05098,5.1051,0.11347
0.056897,0.061936,0,0.058195,5.1049,0.14176
0.056897,0.067756,0,0.061208,5.1041,0.16186
0.056897,0.073877,0,0.080459,5.1027,0.22334
0.060591,0.081923,0.16415,0.16415,5.1184,0.043986
0.060591,0.098338,0,0.25136,5.1154,0.7789
0.09863,0.12347,0.3213,0.3213,5.1028,0.051259
0.09863,0.1556,0,0.37881,5.0987,1.2961
0.09863,0.19348,0,0.4051,5.0911,1.514
0.20768,0.23399,0.41554,-8.8,5.0944,0
0.25642,0,0.55704,0.55704,5.1304,0
0.30502,0.055704,0.80897,0.80897,5.1561,0
0.3772,0.1366,1.1032,1.1032,5.1834,0
0.3772,0.24692,0,1.3897,5.2019,6.1123
0.62664,0.38589,1.5824,1.5824,5.2147,0
0.62664,0.54413,0,-8.8,5.2308,0
0.62664,0,0,1.1202,5.2831,2.4947
1.0398,0.11202,0.5831,0.5831,5.3948,0
1.0398,0.17033,0,-0.12874,5.4846,0
1.0787,0.15746,-1.0265,-1.0265,5.5924,0
1.0787,0.054813,0,-1.9444,5.6896,0
1.0787,0,0,-2.7577,5.8017,0
0.50981,0,-3.4536,-3.4536,5.8625,0
0.16345,0,-3.973,-3.973,5.9079,0
0.16345,0,0,-4.3537,5.9441,0
0.16345,0,0,-4.5816,5.9823,0
-1.12,0,-4.6975,-4.6975,5.8241,2.3122
-1.5929,0,-4.7303,-4.7303,5.7025,3.2817
-1.5929,0,0,-4.7378,5.5669,0
-1.5929,0,0,-4.7097,5.4313,0
-1.5929,0,0,-4.7036,5.2955,0
-3.4994,0,-4.7748,-8.8,4.7715,0
-3.4994,0,0,-8.8,4.4656,0
-3.4994,0,0,-8.8,4.1597,0
-4.9272,0,-4.8378,-8.8,3.6317,1.7913
-5.4154,0,-4.7123,-9.3583,3.1561,1.3553
-5.4154,0,0,-11.11,2.6613,0
-6.3394,0,-4.2962,-13.958,2.0797,0
-6.3394,0,0,-19.398,1.5155,0
-6.3394,0,0,-32.752,0.97858,0
-7.5092,0,-2.9949,-92.894,0.31361,0
-7.5092,0,0,-1712.8,0.02717,0
-8.0412,0,-1.8206,-1.8206,7.7835,16.501
-8.0412,0,0,-1.3356,6.9885,13.694
-8.3615,0,-1.1195,-1.1195,6.1654,17.157
-8.4658,0,-1.0971,-1.0971,5.3265,17.371
-8.5792,0,-1.2534,-9.4795,4.4737,0.31849
-8.5792,0,0,-11.79,3.6632,0
-8.838,0,-1.6302,-15.425,2.831,0
-8.838,0,0,-21.732,2.0244,0
-9.161,0,-1.5751,-35.751,1.2278,0
-9.161,0,0,-91.206,0.4905,0
-9.161,0,0,9.8,1.0307,39.389
-9.6102,0.98,-1.4915,-8820.1,0.0063589,0
-9.6102,0,0,7.8,43.048,36.107
-9.9145,0.78,-1.6853,7.8,42.013,41.871
-9.9145,1.56,0,7.8,40.905,39.929
-10.266,2.34,-1.8042,7.8,39.672,46.039
-10.448,3.12,-1.7344,7.8,38.355,47.865
-10.448,3.9,0,7.8,36.959,45.819
-10.448,4.68,0,7.8,35.485,47.418
-10.87,5.46,-0.43677,7.8,33.852,50.8
-10.87,6.24,0,6.7,32.18,49.17
-10.87,6.91,0,6.7,30.435,50.544
-10.87,7.58,0,-1.0067,28.624,35.723
-10.87,7.4793,0,-1.0973,26.784,35.327
-10.737,7.3696,0.82817,-1.2007,24.964,32.871
-10.737,7.2495,0,-1.32,23.159,34.115
-10.737,7.1175,0,-1.4562,21.367,33.558
-10.453,6.9719,1.3004,-1.6162,19.644,29.609
-10.453,6.8103,0,-1.8041,17.91,31.615
-10.199,6.6299,1.3498,-2.0274,16.222,27.419
-10.07,6.4271,1.3213,-2.2996,14.55,26.227
-9.9428,6.1972,1.2703,-2.6298,12.925,24.908
-9.9428,5.9342,0,-3.0428,11.325,26.17
-9.6841,5.6299,1.1609,-3.5666,9.7752,21.476
-9.6841,5.2733,0,-4.2515,8.2616,21.745
-9.4405,4.8481,1.1105,-13.888,6.8059,0
-9.3391,3.4593,1.1047,-13.893,5.4607,0
-9.2232,2.0699,1.0907,-13.899,4.2541,0
-9.1045,0.68004,1.0412,-13.901,3.2036,0
-9.1045,0,0,-16.569,2.2947,0
-9.1045,0,0,-25.476,1.4671,0
-9.1045,0,0,-50.997,0.68402,0
-8.7094,0,0.914,-296.59,0.12749,0
-8.7094,0,0,-48.786,0.73948,0
-8.7094,0,0,-282.02,0.11247,0
-8.7094,0,0,-50.435,0.65165,0
-8.3235,0,0.9516,-354.89,0.097346,0
-8.2285,0,0.94629,-31.544,1.042,0
-8.1373,0,0.93065,-85.271,0.38407,0
-8.0542,0,0.89861,9.8,1,35.231
-7.9572,0.98,0.84128,-254.27,0.15655,0
-7.881,0,0.80411,-56.284,0.54398,0
-7.7964,0,0.78977,-884.8,0.034318,0
-7.7122,0,0.80161,-8.8,3.6781,0
-7.6245,0,0.79976,-9.0075,2.9638,0
-7.6245,0,0,-11.916,2.2464,0
-7.6245,0,0,-17.324,1.5435,0
-7.6245,0,0,-30.045,0.86767,0
-7.3376,0,0.54429,-87.993,0.30405,0
-7.3376,0,0,-3942.7,0.010261,0
-7.3376,0,0,0.52485,18.99,16.161
-7.3376,0.052485,0,0.5509,18.254,16.323
-7.3376,0.10757,0,0.5995,17.512,16.539
-7.0652,0.16752,0.64161,0.64161,16.839,14.843
-7.0019,0.23169,0.65371,0.65371,16.116,14.845
-7.0019,0.29706,0,0.64782,15.389,16.34
-6.8701,0.36184,0.61751,0.61751,14.666,14.842
-6.8701,0.42359,0,0.54116,13.939,16.105
-6.8701,0.47771,0,0.45305,13.207,16.031
-6.6923,0.52301,0.35217,0.35217,12.495,14.808
-6.6923,0.55823,0,0.26938,11.772,15.446
-6.6329,0.58517,0.21156,0.21156,11.059,14.813
-6.6157,0.60632,0.15468,0.15468,10.343,14.821
-6.6157,0.62179,0,0.091099,9.6197,15.045
-6.5895,0.6309,0.024344,0.024344,8.9014,14.818
-6.5895,0.63333,0,-0.026929,8.1793,14.767
-6.6074,0.63064,-0.075412,-0.075412,7.4374,14.854
-6.6117,0.6231,-0.10308,-0.10308,6.7101,14.848
-6.6117,0.61279,0,-0.12858,5.9871,14.556
-6.6234,0.59993,-0.17312,-8.8,5.2511,0
-6.6234,0,0,-8.8,4.5728,0
-6.6234,0,0,-8.8,3.9544,0
-6.6234,0,0,-8.8,3.3361,0
-6.7037,0,-0.17646,-8.8,2.7219,0
-6.7037,0,0,-10.92,2.0955,0
-6.748,0,-0.082531,-15.409,1.4855,0
-6.748,0,0,-25.929,0.88779,0
-6.748,0,0,-66.509,0.34264,0
-6.7492,0,0.097412,9.8,1,34.24
-6.7492,0.98,0,-109.89,0.27608,0
-6.7492,0,0,-384.05,0.052639,0
-6.7086,0,0.29938,-16.884,1.3095,0
-6.6691,0,0.29764,-30.14,0.73061,0
-6.6457,0,0.2416,-99.156,0.22216,0
-6.6457,0,0,-353.22,0.053375,0
-6.591,0,0.012844,-18.726,1.1591,0
-6.591,0,0,-36.84,0.59367,0
-6.591,0,0,-193.91,0.11877,0
-6.591,0,0,-53.716,0.42924,0
-6.7224,0,-2.1241,-1188.2,0.019051,0
-6.7224,0,0,-3.3088,5.2877,6.8447
-6.7224,0,0,-10.282,4.632,0
-6.7224,0,0,-13.353,4.0112,0
-8.2925,0,-6.3074,-17.171,3.1649,0
-8.2925,0,0,-23.357,2.4215,0
-8.2925,0,0,-36.159,1.7091,0
-8.2925,0,0,-76.636,1.0606,0
-10.998,0,-7.4313,-729.33,0.083778,0
-11.74,0,-7.6607,-34.166,2.6001,0
-12.51,0,-7.7871,-58.165,1.5533,0
-13.294,0,-7.8205,-168.83,0.54879,0
-13.294,0,0,-3858.8,0.063575,0
-13.294,0,0,-7.8127,18.028,10.852
-13.294,0,0,-7.7954,16.738,10.888
-16.414,0,-7.7819,-7.7819,14.836,33.665
-16.414,0,0,-7.7404,13.233,17.401
-16.414,0,0,-7.7137,11.631,17.457
-16.414,0,0,-7.5597,10.028,17.78
-19.505,0,-7.2156,-7.2156,7.7916,40.002
-20.228,0,-6.7019,-6.7019,5.8401,41.483
-20.228,0,0,-63.337,3.8508,0
-20.228,0,0,-119.99,2.1447,0
-20.228,0,0,-550.98,0.72185,0
-22.574,0,-4.7281,-265.21,0.9782,0
-22.574,0,0,-15784,0.0468,0
-22.574,0,0,7.8,76.711,62.683
-23.894,0.78,-3.6426,7.8,74.198,74.641
-23.894,1.56,0,7.8,71.692,68.586
-24.585,2.34,-2.9904,7.8,69.024,77.886
-24.585,3.12,0,7.8,66.293,73.202
-25.159,3.9,-2.5365,7.8,63.425,81.306
-25.405,4.68,-1.9682,7.8,60.474,82.215
-25.602,5.46,-1.3344,7.8,57.426,82.887
-25.602,6.24,0,6.7,54.28,79.371
-25.602,6.91,0,6.7,51.063,80.745
-25.602,7.58,0,6.7,47.778,82.118
-25.602,8.25,0,6.7,44.426,83.492
-25.602,8.92,0,6.7,41.008,84.865
-25.602,9.59,0,6.7,37.522,86.239
-25.602,10.26,0,-2.0748,33.969,69.174
-25.915,10.053,-0.3036,-2.4321,30.23,69.277
-25.915,9.8093,0,-2.8997,26.645,67.159
-25.983,9.5193,-0.22215,-3.5341,23.076,65.837
-26.009,9.1659,-0.24755,-4.4231,19.539,63.35
-26.009,8.7236,0,-5.7339,16.043,59.169
-26.009,8.1502,0,-7.8192,12.599,53.612
-26.009,7.3683,0,-7.84,9.2221,51.965
-26.009,6.5843,0,-90.616,5.9236,0
-26.128,0,-0.28418,-110.82,3.088,0
-26.128,0,0,-333.44,1.0293,0
-26.128,0,0,-4051.6,0.083717,0
-26.128,0,0,-0.15003,17.729,53.264
-26.128,0,0,-0.018824,15.117,53.539
-26.128,0,0,0.1234,12.504,53.838
-26.215,0.01234,0.19141,0.19141,9.8549,53.782
-26.215,0.031481,0,0.074662,7.2313,53.978
-26.215,0.038947,0,-74.797,4.6063,0
-26.206,0,-0.55989,-146.12,2.3591,0
-26.206,0,0,-728.61,0.46904,0
-26.206,0,0,-234.58,1.4914,0
-26.392,0,-0.5817,-25920,0.013436,0
-26.445,0,-0.23657,7.8,126.98,71.116
-26.461,0.78,-0.038625,7.8,124.29,72.332
-26.461,1.56,0,7.8,121.52,73.849
-26.461,2.34,0,7.8,118.68,75.448
-26.478,3.12,-0.18587,7.8,115.77,77.473
-26.478,3.9,0,7.8,112.77,78.681
-26.533,4.68,-0.29679,7.8,109.7,81.016
-26.573,5.46,-0.26211,7.8,106.53,82.624
-26.6,6.24,-0.26408,6.7,103.29,81.972
-26.6,6.91,0,6.7,99.971,82.791
-26.6,7.58,0,6.7,96.586,84.164
-26.665,8.25,-0.2665,6.7,93.13,86.231
-26.688,8.92,-0.2619,6.7,89.609,87.641
-26.688,9.59,0,6.7,86.015,88.464
-26.688,10.26,0,6.7,82.353,89.837
-26.777,10.93,-0.2656,6.7,78.598,91.953
-26.803,11.6,-0.26277,6.7,74.79,93.373
-26.803,12.27,0,4.8,70.917,90.202
-26.855,12.75,-0.26245,4.8,66.973,91.844
-26.855,13.23,0,4.8,62.989,92.277
-26.855,13.71,0,4.8,58.956,93.261
-26.855,14.19,0,4.8,54.876,94.245
-26.855,14.67,0,4.8,50.747,95.229
-26.962,15.15,-0.26391,4.8,46.529,96.987
-26.962,15.63,0,4.8,42.294,97.416
-26.962,16.11,0,-3.3256,38.011,81.327
-26.962,15.777,0,-3.9336,33.72,79.367
-27.079,15.384,-0.26256,-4.7426,29.465,77.652
-27.079,14.91,0,-5.856,25.243,73.789
-27.079,14.324,0,-7.4521,21.073,69.235
-27.157,13.579,-0.25638,-7.84,16.956,67.591
-27.157,12.795,0,-7.84,12.922,65.445
-27.157,12.011,0,-85.997,8.966,0
-27.157,3.4113,0,-85.892,5.4791,0
-27.157,0,0,-130.82,2.8517,0
-27.157,0,0,-483.57,0.79007,0
-27.288,0,-0.2672,-797.57,0.46698,0
-27.315,0,-0.26639,-216.42,1.7259,0
-27.335,0,-0.26493,-5038.1,0.074161,0
-27.358,0,-0.26291,7.8,22.525,73.042
-27.376,0.78,-0.2601,-0.2601,19.757,57.737
-27.401,0.75399,-0.1348,-0.1348,16.943,57.733
-27.407,0.74051,-0.0010892,-0.0010892,14.125,57.718
-27.407,0.7404,0,0.12526,11.31,57.981
-27.407,0.75293,0,0.23515,8.4945,58.238
-27.407,0.77644,0,0.3584,5.6773,58.545
-27.342,0.81228,0.38577,-138.03,2.8635,0
-27.342,0,0,-507.69,0.73819,0
-27.268,0,0.43491,-693.6,0.53567,0
-27.268,0,0,-290.01,1.2769,0
-27.268,0,0,-1.6827e+05,9.4679e-05,0
-27.268,0,0,7.8,838.61,72.306
-27.04,0.78,1.09,7.8,835.88,71.146
-26.937,1.56,1.4288,7.8,833.06,71.823
-26.787,2.34,1.7793,7.8,830.18,72.378
-26.787,3.12,0,7.8,827.23,77.715
-26.787,3.9,0,7.8,824.2,79.314
-26.787,4.68,0,7.8,821.09,80.913
-25.921,5.46,2.5083,7.8,818.08,75.466
-25.67,6.24,2.5475,6.7,814.92,74.158
-25.41,6.91,2.5549,6.7,811.7,74.983
-25.158,7.58,2.5112,6.7,808.46,75.931
-24.9,8.25,2.3931,6.7,805.16,77.024
-24.9,8.92,0,6.7,801.81,83.426
-24.9,9.59,0,6.7,798.4,84.799
-24.9,10.26,0,6.7,794.91,86.173
-24.9,10.93,0,6.7,791.37,87.546
-23.951,11.6,1.4266,6.7,788.03,83.977
-23.951,12.27,0,4.8,784.44,84.356
-23.951,12.75,0,4.8,780.79,85.34
-23.698,13.23,-0.84341,4.8,777.15,87.577
-23.698,13.71,0,4.8,773.44,86.788
-23.698,14.19,0,4.8,769.67,87.772
-23.698,14.67,0,4.8,765.86,88.756
-24.527,15.15,-2.4175,4.8,761.89,96.52
-24.763,15.63,-1.6238,4.8,757.87,96.32
-24.92,16.11,-0.70578,4.8,753.8,95.698
-24.999,16.59,0.073551,4.8,749.67,95.206
-24.999,17.07,0,4.8,745.49,96.345
-24.916,17.55,1.3859,4.8,741.26,94.246
-24.916,18.03,0,4.8,736.99,98.142
-24.916,18.51,0,4.8,732.67,99.126
-24.916,18.99,0,4.8,728.31,100.11
-24.916,19.47,0,4.8,723.89,101.09
-23.974,19.95,2.0949,4.8,719.65,95.744
-23.758,20.43,2.0696,4.8,715.24,96.34
-23.758,20.91,0,4.8,710.8,101.67
-23.758,21.39,0,4.8,706.31,102.66
-23.155,21.87,1.9636,4.8,701.86,98.278
-23.155,22.35,0,4.8,697.33,103.39
-22.761,22.83,1.81,4.8,692.79,99.76
-22.761,23.31,0,4.8,688.2,104.55
-22.4,23.79,1.5237,4.8,683.61,101.59
-22.4,24.27,0,4.8,678.96,105.78
-22.096,24.75,1.3931,4.8,674.31,103.21
-22.096,25.23,0,4.8,669.6,107.12
-22.096,25.71,0,4.8,664.85,108.1
-22.096,26.19,0,4.8,660.04,109.09
-21.532,26.67,1.153,4.8,655.3,106.49
-21.426,27.15,0.92221,4.8,650.46,107.75
-21.34,27.63,0.62285,4.8,645.6,109.18
-21.273,28.11,0.50614,4.8,640.67,110.27
-21.232,28.59,0.4528,4.8,635.7,111.29
-21.18,29.07,0.43698,-2,630.69,97.907
-21.18,28.87,0,4.8,625.68,112.7
-21.105,29.35,0.42204,-2,620.66,98.36
-21.105,29.15,0,-2,615.62,98.836
-21.026,28.95,0.43447,4.8,610.63,111.64
-21.026,29.43,0,-2,605.6,99.249
-21.026,29.23,0,-2,600.57,98.839
-21.026,29.03,0,4.8,595.55,112.72
-21.026,29.51,0,-2,590.52,99.413
-21.026,29.31,0,-2,585.48,99.003
-20.642,29.11,0.73902,-2,580.55,96.252
-20.559,28.91,0.65501,4.8,575.59,110.14
-20.5,29.39,0.57402,-2,570.61,96.881
-20.5,29.19,0,-2,565.63,97.678
-20.5,28.99,0,4.8,560.67,111.56
-20.361,29.47,0.47703,-2,555.72,96.964
-20.361,29.27,0,-2,550.75,97.557
-20.262,29.07,0.47356,-2,545.82,95.948
-20.262,28.87,0,4.8,540.9,110.82
-20.262,29.35,0,-2,535.96,97.518
-20.127,29.15,0.46109,-2,531.03,95.864
-20.083,28.95,0.45935,4.8,526.11,109.65
-20.083,29.43,0,-2,521.19,97.315
-20.083,29.23,0,-2,516.25,96.905
-19.937,29.03,0.63009,4.8,511.35,109.16
-19.937,29.51,0,-2,506.43,97.181
-19.79,29.31,0.82083,-2,501.51,94.744
-19.79,29.11,0,-2,496.61,96.059
-19.79,28.91,0,4.8,491.73,109.94
-19.79,29.39,0,-2,486.84,96.633
-19.79,29.19,0,-2,481.93,96.223
-19.79,28.99,0,4.8,477.04,110.1
-19.79,29.47,0,-2,472.14,96.797
-19.37,29.27,0.07547,-2,467.41,95.368
-19.37,29.07,0,-2,462.56,95.116
-19.346,28.87,0.19089,4.8,457.74,108.54
-19.334,29.35,0.25768,-2,452.89,95.074
-19.334,29.15,0,-2,448.03,95.205
-19.334,28.95,0,4.8,443.19,109.08
-19.247,29.43,0.15676,-2,438.34,95.272
-19.247,29.23,0,-2,433.48,95.192
-19.231,29.03,-0.076721,4.8,428.65,109.2
-19.231,29.51,0,-2,423.8,95.732
-19.261,29.31,-0.21635,-2,418.94,95.838
-19.285,29.11,-0.27156,-2,414.09,95.594
-19.285,28.91,0,4.8,409.26,108.9
-19.285,29.39,0,-2,404.42,95.597
-19.285,29.19,0,-2,399.56,95.187
