8982,32,46.696,38.416,41.010499,38.8,0.650827,100.4,0.05795,0.109882,0,0,0,0,0,0,0,0,0,0,0,0,0,0,0,0,0,0,0,0,0,0,0,0,0,0,0,0,0,0,0,0,0,0,0,0,0,0,0,0,0,0,0,0,0,0,0,0,0,0,0,0,0,0,0,0,0,0,0,0,0,0,0,0,0,0,43.552632,0,0
8982,33,46.796,38.416,41.010499,38.8,0.813587,100.4,0.052273,0.111508,0,0,0,0,0,0,0,0,0,0,0,0,0,0,0,0,0,0,0,0,0,0,0,0,0,0,0,0,0,0,0,0,0,0,0,0,0,0,0,0,0,0,0,0,0,0,0,0,0,0,0,0,0,0,0,0,0,0,0,0,0,0,0,0,0,0,43.552632,0,0
8982,34,46.896,38.416,41.63187,38.8,0.976347,100.4,0.051111,0.089828,0,0,0,0,0,0,0,0,0,0,0,0,0,0,0,0,0,0,0,0,0,0,0,0,0,0,0,0,0,0,0,0,0,0,0,0,0,0,0,0,0,0,0,0,0,0,0,0,0,0,0,0,0,0,0,0,0,0,0,0,0,0,0,0,0,0,43.552632,0,0
8982,35,46.996,38.024,41.63187,38.8,1.139107,100.4,0.027845,0.107368,0,0,0,0,0,0,0,0,0,0,0,0,0,0,0,0,0,0,0,0,0,0,0,0,0,0,0,0,0,0,0,0,0,0,0,0,0,0,0,0,0,0,0,0,0,0,0,0,0,0,0,0,0,0,0,0,0,0,0,0,0,0,0,0,0,0,43.552632,0,0
8982,36,47.096,38.024,42.253241,38.8,0.976347,100.4,0.033148,0.096376,0,0,0,0,0,0,0,0,0,0,0,0,0,0,0,0,0,0,0,0,0,0,0,0,0,0,0,0,0,0,0,0,0,0,0,0,0,0,0,0,0,0,0,0,0,0,0,0,0,0,0,0,0,0,0,0,0,0,0,0,0,0,0,0,0,0,43.552632,0,0
8982,37,47.196,37.632,42.253241,38.8,1.139107,100.4,0.036227,0.084845,0,0,0,0,0,0,0,0,0,0,0,0,0,0,0,0,0,0,0,0,0,0,0,0,0,0,0,0,0,0,0,0,0,0,0,0,0,0,0,0,0,0,0,0,0,0,0,0,0,0,0,0,0,0,0,0,0,0,0,0,0,0,0,0,0,0,43.552632,0,0
8982,38,47.296,37.632,42.253241,41.1,0.976347,99.8,0.057834,0.094423,0,0,0,0,0,0,0,0,0,0,0,0,0,0,0,0,0,0,0,0,0,0,0,0,0,0,0,0,0,0,0,0,0,0,0,0,0,0,0,0,0,0,0,0,0,0,0,0,0,0,0,0,0,0,0,0,0,0,0,0,0,0,0,0,0,0,43.552632,0,0
8982,39,47.396,37.632,42.253241,41.1,0.976347,99.8,0.077191,0.079551,0,0,0,0,0,0,0,0,0,0,0,0,0,0,0,0,0,0,0,0,0,0,0,0,0,0,0,0,0,0,0,0,0,0,0,0,0,0,0,0,0,0,0,0,0,0,0,0,0,0,0,0,0,0,0,0,0,0,0,0,0,0,0,0,0,0,43.552632,0,0
8982,40,47.496,37.632,42.874612,41.1,1.139107,99.8,0.066096,0.080968,0,0,0,0,0,0,0,0,0,0,0,0,0,0,0,0,0,0,0,0,0,0,0,0,0,0,0,0,0,0,0,0,0,0,0,0,0,0,0,0,0,0,0,0,0,0,0,0,0,0,0,0,0,0,0,0,0,0,0,0,0,0,0,0,0,0,43.552632,0,0
8982,41,47.596,37.632,42.874612,41.1,0.976347,99.8,0.067524,0.073427,0,0,0,0,0,0,0,0,0,0,0,0,0,0,0,0,0,0,0,0,0,0,0,0,0,0,0,0,0,0,0,0,0,0,0,0,0,0,0,0,0,0,0,0,0,0,0,0,0,0,0,0,0,0,0,0,0,0,0,0,0,0,0,0,0,0,43.552632,0,0
8982,42,47.696,37.632,43.495983,41.1,0.976347,99.8,0.085006,0.057143,0,0,0,0,0,0,0,0,0,0,0,0,0,0,0,0,0,0,0,0,0,0,0,0,0,0,0,0,0,0,0,0,0,0,0,0,0,0,0,0,0,0,0,0,0,0,0,0,0,0,0,0,0,0,0,0,0,0,0,0,0,0,0,0,0,0,43.552632,0,0
8982,43,47.796,37.632,43.495983,41.1,0.813587,99.8,0.089329,0.081069,0,0,0,0,0,0,0,0,0,0,0,255,0,0,0,0,0,0,254,0,0,0,0,0,0,-0.1,0,0,0,0,0,0,-25.8,0,0,0,0,0,0,-0.1,0,0,0,0,0,0,-25.8,0,0,0,0,0,0,-0.002,0,0,0,0,0,0,-0.004,0,0,0,0,0,43.552632,0,0
8982,44,47.896,37.632,43.495983,41.1,0.650827,99.8,0.061364,0.057352,0,0,0,0,0,0,0,0,0,0,0,0,0,0,0,0,0,0,0,0,0,0,0,0,0,0,0,0,0,0,0,0,0,0,0,0,0,0,0,0,0,0,0,0,0,0,0,0,0,0,0,0,0,0,0,0,0,0,0,0,0,0,0,0,0,0,43.552632,0,0
8982,45,47.996,37.632,43.495983,41.1,0.813587,99.8,0.057225,0.032447,0,0,0,0,0,0,0,0,0,0,0,0,0,0,0,0,0,0,0,0,0,0,0,0,0,0,0,0,0,0,0,0,0,0,0,0,0,0,0,0,0,0,0,0,0,0,0,0,0,0,0,0,0,0,0,0,0,0,0,0,0,0,0,0,0,0,43.552632,0,0
8982,46,48.096,37.632,43.495983,41.1,0.976347,99.8,0.055716,0.054536,0,0,0,0,0,0,0,0,0,0,0,0,0,0,0,0,0,0,0,0,0,0,0,0,0,0,0,0,0,0,0,0,0,0,0,0,0,0,0,0,0,0,0,0,0,0,0,0,0,0,0,0,0,0,0,0,0,0,0,0,0,0,0,0,0,0,43.552632,0,0
8982,47,48.196,37.632,43.495983,41.1,0.813587,99.8,0.059927,0.070072,0,0,0,0,0,0,0,0,0,0,0,0,0,0,0,0,0,0,0,0,0,0,0,0,0,0,0,0,0,0,0,0,0,0,0,0,0,0,0,0,0,0,0,0,0,0,0,0,0,0,0,0,0,0,0,0,0,0,0,0,0,0,0,0,0,0,43.552632,0,0
8982,48,48.296,37.632,44.117355,42.9,0.813587,99.1,0.067509,0.058539,0,0,0,0,0,0,0,0,0,0,0,0,0,0,0,0,0,0,0,0,0,0,0,0,0,0,0,0,0,0,0,0,0,0,0,0,0,0,0,0,0,0,0,0,0,0,0,0,0,0,0,0,0,0,0,0,0,0,0,0,0,0,0,0,0,0,43.552632,0,0
8982,49,48.396,37.632,44.117355,42.9,0.650827,99.1,0.063822,0.044711,0,0,0,0,0,0,0,0,0,0,0,0,0,0,0,0,0,0,0,0,0,0,0,0,0,0,0,0,0,0,0,0,0,0,0,0,0,0,0,0,0,0,0,0,0,0,0,0,0,0,0,0,0,0,0,0,0,0,0,0,0,0,0,0,0,0,43.552632,0,0
8982,50,48.496,37.632,44.117355,42.9,0.650827,99.1,0.063121,0.047075,0,0,0,0,0,0,0,0,0,0,0,0,0,0,0,0,0,0,0,0,0,0,0,0,0,0,0,0,0,0,0,0,0,0,0,0,0,0,0,0,0,0,0,0,0,0,0,0,0,0,0,0,0,0,0,0,0,0,0,0,0,0,0,0,0,0,43.552632,0,0
8982,51,48.596,37.24,44.117355,42.9,0.650827,99.1,0.066789,0.052392,0,0,0,0,0,0,0,0,0,0,0,0,0,0,0,0,0,0,0,0,0,0,0,0,0,0,0,0,0,0,0,0,0,0,0,0,0,0,0,0,0,0,0,0,0,0,0,0,0,0,0,0,0,0,0,0,0,0,0,0,0,0,0,0,0,0,43.552632,0,0
8982,52,48.696,37.24,44.738726,42.9,0.488067,99.1,0.076835,0.062908,0,0,0,0,0,0,0,0,0,0,0,0,0,0,0,0,0,0,0,0,0,0,0,0,0,0,0,0,0,0,0,0,0,0,0,0,0,0,0,0,0,0,0,0,0,0,0,0,0,0,0,0,0,0,0,0,0,0,0,0,0,0,0,0,0,0,43.552632,0,0
8982,53,48.796,37.632,44.738726,42.9,0.325307,99.1,0.068197,0.057814,0,0,0,0,0,0,0,0,0,0,0,0,0,0,0,0,0,0,0,0,0,0,0,0,0,0,0,0,0,0,0,0,0,0,0,0,0,0,0,0,0,0,0,0,0,0,0,0,0,0,0,0,0,0,0,0,0,0,0,0,0,0,0,0,0,0,43.552632,0,0
8982,54,48.896,37.632,44.738726,42.9,0.162547,99.1,0.056743,0.057687,0,0,0,0,0,0,0,0,0,0,0,0,0,0,0,0,0,0,0,0,0,0,0,0,0,0,0,0,0,0,0,0,0,0,0,0,0,0,0,0,0,0,0,0,0,0,0,0,0,0,0,0,0,0,0,0,0,0,0,0,0,0,0,0,0,0,43.552632,0,0
8982,55,48.995,37.632,44.738726,42.9,-0.162973,99.1,0.050964,0.026898,0,0,0,0,0,0,0,0,0,0,0,0,0,0,0,0,0,0,0,0,0,0,0,0,0,0,0,0,0,0,0,0,0,0,0,0,0,0,0,0,0,0,0,0,0,0,0,0,0,0,0,0,0,0,0,0,0,0,0,0,0,0,0,0,0,0,43.552632,0,0
8982,56,49.096,37.632,44.738726,42.9,-0.651253,99.1,0.036576,0.027845,0,0,0,0,0,0,0,0,0,0,0,0,0,0,0,0,0,0,0,0,0,0,0,0,0,0,0,0,0,0,0,0,0,0,0,0,0,0,0,0,0,0,0,0,0,0,0,0,0,0,0,0,0,0,0,0,0,0,0,0,0,0,0,0,0,0,43.552632,0,0
8982,57,49.195,36.848,44.738726,42.9,-0.814013,99.1,0.042125,0.036461,0,0,0,0,0,0,0,0,0,0,0,0,0,0,0,0,0,0,0,0,0,0,0,0,0,0,0,0,0,0,0,0,0,0,0,0,0,0,0,0,0,0,0,0,0,0,0,0,0,0,0,0,0,0,0,0,0,0,0,0,0,0,0,0,0,0,43.552632,0,0
8982,58,49.296,36.848,45.360097,44.3,-0.976773,98.5,0.027376,0.032096,0,0,0,0,0,0,0,0,0,0,0,0,0,0,0,0,0,0,0,0,0,0,0,0,0,0,0,0,0,0,0,0,0,0,0,0,0,0,0,0,0,0,0,0,0,0,0,0,0,0,0,0,0,0,0,0,0,0,0,0,0,0,0,0,0,0,43.552632,0,0
8982,59,49.396,37.24,45.360097,44.3,-0.976773,98.5,0.00118,0.032098,0,0,0,0,0,0,0,0,0,0,0,0,0,0,0,0,0,0,0,0,0,0,0,0,0,0,0,0,0,0,0,0,0,0,0,0,0,0,0,0,0,0,0,0,0,0,0,0,0,0,0,0,0,0,0,0,0,0,0,0,0,0,0,0,0,0,43.552632,0,0
8982,60,49.496,37.24,45.981468,44.3,-0.976773,98.5,-0.01345,0.054297,0,0,0,0,0,0,0,0,0,0,0,0,0,0,0,0,0,0,0,0,0,0,0,0,0,0,0,0,0,0,0,0,0,0,0,0,0,0,0,0,0,0,0,0,0,0,0,0,0,0,0,0,0,0,0,0,0,0,0,0,0,0,0,0,0,0,43.552632,0,0
8982,61,49.596,37.24,45.981468,44.3,-0.814013,98.5,-0.01322,0.073418,0,0,0,0,0,0,0,0,0,0,0,0,0,0,0,0,0,0,0,0,0,0,0,0,0,0,0,0,0,0,0,0,0,0,0,0,0,0,0,0,0,0,0,0,0,0,0,0,0,0,0,0,0,0,0,0,0,0,0,0,0,0,0,0,0,0,43.552632,0,0
8982,62,49.695,37.24,45.981468,44.3,-1.139533,98.5,0.003659,0.071401,0,0,0,0,0,0,0,0,0,0,0,0,0,0,0,0,0,0,0,0,0,0,0,0,0,0,0,0,0,0,0,0,0,0,0,0,0,0,0,0,0,0,0,0,0,0,0,0,0,0,0,0,0,0,0,0,0,0,0,0,0,0,0,0,0,0,43.552632,0,0
8982,63,49.796,37.24,45.981468,44.3,-1.627813,98.5,0.058426,0.051108,0,0,0,0,0,0,0,0,0,0,0,0,0,0,0,0,0,0,0,0,0,0,0,0,0,0,0,0,0,0,0,0,0,0,0,0,0,0,0,0,0,0,0,0,0,0,0,0,0,0,0,0,0,0,0,0,0,0,0,0,0,0,0,0,0,0,43.552632,0,0
8982,64,49.896,37.24,45.981468,44.3,-1.953333,98.5,0.041422,0.038354,0,0,0,0,0,0,0,0,0,0,0,0,0,0,0,0,0,0,0,0,0,0,0,0,0,0,0,0,0,0,0,0,0,0,0,0,0,0,0,0,0,0,0,0,0,0,0,0,0,0,0,0,0,0,0,0,0,0,0,0,0,0,0,0,0,0,43.552632,0,0
8982,65,49.996,36.848,45.981468,44.3,-1.790573,98.5,-0.002,0.045204,0,0,0,0,0,0,0,0,0,0,0,0,0,0,0,0,0,0,0,0,0,0,0,0,0,0,0,0,0,0,0,0,0,0,0,0,0,0,0,0,0,0,0,0,0,0,0,0,0,0,0,0,0,0,0,0,0,0,0,0,0,0,0,0,0,0,43.552632,0,0
8982,66,50.096,36.848,46.602839,44.3,-1.627813,98.5,-0.00389,0.055374,0,0,0,0,0,0,0,0,0,0,0,0,0,0,0,0,0,0,0,0,0,0,0,0,0,0,0,0,0,0,0,0,0,0,0,0,0,0,0,0,0,0,0,0,0,0,0,0,0,0,0,0,0,0,0,0,0,0,0,0,0,0,0,0,0,0,43.552632,0,0
8982,67,50.196,36.848,46.602839,44.3,-0.976773,98.5,0.002833,0.030219,0,0,0,0,0,0,0,0,0,0,0,0,0,0,0,0,0,0,0,0,0,0,0,0,0,0,0,0,0,0,0,0,0,0,0,0,0,0,0,0,0,0,0,0,0,0,0,0,0,0,0,0,0,0,0,0,0,0,0,0,0,0,0,0,0,0,43.552632,0,0
8982,68,50.296,36.848,46.602839,45.6,-0.976773,99.4,0.025965,0.022896,0,0,0,0,0,0,0,0,0,0,0,0,0,0,0,0,0,0,0,0,0,0,0,0,0,0,0,0,0,0,0,0,0,0,0,0,0,0,0,0,0,0,0,0,0,0,0,0,0,0,0,0,0,0,0,0,0,0,0,0,0,0,0,0,0,0,43.552632,0,0
8982,69,50.396,36.848,46.602839,45.6,-0.976773,99.4,0.045204,0.03883,0,0,0,0,0,0,0,0,0,0,0,0,0,0,0,0,0,0,0,0,0,0,0,0,0,0,0,0,0,0,0,0,0,0,0,0,0,0,0,0,0,0,0,0,0,0,0,0,0,0,0,0,0,0,0,0,0,0,0,0,0,0,0,0,0,0,43.552632,0,0
8982,70,50.496,36.848,47.224211,45.6,-1.139533,99.4,0.01806,0.057485,0,0,0,0,0,0,0,0,0,0,0,0,0,0,0,0,0,0,0,0,0,0,0,0,0,0,0,0,0,0,0,0,0,0,0,0,0,0,0,0,0,0,0,0,0,0,0,0,0,0,0,0,0,0,0,0,0,0,0,0,0,0,0,0,0,0,43.552632,0,0
8982,71,50.596,36.848,47.224211,45.6,-0.976773,99.4,0.015098,0.038217,0,0,0,0,0,0,0,0,0,0,0,0,0,0,0,0,0,0,0,0,0,0,0,0,0,0,0,0,0,0,0,0,0,0,0,0,0,0,0,0,0,0,0,0,0,0,0,0,0,0,0,0,0,0,0,0,0,0,0,0,0,0,0,0,0,0,43.552632,0,0
8982,72,50.696,36.848,47.845582,45.6,-0.651253,99.4,0.008853,0.041196,0,0,0,0,0,0,0,0,0,0,0,0,0,0,0,0,0,0,0,0,0,0,0,0,0,0,0,0,0,0,0,0,0,0,0,0,0,0,0,0,0,0,0,0,0,0,0,0,0,0,0,0,0,0,0,0,0,0,0,0,0,0,0,0,0,0,43.552632,0,0
8982,73,50.796,37.24,47.845582,45.6,-0.651253,99.4,0.017938,0.041069,0,0,0,0,0,0,0,0,0,0,0,0,0,0,0,0,0,0,0,0,0,0,0,0,0,0,0,0,0,0,0,0,0,0,0,0,0,0,0,0,0,0,0,0,0,0,0,0,0,0,0,0,0,0,0,0,0,0,0,0,0,0,0,0,0,0,43.552632,0,0
8982,74,50.896,37.24,47.845582,45.6,-0.651253,99.4,0.036234,0.051813,0,0,0,0,0,0,0,0,0,0,0,0,0,0,0,0,0,0,0,0,0,0,0,0,0,0,0,0,0,0,0,0,0,0,0,0,0,0,0,0,0,0,0,0,0,0,0,0,0,0,0,0,0,0,0,0,0,0,0,0,0,0,0,0,0,0,43.552632,0,0
8982,75,50.996,36.848,47.845582,45.6,-0.814013,99.4,0.024914,0.051362,0,0,0,0,0,0,0,0,0,0,0,0,0,0,0,0,0,0,0,0,0,0,0,0,0,0,0,0,0,0,0,0,0,0,0,0,0,0,0,0,0,0,0,0,0,0,0,0,0,0,0,0,0,0,0,0,0,0,0,0,0,0,0,0,0,0,43.552632,0,0
8982,76,51.097,36.848,47.845582,45.6,-0.488493,99.4,0.006727,0.026317,0,0,0,0,0,0,0,0,0,0,0,0,0,0,0,0,0,0,0,0,0,0,0,0,0,0,0,0,0,0,0,0,0,0,0,0,0,0,0,0,0,0,0,0,0,0,0,0,0,0,0,0,0,0,0,0,0,0,0,0,0,0,0,0,0,0,43.552632,0,0
8982,77,51.196,36.848,47.845582,45.6,0.162547,99.4,-0.01038,0.016049,0,0,0,0,0,0,0,0,0,0,0,0,0,0,0,0,0,0,0,0,0,0,0,0,0,0,0,0,0,0,0,0,0,0,0,0,0,0,0,0,0,0,0,0,0,0,0,0,0,0,0,0,0,0,0,0,0,0,0,0,0,0,0,0,0,0,43.552632,0,0
8982,78,51.296,36.848,48.466953,46.9,0.488067,100.4,0.03637,0.055027,0,0,0,0,0,0,0,0,0,0,0,0,0,0,0,0,0,0,0,0,0,0,0,0,0,0,0,0,0,0,0,0,0,0,0,0,0,0,0,0,0,0,0,0,0,0,0,0,0,0,0,0,0,0,0,0,0,0,0,0,0,0,0,0,0,0,43.552632,0,0
8982,79,51.396,36.848,48.466953,46.9,0.976347,100.4,0.081551,0.064556,0,0,0,0,0,0,0,0,0,0,0,0,0,0,0,0,0,0,0,0,0,0,0,0,0,0,0,0,0,0,0,0,0,0,0,0,0,0,0,0,0,0,0,0,0,0,0,0,0,0,0,0,0,0,0,0,0,0,0,0,0,0,0,0,0,0,43.552632,0,0
8982,80,51.497,36.848,48.466953,46.9,-0.000213,100.4,0.097699,0.047434,0,0,0,0,0,0,0,0,0,0,0,0,0,0,0,0,0,0,0,0,0,0,0,0,0,0,0,0,0,0,0,0,0,0,0,0,0,0,0,0,0,0,0,0,0,0,0,0,0,0,0,0,0,0,0,0,0,0,0,0,0,0,0,0,0,0,43.552632,0,0
8982,81,51.595,36.848,48.466953,46.9,-0.162973,100.4,0.069305,0.033649,0,0,0,0,0,0,0,0,0,0,0,0,0,0,0,0,0,0,0,0,0,0,0,0,0,0,0,0,0,0,0,0,0,0,0,0,0,0,0,0,0,0,0,0,0,0,0,0,0,0,0,0,0,0,0,0,0,0,0,0,0,0,0,0,0,0,43.552632,0,0
8982,82,51.695,36.848,49.088324,46.9,-0.000213,100.4,0.060889,0.04366,0,0,0,0,0,0,0,0,0,0,0,0,0,0,0,0,0,0,0,0,0,0,0,0,0,0,0,0,0,0,0,0,0,0,0,0,0,0,0,0,0,0,0,0,0,0,0,0,0,0,0,0,0,0,0,0,0,0,0,0,0,0,0,0,0,0,43.552632,0,0
8982,83,51.795,36.848,49.088324,46.9,-0.162973,100.4,0.038828,0.022305,0,0,0,0,0,0,0,0,0,0,0,0,0,0,0,0,0,0,0,0,0,0,0,0,0,0,0,0,0,0,0,0,0,0,0,0,0,0,0,0,0,0,0,0,0,0,0,0,0,0,0,0,0,0,0,0,0,0,0,0,0,0,0,0,0,0,43.552632,0,0
8982,84,51.895,36.848,49.088324,46.9,-0.000213,100.4,-0.01651,0.018643,0,0,0,0,0,0,0,0,0,0,0,0,0,0,0,0,0,0,0,0,0,0,0,0,0,0,0,0,0,0,0,0,0,0,0,0,0,0,0,0,0,0,0,0,0,0,0,0,0,0,0,0,0,0,0,0,0,0,0,0,0,0,0,0,0,0,43.552632,0,0
8982,85,51.995,36.848,49.088324,46.9,0.325307,100.4,0.035166,0.014633,0,0,0,0,0,0,0,0,0,0,0,0,0,0,0,0,0,0,0,0,0,0,0,0,0,0,0,0,0,0,0,0,0,0,0,0,0,0,0,0,0,0,0,0,0,0,0,0,0,0,0,0,0,0,0,0,0,0,0,0,0,0,0,0,0,0,43.552632,0,0
8982,86,52.095,36.848,49.709695,46.9,-0.162973,100.4,0.116768,0.007202,0,0,0,0,0,0,0,0,0,0,0,0,0,0,0,0,0,0,0,0,0,0,0,0,0,0,0,0,0,0,0,0,0,0,0,0,0,0,0,0,0,0,0,0,0,0,0,0,0,0,0,0,0,0,0,0,0,0,0,0,0,0,0,0,0,0,43.552632,0,0
8982,87,52.195,36.848,49.709695,46.9,-1.139533,100.4,0.135253,0.020536,0,0,0,0,0,0,0,0,0,0,0,0,0,0,0,0,0,0,0,0,0,0,0,0,0,0,0,0,0,0,0,0,0,0,0,0,0,0,0,0,0,0,0,0,0,0,0,0,0,0,0,0,0,0,0,0,0,0,0,0,0,0,0,0,0,0,43.552632,0,0
8982,88,52.295,36.848,49.709695,48.6,-1.139533,100.4,0.131941,0.093232,0,0,0,0,0,0,0,0,0,0,0,0,0,0,0,0,0,0,0,0,0,0,0,0,0,0,0,0,0,0,0,0,0,0,0,0,0,0,0,0,0,0,0,0,0,0,0,0,0,0,0,0,0,0,0,0,0,0,0,0,0,0,0,0,0,0,43.552632,0,0
8982,89,52.395,36.848,49.709695,48.6,-1.953333,100.4,0.107368,0.080467,0,0,0,0,0,0,0,0,0,0,0,0,0,0,0,0,0,0,0,0,0,0,0,0,0,0,0,0,0,0,0,0,0,0,0,0,0,0,0,0,0,0,0,0,0,0,0,0,0,0,0,0,0,0,0,0,0,0,0,0,0,0,0,0,0,0,43.552632,0,0
8982,90,52.495,36.848,49.709695,48.6,-1.627813,100.4,0.040373,0.022193,0,0,0,0,0,0,0,0,0,0,0,0,0,0,0,0,0,0,0,0,0,0,0,0,0,0,0,0,0,0,0,0,0,0,0,0,0,0,0,0,0,0,0,0,0,0,0,0,0,0,0,0,0,0,0,0,0,0,0,0,0,0,0,0,0,0,43.552632,0,0
8982,91,52.595,36.064,49.709695,48.6,-1.465053,100.4,0.00637,-0.01038,0,0,0,0,0,0,0,0,0,0,0,0,0,0,0,0,0,0,0,0,0,0,0,0,0,0,0,0,0,0,0,0,0,0,0,0,0,0,0,0,0,0,0,0,0,0,0,0,0,0,0,0,0,0,0,0,0,0,0,0,0,0,0,0,0,0,43.552632,0,0
8982,92,52.695,36.064,50.331067,48.6,-0.325733,100.4,-0.02006,0.01369,0,0,0,0,0,0,0,0,0,0,0,0,0,0,0,0,0,0,0,0,0,0,0,0,0,0,0,0,0,0,0,0,0,0,0,0,0,0,0,0,0,0,0,0,0,0,0,0,0,0,0,0,0,0,0,0,0,0,0,0,0,0,0,0,0,0,43.552632,0,0
8982,93,52.795,34.888,50.331067,48.6,-0.162973,100.4,0.026571,0.0124,0,0,0,0,0,0,0,0,0,0,0,0,0,0,0,0,0,0,0,0,0,0,0,0,0,0,0,0,0,0,0,0,0,0,0,0,0,0,0,0,0,0,0,0,0,0,0,0,0,0,0,0,0,0,0,0,0,0,0,0,0,0,0,0,0,0,43.552632,0,0
8982,94,52.897,34.888,50.331067,48.6,-0.000213,100.4,0.085126,0.029399,0,0,0,0,0,0,0,0,0,0,0,0,0,0,0,0,0,0,0,0,0,0,0,0,0,0,0,0,0,0,0,0,0,0,0,0,0,0,0,0,0,0,0,0,0,0,0,0,0,0,0,0,0,0,0,0,0,0,0,0,0,0,0,0,0,0,43.552632,0,0
8982,95,52.996,35.672,50.331067,48.6,-0.488493,100.4,0.082677,0.03149,0,0,0,0,0,0,0,0,0,0,0,0,0,0,0,0,0,0,0,0,0,0,0,0,0,0,0,0,0,0,0,0,0,0,0,0,0,0,0,0,0,0,0,0,0,0,0,0,0,0,0,0,0,0,0,0,0,0,0,0,0,0,0,0,0,0,43.552632,0,0
8982,96,53.095,35.672,50.952438,48.6,-0.651253,100.4,0.081777,0.044724,0,0,0,0,0,0,0,0,0,0,0,0,0,0,0,0,0,0,0,0,0,0,0,0,0,0,0,0,0,0,0,0,0,0,0,0,0,0,0,0,0,0,0,0,0,0,0,0,0,0,0,0,0,0,0,0,0,0,0,0,0,0,0,0,0,0,43.552632,0,0
8982,97,53.195,35.28,50.952438,48.6,-0.488493,100.4,0.052987,0.046615,0,0,0,0,0,0,0,0,0,0,0,0,0,0,0,0,0,0,0,0,0,0,0,0,0,0,0,0,0,0,0,0,0,0,0,0,0,0,0,0,0,0,0,0,0,0,0,0,0,0,0,0,0,0,0,0,0,0,0,0,0,0,0,0,0,0,43.552632,0,0
8982,98,53.295,35.28,50.952438,49.9,-0.651253,101.2,0.048526,0.03176,0,0,0,0,0,0,0,0,0,0,0,0,0,0,0,0,0,0,0,0,0,0,0,0,0,0,0,0,0,0,0,0,0,0,0,0,0,0,0,0,0,0,0,0,0,0,0,0,0,0,0,0,0,0,0,0,0,0,0,0,0,0,0,0,0,0,43.552632,0,0
8982,99,53.396,35.672,50.952438,49.9,-0.162973,101.2,0.047209,0.034226,0,0,0,0,0,0,0,0,0,0,0,0,0,0,0,0,0,0,0,0,0,0,0,0,0,0,0,0,0,0,0,0,0,0,0,0,0,0,0,0,0,0,0,0,0,0,0,0,0,0,0,0,0,0,0,0,0,0,0,0,0,0,0,0,0,0,43.552632,0,0
8982,100,53.496,35.672,50.952438,49.9,0.488067,101.2,0.07639,0.033413,0,0,0,0,0,0,0,0,0,0,0,0,0,0,0,0,0,0,0,0,0,0,0,0,0,0,0,0,0,0,0,0,0,0,0,0,0,0,0,0,0,0,0,0,0,0,0,0,0,0,0,0,0,0,0,0,0,0,0,0,0,0,0,0,0,0,43.552632,0,0
8982,101,53.596,35.28,50.952438,49.9,1.464627,101.2,0.098424,0.037057,0,0,0,0,0,0,0,0,0,0,0,0,0,0,0,0,0,0,0,0,0,0,0,0,0,0,0,0,0,0,0,0,0,0,0,0,0,0,0,0,0,0,0,0,0,0,0,0,0,0,0,0,0,0,0,0,0,0,0,0,0,0,0,0,0,0,43.552632,0,0
8982,102,53.696,35.28,52.19518,49.9,1.464627,101.2,0.128195,0.030455,0,0,0,0,0,0,0,0,0,0,0,0,0,0,0,0,0,0,0,0,0,0,0,0,0,0,0,0,0,0,0,0,0,0,0,0,0,0,0,0,0,0,0,0,0,0,0,0,0,0,0,0,0,0,0,0,0,0,0,0,0,0,0,0,0,0,43.552632,0,0
8982,103,53.795,35.672,52.19518,49.9,1.301867,101.2,0.147309,0.033286,0,0,0,0,0,0,0,0,0,0,0,0,0,0,0,0,0,0,0,0,0,0,0,0,0,0,0,0,0,0,0,0,0,0,0,0,0,0,0,0,0,0,0,0,0,0,0,0,0,0,0,0,0,0,0,0,0,0,0,0,0,0,0,0,0,0,43.618421,0,0
8982,104,53.895,35.672,52.19518,49.9,0.488067,101.2,0.157715,0.031637,0,0,0,0,0,0,0,0,0,0,0,0,0,0,0,0,0,0,0,0,0,0,0,0,0,0,0,0,0,0,0,0,0,0,0,0,0,0,0,0,0,0,0,0,0,0,0,0,0,0,0,0,0,0,0,0,0,0,0,0,0,0,0,0,0,0,43.552632,0,0
8982,105,53.996,35.28,52.19518,49.9,0.325307,101.2,0.133837,0.024313,0,0,0,0,0,0,0,0,0,0,0,0,0,0,0,0,0,0,0,0,0,0,0,0,0,0,0,0,0,0,0,0,0,0,0,0,0,0,0,0,0,0,0,0,0,0,0,0,0,0,0,0,0,0,0,0,0,0,0,0,0,0,0,0,0,0,43.552632,0,0
8982,106,54.095,35.28,52.19518,49.9,-0.325733,101.2,0.108153,0.024559,0,0,0,0,0,0,0,0,0,0,0,0,0,0,0,0,0,0,0,0,0,0,0,0,0,0,0,0,0,0,0,0,0,0,0,0,0,0,0,0,0,0,0,0,0,0,0,0,0,0,0,0,0,0,0,0,0,0,0,0,0,0,0,0,0,0,43.552632,0,0
8982,107,54.195,35.672,52.19518,49.9,-0.325733,101.2,0.080505,0.030219,0,0,0,0,0,0,0,0,0,0,0,0,0,0,0,0,0,0,0,0,0,0,0,0,0,0,0,0,0,0,0,0,0,0,0,0,0,0,0,0,0,0,0,0,0,0,0,0,0,0,0,0,0,0,0,0,0,0,0,0,0,0,0,0,0,0,43.552632,0,0
8982,108,54.296,35.672,52.816551,51.3,-0.162973,101.4,0.068097,0.031039,0,0,0,0,0,0,0,0,0,0,0,0,0,0,0,0,0,0,0,0,0,0,0,0,0,0,0,0,0,0,0,0,0,0,0,0,0,0,0,0,0,0,0,0,0,0,0,0,0,0,0,0,0,0,0,0,0,0,0,0,0,0,0,0,0,0,43.552632,0,0
8982,109,54.397,35.28,52.816551,51.3,-0.000213,101.4,0.078718,0.022069,0,0,0,0,0,0,0,0,0,0,0,0,0,0,0,0,0,0,0,0,0,0,0,0,0,0,0,0,0,0,0,0,0,0,0,0,0,0,0,0,0,0,0,0,0,0,0,0,0,0,0,0,0,0,0,0,0,0,0,0,0,0,0,0,0,0,43.552632,0,0
8982,110,54.496,35.28,52.816551,51.3,-0.162973,101.4,0.078112,0.027139,0,0,0,0,0,0,0,0,0,0,0,0,0,0,0,0,0,0,0,0,0,0,0,0,0,0,0,0,0,0,0,0,0,0,0,0,0,0,0,0,0,0,0,0,0,0,0,0,0,0,0,0,0,0,0,0,0,0,0,0,0,0,0,0,0,0,43.552632,0,0
8982,111,54.596,30.968,52.816551,51.3,0.162547,101.4,0.074465,0.02372,0,0,0,0,0,0,0,0,0,0,0,0,0,0,0,0,0,0,0,0,0,0,0,0,0,0,0,0,0,0,0,0,0,0,0,0,0,0,0,0,0,0,0,0,0,0,0,0,0,0,0,0,0,0,0,0,0,0,0,0,0,0,0,0,0,0,43.552632,0,0
8982,112,54.696,30.968,53.437923,51.3,-0.000213,101.4,0.073302,0.021837,0,0,0,0,0,0,0,0,0,0,0,0,0,0,0,0,0,0,0,0,0,0,0,0,0,0,0,0,0,0,0,0,0,0,0,0,0,0,0,0,0,0,0,0,0,0,0,0,0,0,0,0,0,0,0,0,0,0,0,0,0,0,0,0,0,0,43.552632,0,0
8982,113,54.795,25.088,53.437923,51.3,-0.000213,101.4,0.087724,-0.0072,0,0,0,0,0,0,0,0,0,0,0,0,0,0,0,0,0,0,0,0,0,0,0,0,0,0,0,0,0,0,0,0,0,0,0,0,0,0,0,0,0,0,0,0,0,0,0,0,0,0,0,0,0,0,0,0,0,0,0,0,0,0,0,0,0,0,43.552632,0,0
8982,114,54.896,25.088,53.437923,51.3,0.162547,101.4,0.081782,-0.0164,0,0,0,0,0,0,0,0,0,0,0,0,0,0,0,0,0,0,0,0,0,0,0,0,0,0,0,0,0,0,0,0,0,0,0,0,0,0,0,0,0,0,0,0,0,0,0,0,0,0,0,0,0,0,0,0,0,0,0,0,0,0,0,0,0,0,43.552632,0,0
8982,115,54.995,22.344,53.437923,51.3,0.162547,101.4,0.082018,-0.0282,0,0,0,0,0,0,0,0,0,0,0,0,0,0,0,0,0,0,0,0,0,0,0,0,0,0,0,0,0,0,0,0,0,0,0,0,0,0,0,0,0,0,0,0,0,0,0,0,0,0,0,0,0,0,0,0,0,0,0,0,0,0,0,0,0,0,43.552632,0,0
8982,116,55.096,22.344,53.437923,51.3,0.325307,101.4,0.087708,-0.03364,0,0,0,0,0,0,0,0,0,0,0,0,0,0,0,0,0,0,0,0,0,0,0,0,0,0,0,0,0,0,0,0,0,0,0,0,0,0,0,0,0,0,0,0,0,0,0,0,0,0,0,0,0,0,0,0,0,0,0,0,0,0,0,0,0,0,43.552632,0,0
8982,117,55.196,21.56,53.437923,51.3,-0.000213,101.4,0.092881,-0.02561,0,0,0,0,0,0,0,0,0,0,0,0,0,0,0,0,0,0,0,0,0,0,0,0,0,0,0,0,0,0,0,0,0,0,0,0,0,0,0,0,0,0,0,0,0,0,0,0,0,0,0,0,0,0,0,0,0,0,0,0,0,0,0,0,0,0,43.552632,0,0
8982,118,55.296,21.56,54.059294,53,0.162547,101.1,0.087598,-0.0203,0,0,0,0,0,0,0,0,0,0,0,0,0,0,0,0,0,0,0,0,0,0,0,0,0,0,0,0,0,0,0,0,0,0,0,0,0,0,0,0,0,0,0,0,0,0,0,0,0,0,0,0,0,0,0,0,0,0,0,0,0,0,0,0,0,0,43.552632,0,0
8982,119,55.396,21.56,54.059294,53,0.325307,101.1,0.09884,-0.02255,0,0,0,0,0,0,0,0,0,0,0,0,0,0,0,0,0,0,0,0,0,0,0,0,0,0,0,0,0,0,0,0,0,0,0,0,0,0,0,0,0,0,0,0,0,0,0,0,0,0,0,0,0,0,0,0,0,0,0,0,0,0,0,0,0,0,43.552632,0,0
8982,120,55.496,21.56,54.059294,53,0.488067,101.1,0.08119,0.00236,0,0,0,0,0,0,0,0,0,0,0,0,0,0,0,0,0,0,0,0,0,0,0,0,0,0,0,0,0,0,0,0,0,0,0,0,0,0,0,0,0,0,0,0,0,0,0,0,0,0,0,0,0,0,0,0,0,0,0,0,0,0,0,0,0,0,43.552632,0,0
8982,121,55.596,21.56,54.059294,53,-0.325733,101.1,0.113443,-0.02939,0,0,0,0,0,0,0,0,0,0,4,0,0,0,0,0,0,0,0,0,0,0,0,0,328.1,0,0,0,0,0,0,0,0,0,0,0,0,0,-133.3,0,0,0,0,0,0,0,0,0,0,0,0,0,-0.052,0,0,0,0,0,0,0,0,0,0,0,0,0,43.552632,0,0
8982,122,55.696,21.56,54.059294,53,-0.162973,101.1,0.076996,-0.00732,0,0,0,0,0,0,0,0,0,0,4,0,0,0,0,0,0,0,0,0,0,0,0,0,313.3,0,0,0,0,0,0,0,0,0,0,0,0,0,-133.4,0,0,0,0,0,0,0,0,0,0,0,0,0,-0.056,0,0,0,0,0,0,0,0,0,0,0,0,0,43.552632,0,0
8982,123,55.796,21.56,54.059294,53,-0.162973,101.1,0.08487,-0.02183,0,0,0,0,0,0,0,0,0,0,4,0,0,0,0,0,0,0,0,0,0,0,0,0,304.6,0,0,0,0,0,0,0,0,0,0,0,0,0,-133.4,0,0,0,0,0,0,0,0,0,0,0,0,0,-0.058,0,0,0,0,0,0,0,0,0,0,0,0,0,43.552632,0,0
8982,124,55.896,21.56,54.059294,53,0.162547,101.1,0.069501,-0.04141,0,0,0,0,0,0,0,0,0,0,4,0,0,0,0,0,0,0,0,0,0,0,0,0,287.3,0,0,0,0,0,0,0,0,0,0,0,0,0,-133.4,0,0,0,0,0,0,0,0,0,0,0,0,0,-0.06,0,0,0,0,0,0,0,0,0,0,0,0,0,43.552632,0,0
8982,125,55.996,21.168,54.059294,53,0.976347,101.1,0.001416,-0.04743,0,0,0,0,0,0,0,0,0,0,4,0,0,0,0,0,0,0,0,0,0,0,0,0,278.6,0,0,0,0,0,0,0,0,0,0,0,0,0,-133.4,0,0,0,0,0,0,0,0,0,0,0,0,0,-0.062,0,0,0,0,0,0,0,0,0,0,0,0,0,43.552632,0,0
8982,126,56.096,21.168,54.680665,53,1.301867,101.1,0.026573,-0.0157,0,0,0,0,0,0,0,0,0,0,4,0,0,0,0,0,0,0,0,0,0,0,0,0,261.3,0,0,0,0,0,0,0,0,0,0,0,0,0,-133.8,0,0,0,0,0,0,0,0,0,0,0,0,0,-0.066,0,0,0,0,0,0,0,0,0,0,0,0,0,43.552632,0,0
8982,127,56.196,21.56,54.680665,53,0.976347,101.1,0.163012,0.026087,0,0,0,0,0,0,0,0,0,0,4,0,0,0,0,0,0,0,0,0,0,0,0,0,252.6,0,0,0,0,0,0,0,0,0,0,0,0,0,-133.9,0,0,0,0,0,0,0,0,0,0,0,0,0,-0.068,0,0,0,0,0,0,0,0,0,0,0,0,0,43.552632,0,0
8982,128,56.296,21.56,54.680665,53.5,0.162547,100.9,0.182242,-0.00766,0,0,0,0,0,0,0,0,0,0,4,0,0,0,0,0,0,0,0,0,0,0,0,0,234.9,0,0,0,0,0,0,0,0,0,0,0,0,0,-134.2,0,0,0,0,0,0,0,0,0,0,0,0,0,-0.072,0,0,0,0,0,0,0,0,0,0,0,0,0,43.552632,0,0
8982,129,56.396,21.168,54.680665,53.5,0.488067,100.9,0.143464,-0.03775,0,0,0,0,0,0,0,0,0,0,4,0,0,0,0,0,0,0,0,0,0,0,0,0,226.2,0,0,0,0,0,0,0,0,0,0,0,0,0,-134.3,0,0,0,0,0,0,0,0,0,0,0,0,0,-0.074,0,0,0,0,0,0,0,0,0,0,0,0,0,43.552632,0,0
8982,130,56.496,21.168,54.680665,53.5,-0.162973,100.9,0.160567,-0.05029,0,0,0,0,0,0,0,0,0,0,4,0,0,0,0,0,0,0,0,0,0,0,0,0,208.7,0,0,0,0,0,0,0,0,0,0,0,0,0,-134.4,0,0,0,0,0,0,0,0,0,0,0,0,0,-0.08,0,0,0,0,0,0,0,0,0,0,0,0,0,43.552632,0,0
8982,131,56.596,21.168,54.680665,53.5,-0.000213,100.9,0.101808,-0.05344,0,0,0,0,0,0,0,0,0,0,4,0,0,0,0,0,0,0,0,0,0,0,0,0,200,0,0,0,0,0,0,0,0,0,0,0,0,0,-134.4,0,0,0,0,0,0,0,0,0,0,0,0,0,-0.084,0,0,0,0,0,0,0,0,0,0,0,0,0,43.552632,0,0
8982,132,56.695,21.168,55.302036,53.5,0.650827,100.9,0.05686,-0.04317,0,0,0,0,0,0,0,0,0,0,0,0,0,0,0,0,0,0,0,0,0,0,0,0,0,0,0,0,0,0,0,0,0,0,0,0,0,0,0,0,0,0,0,0,0,0,0,0,0,0,0,0,0,0,0,0,0,0,0,0,0,0,0,0,0,0,43.552632,0,0
8982,133,56.796,21.168,55.302036,53.5,1.301867,100.9,0.04757,-0.00602,0,0,0,0,0,0,0,0,0,0,0,0,0,0,0,0,0,0,0,0,0,0,0,0,0,0,0,0,0,0,0,0,0,0,0,0,0,0,0,0,0,0,0,0,0,0,0,0,0,0,0,0,0,0,0,0,0,0,0,0,0,0,0,0,0,0,43.552632,0,0
8982,134,56.896,21.168,54.680665,53.5,1.952907,100.9,0.098459,-0.02007,0,0,0,0,0,0,0,0,0,0,0,0,0,0,0,0,0,0,0,0,0,0,0,0,0,0,0,0,0,0,0,0,0,0,0,0,0,0,0,0,0,0,0,0,0,0,0,0,0,0,0,0,0,0,0,0,0,0,0,0,0,0,0,0,0,0,43.552632,0,0
8982,135,56.996,21.168,54.680665,53.5,2.115667,100.9,0.15712,-0.02396,0,0,0,0,0,0,0,0,0,0,0,0,0,0,0,0,0,0,0,0,0,0,0,0,0,0,0,0,0,0,0,0,0,0,0,0,0,0,0,0,0,0,0,0,0,0,0,0,0,0,0,0,0,0,0,0,0,0,0,0,0,0,0,0,0,0,43.552632,0,0
8982,136,57.096,21.168,55.302036,53.5,1.464627,100.9,0.182676,-0.01888,0,0,0,0,0,0,0,0,0,0,0,0,0,0,0,0,0,0,0,0,0,0,0,0,0,0,0,0,0,0,0,0,0,0,0,0,0,0,0,0,0,0,0,0,0,0,0,0,0,0,0,0,0,0,0,0,0,0,0,0,0,0,0,0,0,0,43.552632,0,0
8982,137,57.196,21.168,55.302036,53.5,0.488067,100.9,0.170331,-0.04638,0,0,0,0,0,0,0,0,0,0,0,0,0,0,0,0,0,0,0,0,0,0,0,0,0,0,0,0,0,0,0,0,0,0,0,0,0,0,0,0,0,0,0,0,0,0,0,0,0,0,0,0,0,0,0,0,0,0,0,0,0,0,0,0,0,0,43.552632,0,0
8982,138,57.296,21.168,55.302036,54.1,0.976347,100.2,0.145264,-0.03622,0,0,0,0,0,0,0,0,0,0,0,0,0,0,0,0,0,0,0,0,0,0,0,0,0,0,0,0,0,0,0,0,0,0,0,0,0,0,0,0,0,0,0,0,0,0,0,0,0,0,0,0,0,0,0,0,0,0,0,0,0,0,0,0,0,0,43.552632,0,0
8982,139,57.396,21.168,55.302036,54.1,1.301867,100.2,0.096646,-0.01498,0,0,0,0,0,0,0,0,0,0,0,0,0,0,0,0,0,0,0,0,0,0,0,0,0,0,0,0,0,0,0,0,0,0,0,0,0,0,0,0,0,0,0,0,0,0,0,0,0,0,0,0,0,0,0,0,0,0,0,0,0,0,0,0,0,0,43.552632,0,0
8982,140,57.496,21.168,55.302036,54.1,1.627387,100.2,0.073174,-0.02926,0,0,0,0,0,0,0,0,0,0,0,0,0,0,0,0,0,0,0,0,0,0,0,0,0,0,0,0,0,0,0,0,0,0,0,0,0,0,0,0,0,0,0,0,0,0,0,0,0,0,0,0,0,0,0,0,0,0,0,0,0,0,0,0,0,0,43.552632,0,0
8982,141,57.596,21.168,55.302036,54.1,1.790147,100.2,0.096985,-0.02878,0,0,0,0,0,0,0,0,0,0,0,0,0,0,0,0,0,0,0,0,0,0,0,0,0,0,0,0,0,0,0,0,0,0,0,0,0,0,0,0,0,0,0,0,0,0,0,0,0,0,0,0,0,0,0,0,0,0,0,0,0,0,0,0,0,0,43.552632,0,0
8982,142,57.695,21.168,55.923407,54.1,1.952907,100.2,0.103242,-0.03433,2,0,0,0,-100.4,46.39,0,0,0,0,0,0,0,0,0,0,0,0,0,0,0,0,0,0,0,0,0,0,0,0,0,0,0,0,0,0,0,0,0,0,0,0,0,0,0,0,0,0,0,0,0,0,0,0,0,0,0,0,0,0,0,0,0,0,0,0,43.552632,0,0
8982,143,57.796,21.168,55.923407,54.1,1.790147,100.2,0.11906,-0.00082,2,0,0,0,-100.4,46.39,0,0,0,0,0,0,0,0,0,0,0,0,0,0,0,0,0,0,0,0,0,0,0,0,0,0,0,0,0,0,0,0,0,0,0,0,0,0,0,0,0,0,0,0,0,0,0,0,0,0,0,0,0,0,0,0,0,0,0,0,43.552632,0,0
8982,144,57.896,21.168,55.302036,54.1,1.627387,100.2,0.118265,-0.03517,2,0,0,0,-100.4,46.39,0,0,0,0,0,0,0,0,0,0,0,0,0,0,0,0,0,0,0,0,0,0,0,0,0,0,0,0,0,0,0,0,0,0,0,0,0,0,0,0,0,0,0,0,0,0,0,0,0,0,0,0,0,0,0,0,0,0,0,0,43.552632,0,0
8982,145,57.995,21.168,55.302036,54.1,1.464627,100.2,0.129245,-0.04024,2,0,0,0,-100.4,46.39,0,0,0,0,0,0,0,0,0,0,0,0,0,0,0,0,0,0,0,0,0,0,0,0,0,0,0,0,0,0,0,0,0,0,0,0,0,0,0,0,0,0,0,0,0,0,0,0,0,0,0,0,0,0,0,0,0,0,0,0,43.552632,0,0
8982,146,58.095,21.168,55.923407,54.1,1.464627,100.2,0.128142,-0.03327,2,0,0,0,-100.4,46.39,0,0,0,0,0,0,0,0,0,0,0,0,0,0,0,0,0,0,0,0,0,0,0,0,0,0,0,0,0,0,0,0,0,0,0,0,0,0,0,0,0,0,0,0,0,0,0,0,0,0,0,0,0,0,0,0,0,0,0,0,43.552632,0,0
8982,147,58.196,21.168,55.923407,54.1,1.464627,100.2,0.112472,-0.0426,2,0,0,0,-100.4,46.39,0,0,0,0,0,0,0,0,0,0,0,0,0,0,0,0,0,0,0,0,0,0,0,0,0,0,0,0,0,0,0,0,0,0,0,0,0,0,0,0,0,0,0,0,0,0,0,0,0,0,0,0,0,0,0,0,0,0,0,0,43.552632,0,0
8982,148,58.297,21.168,55.923407,54.9,1.301867,99,0.124067,-0.02419,2,0,0,0,-100.4,46.39,0,0,0,0,0,0,0,0,0,0,0,0,0,0,0,0,0,0,0,0,0,0,0,0,0,0,0,0,0,0,0,0,0,0,0,0,0,0,0,0,0,0,0,0,0,0,0,0,0,0,0,0,0,0,0,0,0,0,0,0,43.552632,0,0
8982,149,58.396,21.168,55.923407,54.9,1.627387,99,0.11941,-0.02784,2,0,0,0,-100.4,46.39,0,0,0,0,0,0,0,0,0,0,0,0,0,0,0,0,0,0,0,0,0,0,0,0,0,0,0,0,0,0,0,0,0,0,0,0,0,0,0,0,0,0,0,0,0,0,0,0,0,0,0,0,0,0,0,0,0,0,0,0,43.552632,0,0
8982,150,58.495,21.168,55.923407,54.9,1.627387,99,0.107126,-0.03964,2,0,0,0,-100.4,46.39,0,0,0,0,0,0,0,0,0,0,0,0,0,0,0,0,0,0,0,0,0,0,0,0,0,0,0,0,0,0,0,0,0,0,0,0,0,0,0,0,0,0,0,0,0,0,0,0,0,0,0,0,0,0,0,0,0,0,0,0,43.552632,0,0
8982,151,58.596,21.168,55.923407,54.9,1.790147,99,0.110131,-0.0308,2,0,0,0,-100.4,46.39,0,0,0,0,0,0,0,0,0,0,0,0,0,0,0,0,0,0,0,0,0,0,0,0,0,0,0,0,0,0,0,0,0,0,0,0,0,0,0,0,0,0,0,0,0,0,0,0,0,0,0,0,0,0,0,0,0,0,0,0,43.552632,0,0
8982,152,58.696,21.168,56.544778,54.9,2.115667,99,0.102304,-0.00932,2,0,0,0,-100.4,46.39,0,0,0,0,0,0,0,0,0,0,0,0,0,0,0,0,0,0,0,0,0,0,0,0,0,0,0,0,0,0,0,0,0,0,0,0,0,0,0,0,0,0,0,0,0,0,0,0,0,0,0,0,0,0,0,0,0,0,0,0,43.552632,0,0
8982,153,58.795,21.168,56.544778,54.9,1.627387,99,0.073053,-0.03316,2,0,0,0,-100.4,46.39,0,0,0,0,0,0,0,0,0,0,0,0,0,0,0,0,0,0,0,0,0,0,0,0,0,0,0,0,0,0,0,0,0,0,0,0,0,0,0,0,0,0,0,0,0,0,0,0,0,0,0,0,0,0,0,0,0,0,0,0,43.552632,0,0
8982,154,58.896,21.168,56.544778,54.9,2.278427,99,0.066336,-0.03753,2,0,0,0,-100.4,46.39,0,0,0,0,0,0,0,0,0,0,0,0,0,0,0,0,0,0,0,0,0,0,0,0,0,0,0,0,0,0,0,0,0,0,0,0,0,0,0,0,0,0,0,0,0,0,0,0,0,0,0,0,0,0,0,0,0,0,0,0,43.552632,0,0
8982,155,58.996,21.168,56.544778,54.9,2.441187,99,0.085101,-0.04567,0,0,0,0,-121,282,0,0,0,0,0,0,0,0,0,0,0,0,0,0,0,0,0,0,0,0,0,0,0,0,0,0,0,0,0,0,0,0,0,0,0,0,0,0,0,0,0,0,0,0,0,0,0,0,0,0,0,0,0,0,0,0,0,0,0,0,43.552632,0,0
8982,156,59.096,21.168,57.16615,54.9,2.115667,99,0.136742,-0.03849,0,0,0,0,-121,282,0,0,0,0,0,0,0,0,0,0,0,0,0,0,0,0,0,0,0,0,0,0,0,0,0,0,0,0,0,0,0,0,0,0,0,0,0,0,0,0,0,0,0,0,0,0,0,0,0,0,0,0,0,0,0,0,0,0,0,0,43.552632,0,0
8982,157,59.196,21.168,57.16615,54.9,1.790147,99,0.124609,-0.02666,0,0,0,0,-121,282,0,0,0,0,0,0,0,0,0,0,0,0,0,0,0,0,0,0,0,0,0,0,0,0,0,0,0,0,0,0,0,0,0,0,0,0,0,0,0,0,0,0,0,0,0,0,0,0,0,0,0,0,0,0,0,0,0,0,0,0,43.552632,0,0
8982,158,59.296,21.168,57.16615,55.8,1.464627,97.1,0.070536,-0.02736,0,0,0,0,-121,282,0,0,0,0,0,0,0,0,0,0,0,0,0,0,0,0,0,0,0,0,0,0,0,0,0,0,0,0,0,0,0,0,0,0,0,0,0,0,0,0,0,0,0,0,0,0,0,0,0,0,0,0,0,0,0,0,0,0,0,0,43.552632,0,0
8982,159,59.396,21.168,57.16615,55.8,2.115667,97.1,0.087398,-0.01842,0,0,0,0,-121,282,0,0,0,0,0,0,0,0,0,0,0,0,0,0,0,0,0,0,0,0,0,0,0,0,0,0,0,0,0,0,0,0,0,0,0,0,0,0,0,0,0,0,0,0,0,0,0,0,0,0,0,0,0,0,0,0,0,0,0,0,43.552632,0,0
8982,160,59.496,21.168,56.544778,55.8,1.952907,97.1,0.162352,-0.03483,0,0,0,0,-121,282,0,0,0,0,0,0,0,0,0,0,0,0,0,0,0,0,0,0,0,0,0,0,0,0,0,0,0,0,0,0,0,0,0,0,0,0,0,0,0,0,0,0,0,0,0,0,0,0,0,0,0,0,0,0,0,0,0,0,0,0,43.552632,0,0
8982,161,59.596,21.168,56.544778,55.8,0.650827,97.1,0.139908,-0.02123,0,0,0,0,-121,282,0,0,0,0,0,0,0,0,0,0,0,0,0,0,0,0,0,0,0,0,0,0,0,0,0,0,0,0,0,0,0,0,0,0,0,0,0,0,0,0,0,0,0,0,0,0,0,0,0,0,0,0,0,0,0,0,0,0,0,0,43.552632,0,0
8982,162,59.697,21.168,57.16615,55.8,1.790147,97.1,0.103956,-0.02536,0,0,0,0,-121,282,0,0,0,0,0,0,0,0,0,0,0,0,0,0,0,0,0,0,0,0,0,0,0,0,0,0,0,0,0,0,0,0,0,0,0,0,0,0,0,0,0,0,0,0,0,0,0,0,0,0,0,0,0,0,0,0,0,0,0,0,43.552632,0,0
8982,163,59.796,20.776,57.16615,55.8,2.278427,97.1,0.110364,-0.04433,0,0,0,0,-121,282,0,0,0,0,0,0,0,0,0,0,0,0,0,0,0,0,0,0,0,0,0,0,0,0,0,0,0,0,0,0,0,0,0,0,0,0,0,0,0,0,0,0,0,0,0,0,0,0,0,0,0,0,0,0,0,0,0,0,0,0,43.552632,0,0
8982,164,59.896,20.776,57.787521,55.8,2.115667,97.1,0.080722,-0.03918,0,0,0,0,-121,282,0,0,0,0,0,0,0,0,0,0,0,0,0,0,0,0,0,0,0,0,0,0,0,0,0,0,0,0,0,0,0,0,0,0,0,0,0,0,0,0,0,0,0,0,0,0,0,0,0,0,0,0,0,0,0,0,0,0,0,0,43.552632,0,0
8982,165,59.996,20.776,57.787521,55.8,2.441187,97.1,0.113077,-0.03343,0,0,0,0,-121,282,0,0,0,0,0,0,0,0,0,0,0,0,0,0,0,0,0,0,0,0,0,0,0,0,0,0,0,0,0,0,0,0,0,0,0,0,0,0,0,0,0,0,0,0,0,0,0,0,0,0,0,0,0,0,0,0,0,0,0,0,43.552632,0,0
8982,166,60.096,20.776,57.16615,55.8,2.603947,97.1,0.20573,-0.05606,0,0,0,0,-121,282,0,0,0,0,0,0,0,0,0,0,0,0,0,0,0,0,0,0,0,0,0,0,0,0,0,0,0,0,0,0,0,0,0,0,0,0,0,0,0,0,0,0,0,0,0,0,0,0,0,0,0,0,0,0,0,0,0,0,0,0,43.552632,0,0
8982,167,60.196,20.384,57.16615,55.8,2.441187,97.1,0.21792,-0.01605,0,0,0,0,-121,282,0,0,0,0,0,0,0,0,0,0,0,0,0,0,0,0,0,0,0,0,0,0,0,0,0,0,0,0,0,0,0,0,0,0,0,0,0,0,0,0,0,0,0,0,0,0,0,0,0,0,0,0,0,0,0,0,0,0,0,0,43.552632,0,0
8982,168,60.296,20.384,57.787521,56.5,1.952907,95.6,0.198389,-0.02088,0,0,0,0,-121,282,0,0,0,0,0,0,0,0,0,0,0,0,0,0,0,0,0,0,0,0,0,0,0,0,0,0,0,0,0,0,0,0,0,0,0,0,0,0,0,0,0,0,0,0,0,0,0,0,0,0,0,0,0,0,0,0,0,0,0,0,43.552632,0,0
8982,169,60.396,20.384,57.787521,56.5,2.929467,95.6,0.167149,-0.04225,0,0,0,0,-121,282,0,0,0,0,0,0,0,0,0,0,0,0,0,0,0,0,0,0,0,0,0,0,0,0,0,0,0,0,0,0,0,0,0,0,0,0,0,0,0,0,0,0,0,0,0,0,0,0,0,0,0,0,0,0,0,0,0,0,0,0,43.552632,0,0
8982,170,60.497,20.384,57.787521,56.5,2.929467,95.6,0.189195,-0.03056,0,0,0,0,-121,282,0,0,0,0,0,0,0,0,0,0,0,0,0,0,0,0,0,0,0,0,0,0,0,0,0,0,0,0,0,0,0,0,0,0,0,0,0,0,0,0,0,0,0,0,0,0,0,0,0,0,0,0,0,0,0,0,0,0,0,0,43.552632,0,0
8982,171,60.596,19.992,57.787521,56.5,2.603947,95.6,0.221062,-0.03151,0,0,0,0,-121,282,0,0,0,0,0,0,0,0,0,0,0,0,0,0,0,0,0,0,0,0,0,0,0,0,0,0,0,0,0,0,0,0,0,0,0,0,0,0,0,0,0,0,0,0,0,0,0,0,0,0,0,0,0,0,0,0,0,0,0,0,43.552632,0,0
8982,172,60.696,19.992,57.787521,56.5,2.766707,95.6,0.196006,-0.05038,0,0,0,0,-121,282,0,0,0,0,0,0,0,0,0,0,0,0,0,0,0,0,0,0,0,0,0,0,0,0,0,0,0,0,0,0,0,0,0,0,0,0,0,0,0,0,0,0,0,0,0,0,0,0,0,0,0,0,0,0,0,0,0,0,0,0,43.552632,0,0
8982,173,60.797,20.384,57.787521,56.5,2.766707,95.6,0.159877,-0.03315,0,0,0,0,-121,282,0,0,0,0,0,0,0,0,0,0,0,0,0,0,0,0,0,0,0,0,0,0,0,0,0,0,0,0,0,0,0,0,0,0,0,0,0,0,0,0,0,0,0,0,0,0,0,0,0,0,0,0,0,0,0,0,0,0,0,0,43.552632,0,0
8982,174,60.897,20.384,57.787521,56.5,2.441187,95.6,0.15932,-0.00849,0,0,0,0,-121,282,0,0,0,0,0,0,0,0,0,0,0,0,0,0,0,0,0,0,0,0,0,0,0,0,0,0,0,0,0,0,0,0,0,0,0,0,0,0,0,0,0,0,0,0,0,0,0,0,0,0,0,0,0,0,0,0,0,0,0,0,43.552632,0,0
8982,175,60.996,20.384,57.787521,56.5,3.092227,95.6,0.167607,-0.00885,0,0,0,0,-121,282,0,0,0,0,0,0,0,0,0,0,0,0,0,0,0,0,0,0,0,0,0,0,0,0,0,0,0,0,0,0,0,0,0,0,0,0,0,0,0,0,0,0,0,0,0,0,0,0,0,0,0,0,0,0,0,0,0,0,0,0,43.552632,0,0
8982,176,61.096,20.384,57.787521,56.5,2.603947,95.6,0.182661,-0.07072,0,0,0,0,-121,282,0,0,0,0,0,0,0,0,0,0,0,0,0,0,0,0,0,0,0,0,0,0,0,0,0,0,0,0,0,0,0,0,0,0,0,0,0,0,0,0,0,0,0,0,0,0,0,0,0,0,0,0,0,0,0,0,0,0,0,0,43.552632,0,0
8982,177,61.196,19.6,57.787521,56.5,1.627387,95.6,0.237307,-0.07375,0,0,0,0,-121,282,0,0,0,0,0,0,0,0,0,0,0,0,0,0,0,0,0,0,0,0,0,0,0,0,0,0,0,0,0,0,0,0,0,0,0,0,0,0,0,0,0,0,0,0,0,0,0,0,0,0,0,0,0,0,0,0,0,0,0,0,43.552632,0,0
8982,178,61.296,19.6,58.408892,57.2,0.325307,93.3,0.262701,-0.05995,0,0,0,0,-121,282,0,0,0,0,5,0,0,0,0,0,0,0,0,0,0,0,0,0,378.4,0,0,0,0,0,0,0,0,0,0,0,0,0,-135.9,0,0,0,0,0,0,0,0,0,0,0,0,0,-0.036,0,0,0,0,0,0,0,0,0,0,0,0,0,43.552632,0,0
8982,179,61.396,19.208,58.408892,57.2,-0.325733,93.3,0.136157,-0.01014,0,0,0,0,-121,282,0,0,0,0,6,5,0,0,0,0,0,0,0,0,0,0,0,0,228.6,369.6,0,0,0,0,0,0,0,0,0,0,0,0,-84,-136.1,0,0,0,0,0,0,0,0,0,0,0,0,0.022,-0.036,0,0,0,0,0,0,0,0,0,0,0,0,43.552632,0,0
8982,180,61.496,19.208,58.408892,57.2,0.162547,93.3,0.049062,-0.02594,0,0,0,0,-121,282,0,0,0,0,6,5,0,0,0,0,0,0,0,0,0,0,0,0,217.7,352,0,0,0,0,0,0,0,0,0,0,0,0,-84.2,-136.4,0,0,0,0,0,0,0,0,0,0,0,0,0.024,-0.038,0,0,0,0,0,0,0,0,0,0,0,0,43.552632,0,0
8982,181,61.596,8.232,58.408892,57.2,1.139107,93.3,0.032824,-0.0366,0,0,0,0,-121,282,0,0,0,0,6,5,0,0,0,0,0,0,0,0,0,0,0,0,212.2,343,0,0,0,0,0,0,0,0,0,0,0,0,-84.2,-136.5,0,0,0,0,0,0,0,0,0,0,0,0,0.024,-0.038,0,0,0,0,0,0,0,0,0,0,0,0,43.552632,0,0
8982,182,61.696,8.232,57.787521,57.2,0.976347,93.3,0.078834,-0.02974,0,0,0,0,261.16,81.4,0,0,0,0,6,5,0,0,0,0,0,0,0,0,0,0,0,0,201.3,325.2,0,0,0,0,0,0,0,0,0,0,0,0,-84.2,-136.8,0,0,0,0,0,0,0,0,0,0,0,0,0.026,-0.038,0,0,0,0,0,0,0,0,0,0,0,0,43.552632,0,0
8982,183,61.795,0,57.787521,57.2,1.301867,93.3,0.117401,-0.08884,0,0,0,0,261.16,81.4,0,0,0,0,6,5,0,0,0,0,0,0,0,0,0,0,0,0,190.4,307.4,0,0,0,0,0,0,0,0,0,0,0,0,-84.2,-137,0,0,0,0,0,0,0,0,0,0,0,0,0.028,-0.04,0,0,0,0,0,0,0,0,0,0,0,0,43.552632,0,0
8982,184,61.896,0,58.408892,57.2,0.813587,93.3,0.132543,-0.11578,0,0,0,0,261.16,81.4,0,0,0,0,6,5,0,0,0,0,0,0,0,0,0,0,0,0,184.9,298.5,0,0,0,0,0,0,0,0,0,0,0,0,-84.2,-137,0,0,0,0,0,0,0,0,0,0,0,0,0.03,-0.04,0,0,0,0,0,0,0,0,0,0,0,0,43.552632,0,0
8982,185,61.996,0,58.408892,57.2,0.813587,93.3,0.161455,-0.11964,0,0,0,0,261.16,81.4,0,0,0,0,6,5,0,0,0,0,0,0,0,0,0,0,0,0,173.9,280.5,0,0,0,0,0,0,0,0,0,0,0,0,-84.2,-137.2,0,0,0,0,0,0,0,0,0,0,0,0,0.032,-0.04,0,0,0,0,0,0,0,0,0,0,0,0,43.552632,0,0
8982,186,62.096,0,58.408892,57.2,0.488067,93.3,0.153665,-0.04768,0,0,0,0,261.16,81.4,0,0,0,0,6,5,0,0,0,0,0,0,0,0,0,0,0,0,165.8,271.5,0,0,0,0,0,0,0,0,0,0,0,0,-84.1,-137.3,0,0,0,0,0,0,0,0,0,0,0,0,0.034,-0.042,0,0,0,0,0,0,0,0,0,0,0,0,43.552632,0,0
8982,187,62.196,0,58.408892,57.2,0.325307,93.3,0.104968,-0.06435,0,0,0,0,261.16,81.4,0,0,0,0,5,0,0,0,0,0,0,0,0,0,0,0,0,0,253.7,0,0,0,0,0,0,0,0,0,0,0,0,0,-137.4,0,0,0,0,0,0,0,0,0,0,0,0,0,-0.042,0,0,0,0,0,0,0,0,0,0,0,0,0,43.552632,0,0
8982,188,62.295,0,58.408892,57.7,0.813587,92,0.103617,-0.05098,0,0,0,0,261.16,81.4,0,0,0,0,5,0,0,0,0,0,0,0,0,0,0,0,0,0,244.6,0,0,0,0,0,0,0,0,0,0,0,0,0,-137.5,0,0,0,0,0,0,0,0,0,0,0,0,0,-0.044,0,0,0,0,0,0,0,0,0,0,0,0,0,43.552632,0,0
8982,189,62.396,0,58.408892,57.7,0.650827,92,0.079613,-0.06827,0,0,0,0,261.16,81.4,0,0,0,0,5,0,0,0,0,0,0,0,0,0,0,0,0,0,226.5,0,0,0,0,0,0,0,0,0,0,0,0,0,-137.6,0,0,0,0,0,0,0,0,0,0,0,0,0,-0.046,0,0,0,0,0,0,0,0,0,0,0,0,0,43.552632,0,0
8982,190,62.496,0,57.787521,57.7,0.976347,92,0.089377,-0.0889,0,0,0,0,261.16,81.4,0,0,0,0,5,0,0,0,0,0,0,0,0,0,0,0,0,0,217.5,0,0,0,0,0,0,0,0,0,0,0,0,0,-137.7,0,0,0,0,0,0,0,0,0,0,0,0,0,-0.046,0,0,0,0,0,0,0,0,0,0,0,0,0,43.552632,0,0
8982,191,62.595,0,57.787521,57.7,1.464627,92,0.091958,-0.08275,0,0,0,0,261.16,81.4,0,0,0,0,5,0,0,0,0,0,0,0,0,0,0,0,0,0,199.6,0,0,0,0,0,0,0,0,0,0,0,0,0,-137.7,0,0,0,0,0,0,0,0,0,0,0,0,0,-0.048,0,0,0,0,0,0,0,0,0,0,0,0,0,43.552632,0,0
8982,192,62.696,0,57.787521,57.7,0.976347,92,0.110449,-0.10266,0,0,0,0,261.16,81.4,0,0,0,0,5,0,0,0,0,0,0,0,0,0,0,0,0,0,190.8,0,0,0,0,0,0,0,0,0,0,0,0,0,-137.8,0,0,0,0,0,0,0,0,0,0,0,0,0,-0.05,0,0,0,0,0,0,0,0,0,0,0,0,0,43.552632,0,0
8982,193,62.796,0,57.787521,57.7,0.813587,92,0.161379,-0.09999,0,0,0,0,261.16,81.4,0,0,0,0,5,0,0,0,0,0,0,0,0,0,0,0,0,0,172.8,0,0,0,0,0,0,0,0,0,0,0,0,0,-137.8,0,0,0,0,0,0,0,0,0,0,0,0,0,-0.054,0,0,0,0,0,0,0,0,0,0,0,0,0,43.552632,0,0
8982,194,62.896,0,57.787521,57.7,0.325307,92,0.193737,-0.09102,0,0,0,0,261.16,81.4,0,0,0,0,5,0,0,0,0,0,0,0,0,0,0,0,0,0,163.9,0,0,0,0,0,0,0,0,0,0,0,0,0,-137.9,0,0,0,0,0,0,0,0,0,0,0,0,0,-0.056,0,0,0,0,0,0,0,0,0,0,0,0,0,43.552632,0,0
8982,195,62.996,0,57.787521,57.7,-0.814013,92,0.169383,-0.09969,0,0,0,0,261.16,81.4,0,0,0,0,5,0,0,0,0,0,0,0,0,0,0,0,0,0,146,0,0,0,0,0,0,0,0,0,0,0,0,0,-138,0,0,0,0,0,0,0,0,0,0,0,0,0,-0.06,0,0,0,0,0,0,0,0,0,0,0,0,0,43.552632,0,0
8982,196,63.096,0,57.16615,57.7,0.325307,92,0.091733,-0.08583,0,0,0,0,261.16,81.4,0,0,0,0,5,0,0,0,0,0,0,0,0,0,0,0,0,0,128,0,0,0,0,0,0,0,0,0,0,0,0,0,-138.1,0,0,0,0,0,0,0,0,0,0,0,0,0,-0.068,0,0,0,0,0,0,0,0,0,0,0,0,0,43.552632,0,0
8982,197,63.196,0,57.16615,57.7,0.650827,92,0.088233,-0.07878,0,0,0,0,261.16,81.4,0,0,0,0,5,0,0,0,0,0,0,0,0,0,0,0,0,0,119,0,0,0,0,0,0,0,0,0,0,0,0,0,-138.2,0,0,0,0,0,0,0,0,0,0,0,0,0,-0.072,0,0,0,0,0,0,0,0,0,0,0,0,0,43.552632,0,0
8982,198,63.297,0,56.544778,57.1,0.162547,91.6,0.091499,-0.07027,0,0,0,0,261.16,81.4,0,0,0,0,5,0,0,0,0,0,0,0,0,0,0,0,0,0,101.1,0,0,0,0,0,0,0,0,0,0,0,0,0,-138.3,0,0,0,0,0,0,0,0,0,0,0,0,0,-0.08,0,0,0,0,0,0,0,0,0,0,0,0,0,43.552632,0,0
8982,199,63.396,0,56.544778,57.1,0.650827,91.6,0.048616,-0.11516,0,0,0,0,261.16,81.4,0,0,0,0,5,0,0,0,0,0,0,0,0,0,0,0,0,0,92.1,0,0,0,0,0,0,0,0,0,0,0,0,0,-138.4,0,0,0,0,0,0,0,0,0,0,0,0,0,-0.088,0,0,0,0,0,0,0,0,0,0,0,0,0,43.552632,0,0
8982,200,63.495,0,57.16615,57.1,1.627387,91.6,0.068137,-0.10545,0,0,0,0,261.16,81.4,0,0,0,0,5,0,0,0,0,0,0,0,0,0,0,0,0,0,74.1,0,0,0,0,0,0,0,0,0,0,0,0,0,-138.5,0,0,0,0,0,0,0,0,0,0,0,0,0,-0.104,0,0,0,0,0,0,0,0,0,0,0,0,0,43.552632,0,0
8982,201,63.595,0,57.16615,57.1,0.976347,91.6,0.14542,-0.09513,0,0,0,0,261.16,81.4,0,0,0,0,5,0,0,0,0,0,0,0,0,0,0,0,0,0,65.1,0,0,0,0,0,0,0,0,0,0,0,0,0,-138.6,0,0,0,0,0,0,0,0,0,0,0,0,0,-0.118,0,0,0,0,0,0,0,0,0,0,0,0,0,43.552632,0,0
8982,202,63.696,0,56.544778,57.1,0.325307,91.6,0.150587,-0.0937,0,0,0,0,261.16,81.4,0,0,0,0,0,0,0,0,0,0,0,0,0,0,0,0,0,0,0.5,0,0,0,0,0,0,0,0,0,0,0,0,0,0,0,0,0,0,0,0,0,0,0,0,0,0,0,0,0,0,0,0,0,0,0,0,0,0,0,0,0,43.552632,0,0
8982,203,63.795,0,56.544778,57.1,0.325307,91.6,0.094527,-0.11813,0,0,0,0,261.16,81.4,0,0,0,0,0,0,0,0,0,0,0,0,0,0,0,0,0,0,0,0,0,0,0,0,0,0,0,0,0,0,0,0,0,0,0,0,0,0,0,0,0,0,0,0,0,0,0,0,0,0,0,0,0,0,0,0,0,0,0,0,43.552632,0,0
8982,204,63.896,0,56.544778,57.1,0.488067,91.6,0.090032,-0.10773,0,0,0,0,261.16,81.4,0,0,0,0,0,0,0,0,0,0,0,0,0,0,0,0,0,0,0,0,0,0,0,0,0,0,0,0,0,0,0,0,0,0,0,0,0,0,0,0,0,0,0,0,0,0,0,0,0,0,0,0,0,0,0,0,0,0,0,0,43.552632,0,0
8982,205,63.996,0,56.544778,57.1,0.325307,91.6,0.128796,-0.07378,0,0,0,0,261.16,81.4,0,0,0,0,0,0,0,0,0,0,0,0,0,0,0,0,0,0,0,0,0,0,0,0,0,0,0,0,0,0,0,0,0,0,0,0,0,0,0,0,0,0,0,0,0,0,0,0,0,0,0,0,0,0,0,0,0,0,0,0,43.552632,0,0
8982,206,64.096,0,56.544778,57.1,0.650827,91.6,0.127357,-0.08179,0,0,0,0,261.16,81.4,0,0,0,0,0,0,0,0,0,0,0,0,0,0,0,0,0,0,0,0,0,0,0,0,0,0,0,0,0,0,0,0,0,0,0,0,0,0,0,0,0,0,0,0,0,0,0,0,0,0,0,0,0,0,0,0,0,0,0,0,43.552632,0,0
8982,207,64.196,0,56.544778,57.1,-0.651253,91.6,0.123122,-0.08841,0,0,0,0,261.16,81.4,0,0,0,0,0,0,0,0,0,0,0,0,0,0,0,0,0,0,0,0,0,0,0,0,0,0,0,0,0,0,0,0,0,0,0,0,0,0,0,0,0,0,0,0,0,0,0,0,0,0,0,0,0,0,0,0,0,0,0,0,43.552632,0,0
8982,208,64.296,0,55.923407,55.7,-0.000213,90.9,0.080741,-0.09797,0,0,0,0,261.16,81.4,0,0,0,0,0,0,0,0,0,0,0,0,0,0,0,0,0,0,0,0,0,0,0,0,0,0,0,0,0,0,0,0,0,0,0,0,0,0,0,0,0,0,0,0,0,0,0,0,0,0,0,0,0,0,0,0,0,0,0,0,43.552632,0,0
8982,209,64.397,0,55.923407,55.7,0.488067,90.9,0.056182,-0.0989,0,0,0,0,231.16,53.2,0,0,0,0,0,0,0,0,0,0,0,0,0,0,0,0,0,0,0,0,0,0,0,0,0,0,0,0,0,0,0,0,0,0,0,0,0,0,0,0,0,0,0,0,0,0,0,0,0,0,0,0,0,0,0,0,0,0,0,0,43.552632,0,0
8982,210,64.496,0,55.923407,55.7,0.488067,90.9,0.085804,-0.08037,0,0,0,0,231.16,53.2,0,0,0,0,0,0,0,0,0,0,0,0,0,0,0,0,0,0,0,0,0,0,0,0,0,0,0,0,0,0,0,0,0,0,0,0,0,0,0,0,0,0,0,0,0,0,0,0,0,0,0,0,0,0,0,0,0,0,0,0,43.552632,0,0
8982,211,64.597,0,55.923407,55.7,0.325307,90.9,0.090378,-0.0958,0,0,0,0,231.16,53.2,0,0,0,0,0,0,0,0,0,0,0,0,0,0,0,0,0,0,0,0,0,0,0,0,0,0,0,0,0,0,0,0,0,0,0,0,0,0,0,0,0,0,0,0,0,0,0,0,0,0,0,0,0,0,0,0,0,0,0,0,43.552632,0,0
8982,212,64.696,0,55.923407,55.7,0.162547,90.9,0.073989,-0.08555,0,0,0,0,231.16,53.2,0,0,0,0,0,0,0,0,0,0,0,0,0,0,0,0,0,0,0,0,0,0,0,0,0,0,0,0,0,0,0,0,0,0,0,0,0,0,0,0,0,0,0,0,0,0,0,0,0,0,0,0,0,0,0,0,0,0,0,0,43.552632,0,0
8982,213,64.796,0,55.923407,55.7,0.325307,90.9,0.07341,-0.09489,0,0,0,0,231.16,53.2,0,0,0,0,0,0,0,0,0,0,0,0,0,0,0,0,0,0,0,0,0,0,0,0,0,0,0,0,0,0,0,0,0,0,0,0,0,0,0,0,0,0,0,0,0,0,0,0,0,0,0,0,0,0,0,0,0,0,0,0,43.552632,0,0
8982,214,64.896,0,55.302036,55.7,0.325307,90.9,0.08476,-0.09514,0,0,0,0,231.16,53.2,0,0,0,0,0,0,0,0,0,0,0,0,0,0,0,0,0,0,0,0,0,0,0,0,0,0,0,0,0,0,0,0,0,0,0,0,0,0,0,0,0,0,0,0,0,0,0,0,0,0,0,0,0,0,0,0,0,0,0,0,43.552632,0,0
8982,215,64.996,0,55.302036,55.7,0.813587,90.9,0.062612,-0.11873,0,0,0,0,231.16,53.2,0,0,0,0,0,0,0,0,0,0,0,0,0,0,0,0,0,0,0,0,0,0,0,0,0,0,0,0,0,0,0,0,0,0,0,0,0,0,0,0,0,0,0,0,0,0,0,0,0,0,0,0,0,0,0,0,0,0,0,0,43.552632,0,0
8982,216,65.096,0,55.302036,55.7,0.650827,90.9,0.04211,-0.09353,0,0,0,0,231.16,53.2,0,0,0,0,0,0,0,0,0,0,0,0,0,0,0,0,0,0,0,0,0,0,0,0,0,0,0,0,0,0,0,0,0,0,0,0,0,0,0,0,0,0,0,0,0,0,0,0,0,0,0,0,0,0,0,0,0,0,0,0,43.552632,0,0
8982,217,65.196,0,55.302036,55.7,-0.000213,90.9,0.119725,-0.07136,0,0,0,0,231.16,53.2,0,0,0,0,0,0,0,0,0,0,0,0,0,0,0,0,0,0,0,0,0,0,0,0,0,0,0,0,0,0,0,0,0,0,0,0,0,0,0,0,0,0,0,0,0,0,0,0,0,0,0,0,0,0,0,0,0,0,0,0,43.552632,0,0
8982,218,65.296,0,54.680665,54.5,0.325307,90.4,0.114131,-0.07541,0,0,0,0,231.16,53.2,0,0,0,0,0,0,0,0,0,0,0,0,0,0,0,0,0,0,0,0,0,0,0,0,0,0,0,0,0,0,0,0,0,0,0,0,0,0,0,0,0,0,0,0,0,0,0,0,0,0,0,0,0,0,0,0,0,0,0,0,43.552632,0,0
8982,219,65.396,0,54.680665,54.5,-0.651253,90.4,0.080684,-0.09153,0,0,0,0,231.16,53.2,0,0,0,0,0,0,0,0,0,0,0,0,0,0,0,0,0,0,0,0,0,0,0,0,0,0,0,0,0,0,0,0,0,0,0,0,0,0,0,0,0,0,0,0,0,0,0,0,0,0,0,0,0,0,0,0,0,0,0,0,43.552632,0,0
8982,220,65.496,0,54.680665,54.5,0.325307,90.4,0.067981,-0.11046,0,0,0,0,231.16,53.2,0,0,0,0,0,0,0,0,0,0,0,0,0,0,0,0,0,0,0,0,0,0,0,0,0,0,0,0,0,0,0,0,0,0,0,0,0,0,0,0,0,0,0,0,0,0,0,0,0,0,0,0,0,0,0,0,0,0,0,0,43.552632,0,0
8982,221,65.596,0,54.680665,54.5,-0.000213,90.4,0.051215,-0.09771,2,0,0,0,-66.4,111.4,0,0,0,0,0,0,0,0,0,0,0,0,0,0,0,0,0,0,0,0,0,0,0,0,0,0,0,0,0,0,0,0,0,0,0,0,0,0,0,0,0,0,0,0,0,0,0,0,0,0,0,0,0,0,0,0,0,0,0,0,43.552632,0,0
8982,222,65.696,0,54.680665,54.5,0.325307,90.4,0.058433,-0.09455,2,0,0,0,-66.4,111.4,0,0,0,0,0,0,0,0,0,0,0,0,0,0,0,0,0,0,0,0,0,0,0,0,0,0,0,0,0,0,0,0,0,0,0,0,0,0,0,0,0,0,0,0,0,0,0,0,0,0,0,0,0,0,0,0,0,0,0,0,43.552632,0,0
8982,223,65.796,0,54.680665,54.5,0.488067,90.4,0.06504,-0.08439,2,0,0,0,-66.4,111.4,0,0,0,0,0,0,0,0,0,0,0,0,0,0,0,0,0,0,0,0,0,0,0,0,0,0,0,0,0,0,0,0,0,0,0,0,0,0,0,0,0,0,0,0,0,0,0,0,0,0,0,0,0,0,0,0,0,0,0,0,43.552632,0,0
8982,224,65.896,0,54.059294,54.5,-0.000213,90.4,0.063136,-0.09027,2,0,0,0,-66.4,111.4,0,0,0,0,0,0,0,0,0,0,0,0,0,0,0,0,0,0,0,0,0,0,0,0,0,0,0,0,0,0,0,0,0,0,0,0,0,0,0,0,0,0,0,0,0,0,0,0,0,0,0,0,0,0,0,0,0,0,0,0,43.552632,0,0
8982,225,65.996,0,54.059294,54.5,0.488067,90.4,0.072268,-0.11052,2,0,0,0,-66.4,111.4,0,0,0,0,0,0,0,0,0,0,0,0,0,0,0,0,0,0,0,0,0,0,0,0,0,0,0,0,0,0,0,0,0,0,0,0,0,0,0,0,0,0,0,0,0,0,0,0,0,0,0,0,0,0,0,0,0,0,0,0,43.552632,0,0
8982,226,66.095,0,54.059294,54.5,0.325307,90.4,0.084037,-0.08191,2,0,0,0,-66.4,111.4,0,0,0,0,0,0,0,0,0,0,0,0,0,0,0,0,0,0,0,0,0,0,0,0,0,0,0,0,0,0,0,0,0,0,0,0,0,0,0,0,0,0,0,0,0,0,0,0,0,0,0,0,0,0,0,0,0,0,0,0,43.552632,0,0
8982,227,66.196,0,54.059294,54.5,0.162547,90.4,0.061742,-0.09456,2,0,0,0,-66.4,111.4,0,0,0,0,0,0,0,0,0,0,0,0,0,0,0,0,0,0,0,0,0,0,0,0,0,0,0,0,0,0,0,0,0,0,0,0,0,0,0,0,0,0,0,0,0,0,0,0,0,0,0,0,0,0,0,0,0,0,0,0,43.552632,0,0
8982,228,66.296,0,53.437923,53.4,0.325307,90.2,0.043782,-0.09806,2,0,0,0,-66.4,111.4,0,0,0,0,0,0,0,0,0,0,0,0,0,0,0,0,0,0,0,0,0,0,0,0,0,0,0,0,0,0,0,0,0,0,0,0,0,0,0,0,0,0,0,0,0,0,0,0,0,0,0,0,0,0,0,0,0,0,0,0,43.552632,0,0
8982,229,66.396,0,53.437923,53.4,0.162547,90.2,0.051592,-0.08842,2,0,0,0,-66.4,111.4,0,0,0,0,0,0,0,0,0,0,0,0,0,0,0,0,0,0,0,0,0,0,0,0,0,0,0,0,0,0,0,0,0,0,0,0,0,0,0,0,0,0,0,0,0,0,0,0,0,0,0,0,0,0,0,0,0,0,0,0,43.552632,0,0
8982,230,66.496,0,54.059294,53.4,0.813587,90.2,0.035996,-0.08438,2,0,0,0,-66.4,111.4,0,0,0,0,0,0,0,0,0,0,0,0,0,0,0,0,0,0,0,0,0,0,0,0,0,0,0,0,0,0,0,0,0,0,0,0,0,0,0,0,0,0,0,0,0,0,0,0,0,0,0,0,0,0,0,0,0,0,0,0,43.552632,0,0
8982,231,66.596,0,54.059294,53.4,0.162547,90.2,0.05063,-0.08579,2,0,0,0,-66.4,111.4,0,0,0,0,0,0,0,0,0,0,0,0,0,0,0,0,0,0,0,0,0,0,0,0,0,0,0,0,0,0,0,0,0,0,0,0,0,0,0,0,0,0,0,0,0,0,0,0,0,0,0,0,0,0,0,0,0,0,0,0,43.552632,0,0
8982,232,66.696,0,53.437923,53.4,-0.325733,90.2,0.060474,-0.08433,2,0,0,0,-66.4,111.4,0,0,0,0,0,0,0,0,0,0,0,0,0,0,0,0,0,0,0,0,0,0,0,0,0,0,0,0,0,0,0,0,0,0,0,0,0,0,0,0,0,0,0,0,0,0,0,0,0,0,0,0,0,0,0,0,0,0,0,0,43.552632,0,0
8982,233,66.796,0,53.437923,53.4,-0.651253,90.2,0.071869,-0.10963,2,0,0,0,-66.4,111.4,0,0,0,0,0,0,0,0,0,0,0,0,0,0,0,0,0,0,0,0,0,0,0,0,0,0,0,0,0,0,0,0,0,0,0,0,0,0,0,0,0,0,0,0,0,0,0,0,0,0,0,0,0,0,0,0,0,0,0,0,43.552632,0,0
8982,234,66.896,0,53.437923,53.4,-0.814013,90.2,0.050385,-0.09333,2,2,0,0,-100.2,54.19,0,0,0,0,0,0,0,0,0,0,0,0,0,0,0,0,0,0,0,0,0,0,0,0,0,0,0,0,0,0,0,0,0,0,0,0,0,0,0,0,0,0,0,0,0,0,0,0,0,0,0,0,0,0,0,0,0,0,0,0,43.552632,0,0
8982,235,66.996,0,53.437923,53.4,-1.139533,90.2,0.007198,-0.09286,2,2,0,0,-100.2,54.19,0,0,0,0,0,0,0,0,0,0,0,0,0,0,0,0,0,0,0,0,0,0,0,0,0,0,0,0,0,0,0,0,0,0,0,0,0,0,0,0,0,0,0,0,0,0,0,0,0,0,0,0,0,0,0,0,0,0,0,0,43.552632,0,0
8982,236,67.096,0,53.437923,53.4,-0.976773,90.2,-0.00885,-0.08251,2,2,0,0,-100.2,54.19,0,0,0,0,0,0,0,0,0,0,0,0,0,0,0,0,0,0,0,0,0,0,0,0,0,0,0,0,0,0,0,0,0,0,0,0,0,0,0,0,0,0,0,0,0,0,0,0,0,0,0,0,0,0,0,0,0,0,0,0,43.552632,0,0
8982,237,67.196,0,53.437923,53.4,-0.000213,90.2,-0.01852,-0.09901,2,2,0,0,-100.2,54.19,0,0,0,0,0,0,0,0,0,0,0,0,0,0,0,0,0,0,0,0,0,0,0,0,0,0,0,0,0,0,0,0,0,0,0,0,0,0,0,0,0,0,0,0,0,0,0,0,0,0,0,0,0,0,0,0,0,0,0,0,43.552632,0,0
8982,238,67.295,0,53.437923,52.9,0.162547,90.1,0.027614,-0.09771,2,2,0,0,-100.2,54.19,0,0,0,0,0,0,0,0,0,0,0,0,0,0,0,0,0,0,0,0,0,0,0,0,0,0,0,0,0,0,0,0,0,0,0,0,0,0,0,0,0,0,0,0,0,0,0,0,0,0,0,0,0,0,0,0,0,0,0,0,43.552632,0,0
8982,239,67.396,0,53.437923,52.9,-0.488493,90.1,0.041524,-0.10286,2,2,0,0,-100.2,54.19,0,0,0,0,0,0,0,0,0,0,0,0,0,0,0,0,0,0,0,0,0,0,0,0,0,0,0,0,0,0,0,0,0,0,0,0,0,0,0,0,0,0,0,0,0,0,0,0,0,0,0,0,0,0,0,0,0,0,0,0,43.552632,0,0
8982,240,67.496,0,52.816551,52.9,-0.651253,90.1,-0.00955,-0.08957,2,2,0,0,-100.2,54.19,0,0,0,0,0,0,0,0,0,0,0,0,0,0,0,0,0,0,0,0,0,0,0,0,0,0,0,0,0,0,0,0,0,0,0,0,0,0,0,0,0,0,0,0,0,0,0,0,0,0,0,0,0,0,0,0,0,0,0,0,43.552632,0,0
8982,241,67.596,0,52.816551,52.9,-0.488493,90.1,-0.01734,-0.10418,2,2,0,0,-100.2,54.19,0,0,0,0,0,0,0,0,0,0,0,0,0,0,0,0,0,0,0,0,0,0,0,0,0,0,0,0,0,0,0,0,0,0,0,0,0,0,0,0,0,0,0,0,0,0,0,0,0,0,0,0,0,0,0,0,0,0,0,0,43.552632,0,0
8982,242,67.696,0,53.437923,52.9,-0.162973,90.1,-0.03258,-0.09726,2,2,0,0,-100.2,54.19,0,0,0,0,7,0,0,0,0,0,0,0,0,0,0,0,0,0,426.4,0,0,0,0,0,0,0,0,0,0,0,0,0,-135.5,0,0,0,0,0,0,0,0,0,0,0,0,0,0.01,0,0,0,0,0,0,0,0,0,0,0,0,0,43.552632,0,0
8982,243,67.796,0,53.437923,52.9,-0.976773,90.1,-0.01404,-0.08978,2,2,0,0,-100.2,54.19,0,0,0,0,7,0,0,0,0,0,0,0,0,0,0,0,0,0,418.5,0,0,0,0,0,0,0,0,0,0,0,0,0,-135.4,0,0,0,0,0,0,0,0,0,0,0,0,0,0.01,0,0,0,0,0,0,0,0,0,0,0,0,0,43.552632,0,0
8982,244,67.896,0,52.816551,52.9,-0.814013,90.1,0.025851,-0.10682,2,2,0,0,-100.2,54.19,0,0,0,0,7,0,0,0,0,0,0,0,0,0,0,0,0,0,402.2,0,0,0,0,0,0,0,0,0,0,0,0,0,-135.2,0,0,0,0,0,0,0,0,0,0,0,0,0,0.01,0,0,0,0,0,0,0,0,0,0,0,0,0,43.552632,0,0
8982,245,67.996,0,52.816551,52.9,-0.651253,90.1,0.047675,-0.10337,2,2,0,0,-100.2,54.19,0,0,0,0,7,0,0,0,0,0,0,0,0,0,0,0,0,0,393.4,0,0,0,0,0,0,0,0,0,0,0,0,0,-135.1,0,0,0,0,0,0,0,0,0,0,0,0,0,0.01,0,0,0,0,0,0,0,0,0,0,0,0,0,43.552632,0,0
8982,246,68.095,0,53.437923,52.9,-0.488493,90.1,0.050364,-0.08622,1,0,0,0,-115.4,32,0,0,0,0,7,0,0,0,0,0,0,0,0,0,0,0,0,0,376.2,0,0,0,0,0,0,0,0,0,0,0,0,0,-135.1,0,0,0,0,0,0,0,0,0,0,0,0,0,0.01,0,0,0,0,0,0,0,0,0,0,0,0,0,43.552632,0,0
8982,247,68.196,0,53.437923,52.9,-0.976773,90.1,0.055706,-0.08804,1,0,0,0,-115.4,32,0,0,0,0,7,0,0,0,0,0,0,0,0,0,0,0,0,0,367.7,0,0,0,0,0,0,0,0,0,0,0,0,0,-135,0,0,0,0,0,0,0,0,0,0,0,0,0,0.01,0,0,0,0,0,0,0,0,0,0,0,0,0,43.552632,0,0
8982,248,68.296,0,52.816551,52.4,-1.139533,90.6,0.05276,-0.09123,1,0,0,0,-115.4,32,0,0,0,0,7,0,0,0,0,0,0,0,0,0,0,0,0,0,350.2,0,0,0,0,0,0,0,0,0,0,0,0,0,-134.8,0,0,0,0,0,0,0,0,0,0,0,0,0,0.01,0,0,0,0,0,0,0,0,0,0,0,0,0,43.552632,0,0
8982,249,68.395,0,52.816551,52.4,-0.651253,90.6,0.000236,-0.0984,1,0,0,0,-115.4,32,0,0,0,0,7,0,0,0,0,0,0,0,0,0,0,0,0,0,341.7,0,0,0,0,0,0,0,0,0,0,0,0,0,-134.8,0,0,0,0,0,0,0,0,0,0,0,0,0,0.01,0,0,0,0,0,0,0,0,0,0,0,0,0,43.552632,0,0
8982,250,68.496,0,53.437923,52.4,-0.325733,90.6,-0.0138,-0.08885,1,0,0,0,-115.4,32,0,0,0,0,7,0,0,0,0,0,0,0,0,0,0,0,0,0,324.9,0,0,0,0,0,0,0,0,0,0,0,0,0,-134.6,0,0,0,0,0,0,0,0,0,0,0,0,0,0.012,0,0,0,0,0,0,0,0,0,0,0,0,0,43.552632,0,0
8982,251,68.596,0,53.437923,52.4,-0.000213,90.6,0.012977,-0.09909,1,0,0,0,-115.4,32,0,0,0,0,7,0,0,0,0,0,0,0,0,0,0,0,0,0,316,0,0,0,0,0,0,0,0,0,0,0,0,0,-134.6,0,0,0,0,0,0,0,0,0,0,0,0,0,0.012,0,0,0,0,0,0,0,0,0,0,0,0,0,43.552632,0,0
8982,252,68.696,0,53.437923,52.4,-0.162973,90.6,0.041434,-0.10801,1,0,0,0,-115.4,32,0,0,0,0,7,0,0,0,0,0,0,0,0,0,0,0,0,0,298.4,0,0,0,0,0,0,0,0,0,0,0,0,0,-134.5,0,0,0,0,0,0,0,0,0,0,0,0,0,0.012,0,0,0,0,0,0,0,0,0,0,0,0,0,43.552632,0,0
8982,253,68.797,0.392,53.437923,52.4,-0.162973,90.6,0.053698,-0.08816,1,0,0,0,-115.4,32,0,0,0,0,7,0,0,0,0,0,0,0,0,0,0,0,0,0,280.9,0,0,0,0,0,0,0,0,0,0,0,0,0,-134.3,0,0,0,0,0,0,0,0,0,0,0,0,0,0.012,0,0,0,0,0,0,0,0,0,0,0,0,0,43.552632,0,0
8982,254,68.896,0.392,52.816551,52.4,-0.651253,90.6,0.055014,-0.06752,1,0,0,0,-115.4,32,0,0,0,0,7,0,0,0,0,0,0,0,0,0,0,0,0,0,272,0,0,0,0,0,0,0,0,0,0,0,0,0,-134.3,0,0,0,0,0,0,0,0,0,0,0,0,0,0.012,0,0,0,0,0,0,0,0,0,0,0,0,0,43.552632,0,0
8982,255,68.996,1.176,52.816551,52.4,-0.651253,90.6,0.035894,-0.0843,1,0,0,0,-115.4,32,0,0,0,0,7,0,0,0,0,0,0,0,0,0,0,0,0,0,263,0,0,0,0,0,0,0,0,0,0,0,0,0,-134.3,0,0,0,0,0,0,0,0,0,0,0,0,0,0.012,0,0,0,0,0,0,0,0,0,0,0,0,0,43.552632,0,0
8982,256,69.096,1.176,53.437923,52.4,-1.465053,90.6,0.037776,-0.08405,1,0,0,0,-115.4,32,0,0,0,0,7,0,0,0,0,0,0,0,0,0,0,0,0,0,245.6,0,0,0,0,0,0,0,0,0,0,0,0,0,-134.1,0,0,0,0,0,0,0,0,0,0,0,0,0,0.014,0,0,0,0,0,0,0,0,0,0,0,0,0,43.552632,0,0
8982,257,69.195,2.744,53.437923,52.4,-0.976773,90.6,0.00413,-0.08225,1,0,0,0,-115.4,32,0,0,0,0,7,0,0,0,0,0,0,0,0,0,0,0,0,0,237.1,0,0,0,0,0,0,0,0,0,0,0,0,0,-134.1,0,0,0,0,0,0,0,0,0,0,0,0,0,0.014,0,0,0,0,0,0,0,0,0,0,0,0,0,43.552632,0,0
8982,258,69.295,2.744,53.437923,52.3,-0.651253,91.4,0.017345,-0.08577,1,0,0,0,-115.4,32,0,0,0,0,7,0,0,0,0,0,0,0,0,0,0,0,0,0,220.5,0,0,0,0,0,0,0,0,0,0,0,0,0,-134,0,0,0,0,0,0,0,0,0,0,0,0,0,0.016,0,0,0,0,0,0,0,0,0,0,0,0,0,43.552632,0,0
8982,259,69.396,6.272,53.437923,52.3,-0.976773,91.4,0.030697,-0.09279,1,0,0,0,-115.4,32,0,0,0,0,7,0,0,0,0,0,0,0,0,0,0,0,0,0,211.9,0,0,0,0,0,0,0,0,0,0,0,0,0,-133.9,0,0,0,0,0,0,0,0,0,0,0,0,0,0.016,0,0,0,0,0,0,0,0,0,0,0,0,0,43.552632,0,0
8982,260,69.496,6.272,53.437923,52.3,-1.139533,91.4,0.056428,-0.10293,0,0,0,0,23.56,238.96,0,0,0,0,0,0,0,0,0,0,0,0,0,0,0,0,0,0,0.7,0,0,0,0,0,0,0,0,0,0,0,0,0,0,0,0,0,0,0,0,0,0,0,0,0,0,0,0,0,0,0,0,0,0,0,0,0,0,0,0,0,43.552632,0,0
8982,261,69.596,14.896,53.437923,52.3,-1.139533,91.4,0.067253,-0.07574,0,0,0,0,23.56,238.96,0,0,0,0,0,0,0,0,0,0,0,0,0,0,0,0,0,0,0,0,0,0,0,0,0,0,0,0,0,0,0,0,0,0,0,0,0,0,0,0,0,0,0,0,0,0,0,0,0,0,0,0,0,0,0,0,0,0,0,0,43.552632,0,0
8982,262,69.696,14.896,53.437923,52.3,-0.814013,91.4,0.022763,-0.04328,0,0,0,0,23.56,238.96,0,0,0,0,0,0,0,0,0,0,0,0,0,0,0,0,0,0,0,0,0,0,0,0,0,0,0,0,0,0,0,0,0,0,0,0,0,0,0,0,0,0,0,0,0,0,0,0,0,0,0,0,0,0,0,0,0,0,0,0,43.552632,0,0
8982,263,69.796,25.48,53.437923,52.3,-0.814013,91.4,-0.00424,-0.01156,0,0,0,0,23.56,238.96,0,0,0,0,8,0,0,0,0,0,0,0,0,0,0,0,0,0,148.6,0,0,0,0,0,0,0,0,0,0,0,0,0,-133.7,0,0,0,0,0,0,0,0,0,0,0,0,0,-0.03,0,0,0,0,0,0,0,0,0,0,0,0,0,43.552632,0,0
8982,264,69.895,25.48,54.059294,52.3,-0.814013,91.4,0.019836,-0.01605,0,0,0,0,23.56,238.96,0,0,0,0,8,0,0,0,0,0,0,0,0,0,0,0,0,0,139.9,0,0,0,0,0,0,0,0,0,0,0,0,0,-133.7,0,0,0,0,0,0,0,0,0,0,0,0,0,-0.032,0,0,0,0,0,0,0,0,0,0,0,0,0,43.552632,0,0
8982,265,69.996,26.656,54.059294,52.3,-0.814013,91.4,0.011921,-0.00814,0,0,0,0,23.56,238.96,0,0,0,0,8,0,0,0,0,0,0,0,0,0,0,0,0,0,122.5,0,0,0,0,0,0,0,0,0,0,0,0,0,-133.7,0,0,0,0,0,0,0,0,0,0,0,0,0,-0.04,0,0,0,0,0,0,0,0,0,0,0,0,0,43.552632,0,0
8982,266,70.096,26.656,54.680665,52.3,-0.814013,91.4,0.031039,-0.00672,0,0,0,0,23.56,238.96,0,0,0,0,8,0,0,0,0,0,0,0,0,0,0,0,0,0,113.8,0,0,0,0,0,0,0,0,0,0,0,0,0,-133.8,0,0,0,0,0,0,0,0,0,0,0,0,0,-0.044,0,0,0,0,0,0,0,0,0,0,0,0,0,43.552632,0,0
8982,267,70.196,26.656,54.680665,52.3,-1.302293,91.4,0.044864,-0.01652,0,0,0,0,23.56,238.96,0,0,0,0,8,0,0,0,0,0,0,0,0,0,0,0,0,0,96.4,0,0,0,0,0,0,0,0,0,0,0,0,0,-133.8,0,0,0,0,0,0,0,0,0,0,0,0,0,-0.05,0,0,0,0,0,0,0,0,0,0,0,0,0,43.552632,0,0
8982,268,70.296,26.656,54.680665,52.8,-1.139533,92.1,0.070109,-0.0262,0,0,0,0,23.56,238.96,0,0,0,0,8,0,0,0,0,0,0,0,0,0,0,0,0,0,87.7,0,0,0,0,0,0,0,0,0,0,0,0,0,-133.8,0,0,0,0,0,0,0,0,0,0,0,0,0,-0.056,0,0,0,0,0,0,0,0,0,0,0,0,0,43.552632,0,0
8982,269,70.396,27.048,54.680665,52.8,-0.651253,92.1,0.064796,-0.01003,0,0,0,0,23.56,238.96,0,0,0,0,8,0,0,0,0,0,0,0,0,0,0,0,0,0,70.3,0,0,0,0,0,0,0,0,0,0,0,0,0,-133.8,0,0,0,0,0,0,0,0,0,0,0,0,0,-0.07,0,0,0,0,0,0,0,0,0,0,0,0,0,43.552632,0,0
8982,270,70.496,27.048,55.302036,52.8,-1.139533,92.1,0.036931,-0.0046,0,0,0,0,23.56,238.96,0,0,0,0,8,0,0,0,0,0,0,0,0,0,0,0,0,0,61.6,0,0,0,0,0,0,0,0,0,0,0,0,0,-133.9,0,0,0,0,0,0,0,0,0,0,0,0,0,-0.08,0,0,0,0,0,0,0,0,0,0,0,0,0,43.552632,0,0
8982,271,70.596,26.656,55.302036,52.8,-0.814013,92.1,0.027267,-0.00224,0,0,0,0,23.56,238.96,0,0,0,0,8,0,0,0,0,0,0,0,0,0,0,0,0,0,44.2,0,0,0,0,0,0,0,0,0,0,0,0,0,-133.9,0,0,0,0,0,0,0,0,0,0,0,0,0,-0.112,0,0,0,0,0,0,0,0,0,0,0,0,0,43.552632,0,0
8982,272,70.696,26.656,55.923407,52.8,-0.814013,92.1,-0.00365,-0.01026,0,0,0,0,23.56,238.96,0,0,0,0,8,0,0,0,0,0,0,0,0,0,0,0,0,0,35.5,0,0,0,0,0,0,0,0,0,0,0,0,0,-133.9,0,0,0,0,0,0,0,0,0,0,0,0,0,-0.138,0,0,0,0,0,0,0,0,0,0,0,0,0,43.552632,0,0
8982,273,70.796,26.656,55.923407,52.8,-0.325733,92.1,0.02148,-0.00354,2,0,0,0,-77.6,69.8,0,0,0,0,8,0,0,0,0,0,0,0,0,0,0,0,0,0,18.1,0,0,0,0,0,0,0,0,0,0,0,0,0,-133.9,0,0,0,0,0,0,0,0,0,0,0,0,0,-0.254,0,0,0,0,0,0,0,0,0,0,0,0,0,43.552632,0,0
8982,274,70.896,26.656,55.302036,52.8,-0.976773,92.1,0.046875,0.00673,2,0,0,0,-77.6,69.8,0,0,0,0,8,0,0,0,0,0,0,0,0,0,0,0,0,0,9.4,0,0,0,0,0,0,0,0,0,0,0,0,0,-133.9,0,0,0,0,0,0,0,0,0,0,0,0,0,-0.254,0,0,0,0,0,0,0,0,0,0,0,0,0,43.552632,0,0
8982,275,70.996,26.656,55.302036,52.8,-0.651253,92.1,0.042374,-0.01617,2,0,0,0,-77.6,69.8,0,0,0,0,0,0,0,0,0,0,0,0,0,0,0,0,0,0,0.8,0,0,0,0,0,0,0,0,0,0,0,0,0,0,0,0,0,0,0,0,0,0,0,0,0,0,0,0,0,0,0,0,0,0,0,0,0,0,0,0,0,43.552632,0,0
8982,276,71.096,26.656,56.544778,52.8,-0.325733,92.1,0.042125,-0.02277,2,0,0,0,-77.6,69.8,0,0,0,0,0,0,0,0,0,0,0,0,0,0,0,0,0,0,0,0,0,0,0,0,0,0,0,0,0,0,0,0,0,0,0,0,0,0,0,0,0,0,0,0,0,0,0,0,0,0,0,0,0,0,0,0,0,0,0,0,43.552632,0,0
8982,277,71.196,27.048,56.544778,52.8,-0.325733,92.1,0.08764,-0.01417,2,0,0,0,-77.6,69.8,0,0,0,0,0,0,0,0,0,0,0,0,0,0,0,0,0,0,0,0,0,0,0,0,0,0,0,0,0,0,0,0,0,0,0,0,0,0,0,0,0,0,0,0,0,0,0,0,0,0,0,0,0,0,0,0,0,0,0,0,43.552632,0,0
8982,278,71.296,27.048,57.16615,55.2,0.488067,93.1,0.083734,-0.0183,2,0,0,0,-77.6,69.8,0,0,0,0,0,0,0,0,0,0,0,0,0,0,0,0,0,0,0,0,0,0,0,0,0,0,0,0,0,0,0,0,0,0,0,0,0,0,0,0,0,0,0,0,0,0,0,0,0,0,0,0,0,0,0,0,0,0,0,0,43.552632,0,0
8982,279,71.396,27.048,57.16615,55.2,0.976347,93.1,0.093677,-0.01287,2,0,0,0,-77.6,69.8,0,0,0,0,0,0,0,0,0,0,0,0,0,0,0,0,0,0,0,0,0,0,0,0,0,0,0,0,0,0,0,0,0,0,0,0,0,0,0,0,0,0,0,0,0,0,0,0,0,0,0,0,0,0,0,0,0,0,0,0,43.552632,0,0
8982,280,71.496,27.048,57.16615,55.2,1.139107,93.1,0.151725,-0.01121,2,0,0,0,-77.6,69.8,0,0,0,0,0,0,0,0,0,0,0,0,0,0,0,0,0,0,0,0,0,0,0,0,0,0,0,0,0,0,0,0,0,0,0,0,0,0,0,0,0,0,0,0,0,0,0,0,0,0,0,0,0,0,0,0,0,0,0,0,43.552632,0,0
8982,281,71.596,26.656,57.16615,55.2,0.488067,93.1,0.187948,0.0164,2,0,0,0,-77.6,69.8,0,0,0,0,0,0,0,0,0,0,0,0,0,0,0,0,0,0,0,0,0,0,0,0,0,0,0,0,0,0,0,0,0,0,0,0,0,0,0,0,0,0,0,0,0,0,0,0,0,0,0,0,0,0,0,0,0,0,0,0,43.552632,0,0
8982,282,71.696,26.656,57.16615,55.2,-0.162973,93.1,0.106788,0.006962,2,0,0,0,-77.6,69.8,0,0,0,0,0,0,0,0,0,0,0,0,0,0,0,0,0,0,0,0,0,0,0,0,0,0,0,0,0,0,0,0,0,0,0,0,0,0,0,0,0,0,0,0,0,0,0,0,0,0,0,0,0,0,0,0,0,0,0,0,43.552632,0,0
8982,283,71.796,26.656,57.16615,55.2,0.488067,93.1,0.084634,0.005312,2,0,0,0,-77.6,69.8,0,0,0,0,0,0,0,0,0,0,0,0,0,0,0,0,0,0,0,0,0,0,0,0,0,0,0,0,0,0,0,0,0,0,0,0,0,0,0,0,0,0,0,0,0,0,0,0,0,0,0,0,0,0,0,0,0,0,0,0,43.552632,0,0
8982,284,71.896,26.656,57.787521,55.2,0.976347,93.1,0.077718,-0.01795,0,0,0,0,-136.4,15.4,0,0,0,0,0,0,0,0,0,0,0,0,0,0,0,0,0,0,0,0,0,0,0,0,0,0,0,0,0,0,0,0,0,0,0,0,0,0,0,0,0,0,0,0,0,0,0,0,0,0,0,0,0,0,0,0,0,0,0,0,43.552632,0,0
8982,285,71.996,27.048,57.787521,55.2,0.813587,93.1,0.102594,-0.03152,0,0,0,0,-136.4,15.4,0,0,0,0,0,0,0,0,0,0,0,0,0,0,0,0,0,0,0,0,0,0,0,0,0,0,0,0,0,0,0,0,0,0,0,0,0,0,0,0,0,0,0,0,0,0,0,0,0,0,0,0,0,0,0,0,0,0,0,0,43.552632,0,0
8982,286,72.096,27.048,57.787521,55.2,0.325307,93.1,0.146206,-0.03235,0,0,0,0,-136.4,15.4,0,0,0,0,0,0,0,0,0,0,0,0,0,0,0,0,0,0,0,0,0,0,0,0,0,0,0,0,0,0,0,0,0,0,0,0,0,0,0,0,0,0,0,0,0,0,0,0,0,0,0,0,0,0,0,0,0,0,0,0,43.552632,0,0
8982,287,72.196,26.656,57.787521,55.2,-0.000213,93.1,0.126077,-0.02809,0,0,0,0,-136.4,15.4,0,0,0,0,0,0,0,0,0,0,0,0,0,0,0,0,0,0,0,0,0,0,0,0,0,0,0,0,0,0,0,0,0,0,0,0,0,0,0,0,0,0,0,0,0,0,0,0,0,0,0,0,0,0,0,0,0,0,0,0,43.552632,0,0
8982,288,72.296,26.656,58.408892,57,-0.488493,92.9,0.114488,-0.03352,0,0,0,0,-136.4,15.4,0,0,0,0,0,0,0,0,0,0,0,0,0,0,0,0,0,0,0,0,0,0,0,0,0,0,0,0,0,0,0,0,0,0,0,0,0,0,0,0,0,0,0,0,0,0,0,0,0,0,0,0,0,0,0,0,0,0,0,0,43.552632,0,0
8982,289,72.396,26.656,58.408892,55.2,-0.162973,93.1,0.054717,-0.01367,0,0,0,0,-136.4,15.4,0,0,0,0,0,0,0,0,0,0,0,0,0,0,0,0,0,0,0,0,0,0,0,0,0,0,0,0,0,0,0,0,0,0,0,0,0,0,0,0,0,0,0,0,0,0,0,0,0,0,0,0,0,0,0,0,0,0,0,0,43.552632,0,0
8982,290,72.496,26.656,59.030263,57,-0.651253,92.9,0.060195,0.026202,0,0,0,0,-136.4,15.4,0,0,0,0,0,0,0,0,0,0,0,0,0,0,0,0,0,0,0,0,0,0,0,0,0,0,0,0,0,0,0,0,0,0,0,0,0,0,0,0,0,0,0,0,0,0,0,0,0,0,0,0,0,0,0,0,0,0,0,0,43.552632,0,0
8982,291,72.595,27.048,59.030263,55.2,-0.325733,93.1,0.034206,-0.00613,0,0,0,0,-136.4,15.4,0,0,0,0,0,0,0,0,0,0,0,0,0,0,0,0,0,0,0,0,0,0,0,0,0,0,0,0,0,0,0,0,0,0,0,0,0,0,0,0,0,0,0,0,0,0,0,0,0,0,0,0,0,0,0,0,0,0,0,0,43.552632,0,0
8982,292,72.696,27.048,59.030263,57,-0.162973,92.9,0.039996,-0.01569,0,0,0,0,-136.4,15.4,0,0,0,0,0,0,0,0,0,0,0,0,0,0,0,0,0,0,0,0,0,0,0,0,0,0,0,0,0,0,0,0,0,0,0,0,0,0,0,0,0,0,0,0,0,0,0,0,0,0,0,0,0,0,0,0,0,0,0,0,43.552632,0,0
8982,293,72.796,26.656,59.030263,55.2,-0.325733,93.1,0.060892,-0.02006,0,0,0,0,-136.4,15.4,0,0,0,0,0,0,0,0,0,0,0,0,0,0,0,0,0,0,0,0,0,0,0,0,0,0,0,0,0,0,0,0,0,0,0,0,0,0,0,0,0,0,0,0,0,0,0,0,0,0,0,0,0,0,0,0,0,0,0,0,43.552632,0,0
8982,294,72.896,26.656,59.030263,57,-0.488493,92.9,0.074937,-0.03245,0,0,0,0,-136.4,15.4,0,0,0,0,0,0,0,0,0,0,0,0,0,0,0,0,0,0,0,0,0,0,0,0,0,0,0,0,0,0,0,0,0,0,0,0,0,0,0,0,0,0,0,0,0,0,0,0,0,0,0,0,0,0,0,0,0,0,0,0,43.552632,0,0
8982,295,72.996,27.048,59.030263,55.2,-0.651253,93.1,0.112586,-0.01959,0,0,0,0,-136.4,15.4,0,0,0,0,0,0,0,0,0,0,0,0,0,0,0,0,0,0,0,0,0,0,0,0,0,0,0,0,0,0,0,0,0,0,0,0,0,0,0,0,0,0,0,0,0,0,0,0,0,0,0,0,0,0,0,0,0,0,0,0,43.552632,0,0
8982,296,73.096,27.048,59.651634,57,-1.302293,92.9,0.098701,-0.017,2,0,0,0,-127.6,27,0,0,0,0,0,0,0,0,0,0,0,0,0,0,0,0,0,0,0,0,0,0,0,0,0,0,0,0,0,0,0,0,0,0,0,0,0,0,0,0,0,0,0,0,0,0,0,0,0,0,0,0,0,0,0,0,0,0,0,0,43.552632,0,0
8982,297,73.197,26.656,59.651634,55.2,-0.488493,93.1,0.049068,-0.01769,2,0,0,0,-127.6,27,0,0,0,0,0,0,0,0,0,0,0,0,0,0,0,0,0,0,0,0,0,0,0,0,0,0,0,0,0,0,0,0,0,0,0,0,0,0,0,0,0,0,0,0,0,0,0,0,0,0,0,0,0,0,0,0,0,0,0,0,43.552632,0,0
8982,298,73.295,26.656,59.651634,57,-0.488493,92.9,0.016047,-0.0269,2,0,0,0,-127.6,27,0,0,0,0,0,0,0,0,0,0,0,0,0,0,0,0,0,0,0,0,0,0,0,0,0,0,0,0,0,0,0,0,0,0,0,0,0,0,0,0,0,0,0,0,0,0,0,0,0,0,0,0,0,0,0,0,0,0,0,0,43.552632,0,0
8982,299,73.396,26.656,59.651634,55.2,-0.000213,93.1,-0.00766,-0.02607,2,0,0,0,-127.6,27,0,0,0,0,0,0,0,0,0,255,0,0,0,0,0,0,0,0,0,0,0,0,0,-0.1,0,0,0,0,0,0,0,0,0,0,0,0,0,-0.1,0,0,0,0,0,0,0,0,0,0,0,0,0,-0.002,0,0,0,0,0,0,0,0,43.552632,0,0
8982,300,73.496,26.656,60.273006,57,0.325307,92.9,0.029747,-0.02242,2,0,0,0,-127.6,27,0,0,0,0,0,0,0,0,0,0,0,0,0,0,0,0,0,0,0,0,0,0,0,0,0,0,0,0,0,0,0,0,0,0,0,0,0,0,0,0,0,0,0,0,0,0,0,0,0,0,0,0,0,0,0,0,0,0,0,0,43.552632,0,0
8982,301,73.596,26.656,60.273006,0,-0.488493,0,0.070796,0.005664,2,0,0,0,-127.6,27,0,0,0,0,0,0,0,0,0,0,0,0,0,0,0,0,0,0,0,0,0,0,0,0,0,0,0,0,0,0,0,0,0,0,0,0,0,0,0,0,0,0,0,0,0,0,0,0,0,0,0,0,0,0,0,0,0,0,0,0,43.552632,0,0
8982,302,73.697,26.656,60.273006,0,-0.814013,0,0.110514,-0.01015,2,0,0,0,-127.6,27,0,0,0,0,0,0,0,0,0,0,0,0,0,0,0,0,0,0,0,0,0,0,0,0,0,0,0,0,0,0,0,0,0,0,0,0,0,0,0,0,0,0,0,0,0,0,0,0,0,0,0,0,0,0,0,0,0,0,0,0,43.552632,0,0
8982,303,73.796,27.048,60.273006,0,-1.302293,0,0.065376,-0.0273,2,0,0,0,-127.6,27,0,0,0,0,0,0,0,0,0,0,0,0,0,0,0,0,0,0,0,0,0,0,0,0,0,0,0,0,0,0,0,0,0,0,0,0,0,0,0,0,0,0,0,0,0,0,0,0,0,0,0,0,0,0,0,0,0,0,0,0,43.552632,0,0
8982,304,73.896,27.048,60.273006,0,-1.465053,0,0.021234,-0.09177,2,0,0,0,-127.6,27,0,0,0,0,0,0,0,0,0,0,0,0,0,0,0,0,0,0,0,0,0,0,0,0,0,0,0,0,0,0,0,0,0,0,0,0,0,0,0,0,0,0,0,0,0,0,0,0,0,0,0,0,0,0,0,0,0,0,0,0,43.552632,0,0
8982,305,73.996,26.656,60.273006,0,-0.976773,0,0.035676,-0.01464,2,0,0,0,-127.6,27,0,0,0,0,0,0,0,0,0,0,0,0,0,0,0,0,0,0,0,0,0,0,0,0,0,0,0,0,0,0,0,0,0,0,0,0,0,0,0,0,0,0,0,0,0,0,0,0,0,0,0,0,0,0,0,0,0,0,0,0,43.552632,0,0
8982,306,74.096,26.656,60.894377,0,-1.790573,0,-0.03505,0.008143,2,0,0,0,-127.6,27,0,0,0,0,0,0,0,0,0,0,0,0,0,0,0,0,0,0,0,0,0,0,0,0,0,0,0,0,0,0,0,0,0,0,0,0,0,0,0,0,0,0,0,0,0,0,0,0,0,0,0,0,0,0,0,0,0,0,0,0,43.552632,0,0
8982,307,74.196,27.048,60.894377,0,-2.441613,0,-0.04936,0.007322,2,0,0,0,-127.6,27,0,0,0,0,0,0,0,0,0,0,0,0,0,0,0,0,0,0,0,0,0,0,0,0,0,0,0,0,0,0,0,0,0,0,0,0,0,0,0,0,0,0,0,0,0,0,0,0,0,0,0,0,0,0,0,0,0,0,0,0,43.552632,0,0
8982,308,74.297,27.048,60.273006,0,-2.767133,0,-0.088,-0.01156,2,0,0,0,-127.6,27,0,0,0,0,0,0,0,0,0,0,0,0,0,0,0,0,0,0,0,0,0,0,0,0,0,0,0,0,0,0,0,0,0,0,0,0,0,0,0,0,0,0,0,0,0,0,0,0,0,0,0,0,0,0,0,0,0,0,0,0,43.552632,0,0
8982,309,74.396,27.048,60.273006,0,-3.418173,0,-0.09323,-0.03162,0,0,0,0,-108,137.6,0,0,0,0,0,0,0,0,0,0,0,0,0,0,0,0,0,0,0,0,0,0,0,0,0,0,0,0,0,0,0,0,0,0,0,0,0,0,0,0,0,0,0,0,0,0,0,0,0,0,0,0,0,0,0,0,0,0,0,0,43.552632,0,0
8982,310,74.496,27.048,60.894377,0,-2.278853,0,-0.08356,-0.02573,0,0,0,0,-108,137.6,0,0,0,0,0,0,0,0,0,0,0,0,0,0,0,0,0,0,0,0,0,0,0,0,0,0,0,0,0,0,0,0,0,0,0,0,0,0,0,0,0,0,0,0,0,0,0,0,0,0,0,0,0,0,0,0,0,0,0,0,43.552632,0,0
8982,311,74.596,27.048,60.894377,0,-1.465053,0,-0.06185,-0.04769,0,0,0,0,-108,137.6,0,0,0,0,0,0,0,0,0,0,0,0,0,0,0,0,0,0,0,0,0,0,0,0,0,0,0,0,0,0,0,0,0,0,0,0,0,0,0,0,0,0,0,0,0,0,0,0,0,0,0,0,0,0,0,0,0,0,0,0,43.552632,0,0
8982,312,74.696,27.048,60.894377,0,-0.000213,0,-0.05135,-0.05844,0,0,0,0,-108,137.6,0,0,0,0,0,0,0,0,0,0,0,0,0,0,0,0,0,0,0,0,0,0,0,0,0,0,0,0,0,0,0,0,0,0,0,0,0,0,0,0,0,0,0,0,0,0,0,0,0,0,0,0,0,0,0,0,0,0,0,0,43.552632,0,0
8982,313,74.796,27.048,60.894377,0,0.162547,0,0.027274,0.014995,0,0,0,0,-108,137.6,0,0,0,0,0,0,0,0,0,0,0,0,0,0,0,0,0,0,0,0,0,0,0,0,0,0,0,0,0,0,0,0,0,0,0,0,0,0,0,0,0,0,0,0,0,0,0,0,0,0,0,0,0,0,0,0,0,0,0,0,43.552632,0,0
8982,314,74.895,27.048,60.894377,0,-0.325733,0,0.068669,0.007787,0,0,0,0,-108,137.6,0,0,0,0,0,0,0,0,0,0,0,0,0,0,0,0,0,0,0,0,0,0,0,0,0,0,0,0,0,0,0,0,0,0,0,0,0,0,0,0,0,0,0,0,0,0,0,0,0,0,0,0,0,0,0,0,0,0,0,0,43.552632,0,0
8982,315,74.996,27.048,60.894377,0,-1.139533,0,0.029269,0.000708,0,0,0,0,-108,137.6,0,0,0,0,0,0,0,0,0,0,0,0,0,0,0,0,0,0,0,0,0,0,0,0,0,0,0,0,0,0,0,0,0,0,0,0,0,0,0,0,0,0,0,0,0,0,0,0,0,0,0,0,0,0,0,0,0,0,0,0,43.552632,0,0
8982,316,75.096,27.048,60.894377,0,-0.651253,0,0.019582,-0.02902,0,0,0,0,-108,137.6,0,0,0,0,0,0,0,0,0,0,0,0,0,0,0,0,0,0,0,0,0,0,0,0,0,0,0,0,0,0,0,0,0,0,0,0,0,0,0,0,0,0,0,0,0,0,0,0,0,0,0,0,0,0,0,0,0,0,0,0,43.552632,0,0
8982,317,75.196,27.048,60.894377,0,-1.139533,0,0.041159,-0.01733,0,0,0,0,-108,137.6,0,0,0,0,0,0,0,0,0,0,0,0,0,0,0,0,0,0,0,0,0,0,0,0,0,0,0,0,0,0,0,0,0,0,0,0,0,0,0,0,0,0,0,0,0,0,0,0,0,0,0,0,0,0,0,0,0,0,0,0,43.552632,0,0
8982,318,75.296,27.048,61.515748,0,-0.488493,0,0.022535,-0.04094,0,0,0,0,-108,137.6,0,0,0,0,0,0,0,0,0,0,0,0,0,0,0,0,0,0,0,0,0,0,0,0,0,0,0,0,0,0,0,0,0,0,0,0,0,0,0,0,0,0,0,0,0,0,0,0,0,0,0,0,0,0,0,0,0,0,0,0,43.552632,0,0
8982,319,75.395,27.44,61.515748,0,-0.162973,0,0.042863,-0.04805,0,0,0,0,-108,137.6,0,0,0,0,0,0,0,0,0,0,0,0,0,0,0,0,0,0,0,0,0,0,0,0,0,0,0,0,0,0,0,0,0,0,0,0,0,0,0,0,0,0,0,0,0,0,0,0,0,0,0,0,0,0,0,0,0,0,0,0,43.552632,0,0
8982,320,75.496,27.44,60.894377,0,-0.488493,0,0.086246,-0.01828,0,0,0,0,-108,137.6,0,0,0,0,0,0,0,0,0,0,0,0,0,0,0,0,0,0,0,0,0,0,0,0,0,0,0,0,0,0,0,0,0,0,0,0,0,0,0,0,0,0,0,0,0,0,0,0,0,0,0,0,0,0,0,0,0,0,0,0,43.552632,0,0
8982,321,75.595,27.44,60.894377,0,-1.302293,0,0.073071,-0.02018,0,0,0,0,-108,137.6,0,0,0,0,0,0,0,0,0,0,0,0,0,0,0,0,0,0,0,0,0,0,0,0,0,0,0,0,0,0,0,0,0,0,0,0,0,0,0,0,0,0,0,0,0,0,0,0,0,0,0,0,0,0,0,0,0,0,0,0,43.552632,0,0
8982,322,75.696,27.44,61.515748,0,-0.976773,0,0.018406,-0.00401,0,0,0,0,-108,137.6,0,0,0,0,0,0,0,0,0,0,0,0,0,0,0,0,0,0,0,0,0,0,0,0,0,0,0,0,0,0,0,0,0,0,0,0,0,0,0,0,0,0,0,0,0,0,0,0,0,0,0,0,0,0,0,0,0,0,0,0,43.552632,0,0
8982,323,75.796,27.048,61.515748,0,-0.000213,0,0.027009,-0.03054,0,0,0,0,-108,137.6,0,0,0,0,0,0,0,0,0,0,0,0,0,0,0,0,0,0,0,0,0,0,0,0,0,0,0,0,0,0,0,0,0,0,0,0,0,0,0,0,0,0,0,0,0,0,0,0,0,0,0,0,0,0,0,0,0,0,0,0,43.552632,0,0
8982,324,75.896,27.048,61.515748,0,-1.139533,0,0.087026,-0.00366,0,0,0,0,-127.4,185.6,0,0,0,0,0,0,0,0,0,0,0,0,0,0,0,0,0,0,0,0,0,0,0,0,0,0,0,0,0,0,0,0,0,0,0,0,0,0,0,0,0,0,0,0,0,0,0,0,0,0,0,0,0,0,0,0,0,0,0,0,43.552632,0,0
8982,325,75.996,27.048,61.515748,0,-0.814013,0,0.050274,-0.04177,0,0,0,0,-127.4,185.6,0,0,0,0,0,0,0,0,0,0,0,0,0,0,0,0,0,0,0,0,0,0,0,0,0,0,0,0,0,0,0,0,0,0,0,0,0,0,0,0,0,0,0,0,0,0,0,0,0,0,0,0,0,0,0,0,0,0,0,0,43.552632,0,0
8982,326,76.096,27.048,62.137119,0,-0.814013,0,0.019585,-0.01675,0,0,0,0,-127.4,185.6,0,0,0,0,0,0,0,0,0,0,0,0,0,0,0,0,0,0,0,0,0,0,0,0,0,0,0,0,0,0,0,0,0,0,0,0,0,0,0,0,0,0,0,0,0,0,0,0,0,0,0,0,0,0,0,0,0,0,0,0,43.552632,0,0
8982,327,76.196,27.048,62.137119,0,-0.488493,0,0.020763,-0.00943,0,0,0,0,-127.4,185.6,0,0,0,0,0,0,0,0,0,0,0,0,0,0,0,0,0,0,0,0,0,0,0,0,0,0,0,0,0,0,0,0,0,0,0,0,0,0,0,0,0,0,0,0,0,0,0,0,0,0,0,0,0,0,0,0,0,0,0,0,43.552632,0,0
8982,328,76.296,27.048,62.137119,0,-0.814013,0,0.081628,-0.09202,0,0,0,0,-127.4,185.6,0,0,0,0,0,0,0,0,0,0,0,0,0,0,0,0,0,0,0,0,0,0,0,0,0,0,0,0,0,0,0,0,0,0,0,0,0,0,0,0,0,0,0,0,0,0,0,0,0,0,0,0,0,0,0,0,0,0,0,0,43.552632,0,0
8982,329,76.396,27.44,62.137119,0,-2.278853,0,0.272015,-0.08388,0,0,0,0,-127.4,185.6,0,0,0,0,0,0,0,0,0,0,0,0,0,0,0,0,0,0,0,0,0,0,0,0,0,0,0,0,0,0,0,0,0,0,0,0,0,0,0,0,0,0,0,0,0,0,0,0,0,0,0,0,0,0,0,0,0,0,0,0,43.552632,0,0
8982,330,76.496,27.44,62.137119,0,-10.416853,0,0.157727,-0.01933,0,0,0,0,-127.4,185.6,0,0,0,0,0,0,0,0,0,0,0,0,0,0,0,0,0,0,0,0,0,0,0,0,0,0,0,0,0,0,0,0,0,0,0,0,0,0,0,0,0,0,0,0,0,0,0,0,0,0,0,0,0,0,0,0,0,0,0,0,43.552632,0,0
8982,331,76.596,27.44,62.137119,0,-7.324413,0,-0.23577,-0.07349,0,0,0,0,-127.4,185.6,0,0,0,0,0,0,0,0,0,0,0,0,0,0,0,0,0,0,0,0,0,0,0,0,0,0,0,0,0,0,0,0,0,0,0,0,0,0,0,0,0,0,0,0,0,0,0,0,0,0,0,0,0,0,0,0,0,0,0,0,43.552632,0,0
8982,332,76.696,27.44,62.137119,0,-2.278853,0,-0.43915,-0.02842,0,0,0,0,-127.4,185.6,0,0,0,0,0,0,0,0,0,0,0,0,0,0,0,0,0,0,0,0,0,0,0,0,0,0,0,0,0,0,0,0,0,0,0,0,0,0,0,0,0,0,0,0,0,0,0,0,0,0,0,0,0,0,0,0,0,0,0,0,43.552632,0,0
8982,333,76.796,27.048,62.137119,0,5.696387,0,-0.46602,0.021236,0,0,0,0,-127.4,185.6,0,0,0,0,9,0,0,0,0,0,0,0,0,0,0,0,0,0,290.4,0,0,0,0,0,0,0,0,0,0,0,0,0,-89.4,0,0,0,0,0,0,0,0,0,0,0,0,0,0.006,0,0,0,0,0,0,0,0,0,0,0,0,0,43.552632,0,0
8982,334,76.895,27.048,62.75849,0,7.486747,0,-0.05524,0.039627,0,0,0,0,-127.4,185.6,0,0,0,0,9,0,0,0,0,0,0,0,0,0,0,0,0,0,280.5,0,0,0,0,0,0,0,0,0,0,0,0,0,-89.4,0,0,0,0,0,0,0,0,0,0,0,0,0,0.006,0,0,0,0,0,0,0,0,0,0,0,0,0,43.552632,0,0
8982,335,76.996,27.048,62.75849,0,5.696387,0,0.347328,-0.00153,0,0,0,0,-127.4,185.6,0,0,0,0,9,0,0,0,0,0,0,0,0,0,0,0,0,0,268.8,0,0,0,0,0,0,0,0,0,0,0,0,0,-89.4,0,0,0,0,0,0,0,0,0,0,0,0,0,0.006,0,0,0,0,0,0,0,0,0,0,0,0,0,43.552632,0,0
8982,336,77.096,27.048,61.515748,0,1.627387,0,0.490574,-0.04708,0,0,0,0,-127.4,185.6,0,0,0,0,9,0,0,0,0,0,0,0,0,0,0,0,0,0,263,0,0,0,0,0,0,0,0,0,0,0,0,0,-89.4,0,0,0,0,0,0,0,0,0,0,0,0,0,0.006,0,0,0,0,0,0,0,0,0,0,0,0,0,43.552632,0,0
8982,337,77.196,27.048,61.515748,0,-4.557493,0,0.406358,-0.048,0,0,0,0,-127.4,185.6,0,0,0,0,9,0,0,0,0,0,0,0,0,0,0,0,0,0,251.4,0,0,0,0,0,0,0,0,0,0,0,0,0,-89.3,0,0,0,0,0,0,0,0,0,0,0,0,0,0.004,0,0,0,0,0,0,0,0,0,0,0,0,0,43.552632,0,0
8982,338,77.296,27.048,62.137119,0,-7.975453,0,0.144638,-0.01662,0,0,0,0,-242.36,158.44,0,0,0,0,9,0,0,0,0,0,0,0,0,0,0,0,0,0,245.6,0,0,0,0,0,0,0,0,0,0,0,0,0,-89.3,0,0,0,0,0,0,0,0,0,0,0,0,0,0.004,0,0,0,0,0,0,0,0,0,0,0,0,0,43.552632,0,0
8982,339,77.396,27.44,62.137119,0,-7.812693,0,-0.2047,-0.04504,0,0,0,0,-242.36,158.44,0,0,0,0,9,0,0,0,0,0,0,0,0,0,0,0,0,0,234,0,0,0,0,0,0,0,0,0,0,0,0,0,-89.3,0,0,0,0,0,0,0,0,0,0,0,0,0,0.004,0,0,0,0,0,0,0,0,0,0,0,0,0,43.552632,0,0
8982,340,77.496,27.44,62.137119,0,-6.510613,0,-0.2929,-0.0145,0,0,0,0,-242.36,158.44,0,0,0,0,9,0,0,0,0,0,0,0,0,0,0,0,0,0,222.4,0,0,0,0,0,0,0,0,0,0,0,0,0,-89.3,0,0,0,0,0,0,0,0,0,0,0,0,0,0.002,0,0,0,0,0,0,0,0,0,0,0,0,0,43.552632,0,0
8982,341,77.596,27.44,62.137119,0,-4.720253,0,-0.35501,-0.00472,0,0,0,0,-242.36,158.44,0,0,0,0,9,0,0,0,0,0,0,0,0,0,0,0,0,0,216.6,0,0,0,0,0,0,0,0,0,0,0,0,0,-89.3,0,0,0,0,0,0,0,0,0,0,0,0,0,0.002,0,0,0,0,0,0,0,0,0,0,0,0,0,43.552632,0,0
8982,342,77.696,27.44,61.515748,0,-3.906453,0,-0.28008,-0.02975,0,0,0,0,-242.36,158.44,0,0,0,0,9,0,0,0,0,0,0,0,0,0,0,0,0,0,208.7,0,0,0,0,0,0,0,0,0,0,0,0,0,-89.3,0,0,0,0,0,0,0,0,0,0,0,0,0,0.002,0,0,0,0,0,0,0,0,0,0,0,0,0,43.552632,0,0
8982,343,77.796,27.048,61.515748,0,-4.069213,0,-0.1804,-0.00118,0,0,0,0,-242.36,158.44,0,0,0,0,0,0,0,0,0,0,0,0,0,0,0,0,0,0,0.9,0,0,0,0,0,0,0,0,0,0,0,0,0,0,0,0,0,0,0,0,0,0,0,0,0,0,0,0,0,0,0,0,0,0,0,0,0,0,0,0,0,43.552632,0,0
8982,344,77.896,27.048,61.515748,0,-5.696813,0,-0.15141,-0.01003,0,0,0,0,-242.36,158.44,0,0,0,0,0,0,0,0,0,0,0,0,0,0,0,0,0,0,0,0,0,0,0,0,0,0,0,0,0,0,0,0,0,0,0,0,0,0,0,0,0,0,0,0,0,0,0,0,0,0,0,0,0,0,0,0,0,0,0,0,43.552632,0,0
8982,345,77.996,27.44,61.515748,0,-5.534053,0,-0.16598,-0.0455,0,0,0,0,-242.36,158.44,0,0,0,0,0,0,0,0,0,0,0,0,0,0,0,0,0,0,0,0,0,0,0,0,0,0,0,0,0,0,0,0,0,0,0,0,0,0,0,0,0,0,0,0,0,0,0,0,0,0,0,0,0,0,0,0,0,0,0,0,43.552632,0,0
8982,346,78.096,27.44,61.515748,0,-4.069213,0,-0.21571,-0.03243,0,0,0,0,-242.36,158.44,0,0,0,0,10,0,0,0,0,0,0,0,0,0,0,0,0,0,231.9,0,0,0,0,0,0,0,0,0,0,0,0,0,-89.1,0,0,0,0,0,0,0,0,0,0,0,0,0,-0.01,0,0,0,0,0,0,0,0,0,0,0,0,0,43.552632,0,0
8982,347,78.196,27.048,61.515748,0,-3.255413,0,-0.16753,-0.00484,0,0,0,0,-242.36,158.44,0,0,0,0,11,10,0,0,0,0,0,0,0,0,0,0,0,0,394.3,217.9,0,0,0,0,0,0,0,0,0,0,0,0,-42.8,-89,0,0,0,0,0,0,0,0,0,0,0,0,0.076,-0.012,0,0,0,0,0,0,0,0,0,0,0,0,43.552632,0,0
8982,348,78.296,27.048,61.515748,0,-2.929893,0,-0.08299,0.000826,0,0,0,0,-242.36,158.44,0,0,0,0,10,11,0,0,0,0,0,0,0,0,0,0,0,0,213.6,393.5,0,0,0,0,0,0,0,0,0,0,0,0,-89,-42.6,0,0,0,0,0,0,0,0,0,0,0,0,-0.014,0.076,0,0,0,0,0,0,0,0,0,0,0,0,43.552632,0,0
8982,349,78.396,27.048,61.515748,0,-3.743693,0,-0.03837,0.001299,0,0,0,0,-242.36,158.44,0,0,0,0,10,11,0,0,0,0,0,0,0,0,0,0,0,0,205.9,388,0,0,0,0,0,0,0,0,0,0,0,0,-88.9,-42.3,0,0,0,0,0,0,0,0,0,0,0,0,-0.016,0.074,0,0,0,0,0,0,0,0,0,0,0,0,43.552632,0,0
8982,350,78.495,27.048,61.515748,0,-4.231973,0,-0.08742,-0.01757,0,0,0,0,-242.36,158.44,0,0,0,0,10,11,0,0,0,0,0,0,0,0,0,0,0,0,204.6,387.2,0,0,0,0,0,0,0,0,0,0,0,0,-88.8,-42,0,0,0,0,0,0,0,0,0,0,0,0,-0.018,0.074,0,0,0,0,0,0,0,0,0,0,0,0,43.552632,0,0
8982,351,78.596,27.048,61.515748,0,-3.743693,0,-0.13224,-0.04423,0,0,0,0,-242.36,158.44,0,0,0,0,10,11,0,0,0,0,0,0,0,0,0,0,0,0,192.3,383.9,0,0,0,0,0,0,0,0,0,0,0,0,-88.7,-41.6,0,0,0,0,0,0,0,0,0,0,0,0,-0.022,0.072,0,0,0,0,0,0,0,0,0,0,0,0,43.552632,0,0
8982,352,78.696,27.048,61.515748,0,-3.092653,0,-0.15812,0.013344,0,0,0,0,-242.36,158.44,0,0,0,0,10,11,0,0,0,0,0,0,0,0,0,0,0,0,186.5,383,0,0,0,0,0,0,0,0,0,0,0,0,-88.7,-41.5,0,0,0,0,0,0,0,0,0,0,0,0,-0.024,0.072,0,0,0,0,0,0,0,0,0,0,0,0,43.552632,0,0
8982,353,78.796,27.048,61.515748,0,-2.604373,0,-0.14187,-0.02384,0,0,0,0,-75.2,68.8,0,0,0,0,10,11,0,0,0,0,0,0,0,0,0,0,0,0,175,376.4,0,0,0,0,0,0,0,0,0,0,0,0,-88.7,-41.2,0,0,0,0,0,0,0,0,0,0,0,0,-0.028,0.072,0,0,0,0,0,0,0,0,0,0,0,0,43.552632,0,0
8982,354,78.895,27.048,61.515748,0,-1.790573,0,-0.13915,-0.01464,0,0,0,0,-75.2,68.8,0,0,0,0,10,11,0,0,0,0,0,0,0,0,0,0,0,0,163.4,361.4,0,0,0,0,0,0,0,0,0,0,0,0,-88.5,-40.9,0,0,0,0,0,0,0,0,0,0,0,0,-0.034,0.074,0,0,0,0,0,0,0,0,0,0,0,0,43.552632,0,0
8982,355,78.996,26.656,61.515748,0,-2.278853,0,-0.10544,-0.01192,0,0,0,0,-75.2,68.8,0,0,0,0,10,11,0,0,0,0,0,0,0,0,0,0,0,0,157.7,358.8,0,0,0,0,0,0,0,0,0,0,0,0,-88.5,-40.8,0,0,0,0,0,0,0,0,0,0,0,0,-0.036,0.074,0,0,0,0,0,0,0,0,0,0,0,0,43.552632,0,0
8982,356,79.096,26.656,60.894377,0,-2.116093,0,-0.05322,0.001298,0,0,0,0,-75.2,68.8,0,0,0,0,10,11,0,0,0,0,0,0,0,0,0,0,0,0,146.2,352.4,0,0,0,0,0,0,0,0,0,0,0,0,-88.4,-40.3,0,0,0,0,0,0,0,0,0,0,0,0,-0.046,0.074,0,0,0,0,0,0,0,0,0,0,0,0,43.552632,0,0
8982,357,79.196,25.872,60.894377,0,-3.580933,0,-0.00942,-0.02805,0,0,0,0,-75.2,68.8,0,0,0,0,10,11,0,0,0,0,0,0,0,0,0,0,0,0,140.4,349.7,0,0,0,0,0,0,0,0,0,0,0,0,-88.3,-40.2,0,0,0,0,0,0,0,0,0,0,0,0,-0.048,0.074,0,0,0,0,0,0,0,0,0,0,0,0,43.552632,0,0
8982,358,79.296,25.872,60.894377,0,-3.906453,0,-0.00177,0.029631,0,0,0,0,-75.2,68.8,0,0,0,0,0,0,0,0,0,0,0,0,0,0,0,0,0,0,1.1,0,0,0,0,0,0,0,0,0,0,0,0,0,0,0,0,0,0,0,0,0,0,0,0,0,0,0,0,0,0,0,0,0,0,0,0,0,0,0,0,0,43.552632,0,0
8982,359,79.396,21.952,60.894377,0,-4.394733,0,-0.04851,-0.04237,0,0,0,0,-75.2,68.8,0,0,0,0,0,0,0,0,0,0,0,0,0,0,0,0,0,0,0,0,0,0,0,0,0,0,0,0,0,0,0,0,0,0,0,0,0,0,0,0,0,0,0,0,0,0,0,0,0,0,0,0,0,0,0,0,0,0,0,0,43.552632,0,0
8982,360,79.496,21.952,60.894377,0,-1.790573,0,-0.18493,-0.04921,0,0,0,0,-75.2,68.8,0,0,0,0,0,0,0,0,0,0,0,0,0,0,0,0,0,0,0,0,0,0,0,0,0,0,0,0,0,0,0,0,0,0,0,0,0,0,0,0,0,0,0,0,0,0,0,0,0,0,0,0,0,0,0,0,0,0,0,0,43.552632,0,0
8982,361,79.596,21.168,60.894377,0,0.162547,0,-0.18201,-0.04509,0,0,0,0,-75.2,68.8,0,0,0,0,0,0,0,0,0,0,0,0,0,0,0,0,0,0,0,0,0,0,0,0,0,0,0,0,0,0,0,0,0,0,0,0,0,0,0,0,0,0,0,0,0,0,0,0,0,0,0,0,0,0,0,0,0,0,0,0,43.552632,0,0
8982,362,79.695,21.168,60.273006,0,0.488067,0,-0.06639,-0.03828,0,0,0,0,-75.2,68.8,0,0,0,0,0,0,0,0,0,0,0,0,0,0,0,0,0,0,0,0,0,0,0,0,0,0,0,0,0,0,0,0,0,0,0,0,0,0,0,0,0,0,0,0,0,0,0,0,0,0,0,0,0,0,0,0,0,0,0,0,43.552632,0,0
8982,363,79.796,21.168,60.273006,0,1.790147,0,0.079015,-0.00862,0,0,0,0,-75.2,68.8,0,0,0,0,0,0,0,0,0,0,0,0,0,0,0,0,0,0,0,0,0,0,0,0,0,0,0,0,0,0,0,0,0,0,0,0,0,0,0,0,0,0,0,0,0,0,0,0,0,0,0,0,0,0,0,0,0,0,0,0,43.552632,0,0
8982,364,79.896,21.168,60.894377,0,-0.325733,0,0.151818,-0.01191,0,0,0,0,-75.2,68.8,0,0,0,0,0,0,0,0,0,0,0,0,0,0,0,0,0,0,0,0,0,0,0,0,0,0,0,0,0,0,0,0,0,0,0,0,0,0,0,0,0,0,0,0,0,0,0,0,0,0,0,0,0,0,0,0,0,0,0,0,43.552632,0,0
8982,365,79.996,21.168,60.894377,0,-1.790573,0,0.129847,0.004722,0,0,0,0,-75.2,68.8,0,0,0,0,0,0,0,0,0,0,0,0,0,0,0,0,0,0,0,0,0,0,0,0,0,0,0,0,0,0,0,0,0,0,0,0,0,0,0,0,0,0,0,0,0,0,0,0,0,0,0,0,0,0,0,0,0,0,0,0,43.552632,0,0
8982,366,80.096,21.168,60.894377,0,-0.814013,0,0.061825,-0.02359,0,0,0,0,-75.2,68.8,0,0,0,0,0,0,0,0,0,0,0,0,0,0,0,0,0,0,0,0,0,0,0,0,0,0,0,0,0,0,0,0,0,0,0,0,0,0,0,0,0,0,0,0,0,0,0,0,0,0,0,0,0,0,0,0,0,0,0,0,43.552632,0,0
8982,367,80.196,20.776,60.894377,0,-2.116093,0,0.035277,-0.00625,0,0,0,0,-75.2,68.8,0,0,0,0,0,0,0,0,0,0,0,0,0,0,0,0,0,0,0,0,0,0,0,0,0,0,0,0,0,0,0,0,0,0,0,0,0,0,0,0,0,0,0,0,0,0,0,0,0,0,0,0,0,0,0,0,0,0,0,0,43.552632,0,0
8982,368,80.296,20.776,60.273006,0,-0.651253,0,-0.00377,-0.04178,0,0,0,0,-75.2,68.8,0,0,0,0,0,0,0,0,0,0,0,0,0,0,0,0,0,0,0,0,0,0,0,0,0,0,0,0,0,0,0,0,0,0,0,0,0,0,0,0,0,0,0,0,0,0,0,0,0,0,0,0,0,0,0,0,0,0,0,0,43.552632,0,0
8982,369,80.396,21.168,60.273006,0,-0.488493,0,0.053954,-0.07709,0,0,0,0,-75.2,68.8,0,0,0,0,0,0,0,0,0,0,0,0,0,0,0,0,0,0,0,0,0,0,0,0,0,0,0,0,0,0,0,0,0,0,0,0,0,0,0,0,0,0,0,0,0,0,0,0,0,0,0,0,0,0,0,0,0,0,0,0,43.552632,0,0
8982,370,80.496,21.168,60.273006,0,0.488067,0,0.116173,-0.08951,2,2,0,0,-115,74.8,0,0,0,0,0,0,0,0,0,0,0,0,0,0,0,0,0,0,0,0,0,0,0,0,0,0,0,0,0,0,0,0,0,0,0,0,0,0,0,0,0,0,0,0,0,0,0,0,0,0,0,0,0,0,0,0,0,0,0,0,43.552632,0,0
8982,371,80.596,20.776,60.273006,0,-1.627813,0,0.026896,0.048366,2,2,0,0,-115,74.8,0,0,0,0,0,0,0,0,0,0,0,0,0,0,0,0,0,0,0,0,0,0,0,0,0,0,0,0,0,0,0,0,0,0,0,0,0,0,0,0,0,0,0,0,0,0,0,0,0,0,0,0,0,0,0,0,0,0,0,0,43.552632,0,0
8982,372,80.697,20.776,59.651634,0,-1.790573,0,-0.01451,-0.01828,2,2,0,0,-115,74.8,0,0,0,0,0,0,0,0,0,0,0,0,0,0,0,0,0,0,0,0,0,0,0,0,0,0,0,0,0,0,0,0,0,0,0,0,0,0,0,0,0,0,0,0,0,0,0,0,0,0,0,0,0,0,0,0,0,0,0,0,43.552632,0,0
8982,373,80.796,17.248,59.651634,0,-0.488493,0,0.027728,-0.01663,2,2,0,0,-115,74.8,0,0,0,0,0,0,0,0,0,0,0,0,0,0,0,0,0,0,0,0,0,0,0,0,0,0,0,0,0,0,0,0,0,0,0,0,0,0,0,0,0,0,0,0,0,0,0,0,0,0,0,0,0,0,0,0,0,0,0,0,43.552632,0,0
8982,374,80.896,17.248,59.030263,0,-0.976773,0,0.067288,-0.04887,2,2,0,0,-115,74.8,0,0,0,0,12,0,0,0,0,0,0,0,0,0,0,0,0,0,300.5,0,0,0,0,0,0,0,0,0,0,0,0,0,-35.8,0,0,0,0,0,0,0,0,0,0,0,0,0,0.01,0,0,0,0,0,0,0,0,0,0,0,0,0,43.552632,0,0
8982,375,80.996,14.504,59.030263,0,-0.814013,0,0.065852,-0.0531,2,2,0,0,-115,74.8,0,0,0,0,12,0,0,0,0,0,0,0,0,0,0,0,0,0,297.4,0,0,0,0,0,0,0,0,0,0,0,0,0,-35.5,0,0,0,0,0,0,0,0,0,0,0,0,0,0.01,0,0,0,0,0,0,0,0,0,0,0,0,0,43.552632,0,0
8982,376,81.097,14.504,59.651634,0,-0.162973,0,0.043883,-0.06205,2,2,0,0,-115,74.8,0,0,0,0,12,0,0,0,0,0,0,0,0,0,0,0,0,0,294.9,0,0,0,0,0,0,0,0,0,0,0,0,0,-35.4,0,0,0,0,0,0,0,0,0,0,0,0,0,0.008,0,0,0,0,0,0,0,0,0,0,0,0,0,43.552632,0,0
8982,377,81.196,14.112,59.651634,0,-0.000213,0,0.046723,-0.0722,2,2,0,0,-115,74.8,0,0,0,0,0,0,0,0,0,0,0,0,0,0,0,0,0,0,0,0,0,0,0,0,0,0,0,0,0,0,0,0,0,0,0,0,0,0,0,0,0,0,0,0,0,0,0,0,0,0,0,0,0,0,0,0,0,0,0,0,43.552632,0,0
8982,378,81.296,14.112,59.651634,0,0.325307,0,0.02821,-0.04095,2,2,0,0,-115,74.8,0,0,0,0,12,0,0,0,0,0,0,0,0,0,0,0,0,0,289.6,0,0,0,0,0,0,0,0,0,0,0,0,0,-35.2,0,0,0,0,0,0,0,0,0,0,0,0,0,0.008,0,0,0,0,0,0,0,0,0,0,0,0,0,43.552632,0,0
8982,379,81.397,0,59.651634,0,-0.000213,0,0.049814,-0.02526,2,2,0,0,-115,74.8,0,0,0,0,12,0,0,0,0,0,0,0,0,0,0,0,0,0,285.8,0,0,0,0,0,0,0,0,0,0,0,0,0,-34.8,0,0,0,0,0,0,0,0,0,0,0,0,0,0.006,0,0,0,0,0,0,0,0,0,0,0,0,0,43.552632,0,0
8982,380,81.496,0,59.030263,0,-0.000213,0,0.062435,-0.0485,2,2,0,0,-115,74.8,0,0,0,0,12,0,0,0,0,0,0,0,0,0,0,0,0,0,283.6,0,0,0,0,0,0,0,0,0,0,0,0,0,-34.7,0,0,0,0,0,0,0,0,0,0,0,0,0,0.006,0,0,0,0,0,0,0,0,0,0,0,0,0,43.552632,0,0
8982,381,81.596,0,59.030263,0,-0.814013,0,0.054992,-0.04909,2,2,0,0,-115,74.8,0,0,0,0,12,0,0,0,0,0,0,0,0,0,0,0,0,0,279.8,0,0,0,0,0,0,0,0,0,0,0,0,0,-34.4,0,0,0,0,0,0,0,0,0,0,0,0,0,0.006,0,0,0,0,0,0,0,0,0,0,0,0,0,43.552632,0,0
8982,382,81.696,0,58.408892,0,-1.139533,0,0.068325,-0.07516,2,2,0,0,-115,74.8,0,0,0,0,12,0,0,0,0,0,0,0,0,0,0,0,0,0,277.6,0,0,0,0,0,0,0,0,0,0,0,0,0,-34.3,0,0,0,0,0,0,0,0,0,0,0,0,0,0.006,0,0,0,0,0,0,0,0,0,0,0,0,0,43.552632,0,0
8982,383,81.796,0,58.408892,0,-1.139533,0,0.065848,-0.08756,2,2,0,0,-115,74.8,0,0,0,0,12,0,0,0,0,0,0,0,0,0,0,0,0,0,273.2,0,0,0,0,0,0,0,0,0,0,0,0,0,-34,0,0,0,0,0,0,0,0,0,0,0,0,0,0.006,0,0,0,0,0,0,0,0,0,0,0,0,0,43.552632,0,0
8982,384,81.897,0,58.408892,0,-0.976773,0,0.06842,-0.08163,2,2,0,0,-115,74.8,0,0,0,0,12,0,0,0,0,0,0,0,0,0,0,0,0,0,271.1,0,0,0,0,0,0,0,0,0,0,0,0,0,-34,0,0,0,0,0,0,0,0,0,0,0,0,0,0.004,0,0,0,0,0,0,0,0,0,0,0,0,0,43.552632,0,0
8982,385,81.996,0,58.408892,0,-0.325733,0,0.077084,-0.09077,2,2,0,0,-115,74.8,0,0,0,0,12,0,0,0,0,0,0,0,0,0,0,0,0,0,266.7,0,0,0,0,0,0,0,0,0,0,0,0,0,-33.8,0,0,0,0,0,0,0,0,0,0,0,0,0,0.004,0,0,0,0,0,0,0,0,0,0,0,0,0,43.552632,0,0
8982,386,82.096,0,58.408892,0,-0.651253,0,0.038835,-0.09549,2,2,0,0,-115,74.8,0,0,0,0,12,0,0,0,0,0,0,0,0,0,0,0,0,0,263,0,0,0,0,0,0,0,0,0,0,0,0,0,-33.7,0,0,0,0,0,0,0,0,0,0,0,0,0,0.002,0,0,0,0,0,0,0,0,0,0,0,0,0,43.552632,0,0
8982,387,82.196,0,58.408892,0,-0.651253,0,0.012391,-0.07753,0,0,0,0,-143.8,78.2,0,0,0,0,12,0,0,0,0,0,0,0,0,0,0,0,0,0,260.8,0,0,0,0,0,0,0,0,0,0,0,0,0,-33.6,0,0,0,0,0,0,0,0,0,0,0,0,0,0.002,0,0,0,0,0,0,0,0,0,0,0,0,0,43.552632,0,0
8982,388,82.295,0,57.787521,0,0.325307,0,0.029257,-0.06323,0,0,0,0,-143.8,78.2,0,0,0,0,12,0,0,0,0,0,0,0,0,0,0,0,0,0,258.7,0,0,0,0,0,0,0,0,0,0,0,0,0,-33.5,0,0,0,0,0,0,0,0,0,0,0,0,0,0,0,0,0,0,0,0,0,0,0,0,0,0,0,43.552632,0,0
8982,389,82.396,0,57.787521,0,-0.162973,0,0.08251,-0.10281,0,0,0,0,-143.8,78.2,0,0,0,0,12,0,0,0,0,0,0,0,0,0,0,0,0,0,254.4,0,0,0,0,0,0,0,0,0,0,0,0,0,-33.3,0,0,0,0,0,0,0,0,0,0,0,0,0,-0.002,0,0,0,0,0,0,0,0,0,0,0,0,0,43.552632,0,0
8982,390,82.496,0,57.16615,0,-0.488493,0,0.073895,-0.11308,0,0,0,0,-143.8,78.2,0,0,0,0,12,0,0,0,0,0,0,0,0,0,0,0,0,0,252.4,0,0,0,0,0,0,0,0,0,0,0,0,0,-33.2,0,0,0,0,0,0,0,0,0,0,0,0,0,-0.002,0,0,0,0,0,0,0,0,0,0,0,0,0,43.552632,0,0
8982,391,82.596,0,57.16615,0,0.325307,0,0.039623,-0.08985,0,0,0,0,-143.8,78.2,0,0,0,0,12,0,0,0,0,0,0,0,0,0,0,0,0,0,248.2,0,0,0,0,0,0,0,0,0,0,0,0,0,-33.1,0,0,0,0,0,0,0,0,0,0,0,0,0,-0.004,0,0,0,0,0,0,0,0,0,0,0,0,0,43.552632,0,0
8982,392,82.696,0,57.16615,0,-0.651253,0,0.065914,-0.07605,0,0,0,0,-143.8,78.2,0,0,0,0,12,0,0,0,0,0,0,0,0,0,0,0,0,0,244.2,0,0,0,0,0,0,0,0,0,0,0,0,0,-32.8,0,0,0,0,0,0,0,0,0,0,0,0,0,-0.004,0,0,0,0,0,0,0,0,0,0,0,0,0,43.552632,0,0
8982,393,82.796,0,57.16615,0,-0.488493,0,0.103303,-0.0922,0,0,0,0,-143.8,78.2,0,0,0,0,12,0,0,0,0,0,0,0,0,0,0,0,0,0,242,0,0,0,0,0,0,0,0,0,0,0,0,0,-32.7,0,0,0,0,0,0,0,0,0,0,0,0,0,-0.006,0,0,0,0,0,0,0,0,0,0,0,0,0,43.552632,0,0
8982,394,82.895,0,57.16615,0,-0.325733,0,0.090509,-0.09428,0,0,0,0,-143.8,78.2,0,0,0,0,12,0,0,0,0,0,0,0,0,0,0,0,0,0,237.7,0,0,0,0,0,0,0,0,0,0,0,0,0,-32.4,0,0,0,0,0,0,0,0,0,0,0,0,0,-0.006,0,0,0,0,0,0,0,0,0,0,0,0,0,43.552632,0,0
8982,395,82.996,0,57.16615,0,-0.651253,0,0.081074,-0.10562,0,0,0,0,-143.8,78.2,0,0,0,0,12,0,0,0,0,0,0,0,0,0,0,0,0,0,235.6,0,0,0,0,0,0,0,0,0,0,0,0,0,-32.3,0,0,0,0,0,0,0,0,0,0,0,0,0,-0.008,0,0,0,0,0,0,0,0,0,0,0,0,0,43.552632,0,0
8982,396,83.096,0,56.544778,0,-0.651253,0,0.068009,-0.0876,0,0,0,0,-143.8,78.2,0,0,0,0,12,0,0,0,0,0,0,0,0,0,0,0,0,0,231.7,0,0,0,0,0,0,0,0,0,0,0,0,0,-32,0,0,0,0,0,0,0,0,0,0,0,0,0,-0.01,0,0,0,0,0,0,0,0,0,0,0,0,0,43.552632,0,0
8982,397,83.196,0,56.544778,0,0.325307,0,0.052052,-0.09194,0,0,0,0,-143.8,78.2,0,0,0,0,12,0,0,0,0,0,0,0,0,0,0,0,0,0,229.8,0,0,0,0,0,0,0,0,0,0,0,0,0,-31.9,0,0,0,0,0,0,0,0,0,0,0,0,0,-0.012,0,0,0,0,0,0,0,0,0,0,0,0,0,43.552632,0,0
8982,398,83.296,0,55.923407,0,-0.325733,0,0.058587,-0.09425,0,0,0,0,-143.8,78.2,0,0,0,0,12,0,0,0,0,0,0,0,0,0,0,0,0,0,225.8,0,0,0,0,0,0,0,0,0,0,0,0,0,-31.7,0,0,0,0,0,0,0,0,0,0,0,0,0,-0.012,0,0,0,0,0,0,0,0,0,0,0,0,0,43.552632,0,0
8982,399,83.396,0,55.923407,0,-0.325733,0,0.09478,-0.09902,0,0,0,0,-143.8,78.2,0,0,0,0,13,12,0,0,0,0,0,0,0,0,0,0,0,0,153.6,223.8,0,0,0,0,0,0,0,0,0,0,0,0,-81.9,-31.5,0,0,0,0,0,0,0,0,0,0,0,0,0.04,-0.014,0,0,0,0,0,0,0,0,0,0,0,0,43.552632,0,0
8982,400,83.496,0,56.544778,0,-0.162973,0,0.11158,-0.08064,0,0,0,0,-143.8,78.2,0,0,0,0,13,12,0,0,0,0,0,0,0,0,0,0,0,0,141.8,219.5,0,0,0,0,0,0,0,0,0,0,0,0,-81.5,-31.1,0,0,0,0,0,0,0,0,0,0,0,0,0.044,-0.016,0,0,0,0,0,0,0,0,0,0,0,0,43.552632,0,0
8982,401,83.595,0,56.544778,0,-0.325733,0,0.103145,-0.09606,0,0,0,0,-143.8,78.2,0,0,0,0,13,12,0,0,0,0,0,0,0,0,0,0,0,0,136.5,217.5,0,0,0,0,0,0,0,0,0,0,0,0,-81.3,-30.9,0,0,0,0,0,0,0,0,0,0,0,0,0.046,-0.018,0,0,0,0,0,0,0,0,0,0,0,0,43.552632,0,0
8982,402,83.696,0,55.923407,0,-1.139533,0,0.106971,-0.09515,0,0,0,0,-143.8,78.2,0,0,0,0,12,13,0,0,0,0,0,0,0,0,0,0,0,0,213.5,128,0,0,0,0,0,0,0,0,0,0,0,0,-30.5,-81,0,0,0,0,0,0,0,0,0,0,0,0,-0.022,0.05,0,0,0,0,0,0,0,0,0,0,0,0,43.552632,0,0
8982,403,83.797,0,55.923407,0,-0.000213,0,0.111298,-0.08438,0,0,0,0,-143.8,78.2,0,0,0,0,13,12,0,0,0,0,0,0,0,0,0,0,0,0,121.7,211.4,0,0,0,0,0,0,0,0,0,0,0,0,-80.7,-30.4,0,0,0,0,0,0,0,0,0,0,0,0,0.054,-0.022,0,0,0,0,0,0,0,0,0,0,0,0,43.552632,0,0
8982,404,83.896,0,55.923407,0,-0.000213,0,0.099593,-0.06914,0,0,0,0,-143.8,78.2,0,0,0,0,13,12,0,0,0,0,0,0,0,0,0,0,0,0,111.2,207.6,0,0,0,0,0,0,0,0,0,0,0,0,-80.4,-30,0,0,0,0,0,0,0,0,0,0,0,0,0.058,-0.024,0,0,0,0,0,0,0,0,0,0,0,0,43.552632,0,0
8982,405,83.996,0,55.923407,0,0.650827,0,0.072805,-0.12802,0,0,0,0,-143.8,78.2,0,0,0,0,12,13,0,0,0,0,0,0,0,0,0,0,0,0,206,107.8,0,0,0,0,0,0,0,0,0,0,0,0,-29.9,-80.4,0,0,0,0,0,0,0,0,0,0,0,0,-0.026,0.06,0,0,0,0,0,0,0,0,0,0,0,0,43.552632,0,0
8982,406,84.096,0,55.302036,0,0.488067,0,0.045649,-0.1419,0,0,0,0,-143.8,78.2,0,0,0,0,14,13,12,0,0,0,0,0,0,0,0,0,0,0,309.7,97.3,201.7,0,0,0,0,0,0,0,0,0,0,0,-129.5,-80.2,-29.5,0,0,0,0,0,0,0,0,0,0,0,-0.076,0.066,-0.03,0,0,0,0,0,0,0,0,0,0,0,43.552632,0,0
8982,407,84.196,0,55.302036,0,0.650827,0,0.067309,-0.05905,0,0,0,0,-143.8,78.2,0,0,0,0,13,14,12,0,0,0,0,0,0,0,0,0,0,0,92.1,301.3,199.7,0,0,0,0,0,0,0,0,0,0,0,-80.2,-129.5,-29.3,0,0,0,0,0,0,0,0,0,0,0,0.07,-0.078,-0.03,0,0,0,0,0,0,0,0,0,0,0,43.552632,0,0
8982,408,84.296,0,54.680665,0,1.464627,0,0.084579,-0.0775,0,0,0,0,-143.8,78.2,0,0,0,0,13,14,12,0,0,0,0,0,0,0,0,0,0,0,81.7,284.1,195.9,0,0,0,0,0,0,0,0,0,0,0,-80,-129.4,-28.9,0,0,0,0,0,0,0,0,0,0,0,0.08,-0.08,-0.034,0,0,0,0,0,0,0,0,0,0,0,43.552632,0,0
8982,409,84.396,0,54.680665,0,0.488067,0,0.13662,-0.06978,0,0,0,0,-143.8,78.2,0,0,0,0,13,14,12,0,0,0,0,0,0,0,0,0,0,0,76.5,275.7,194,0,0,0,0,0,0,0,0,0,0,0,-79.9,-129.4,-28.7,0,0,0,0,0,0,0,0,0,0,0,0.084,-0.082,-0.034,0,0,0,0,0,0,0,0,0,0,0,43.552632,0,0
8982,410,84.496,0,54.680665,0,0.162547,0,0.146277,-0.10826,0,0,0,0,-143.8,78.2,0,0,0,0,13,14,12,0,0,0,0,0,0,0,0,0,0,0,66.1,258.4,190.7,0,0,0,0,0,0,0,0,0,0,0,-79.8,-129.1,-28.4,0,0,0,0,0,0,0,0,0,0,0,0.098,-0.088,-0.036,0,0,0,0,0,0,0,0,0,0,0,43.552632,0,0
8982,411,84.596,0,54.680665,0,-0.000213,0,0.147702,-0.12338,0,0,0,0,-143.8,78.2,0,0,0,0,13,14,12,0,0,0,0,0,0,0,0,0,0,0,55.7,241.7,187.8,0,0,0,0,0,0,0,0,0,0,0,-79.1,-129.1,-27.9,0,0,0,0,0,0,0,0,0,0,0,0.116,-0.092,-0.04,0,0,0,0,0,0,0,0,0,0,0,43.552632,0,0
8982,412,84.696,0,54.059294,0,0.813587,0,0.11554,-0.10562,0,0,0,0,-143.8,78.2,0,0,0,0,13,14,12,0,0,0,0,0,0,0,0,0,0,0,50.6,233.3,185.9,0,0,0,0,0,0,0,0,0,0,0,-78.9,-129,-27.8,0,0,0,0,0,0,0,0,0,0,0,0.128,-0.096,-0.04,0,0,0,0,0,0,0,0,0,0,0,43.552632,0,0
8982,413,84.796,0,54.059294,0,0.488067,0,0.064855,-0.10117,0,0,0,0,-143.8,78.2,0,0,0,0,0,14,12,0,0,0,0,0,0,0,0,0,0,0,1.3,224.9,184.2,0,0,0,0,0,0,0,0,0,0,0,0,-129,-27.7,0,0,0,0,0,0,0,0,0,0,0,0,-0.098,-0.042,0,0,0,0,0,0,0,0,0,0,0,43.552632,0,0
8982,414,84.896,0,54.059294,0,1.952907,0,0.050723,-0.12149,0,0,0,0,-143.8,78.2,0,0,0,0,14,12,0,0,0,0,0,0,0,0,0,0,0,0,208.1,180.3,0,0,0,0,0,0,0,0,0,0,0,0,-128.9,-27.3,0,0,0,0,0,0,0,0,0,0,0,0,-0.106,-0.044,0,0,0,0,0,0,0,0,0,0,0,0,43.552632,0,0
8982,415,84.997,0,54.059294,0,1.464627,0,0.057718,-0.091,0,0,0,0,-143.8,78.2,0,0,0,0,14,12,0,0,0,0,0,0,0,0,0,0,0,0,199.7,178.4,0,0,0,0,0,0,0,0,0,0,0,0,-128.9,-27.2,0,0,0,0,0,0,0,0,0,0,0,0,-0.108,-0.046,0,0,0,0,0,0,0,0,0,0,0,0,43.552632,0,0
8982,416,85.096,0,53.437923,0,2.115667,0,0.090383,-0.09887,0,0,0,0,-143.8,78.2,0,0,0,0,12,0,0,0,0,0,0,0,0,0,0,0,0,0,174.7,0,0,0,0,0,0,0,0,0,0,0,0,0,-26.9,0,0,0,0,0,0,0,0,0,0,0,0,0,-0.046,0,0,0,0,0,0,0,0,0,0,0,0,0,43.552632,0,0
8982,417,85.196,0,53.437923,0,1.627387,0,0.122235,-0.08117,0,0,0,0,-143.8,78.2,0,0,0,0,12,0,0,0,0,0,0,0,0,0,0,0,0,0,171.1,0,0,0,0,0,0,0,0,0,0,0,0,0,-26.4,0,0,0,0,0,0,0,0,0,0,0,0,0,-0.05,0,0,0,0,0,0,0,0,0,0,0,0,0,43.552632,0,0
8982,418,85.296,0,53.437923,0,1.627387,0,0.107368,-0.07881,0,0,0,0,-143.8,78.2,0,0,0,0,12,0,0,0,0,0,0,0,0,0,0,0,0,0,169.3,0,0,0,0,0,0,0,0,0,0,0,0,0,-26.3,0,0,0,0,0,0,0,0,0,0,0,0,0,-0.05,0,0,0,0,0,0,0,0,0,0,0,0,0,43.552632,0,0
8982,419,85.396,0,53.437923,0,1.301867,0,0.125933,-0.08509,0,0,0,0,-131.6,27.19,0,0,0,0,12,0,0,0,0,0,0,0,0,0,0,0,0,0,165.8,0,0,0,0,0,0,0,0,0,0,0,0,0,-25.8,0,0,0,0,0,0,0,0,0,0,0,0,0,-0.052,0,0,0,0,0,0,0,0,0,0,0,0,0,43.552632,0,0
8982,420,85.495,0,52.816551,0,1.301867,0,0.103902,-0.08619,0,0,0,0,-131.6,27.19,0,0,0,0,12,0,0,0,0,0,0,0,0,0,0,0,0,0,164,0,0,0,0,0,0,0,0,0,0,0,0,0,-25.6,0,0,0,0,0,0,0,0,0,0,0,0,0,-0.052,0,0,0,0,0,0,0,0,0,0,0,0,0,43.552632,0,0
8982,421,85.596,0,52.816551,0,1.139107,0,0.102588,-0.0752,0,0,0,0,-131.6,27.19,0,0,0,0,12,0,0,0,0,0,0,0,0,0,0,0,0,0,160.7,0,0,0,0,0,0,0,0,0,0,0,0,0,-25.2,0,0,0,0,0,0,0,0,0,0,0,0,0,-0.054,0,0,0,0,0,0,0,0,0,0,0,0,0,43.552632,0,0
8982,422,85.696,0,52.19518,0,1.139107,0,0.100646,-0.11173,0,0,0,0,-131.6,27.19,0,0,0,0,12,0,0,0,0,0,0,0,0,0,0,0,0,0,159.1,0,0,0,0,0,0,0,0,0,0,0,0,0,-25,0,0,0,0,0,0,0,0,0,0,0,0,0,-0.054,0,0,0,0,0,0,0,0,0,0,0,0,0,43.552632,0,0
8982,423,85.796,0,52.19518,0,0.650827,0,0.110003,-0.10599,0,0,0,0,-131.6,27.19,0,0,0,0,12,0,0,0,0,0,0,0,0,0,0,0,0,0,155.8,0,0,0,0,0,0,0,0,0,0,0,0,0,-24.7,0,0,0,0,0,0,0,0,0,0,0,0,0,-0.054,0,0,0,0,0,0,0,0,0,0,0,0,0,43.552632,0,0
8982,424,85.896,0,52.816551,0,1.627387,0,0.0654,-0.09821,0,0,0,0,-131.6,27.19,0,0,0,0,12,0,0,0,0,0,0,0,0,0,0,0,0,0,154.2,0,0,0,0,0,0,0,0,0,0,0,0,0,-24.5,0,0,0,0,0,0,0,0,0,0,0,0,0,-0.056,0,0,0,0,0,0,0,0,0,0,0,0,0,43.552632,0,0
8982,425,85.996,0,52.816551,0,1.790147,0,0.073646,-0.09465,0,0,0,0,-131.6,27.19,0,0,0,0,12,0,0,0,0,0,0,0,0,0,0,0,0,0,151.4,0,0,0,0,0,0,0,0,0,0,0,0,0,-24.1,0,0,0,0,0,0,0,0,0,0,0,0,0,-0.058,0,0,0,0,0,0,0,0,0,0,0,0,0,43.552632,0,0
8982,426,86.096,0,52.19518,0,1.952907,0,0.091673,-0.08081,0,0,0,0,-131.6,27.19,0,0,0,0,12,0,0,0,0,0,0,0,0,0,0,0,0,0,149.7,0,0,0,0,0,0,0,0,0,0,0,0,0,-24,0,0,0,0,0,0,0,0,0,0,0,0,0,-0.058,0,0,0,0,0,0,0,0,0,0,0,0,0,43.552632,0,0
8982,427,86.196,0,52.19518,0,1.464627,0,0.081618,-0.07902,0,0,0,0,-131.6,27.19,0,0,0,0,12,0,0,0,0,0,0,0,0,0,0,0,0,0,146.4,0,0,0,0,0,0,0,0,0,0,0,0,0,-23.7,0,0,0,0,0,0,0,0,0,0,0,0,0,-0.06,0,0,0,0,0,0,0,0,0,0,0,0,0,43.552632,0,0
8982,428,86.295,0,51.573809,0,1.139107,0,0.110898,-0.08137,0,0,0,0,-131.6,27.19,0,0,0,0,12,0,0,0,0,0,0,0,0,0,0,0,0,0,144.7,0,0,0,0,0,0,0,0,0,0,0,0,0,-23.6,0,0,0,0,0,0,0,0,0,0,0,0,0,-0.06,0,0,0,0,0,0,0,0,0,0,0,0,0,43.552632,0,0
8982,429,86.396,0,51.573809,0,1.464627,0,0.087782,-0.10028,0,0,0,0,-131.6,27.19,0,0,0,0,12,0,0,0,0,0,0,0,0,0,0,0,0,0,141.5,0,0,0,0,0,0,0,0,0,0,0,0,0,-23.4,0,0,0,0,0,0,0,0,0,0,0,0,0,-0.06,0,0,0,0,0,0,0,0,0,0,0,0,0,43.552632,0,0
8982,430,86.496,0,51.573809,0,1.952907,0,0.099714,-0.10726,0,0,0,0,-131.6,27.19,0,0,0,0,12,0,0,0,0,0,0,0,0,0,0,0,0,0,139.8,0,0,0,0,0,0,0,0,0,0,0,0,0,-23.3,0,0,0,0,0,0,0,0,0,0,0,0,0,-0.06,0,0,0,0,0,0,0,0,0,0,0,0,0,43.552632,0,0
8982,431,86.596,0,51.573809,0,1.627387,0,0.108421,-0.11526,0,0,0,0,-131.6,27.19,0,0,0,0,12,0,0,0,0,0,0,0,0,0,0,0,0,0,136.5,0,0,0,0,0,0,0,0,0,0,0,0,0,-23.1,0,0,0,0,0,0,0,0,0,0,0,0,0,-0.062,0,0,0,0,0,0,0,0,0,0,0,0,0,43.552632,0,0
8982,432,86.696,0,51.573809,0,2.929467,0,0.094845,-0.06346,0,0,0,0,-131.6,27.19,0,0,0,0,12,0,0,0,0,0,0,0,0,0,0,0,0,0,134.9,0,0,0,0,0,0,0,0,0,0,0,0,0,-23,0,0,0,0,0,0,0,0,0,0,0,0,0,-0.062,0,0,0,0,0,0,0,0,0,0,0,0,0,43.552632,0,0
8982,433,86.796,0,51.573809,0,2.603947,0,0.13745,-0.0559,0,0,0,0,-131.6,27.19,0,0,0,0,12,0,0,0,0,0,0,0,0,0,0,0,0,0,131.9,0,0,0,0,0,0,0,0,0,0,0,0,0,-22.9,0,0,0,0,0,0,0,0,0,0,0,0,0,-0.06,0,0,0,0,0,0,0,0,0,0,0,0,0,43.552632,0,0
8982,434,86.896,0,50.952438,0,3.254987,0,0.13934,-0.11666,2,0,0,0,-156.2,2.19,0,0,0,0,12,0,0,0,0,0,0,0,0,0,0,0,0,0,128.9,0,0,0,0,0,0,0,0,0,0,0,0,0,-22.9,0,0,0,0,0,0,0,0,0,0,0,0,0,-0.06,0,0,0,0,0,0,0,0,0,0,0,0,0,43.552632,0,0
8982,435,86.996,0,50.952438,0,3.580507,0,0.056178,-0.11731,2,0,0,0,-156.2,2.19,0,0,0,0,12,0,0,0,0,0,0,0,0,0,0,0,0,0,127.5,0,0,0,0,0,0,0,0,0,0,0,0,0,-22.5,0,0,0,0,0,0,0,0,0,0,0,0,0,-0.06,0,0,0,0,0,0,0,0,0,0,0,0,0,43.552632,0,0
8982,436,87.096,0,50.331067,0,4.068787,0,0.116154,-0.08806,2,0,0,0,-156.2,2.19,0,0,0,0,12,0,0,0,0,0,0,0,0,0,0,0,0,0,124.4,0,0,0,0,0,0,0,0,0,0,0,0,0,-22.5,0,0,0,0,0,0,0,0,0,0,0,0,0,-0.058,0,0,0,0,0,0,0,0,0,0,0,0,0,43.552632,0,0
8982,437,87.197,0,50.331067,0,2.929467,0,0.151857,-0.05148,2,0,0,0,-156.2,2.19,0,0,0,0,12,0,0,0,0,0,0,0,0,0,0,0,0,0,122.8,0,0,0,0,0,0,0,0,0,0,0,0,0,-22.5,0,0,0,0,0,0,0,0,0,0,0,0,0,-0.056,0,0,0,0,0,0,0,0,0,0,0,0,0,43.552632,0,0
8982,438,87.296,0,49.709695,0,2.441187,0,0.119431,-0.05617,2,0,0,0,-156.2,2.19,0,0,0,0,12,0,0,0,0,0,0,0,0,0,0,0,0,0,119.6,0,0,0,0,0,0,0,0,0,0,0,0,0,-22.3,0,0,0,0,0,0,0,0,0,0,0,0,0,-0.054,0,0,0,0,0,0,0,0,0,0,0,0,0,43.552632,0,0
8982,439,87.396,0,49.709695,0,2.278427,0,0.088234,-0.05662,2,0,0,0,-156.2,2.19,0,0,0,0,12,0,0,0,0,0,0,0,0,0,0,0,0,0,118.1,0,0,0,0,0,0,0,0,0,0,0,0,0,-22.2,0,0,0,0,0,0,0,0,0,0,0,0,0,-0.054,0,0,0,0,0,0,0,0,0,0,0,0,0,43.552632,0,0
8982,440,87.495,0,49.709695,0,2.766707,0,0.131712,-0.11967,2,0,0,0,-156.2,2.19,0,0,0,0,12,0,0,0,0,0,0,0,0,0,0,0,0,0,115.1,0,0,0,0,0,0,0,0,0,0,0,0,0,-22,0,0,0,0,0,0,0,0,0,0,0,0,0,-0.05,0,0,0,0,0,0,0,0,0,0,0,0,0,43.552632,0,0
8982,441,87.596,0,49.709695,0,2.278427,0,0.207259,-0.0982,2,0,0,0,-156.2,2.19,0,0,0,0,12,0,0,0,0,0,0,0,0,0,0,0,0,0,113.6,0,0,0,0,0,0,0,0,0,0,0,0,0,-22,0,0,0,0,0,0,0,0,0,0,0,0,0,-0.048,0,0,0,0,0,0,0,0,0,0,0,0,0,43.552632,0,0
8982,442,87.696,0,49.709695,0,0.650827,0,0.216586,-0.13235,2,0,0,0,-156.2,2.19,0,0,0,0,12,0,0,0,0,0,0,0,0,0,0,0,0,0,110.6,0,0,0,0,0,0,0,0,0,0,0,0,0,-22,0,0,0,0,0,0,0,0,0,0,0,0,0,-0.046,0,0,0,0,0,0,0,0,0,0,0,0,0,43.552632,0,0
8982,443,87.795,0,49.709695,0,0.650827,0,0.16438,-0.07516,2,0,0,0,-156.2,2.19,0,0,0,0,12,0,0,0,0,0,0,0,0,0,0,0,0,0,109.2,0,0,0,0,0,0,0,0,0,0,0,0,0,-21.9,0,0,0,0,0,0,0,0,0,0,0,0,0,-0.044,0,0,0,0,0,0,0,0,0,0,0,0,0,43.552632,0,0
8982,444,87.896,0,49.088324,0,0.488067,0,0.209608,-0.05461,2,0,0,0,-156.2,2.19,0,0,0,0,12,0,0,0,0,0,0,0,0,0,0,0,0,0,106.4,0,0,0,0,0,0,0,0,0,0,0,0,0,-21.8,0,0,0,0,0,0,0,0,0,0,0,0,0,-0.04,0,0,0,0,0,0,0,0,0,0,0,0,0,43.552632,0,0
8982,445,87.997,0,49.088324,0,2.115667,0,0.115156,-0.13618,2,0,0,0,-156.2,2.19,0,0,0,0,12,0,0,0,0,0,0,0,0,0,0,0,0,0,105,0,0,0,0,0,0,0,0,0,0,0,0,0,-21.7,0,0,0,0,0,0,0,0,0,0,0,0,0,-0.038,0,0,0,0,0,0,0,0,0,0,0,0,0,43.552632,0,0
8982,446,88.096,0,49.088324,0,2.603947,0,0.036242,-0.06386,2,0,0,0,-156.2,2.19,0,0,0,0,12,0,0,0,0,0,0,0,0,0,0,0,0,0,102.2,0,0,0,0,0,0,0,0,0,0,0,0,0,-21.7,0,0,0,0,0,0,0,0,0,0,0,0,0,-0.036,0,0,0,0,0,0,0,0,0,0,0,0,0,43.552632,1,0
8982,447,88.196,0,49.088324,0,2.929467,0,0.108293,-0.05373,2,0,0,0,-156.2,2.19,0,0,0,0,12,0,0,0,0,0,0,0,0,0,0,0,0,0,98.9,0,0,0,0,0,0,0,0,0,0,0,0,0,-21.7,0,0,0,0,0,0,0,0,0,0,0,0,0,-0.03,0,0,0,0,0,0,0,0,0,0,0,0,0,43.552632,1,0
8982,448,88.295,0,48.466953,0,1.952907,0,0.211285,-0.14845,0,0,0,0,-143.4,15,0,0,0,0,12,0,0,0,0,0,0,0,0,0,0,0,0,0,97.5,0,0,0,0,0,0,0,0,0,0,0,0,0,-21.5,0,0,0,0,0,0,0,0,0,0,0,0,0,-0.028,0,0,0,0,0,0,0,0,0,0,0,0,0,43.552632,1,0
8982,449,88.395,0,48.466953,0,1.464627,0,0.20947,-0.18162,0,0,0,0,-143.4,15,0,0,0,0,12,0,0,0,0,0,0,0,0,0,0,0,0,0,96.2,0,0,0,0,0,0,0,0,0,0,0,0,0,-21.4,0,0,0,0,0,0,0,0,0,0,0,0,0,-0.028,0,0,0,0,0,0,0,0,0,0,0,0,0,43.552632,1,0
8982,450,88.495,0,47.845582,0,0.488067,0,0.161548,-0.2399,0,0,0,0,-143.4,15,0,0,0,0,12,0,0,0,0,0,0,0,0,0,0,0,0,0,93.5,0,0,0,0,0,0,0,0,0,0,0,0,0,-21,0,0,0,0,0,0,0,0,0,0,0,0,0,-0.024,0,0,0,0,0,0,0,0,0,0,0,0,0,43.552632,1,0
8982,451,88.595,0,47.845582,0,1.301867,0,0.059219,-0.24301,0,0,0,0,-143.4,15,0,0,0,0,12,0,0,0,0,0,0,0,0,0,0,0,0,0,92.1,0,0,0,0,0,0,0,0,0,0,0,0,0,-20.7,0,0,0,0,0,0,0,0,0,0,0,0,0,-0.024,0,0,0,0,0,0,0,0,0,0,0,0,0,43.552632,1,0
8982,452,88.695,0,47.224211,0,1.627387,0,-0.00212,-0.2237,0,0,0,0,-143.4,15,0,0,0,0,12,0,0,0,0,0,0,0,0,0,0,0,0,0,89.6,0,0,0,0,0,0,0,0,0,0,0,0,0,-20.1,0,0,0,0,0,0,0,0,0,0,0,0,0,-0.02,0,0,0,0,0,0,0,0,0,0,0,0,0,43.552632,1,0
8982,453,88.795,0,47.224211,0,2.115667,0,0.066375,-0.14928,0,0,0,0,-143.4,15,0,0,0,0,12,0,0,0,0,0,0,0,0,0,0,0,0,0,88.3,0,0,0,0,0,0,0,0,0,0,0,0,0,-19.8,0,0,0,0,0,0,0,0,0,0,0,0,0,-0.02,0,0,0,0,0,0,0,0,0,0,0,0,0,43.552632,1,0
8982,454,88.895,0,46.602839,0,1.627387,0,0.083048,-0.21281,0,0,0,0,-143.4,15,0,0,0,0,12,0,0,0,0,0,0,0,0,0,0,0,0,0,85.8,0,0,0,0,0,0,0,0,0,0,0,0,0,-19.2,0,0,0,0,0,0,0,0,0,0,0,0,0,-0.018,0,0,0,0,0,0,0,0,0,0,0,0,0,43.552632,1,0
8982,455,88.995,0,46.602839,0,2.115667,0,0.145135,-0.28237,0,0,0,0,-143.4,15,0,0,0,0,12,0,0,0,0,0,0,0,0,0,0,0,0,0,84.6,0,0,0,0,0,0,0,0,0,0,0,0,0,-18.7,0,0,0,0,0,0,0,0,0,0,0,0,0,-0.016,0,0,0,0,0,0,0,0,0,0,0,0,0,43.552632,1,0
8982,456,89.095,0,45.360097,0,0.488067,0,0.156034,-0.31679,0,0,0,0,-143.4,15,0,0,0,0,12,0,0,0,0,0,0,0,0,0,0,0,0,0,82.1,0,0,0,0,0,0,0,0,0,0,0,0,0,-18,0,0,0,0,0,0,0,0,0,0,0,0,0,-0.012,0,0,0,0,0,0,0,0,0,0,0,0,0,43.552632,1,0
8982,457,89.195,0,45.360097,0,0.650827,0,0.062616,-0.28525,0,0,0,0,-143.4,15,0,0,0,0,12,0,0,0,0,0,0,0,0,0,0,0,0,0,79.6,0,0,0,0,0,0,0,0,0,0,0,0,0,-17.3,0,0,0,0,0,0,0,0,0,0,0,0,0,-0.01,0,0,0,0,0,0,0,0,0,0,0,0,0,43.552632,1,0
8982,458,89.295,0,44.738726,0,0.162547,0,0.103769,-0.24448,0,0,0,0,-143.4,15,0,0,0,0,12,0,0,0,0,0,0,0,0,0,0,0,0,0,78.6,0,0,0,0,0,0,0,0,0,0,0,0,0,-16.9,0,0,0,0,0,0,0,0,0,0,0,0,0,-0.01,0,0,0,0,0,0,0,0,0,0,0,0,0,43.552632,1,0
8982,459,89.395,0,44.738726,0,1.464627,0,0.070908,-0.21484,0,0,0,0,-143.4,15,0,0,0,0,12,0,0,0,0,0,0,0,0,0,0,0,0,0,76.4,0,0,0,0,0,0,0,0,0,0,0,0,0,-16.3,0,0,0,0,0,0,0,0,0,0,0,0,0,-0.01,0,0,0,0,0,0,0,0,0,0,0,0,0,43.552632,1,0
8982,460,89.495,0,43.495983,0,0.976347,0,0.091641,-0.16476,0,0,0,0,-143.4,15,0,0,0,0,12,0,0,0,0,0,0,0,0,0,0,0,0,0,75.3,0,0,0,0,0,0,0,0,0,0,0,0,0,-16,0,0,0,0,0,0,0,0,0,0,0,0,0,-0.01,0,0,0,0,0,0,0,0,0,0,0,0,0,43.552632,1,0
8982,461,89.595,0,43.495983,0,0.976347,0,0.078908,-0.14165,0,0,0,0,-143.4,15,0,0,0,0,12,0,0,0,0,0,0,0,0,0,0,0,0,0,73.2,0,0,0,0,0,0,0,0,0,0,0,0,0,-15.5,0,0,0,0,0,0,0,0,0,0,0,0,0,-0.008,0,0,0,0,0,0,0,0,0,0,0,0,0,43.552632,1,0
