9038,1,46.152,13.72,37.282272,0,0.650827,0,0.021779,-0.03409,0,0,0,0,0,0,0,0,0,0,0,0,0,0,0,0,0,0,0,0,0,0,0,0,0,0,0,0,0,0,0,0,0,0,0,0,0,0,0,0,0,0,0,0,0,0,0,0,0,0,0,0,0,0,0,0,0,0,0,0,0,0,0,0,0,0,52.150259,0,0
9038,2,46.176,13.72,37.282272,0,0.813587,0,0.015738,-0.03581,0,0,0,0,0,0,0,0,0,0,0,0,0,0,0,0,0,0,0,0,0,0,0,0,0,0,0,0,0,0,0,0,0,0,0,0,0,0,0,0,0,0,0,0,0,0,0,0,0,0,0,0,0,0,0,0,0,0,0,0,0,0,0,0,0,0,52.150259,0,0
9038,3,46.257,13.72,37.282272,0,0.162547,0,0.017222,-0.0398,0,0,0,0,0,0,0,0,0,0,0,0,0,0,0,0,0,0,0,0,0,0,0,0,0,0,0,0,0,0,0,0,0,0,0,0,0,0,0,0,0,0,0,0,0,0,0,0,0,0,0,0,0,0,0,0,0,0,0,0,0,0,0,0,0,0,52.072539,0,0
9038,4,46.358,13.72,37.282272,0,0.650827,0,0.026004,-0.05041,0,0,0,0,0,0,0,0,0,0,3,1,2,6,0,0,0,0,0,0,0,0,0,0,101,115.4,239.4,190.9,0,0,0,0,0,0,0,0,0,0,-10.3,-14.6,-8.2,-6.7,0,0,0,0,0,0,0,0,0,0,-0.012,-0.098,-0.056,-0.066,0,0,0,0,0,0,0,0,0,0,52.150259,0,0
9038,5,46.458,9.8,37.282272,0,0.813587,0,0.046541,-0.05429,0,0,0,0,0,0,0,0,0,0,3,1,2,6,0,0,0,0,0,0,0,0,0,0,100.3,114.5,238.8,190.3,0,0,0,0,0,0,0,0,0,0,-10.1,-14.6,-8.2,-6.6,0,0,0,0,0,0,0,0,0,0,-0.01,-0.1,-0.056,-0.066,0,0,0,0,0,0,0,0,0,0,52.072539,0,0
9038,6,46.558,9.8,37.282272,0,0.650827,0,0.046876,-0.0601,0,0,0,0,0,0,0,0,0,0,3,1,2,6,0,0,0,0,0,0,0,0,0,0,99.5,112.6,237.7,189.4,0,0,0,0,0,0,0,0,0,0,-9.9,-14.6,-7.9,-6.5,0,0,0,0,0,0,0,0,0,0,-0.01,-0.102,-0.056,-0.066,0,0,0,0,0,0,0,0,0,0,52.150259,0,0
9038,7,46.658,9.8,37.282272,0,0.813587,0,0.032956,-0.06534,0,0,0,0,-145.6,15.59,1,4,64,0,0,3,2,6,0,0,0,0,0,0,0,0,0,0,0.1,99.1,237,189.1,0,0,0,0,0,0,0,0,0,0,0,-9.7,-7.8,-6.4,0,0,0,0,0,0,0,0,0,0,0,-0.01,-0.056,-0.066,0,0,0,0,0,0,0,0,0,0,52.072539,0,0
9038,8,46.757,9.8,37.282272,0,0.813587,0,-0.00216,-0.05872,0,0,0,0,-145.6,15.59,0,0,64,0,3,2,6,0,0,0,0,0,0,0,0,0,0,0,98.1,235.8,188.7,0,0,0,0,0,0,0,0,0,0,0,-9.6,-7.6,-6.2,0,0,0,0,0,0,0,0,0,0,0,-0.01,-0.056,-0.066,0,0,0,0,0,0,0,0,0,0,0,52.150259,0,0
9038,9,46.858,9.8,37.282272,0,0.162547,0,0.009124,-0.07184,0,0,0,0,-145.6,15.59,0,0,64,0,0,0,0,0,0,0,0,0,0,0,0,0,0,0,0,0,0,0,0,0,0,0,0,0,0,0,0,0,0,0,0,0,0,0,0,0,0,0,0,0,0,0,0,0,0,0,0,0,0,0,0,0,0,0,0,0,52.072539,0,0
9038,10,46.958,9.8,37.282272,0,0.650827,0,0.008668,-0.06158,0,0,0,0,-145.6,15.59,0,0,64,0,3,2,6,0,0,0,0,0,0,0,0,0,0,0,96,234.7,187.5,0,0,0,0,0,0,0,0,0,0,0,-9.2,-7.2,-6,0,0,0,0,0,0,0,0,0,0,0,-0.008,-0.056,-0.064,0,0,0,0,0,0,0,0,0,0,0,52.072539,0,0
9038,11,47.058,9.8,37.282272,0,0.813587,0,0.004563,-0.04061,0,0,0,0,-145.6,15.59,0,0,64,0,3,2,6,0,0,0,0,0,0,0,0,0,0,0,95.3,234.3,187,0,0,0,0,0,0,0,0,0,0,0,-9,-7,-5.9,0,0,0,0,0,0,0,0,0,0,0,-0.008,-0.056,-0.064,0,0,0,0,0,0,0,0,0,0,0,52.072539,0,0
9038,12,47.158,9.8,37.282272,0,0.325307,0,0.022583,-0.05246,0,0,0,0,-145.6,15.59,0,0,64,0,3,2,6,0,0,0,0,0,0,0,0,0,0,0,94,233.6,186,0,0,0,0,0,0,0,0,0,0,0,-8.6,-6.6,-5.8,0,0,0,0,0,0,0,0,0,0,0,-0.008,-0.056,-0.062,0,0,0,0,0,0,0,0,0,0,0,52.072539,0,0
9038,13,47.258,9.8,37.282272,0,0.488067,0,0.013913,-0.0593,0,0,0,0,-145.6,15.59,0,0,64,0,3,2,6,0,0,0,0,0,0,0,0,0,0,0,93.2,233.2,185.6,0,0,0,0,0,0,0,0,0,0,0,-8.4,-6.4,-5.7,0,0,0,0,0,0,0,0,0,0,0,-0.006,-0.056,-0.062,0,0,0,0,0,0,0,0,0,0,0,52.072539,0,0
9038,14,47.358,9.8,37.282272,0,0.325307,0,0.024179,-0.05999,0,0,0,0,-145.6,15.59,0,0,64,0,3,2,6,0,0,0,0,0,0,0,0,0,0,0,92,232.4,186.1,0,0,0,0,0,0,0,0,0,0,0,-7.8,-6,-5.6,0,0,0,0,0,0,0,0,0,0,0,-0.006,-0.056,-0.062,0,0,0,0,0,0,0,0,0,0,0,52.150259,0,0
9038,15,47.458,9.8,37.282272,0,0.325307,0,0.019501,-0.04025,0,0,0,0,-149.19,14.4,1,4,64,0,3,2,6,0,0,0,0,0,0,0,0,0,0,0,91.6,233,185.7,0,0,0,0,0,0,0,0,0,0,0,-7.6,-5.8,-5.6,0,0,0,0,0,0,0,0,0,0,0,-0.006,-0.054,-0.062,0,0,0,0,0,0,0,0,0,0,0,52.072539,0,0
9038,16,47.558,9.8,36.6609,0,0.650827,0,0.019391,-0.04539,0,0,0,0,-147.6,15.59,1,4,70,4,3,2,6,0,0,0,0,0,0,0,0,0,0,0,90.9,232.3,185.2,0,0,0,0,0,0,0,0,0,0,0,-7.3,-5.6,-5.5,0,0,0,0,0,0,0,0,0,0,0,-0.006,-0.054,-0.062,0,0,0,0,0,0,0,0,0,0,0,52.150259,0,0
9038,17,47.658,9.8,36.6609,0,0.488067,0,0.031142,-0.06331,0,0,0,0,-144.6,17.19,1,4,74,4,3,2,6,0,0,0,0,0,0,0,0,0,0,0,89.9,231.6,183.9,0,0,0,0,0,0,0,0,0,0,0,-6.7,-5.3,-5.3,0,0,0,0,0,0,0,0,0,0,0,-0.006,-0.056,-0.064,0,0,0,0,0,0,0,0,0,0,0,52.072539,0,0
9038,18,47.758,9.8,36.6609,0,0.325307,0,0.040146,-0.05999,0,0,0,0,-149.19,12.59,1,4,82,4,3,2,6,0,0,0,0,0,0,0,0,0,0,0,89.4,231.2,183,0,0,0,0,0,0,0,0,0,0,0,-6.4,-5.2,-5.3,0,0,0,0,0,0,0,0,0,0,0,-0.006,-0.056,-0.064,0,0,0,0,0,0,0,0,0,0,0,52.072539,0,0
9038,19,47.858,9.8,36.6609,0,0.488067,0,0.075739,-0.07186,2,0,0,0,-143.4,9.59,2,4,24,0,3,2,6,0,0,0,0,0,0,0,0,0,0,0,89,230.9,182.9,0,0,0,0,0,0,0,0,0,0,0,-6.2,-5,-5.2,0,0,0,0,0,0,0,0,0,0,0,-0.006,-0.056,-0.064,0,0,0,0,0,0,0,0,0,0,0,52.072539,0,0
9038,20,47.958,9.8,36.6609,0,0.488067,0,0.079241,-0.06441,2,0,0,0,-138.2,11.8,2,4,41,4,3,2,6,0,0,0,0,0,0,0,0,0,0,0,88.3,230.3,181.8,0,0,0,0,0,0,0,0,0,0,0,-5.8,-4.8,-5.1,0,0,0,0,0,0,0,0,0,0,0,-0.006,-0.056,-0.064,0,0,0,0,0,0,0,0,0,0,0,52.072539,0,0
9038,21,48.058,9.8,36.6609,0,0.325307,0,0.052561,-0.05461,2,0,0,0,-143,9.6,2,4,61,4,3,2,6,0,0,0,0,0,0,0,0,0,0,0,88.1,229.9,181.5,0,0,0,0,0,0,0,0,0,0,0,-5.5,-4.7,-5,0,0,0,0,0,0,0,0,0,0,0,-0.006,-0.056,-0.064,0,0,0,0,0,0,0,0,0,0,0,52.150259,0,0
9038,22,48.158,9.8,36.6609,0,0.325307,0,0.014826,-0.03467,2,0,0,0,-143,9.6,0,0,55,4,3,2,6,0,0,0,0,0,0,0,0,0,0,0,89.1,229.4,180.8,0,0,0,0,0,0,0,0,0,0,0,-5,-4.4,-4.9,0,0,0,0,0,0,0,0,0,0,0,-0.008,-0.056,-0.064,0,0,0,0,0,0,0,0,0,0,0,52.072539,0,0
9038,23,48.258,9.8,36.6609,0,-0.000213,0,0.006045,-0.03547,2,0,0,0,-143,9.6,0,0,55,4,3,2,6,0,0,0,0,0,0,0,0,0,0,0,89.7,228.8,178,0,0,0,0,0,0,0,0,0,0,0,-4.6,-4.1,-4.5,0,0,0,0,0,0,0,0,0,0,0,-0.008,-0.056,-0.064,0,0,0,0,0,0,0,0,0,0,0,52.072539,0,0
9038,24,48.358,9.8,36.6609,0,0.162547,0,0.003534,-0.05985,2,0,0,0,-143,9.6,0,0,55,4,3,2,6,0,0,0,0,0,0,0,0,0,0,0,90.4,228.5,177.7,0,0,0,0,0,0,0,0,0,0,0,-4.3,-4,-4.4,0,0,0,0,0,0,0,0,0,0,0,-0.008,-0.056,-0.064,0,0,0,0,0,0,0,0,0,0,0,52.072539,0,0
9038,25,48.458,9.8,36.6609,0,-0.000213,0,0.008325,-0.06078,0,0,0,0,-143.6,9.59,2,4,64,0,0,0,0,0,0,0,0,0,0,0,0,0,0,0,0,0,0,0,0,0,0,0,0,0,0,0,0,0,0,0,0,0,0,0,0,0,0,0,0,0,0,0,0,0,0,0,0,0,0,0,0,0,0,0,0,0,52.150259,0,0
9038,26,48.558,9.8,36.6609,0,-0.325733,0,0.007186,-0.05189,0,0,0,0,-142.79,11.79,2,4,88,4,3,2,6,0,0,0,0,0,0,0,0,0,0,0,89.8,227.8,176.9,0,0,0,0,0,0,0,0,0,0,0,-3.6,-3.6,-4.2,0,0,0,0,0,0,0,0,0,0,0,-0.008,-0.056,-0.064,0,0,0,0,0,0,0,0,0,0,0,52.072539,0,0
9038,27,48.658,9.8,36.6609,0,-0.325733,0,-0.01881,-0.04869,0,0,0,0,-143.19,9.6,2,4,108,4,3,2,6,0,0,0,0,0,0,0,0,0,0,0,88.4,227.3,173.4,0,0,0,0,0,0,0,0,0,0,0,-3.3,-3.4,-4.2,0,0,0,0,0,0,0,0,0,0,0,-0.006,-0.056,-0.064,0,0,0,0,0,0,0,0,0,0,0,52.150259,0,0
9038,28,48.758,9.8,36.6609,0,-0.814013,0,-0.02543,-0.06238,0,0,0,0,-147.4,9.6,4,4,14,4,0,0,0,0,0,0,0,0,0,0,0,0,0,0,0,0,0,0,0,0,0,0,0,0,0,0,0,0,0,0,0,0,0,0,0,0,0,0,0,0,0,0,0,0,0,0,0,0,0,0,0,0,0,0,0,0,52.150259,0,0
9038,29,48.859,9.8,36.039529,0,-0.651253,0,-0.01482,-0.06501,0,0,0,0,-147.4,9.6,4,4,14,4,0,0,0,0,0,0,0,0,0,0,0,0,0,0,0,0,0,0,0,0,0,0,0,0,0,0,0,0,0,0,0,0,0,0,0,0,0,0,0,0,0,0,0,0,0,0,0,0,0,0,0,0,0,0,0,0,52.072539,0,0
9038,30,48.958,9.8,36.039529,0,0.162547,0,-0.03764,-0.03582,2,2,0,0,-147.79,9.6,1,4,16,4,3,2,6,0,0,0,0,0,0,0,0,0,0,0,86.4,225.9,173.3,0,0,0,0,0,0,0,0,0,0,0,-2.9,-4.8,-4,0,0,0,0,0,0,0,0,0,0,0,-0.004,-0.054,-0.064,0,0,0,0,0,0,0,0,0,0,0,52.072539,0,0
9038,31,49.058,9.8,36.039529,0,0.325307,0,0.007641,-0.07469,2,2,0,0,-148.39,11.39,1,4,32,4,3,2,6,0,0,0,0,0,0,0,0,0,0,0,85.5,224.9,173,0,0,0,0,0,0,0,0,0,0,0,-2.7,-5,-4.1,0,0,0,0,0,0,0,0,0,0,0,-0.004,-0.054,-0.064,0,0,0,0,0,0,0,0,0,0,0,52.072539,1,0
9038,32,49.158,9.8,36.039529,0,-0.162973,0,-0.01254,-0.07981,2,2,0,0,-147,13.39,1,4,40,4,3,2,6,0,0,0,0,0,0,0,0,0,0,0,85.2,224.5,173,0,0,0,0,0,0,0,0,0,0,0,-2.6,-5.6,-4.1,0,0,0,0,0,0,0,0,0,0,0,-0.002,-0.054,-0.064,0,0,0,0,0,0,0,0,0,0,0,52.072539,1,0
9038,33,49.258,9.8,36.039529,0,-0.814013,0,0.020982,-0.03991,2,2,0,0,-144.8,15.79,1,4,47,4,3,2,6,0,0,0,0,0,0,0,0,0,0,0,84.6,223.5,173.6,0,0,0,0,0,0,0,0,0,0,0,-2.4,-6.6,-4.2,0,0,0,0,0,0,0,0,0,0,0,-0.002,-0.052,-0.066,0,0,0,0,0,0,0,0,0,0,0,52.072539,1,0
9038,34,49.358,9.8,36.039529,0,-0.651253,0,-0.00684,-0.0732,2,2,0,0,-146.8,11.39,1,4,71,4,3,2,6,0,0,0,0,0,0,0,0,0,0,0,84.4,223.1,173.7,0,0,0,0,0,0,0,0,0,0,0,-2.4,-6.7,-4.2,0,0,0,0,0,0,0,0,0,0,0,-0.002,-0.052,-0.064,0,0,0,0,0,0,0,0,0,0,0,52.072539,1,0
9038,35,49.458,9.8,36.039529,0,-0.488493,0,-0.01209,-0.06981,0,0,0,0,-146.99,11.59,1,4,77,4,3,2,6,0,0,0,0,0,0,0,0,0,0,0,83.9,222.3,172.3,0,0,0,0,0,0,0,0,0,0,0,-2.2,-8,-4.2,0,0,0,0,0,0,0,0,0,0,0,0,-0.052,-0.066,0,0,0,0,0,0,0,0,0,0,0,52.150259,1,0
9038,36,49.558,9.8,36.039529,0,-0.000213,0,0.007302,-0.05156,0,0,0,0,-145.79,9.39,1,4,80,4,3,2,6,0,0,0,0,0,0,0,0,0,0,0,83.6,221.7,172.2,0,0,0,0,0,0,0,0,0,0,0,-2.1,-8.2,-4.4,0,0,0,0,0,0,0,0,0,0,0,0,-0.052,-0.066,0,0,0,0,0,0,0,0,0,0,0,52.150259,1,0
9038,37,49.658,9.8,36.039529,0,-0.000213,0,-0.01231,-0.0358,0,0,0,0,-149.19,1.59,1,4,87,4,3,2,6,0,0,0,0,0,0,0,0,0,0,0,83.3,220.3,172.1,0,0,0,0,0,0,0,0,0,0,0,-1.7,-9.4,-4.5,0,0,0,0,0,0,0,0,0,0,0,0,-0.052,-0.066,0,0,0,0,0,0,0,0,0,0,0,52.150259,1,0
9038,38,49.758,9.8,36.039529,0,0.325307,0,0.037526,-0.06147,0,0,0,0,-145.4,1.59,4,4,12,4,3,2,6,0,0,0,0,0,0,0,0,0,0,0,83,219.6,172,0,0,0,0,0,0,0,0,0,0,0,-1.5,-9.9,-4.8,0,0,0,0,0,0,0,0,0,0,0,0,-0.052,-0.066,0,0,0,0,0,0,0,0,0,0,0,52.072539,1,0
9038,39,49.858,9.8,36.039529,0,0.325307,0,0.033314,-0.06891,0,0,0,0,-145.4,1.59,4,4,12,4,3,2,6,0,0,0,0,0,0,0,0,0,0,0,82.5,218.2,171.5,0,0,0,0,0,0,0,0,0,0,0,-1.2,-11,-5.4,0,0,0,0,0,0,0,0,0,0,0,0,-0.052,-0.066,0,0,0,0,0,0,0,0,0,0,0,52.150259,1,0
9038,40,49.958,9.8,36.039529,0,0.650827,0,0.04072,-0.07083,0,0,0,0,-147.79,1.59,1,4,64,4,3,2,6,0,0,0,0,0,0,0,0,0,0,0,82.2,216.5,170.9,0,0,0,0,0,0,0,0,0,0,0,-0.9,-12,-6.2,0,0,0,0,0,0,0,0,0,0,0,0,-0.052,-0.066,0,0,0,0,0,0,0,0,0,0,0,52.072539,1,0
9038,41,50.058,9.8,36.039529,0,0.325307,0,0.044593,-0.06808,0,0,0,0,-147.79,1.59,0,0,64,4,0,0,0,0,0,0,0,0,0,0,0,0,0,0,0,0,0,0,0,0,0,0,0,0,0,0,0,0,0,0,0,0,0,0,0,0,0,0,0,0,0,0,0,0,0,0,0,0,0,0,0,0,0,0,0,0,52.072539,1,0
9038,42,50.158,9.8,36.039529,0,0.488067,0,0.028629,-0.056,0,0,0,0,-147.79,1.59,0,0,64,4,0,0,0,0,0,0,0,0,0,0,0,0,0,0,0,0,0,0,0,0,0,0,0,0,0,0,0,0,0,0,0,0,0,0,0,0,0,0,0,0,0,0,0,0,0,0,0,0,0,0,0,0,0,0,0,0,52.072539,1,0
9038,43,50.257,9.8,36.039529,0,0.325307,0,0.030329,-0.05222,0,0,0,0,-147.99,17.39,1,4,70,4,0,0,0,0,0,0,0,0,0,0,0,0,0,0,0,0,0,0,0,0,0,0,0,0,0,0,0,0,0,0,0,0,0,0,0,0,0,0,0,0,0,0,0,0,0,0,0,0,0,0,0,0,0,0,0,0,52.072539,1,0
9038,44,50.358,9.8,36.039529,0,0.325307,0,0.026919,-0.07026,0,0,0,0,-147.99,17.39,1,4,70,4,0,0,0,0,0,0,0,0,0,0,0,0,0,0,0,0,0,0,0,0,0,0,0,0,0,0,0,0,0,0,0,0,0,0,0,0,0,0,0,0,0,0,0,0,0,0,0,0,0,0,0,0,0,0,0,0,52.072539,1,0
9038,45,50.458,9.8,36.039529,0,0.162547,0,0.054648,-0.07221,0,0,0,0,-148,15.79,1,4,106,4,3,2,6,0,0,0,0,0,0,0,0,0,0,0,81.9,210.5,168.2,0,0,0,0,0,0,0,0,0,0,0,-0.4,-14.9,-9.3,0,0,0,0,0,0,0,0,0,0,0,-0.002,-0.056,-0.07,0,0,0,0,0,0,0,0,0,0,0,52.072539,1,0
9038,46,50.558,9.8,36.039529,0,0.162547,0,0.060893,-0.06568,0,0,0,0,-148.99,13.39,1,4,127,4,3,7,2,6,0,0,0,0,0,0,0,0,0,0,81.7,326.9,208.4,167.4,0,0,0,0,0,0,0,0,0,0,-0.4,-51.8,-15.6,-10.2,0,0,0,0,0,0,0,0,0,0,0,0.046,-0.056,-0.072,0,0,0,0,0,0,0,0,0,0,52.072539,1,0
9038,47,50.658,9.8,36.039529,0,0.162547,0,0.037061,-0.04755,0,0,0,0,-149,11.6,1,4,137,4,3,7,2,6,0,0,0,2,0,0,0,0,0,0,81.9,325.7,207.4,166.5,0,0,0,94.3,0,0,0,0,0,0,-0.3,-51.8,-15.9,-10.7,0,0,0,51.5,0,0,0,0,0,0,0,0.046,-0.056,-0.072,0,0,0,-0.006,0,0,0,0,0,0,52.150259,1,0
9038,48,50.758,9.8,36.039529,0,0.162547,0,0.015735,-0.04834,0,0,0,0,-149,11.6,1,4,23,4,3,7,2,6,0,0,0,2,0,0,0,0,0,0,81.8,320.3,205.2,165.2,0,0,0,100.2,0,0,0,0,0,0,-0.2,-51.7,-16.9,-11.6,0,0,0,51.1,0,0,0,0,0,0,0,0.048,-0.056,-0.074,0,0,0,-0.006,0,0,0,0,0,0,52.150259,1,0
9038,49,50.858,9.8,36.039529,0,0.488067,0,0.016086,-0.06514,0,0,0,0,-149,11.6,1,4,23,4,3,7,2,6,0,0,0,2,0,0,0,0,0,0,81.7,317,204,164.4,0,0,0,101.3,0,0,0,0,0,0,-0.1,-51.6,-17.5,-12.2,0,0,0,51.1,0,0,0,0,0,0,0,0.048,-0.056,-0.076,0,0,0,-0.004,0,0,0,0,0,0,52.150259,1,0
9038,50,50.958,9.8,36.039529,0,-0.162973,0,0.029422,-0.06317,0,0,0,0,-143,10.6,1,4,29,4,7,3,2,6,0,0,0,2,0,0,0,0,0,0,306.3,81.7,201.7,163,0,0,0,106.4,0,0,0,0,0,0,-51.5,0.1,-18.9,-13.2,0,0,0,51.1,0,0,0,0,0,0,0.05,0,-0.058,-0.076,0,0,0,-0.006,0,0,0,0,0,0,52.072539,1,0
9038,51,51.057,9.8,36.039529,0,-0.488493,0,0.033633,-0.07102,0,0,0,0,-146.4,10.8,1,4,42,4,3,7,2,6,0,0,0,2,0,0,0,0,0,0,81.8,304.1,200.1,162.1,0,0,0,109.8,0,0,0,0,0,0,0.3,-51.4,-19.5,-13.7,0,0,0,51.1,0,0,0,0,0,0,0,0.05,-0.058,-0.078,0,0,0,-0.006,0,0,0,0,0,0,52.150259,1,0
9038,52,51.158,9.8,36.039529,0,-0.162973,0,0.02418,-0.06159,0,0,0,0,-149.19,8,1,4,48,4,3,7,2,6,0,0,0,2,0,0,0,0,0,0,81.7,295.9,197.7,160.6,0,0,0,116.4,0,0,0,0,0,0,0.6,-51.4,-20.7,-14.8,0,0,0,51.1,0,0,0,0,0,0,0,0.052,-0.058,-0.078,0,0,0,-0.008,0,0,0,0,0,0,52.072539,1,0
9038,53,51.258,9.8,36.039529,0,0.162547,0,0.009238,-0.05964,0,0,0,0,-148.19,7.6,1,4,51,4,3,7,2,6,0,0,0,2,0,0,0,0,0,0,81.7,291,196,159.6,0,0,0,125.6,0,0,0,0,0,0,0.7,-51.3,-21.3,-15.2,0,0,0,50.9,0,0,0,0,0,0,0.002,0.052,-0.06,-0.078,0,0,0,-0.008,0,0,0,0,0,0,52.150259,1,0
9038,54,51.359,9.8,35.418158,0,0.650827,0,0.024299,-0.07289,0,0,0,0,-147.19,9.2,1,4,58,4,3,7,2,6,0,0,0,2,0,0,0,0,0,0,81.9,284.3,192.9,157.6,0,0,0,128.9,0,0,0,0,0,0,0.9,-51.3,-22.4,-16.2,0,0,0,50.8,0,0,0,0,0,0,0.002,0.052,-0.06,-0.08,0,0,0,-0.008,0,0,0,0,0,0,52.072539,1,0
9038,55,51.458,9.8,35.418158,0,0.650827,0,0.029768,-0.06238,0,0,0,0,-147.19,9.2,0,0,58,4,3,7,2,6,0,0,0,2,0,0,0,0,0,0,81.9,281.6,191.6,156.9,0,0,0,132.2,0,0,0,0,0,0,1,-51.2,-23,-16.9,0,0,0,50.5,0,0,0,0,0,0,0.002,0.054,-0.062,-0.08,0,0,0,-0.006,0,0,0,0,0,0,52.150259,1,0
9038,56,51.558,9.8,35.418158,0,-0.325733,0,0.056001,-0.05805,0,0,0,0,-147.19,9.2,0,0,58,4,3,7,2,6,0,0,0,2,0,0,0,0,0,0,82.2,275,188.6,155.7,0,0,0,135.5,0,0,0,0,0,0,1,-51.1,-24,-17.9,0,0,0,50.5,0,0,0,0,0,0,0.002,0.054,-0.064,-0.08,0,0,0,-0.006,0,0,0,0,0,0,52.072539,1,0
9038,57,51.658,9.8,35.418158,0,-0.488493,0,0.034096,-0.06762,0,0,0,0,-147.19,9.2,0,0,58,4,3,7,2,6,0,0,0,2,0,0,0,0,0,0,82.3,271.7,186.9,154.5,0,0,0,139.9,0,0,0,0,0,0,1.1,-51.1,-24.5,-18.4,0,0,0,50.5,0,0,0,0,0,0,0.002,0.056,-0.064,-0.082,0,0,0,-0.006,0,0,0,0,0,0,52.072539,1,0
9038,58,51.758,9.8,35.418158,0,-0.488493,0,0.02806,-0.06364,0,0,0,0,-147.19,9.2,0,0,58,4,8,7,3,2,6,0,0,2,0,0,0,0,0,0,284.5,261.7,82.4,184,152.1,0,0,143.2,0,0,0,0,0,0,-23.1,-50.9,1,-25.3,-19.2,0,0,50.4,0,0,0,0,0,0,-0.044,0.058,0.004,-0.064,-0.082,0,0,-0.006,0,0,0,0,0,0,52.150259,1,0
9038,59,51.858,9.8,35.418158,0,0.162547,0,0.021551,-0.06875,0,0,0,0,-150.59,14.19,1,4,64,0,3,7,8,2,6,0,0,0,0,0,0,0,0,0,82.5,258.4,285,182.1,150.8,0,0,0,0,0,0,0,0,0,0.9,-50.9,-23.2,-25.7,-19.6,0,0,0,0,0,0,0,0,0,0.002,0.058,-0.044,-0.066,-0.084,0,0,0,0,0,0,0,0,0,52.072539,1,0
9038,60,51.958,9.8,35.418158,0,0.488067,0,0.003536,-0.06125,0,0,0,0,-150.59,14.19,0,0,64,0,3,7,8,2,6,0,0,0,0,0,0,0,0,0,82.6,250.9,283,178.7,147,0,0,0,0,0,0,0,0,0,0.7,-50.8,-23.1,-26.2,-21.3,0,0,0,0,0,0,0,0,0,0.002,0.058,-0.044,-0.066,-0.086,0,0,0,0,0,0,0,0,0,52.072539,1,0
9038,61,52.059,9.8,34.796787,0,-0.162973,0,0.0235,-0.05932,0,0,0,0,-150.59,14.19,0,0,64,0,3,7,8,2,6,0,0,0,0,0,0,0,0,0,82.2,247.6,282.5,176.9,145.9,0,0,0,0,0,0,0,0,0,0,-50.8,-23.1,-26.4,-22,0,0,0,0,0,0,0,0,0,0.002,0.06,-0.044,-0.068,-0.086,0,0,0,0,0,0,0,0,0,52.072539,1,0
9038,62,52.158,9.8,34.796787,0,-0.488493,0,0.032952,-0.06647,0,0,0,0,-150.59,14.19,0,0,64,0,3,7,8,2,6,0,0,0,0,0,0,0,0,0,82.3,237.8,279.5,173.4,143,0,0,0,0,0,0,0,0,0,-0.8,-50.8,-23.1,-26.6,-23.1,0,0,0,0,0,0,0,0,0,0.002,0.062,-0.044,-0.07,-0.09,0,0,0,0,0,0,0,0,0,52.072539,1,0
9038,63,52.258,9.8,34.796787,0,-0.162973,0,0.031485,-0.05612,0,0,0,0,-148.19,19.59,1,4,64,0,3,8,2,6,0,0,0,0,0,0,0,0,0,0,82.1,276.5,169.9,139.9,0,0,0,0,0,0,0,0,0,0,-1.6,-23.1,-26.7,-24.1,0,0,0,0,0,0,0,0,0,0,0.002,-0.042,-0.072,-0.094,0,0,0,0,0,0,0,0,0,0,52.072539,1,0
9038,64,52.358,9.8,34.796787,0,-0.325733,0,0.024517,-0.07195,0,0,0,0,-148.19,13.2,1,4,71,4,3,8,2,6,0,0,0,0,0,0,0,0,0,0,81.9,275,168.2,138.4,0,0,0,0,0,0,0,0,0,0,-2,-23.1,-26.7,-24.6,0,0,0,0,0,0,0,0,0,0,0.002,-0.042,-0.074,-0.094,0,0,0,0,0,0,0,0,0,0,52.072539,1,0
9038,65,52.458,9.8,34.796787,0,0.162547,0,0.033527,-0.07024,0,0,0,0,-145.8,13.2,1,4,93,4,0,3,8,2,0,0,0,0,0,0,0,0,0,0,0.6,81.9,270.5,163.8,0,0,0,0,0,0,0,0,0,0,0,-2.7,-23,-26.7,0,0,0,0,0,0,0,0,0,0,0,0,-0.042,-0.076,0,0,0,0,0,0,0,0,0,0,52.150259,1,0
9038,66,52.558,9.8,34.796787,0,-0.325733,0,0.029655,-0.06706,0,0,0,0,-146.4,13.8,1,4,110,4,3,8,2,0,0,0,0,0,0,0,0,0,0,0,81.8,269,163.3,0,0,0,0,0,0,0,0,0,0,0,-3.2,-23,-26.6,0,0,0,0,0,0,0,0,0,0,0,0,-0.042,-0.076,0,0,0,0,0,0,0,0,0,0,0,52.072539,1,0
9038,67,52.66,9.8,34.796787,0,-0.000213,0,0.030338,-0.05953,0,0,0,0,-148.19,13,1,4,117,4,3,8,2,0,0,0,0,0,0,0,0,0,0,0,81.4,267.9,161.3,0,0,0,0,0,0,0,0,0,0,0,-4,-22.7,-26.4,0,0,0,0,0,0,0,0,0,0,0,-0.002,-0.042,-0.076,0,0,0,0,0,0,0,0,0,0,0,52.150259,1,0
9038,68,52.758,9.8,34.796787,0,-0.000213,0,0.017561,-0.07891,0,0,0,0,-148.19,13,1,4,117,4,3,8,2,0,0,0,0,0,0,0,0,0,0,0,81.1,263.3,159,0,0,0,0,0,0,0,0,0,0,0,-4.3,-22.5,-26.3,0,0,0,0,0,0,0,0,0,0,0,-0.002,-0.04,-0.076,0,0,0,0,0,0,0,0,0,0,0,52.072539,1,0
9038,69,52.858,9.8,34.796787,0,-0.162973,0,0.033642,-0.09841,0,0,0,0,-146.2,10.6,1,4,138,4,3,8,2,0,0,0,0,0,0,0,0,0,0,0,80.7,262.1,155.3,0,0,0,0,0,0,0,0,0,0,0,-5.1,-22.4,-26.1,0,0,0,0,0,0,0,0,0,0,0,-0.002,-0.04,-0.078,0,0,0,0,0,0,0,0,0,0,0,52.150259,1,0
9038,70,52.958,9.8,34.796787,0,0.162547,0,0.028628,-0.09614,0,0,0,0,-146.2,10.6,1,4,23,4,3,8,2,0,0,0,0,0,0,0,0,0,0,0,80.4,259.8,153.7,0,0,0,0,0,0,0,0,0,0,0,-5.5,-22.2,-26.1,0,0,0,0,0,0,0,0,0,0,0,-0.002,-0.04,-0.08,0,0,0,0,0,0,0,0,0,0,0,52.150259,1,0
9038,71,53.058,9.8,34.796787,0,0.650827,0,0.028401,-0.08862,0,0,0,0,-146.4,10.8,1,4,44,4,3,8,2,0,0,0,0,0,0,0,0,0,0,0,79.7,261.5,150.2,0,0,0,0,0,0,0,0,0,0,0,-6.2,-21.9,-25.8,0,0,0,0,0,0,0,0,0,0,0,-0.004,-0.04,-0.082,0,0,0,0,0,0,0,0,0,0,0,52.150259,1,0
9038,72,53.158,9.8,34.796787,0,-0.325733,0,0.048003,-0.10775,2,0,0,0,-142.2,11.79,2,4,30,0,3,8,2,0,0,0,0,0,0,0,0,0,0,0,79.3,262.2,148.3,0,0,0,0,0,0,0,0,0,0,0,-6.5,-21.8,-25.6,0,0,0,0,0,0,0,0,0,0,0,-0.004,-0.04,-0.084,0,0,0,0,0,0,0,0,0,0,0,52.072539,1,0
9038,73,53.258,9.8,34.796787,0,0.162547,0,0.031936,-0.12386,1,0,0,0,-128.4,24,2,4,35,4,3,8,2,0,0,0,0,0,0,0,0,0,0,0,78.5,259.2,145.2,0,0,0,0,0,0,0,0,0,0,0,-7.1,-21.5,-25.3,0,0,0,0,0,0,0,0,0,0,0,-0.004,-0.042,-0.084,0,0,0,0,0,0,0,0,0,0,0,52.072539,1,0
9038,74,53.358,9.8,34.796787,0,0.162547,0,0.034449,-0.11977,1,0,0,0,-142.39,6.2,2,4,42,4,3,8,2,0,0,0,0,0,0,0,0,0,0,0,78.1,256.3,143.4,0,0,0,0,0,0,0,0,0,0,0,-7.4,-21.3,-25.2,0,0,0,0,0,0,0,0,0,0,0,-0.004,-0.042,-0.086,0,0,0,0,0,0,0,0,0,0,0,52.072539,1,0
9038,75,53.458,9.8,34.796787,0,0.325307,0,0.0268,-0.1308,1,0,0,0,-142.39,6.4,2,4,42,0,9,3,8,2,0,0,0,0,0,0,0,0,0,0,203.6,77.2,257.1,140.2,0,0,0,0,0,0,0,0,0,0,-23.5,-8.1,-21,-25,0,0,0,0,0,0,0,0,0,0,-0.068,-0.004,-0.042,-0.088,0,0,0,0,0,0,0,0,0,0,52.072539,1,0
9038,76,53.558,9.8,34.796787,0,-0.488493,0,0.044488,-0.13642,1,0,0,0,-139.6,10.59,2,4,60,4,3,9,8,2,0,0,0,0,0,0,0,0,0,0,76.5,202.1,255.8,138.7,0,0,0,0,0,0,0,0,0,0,-8.5,-22.9,-20.9,-24.7,0,0,0,0,0,0,0,0,0,0,-0.006,-0.068,-0.042,-0.09,0,0,0,0,0,0,0,0,0,0,52.072539,1,0
9038,77,53.658,9.8,34.796787,0,0.325307,0,0.024522,-0.13971,1,0,0,0,-146.6,2.59,2,4,91,4,3,9,8,2,0,0,0,0,0,0,0,0,0,0,75.4,198.7,255.9,135.1,0,0,0,0,0,0,0,0,0,0,-9.1,-22.1,-20.4,-24.3,0,0,0,0,0,0,0,0,0,0,-0.006,-0.07,-0.042,-0.092,0,0,0,0,0,0,0,0,0,0,52.150259,1,0
9038,78,53.758,9.8,34.796787,0,0.162547,0,0.02543,-0.17595,1,0,0,0,-147.19,5,2,4,100,4,3,9,8,2,0,0,0,0,0,0,0,0,0,0,75,196.7,253.8,133.5,0,0,0,0,0,0,0,0,0,0,-9.4,-21.6,-20.2,-24.1,0,0,0,0,0,0,0,0,0,0,-0.006,-0.07,-0.044,-0.094,0,0,0,0,0,0,0,0,0,0,52.150259,1,0
9038,79,53.858,9.8,34.796787,0,0.325307,0,0.022351,-0.2226,1,0,0,0,-147.19,5,2,4,100,4,3,9,8,2,0,0,0,0,0,0,0,0,0,0,73.7,194.6,247.4,130.2,0,0,0,0,0,0,0,0,0,0,-9.8,-20.9,-19.8,-23.8,0,0,0,0,0,0,0,0,0,0,-0.006,-0.072,-0.044,-0.098,0,0,0,0,0,0,0,0,0,0,52.072539,1,0
9038,80,53.958,9.8,33.554044,0,0.325307,0,0.02806,-0.26234,1,0,0,0,-145,5,2,4,109,4,3,9,8,2,0,0,0,0,0,0,0,0,0,0,73,193.1,246.1,128.7,0,0,0,0,0,0,0,0,0,0,-9.9,-20.5,-19.7,-23.8,0,0,0,0,0,0,0,0,0,0,-0.006,-0.074,-0.044,-0.098,0,0,0,0,0,0,0,0,0,0,52.072539,1,0
9038,81,54.058,9.8,33.554044,0,0.325307,0,0.027143,-0.26572,1,0,0,0,-133.6,9.8,2,4,117,4,3,9,8,2,0,0,0,0,0,0,0,0,0,0,71.5,190.8,243.5,125.9,0,0,0,0,0,0,0,0,0,0,-10.1,-19.7,-19.4,-22.9,0,0,0,0,0,0,0,0,0,0,-0.006,-0.074,-0.044,-0.102,0,0,0,0,0,0,0,0,0,0,52.072539,1,0
9038,82,54.158,9.8,33.554044,0,0.650827,0,0.034785,-0.23573,1,0,0,0,-134,11,2,4,137,4,3,9,8,2,0,0,0,0,0,0,0,0,0,0,70,187.4,241,122.1,0,0,0,0,0,0,0,0,0,0,-10,-18.7,-19.2,-21.9,0,0,0,0,0,0,0,0,0,0,-0.004,-0.076,-0.044,-0.102,0,0,0,0,0,0,0,0,0,0,52.072539,1,0
9038,83,54.258,9.8,33.554044,0,-0.000213,0,0.028503,-0.21023,1,0,0,0,-134,11,2,4,137,4,3,9,8,2,0,0,0,0,0,0,0,0,0,0,69.3,185.5,239.8,120.7,0,0,0,0,0,0,0,0,0,0,-10,-18.2,-19,-21.7,0,0,0,0,0,0,0,0,0,0,-0.004,-0.076,-0.044,-0.104,0,0,0,0,0,0,0,0,0,0,52.072539,1,0
9038,84,54.358,9.8,33.554044,0,0.325307,0,0.030562,-0.21279,1,0,0,0,-134.16,10.83,2,4,133,4,3,9,8,2,0,0,0,0,0,0,0,0,0,0,67.9,182.5,237.3,117.9,0,0,0,0,0,0,0,0,0,0,-10,-17.5,-18.8,-20.8,0,0,0,0,0,0,0,0,0,0,-0.004,-0.078,-0.044,-0.106,0,0,0,0,0,0,0,0,0,0,52.072539,1,0
9038,85,54.458,9.8,33.554044,0,0.325307,0,0.031254,-0.22607,1,0,0,0,-137,12.4,2,4,142,4,0,3,9,2,0,0,0,0,0,0,0,0,0,0,0.8,67.3,181.9,116.8,0,0,0,0,0,0,0,0,0,0,0,-10,-17.1,-20.2,0,0,0,0,0,0,0,0,0,0,0,-0.004,-0.08,-0.106,0,0,0,0,0,0,0,0,0,0,52.072539,1,0
9038,86,54.558,9.8,32.311302,0,0.650827,0,0.020878,-0.22532,1,0,0,0,-137,10,2,4,174,4,3,9,2,0,0,0,0,0,0,0,0,0,0,0,65.9,179.2,114.2,0,0,0,0,0,0,0,0,0,0,0,-9.9,-16.3,-19.8,0,0,0,0,0,0,0,0,0,0,0,-0.004,-0.08,-0.11,0,0,0,0,0,0,0,0,0,0,0,52.150259,1,0
9038,87,54.658,9.8,32.311302,0,-0.325733,0,0.033985,-0.20573,1,0,0,0,-145.39,5.2,2,4,173,4,3,9,2,0,0,0,0,0,0,0,0,0,0,0,65.3,178,112.9,0,0,0,0,0,0,0,0,0,0,0,-9.8,-16,-19.5,0,0,0,0,0,0,0,0,0,0,0,-0.004,-0.082,-0.11,0,0,0,0,0,0,0,0,0,0,0,52.072539,1,0
9038,88,54.758,9.8,32.311302,0,-0.162973,0,0.028168,-0.21131,1,0,0,0,-143.4,5.6,2,4,178,4,3,9,2,0,0,0,0,0,0,0,0,0,0,0,64,175.7,110.4,0,0,0,0,0,0,0,0,0,0,0,-9.7,-15.3,-19.1,0,0,0,0,0,0,0,0,0,0,0,-0.006,-0.082,-0.112,0,0,0,0,0,0,0,0,0,0,0,52.072539,1,0
9038,89,54.858,9.8,32.311302,0,0.162547,0,0.029537,-0.21245,1,0,0,0,-139.4,10.8,2,4,193,4,3,9,2,0,0,0,0,0,0,0,0,0,0,0,63.4,174.9,109.1,0,0,0,0,0,0,0,0,0,0,0,-9.5,-15,-18.8,0,0,0,0,0,0,0,0,0,0,0,-0.006,-0.084,-0.114,0,0,0,0,0,0,0,0,0,0,0,52.072539,1,0
9038,90,54.958,9.8,32.311302,0,0.325307,0,0.041409,-0.22187,1,0,0,0,-137,10.8,2,4,206,4,3,9,2,0,0,0,0,0,0,0,0,0,0,0,62.2,173.1,106.7,0,0,0,0,0,0,0,0,0,0,0,-9.4,-14.4,-18.4,0,0,0,0,0,0,0,0,0,0,0,-0.006,-0.086,-0.116,0,0,0,0,0,0,0,0,0,0,0,52.072539,1,0
9038,91,55.058,9.8,32.311302,0,0.325307,0,0.031934,-0.24794,1,0,0,0,-137.2,13.6,2,4,218,4,3,9,2,0,0,0,0,0,0,0,0,0,0,0,61.5,172.2,105.5,0,0,0,0,0,0,0,0,0,0,0,-9.2,-14.1,-18.2,0,0,0,0,0,0,0,0,0,0,0,-0.006,-0.086,-0.118,0,0,0,0,0,0,0,0,0,0,0,52.072539,1,0
9038,92,55.158,9.8,32.311302,0,0.650827,0,0.047121,-0.26024,1,0,0,0,-137.99,14.2,2,4,255,4,3,9,2,0,0,0,0,0,0,0,0,0,0,0,60.3,170.3,103.2,0,0,0,0,0,0,0,0,0,0,0,-8.9,-13.5,-17.7,0,0,0,0,0,0,0,0,0,0,0,-0.006,-0.086,-0.12,0,0,0,0,0,0,0,0,0,0,0,52.072539,1,0
9038,93,55.258,9.8,31.06856,0,0.488067,0,0.033987,-0.27212,1,0,0,0,-138,13.6,2,4,264,4,0,3,9,0,0,0,0,0,0,0,0,0,0,0,0.2,59.8,168.9,0,0,0,0,0,0,0,0,0,0,0,0,-8.6,-13.4,0,0,0,0,0,0,0,0,0,0,0,0,-0.006,-0.088,0,0,0,0,0,0,0,0,0,0,0,52.072539,1,0
9038,94,55.358,9.8,31.06856,0,0.488067,0,0.019165,-0.26283,1,0,0,0,-137.39,12,2,4,269,4,3,9,0,0,0,0,0,0,0,0,0,0,0,0,58.7,167.2,0,0,0,0,0,0,0,0,0,0,0,0,-8.2,-12.9,0,0,0,0,0,0,0,0,0,0,0,0,-0.008,-0.088,0,0,0,0,0,0,0,0,0,0,0,0,52.072539,1,0
9038,95,55.458,9.8,31.06856,0,0.325307,0,0.024298,-0.25769,1,0,0,0,-136.2,16.8,2,4,275,4,3,9,0,0,0,0,0,0,0,0,0,0,0,0,58.1,166.4,0,0,0,0,0,0,0,0,0,0,0,0,-7.9,-12.5,0,0,0,0,0,0,0,0,0,0,0,0,-0.008,-0.088,0,0,0,0,0,0,0,0,0,0,0,0,52.072539,1,0
9038,96,55.558,9.8,31.06856,0,0.488067,0,0.033186,-0.26332,1,0,0,0,-142.99,7.6,2,4,299,4,3,9,0,0,0,0,0,0,0,0,0,0,0,0,57.2,164.1,0,0,0,0,0,0,0,0,0,0,0,0,-7.3,-11.8,0,0,0,0,0,0,0,0,0,0,0,0,-0.008,-0.09,0,0,0,0,0,0,0,0,0,0,0,0,52.150259,1,0
9038,97,55.659,9.8,31.06856,0,0.488067,0,0.02156,-0.24902,1,0,0,0,-143.02,9.17,2,4,299,4,10,3,9,0,0,0,0,0,0,0,0,0,0,0,158.9,56.8,164,0,0,0,0,0,0,0,0,0,0,0,-10.2,-7.1,-11.3,0,0,0,0,0,0,0,0,0,0,0,-0.012,-0.006,-0.09,0,0,0,0,0,0,0,0,0,0,0,52.072539,1,0
9038,98,55.758,9.8,31.06856,0,0.650827,0,0.034326,-0.25511,1,0,0,0,-140.2,6.99,2,4,320,4,3,9,10,0,0,0,0,0,0,0,0,0,0,0,56,162.3,157.3,0,0,0,0,0,0,0,0,0,0,0,-6.5,-10.4,-9.6,0,0,0,0,0,0,0,0,0,0,0,-0.004,-0.09,-0.012,0,0,0,0,0,0,0,0,0,0,0,52.072539,1,0
9038,99,55.858,9.8,27.961704,0,0.162547,0,0.019847,-0.25527,1,0,0,0,-142.6,6.39,2,4,345,4,3,9,10,0,0,0,0,0,0,0,0,0,0,0,55.6,161.6,156.5,0,0,0,0,0,0,0,0,0,0,0,-6.2,-10.1,-9.2,0,0,0,0,0,0,0,0,0,0,0,-0.004,-0.09,-0.012,0,0,0,0,0,0,0,0,0,0,0,52.072539,1,0
9038,100,55.958,9.8,27.961704,0,0.488067,0,0.026572,-0.25579,1,0,0,0,-139,6.79,2,4,371,4,3,9,10,0,0,0,0,0,0,0,0,0,0,0,55,160.3,154,0,0,0,0,0,0,0,0,0,0,0,-5.6,-9.4,-8.5,0,0,0,0,0,0,0,0,0,0,0,-0.002,-0.092,-0.012,0,0,0,0,0,0,0,0,0,0,0,52.072539,1,0
9038,101,56.058,9.8,27.961704,0,0.488067,0,0.023497,-0.26668,1,0,0,0,-140.4,13.59,2,4,389,4,3,9,10,0,0,0,0,0,0,0,0,0,0,0,54.7,159.7,153.7,0,0,0,0,0,0,0,0,0,0,0,-5.2,-9.1,-8.1,0,0,0,0,0,0,0,0,0,0,0,0,-0.092,-0.012,0,0,0,0,0,0,0,0,0,0,0,52.072539,1,0
9038,102,56.158,9.8,27.961704,0,0.162547,0,0.024635,-0.25091,1,0,0,0,-132.4,17,2,4,398,4,3,9,10,0,0,0,0,3,0,0,0,0,0,0,53.9,158.5,153.3,0,0,0,0,23.5,0,0,0,0,0,0,-4.7,-8.4,-7.6,0,0,0,0,0.4,0,0,0,0,0,0,-0.002,-0.092,-0.012,0,0,0,0,0.08,0,0,0,0,0,0,52.072539,1,0
9038,103,56.258,9.8,27.961704,0,0.162547,0,0.014142,-0.22855,1,0,0,0,-133,17.39,2,4,428,4,3,9,10,0,0,0,0,0,0,0,0,0,0,0,53.4,157.5,151.9,0,0,0,0,0,0,0,0,0,0,0,-4.1,-7.8,-7,0,0,0,0,0,0,0,0,0,0,0,-0.004,-0.092,-0.012,0,0,0,0,0,0,0,0,0,0,0,52.150259,1,0
9038,104,56.358,9.8,27.961704,0,-0.000213,0,0.022694,-0.199,1,0,0,0,-138,8.79,2,4,438,4,3,9,10,0,0,0,0,3,0,0,0,0,0,0,53.4,157,151.5,0,0,0,0,23.5,0,0,0,0,0,0,-3.8,-7.5,-6.5,0,0,0,0,0.4,0,0,0,0,0,0,-0.002,-0.094,-0.012,0,0,0,0,0.078,0,0,0,0,0,0,52.072539,1,0
9038,105,56.458,9.8,26.09759,0,0.650827,0,0.014254,-0.17116,1,0,0,0,-136.39,17.19,2,4,444,4,0,0,0,0,0,0,0,3,0,0,0,0,0,0,0,0,0,0,0,0,0,23.6,0,0,0,0,0,0,0,0,0,0,0,0,0,0.4,0,0,0,0,0,0,0,0,0,0,0,0,0,0.078,0,0,0,0,0,0,52.072539,1,0
9038,106,56.558,9.8,26.09759,0,0.650827,0,0.026235,-0.13961,1,0,0,0,-142.19,7.79,2,4,458,4,3,9,10,0,0,0,0,3,0,0,0,0,0,0,52.4,155.5,150.5,0,0,0,0,23.6,0,0,0,0,0,0,-3,-4.8,-5.8,0,0,0,0,0.4,0,0,0,0,0,0,-0.002,-0.094,-0.01,0,0,0,0,0.078,0,0,0,0,0,0,52.072539,1,0
9038,107,56.658,9.8,26.09759,0,0.488067,0,0.026457,-0.12817,1,0,0,0,-143.19,11.6,2,4,468,4,3,9,10,0,0,0,0,3,0,0,0,0,0,0,51.8,153.8,149.8,0,0,0,0,23.7,0,0,0,0,0,0,-2.8,-4.2,-5.4,0,0,0,0,0.4,0,0,0,0,0,0,-0.002,-0.094,-0.01,0,0,0,0,0.076,0,0,0,0,0,0,52.072539,1,0
9038,108,56.758,9.8,26.09759,0,0.488067,0,0.01095,-0.12272,1,0,0,0,-143.39,11.19,2,4,486,4,3,9,10,0,0,0,0,3,0,0,0,0,0,0,51.5,153.3,148.9,0,0,0,0,23.7,0,0,0,0,0,0,-2.8,-4,-5.4,0,0,0,0,0.4,0,0,0,0,0,0,-0.002,-0.094,-0.008,0,0,0,0,0.076,0,0,0,0,0,0,52.072539,1,0
9038,109,56.858,9.8,26.09759,0,-0.162973,0,0.050393,-0.1188,1,0,0,0,-145.39,10.19,2,4,504,4,3,9,10,0,0,0,0,3,0,0,0,0,0,0,51.1,153.9,147.8,0,0,0,0,23.7,0,0,0,0,0,0,-2.8,-3.9,-5.2,0,0,0,0,0.4,0,0,0,0,0,0,-0.002,-0.094,-0.004,0,0,0,0,0.074,0,0,0,0,0,0,52.072539,1,0
9038,110,56.957,9.8,26.09759,0,0.650827,0,0.014257,-0.10664,1,0,0,0,-144.19,10.19,2,4,519,4,3,9,10,0,0,0,0,3,0,0,0,0,0,0,51,154.1,147.5,0,0,0,0,23.8,0,0,0,0,0,0,-2.8,-3.9,-5.1,0,0,0,0,0.4,0,0,0,0,0,0,-0.002,-0.094,-0.004,0,0,0,0,0.074,0,0,0,0,0,0,52.072539,1,0
9038,111,57.058,9.8,26.09759,0,0.325307,0,0.017104,-0.10216,1,0,0,0,-132.79,13.79,2,4,534,4,3,9,10,0,0,0,0,3,0,0,0,0,0,0,51,152.9,146.8,0,0,0,0,23.8,0,0,0,0,0,0,-2.7,-3.8,-4.7,0,0,0,0,0.4,0,0,0,0,0,0,0.002,-0.094,-0.002,0,0,0,0,0.072,0,0,0,0,0,0,52.072539,1,0
9038,112,57.158,9.8,24.233476,0,-0.000213,0,0.019964,-0.12628,1,0,0,0,-141.99,11.6,2,4,571,4,3,9,10,0,0,0,0,3,0,0,0,0,0,0,50.5,151.9,146.5,0,0,0,0,23.9,0,0,0,0,0,0,-2.6,-3.9,-4.6,0,0,0,0,0.4,0,0,0,0,0,0,0,-0.094,-0.002,0,0,0,0,0.072,0,0,0,0,0,0,52.072539,1,0
9038,113,57.258,9.8,24.233476,0,0.162547,0,0.031697,-0.11743,1,0,0,0,-140.6,11.19,2,4,585,4,3,9,10,0,0,0,0,0,0,0,0,0,0,0,49.6,151.4,145.9,0,0,0,0,0.3,0,0,0,0,0,0,-2.4,-3.4,-4.2,0,0,0,0,0,0,0,0,0,0,0,-0.002,-0.096,-0.002,0,0,0,0,0,0,0,0,0,0,0,52.072539,1,0
9038,114,57.358,9.8,24.233476,0,0.976347,0,0.001483,-0.11851,1,0,0,0,-138.2,16.6,2,4,602,4,3,9,10,0,0,0,0,0,0,0,0,0,0,0,49.3,151.2,145.7,0,0,0,0,0,0,0,0,0,0,0,-2.3,-3.1,-4,0,0,0,0,0,0,0,0,0,0,0,-0.004,-0.096,-0.002,0,0,0,0,0,0,0,0,0,0,0,52.072539,1,0
9038,115,57.457,9.8,24.233476,0,-0.325733,0,0.076048,-0.10318,1,0,0,0,-142,12.6,2,4,623,4,3,9,10,0,0,0,0,0,0,0,0,0,0,0,48.7,150.8,144.5,0,0,0,0,0,0,0,0,0,0,0,-2,-2.6,-4.4,0,0,0,0,0,0,0,0,0,0,0,-0.006,-0.096,0.002,0,0,0,0,0,0,0,0,0,0,0,52.072539,1,0
9038,116,57.558,9.8,24.233476,0,0.162547,0,0.004789,-0.1147,1,0,0,0,-135.4,15.19,2,4,648,4,3,9,10,0,0,0,0,0,0,0,0,0,0,0,48.5,150.7,144.2,0,0,0,0,0,0,0,0,0,0,0,-1.8,-2.3,-4.3,0,0,0,0,0,0,0,0,0,0,0,-0.008,-0.096,0.002,0,0,0,0,0,0,0,0,0,0,0,52.072539,1,0
9038,117,57.658,9.8,24.233476,0,-0.000213,0,0.053047,-0.11373,1,0,0,0,-137.6,15.19,2,4,651,4,3,9,10,0,0,0,0,0,0,0,0,0,0,0,48.1,150.4,143.3,0,0,0,0,0,0,0,0,0,0,0,-1.5,-1.8,-4.2,0,0,0,0,0,0,0,0,0,0,0,-0.008,-0.096,0.004,0,0,0,0,0,0,0,0,0,0,0,52.150259,1,0
9038,118,57.757,9.8,21.126621,0,-0.000213,0,0.014822,-0.1188,1,0,0,0,-144.39,10.59,2,4,670,4,3,9,10,0,0,0,0,0,0,0,0,0,0,0,48,150.2,143.1,0,0,0,0,0,0,0,0,0,0,0,-1.4,-1.6,-4.1,0,0,0,0,0,0,0,0,0,0,0,-0.01,-0.096,0.004,0,0,0,0,0,0,0,0,0,0,0,52.072539,1,0
9038,119,57.857,9.8,21.126621,0,-0.000213,0,0.02327,-0.12251,1,0,0,0,-140.6,11.79,2,4,675,4,3,9,10,0,0,0,0,0,0,0,0,0,0,0,47.7,150.1,141.7,0,0,0,0,0,0,0,0,0,0,0,-1.1,-1,-4,0,0,0,0,0,0,0,0,0,0,0,-0.012,-0.096,0.008,0,0,0,0,0,0,0,0,0,0,0,52.072539,1,0
9038,120,57.958,9.8,21.126621,0,-0.162973,0,0.045051,-0.1185,1,0,0,0,-143.2,11.39,2,4,680,4,3,9,10,0,0,0,0,0,0,0,0,0,0,0,47.5,149.9,141.2,0,0,0,0,0,0,0,0,0,0,0,-0.8,-0.5,-3.8,0,0,0,0,0,0,0,0,0,0,0,-0.014,-0.096,0.01,0,0,0,0,0,0,0,0,0,0,0,52.072539,1,0
9038,121,58.058,9.8,21.126621,0,-0.000213,0,0.026575,-0.11462,1,0,0,0,-141.2,11.19,2,4,690,4,3,9,10,0,0,0,0,0,0,0,0,0,0,0,47.6,149.9,141,0,0,0,0,0,0,0,0,0,0,0,-0.6,-0.3,-3.6,0,0,0,0,0,0,0,0,0,0,0,-0.014,-0.096,0.01,0,0,0,0,0,0,0,0,0,0,0,52.072539,1,0
9038,122,58.158,9.8,21.126621,0,0.162547,0,0.04368,-0.11188,1,0,0,0,-141.16,10.83,2,4,687,4,3,9,10,0,0,0,0,0,0,0,0,0,0,0,48.7,149.9,140.9,0,0,0,0,0,0,0,0,0,0,0,-0.2,0.3,-3.4,0,0,0,0,0,0,0,0,0,0,0,-0.012,-0.096,0.008,0,0,0,0,0,0,0,0,0,0,0,52.072539,1,0
9038,123,58.258,9.8,21.126621,0,-0.000213,0,0.03878,-0.11428,1,0,0,0,-141.16,10.83,2,4,687,4,3,9,10,0,0,0,0,4,0,0,0,0,0,0,48.7,149.9,141.2,0,0,0,0,24.3,0,0,0,0,0,0,0,0.5,-3.2,0,0,0,0,0.6,0,0,0,0,0,0,-0.012,-0.096,0.006,0,0,0,0,0.076,0,0,0,0,0,0,52.072539,1,0
9038,124,58.358,9.8,21.126621,0,-0.000213,0,0.037633,-0.10788,1,0,0,0,-136.2,14.19,2,4,707,4,3,9,10,0,0,0,0,4,0,0,0,0,0,0,48.9,150,140.8,0,0,0,0,25.4,0,0,0,0,0,0,0.3,1,-2.9,0,0,0,0,0.3,0,0,0,0,0,0,-0.012,-0.094,0.004,0,0,0,0,0.076,0,0,0,0,0,0,52.072539,1,0
9038,125,58.458,9.8,19.883878,0,-0.325733,0,0.036948,-0.09921,1,0,0,0,-145.39,9,2,4,719,4,3,9,10,0,0,0,0,4,0,0,0,0,0,0,48.9,150.1,140.3,0,0,0,0,24.8,0,0,0,0,0,0,0.5,1.3,-2.8,0,0,0,0,0,0,0,0,0,0,0,-0.012,-0.094,0.002,0,0,0,0,0.076,0,0,0,0,0,0,52.072539,1,0
9038,126,58.558,9.8,19.883878,0,0.162547,0,0.031365,-0.08953,1,0,0,0,-145.37,11.42,2,4,714,4,3,9,10,0,0,0,0,4,0,0,0,0,0,0,48.7,150.2,139.2,0,0,0,0,24.7,0,0,0,0,0,0,0.8,1.8,-2.6,0,0,0,0,-0.5,0,0,0,0,0,0,-0.012,-0.094,0.002,0,0,0,0,0.078,0,0,0,0,0,0,52.072539,1,0
9038,127,58.658,9.8,19.883878,0,-0.488493,0,0.058173,-0.10174,1,0,0,0,-137.2,13.99,2,4,734,4,3,9,10,0,0,0,0,4,0,0,0,0,0,0,48.7,150.4,138,0,0,0,0,24.6,0,0,0,0,0,0,0.9,2.1,-2.4,0,0,0,0,-0.6,0,0,0,0,0,0,-0.014,-0.094,0.002,0,0,0,0,0.078,0,0,0,0,0,0,52.072539,1,0
9038,128,58.758,9.8,19.883878,0,0.325307,0,0.022925,-0.08839,1,0,0,0,-139.4,14.2,2,4,766,4,3,9,10,0,0,0,0,4,0,0,0,0,0,0,48.6,150.7,137.7,0,0,0,0,24.4,0,0,0,0,0,0,1.2,2.6,-2.2,0,0,0,0,-0.9,0,0,0,0,0,0,-0.014,-0.094,0.002,0,0,0,0,0.08,0,0,0,0,0,0,52.072539,1,0
9038,129,58.858,9.8,19.883878,0,0.488067,0,0.042998,-0.09409,1,0,0,0,-138.8,14,2,4,779,4,3,9,10,0,0,0,0,4,0,0,0,0,0,0,48.7,150.8,137.5,0,0,0,0,24.3,0,0,0,0,0,0,1.4,2.9,-2.1,0,0,0,0,-1,0,0,0,0,0,0,-0.014,-0.094,0.002,0,0,0,0,0.08,0,0,0,0,0,0,52.072539,1,0
9038,130,58.958,9.8,19.883878,0,-0.000213,0,0.040941,-0.08313,1,0,0,0,-138.83,9.56,2,4,773,4,3,9,10,0,0,0,0,4,0,0,0,0,0,0,49,151.2,137.3,0,0,0,0,24,0,0,0,0,0,0,1.7,3.4,-1.8,0,0,0,0,-1.1,0,0,0,0,0,0,-0.014,-0.094,0.002,0,0,0,0,0.082,0,0,0,0,0,0,52.072539,1,0
9038,131,59.059,9.8,19.883878,0,0.162547,0,0.040257,-0.09568,1,0,0,0,-139.99,13.79,2,4,803,4,0,3,10,0,0,0,0,4,0,0,0,0,0,0,0.9,49.2,137.1,0,0,0,0,23.9,0,0,0,0,0,0,0,1.7,-1.7,0,0,0,0,-1.2,0,0,0,0,0,0,0,-0.014,0.002,0,0,0,0,0.084,0,0,0,0,0,0,52.072539,1,0
9038,132,59.158,9.8,19.883878,0,-0.000213,0,0.035465,-0.08107,1,0,0,0,-140.03,13.56,2,4,796,4,3,10,0,0,0,0,0,4,0,0,0,0,0,0,49.3,136.9,0,0,0,0,0,23.8,0,0,0,0,0,0,2,-1.5,0,0,0,0,0,-1.1,0,0,0,0,0,0,-0.016,0.004,0,0,0,0,0,0.084,0,0,0,0,0,0,52.072539,1,0
9038,133,59.258,9.8,19.883878,0,0.325307,0,0.043339,-0.09215,1,0,0,0,-139.99,13.2,2,4,818,4,3,10,0,0,0,0,0,4,0,0,0,0,0,0,49.4,136.8,0,0,0,0,0,23.6,0,0,0,0,0,0,2.1,-1.4,0,0,0,0,0,-1.2,0,0,0,0,0,0,-0.016,0.004,0,0,0,0,0,0.084,0,0,0,0,0,0,52.072539,1,0
9038,134,59.358,9.8,19.883878,0,-0.000213,0,0.031934,-0.08462,1,0,0,0,-144.6,14.59,2,4,824,4,3,10,0,0,0,0,0,4,0,0,0,0,0,0,49.6,136.7,0,0,0,0,0,23.5,0,0,0,0,0,0,2.3,-1.1,0,0,0,0,0,-1.3,0,0,0,0,0,0,-0.016,0.004,0,0,0,0,0,0.084,0,0,0,0,0,0,52.072539,1,0
9038,135,59.458,9.8,19.883878,0,0.162547,0,0.042088,-0.08292,1,0,0,0,-144.62,8.97,2,4,817,4,3,10,0,0,0,0,0,4,0,0,0,0,0,0,49.8,136.6,0,0,0,0,0,23.4,0,0,0,0,0,0,2.4,-1,0,0,0,0,0,-1.4,0,0,0,0,0,0,-0.016,0.004,0,0,0,0,0,0.084,0,0,0,0,0,0,52.072539,1,0
9038,136,59.558,9.8,19.883878,0,0.162547,0,0.035013,-0.07082,1,0,0,0,-144.63,8.96,2,4,807,4,3,10,0,0,0,0,0,4,0,0,0,0,0,0,50.1,136.5,0,0,0,0,0,23.3,0,0,0,0,0,0,2.7,-0.8,0,0,0,0,0,-1.5,0,0,0,0,0,0,-0.018,0.004,0,0,0,0,0,0.084,0,0,0,0,0,0,52.072539,1,0
9038,137,59.658,9.8,18.019765,0,-0.162973,0,0.027369,-0.01231,1,0,0,0,-134.6,14,2,4,827,4,3,10,0,0,0,0,0,4,0,0,0,0,0,0,50.3,136.4,0,0,0,0,0,22.9,0,0,0,0,0,0,2.9,-0.6,0,0,0,0,0,-1.1,0,0,0,0,0,0,-0.018,0.004,0,0,0,0,0,0.072,0,0,0,0,0,0,52.072539,0,0
9038,138,59.758,9.8,18.019765,0,0.325307,0,0.053495,-0.0033,1,0,0,0,-138,13.4,2,4,858,4,3,11,10,0,0,0,0,4,0,0,0,0,0,0,50.6,426.2,136.3,0,0,0,0,22.9,0,0,0,0,0,0,2.9,-53.8,-0.4,0,0,0,0,-1.1,0,0,0,0,0,0,-0.02,0.064,0.006,0,0,0,0,0.07,0,0,0,0,0,0,52.072539,0,0
9038,139,59.859,9.8,18.019765,0,0.162547,0,0.028396,0.003991,1,0,0,0,-139,9,2,4,871,4,3,11,10,0,0,0,0,4,0,0,0,0,0,0,50.7,421.7,136.3,0,0,0,0,22.7,0,0,0,0,0,0,2.8,-54.3,-0.3,0,0,0,0,-1.2,0,0,0,0,0,0,-0.022,0.066,0.006,0,0,0,0,0.07,0,0,0,0,0,0,52.072539,0,0
9038,140,59.958,9.8,18.019765,0,0.325307,0,0.017335,0.005702,1,0,0,0,-146.79,7.4,2,4,888,4,3,11,10,0,0,0,0,4,0,0,0,0,0,0,50.8,413.4,136.3,0,0,0,0,22.7,0,0,0,0,0,0,2.8,-55.2,0,0,0,0,0,-1.2,0,0,0,0,0,0,-0.022,0.068,0.006,0,0,0,0,0.068,0,0,0,0,0,0,52.072539,0,0
9038,141,60.058,9.8,18.019765,0,0.162547,0,0.054416,-0.0081,1,0,0,0,-129.79,25,2,4,892,4,3,11,10,0,0,0,0,4,0,0,0,0,0,0,50.9,406.3,136.3,0,0,0,0,22.7,0,0,0,0,0,0,2.7,-55.8,0.2,0,0,0,0,0.4,0,0,0,0,0,0,-0.024,0.068,0.006,0,0,0,0,0.068,0,0,0,0,0,0,52.072539,0,0
9038,142,60.158,9.8,18.019765,0,0.162547,0,0.041056,-0.01026,1,0,0,0,-142.59,16,2,4,887,4,3,11,10,0,0,0,0,4,0,0,0,0,0,0,51,402.6,136.3,0,0,0,0,22.8,0,0,0,0,0,0,2.6,-55.9,0.3,0,0,0,0,0.8,0,0,0,0,0,0,-0.026,0.07,0.006,0,0,0,0,0.068,0,0,0,0,0,0,52.072539,0,0
9038,143,60.258,9.8,18.019765,0,0.162547,0,0.023948,-0.00684,1,0,0,0,-148,6.4,2,4,895,4,3,11,10,0,0,0,0,4,0,0,0,0,0,0,51.2,395.4,136.4,0,0,0,0,23,0,0,0,0,0,0,2.5,-56.2,0.6,0,0,0,0,1.2,0,0,0,0,0,0,-0.028,0.072,0.008,0,0,0,0,0.068,0,0,0,0,0,0,52.072539,0,0
9038,144,60.358,9.8,18.019765,0,-0.162973,0,0.044969,0.01712,1,0,0,0,-130,22.4,2,4,900,4,3,11,10,0,0,0,0,4,0,0,0,0,0,0,51.3,391.7,136.4,0,0,0,0,23.1,0,0,0,0,0,0,2.5,-56.4,0.7,0,0,0,0,1.3,0,0,0,0,0,0,-0.03,0.072,0.008,0,0,0,0,0.066,0,0,0,0,0,0,52.072539,0,0
9038,145,60.458,9.8,18.019765,0,-0.162973,0,0.064433,0.013571,1,0,0,0,-132.8,15.39,2,4,901,4,3,11,10,0,0,0,0,4,0,0,0,0,0,0,51.4,384.4,136.5,0,0,0,0,23.2,0,0,0,0,0,0,2.3,-56.6,0.9,0,0,0,0,1.5,0,0,0,0,0,0,-0.032,0.074,0.008,0,0,0,0,0.066,0,0,0,0,0,0,52.072539,0,0
9038,146,60.558,13.72,18.019765,0,0.162547,0,0.027257,-0.00057,1,0,0,0,-132.78,15.21,2,4,893,4,3,11,10,0,0,0,0,4,0,0,0,0,0,0,51.5,380.7,136.5,0,0,0,0,23.3,0,0,0,0,0,0,2.3,-56.8,1.1,0,0,0,0,1.6,0,0,0,0,0,0,-0.034,0.074,0.008,0,0,0,0,0.066,0,0,0,0,0,0,52.072539,0,0
9038,147,60.658,13.72,18.019765,0,-0.162973,0,0.047448,0.009353,1,0,0,0,-143.19,9.59,2,4,924,4,0,3,10,0,0,0,0,4,0,0,0,0,0,0,1.1,51.3,136.7,0,0,0,0,23.6,0,0,0,0,0,0,0,2.1,1.3,0,0,0,0,1.7,0,0,0,0,0,0,0,-0.036,0.008,0,0,0,0,0.068,0,0,0,0,0,0,52.072539,0,0
9038,148,60.758,13.72,18.019765,0,0.162547,0,0.056341,0.030109,1,0,0,0,-144.19,9.39,2,4,944,4,0,3,0,0,0,0,0,4,0,0,0,0,0,0,1,51.2,0,0,0,0,0,23.7,0,0,0,0,0,0,0,2,0,0,0,0,0,1.8,0,0,0,0,0,0,0,-0.036,0,0,0,0,0,0.068,0,0,0,0,0,0,52.072539,0,0
9038,149,60.858,13.72,18.019765,0,0.162547,0,0.041176,0.029314,1,0,0,0,-142.8,9.79,2,4,968,4,3,0,0,0,0,0,0,4,0,0,0,0,0,0,51.4,0,0,0,0,0,0,24,0,0,0,0,0,0,2,0,0,0,0,0,0,2,0,0,0,0,0,0,-0.038,0,0,0,0,0,0,0.066,0,0,0,0,0,0,52.072539,0,0
9038,150,60.958,13.72,18.019765,0,-0.162973,0,0.04642,0.039805,1,0,0,0,-142,8.99,2,4,992,4,3,0,0,0,0,0,0,4,0,0,0,0,0,0,51.6,0,0,0,0,0,0,24.3,0,0,0,0,0,0,2,0,0,0,0,0,0,2.3,0,0,0,0,0,0,-0.038,0,0,0,0,0,0,0.064,0,0,0,0,0,0,52.072539,0,0
9038,151,61.058,13.72,18.019765,0,0.162547,0,0.037863,0.033529,1,0,0,0,-141.6,8.99,2,4,1016,4,3,0,0,0,0,0,0,4,0,0,0,0,0,0,52,0,0,0,0,0,0,24.5,0,0,0,0,0,0,1.6,0,0,0,0,0,0,2.4,0,0,0,0,0,0,-0.038,0,0,0,0,0,0,0.062,0,0,0,0,0,0,52.072539,0,0
9038,152,61.158,15.288,18.019765,0,-0.000213,0,0.055429,0.035812,1,0,0,0,-143.8,8.79,2,4,1024,4,3,0,0,0,0,0,0,4,0,0,0,0,0,0,53.1,0,0,0,0,0,0,24.8,0,0,0,0,0,0,1.3,0,0,0,0,0,0,2.7,0,0,0,0,0,0,-0.034,0,0,0,0,0,0,0.062,0,0,0,0,0,0,52.072539,0,0
9038,153,61.258,15.288,18.019765,0,-0.000213,0,0.031588,0.030675,1,0,0,0,-141.8,8.59,2,4,1024,4,12,3,0,0,0,0,0,4,0,0,0,0,0,0,333.3,53.2,0,0,0,0,0,25,0,0,0,0,0,0,-64.4,1.1,0,0,0,0,0,2.8,0,0,0,0,0,0,0.09,-0.03,0,0,0,0,0,0.06,0,0,0,0,0,0,52.072539,0,0
9038,154,61.358,15.288,18.019765,0,-0.325733,0,0.03969,0.028513,1,0,0,0,-143.79,8.19,2,4,1024,4,3,12,0,0,0,0,0,4,0,0,0,0,0,0,53.3,329.2,0,0,0,0,0,25.5,0,0,0,0,0,0,1,-65.2,0,0,0,0,0,3,0,0,0,0,0,0,-0.032,0.092,0,0,0,0,0,0.048,0,0,0,0,0,0,52.072539,0,0
9038,155,61.458,15.288,18.019765,0,-0.000213,0,0.053835,0.037639,1,0,0,0,-143.4,9.19,2,4,1024,4,3,12,0,0,0,0,0,4,0,0,0,0,0,0,53.9,320.1,0,0,0,0,0,25.7,0,0,0,0,0,0,0.7,-65.8,0,0,0,0,0,3.1,0,0,0,0,0,0,-0.034,0.096,0,0,0,0,0,0.046,0,0,0,0,0,0,52.072539,0,0
9038,156,61.558,15.288,18.019765,0,-0.000213,0,0.033188,0.029766,1,0,0,0,-143.39,11.6,2,4,1020,4,3,12,0,0,0,0,0,4,0,0,0,0,0,0,54.2,316.6,0,0,0,0,0,26,0,0,0,0,0,0,0.6,-66.7,0,0,0,0,0,3.3,0,0,0,0,0,0,-0.036,0.098,0,0,0,0,0,0.044,0,0,0,0,0,0,52.072539,0,0
9038,157,61.658,15.288,18.019765,0,0.162547,0,0.058057,0.024067,1,0,0,0,-140.6,9.59,2,4,1024,4,13,3,12,0,0,0,0,4,0,0,0,0,0,0,438.9,54.9,307.9,0,0,0,0,26.2,0,0,0,0,0,0,-49,0.3,-67,0,0,0,0,3.4,0,0,0,0,0,0,0.086,-0.038,0.102,0,0,0,0,0.044,0,0,0,0,0,0,52.072539,0,0
9038,158,61.758,15.288,18.019765,0,-0.000213,0,0.040146,0.028969,1,0,0,0,-140.8,9.59,2,4,1024,4,13,3,12,0,0,0,0,4,0,0,0,0,0,0,430.2,56.9,299.6,0,0,0,0,26.7,0,0,0,0,0,0,-51.2,0.2,-68.3,0,0,0,0,3.6,0,0,0,0,0,0,0.088,-0.04,0.106,0,0,0,0,0.042,0,0,0,0,0,0,52.072539,0,0
9038,159,61.862,15.288,18.019765,0,0.162547,0,0.057485,0.024865,1,0,0,0,-142.6,9.79,2,4,1024,4,3,13,12,0,0,0,0,4,0,0,0,0,0,0,56.9,428.1,295.1,0,0,0,0,26.9,0,0,0,0,0,0,0.1,-51.8,-68.5,0,0,0,0,3.7,0,0,0,0,0,0,-0.04,0.088,0.108,0,0,0,0,0.04,0,0,0,0,0,0,52.072539,0,0
9038,160,61.958,15.288,18.019765,0,-0.325733,0,0.065566,0.024516,1,0,0,0,-141.8,8.99,2,4,1024,4,3,12,13,0,0,0,0,4,0,0,0,0,0,0,58.4,286,419.7,0,0,0,0,27.6,0,0,0,0,0,0,-0.1,-70,-53,0,0,0,0,3.8,0,0,0,0,0,0,-0.046,0.112,0.09,0,0,0,0,0.044,0,0,0,0,0,0,52.072539,0,0
9038,161,62.058,15.288,18.019765,0,0.325307,0,0.063068,0.023152,1,0,0,0,-137.4,9.19,2,4,1024,4,3,13,12,0,0,0,0,4,0,0,0,0,0,0,58,416.3,281.4,0,0,0,0,28.2,0,0,0,0,0,0,-0.3,-53.2,-70.3,0,0,0,0,4,0,0,0,0,0,0,-0.046,0.092,0.114,0,0,0,0,0.04,0,0,0,0,0,0,52.072539,0,0
9038,162,62.158,15.288,18.019765,0,0.162547,0,0.073221,0.038777,1,0,0,0,-137.48,11.31,2,4,1021,4,3,13,12,0,0,0,0,4,0,0,0,0,0,0,57.3,409.4,272.3,0,0,0,0,28.5,0,0,0,0,0,0,-0.6,-53.7,-70.9,0,0,0,0,4,0,0,0,0,0,0,-0.048,0.094,0.118,0,0,0,0,0.042,0,0,0,0,0,0,52.072539,0,0
9038,163,62.258,15.288,19.262507,0,-0.000213,0,0.043563,0.037176,1,0,0,0,-137.56,11.23,2,4,1018,4,3,13,12,0,0,0,0,4,0,0,0,0,0,0,56.5,405.9,267.7,0,0,0,0,28.8,0,0,0,0,0,0,-0.7,-53.9,-71.2,0,0,0,0,4.1,0,0,0,0,0,0,-0.048,0.094,0.122,0,0,0,0,0.044,0,0,0,0,0,0,52.072539,0,0
9038,164,62.358,15.288,19.262507,0,0.162547,0,0.034091,0.040247,1,0,0,0,-137.64,11.15,2,4,1018,4,0,3,13,0,0,0,0,4,0,0,0,0,0,0,1.2,55.2,398.9,0,0,0,0,29.4,0,0,0,0,0,0,0,-0.9,-54.4,0,0,0,0,4.2,0,0,0,0,0,0,0,-0.044,0.098,0,0,0,0,0.042,0,0,0,0,0,0,52.072539,0,0
9038,165,62.458,16.464,19.262507,0,0.325307,0,0.005361,0.042542,1,0,0,0,-137.72,11.07,2,4,1014,4,3,13,0,0,0,0,0,4,0,0,0,0,0,0,54.9,395.3,0,0,0,0,0,29.6,0,0,0,0,0,0,-1,-54.6,0,0,0,0,0,4.4,0,0,0,0,0,0,-0.044,0.098,0,0,0,0,0,0.042,0,0,0,0,0,0,52.072539,0,0
9038,166,62.558,16.464,19.262507,0,0.162547,0,0.010149,0.044357,1,0,0,0,-141.8,9.59,2,4,1024,4,3,13,0,0,0,0,0,4,0,0,0,0,0,0,54.5,388.2,0,0,0,0,0,30,0,0,0,0,0,0,-1.2,-55.1,0,0,0,0,0,4.4,0,0,0,0,0,0,-0.042,0.1,0,0,0,0,0,0.042,0,0,0,0,0,0,52.072539,0,0
9038,167,62.658,16.464,19.262507,0,0.325307,0,-0.01471,0.048927,1,0,0,0,-142.6,9.4,2,4,1024,4,0,3,0,0,0,0,0,4,0,0,0,0,0,0,1.3,54.2,0,0,0,0,0,30.3,0,0,0,0,0,0,0,-1.4,0,0,0,0,0,4.5,0,0,0,0,0,0,0,-0.044,0,0,0,0,0,0.042,0,0,0,0,0,0,52.072539,0,0
9038,168,62.758,16.464,19.262507,0,0.488067,0,-0.01836,0.04368,1,0,0,0,-151,0.59,2,4,1024,4,3,0,0,0,0,0,0,4,0,0,0,0,0,0,53.7,0,0,0,0,0,0,31,0,0,0,0,0,0,-1.7,0,0,0,0,0,0,4.7,0,0,0,0,0,0,-0.042,0,0,0,0,0,0,0.04,0,0,0,0,0,0,52.072539,0,0
9038,169,62.858,16.464,20.505249,0,0.162547,0,0.009809,0.029883,1,0,0,0,-142.79,10.19,2,4,1024,4,3,0,0,0,0,0,0,4,0,0,0,0,0,0,53.3,0,0,0,0,0,0,31.3,0,0,0,0,0,0,-1.8,0,0,0,0,0,0,4.8,0,0,0,0,0,0,-0.042,0,0,0,0,0,0,0.04,0,0,0,0,0,0,52.072539,0,0
9038,170,62.958,16.464,20.505249,0,0.650827,0,0.019504,0.035473,1,0,0,0,-141,9.19,2,4,1024,4,3,0,0,0,0,0,0,4,0,0,0,0,0,0,52.9,0,0,0,0,0,0,31.9,0,0,0,0,0,0,-2,0,0,0,0,0,0,5,0,0,0,0,0,0,-0.042,0,0,0,0,0,0,0.04,0,0,0,0,0,0,52.072539,0,0
9038,171,63.058,16.464,20.505249,0,-0.488493,0,0.030674,0.035235,1,0,0,0,-141.4,9.19,2,4,1024,4,14,3,0,0,0,0,0,4,0,0,0,0,0,0,351.4,52.6,0,0,0,0,0,32.4,0,0,0,0,0,0,-63.9,-2.1,0,0,0,0,0,5.2,0,0,0,0,0,0,0.08,-0.042,0,0,0,0,0,0.042,0,0,0,0,0,0,52.072539,0,0
9038,172,63.158,16.464,20.505249,0,-0.325733,0,0.0292,0.037641,1,0,0,0,-143.2,9.19,2,4,1024,4,3,14,0,0,0,0,0,4,0,0,0,0,0,0,52.1,345.4,0,0,0,0,0,32.8,0,0,0,0,0,0,-2.4,-65.6,0,0,0,0,0,5.3,0,0,0,0,0,0,-0.042,0.082,0,0,0,0,0,0.04,0,0,0,0,0,0,52.072539,0,0
9038,173,63.258,16.464,20.505249,0,-0.162973,0,0.037984,0.0446,1,0,0,0,-143.2,11.19,2,4,1024,4,3,14,0,0,0,0,0,4,0,0,0,0,0,0,51.7,342.1,0,0,0,0,0,33.7,0,0,0,0,0,0,-2.6,-66.2,0,0,0,0,0,5.5,0,0,0,0,0,0,-0.044,0.082,0,0,0,0,0,0.042,0,0,0,0,0,0,52.072539,0,0
9038,174,63.358,16.464,20.505249,0,0.325307,0,0.002623,0.031356,1,0,0,0,-145.19,8.4,2,4,1024,4,3,14,0,0,0,0,0,4,0,0,0,0,0,0,51.4,335.1,0,0,0,0,0,34,0,0,0,0,0,0,-2.9,-67.7,0,0,0,0,0,5.5,0,0,0,0,0,0,-0.046,0.084,0,0,0,0,0,0.042,0,0,0,0,0,0,52.072539,0,0
9038,175,63.458,16.464,20.505249,0,0.162547,0,0.036961,0.009354,1,0,0,0,-143.4,9.4,2,4,1024,4,3,14,0,0,0,0,0,4,0,0,0,0,0,0,51.1,332,0,0,0,0,0,34.6,0,0,0,0,0,0,-2.9,-68.4,0,0,0,0,0,5.8,0,0,0,0,0,0,-0.048,0.086,0,0,0,0,0,0.042,0,0,0,0,0,0,52.072539,0,0
9038,176,63.558,16.464,21.747992,0,0.162547,0,0.040365,-0.00296,1,0,0,0,-143.4,11.39,2,4,1020,4,3,14,0,0,0,0,0,4,0,0,0,0,0,0,50.4,324.1,0,0,0,0,0,34.9,0,0,0,0,0,0,-3.2,-69.4,0,0,0,0,0,5.8,0,0,0,0,0,0,-0.05,0.086,0,0,0,0,0,0.04,0,0,0,0,0,0,52.072539,0,0
9038,177,63.658,16.464,21.747992,0,0.325307,0,0.020188,-0.00513,1,0,0,0,-139.6,9.19,2,4,1024,4,3,14,0,0,0,0,0,4,0,0,0,0,0,0,50.2,319.5,0,0,0,0,0,35.8,0,0,0,0,0,0,-3.2,-69.7,0,0,0,0,0,6,0,0,0,0,0,0,-0.052,0.088,0,0,0,0,0,0.038,0,0,0,0,0,0,52.072539,0,0
9038,178,63.758,12.544,21.747992,0,0.325307,0,0.030336,-0.00752,1,0,0,0,-141.6,10.59,2,4,1024,4,3,14,0,0,0,0,0,4,0,0,0,0,0,0,49.8,310.5,0,0,0,0,0,36.2,0,0,0,0,0,0,-3.5,-70.3,0,0,0,0,0,6.1,0,0,0,0,0,0,-0.054,0.09,0,0,0,0,0,0.036,0,0,0,0,0,0,52.072539,0,0
9038,179,63.858,12.544,21.747992,0,0.488067,0,0.016879,-0.00547,1,0,0,0,-141.89,12.5,2,4,1024,4,3,14,0,0,0,0,0,4,0,0,0,0,0,0,49.5,303,0,0,0,0,0,37,0,0,0,0,0,0,-3.5,-71,0,0,0,0,0,6.1,0,0,0,0,0,0,-0.054,0.094,0,0,0,0,0,0.03,0,0,0,0,0,0,52.072539,0,0
9038,180,63.958,12.544,21.747992,0,0.650827,0,0.035015,0.004676,1,0,0,0,-142.4,11.19,2,4,1024,4,3,14,0,0,0,0,0,4,0,0,0,0,0,0,50.4,298.4,0,0,0,0,0,37.4,0,0,0,0,0,0,-3.6,-71.2,0,0,0,0,0,6.1,0,0,0,0,0,0,-0.054,0.096,0,0,0,0,0,0.028,0,0,0,0,0,0,52.072539,0,0
9038,181,64.058,12.544,21.747992,0,0.813587,0,0.020072,0.008439,1,0,0,0,-141.99,10.59,2,4,1024,4,3,14,0,0,0,0,0,4,0,0,0,0,0,0,49.9,290.4,0,0,0,0,0,38.3,0,0,0,0,0,0,-3.7,-71.5,0,0,0,0,0,6.2,0,0,0,0,0,0,-0.056,0.098,0,0,0,0,0,0.026,0,0,0,0,0,0,52.072539,0,0
9038,182,64.158,12.544,21.747992,0,0.162547,0,0.054066,0.005019,1,0,0,0,-141.6,9.59,2,4,1024,4,3,14,0,0,0,0,0,4,0,0,0,0,0,0,49.9,285.8,0,0,0,0,0,38.7,0,0,0,0,0,0,-3.8,-71.8,0,0,0,0,0,6.2,0,0,0,0,0,0,-0.056,0.1,0,0,0,0,0,0.026,0,0,0,0,0,0,52.072539,0,0
9038,183,64.258,12.544,21.747992,0,0.813587,0,0.026572,0.007413,1,0,0,0,-145,9.39,2,4,1024,4,3,14,0,0,0,0,0,4,0,0,0,0,0,0,49,276.4,0,0,0,0,0,39.5,0,0,0,0,0,0,-3.8,-72.3,0,0,0,0,0,6.3,0,0,0,0,0,0,-0.056,0.104,0,0,0,0,0,0.026,0,0,0,0,0,0,52.072539,0,0
9038,184,64.358,12.936,21.747992,0,0.488067,0,0.031595,0.001939,1,0,0,0,-144.97,11.42,2,4,1020,4,0,0,0,0,0,0,0,4,0,0,0,0,0,0,0,0,0,0,0,0,0,40.1,0,0,0,0,0,0,0,0,0,0,0,0,0,6.4,0,0,0,0,0,0,0,0,0,0,0,0,0,0.026,0,0,0,0,0,0,52.072539,0,0
9038,185,64.458,12.936,21.747992,0,0.162547,0,0.053823,-0.00387,1,0,0,0,-144.92,11.47,2,4,1016,4,3,15,14,0,0,0,0,4,0,0,0,0,0,0,47.9,295.3,262.3,0,0,0,0,40.7,0,0,0,0,0,0,-4.1,-6.4,-73.1,0,0,0,0,6.4,0,0,0,0,0,0,-0.056,-0.008,0.108,0,0,0,0,0.024,0,0,0,0,0,0,52.072539,0,0
9038,186,64.558,12.936,21.747992,0,0.813587,0,0.022237,0.004219,1,0,0,0,-145.79,7.99,2,4,1024,4,3,15,14,0,0,0,0,4,0,0,0,0,0,0,48.1,294.4,257.5,0,0,0,0,41.3,0,0,0,0,0,0,-4.1,-6.9,-73.4,0,0,0,0,6.4,0,0,0,0,0,0,-0.056,-0.01,0.11,0,0,0,0,0.022,0,0,0,0,0,0,52.072539,0,0
9038,187,64.657,12.936,21.747992,0,0.976347,0,0.042655,0.007299,1,0,0,0,-145.2,7.99,2,4,1024,4,3,15,14,0,0,0,0,4,0,0,0,0,0,0,48,295.9,248,0,0,0,0,42.1,0,0,0,0,0,0,-4.2,-8,-73.9,0,0,0,0,6.5,0,0,0,0,0,0,-0.056,-0.008,0.116,0,0,0,0,0.022,0,0,0,0,0,0,52.072539,0,0
9038,188,64.758,12.936,21.747992,0,0.488067,0,0.026685,0.003877,1,0,0,0,-142,8.99,2,4,1024,4,16,3,15,14,0,0,0,4,0,0,0,0,0,0,172.5,47.5,295.2,243.2,0,0,0,43.1,0,0,0,0,0,0,-33.6,-4.3,-8.6,-74.2,0,0,0,6.6,0,0,0,0,0,0,0.06,-0.058,-0.008,0.118,0,0,0,0.026,0,0,0,0,0,0,52.072539,0,0
9038,189,64.858,12.936,21.747992,0,0.488067,0,0.020529,-0.00205,1,0,0,0,-141.8,9.19,2,4,1024,4,3,15,16,0,0,0,0,4,0,0,0,0,0,0,47,293.8,168.2,0,0,0,0,43.7,0,0,0,0,0,0,-4.4,-9.5,-33.6,0,0,0,0,6.6,0,0,0,0,0,0,-0.058,-0.008,0.062,0,0,0,0,0.024,0,0,0,0,0,0,52.072539,0,0
9038,190,64.958,12.936,21.747992,0,0.162547,0,0.03079,0.006614,1,0,0,0,-143.8,9.4,2,4,1024,4,3,15,16,0,0,0,0,4,0,0,0,0,0,0,46.7,291.4,165.7,0,0,0,0,44.6,0,0,0,0,0,0,-4.5,-10.2,-33.8,0,0,0,0,6.6,0,0,0,0,0,0,-0.058,-0.01,0.064,0,0,0,0,0.022,0,0,0,0,0,0,52.072539,0,0
9038,191,65.059,12.936,21.747992,0,0.162547,0,0.013343,0.006272,1,0,0,0,-143.82,9.57,2,4,1018,4,3,15,17,16,0,0,0,4,0,0,0,0,0,0,46.1,287.9,186.5,161.3,0,0,0,45,0,0,0,0,0,0,-4.6,-11.4,-33.8,-33.8,0,0,0,6.6,0,0,0,0,0,0,-0.06,-0.01,0.064,0.066,0,0,0,0.024,0,0,0,0,0,0,52.072539,0,0
9038,192,65.158,12.936,21.747992,0,-0.162973,0,0.017222,0.006957,1,0,0,0,-143.86,9.53,2,4,1012,4,3,15,17,16,0,0,0,4,0,0,0,0,0,0,45.8,285.4,184.3,157.4,0,0,0,46.1,0,0,0,0,0,0,-4.6,-12,-33.8,-33.9,0,0,0,6.7,0,0,0,0,0,0,-0.062,-0.01,0.064,0.068,0,0,0,0.026,0,0,0,0,0,0,52.072539,0,0
9038,193,65.258,12.936,21.747992,0,-0.000213,0,0.017561,0.008894,1,0,0,0,-128.8,10.79,2,4,1014,4,3,15,17,16,0,0,0,4,0,0,0,0,0,0,45.1,284.7,179.9,152.5,0,0,0,46.4,0,0,0,0,0,0,-4.7,-13.1,-33.8,-34,0,0,0,6.7,0,0,0,0,0,0,-0.06,-0.008,0.066,0.07,0,0,0,0.03,0,0,0,0,0,0,52.072539,0,0
9038,194,65.358,12.936,21.747992,0,0.325307,0,0.011517,0.006956,1,0,0,0,-128.86,10.73,2,4,1014,4,18,3,15,17,16,0,0,4,0,0,0,0,0,0,124.7,44.4,283.8,177.7,150.3,0,0,47.2,0,0,0,0,0,0,-3.5,-4.7,-13.4,-33.8,-34,0,0,6.7,0,0,0,0,0,0,-0.006,-0.06,-0.008,0.066,0.07,0,0,0.03,0,0,0,0,0,0,52.072539,0,0
9038,195,65.458,12.936,22.990734,0,0.162547,0,0.031133,0.003079,1,0,0,0,-129.2,11,2,4,1016,4,3,15,17,18,16,0,0,4,0,0,0,0,0,0,43.4,285.1,173.3,124.5,145.9,0,0,47.5,0,0,0,0,0,0,-4.8,-14.9,-33.9,-3.4,-34.2,0,0,6.7,0,0,0,0,0,0,-0.06,-0.008,0.068,-0.004,0.072,0,0,0.028,0,0,0,0,0,0,52.072539,0,0
9038,196,65.558,12.936,22.990734,0,0.162547,0,0.025093,-0.00296,1,0,0,0,-129.25,10.94,2,4,1012,4,3,15,17,18,16,0,0,4,0,0,0,0,0,0,42.5,290,176.1,124.1,141.5,0,0,48,0,0,0,0,0,0,-4.9,-16,-34.3,-3.4,-34.3,0,0,6.7,0,0,0,0,0,0,-0.062,-0.006,0.068,-0.004,0.076,0,0,0.03,0,0,0,0,0,0,52.072539,0,0
9038,197,65.658,13.328,22.990734,0,0.162547,0,0.022924,-0.00034,1,0,0,0,-129.27,10.92,2,4,1012,4,3,15,17,18,16,0,0,4,0,0,0,0,0,0,42.1,290,173.9,123.9,139.2,0,0,48.2,0,0,0,0,0,0,-5,-16.5,-34.3,-3.4,-34.3,0,0,6.8,0,0,0,0,0,0,-0.064,-0.006,0.068,-0.004,0.078,0,0,0.03,0,0,0,0,0,0,52.072539,0,0
9038,198,65.758,13.328,22.990734,0,0.813587,0,0.022123,0.00593,1,0,0,0,-144.8,9.79,2,4,1024,4,3,15,17,18,0,0,0,4,0,0,0,0,0,0,41.4,282.6,172.7,123.2,0,0,0,48.4,0,0,0,0,0,0,-5,-17.4,-34.4,-3.5,0,0,0,6.8,0,0,0,0,0,0,-0.066,-0.006,0.07,-0.004,0,0,0,0.032,0,0,0,0,0,0,52.072539,0,0
9038,199,65.858,13.328,22.990734,0,0.162547,0,0.013687,0.00365,1,0,0,0,-144.7,9.29,2,4,1018,4,3,15,17,18,0,0,0,4,0,0,0,0,0,0,41.1,281.9,173.9,123,0,0,0,48.5,0,0,0,0,0,0,-5.1,-17.8,-34.6,-3.5,0,0,0,6.8,0,0,0,0,0,0,-0.066,-0.004,0.072,-0.004,0,0,0,0.032,0,0,0,0,0,0,52.072539,0,0
9038,200,65.958,13.328,22.990734,0,0.488067,0,0.027718,0.00308,1,0,0,0,-144.53,9.46,2,4,1018,4,17,3,15,18,0,0,0,4,0,0,0,0,0,0,165,40.4,277.3,122.3,0,0,0,48.7,0,0,0,0,0,0,-34.6,-5.2,-18.4,-3.6,0,0,0,7,0,0,0,0,0,0,0.074,-0.066,-0.004,-0.004,0,0,0,0.032,0,0,0,0,0,0,52.072539,0,0
9038,201,66.058,13.328,24.233476,0,0.488067,0,0.019274,0.000798,1,0,0,0,-144.32,9.67,2,4,1013,4,3,15,17,18,0,0,0,4,0,0,0,0,0,0,40.1,276.4,162.7,122.1,0,0,0,49,0,0,0,0,0,0,-5.3,-18.7,-34.7,-3.6,0,0,0,7,0,0,0,0,0,0,-0.068,-0.004,0.076,-0.006,0,0,0,0.032,0,0,0,0,0,0,52.072539,0,0
9038,202,66.158,13.328,24.233476,0,0.488067,0,0.047563,-0.00148,1,0,0,0,-144.1,9.89,2,4,1010,4,3,15,17,18,0,0,0,4,0,0,0,0,0,0,39.3,279.5,158.2,121.8,0,0,0,50.4,0,0,0,0,0,0,-5.4,-19.3,-34.7,-3.8,0,0,0,7,0,0,0,0,0,0,-0.068,-0.004,0.078,-0.01,0,0,0,0.032,0,0,0,0,0,0,52.072539,0,0
9038,203,66.258,9.8,24.233476,0,0.162547,0,0.017557,-0.00433,1,0,0,0,-144.1,9.89,2,4,1007,4,3,15,17,18,0,0,0,4,0,0,0,0,0,0,39,277.7,156,121.7,0,0,0,51.1,0,0,0,0,0,0,-5.5,-19.6,-34.8,-3.8,0,0,0,7,0,0,0,0,0,0,-0.068,-0.002,0.08,-0.012,0,0,0,0.034,0,0,0,0,0,0,52.072539,0,0
9038,204,66.357,9.8,24.233476,0,0.650827,0,0.016649,-0.00729,1,0,0,0,-142.6,9.4,2,4,1023,4,3,15,17,18,0,0,0,4,0,0,0,0,0,0,38.1,274.1,151.4,121.2,0,0,0,52,0,0,0,0,0,0,-5.6,-20.3,-34.9,-4,0,0,0,7.1,0,0,0,0,0,0,-0.068,-0.002,0.082,-0.014,0,0,0,0.032,0,0,0,0,0,0,52.072539,0,0
9038,205,66.458,9.8,24.233476,0,0.162547,0,0.03341,-0.01471,1,0,0,0,-141.4,9.6,2,4,1024,4,3,15,17,18,0,0,0,4,0,0,0,0,0,0,37.6,272.8,149.2,120.7,0,0,0,52.5,0,0,0,0,0,0,-5.6,-20.6,-34.9,-4.1,0,0,0,7.1,0,0,0,0,0,0,-0.07,-0.002,0.084,-0.014,0,0,0,0.032,0,0,0,0,0,0,52.072539,0,0
9038,206,66.558,9.8,24.233476,0,0.976347,0,-0.01083,-0.00832,1,0,0,0,-143.4,9.2,2,4,1024,4,0,3,15,18,0,0,0,4,0,0,0,0,0,0,1.7,36.9,273.4,120.4,0,0,0,53.4,0,0,0,0,0,0,0,-5.6,-21.2,-4.2,0,0,0,7.1,0,0,0,0,0,0,0,-0.074,0,-0.016,0,0,0,0.032,0,0,0,0,0,0,52.072539,0,0
9038,207,66.658,9.8,23.612105,0,0.325307,0,0.025892,-0.01038,1,0,0,0,-143.4,9.2,2,4,1024,4,15,3,18,0,0,0,0,4,0,0,0,0,0,0,266.3,36.6,120.7,0,0,0,0,54.2,0,0,0,0,0,0,-21.4,-5.6,-4.3,0,0,0,0,7.2,0,0,0,0,0,0,-0.002,-0.076,-0.016,0,0,0,0,0.034,0,0,0,0,0,0,52.072539,0,0
9038,208,66.758,9.8,23.612105,0,0.813587,0,0.02418,-0.00798,1,0,0,0,-143.8,9.79,2,4,1024,4,3,15,18,0,0,0,0,4,0,0,0,0,0,0,36,259,120,0,0,0,0,55.7,0,0,0,0,0,0,-5.6,-21.9,-4.4,0,0,0,0,7.3,0,0,0,0,0,0,-0.076,0,-0.018,0,0,0,0,0.034,0,0,0,0,0,0,52.072539,0,0
9038,209,66.858,9.8,23.612105,0,0.325307,0,0.038893,-0.02338,1,0,0,0,-141.8,9.6,2,4,1024,4,3,15,18,0,0,0,0,4,0,0,0,0,0,0,35.6,257.6,119.7,0,0,0,0,56.5,0,0,0,0,0,0,-5.5,-22.2,-4.4,0,0,0,0,7.3,0,0,0,0,0,0,-0.076,0,-0.018,0,0,0,0,0.036,0,0,0,0,0,0,52.072539,0,0
9038,210,66.958,10.192,23.612105,0,-0.000213,0,0.034209,-0.02007,1,0,0,0,-141.8,11.79,2,4,1021,4,3,15,18,0,0,0,0,4,0,0,0,0,0,0,35,254.2,118.9,0,0,0,0,57.5,0,0,0,0,0,0,-5.4,-22.7,-4.4,0,0,0,0,7.4,0,0,0,0,0,0,-0.076,0,-0.018,0,0,0,0,0.036,0,0,0,0,0,0,52.072539,0,0
9038,211,67.058,10.192,23.612105,0,0.325307,0,0.026121,-0.00627,1,0,0,0,-144.2,9.6,2,4,1024,4,3,15,18,0,0,0,0,4,0,0,0,0,0,0,34.2,253.5,118.6,0,0,0,0,58.5,0,0,0,0,0,0,-5.2,-23,-4.4,0,0,0,0,7.4,0,0,0,0,0,0,-0.074,0,-0.02,0,0,0,0,0.036,0,0,0,0,0,0,52.072539,0,0
9038,212,67.158,10.192,23.612105,0,-0.000213,0,0.055191,-0.02349,1,0,0,0,-144.2,11.79,2,4,1019,4,3,15,18,0,0,0,0,4,0,0,0,0,0,0,33.2,251.6,117.7,0,0,0,0,59.3,0,0,0,0,0,0,-5.1,-23.4,-4.5,0,0,0,0,7.5,0,0,0,0,0,0,-0.072,0,-0.02,0,0,0,0,0.036,0,0,0,0,0,0,52.072539,0,0
9038,213,67.258,10.192,23.612105,0,0.162547,0,0.003191,-0.01367,1,0,0,0,-144.2,11.79,2,4,1015,4,3,15,18,0,0,0,0,4,0,0,0,0,0,0,33.9,249.1,117.4,0,0,0,0,61.1,0,0,0,0,0,0,-4.9,-23.7,-4.5,0,0,0,0,7.8,0,0,0,0,0,0,-0.072,0.002,-0.02,0,0,0,0,0.036,0,0,0,0,0,0,52.072539,0,0
9038,214,67.358,10.192,24.854848,0,0.488067,0,0.034455,-0.01004,1,0,0,0,-137.4,10,2,4,1015,4,3,15,18,0,0,0,0,4,0,0,0,0,0,0,33.2,242.9,116.8,0,0,0,0,61.6,0,0,0,0,0,0,-4.9,-24.2,-4.5,0,0,0,0,7.9,0,0,0,0,0,0,-0.072,0.002,-0.02,0,0,0,0,0.036,0,0,0,0,0,0,52.072539,0,0
9038,215,67.458,10.192,24.854848,0,-0.488493,0,0.065884,-0.01481,1,0,0,0,-141.2,9.6,2,4,1024,4,3,15,18,0,0,0,0,4,0,0,0,0,0,0,32.9,243.5,117.4,0,0,0,0,62.7,0,0,0,0,0,0,-4.9,-24.4,-4.7,0,0,0,0,8,0,0,0,0,0,0,-0.072,0.002,-0.022,0,0,0,0,0.036,0,0,0,0,0,0,52.072539,0,0
9038,216,67.558,11.368,24.854848,0,0.488067,0,-0.00946,0.003993,1,0,0,0,-140.6,10.79,2,4,1024,4,3,15,18,0,0,0,0,4,0,0,0,0,0,0,32.3,237.4,116,0,0,0,0,63.2,0,0,0,0,0,0,-4.9,-25,-4.7,0,0,0,0,8,0,0,0,0,0,0,-0.074,0.002,-0.022,0,0,0,0,0.036,0,0,0,0,0,0,52.072539,0,0
9038,217,67.658,11.368,24.854848,0,0.325307,0,0.027827,0.003193,1,0,0,0,-143.4,9.4,2,4,1024,4,3,15,18,0,0,0,0,5,4,0,0,0,0,0,32,239.2,115.2,0,0,0,0,235.2,64.2,0,0,0,0,0,-4.9,-25.2,-4.8,0,0,0,0,35.6,8.8,0,0,0,0,0,-0.074,0.004,-0.024,0,0,0,0,-0.044,0.036,0,0,0,0,0,52.072539,0,0
9038,218,67.758,11.368,24.854848,0,0.325307,0,0.017223,-0.01631,1,0,0,0,-143.24,9.55,2,4,1024,4,3,15,18,0,0,0,0,5,4,0,0,0,0,0,31.3,237.1,113.9,0,0,0,0,240.1,64.8,0,0,0,0,0,-4.9,-25.8,-5,0,0,0,0,35.7,8.9,0,0,0,0,0,-0.074,0.004,-0.024,0,0,0,0,-0.044,0.036,0,0,0,0,0,52.072539,0,0
9038,219,67.858,11.368,24.854848,0,0.650827,0,0.018019,-0.0203,1,0,0,0,-142.6,9.4,2,4,1024,4,3,15,18,0,0,0,0,5,4,0,0,0,0,0,30.7,233.7,112.5,0,0,0,0,243.5,65.3,0,0,0,0,0,-4.8,-26.3,-5,0,0,0,0,35.8,9.4,0,0,0,0,0,-0.076,0.006,-0.024,0,0,0,0,-0.042,0.036,0,0,0,0,0,52.072539,0,0
9038,220,67.958,11.368,24.854848,0,0.488067,0,0.043347,-0.01117,1,0,0,0,-142.6,9.4,2,4,1024,4,3,15,18,0,0,0,0,5,4,0,0,0,0,0,30.4,231.9,112.1,0,0,0,0,245.8,65.5,0,0,0,0,0,-4.8,-26.6,-5.1,0,0,0,0,35.8,9.6,0,0,0,0,0,-0.076,0.006,-0.024,0,0,0,0,-0.04,0.038,0,0,0,0,0,52.072539,0,0
9038,221,68.058,11.368,24.854848,0,0.325307,0,0.078695,-0.01163,1,0,0,0,-143.4,9.4,2,4,1024,4,3,15,18,0,0,0,0,5,4,0,0,0,0,0,29.5,228.5,111.5,0,0,0,0,250.4,66.7,0,0,0,0,0,-4.7,-27.1,-5.2,0,0,0,0,35.5,9.6,0,0,0,0,0,-0.078,0.006,-0.024,0,0,0,0,-0.038,0.04,0,0,0,0,0,52.072539,0,0
9038,222,68.158,11.368,24.854848,0,0.162547,0,0.038195,-0.00832,1,0,0,0,-143.38,11.81,2,4,1024,4,3,15,18,0,0,0,0,5,4,0,0,0,0,0,29.1,226.7,112.4,0,0,0,0,252.7,67.4,0,0,0,0,0,-4.7,-27.3,-5.8,0,0,0,0,35.5,9.5,0,0,0,0,0,-0.078,0.006,-0.022,0,0,0,0,-0.038,0.04,0,0,0,0,0,52.072539,0,0
9038,223,68.258,11.368,24.854848,0,0.325307,0,0.04175,-0.01346,1,0,0,0,-143.4,8.39,2,4,1024,4,3,15,18,0,0,0,0,5,4,0,0,0,0,0,28.7,223.1,111.7,0,0,0,0,257.3,68.2,0,0,0,0,0,-4.7,-27.9,-5.9,0,0,0,0,35.5,9.6,0,0,0,0,0,-0.08,0.008,-0.022,0,0,0,0,-0.036,0.042,0,0,0,0,0,52.072539,0,0
9038,224,68.358,11.368,24.854848,0,0.325307,0,0.032157,-0.00752,1,0,0,0,-143.38,10.61,2,4,1024,4,3,15,18,0,0,0,0,5,4,0,0,0,0,0,28.4,221.3,111.3,0,0,0,0,259.7,68.9,0,0,0,0,0,-4.7,-28.2,-6,0,0,0,0,35.5,9.6,0,0,0,0,0,-0.08,0.008,-0.022,0,0,0,0,-0.036,0.044,0,0,0,0,0,52.072539,0,0
9038,225,68.458,11.368,24.854848,0,0.650827,0,0.002966,-0.00616,1,0,0,0,-143.37,10.62,2,4,1024,4,0,15,18,0,0,0,0,5,4,0,0,0,0,0,0.3,217.6,110.2,0,0,0,0,264.3,70.3,0,0,0,0,0,0,-28.7,-5.8,0,0,0,0,35.4,9.4,0,0,0,0,0,0,0.008,-0.022,0,0,0,0,-0.034,0.044,0,0,0,0,0,52.072539,0,0
9038,226,68.558,11.368,24.854848,0,0.813587,0,0.023951,-0.01642,1,0,0,0,-143.36,10.63,2,4,1024,4,0,18,0,0,0,0,0,5,4,0,0,0,0,0,1.5,109.8,0,0,0,0,0,266.6,70.9,0,0,0,0,0,0,-5.7,0,0,0,0,0,35.4,9,0,0,0,0,0,0,-0.022,0,0,0,0,0,-0.034,0.044,0,0,0,0,0,52.072539,0,0
9038,227,68.658,11.368,24.233476,0,0.650827,0,0.037984,-0.00855,1,0,0,0,-143.6,9.6,2,4,1024,4,18,0,0,0,0,0,0,0,4,0,0,0,0,0,109.2,0,0,0,0,0,0,0.5,72.2,0,0,0,0,0,-5.9,0,0,0,0,0,0,0,8.6,0,0,0,0,0,-0.022,0,0,0,0,0,0,0,0.044,0,0,0,0,0,52.072539,0,0
9038,228,68.758,11.368,24.233476,0,0.488067,0,0.027937,-0.00011,1,0,0,0,-143.6,9.6,2,4,1024,4,18,0,0,0,0,0,0,4,0,0,0,0,0,0,108.8,0,0,0,0,0,0,73.3,0,0,0,0,0,0,-6.1,0,0,0,0,0,0,8.1,0,0,0,0,0,0,-0.022,0,0,0,0,0,0,0.046,0,0,0,0,0,0,52.072539,0,0
9038,229,68.858,11.368,24.233476,0,0.325307,0,0.034566,-0.00444,1,0,0,0,-143.6,9.6,2,4,1024,4,18,0,0,0,0,0,0,4,0,0,0,0,0,0,108.5,0,0,0,0,0,0,73.7,0,0,0,0,0,0,-7,0,0,0,0,0,0,7.7,0,0,0,0,0,0,-0.02,0,0,0,0,0,0,0.046,0,0,0,0,0,0,52.072539,0,0
9038,230,68.958,11.368,24.233476,0,0.488067,0,0.011516,-0.01698,1,0,0,0,-139.8,10.4,2,4,1024,4,18,0,0,0,0,0,0,4,0,0,0,0,0,0,108.2,0,0,0,0,0,0,74.7,0,0,0,0,0,0,-7.3,0,0,0,0,0,0,7.1,0,0,0,0,0,0,-0.018,0,0,0,0,0,0,0.046,0,0,0,0,0,0,52.072539,0,0
9038,231,69.058,11.368,24.233476,0,0.650827,0,0.031024,-0.01117,1,0,0,0,-139.8,10.4,2,4,1024,4,18,0,0,0,0,0,0,4,0,0,0,0,0,0,106.8,0,0,0,0,0,0,75.1,0,0,0,0,0,0,-8.4,0,0,0,0,0,0,6.8,0,0,0,0,0,0,-0.016,0,0,0,0,0,0,0.048,0,0,0,0,0,0,52.072539,0,0
9038,232,69.158,11.368,24.233476,0,0.162547,0,0.036727,-0.00935,1,0,0,0,-143.4,9.4,2,4,1024,4,18,0,0,0,0,0,0,4,0,0,0,0,0,0,105.8,0,0,0,0,0,0,75.7,0,0,0,0,0,0,-9.5,0,0,0,0,0,0,6,0,0,0,0,0,0,-0.016,0,0,0,0,0,0,0.048,0,0,0,0,0,0,52.072539,0,0
9038,233,69.258,11.368,25.476219,0,0.325307,0,0.047209,-0.01915,1,0,0,0,-143.2,9.4,2,4,1024,4,20,19,18,0,0,0,0,4,0,0,0,0,0,0,135.6,174.4,105.1,0,0,0,0,76.2,0,0,0,0,0,0,-18.5,-31.4,-10.6,0,0,0,0,5.8,0,0,0,0,0,0,0.006,0.006,-0.016,0,0,0,0,0.048,0,0,0,0,0,0,52.072539,0,0
9038,234,69.358,11.368,25.476219,0,0.488067,0,0.033529,-0.026,1,0,0,0,-143.2,11.59,2,4,1024,4,20,18,19,0,0,0,0,4,0,0,0,0,0,0,135.4,103.5,171.6,0,0,0,0,76.1,0,0,0,0,0,0,-19.7,-11.5,-31.8,0,0,0,0,5.1,0,0,0,0,0,0,0.006,-0.018,0.006,0,0,0,0,0.05,0,0,0,0,0,0,52.072539,0,0
9038,235,69.458,9.8,25.476219,0,0.813587,0,0.018359,-0.01539,1,0,0,0,-143.2,11.59,2,4,1024,4,18,19,20,0,0,0,0,4,0,0,0,0,0,0,101.1,172.3,132.6,0,0,0,0,76.4,0,0,0,0,0,0,-12.8,-32.2,-21.5,0,0,0,0,4.8,0,0,0,0,0,0,-0.016,0.006,0.006,0,0,0,0,0.05,0,0,0,0,0,0,52.072539,0,0
9038,236,69.558,9.8,25.476219,0,0.325307,0,0.052357,-0.01973,1,0,0,0,-143.2,11.59,2,4,1024,4,21,18,19,20,0,0,0,4,0,0,0,0,0,0,20.6,99.4,169.5,131.8,0,0,0,77.1,0,0,0,0,0,0,-5.2,-14.5,-32.6,-23,0,0,0,4,0,0,0,0,0,0,-0.074,-0.012,0.006,0.006,0,0,0,0.05,0,0,0,0,0,0,52.072539,1,0
9038,237,69.658,9.8,25.476219,0,0.325307,0,0.042307,-0.05097,1,0,0,0,-143.2,11.59,2,4,1024,4,18,21,19,20,0,0,0,4,0,0,0,0,0,0,96.7,20.4,167.4,130.7,0,0,0,77.3,0,0,0,0,0,0,-15.8,-5.2,-32.7,-23.5,0,0,0,3.8,0,0,0,0,0,0,-0.01,-0.076,0.008,0.008,0,0,0,0.05,0,0,0,0,0,0,52.072539,1,0
9038,238,69.758,9.8,25.476219,0,0.488067,0,-0.00057,-0.06169,1,0,0,0,-143,9.6,2,4,1024,4,18,21,19,20,0,0,0,4,0,0,0,0,0,0,93.5,19.7,163.1,126.6,0,0,0,77.9,0,0,0,0,0,0,-17.8,-5.1,-32.8,-24.6,0,0,0,3.6,0,0,0,0,0,0,-0.008,-0.076,0.008,0.008,0,0,0,0.05,0,0,0,0,0,0,52.072539,1,0
9038,239,69.858,9.8,24.233476,0,0.325307,0,0.032504,-0.05075,1,0,0,0,-143,11.79,2,4,1024,4,21,18,19,20,0,0,0,4,0,0,0,0,0,0,19.4,93.6,162.4,122.9,0,0,0,78.1,0,0,0,0,0,0,-5,-18.8,-33.4,-25.1,0,0,0,3.5,0,0,0,0,0,0,-0.076,-0.006,0.008,0.008,0,0,0,0.05,0,0,0,0,0,0,52.072539,1,0
9038,240,69.958,9.8,24.233476,0,0.325307,0,0.011631,-0.04948,1,0,0,0,-129.2,18,2,4,1024,4,21,18,19,20,0,0,0,4,0,0,0,0,0,0,18.6,91.8,157.5,120.4,0,0,0,78.8,0,0,0,0,0,0,-4.9,-20.5,-33.9,-25.7,0,0,0,3.3,0,0,0,0,0,0,-0.078,-0.004,0.008,0.008,0,0,0,0.05,0,0,0,0,0,0,52.072539,1,0
9038,241,70.059,9.8,24.233476,0,0.813587,0,0.01232,-0.0527,1,0,0,0,-129.2,18.19,2,4,1024,4,21,18,19,20,0,0,0,4,0,0,0,0,0,0,18.3,90.5,157.6,119.5,0,0,0,78.9,0,0,0,0,0,0,-4.8,-21.2,-34.1,-25.9,0,0,0,3.2,0,0,0,0,0,0,-0.078,-0.004,0.008,0.008,0,0,0,0.048,0,0,0,0,0,0,52.072539,1,0
9038,242,70.158,9.8,24.233476,0,0.650827,0,0.01688,-0.07436,1,0,0,0,-129.2,18.19,2,4,1024,4,18,21,19,20,0,0,0,4,0,0,0,0,0,0,87.3,17.7,153.1,116.8,0,0,0,79.3,0,0,0,0,0,0,-23.3,-4.7,-34.4,-26.3,0,0,0,2.9,0,0,0,0,0,0,0,-0.078,0.01,0.008,0,0,0,0.046,0,0,0,0,0,0,52.072539,1,0
9038,243,70.258,9.8,24.233476,0,0.650827,0,0.015853,-0.07287,1,0,0,0,-140.4,9.79,2,4,1024,4,18,19,21,20,0,0,0,4,0,0,0,0,0,0,85.9,147.9,17.6,115.6,0,0,0,79.3,0,0,0,0,0,0,-24.5,-34.7,-5.3,-26.6,0,0,0,2.8,0,0,0,0,0,0,0,0.01,-0.076,0.008,0,0,0,0.046,0,0,0,0,0,0,52.072539,1,0
9038,244,70.358,9.8,24.233476,0,0.650827,0,0.016312,-0.07425,1,0,0,0,-140.4,9.79,2,4,1024,4,21,18,19,20,0,0,0,4,0,0,0,0,0,0,17.2,81.7,143.4,113.3,0,0,0,79.7,0,0,0,0,0,0,-6.4,-26.1,-35,-27.1,0,0,0,2.6,0,0,0,0,0,0,-0.078,0.002,0.01,0.01,0,0,0,0.046,0,0,0,0,0,0,52.072539,1,0
9038,245,70.458,9.8,24.233476,0,0.488067,0,0.045738,-0.10733,1,0,0,0,-140.4,9.79,2,4,1024,4,21,18,19,20,0,0,0,4,0,0,0,0,0,0,16.9,80,141.1,112.1,0,0,0,80.1,0,0,0,0,0,0,-7.1,-26.9,-35.1,-27.2,0,0,0,2.4,0,0,0,0,0,0,-0.078,0.004,0.01,0.01,0,0,0,0.046,0,0,0,0,0,0,52.072539,1,0
9038,246,70.558,9.8,25.476219,0,0.162547,0,0.017106,-0.17174,1,0,0,0,-140.4,9.79,2,4,1024,4,22,21,18,19,20,0,0,4,0,0,0,0,0,0,191.7,15.9,76.4,136.5,106.9,0,0,80.4,0,0,0,0,0,0,-33.2,-8.5,-28.3,-35.4,-27.4,0,0,2.3,0,0,0,0,0,0,-0.012,-0.08,0.004,0.012,0.012,0,0,0.046,0,0,0,0,0,0,52.072539,1,0
9038,247,70.658,9.8,25.476219,0,0.162547,0,0.025205,-0.38947,1,0,0,0,-140.4,9.79,2,4,1024,4,21,22,18,19,20,0,0,4,0,0,0,0,0,0,15.4,189.6,74.6,134.2,105.1,0,0,79.9,0,0,0,0,0,0,-9.3,-33.1,-29.1,-35.1,-27.7,0,0,1.9,0,0,0,0,0,0,-0.082,-0.012,0.006,0.012,0.012,0,0,0.046,0,0,0,0,0,0,52.072539,1,0
9038,248,70.758,9.8,25.476219,0,-0.000213,0,0.023491,-0.50652,1,0,0,0,-140.4,9.79,2,4,1024,4,21,22,18,19,20,0,0,4,0,0,0,0,0,0,14.2,185.3,70.3,129.7,100.2,0,0,80.1,0,0,0,0,0,0,-9.8,-33.6,-29.3,-35.3,-27.8,0,0,1.1,0,0,0,0,0,0,-0.088,-0.014,0.008,0.012,0.012,0,0,0.046,0,0,0,0,0,0,52.072539,1,0
9038,249,70.858,9.8,25.476219,0,-0.325733,0,0.010493,-0.54975,1,0,0,0,-140.4,9.79,2,4,1024,4,0,21,22,18,20,0,0,4,0,0,0,0,0,0,1.9,13.6,183.1,68.4,98.9,0,0,80.2,0,0,0,0,0,0,0,-10.2,-33.6,-30,-27.1,0,0,0.7,0,0,0,0,0,0,0,-0.088,-0.014,0.008,0.014,0,0,0.048,0,0,0,0,0,0,52.072539,1,0
9038,250,70.958,9.8,25.476219,0,-0.162973,0,-0.00034,-0.58778,1,0,0,0,-140.4,9.79,2,4,1020,4,21,22,18,20,0,0,0,4,0,0,0,0,0,0,12.6,178.7,64.5,97.5,0,0,0,80.3,0,0,0,0,0,0,-10.2,-33.7,-31.3,-25.6,0,0,0,0.5,0,0,0,0,0,0,-0.09,-0.016,0.01,0.016,0,0,0,0.048,0,0,0,0,0,0,52.072539,1,0
9038,251,71.058,9.8,25.476219,0,-0.000213,0,0.002281,-0.60245,1,0,0,0,-140.4,9.79,2,4,1007,4,21,22,18,20,0,0,0,4,0,0,0,0,0,0,12,176.5,62.5,95.8,0,0,0,80.3,0,0,0,0,0,0,-10,-33.7,-32,-25.7,0,0,0,0.1,0,0,0,0,0,0,-0.088,-0.016,0.012,0.016,0,0,0,0.048,0,0,0,0,0,0,52.072539,1,0
9038,252,71.158,9.8,24.233476,23.3,-0.651253,123.8,0.009923,-0.61079,1,0,0,0,-140.4,9.79,2,4,984,4,21,22,18,20,0,0,0,4,0,0,0,0,0,0,11,172.1,58.3,90.5,0,0,0,80.3,0,0,0,0,0,0,-9.6,-33.7,-33.3,-24,0,0,0,-0.1,0,0,0,0,0,0,-0.084,-0.016,0.014,0.014,0,0,0,0.048,0,0,0,0,0,0,52.072539,1,0
9038,253,71.258,9.8,24.233476,23.3,-0.976773,123.8,0.017449,-0.65771,1,0,0,0,-140.4,9.79,2,4,953,4,20,21,22,18,0,0,0,4,0,0,0,0,0,0,88.9,10.4,170,56.1,0,0,0,80.3,0,0,0,0,0,0,-22.9,-9.4,-33.7,-33.9,0,0,0,-0.5,0,0,0,0,0,0,0.014,-0.082,-0.018,0.016,0,0,0,0.048,0,0,0,0,0,0,52.072539,1,0
9038,254,71.358,9.8,24.233476,23.3,-0.814013,123.8,-0.02634,-0.72533,1,0,0,0,-140.4,9.79,2,4,913,4,21,18,20,0,0,0,0,4,0,0,0,0,0,0,9.2,51.6,84.1,0,0,0,0,80.3,0,0,0,0,0,0,-9.7,-35.3,-21.9,0,0,0,0,-0.7,0,0,0,0,0,0,-0.09,0.02,0.016,0,0,0,0,0.05,0,0,0,0,0,0,52.072539,1,0
9038,255,71.458,9.8,24.233476,23.3,-0.651253,123.8,0.005818,-0.74912,1,0,0,0,-140.4,9.79,2,4,864,4,0,21,20,0,0,0,0,4,0,0,0,0,0,0,1.8,8.6,81,0,0,0,0,80.2,0,0,0,0,0,0,0,-9.8,-20.6,0,0,0,0,-1.1,0,0,0,0,0,0,0,-0.094,0.016,0,0,0,0,0.05,0,0,0,0,0,0,52.072539,1,0
9038,256,71.558,9.8,24.233476,23.3,-0.976773,123.8,0.013909,-0.77345,1,0,0,0,-140.4,9.79,2,4,811,4,21,20,0,0,0,0,0,4,0,0,0,0,0,0,7.3,78.3,0,0,0,0,0,80.1,0,0,0,0,0,0,-10,-20.8,0,0,0,0,0,-1.3,0,0,0,0,0,0,-0.104,0.016,0,0,0,0,0,0.05,0,0,0,0,0,0,52.072539,1,0
9038,257,71.658,9.8,24.233476,23.3,-0.488493,123.8,-0.00467,-0.7812,1,0,0,0,-140.4,9.79,2,4,764,4,21,20,0,0,0,0,0,4,0,0,0,0,0,0,6,75.6,0,0,0,0,0,79.9,0,0,0,0,0,0,-10.3,-20.4,0,0,0,0,0,-1.7,0,0,0,0,0,0,-0.12,0.016,0,0,0,0,0,0.05,0,0,0,0,0,0,52.072539,1,0
9038,258,71.758,9.8,24.233476,23.3,-0.325733,123.8,0.012546,-0.78193,1,0,0,0,-140.4,9.79,2,4,707,4,21,20,0,0,0,0,0,0,0,0,0,0,0,0,5.3,74.3,0,0,0,0,0,0.4,0,0,0,0,0,0,-10.4,-20.2,0,0,0,0,0,0,0,0,0,0,0,0,-0.132,0.018,0,0,0,0,0,0,0,0,0,0,0,0,52.072539,1,0
9038,259,71.858,9.8,18.019765,23.3,-0.000213,123.8,0.011861,-0.69909,1,0,0,0,-140.4,9.79,2,4,656,4,21,20,0,0,0,0,0,0,0,0,0,0,0,0,3.9,71.7,0,0,0,0,0,0,0,0,0,0,0,0,-11.7,-19.8,0,0,0,0,0,0,0,0,0,0,0,0,-0.126,0.018,0,0,0,0,0,0,0,0,0,0,0,0,52.072539,1,0
9038,260,71.958,9.8,18.019765,23.3,-0.000213,123.8,0.023042,-0.52312,1,0,0,0,-140.4,9.79,2,4,604,4,21,20,0,0,0,0,0,0,0,0,0,0,0,0,3.1,70.4,0,0,0,0,0,0,0,0,0,0,0,0,-11.9,-19.6,0,0,0,0,0,0,0,0,0,0,0,0,-0.148,0.018,0,0,0,0,0,0,0,0,0,0,0,0,52.072539,1,0
9038,261,72.058,9.8,18.019765,23.3,-0.000213,123.8,0.02965,-0.39274,1,0,0,0,-140.4,9.79,2,4,553,4,21,20,0,0,0,0,0,0,0,0,0,0,0,0,1.6,67.8,0,0,0,0,0,0,0,0,0,0,0,0,-12.3,-19.1,0,0,0,0,0,0,0,0,0,0,0,0,-0.254,0.02,0,0,0,0,0,0,0,0,0,0,0,0,52.072539,1,0
9038,262,72.158,9.8,18.019765,23.3,-0.000213,123.8,-0.00307,-0.29888,1,0,0,0,-140.4,9.79,2,4,501,4,21,20,0,0,0,0,0,0,0,0,0,0,0,0,0.8,66.6,0,0,0,0,0,0,0,0,0,0,0,0,-12.4,-18.9,0,0,0,0,0,0,0,0,0,0,0,0,-0.254,0.02,0,0,0,0,0,0,0,0,0,0,0,0,52.072539,1,0
9038,263,72.258,9.8,18.019765,23.3,0.162547,123.8,0.008669,-0.20326,1,0,0,0,-140.4,9.79,2,4,399,4,20,0,0,0,0,0,0,6,0,0,0,0,0,0,64.2,0,0,0,0,0,0,58.7,0,0,0,0,0,0,-18.5,0,0,0,0,0,0,-31.9,0,0,0,0,0,0,0.022,0,0,0,0,0,0,-0.012,0,0,0,0,0,0,52.072539,1,0
9038,264,72.358,9.8,18.019765,23.3,-0.000213,123.8,0.014028,-0.11689,1,0,0,0,-140.4,9.79,2,4,294,4,0,0,0,0,0,0,0,6,0,0,0,0,0,0,2,0,0,0,0,0,0,56.6,0,0,0,0,0,0,0,0,0,0,0,0,0,-32.8,0,0,0,0,0,0,0,0,0,0,0,0,0,-0.014,0,0,0,0,0,0,52.072539,1,0
9038,265,72.458,9.8,13.670166,23.3,0.162547,123.8,0.008097,-0.04618,1,0,0,0,-140.4,9.79,2,4,194,4,0,0,0,0,0,0,0,6,0,0,0,0,0,0,0,0,0,0,0,0,0,52.1,0,0,0,0,0,0,0,0,0,0,0,0,0,-34.2,0,0,0,0,0,0,0,0,0,0,0,0,0,-0.02,0,0,0,0,0,0,52.072539,1,0
9038,266,72.558,9.8,13.670166,23.3,0.325307,123.8,0.006386,0.023265,1,0,0,0,-140.4,9.79,2,4,91,4,0,0,0,0,0,0,0,6,0,0,0,0,0,0,0,0,0,0,0,0,0,47.9,0,0,0,0,0,0,0,0,0,0,0,0,0,-35.1,0,0,0,0,0,0,0,0,0,0,0,0,0,-0.024,0,0,0,0,0,0,52.072539,1,0
9038,267,72.658,9.8,13.670166,23.3,0.488067,123.8,0.001597,0.042427,1,0,0,0,-140.4,9.79,0,0,91,4,0,0,0,0,0,0,0,6,0,0,0,0,0,0,0,0,0,0,0,0,0,45.9,0,0,0,0,0,0,0,0,0,0,0,0,0,-35.4,0,0,0,0,0,0,0,0,0,0,0,0,0,-0.026,0,0,0,0,0,0,52.072539,1,0
9038,268,72.758,9.8,13.670166,23.3,0.162547,123.8,0.017794,0.045626,1,0,0,0,-140.4,9.79,0,0,91,4,0,0,0,0,0,0,0,6,0,0,0,0,0,0,0,0,0,0,0,0,0,41.5,0,0,0,0,0,0,0,0,0,0,0,0,0,-35.3,0,0,0,0,0,0,0,0,0,0,0,0,0,-0.03,0,0,0,0,0,0,52.072539,1,0
9038,269,72.858,9.8,13.670166,23.3,0.325307,123.8,0.02315,0.001026,1,0,0,0,-140.4,9.79,0,0,91,4,0,0,0,0,0,0,0,6,0,0,0,0,0,0,0,0,0,0,0,0,0,39.6,0,0,0,0,0,0,0,0,0,0,0,0,0,-35.2,0,0,0,0,0,0,0,0,0,0,0,0,0,-0.032,0,0,0,0,0,0,52.072539,1,0
9038,270,72.958,9.8,13.670166,23.3,0.976347,123.8,-0.00353,-0.02451,1,0,0,0,-140.4,9.79,0,0,91,4,0,0,0,0,0,0,0,6,0,0,0,0,0,0,0,0,0,0,0,0,0,35.5,0,0,0,0,0,0,0,0,0,0,0,0,0,-34.8,0,0,0,0,0,0,0,0,0,0,0,0,0,-0.04,0,0,0,0,0,0,52.072539,1,0
9038,271,73.058,9.8,9.320568,23.3,2.278427,123.8,0.015744,-0.01871,2,0,0,0,-113.59,34.59,0,0,8,0,0,0,0,0,0,0,0,0,0,0,0,0,0,0,0,0,0,0,0,0,0,0,0,0,0,0,0,0,0,0,0,0,0,0,0,0,0,0,0,0,0,0,0,0,0,0,0,0,0,0,0,0,0,0,0,0,52.072539,1,0
9038,272,73.158,9.8,9.320568,23.3,2.929467,123.8,0.051545,-0.0317,2,0,0,0,-113.59,34.59,0,0,8,0,0,0,0,0,0,0,0,6,0,0,0,0,0,0,0,0,0,0,0,0,0,29.2,0,0,0,0,0,0,0,0,0,0,0,0,0,-34.6,0,0,0,0,0,0,0,0,0,0,0,0,0,-0.056,0,0,0,0,0,0,52.072539,1,0
9038,273,73.258,9.8,9.320568,23.3,3.254987,123.8,0.01551,-0.08781,0,0,0,0,-144.99,6,2,4,64,0,23,0,0,0,0,0,0,6,0,0,0,0,0,0,427.3,0,0,0,0,0,0,26.9,0,0,0,0,0,0,-9.3,0,0,0,0,0,0,-34.7,0,0,0,0,0,0,0.012,0,0,0,0,0,0,-0.064,0,0,0,0,0,0,52.072539,1,0
9038,274,73.358,9.8,9.320568,23.3,2.766707,123.8,0.038208,-0.12078,0,0,0,0,-144.99,6,0,0,64,0,24,23,0,0,0,0,0,6,0,0,0,0,0,0,9.1,427.6,0,0,0,0,0,22.4,0,0,0,0,0,0,-0.4,-9.5,0,0,0,0,0,-34.9,0,0,0,0,0,0,-0.068,0.014,0,0,0,0,0,-0.08,0,0,0,0,0,0,52.072539,1,0
9038,275,73.459,9.8,9.320568,23.3,2.766707,123.8,0.008552,-0.12006,0,0,0,0,-144.99,6,0,0,64,0,23,24,0,0,0,0,0,6,0,0,0,0,0,0,427.8,9,0,0,0,0,0,20.2,0,0,0,0,0,0,-9.3,-0.5,0,0,0,0,0,-35,0,0,0,0,0,0,0.014,-0.066,0,0,0,0,0,-0.092,0,0,0,0,0,0,52.072539,1,0
9038,276,73.558,9.8,9.320568,23.3,2.929467,123.8,0.003536,-0.10277,0,0,0,0,-144.99,6,0,0,64,0,23,24,0,0,0,0,0,6,0,0,0,0,0,0,425.8,8.8,0,0,0,0,0,15.6,0,0,0,0,0,0,-10.2,-0.8,0,0,0,0,0,-35.2,0,0,0,0,0,0,0.016,-0.062,0,0,0,0,0,-0.124,0,0,0,0,0,0,52.072539,1,0
9038,277,73.658,9.8,9.320568,23.3,2.278427,123.8,0.039234,-0.1031,0,0,0,0,-144.99,6,0,0,64,0,24,23,0,0,0,0,0,7,6,0,0,0,0,0,8.6,425.2,0,0,0,0,0,98.5,13.3,0,0,0,0,0,-1,-10.3,0,0,0,0,0,5.3,-35.3,0,0,0,0,0,-0.058,0.016,0,0,0,0,0,-0.036,-0.15,0,0,0,0,0,52.072539,1,0
9038,278,73.758,9.8,4.97097,23.3,1.790147,123.8,0.033299,-0.11495,0,0,0,0,-143.59,6.79,2,4,64,0,23,24,0,0,0,0,0,6,7,0,0,0,0,0,423.8,8.5,0,0,0,0,0,8.7,99.2,0,0,0,0,0,-10.4,-1.1,0,0,0,0,0,-35.5,5.3,0,0,0,0,0,0.016,-0.056,0,0,0,0,0,-0.24,-0.034,0,0,0,0,0,52.072539,1,0
9038,279,73.858,9.8,4.97097,23.3,1.790147,123.8,0.007184,-0.13695,0,0,0,0,-143.59,6.79,0,0,64,0,23,24,0,0,0,0,0,6,7,0,0,0,0,0,423.2,8.4,0,0,0,0,0,6.4,99.6,0,0,0,0,0,-10.5,-1.3,0,0,0,0,0,-35.6,5.3,0,0,0,0,0,0.016,-0.054,0,0,0,0,0,-0.254,-0.034,0,0,0,0,0,52.072539,1,0
9038,280,73.958,9.8,4.97097,23.3,1.464627,123.8,0.024523,-0.13698,0,0,0,0,-143.59,6.79,0,0,64,0,23,24,0,0,0,0,0,6,7,0,0,0,0,0,421.8,8.3,0,0,0,0,0,1.8,100.3,0,0,0,0,0,-10.6,-1.4,0,0,0,0,0,-35.8,5.3,0,0,0,0,0,0.018,-0.048,0,0,0,0,0,-0.254,-0.032,0,0,0,0,0,52.072539,1,0
9038,281,74.058,9.8,4.97097,23.3,1.139107,123.8,0.02201,-0.12806,0,0,0,0,-143.39,20.19,1,4,64,0,23,24,0,0,0,0,0,7,0,0,0,0,0,0,421.1,8.2,0,0,0,0,0,101,0,0,0,0,0,0,-10.6,-1.4,0,0,0,0,0,5.3,0,0,0,0,0,0,0.018,-0.046,0,0,0,0,0,-0.032,0,0,0,0,0,0,52.072539,1,0
9038,282,74.158,9.8,4.97097,23.3,0.976347,123.8,0.013458,-0.11085,0,0,0,0,-143.39,20.19,0,0,64,0,23,24,0,0,0,0,0,7,0,0,0,0,0,0,419.7,8,0,0,0,0,0,101.3,0,0,0,0,0,0,-10.8,-1.4,0,0,0,0,0,5.3,0,0,0,0,0,0,0.018,-0.042,0,0,0,0,0,-0.032,0,0,0,0,0,0,52.072539,1,0
9038,283,74.258,9.8,4.97097,23.3,0.976347,123.8,0.021899,-0.09079,0,0,0,0,-143.39,20.19,0,0,64,0,23,24,0,0,0,0,0,7,0,0,0,0,0,0,419,8,0,0,0,0,0,101.7,0,0,0,0,0,0,-10.8,-1.3,0,0,0,0,0,5.3,0,0,0,0,0,0,0.02,-0.04,0,0,0,0,0,-0.03,0,0,0,0,0,0,52.072539,1,0
9038,284,74.358,9.8,4.349598,23.3,0.813587,123.8,0.024975,-0.08176,0,0,0,0,-143.59,6.79,0,0,64,0,23,24,0,0,0,0,0,7,0,0,0,0,0,0,417.6,7.8,0,0,0,0,0,102.4,0,0,0,0,0,0,-10.9,-1.1,0,0,0,0,0,5.3,0,0,0,0,0,0,0.02,-0.038,0,0,0,0,0,-0.03,0,0,0,0,0,0,52.072539,1,0
9038,285,74.458,9.8,4.349598,23.3,0.976347,123.8,0.011519,-0.07698,0,0,0,0,-143.59,6.79,0,0,64,0,23,24,0,0,0,0,0,7,0,0,0,0,0,0,416.9,7.7,0,0,0,0,0,102.7,0,0,0,0,0,0,-11,-1.1,0,0,0,0,0,5.3,0,0,0,0,0,0,0.02,-0.038,0,0,0,0,0,-0.028,0,0,0,0,0,0,52.072539,1,0
9038,286,74.558,9.8,4.349598,23.3,0.813587,123.8,0.022698,-0.07676,0,0,0,0,-143.59,6.79,0,0,64,0,23,24,0,0,0,0,0,8,7,0,0,0,0,0,415.5,7.5,0,0,0,0,0,67.2,103.4,0,0,0,0,0,-11.1,-1,0,0,0,0,0,-22.2,5.3,0,0,0,0,0,0.022,-0.036,0,0,0,0,0,0.068,-0.028,0,0,0,0,0,52.072539,1,0
9038,287,74.658,9.8,4.349598,23.3,0.488067,123.8,0.023265,-0.07709,0,0,0,0,-143.99,5.79,0,0,64,0,23,24,0,0,0,0,0,7,8,0,0,0,0,0,414.8,7.5,0,0,0,0,0,103.8,66.1,0,0,0,0,0,-11.2,-0.9,0,0,0,0,0,5.3,-21.9,0,0,0,0,0,0.022,-0.034,0,0,0,0,0,-0.026,0.07,0,0,0,0,0,52.072539,1,0
9038,288,74.758,9.8,4.349598,23.3,0.813587,123.8,0.011747,-0.07492,0,0,0,0,-143.99,5.79,0,0,64,0,23,24,0,0,0,0,0,7,8,0,0,0,0,0,413.3,7.3,0,0,0,0,0,104.5,64,0,0,0,0,0,-11.3,-0.7,0,0,0,0,0,5.3,-21.3,0,0,0,0,0,0.022,-0.032,0,0,0,0,0,-0.026,0.074,0,0,0,0,0,52.072539,1,0
9038,289,74.858,9.8,4.349598,23.3,0.650827,123.8,0.01996,-0.07675,0,0,0,0,-144.39,6.79,2,4,64,0,0,24,0,0,0,0,0,7,8,0,0,0,0,0,2.3,7.3,0,0,0,0,0,105.2,61.6,0,0,0,0,0,0,-0.6,0,0,0,0,0,5.3,-20.9,0,0,0,0,0,0,-0.032,0,0,0,0,0,-0.024,0.078,0,0,0,0,0,52.072539,1,0
9038,290,74.958,9.8,4.349598,23.3,0.488067,123.8,0.02167,-0.07938,0,0,0,0,-140.8,-9.6,2,4,69,4,24,0,0,0,0,0,0,7,8,0,0,0,0,0,7.2,0,0,0,0,0,0,105.5,60.1,0,0,0,0,0,-0.4,0,0,0,0,0,0,5.3,-20.6,0,0,0,0,0,-0.03,0,0,0,0,0,0,-0.024,0.08,0,0,0,0,0,52.072539,1,0
9038,291,75.058,9.8,3.106856,23.3,0.488067,123.8,0.014713,-0.07744,0,0,0,0,-140,-11.2,2,4,69,4,24,0,0,0,0,0,0,7,8,0,0,0,0,0,7.1,0,0,0,0,0,0,106.2,57.8,0,0,0,0,0,-0.3,0,0,0,0,0,0,5.3,-20.1,0,0,0,0,0,-0.028,0,0,0,0,0,0,-0.024,0.084,0,0,0,0,0,52.072539,1,0
9038,292,75.158,9.8,3.106856,23.3,0.488067,123.8,0.019502,-0.07219,0,0,0,0,-140,-11.2,0,0,69,4,24,0,0,0,0,0,0,7,8,0,0,0,0,0,7.1,0,0,0,0,0,0,106.6,56.7,0,0,0,0,0,-0.3,0,0,0,0,0,0,5.3,-19.9,0,0,0,0,0,-0.026,0,0,0,0,0,0,-0.022,0.086,0,0,0,0,0,52.072539,1,0
9038,293,75.258,9.8,3.106856,23.3,0.650827,123.8,0.019274,-0.07082,0,0,0,0,-140,-11.2,0,0,69,4,24,0,0,0,0,0,0,7,8,0,0,0,0,0,7.1,0,0,0,0,0,0,107.3,54.1,0,0,0,0,0,-0.2,0,0,0,0,0,0,5.3,-19.7,0,0,0,0,0,-0.022,0,0,0,0,0,0,-0.022,0.09,0,0,0,0,0,52.072539,1,0
9038,294,75.358,9.8,3.106856,23.3,0.488067,123.8,0.017336,-0.06797,0,0,0,0,-140,-11.2,0,0,69,4,24,0,0,0,0,0,0,9,7,8,0,0,0,0,7,0,0,0,0,0,0,246.2,107.6,52.8,0,0,0,0,-0.2,0,0,0,0,0,0,-33.3,5.3,-19.6,0,0,0,0,-0.022,0,0,0,0,0,0,0.07,-0.02,0.092,0,0,0,0,52.072539,1,0
9038,295,75.458,9.8,3.106856,23.3,0.488067,123.8,0.018134,-0.06854,0,0,0,0,-140,-11.2,0,0,69,4,24,0,0,0,0,0,0,0,8,9,0,0,0,0,7,0,0,0,0,0,0,0.7,50.3,243.6,0,0,0,0,-0.1,0,0,0,0,0,0,0,-19.3,-33.9,0,0,0,0,-0.018,0,0,0,0,0,0,0,0.096,0.072,0,0,0,0,52.072539,1,0
9038,296,75.558,9.8,3.106856,23.3,0.488067,123.8,0.013001,-0.06637,0,0,0,0,-140,-11.2,0,0,69,4,24,0,0,0,0,0,0,8,9,0,0,0,0,0,7,0,0,0,0,0,0,49,241.4,0,0,0,0,0,-0.1,0,0,0,0,0,0,-19.2,-34.2,0,0,0,0,0,-0.018,0,0,0,0,0,0,0.098,0.072,0,0,0,0,0,52.072539,1,0
9038,297,75.658,9.8,1.864114,23.3,0.488067,123.8,0.019731,-0.06626,0,0,0,0,324.77,-117,4,4,6,16,24,0,0,0,0,0,0,8,9,0,0,0,0,0,7,0,0,0,0,0,0,46.7,237.7,0,0,0,0,0,0,0,0,0,0,0,0,-18.2,-34.8,0,0,0,0,0,-0.014,0,0,0,0,0,0,0.102,0.072,0,0,0,0,0,52.072539,1,0
9038,298,75.758,9.8,1.864114,23.3,0.325307,123.8,0.018361,-0.06967,0,0,0,0,324.77,-117,4,4,6,16,24,0,0,0,0,0,0,10,8,9,0,0,0,0,7,0,0,0,0,0,0,285.3,45.6,235.5,0,0,0,0,0,0,0,0,0,0,0,9.1,-18,-34.9,0,0,0,0,-0.012,0,0,0,0,0,0,-0.032,0.104,0.074,0,0,0,0,52.072539,1,0
9038,299,75.858,9.8,1.864114,23.3,0.325307,123.8,0.01437,-0.06911,0,0,0,0,324.77,-116.6,4,4,4,32,24,0,0,0,0,0,0,10,8,9,0,0,0,0,7,0,0,0,0,0,0,286.5,43.2,231.4,0,0,0,0,-0.3,0,0,0,0,0,0,9.1,-17.7,-35.5,0,0,0,0,-0.002,0,0,0,0,0,0,-0.032,0.11,0.074,0,0,0,0,52.072539,1,0
9038,300,75.958,9.8,1.864114,23.3,0.325307,123.8,0.01973,-0.06922,0,0,0,0,-123.8,28.39,2,4,64,0,24,0,0,0,0,0,0,10,8,9,0,0,0,0,7,0,0,0,0,0,0,287.1,42.1,229.6,0,0,0,0,-0.3,0,0,0,0,0,0,9.1,-17.5,-35.6,0,0,0,0,-0.002,0,0,0,0,0,0,-0.03,0.112,0.076,0,0,0,0,52.072539,1,0
9038,301,76.058,9.8,1.864114,23.3,-0.000213,123.8,0.014255,-0.07446,0,0,0,0,-125.59,25,2,4,94,4,0,0,0,0,0,0,0,10,8,9,0,0,0,0,2.4,0,0,0,0,0,0,288.3,40,227.5,0,0,0,0,0,0,0,0,0,0,0,9.1,-16.4,-35.9,0,0,0,0,0,0,0,0,0,0,0,-0.03,0.114,0.076,0,0,0,0,52.072539,1,0
9038,302,76.158,9.8,1.864114,23.3,0.325307,123.8,0.015739,-0.04676,0,0,0,0,-137.99,15.8,2,4,158,4,0,0,0,0,0,0,0,10,8,9,0,0,0,0,0,0,0,0,0,0,0,289.5,38.2,223.7,0,0,0,0,0,0,0,0,0,0,0,9.1,-15.7,-36.4,0,0,0,0,0,0,0,0,0,0,0,-0.03,0.114,0.076,0,0,0,0,52.072539,1,0
9038,303,76.258,9.8,1.864114,23.3,0.325307,123.8,0.016537,-0.00216,0,0,0,0,-142.19,12.99,2,4,173,4,0,0,0,0,0,0,0,10,8,9,0,0,0,0,0,0,0,0,0,0,0,290.1,37.1,221.4,0,0,0,0,0,0,0,0,0,0,0,9.1,-15.4,-36.5,0,0,0,0,0,0,0,0,0,0,0,-0.03,0.116,0.076,0,0,0,0,52.072539,1,0
9038,304,76.358,9.8,1.864114,23.3,0.325307,123.8,0.017564,-0.026,0,0,0,0,-142.2,5.6,2,4,193,4,0,0,0,0,0,0,0,10,8,9,0,0,0,0,0,0,0,0,0,0,0,291.2,35.2,216.7,0,0,0,0,0,0,0,0,0,0,0,9.1,-14.7,-36.5,0,0,0,0,0,0,0,0,0,0,0,-0.028,0.116,0.078,0,0,0,0,52.072539,1,0
9038,305,76.458,9.8,1.864114,23.3,0.325307,123.8,0.01437,-0.01163,0,0,0,0,-142.2,5.6,2,4,83,4,0,0,0,0,0,0,0,10,8,9,0,0,0,0,0,0,0,0,0,0,0,291.8,34.4,215.8,0,0,0,0,0,0,0,0,0,0,0,9.1,-14.3,-36.6,0,0,0,0,0,0,0,0,0,0,0,-0.028,0.116,0.078,0,0,0,0,52.072539,1,0
9038,306,76.558,9.8,1.864114,23.3,0.488067,123.8,0.016881,-0.01984,0,0,0,0,-142.8,5.6,4,4,6,4,0,0,0,0,0,0,0,10,8,9,0,0,0,0,0,0,0,0,0,0,0,293,32.7,210,0,0,0,0,0,0,0,0,0,0,0,9.1,-13.4,-36.6,0,0,0,0,0,0,0,0,0,0,0,-0.028,0.118,0.078,0,0,0,0,52.072539,1,0
9038,307,76.658,9.8,1.864114,23.3,0.325307,123.8,0.018247,-0.02098,0,0,0,0,-142.8,5.6,4,4,6,4,0,0,0,0,0,0,0,10,8,9,0,0,0,0,0,0,0,0,0,0,0,293.6,31.8,207.9,0,0,0,0,0,0,0,0,0,0,0,9.1,-13.2,-36.6,0,0,0,0,0,0,0,0,0,0,0,-0.028,0.12,0.078,0,0,0,0,52.072539,1,0
9038,308,76.758,9.8,1.864114,23.3,0.325307,123.8,0.013914,-0.01847,0,0,0,0,-144.39,5.6,0,0,22,4,0,0,0,0,0,0,0,10,8,9,0,0,0,0,0,0,0,0,0,0,0,294.8,30.4,201,0,0,0,0,0,0,0,0,0,0,0,9.1,-12.4,-36.5,0,0,0,0,0,0,0,0,0,0,0,-0.028,0.122,0.078,0,0,0,0,52.072539,1,0
9038,309,76.858,9.8,1.864114,23.3,0.325307,123.8,0.020871,-0.01859,0,0,0,0,-144.39,5.6,0,0,22,4,0,0,0,0,0,0,0,10,8,9,0,0,0,0,0,0,0,0,0,0,0,295.4,29.5,198.1,0,0,0,0,0,0,0,0,0,0,0,9.1,-12.1,-36.5,0,0,0,0,0,0,0,0,0,0,0,-0.026,0.124,0.08,0,0,0,0,52.072539,1,0
9038,310,76.958,9.8,1.864114,23.3,0.325307,123.8,0.012203,-0.02041,0,0,0,0,-144.39,5.6,0,0,22,4,0,0,0,0,0,0,0,10,8,9,0,0,0,0,0,0,0,0,0,0,0,296.6,28,194,0,0,0,0,0,0,0,0,0,0,0,9.1,-11.5,-36.5,0,0,0,0,0,0,0,0,0,0,0,-0.026,0.128,0.08,0,0,0,0,52.072539,1,0
9038,311,77.058,9.8,1.864114,23.3,0.325307,123.8,0.018932,-0.01847,0,0,0,0,-144.39,5.6,0,0,22,4,0,0,0,0,0,0,0,10,8,9,0,0,0,0,0,0,0,0,0,0,0,297.1,27.2,192,0,0,0,0,0,0,0,0,0,0,0,9.1,-11.2,-36.5,0,0,0,0,0,0,0,0,0,0,0,-0.026,0.13,0.08,0,0,0,0,52.072539,1,0
9038,312,77.158,9.8,1.864114,23.3,0.162547,123.8,0.016309,-0.01813,0,0,0,0,-144.39,5.6,0,0,22,4,0,0,0,0,0,0,0,10,8,9,0,0,0,0,0,0,0,0,0,0,0,298.3,25.8,186.8,0,0,0,0,0,0,0,0,0,0,0,9.1,-10.6,-36.4,0,0,0,0,0,0,0,0,0,0,0,-0.026,0.134,0.082,0,0,0,0,52.072539,1,0
9038,313,77.258,9.8,1.864114,0.8,0.325307,220.5,0.015625,-0.01744,0,0,0,0,-144.39,5.6,0,0,22,4,0,0,0,0,0,0,0,10,8,9,0,0,0,0,0,0,0,0,0,0,0,298.9,25.3,184.6,0,0,0,0,0,0,0,0,0,0,0,9.1,-9.8,-36.2,0,0,0,0,0,0,0,0,0,0,0,-0.024,0.132,0.082,0,0,0,0,52.072539,1,0
9038,314,77.358,9.8,1.864114,0.8,0.162547,220.5,0.017335,-0.01824,0,0,0,0,-144.39,5.6,0,0,22,4,0,0,0,0,0,0,0,8,9,0,0,0,0,0,0,0,0,0,0,0,0,24.1,179,0,0,0,0,0,0,0,0,0,0,0,0,-9.2,-36.2,0,0,0,0,0,0,0,0,0,0,0,0,0.136,0.082,0,0,0,0,0,52.072539,1,0
9038,315,77.458,9.8,1.864114,0.8,0.162547,220.5,0.01551,-0.01801,0,0,0,0,-310.8,-114.8,4,4,6,16,0,0,0,0,0,0,0,8,9,0,0,0,0,0,0,0,0,0,0,0,0,23.5,176.1,0,0,0,0,0,0,0,0,0,0,0,0,-8.8,-35.9,0,0,0,0,0,0,0,0,0,0,0,0,0.138,0.082,0,0,0,0,0,52.072539,1,0
9038,316,77.559,9.8,1.864114,0.8,-0.000213,220.5,0.016651,-0.01688,2,0,0,0,-122.8,28.59,2,4,64,0,0,0,0,0,0,0,0,8,9,0,0,0,0,0,0,0,0,0,0,0,0,22.4,171.3,0,0,0,0,0,0,0,0,0,0,0,0,-8.2,-35.7,0,0,0,0,0,0,0,0,0,0,0,0,0.142,0.082,0,0,0,0,0,52.072539,1,0
9038,317,77.658,9.8,1.864114,0.8,0.162547,220.5,0.015967,-0.02007,2,0,0,0,-122.8,28.59,0,0,56,0,0,0,0,0,0,0,0,8,9,0,0,0,0,0,0,0,0,0,0,0,0,21.8,168.8,0,0,0,0,0,0,0,0,0,0,0,0,-7.8,-35.6,0,0,0,0,0,0,0,0,0,0,0,0,0.142,0.082,0,0,0,0,0,52.072539,1,0
9038,318,77.758,9.8,1.864114,0.8,0.325307,220.5,0.018248,-0.01916,2,0,0,0,-122.8,28.59,0,0,56,0,0,0,0,0,0,0,0,0,9,0,0,0,0,0,0,0,0,0,0,0,0,0.8,164.2,0,0,0,0,0,0,0,0,0,0,0,0,0,-35.5,0,0,0,0,0,0,0,0,0,0,0,0,0,0.082,0,0,0,0,0,52.072539,1,0
9038,319,77.858,9.8,1.864114,0.8,0.162547,220.5,0.01551,-0.0187,2,0,0,0,-122.8,28.59,0,0,56,0,25,0,0,0,0,0,0,9,0,0,0,0,0,0,9.6,0,0,0,0,0,0,161.9,0,0,0,0,0,0,3.6,0,0,0,0,0,0,-35.5,0,0,0,0,0,0,-0.038,0,0,0,0,0,0,0.084,0,0,0,0,0,0,52.072539,1,0
9038,320,77.958,9.8,1.864114,0.8,0.162547,220.5,0.016082,-0.01836,0,0,0,0,-144.59,5.59,2,4,64,0,25,0,0,0,0,0,0,9,0,0,0,0,0,0,10.1,0,0,0,0,0,0,158.3,0,0,0,0,0,0,4.4,0,0,0,0,0,0,-35.1,0,0,0,0,0,0,-0.038,0,0,0,0,0,0,0.084,0,0,0,0,0,0,52.072539,1,0
9038,321,78.058,9.8,1.864114,0.8,0.162547,220.5,0.018475,-0.01779,0,0,0,0,-144.59,5.59,0,0,64,0,25,0,0,0,0,0,0,9,0,0,0,0,0,0,10.3,0,0,0,0,0,0,155.7,0,0,0,0,0,0,4.6,0,0,0,0,0,0,-35.1,0,0,0,0,0,0,-0.034,0,0,0,0,0,0,0.084,0,0,0,0,0,0,52.072539,1,0
9038,322,78.158,9.8,1.864114,0,0.162547,0,0.01688,-0.0171,0,0,0,0,-144.59,5.59,0,0,64,0,25,0,0,0,0,0,0,9,0,0,0,0,0,0,11,0,0,0,0,0,0,150.7,0,0,0,0,0,0,5.1,0,0,0,0,0,0,-34.9,0,0,0,0,0,0,-0.03,0,0,0,0,0,0,0.084,0,0,0,0,0,0,52.072539,1,0
9038,323,78.258,9.8,0,0,0.162547,0,0.015282,-0.02007,0,0,0,0,-144.59,5.59,0,0,64,0,25,0,0,0,0,0,0,9,0,0,0,0,0,0,11.3,0,0,0,0,0,0,148.6,0,0,0,0,0,0,5.3,0,0,0,0,0,0,-34.9,0,0,0,0,0,0,-0.026,0,0,0,0,0,0,0.084,0,0,0,0,0,0,52.072539,1,0
9038,324,78.358,9.8,0,0,-0.000213,0,0.016309,-0.01904,0,0,0,0,-144.59,5.59,0,0,64,0,25,0,0,0,0,0,0,9,0,0,0,0,0,0,12,0,0,0,0,0,0,144.4,0,0,0,0,0,0,5.5,0,0,0,0,0,0,-34.8,0,0,0,0,0,0,-0.022,0,0,0,0,0,0,0.084,0,0,0,0,0,0,52.072539,1,0
9038,325,78.458,9.8,0,0,0.162547,0,0.014827,0.010036,0,0,0,0,-144.59,11.19,2,4,64,0,25,0,0,0,0,0,0,9,0,0,0,0,0,0,12.4,0,0,0,0,0,0,142.2,0,0,0,0,0,0,5.6,0,0,0,0,0,0,-34.7,0,0,0,0,0,0,-0.02,0,0,0,0,0,0,0.084,0,0,0,0,0,0,52.072539,1,0
9038,326,78.558,9.8,0,0,0.325307,0,0.017336,0.049726,0,0,0,0,-144.59,11.19,2,4,64,0,25,0,0,0,0,0,0,9,0,0,0,0,0,0,13.1,0,0,0,0,0,0,137.5,0,0,0,0,0,0,5.8,0,0,0,0,0,0,-34.5,0,0,0,0,0,0,-0.018,0,0,0,0,0,0,0.082,0,0,0,0,0,0,52.072539,1,0
9038,327,78.658,9.8,0,0,0.488067,0,0.019046,0.071964,0,0,0,0,-144.59,11.19,2,4,64,0,25,0,0,0,0,0,0,9,0,0,0,0,0,0,13.6,0,0,0,0,0,0,134,0,0,0,0,0,0,5.8,0,0,0,0,0,0,-34.2,0,0,0,0,0,0,-0.012,0,0,0,0,0,0,0.08,0,0,0,0,0,0,52.072539,0,0
9038,328,78.757,9.8,0,0,0.325307,0,0.016764,0.078574,0,0,0,0,-144.59,11.19,2,4,64,0,25,0,0,0,0,0,0,9,0,0,0,0,0,0,14.4,0,0,0,0,0,0,131.9,0,0,0,0,0,0,5.8,0,0,0,0,0,0,-34,0,0,0,0,0,0,-0.006,0,0,0,0,0,0,0.078,0,0,0,0,0,0,52.072539,0,0
9038,329,78.858,9.8,0,0,0.650827,0,0.015396,0.085194,0,0,0,0,-144.59,11.19,2,4,64,0,25,0,0,0,0,0,0,9,0,0,0,0,0,0,15.2,0,0,0,0,0,0,127.5,0,0,0,0,0,0,5.4,0,0,0,0,0,0,-33.8,0,0,0,0,0,0,-0.008,0,0,0,0,0,0,0.078,0,0,0,0,0,0,52.072539,0,0
9038,330,78.958,9.8,0,0,0.650827,0,0.015055,0.074589,0,0,0,0,-144.59,11.19,2,4,64,0,25,0,0,0,0,0,0,9,0,0,0,0,0,0,15.6,0,0,0,0,0,0,125.3,0,0,0,0,0,0,5.4,0,0,0,0,0,0,-33.7,0,0,0,0,0,0,-0.01,0,0,0,0,0,0,0.08,0,0,0,0,0,0,52.072539,0,0
9038,331,79.058,9.8,0,0,0.650827,0,0.016879,0.074357,0,0,0,0,-144.59,11.19,2,4,64,0,25,0,0,0,0,0,0,9,0,0,0,0,0,0,15.9,0,0,0,0,0,0,120.9,0,0,0,0,0,0,5.5,0,0,0,0,0,0,-33.6,0,0,0,0,0,0,-0.01,0,0,0,0,0,0,0.08,0,0,0,0,0,0,52.072539,0,0
9038,332,79.158,9.8,0,0,0.650827,0,0.012887,0.074473,0,0,0,0,-144.59,11.19,2,4,64,0,25,0,0,0,0,0,0,9,0,0,0,0,0,0,16.7,0,0,0,0,0,0,118.7,0,0,0,0,0,0,5.1,0,0,0,0,0,0,-33.5,0,0,0,0,0,0,-0.012,0,0,0,0,0,0,0.08,0,0,0,0,0,0,52.072539,0,0
9038,333,79.258,9.8,0,0,0.813587,0,0.014484,0.075386,0,0,0,0,-144.59,11.19,2,4,64,0,25,0,0,0,0,0,0,9,0,0,0,0,0,0,17,0,0,0,0,0,0,114.4,0,0,0,0,0,0,5.1,0,0,0,0,0,0,-33.3,0,0,0,0,0,0,-0.012,0,0,0,0,0,0,0.08,0,0,0,0,0,0,52.072539,0,0
9038,334,79.358,9.8,0,0,0.813587,0,0.02281,0.079151,0,0,0,0,-144.59,11.19,2,4,64,0,25,0,0,0,0,0,0,9,0,0,0,0,0,0,17.6,0,0,0,0,0,0,112.2,0,0,0,0,0,0,4.5,0,0,0,0,0,0,-33.2,0,0,0,0,0,0,-0.02,0,0,0,0,0,0,0.08,0,0,0,0,0,0,52.072539,0,0
9038,335,79.458,9.8,0,0,0.488067,0,0.018474,0.070704,0,0,0,0,-144.59,11.19,2,4,64,0,25,26,0,0,0,0,0,9,0,0,0,0,0,0,18.2,60.5,0,0,0,0,0,107.9,0,0,0,0,0,0,4.2,-1.3,0,0,0,0,0,-33.1,0,0,0,0,0,0,-0.02,0.036,0,0,0,0,0,0.08,0,0,0,0,0,0,52.072539,0,0
9038,336,79.558,9.8,0,0,0.813587,0,0.011748,0.066037,0,0,0,0,-144.59,11.19,2,4,64,0,25,26,0,0,0,0,0,0,0,0,0,0,0,0,18.5,60.6,0,0,0,0,0,0.9,0,0,0,0,0,0,4,-1.3,0,0,0,0,0,0,0,0,0,0,0,0,-0.02,0.036,0,0,0,0,0,0,0,0,0,0,0,0,52.072539,0,0
9038,337,79.658,9.8,0,0,0.650827,0,0.016194,0.068427,0,0,0,0,-144.59,11.19,2,4,64,0,25,26,0,0,0,0,0,0,0,0,0,0,0,0,19,63,0,0,0,0,0,0,0,0,0,0,0,0,3.7,-1.1,0,0,0,0,0,0,0,0,0,0,0,0,-0.014,0.04,0,0,0,0,0,0,0,0,0,0,0,0,52.072539,0,0
9038,338,79.758,9.8,0,0,0.650827,0,0.021442,0.067746,0,0,0,0,-144.59,11.19,2,4,64,0,25,26,0,0,0,0,0,0,0,0,0,0,0,0,19.2,64.7,0,0,0,0,0,0,0,0,0,0,0,0,3.5,-1,0,0,0,0,0,0,0,0,0,0,0,0,-0.01,0.042,0,0,0,0,0,0,0,0,0,0,0,0,52.072539,0,0
9038,339,79.857,9.8,0,0,0.488067,0,0.015964,0.06363,0,0,0,0,-144.59,11.19,2,4,64,0,25,26,0,0,0,0,0,0,0,0,0,0,0,0,19.3,65.9,0,0,0,0,0,0,0,0,0,0,0,0,3.2,-0.7,0,0,0,0,0,0,0,0,0,0,0,0,-0.004,0.044,0,0,0,0,0,0,0,0,0,0,0,0,52.072539,0,0
9038,340,79.957,9.8,0,0,0.325307,0,0.019845,0.060903,0,0,0,0,-144.59,11.19,2,4,64,0,25,26,0,0,0,0,0,0,0,0,0,0,0,0,19.5,66,0,0,0,0,0,0,0,0,0,0,0,0,3.2,0,0,0,0,0,0,0,0,0,0,0,0,0,0,0.044,0,0,0,0,0,0,0,0,0,0,0,0,52.072539,0,0
9038,341,80.057,9.8,0,0,0.162547,0,0.018816,0.058272,0,0,0,0,-144.59,11.19,2,4,64,0,25,26,0,0,0,0,0,0,0,0,0,0,0,0,19.8,66.1,0,0,0,0,0,0,0,0,0,0,0,0,2.9,0.8,0,0,0,0,0,0,0,0,0,0,0,0,-0.004,0.046,0,0,0,0,0,0,0,0,0,0,0,0,52.072539,0,0
9038,342,80.157,9.8,0,0,0.325307,0,0.009238,0.058735,0,0,0,0,-144.59,11.19,2,4,64,0,25,26,0,0,0,0,0,11,0,0,0,0,0,0,20.1,66.1,0,0,0,0,0,87.6,0,0,0,0,0,0,2.8,1.2,0,0,0,0,0,-29.2,0,0,0,0,0,0,-0.006,0.046,0,0,0,0,0,0.078,0,0,0,0,0,0,52.072539,0,0
9038,343,80.257,9.8,0,2.5,-0.000213,144.6,0.030109,0.047445,0,0,0,0,-144.59,11.19,2,4,64,0,25,26,0,0,0,0,0,11,0,0,0,0,0,0,20.4,66.3,0,0,0,0,0,83.9,0,0,0,0,0,0,2.6,1.5,0,0,0,0,0,-28.8,0,0,0,0,0,0,-0.006,0.048,0,0,0,0,0,0.08,0,0,0,0,0,0,52.072539,1,0
9038,344,80.357,9.8,0,2.5,-0.325733,144.6,0.021096,0.036377,0,0,0,0,-144.59,11.19,0,0,64,0,25,26,0,0,0,0,0,11,0,0,0,0,0,0,20.8,66.5,0,0,0,0,0,79.6,0,0,0,0,0,0,2.5,1.8,0,0,0,0,0,-28.2,0,0,0,0,0,0,-0.004,0.048,0,0,0,0,0,0.08,0,0,0,0,0,0,52.072539,1,0
9038,345,80.458,9.8,0,2.5,-0.162973,144.6,0.012774,0.031022,0,0,0,0,-144.59,11.19,0,0,64,0,26,25,0,0,0,0,0,11,0,0,0,0,0,0,66.2,21,0,0,0,0,0,77.8,0,0,0,0,0,0,3,2.4,0,0,0,0,0,-28.1,0,0,0,0,0,0,0.048,0,0,0,0,0,0,0.08,0,0,0,0,0,0,52.072539,1,0
9038,346,80.558,9.8,0,2.5,-0.651253,144.6,0.030905,0.014483,0,0,0,0,-144.59,11.19,0,0,64,0,25,26,0,0,0,0,0,11,0,0,0,0,0,0,21.2,66.7,0,0,0,0,0,74,0,0,0,0,0,0,2.4,3.9,0,0,0,0,0,-27.4,0,0,0,0,0,0,0.002,0.046,0,0,0,0,0,0.076,0,0,0,0,0,0,52.072539,1,0
9038,347,80.658,9.8,0,2.5,-0.488493,144.6,0.006614,0.001368,0,0,0,0,-144.59,11.19,0,0,64,0,0,0,0,0,0,0,0,11,0,0,0,0,0,0,0,0,0,0,0,0,0,72.4,0,0,0,0,0,0,0,0,0,0,0,0,0,-27.1,0,0,0,0,0,0,0,0,0,0,0,0,0,0.072,0,0,0,0,0,0,52.072539,1,0
9038,348,80.757,9.8,2.485485,2.5,-0.488493,144.6,0.018248,-0.0114,0,0,0,0,-145.59,4.4,0,0,64,0,25,26,0,0,0,0,0,11,0,0,0,0,0,0,21.7,67.5,0,0,0,0,0,68.9,0,0,0,0,0,0,2.3,4.7,0,0,0,0,0,-26.9,0,0,0,0,0,0,0.012,0.048,0,0,0,0,0,0.072,0,0,0,0,0,0,52.072539,1,0
9038,349,80.858,9.8,2.485485,2.5,-0.651253,144.6,0.02338,-0.02223,0,0,0,0,-145.59,4.4,0,0,64,0,25,26,0,0,0,0,0,11,0,0,0,0,0,0,22.1,68.2,0,0,0,0,0,66.7,0,0,0,0,0,0,2.3,5.5,0,0,0,0,0,-26.8,0,0,0,0,0,0,0.016,0.046,0,0,0,0,0,0.068,0,0,0,0,0,0,52.072539,1,0
9038,350,80.958,9.8,2.485485,2.5,-0.814013,144.6,0.02087,-0.02885,0,0,0,0,-144.4,3.4,2,4,64,0,25,26,0,0,0,0,0,11,0,0,0,0,0,0,22.4,69.7,0,0,0,0,0,63,0,0,0,0,0,0,2.4,5.7,0,0,0,0,0,-26.7,0,0,0,0,0,0,0.02,0.042,0,0,0,0,0,0.066,0,0,0,0,0,0,52.072539,1,0
9038,351,81.058,9.8,2.485485,2.5,-0.325733,144.6,0.014371,-0.03125,0,0,0,0,-144.4,3.4,0,0,64,0,25,26,0,0,0,0,0,11,0,0,0,0,0,0,22.6,70.2,0,0,0,0,0,61.3,0,0,0,0,0,0,2.5,5.7,0,0,0,0,0,-26.6,0,0,0,0,0,0,0.022,0.042,0,0,0,0,0,0.064,0,0,0,0,0,0,52.072539,1,0
9038,352,81.158,9.8,2.485485,3.8,-0.162973,140.2,0.019389,-0.03626,0,0,0,0,-144.4,3.4,0,0,64,0,25,26,0,0,0,0,0,11,0,0,0,0,0,0,22.9,71.2,0,0,0,0,0,57.6,0,0,0,0,0,0,2.7,6,0,0,0,0,0,-25.9,0,0,0,0,0,0,0.024,0.04,0,0,0,0,0,0.058,0,0,0,0,0,0,52.072539,1,0
9038,353,81.258,9.8,2.485485,3.8,-0.325733,140.2,0.017907,-0.05326,0,0,0,0,-145.99,18.39,0,0,64,0,25,26,0,0,0,0,0,11,0,0,0,0,0,0,23.1,71.6,0,0,0,0,0,56.3,0,0,0,0,0,0,2.7,6.2,0,0,0,0,0,-26.1,0,0,0,0,0,0,0.026,0.04,0,0,0,0,0,0.054,0,0,0,0,0,0,52.072539,1,0
9038,354,81.358,9.8,3.728227,3.8,-0.325733,140.2,0.012316,-0.0577,0,0,0,0,-145.99,18.39,0,0,64,0,25,26,0,0,0,0,0,11,0,0,0,0,0,0,23.5,72.5,0,0,0,0,0,52.8,0,0,0,0,0,0,2.8,5.9,0,0,0,0,0,-25.9,0,0,0,0,0,0,0.028,0.04,0,0,0,0,0,0.05,0,0,0,0,0,0,52.072539,1,0
9038,355,81.458,9.8,3.728227,3.8,-0.162973,140.2,0.010151,-0.06398,0,0,0,0,-144.99,19,1,4,64,0,25,26,0,0,0,0,0,11,0,0,0,0,0,0,23.7,73.2,0,0,0,0,0,51.3,0,0,0,0,0,0,3,5.6,0,0,0,0,0,-25.9,0,0,0,0,0,0,0.03,0.04,0,0,0,0,0,0.044,0,0,0,0,0,0,52.072539,1,0
9038,356,81.558,9.8,3.728227,3.8,-0.162973,140.2,0.033987,-0.0349,0,0,0,0,-144.99,19,0,0,64,0,25,26,0,0,0,0,0,11,0,0,0,0,0,0,24.1,73.6,0,0,0,0,0,48.1,0,0,0,0,0,0,3.3,5,0,0,0,0,0,-25.9,0,0,0,0,0,0,0.034,0.04,0,0,0,0,0,0.032,0,0,0,0,0,0,52.072539,1,0
9038,357,81.659,9.8,3.728227,3.8,-0.488493,140.2,0.021438,0.003877,0,0,0,0,-144.99,19,0,0,64,0,25,26,0,0,0,0,0,11,0,0,0,0,0,0,24.4,74,0,0,0,0,0,46.2,0,0,0,0,0,0,3.4,4.8,0,0,0,0,0,-25.9,0,0,0,0,0,0,0.034,0.04,0,0,0,0,0,0.024,0,0,0,0,0,0,52.072539,1,0
9038,358,81.758,9.8,3.728227,3.8,-0.000213,140.2,0.003421,0.030336,0,0,0,0,-146.99,3.59,2,4,32,0,27,25,26,0,0,0,0,11,0,0,0,0,0,0,158.3,24.8,74.4,0,0,0,0,42.9,0,0,0,0,0,0,28.8,3.8,4.5,0,0,0,0,-25.7,0,0,0,0,0,0,-0.028,0.038,0.04,0,0,0,0,0.01,0,0,0,0,0,0,52.072539,1,0
9038,359,81.858,9.8,3.728227,3.8,-0.000213,140.2,0.020644,0.03798,0,0,0,0,-146.99,3.59,0,0,32,0,25,26,27,0,0,0,0,11,0,0,0,0,0,0,25.1,74.7,160.2,0,0,0,0,41.4,0,0,0,0,0,0,4,4.5,28.7,0,0,0,0,-25.6,0,0,0,0,0,0,0.038,0.04,-0.028,0,0,0,0,0.002,0,0,0,0,0,0,52.072539,0,0
9038,360,81.958,9.8,3.728227,3.8,-0.162973,140.2,0.019615,0.046071,0,0,0,0,-146.99,3.59,0,0,32,0,25,26,27,0,0,0,0,11,0,0,0,0,0,0,26.2,75.4,163.4,0,0,0,0,38.5,0,0,0,0,0,0,4.7,2.8,28.6,0,0,0,0,-25.3,0,0,0,0,0,0,0.038,0.038,-0.028,0,0,0,0,-0.014,0,0,0,0,0,0,52.072539,0,0
9038,361,82.058,9.8,3.728227,3.8,-0.325733,140.2,0.014256,0.047102,0,0,0,0,-145.39,3.79,0,0,32,0,25,26,27,0,0,0,0,11,0,0,0,0,0,0,26.8,75.7,165.2,0,0,0,0,37.2,0,0,0,0,0,0,5,2.1,28.6,0,0,0,0,-25.1,0,0,0,0,0,0,0.038,0.038,-0.028,0,0,0,0,-0.022,0,0,0,0,0,0,52.072539,0,0
9038,362,82.158,9.8,3.728227,3.8,-0.325733,140.2,0.01836,0.048237,0,0,0,0,-145.39,3.79,0,0,32,0,25,26,27,0,0,0,0,11,0,0,0,0,0,0,27.1,76.4,169,0,0,0,0,34,0,0,0,0,0,0,5.5,0.9,28.5,0,0,0,0,-24.7,0,0,0,0,0,0,0.036,0.036,-0.028,0,0,0,0,-0.038,0,0,0,0,0,0,52.072539,0,0
9038,363,82.258,9.8,3.728227,3,-0.162973,124.8,0.011519,0.046874,0,0,0,0,-145.39,3.79,0,0,32,0,25,26,27,0,0,0,0,11,0,0,0,0,0,0,27.5,76.4,169.2,0,0,0,0,32.4,0,0,0,0,0,0,5.5,0.3,27.7,0,0,0,0,-24.6,0,0,0,0,0,0,0.036,0.034,-0.026,0,0,0,0,-0.046,0,0,0,0,0,0,52.072539,0,0
9038,364,82.358,9.8,3.728227,3,-0.162973,124.8,0.018362,0.039347,0,0,0,0,-145.39,3.79,0,0,32,0,25,26,27,0,0,0,0,11,0,0,0,0,0,0,28.2,76.8,172.8,0,0,0,0,29.2,0,0,0,0,0,0,5.5,-0.9,27.6,0,0,0,0,-24.4,0,0,0,0,0,0,0.034,0.034,-0.026,0,0,0,0,-0.064,0,0,0,0,0,0,52.072539,0,0
9038,365,82.458,9.8,3.728227,3,-0.162973,124.8,0.008553,0.041853,0,0,0,0,-145.79,4.19,0,0,64,0,25,26,27,0,0,0,0,11,0,0,0,0,0,0,28.5,76.9,174.6,0,0,0,0,27.6,0,0,0,0,0,0,5.4,-1.2,27.5,0,0,0,0,-24.3,0,0,0,0,0,0,0.032,0.032,-0.026,0,0,0,0,-0.076,0,0,0,0,0,0,52.072539,0,0
9038,366,82.558,9.8,3.728227,3,0.162547,124.8,0.008668,0.040374,0,0,0,0,-145.79,4.19,0,0,64,0,25,26,27,0,0,0,0,11,0,0,0,0,0,0,29.2,76.7,178.2,0,0,0,0,24.5,0,0,0,0,0,0,5.3,-1.6,27.4,0,0,0,0,-24.1,0,0,0,0,0,0,0.028,0.032,-0.024,0,0,0,0,-0.1,0,0,0,0,0,0,52.072539,0,0
9038,367,82.658,9.8,3.728227,3,-0.000213,124.8,0.036151,0.039116,0,0,0,0,-315.79,-119.8,4,4,6,16,25,26,27,0,0,0,0,11,0,0,0,0,0,0,29.6,76.5,180,0,0,0,0,21.4,0,0,0,0,0,0,5.1,-1.7,27.3,0,0,0,0,-23.8,0,0,0,0,0,0,0.028,0.032,-0.024,0,0,0,0,-0.132,0,0,0,0,0,0,52.072539,0,0
