4.7222,4.7222,0.63358,0,35.5,0
4.7222,4.7222,0,7.8,35.5,74.244
4.8335,5.5022,0.53186,7.8,35.491,68.411
4.8817,6.2822,0.50722,6.7,35.378,60.906
4.924,6.9522,0.49049,6.7,35.211,65.427
4.924,7.6222,0,6.7,34.975,79.679
5.0193,8.2922,0.52229,6.7,34.675,73.284
5.0755,8.9622,0.51584,6.7,34.318,77.615
5.1351,9.6322,0.5173,6.7,33.89,81.798
5.1841,10.302,0.52987,-0.30117,33.419,13.247
5.2428,10.272,0.55217,-0.30241,32.921,12.677
5.2964,10.242,0.59759,-0.30412,32.413,11.963
5.366,10.211,0.57089,-0.30448,31.93,11.739
5.4133,10.181,0.45445,-0.30621,31.448,12.281
5.454,10.15,0.38317,-0.30842,30.966,12.519
5.4986,10.12,0.36412,-0.31026,30.492,12.327
5.5409,10.089,0.36981,-0.31217,30.025,11.949
5.5764,10.057,0.4527,-0.31428,29.576,11.021
5.631,10.026,0.64299,-0.31491,29.136,9.3682
5.6933,9.9944,0.66455,-0.31497,28.695,8.8773
5.7577,9.9629,0.51447,-0.31452,28.271,9.4686
5.7993,9.9314,0.36868,-0.31567,27.853,10.175
5.8412,9.8999,0.27813,-0.3168,27.435,10.525
5.8759,9.8682,0.21655,-0.3184,27.023,10.7
5.89,9.8363,0.24948,-0.32147,26.622,10.235
5.9061,9.8042,0.37675,-0.3243,26.228,9.1174
5.9371,9.7718,0.44672,-0.32557,25.851,8.4068
5.9842,9.7392,0.4348,-0.32532,25.48,8.1798
6.0241,9.7067,0.35467,-0.32578,25.104,8.4087
6.0574,9.6741,0.30501,-0.32651,24.743,8.4724
6.0801,9.6414,0.25901,-0.32799,24.392,8.5521
6.1106,9.6086,0.23668,-0.32886,24.036,8.4461
6.1362,9.5758,0.23546,-0.32995,23.69,8.2164
6.1564,9.5428,0.24206,-0.3314,23.353,7.957
6.1832,9.5096,0.23194,-0.33201,23.023,7.7863
6.2127,9.4764,0.22553,-0.33231,22.695,7.5842
6.2127,9.4432,0,-0.33245,22.37,9.0067
6.2712,9.4099,0.18941,-0.33253,22.054,7.3339
6.2913,9.3767,0.22056,-0.33355,21.735,6.9339
6.2913,9.3433,0,-0.33478,21.428,8.2492
6.341,9.3099,0.28437,-0.33368,21.129,6.1404
6.3699,9.2765,0.32906,-0.33278,20.845,5.6888
6.3699,9.2432,0,-0.33073,20.556,7.5503
6.4484,9.2101,0.31495,-0.32877,20.262,5.2921
6.4895,9.1773,0.25632,-0.32609,19.984,5.3552
6.4895,9.1447,0,-0.32552,19.717,6.7241
6.5352,9.1121,0.1222,-0.32438,19.451,5.7028
6.5443,9.0797,0.061885,-0.32515,19.188,5.8957
6.5576,9.0472,0.031576,-0.32496,18.939,5.9074
6.5634,9.0147,0.035956,-0.32544,18.702,5.7388
6.5719,8.9821,0.026583,-0.32577,18.456,5.6423
6.5838,8.9495,0.033054,-0.32541,18.217,5.4462
6.5877,8.917,0.03376,-0.32617,17.979,5.3084
6.6004,8.8844,0.026869,-0.32525,17.754,5.1906
6.6086,8.8519,-0.0022549,-0.32505,17.526,5.21
6.609,8.8193,-0.0059387,-0.32578,17.304,5.1096
6.616,8.7868,0.00066109,-0.32537,17.087,4.9358
6.616,8.7542,0,-0.32444,16.872,4.8304
6.6261,8.7218,0.0089165,-0.32505,16.655,4.6328
6.6261,8.6893,0,-0.32606,16.447,4.5634
6.6261,8.6567,0,-0.32681,16.243,4.4487
6.6285,8.624,0.0036445,-0.32498,16.051,4.3204
6.6285,8.5915,0,-0.32639,15.853,4.2234
6.6285,8.5589,0,-0.32604,15.659,4.1165
6.6233,8.5263,-0.097596,-0.32558,15.463,4.5332
6.6233,8.4937,0,-0.3275,15.274,3.9127
6.6233,8.4609,0,-0.32928,15.089,3.7984
6.5821,8.428,-0.18414,-0.33126,14.908,4.7863
6.5821,8.3949,0,-0.33434,14.725,3.6959
6.5432,8.3615,-0.29667,-0.33716,14.54,5.3333
6.515,8.3277,-0.36365,-0.34153,14.362,5.7248
6.515,8.2936,0,-0.34745,14.183,3.5299
6.4429,8.2588,-0.50838,-0.35408,13.99,6.697
6.3916,8.2234,-0.61541,-0.36322,13.81,7.5589
6.3314,8.1871,-0.75299,-0.37439,13.626,8.8046
6.3314,8.1497,0,-0.38741,13.442,3.4819
6.166,8.1109,-1.2434,-0.40688,13.249,14.585
6.047,8.0703,-1.555,-0.43165,13.049,19.564
5.893,8.0271,-1.8706,-0.46447,12.847,25.924
5.7016,7.9806,-2.1156,-0.50751,12.622,32.052
5.4973,7.9299,-2.2903,-0.55513,12.384,37.188
5.2697,7.8744,-2.3952,-0.61108,12.122,40.784
5.2697,7.8133,0,-0.67194,11.865,4.5298
5.2697,7.7461,0,-0.7369,11.614,4.0364
5.2697,7.6724,0,-0.8111,11.37,3.526
4.281,7.5913,-2.3733,-0.88502,10.934,15.556
4.0435,7.5028,-2.1557,-0.96235,10.592,15.086
3.8348,7.4065,-1.7733,-1.0346,10.249,27.006
3.8348,7.3031,0,-1.1045,9.8972,5.5617
3.8348,7.1926,0,-1.1594,9.5559,4.9711
3.4385,7.0767,-0.50815,-1.2064,9.1654,8.8085
3.3946,6.9561,-0.20909,-1.237,8.8118,6.3244
3.3946,6.8324,0,-1.2618,8.4618,4.7949
3.3946,6.7062,0,-5.2,8.1244,6.4806
3.3694,6.1862,0.041032,-5.2,7.8153,5.595
3.3645,5.6662,0.046937,-8.8,7.5671,0
3.362,4.7862,0.01607,-8.8,7.3845,0
3.3596,3.9062,0.036637,-0.13912,7.2919,0.7713
3.3628,3.8923,0.05419,-0.13614,7.2302,0.69671
3.376,3.8786,0.052035,-0.13045,7.1736,0.65664
3.376,3.8656,0,-0.12464,7.124,0.77392
3.3973,3.8531,0.076795,-0.12036,7.0683,0.52179
3.4067,3.8411,0.068322,-0.11563,7.019,0.50587
3.4067,3.8295,0,-0.11046,6.9762,0.65734
3.4263,3.8185,0.16273,-0.10584,6.9339,0.25403
3.4422,3.8079,0.26371,-8.8,6.9,0
3.4702,2.9279,0.39332,1.0839,6.9157,0.70844
3.5055,3.0363,0.54634,0.88841,6.9681,0
3.5604,3.1251,0.68837,0.7905,7.0187,0
3.6327,3.2042,0.80148,0.75075,7.0642,0
3.7065,3.2793,0.87377,0.72345,7.1003,0
3.7065,3.3516,0,0.71246,7.1394,1.427
3.8809,3.4229,0.91069,0.72928,7.1807,0
3.9766,3.4958,0.87146,0.74249,7.218,0
3.9766,3.57,0,0.74147,7.2624,1.3909
4.1415,3.6442,0.77453,0.72591,7.3249,0
4.1415,3.7168,0,0.72578,7.371,1.2646
4.2925,3.7894,0.63987,0.69696,7.4311,0
4.2925,3.859,0,0.67717,7.478,1.0314
4.4227,3.9268,0.51341,0.65434,7.5223,0
4.4227,3.9922,0,0.63428,7.5686,0.86612
4.5236,4.0556,0.47526,0.59183,7.6209,0
4.565,4.1148,0.49886,0.55901,7.6714,0
4.565,4.1707,0,0.55239,7.7136,0.65572
4.6729,4.2259,0.59429,0.53647,7.7623,0
4.7239,4.2796,0.60394,0.5244,7.8003,0
4.7926,4.332,0.59004,0.53585,7.8537,0
4.8445,4.3856,0.56524,0.52616,7.9058,0
4.8914,4.4382,0.49578,0.51245,7.9598,0
4.9489,4.4895,0.43096,0.51227,8.006,0
4.9979,4.5407,0.36242,0.50225,8.0418,0
4.9979,4.5909,0,0.4791,8.0851,0.35951
5.0703,4.6388,0.22502,0.46269,8.1469,0
5.0931,4.6851,0.17045,0.43182,8.179,0
5.1095,4.7283,0.10903,0.39936,8.226,0
5.1298,4.7682,0.075665,0.37531,8.2707,0
5.1405,4.8058,0.042747,0.34418,8.3036,0
5.1405,4.8402,0,0.30127,8.3353,0.075718
5.145,4.8703,-0.0040616,0.27781,8.36,0.082756
5.145,4.8981,0,0.24119,8.386,0.036538
5.1449,4.9222,-0.02465,0.22257,8.4123,0.1103
5.1449,4.9445,0,0.20154,8.4335,0.039048
5.1481,4.9646,-0.026414,0.18129,8.443,0.095067
5.1514,4.9827,-0.013045,0.1659,8.4573,0.053485
5.1475,4.9993,-0.011539,0.14533,8.4797,0.043586
5.1469,5.0139,-0.0044571,0.12988,8.4845,0.021576
5.152,5.0269,0.0023573,0.12177,8.4951,0.0029003
5.1574,5.039,0.0042952,0.11495,8.5151,0
5.1557,5.0505,-0.003913,0.10175,8.5171,0.01389
5.1554,5.0607,-0.021792,0.091423,8.529,0.055098
5.1455,5.0698,-0.02986,0.072967,8.5447,0.071891
5.1352,5.0771,-0.021714,0.055849,8.5496,0.050149
5.1352,5.0827,0,0.044925,8.5552,0
5.1309,5.0872,0.10558,0.041983,8.5646,0
5.1322,5.0914,0.26824,0.039119,8.56,0
5.1607,5.0953,0.47406,0.062599,8.5611,0
5.204,5.1016,0.62292,0.098039,8.5762,0
5.2645,5.1114,0.69127,0.14625,8.5819,0
5.2645,5.126,0,0.18836,8.5965,0.14771
5.3857,5.1449,0.58712,0.2286,8.6284,0
5.3857,5.1677,0,0.26263,8.6514,0.16463
5.4797,5.194,0.2251,0.26878,8.6929,0
5.4797,5.2209,0,0.26312,8.7202,0.068009
5.4797,5.2472,0,0.25596,8.7448,0.11074
5.5182,5.2728,-0.0013288,0.22716,8.7791,0.0059837
5.5125,5.2955,-0.0087089,0.1999,8.8051,0.019564
5.5207,5.3155,0.0019253,0.18832,8.827,0
5.5135,5.3343,-0.0033691,0.16389,8.8526,0
5.5135,5.3507,0,0.1453,8.8697,0
5.5177,5.3652,-0.029843,0.13867,8.8949,0.06362
5.5109,5.3791,-0.012025,0.11962,8.9149,0.017654
5.5114,5.3911,-0.004187,0.10882,8.9215,0
5.5114,5.4019,0,0.10258,8.933,0
5.5114,5.4122,0,0.099393,8.9435,0.012042
5.529,5.4221,-0.036496,0.096072,8.9512,0.075606
5.5304,5.4317,-0.12855,0.088445,8.9594,0.32649
5.5138,5.4406,-0.22111,0.065464,8.9622,0.61559
5.5004,5.4471,-0.31177,0.047597,8.973,0.93967
5.4721,5.4519,-0.3961,0.018027,8.9862,1.2686
5.4336,5.4537,-0.46893,-0.005198,8.98,1.6272
5.3905,5.4532,-0.48076,-0.016254,8.9665,1.773
5.3905,5.4515,0,-0.025809,8.9604,0.070895
5.3905,5.449,0,-0.035924,8.9544,0.044448
5.2568,5.4454,-0.50831,-0.049227,8.924,2.1781
5.2078,5.4405,-0.51331,-0.060857,8.9081,2.2986
5.2078,5.4344,0,-0.072085,8.8851,0.3166
5.109,5.4272,-0.57365,-0.083897,8.8518,2.8201
5.0416,5.4188,-0.60795,-0.10007,8.8091,3.155
5.0416,5.4088,0,-0.11517,8.7719,0.52074
4.9091,5.3972,-0.67993,-0.13096,8.7274,3.8689
4.8322,5.3841,-0.77485,-0.14924,8.6723,4.6947
4.8322,5.3692,0,-0.1682,8.6179,0.76907
4.8322,5.3524,0,-0.18813,8.565,0.6817
4.567,5.3336,-1.2041,-0.21364,8.4625,9.274
4.4466,5.3122,-1.3851,-0.24422,8.3777,11.792
4.3019,5.2878,-1.4809,-0.28141,8.2943,13.473
4.3019,5.2597,0,-0.31955,8.1971,1.3453
3.9938,5.2277,-1.5504,-0.36267,8.0871,15.196
3.8476,5.1914,-1.5652,-0.4028,7.9554,15.687
3.6916,5.1512,-1.5645,-0.44606,7.8224,15.938
3.53,5.1066,-1.5153,-0.49362,7.6649,15.392
3.3795,5.0572,-1.3113,-8.8,7.5042,0
3.2521,4.1772,-1.0217,-0.24899,7.3655,7.8409
3.2521,4.1523,0,-0.27206,7.2742,1.3416
3.2521,4.1251,0,-0.29171,7.1855,1.2207
3.0348,4.0959,-0.066504,-0.30003,7.0575,1.881
3.0294,4.0659,0.050965,-8.8,6.9593,0
3.0294,3.1859,0,-0.034722,6.8997,0.25217
3.0467,3.1824,0.067915,-0.030541,6.8715,0.073951
3.0507,3.1794,0.050774,-0.029004,6.8609,0.096946
3.0596,3.1765,0.034088,-0.026357,6.8539,0.11263
3.0541,3.1739,0.040557,-0.027113,6.8333,0.10351
3.0541,3.1711,0,-0.024467,6.8215,0.19118
3.0623,3.1687,0.1043,-0.024185,6.8095,0
3.0731,3.1663,0.19663,-0.021229,6.7952,0
3.0859,3.1642,0.32315,-0.017833,6.7945,0
3.1158,3.1624,0.44642,-0.010633,6.7852,0
3.1158,3.1613,0,-0.0020209,6.7806,0.090124
3.2061,3.1611,0.65582,0.077785,6.7785,0
3.2786,3.1689,0.69926,0.18904,6.7909,0
3.3504,3.1878,0.70494,0.27806,6.8083,0
3.4244,3.2156,0.70892,0.35305,6.8325,0
3.4893,3.2509,0.68397,0.39731,6.8613,0
3.565,3.2906,0.65104,0.44931,6.8832,0
3.6246,3.3356,0.60606,0.46484,6.9177,0
3.6246,3.382,0,0.47864,6.9442,0.81222
3.6246,3.4299,0,0.46493,6.9661,0.89737
3.7775,3.4764,0.36064,0.45632,6.9929,0
3.8227,3.522,0.2369,0.44728,7.0186,0
3.8538,3.5668,0.058291,0.41992,7.0541,0.28718
3.8595,3.6088,-0.15684,0.36104,7.0838,0.95887
3.8595,3.6449,0,0.29662,7.107,0.27247
3.8137,3.6745,-0.75428,0.19568,7.1346,3.8837
3.7461,3.6941,-1.0649,0.072611,7.1481,6.0221
3.6392,3.7013,-1.332,-0.015418,7.1507,8.7373
3.5087,3.6998,-1.5505,-0.047568,7.1323,12.08
3.5087,3.695,0,-0.084478,7.1134,0.20452
3.1894,3.6866,-1.8675,-0.12511,7.0696,7.1228
3.1894,3.6741,0,-0.16999,7.0205,0.64737
2.8026,3.6571,-2.1133,-0.22023,6.9316,7.7384
2.5885,3.6351,-2.2132,-0.27433,6.8338,8.025
2.5885,3.6076,0,-8.8,6.7305,0
2.1424,2.7276,-2.2927,-0.11846,6.6229,6.9471
2.1424,2.7158,0,-0.16365,6.5649,0.8646
1.6935,2.6994,-2.3221,-0.20991,6.4576,7.4829
1.468,2.6784,-2.3576,-0.25722,6.3545,7.7731
1.2356,2.6527,-2.4195,-8.8,6.2287,0
0.98888,1.7727,-2.4653,-0.11341,6.1224,6.9954
0.74686,1.7614,-2.4381,-0.14952,6.0292,7.2912
0.50963,1.7464,-2.1072,-0.18629,5.9169,6.9603
0.50963,1.7278,0,-8.8,5.7941,0
0.50963,0.84779,0,-0.97328,5.7163,0
0.045665,0.75046,-0.38061,-0.38061,5.6155,1.4448
0.016403,0.7124,0.14174,0.14174,5.5528,1.6847
0.034319,0.72657,0.40458,0.40458,5.4797,1.6537
0.072703,0.76703,0.54429,0.54429,5.4054,1.6496
0.13673,0.82146,0.78995,-8.8,5.3302,0
0.22307,0,1.0929,1.0929,5.3012,0
0.33001,0.10929,1.4273,1.4273,5.3238,0
0.33001,0.25202,0,1.7095,5.3387,8.6307
0.64421,0.42297,1.8803,1.8803,5.3838,0
0.84045,0.611,1.8753,1.8753,5.399,0
1.0297,0.79853,1.7842,1.7842,5.4273,0
1.2128,0.97694,1.6413,-8.8,5.445,0
1.3721,0.096943,1.4875,1.4875,5.5281,0
1.3721,0.24569,0,1.3596,5.6482,1.959
1.6539,0.38165,1.2632,1.2632,5.7885,0
1.7772,0.50798,1.1585,1.1585,5.9186,0
1.8848,0.62383,1.0325,1.0325,6.0437,0
1.8848,0.72708,0,0.90174,6.1646,0
1.8848,0.81726,0,0.76455,6.2759,0
2.1618,0.89371,0.62613,4.9,6.4288,23.13
2.1618,1.3837,0,4.9,6.5311,35.019
2.2718,1.8737,0.4938,1.6062,6.5906,3.0595
2.2718,2.0343,0,1.025,6.6223,3.4133
2.2718,2.1368,0,0.75601,6.6409,2.3587
2.2718,2.2124,0,0.6593,6.6507,2.1466
2.4816,2.2784,0.59372,0.60078,6.7055,0
2.54,2.3384,0.49946,0.57276,6.734,0
2.582,2.3957,0.32572,0.50928,6.7478,0.022723
2.6138,2.4467,0.10628,0.44172,6.7569,0.51054
2.6238,2.4908,-0.14616,0.34125,6.7647,1.1864
2.6167,2.525,-0.41045,0.2309,6.7825,2.0822
2.5856,2.548,-0.54113,0.093079,6.7788,2.2871
2.5291,2.5573,-0.55092,-0.0051335,6.7821,2.0709
2.5291,2.5568,0,-0.015774,6.7793,0.023781
2.5291,2.5553,0,-0.024887,6.7766,0.0017564
2.3669,2.5528,-0.48764,-0.03401,6.7428,2.1357
2.3669,2.5494,0,-0.042637,6.7244,0.28991
2.2681,2.5451,-0.70834,-0.051087,6.6964,3.7053
2.1895,2.54,-0.65526,-0.065038,6.6628,3.5557
2.1895,2.5335,0,-0.076925,6.6281,0.5639
2.0604,2.5258,-0.37323,-0.08763,6.5805,2.2382
2.0604,2.517,0,-0.093468,6.5344,0.78074
2.002,2.5077,0.080503,-0.096679,6.4893,0.67608
2.0163,2.498,0.26059,-0.09294,6.437,0.27764
2.0163,2.4887,0,-0.084831,6.3893,0.84203
2.1001,2.4802,0.99775,-0.074169,6.3639,0.1906
2.1001,2.4728,0,-0.051686,6.3262,0.69703
2.3401,2.4677,1.5406,-0.025012,6.3237,1.4743
2.3401,2.4652,0,0.070131,6.3111,0.44589
2.6369,2.4722,1.2092,0.40412,6.3386,0
2.7486,2.5126,0.84581,0.56574,6.3655,0
2.8254,2.5692,0.49893,0.59446,6.3976,0
2.8809,2.6286,0.30251,0.56482,6.4166,0.076653
2.9139,2.6851,0.2745,0.49582,6.4377,0.022881
2.9366,2.7347,0.1747,0.42557,6.4591,0.16651
2.9624,2.7772,-0.0067053,0.38164,6.4837,0.64735
2.9576,2.8154,-0.17809,0.28705,6.4977,1.0739
2.9576,2.8441,0,0.2059,6.5105,0.25529
2.9576,2.8647,0,0.091336,6.5208,0.0067512
2.9576,2.8738,0,-0.0070385,6.5296,0
2.7118,2.8731,-1.6665,-0.03559,6.5038,5.5261
2.5413,2.8696,-2.1425,-0.072878,6.4739,6.4806
2.3193,2.8623,-2.7401,-8.8,6.4266,0
2.3193,1.9823,0,0.23112,6.4163,0
2.3193,2.0054,0,-0.046462,6.4489,0
1.3176,2.0007,-4.348,-0.10675,6.3247,10.713
0.87966,1.9901,-4.5989,-0.17665,6.2348,11.89
0.41669,1.9724,-4.518,-0.25384,6.1042,12.409
-0.038693,1.947,-4.0669,-8.8,5.9221,0
-0.038693,1.067,0,-0.14061,5.7675,2.2312
-0.78899,1.0529,-2.7307,-0.17751,5.5695,9.4008
-1.0672,1.0352,-1.9935,-8.8,5.3698,0
-1.2608,0.15519,-1.1905,-1.1905,5.193,3.1627
-1.3787,0.036142,-0.53501,-0.53501,5.0527,3.1605
-1.4243,0,0.014463,-8.8,4.9073,0
-1.4243,0,0,-8.8,4.8089,0
-1.3836,0,0.80336,-8.8,4.7076,0
-1.3095,0,0.83668,-8.8,4.6229,0
-1.2269,0,0.83174,-8.8,4.5432,0
-1.2269,0,0,-8.8,4.4645,0
-1.0734,0,0.75194,-8.8,4.396,0
-1.0075,0,0.70733,-8.8,4.3351,0
-0.93,0,0.6632,-8.8,4.2829,0
-0.86371,0,0.61994,-8.8,4.2302,0
-0.80486,0,0.56192,-8.8,4.1988,0
-0.74992,0,0.50785,-8.8,4.1622,0
-0.74992,0,0,-8.8,4.1312,0
-0.65631,0,0.41263,-8.8,4.1233,0
-0.65631,0,0,-8.8,4.1016,0
-0.65631,0,0,-8.8,4.08,0
-0.52201,0,0.86421,-8.8,4.0904,0
-0.4273,0,1.198,-8.8,4.0851,0
-0.4273,0,0,-8.8,4.0864,0
-0.14041,0,1.8594,-8.8,4.1204,0
0.042917,0,2.081,-8.8,4.1511,0
0.042917,0,0,-8.8,4.1994,0
0.042917,0,0,-8.8,4.2477,0
0.042917,0,0,-8.8,4.296,0
0.87724,0,1.8815,-8.8,4.5111,0
0.87724,0,0,-8.8,4.6429,0
1.2309,0,1.5046,-8.8,4.8106,0
1.3718,0,1.444,-8.8,4.9871,0
1.5168,0,1.3676,1.3676,5.1847,0
1.6559,0.13676,1.1576,1.1576,5.3464,0
1.7709,0.25251,0.83531,0.83531,5.4918,0
1.7709,0.33604,0,0.398,5.6395,0
1.7709,0.37584,0,-0.09508,5.781,0
1.886,0.36633,-0.43072,-0.43072,5.9339,0
1.8527,0.32326,-0.62127,-0.62127,6.0881,0
1.7903,0.26113,-0.74502,-0.74502,6.2435,0
1.7903,0.18663,0,-0.82782,6.4001,0
1.7903,0.10385,0,-0.87379,6.5646,0
1.5502,0.016472,-1.0182,-1.0182,6.6968,0
1.442,0,-1.2193,-1.2193,6.857,0
1.3165,0,-1.3884,-1.3884,7.0015,0
1.1694,0,-1.5852,-1.5852,7.1358,0
1.0144,0,-1.7527,-1.7527,7.2554,0
1.0144,0,0,-1.761,7.3656,0
0.64848,0,-1.7887,-1.7887,7.4522,0
0.462,0,-1.6852,-1.6852,7.5269,0
0.29887,0,-1.3237,-1.3237,7.5771,0
0.16421,0,-0.90724,-0.90724,7.6154,0
0.16421,0,0,-0.42878,7.6364,0
0.031664,0,0.094937,0.094937,7.6359,0
0.050578,0.0094937,0.52297,0.52297,7.6469,0
0.050578,0.061791,0,0.83281,7.6484,3.2761
0.18294,0.14507,1.1128,1.1128,7.6587,0
0.28984,0.25635,1.2503,1.2503,7.6589,0
0.28984,0.38138,0,1.4307,7.656,7.3719
0.5545,0.52444,1.6376,1.6376,7.6641,0
0.5545,0.6882,0,1.7787,7.6589,10.172
0.90052,0.86607,1.8473,1.8473,7.6666,0
1.0802,1.0508,1.8583,0.35689,7.6657,0.97318
1.0802,1.0865,0,2.1659,7.6668,12.687
1.4579,1.3031,1.8092,1.3148,7.6917,0
1.6326,1.4346,1.7906,1.4361,7.7144,0
1.8139,1.5782,1.7238,1.46,7.7297,0
1.9876,1.7242,1.7224,1.411,7.7508,0
2.1688,1.8653,1.7048,1.43,7.7768,0
2.3493,2.0083,1.6956,1.4242,7.8021,0
2.5276,2.1507,1.6995,1.4105,7.8434,0
2.7067,2.2917,1.763,1.4014,7.8728,0
2.8869,2.4319,1.7288,1.3975,7.9108,0
3.0692,2.5716,1.709,1.3994,7.9573,0
3.2394,2.7116,1.6603,1.3673,8.0138,0
3.4053,2.8483,1.5874,1.3378,8.0719,0
3.4053,2.9821,0,1.3139,8.1209,4.3957
3.7299,3.1135,1.4372,1.2925,8.1904,0
3.8668,3.2427,1.3313,1.2316,8.2569,0
3.9922,3.3659,1.1906,1.1687,8.3159,0
4.1173,3.4827,1.0301,1.1264,8.3822,0
4.22,3.5954,0.8751,1.0581,8.4428,0
4.316,3.7012,0.71513,0.99903,8.5071,0
4.3849,3.8011,0.5851,0.9121,8.5579,0
4.3849,3.8923,0,0.83236,8.6117,1.5238
4.499,3.9755,0.45397,0.76672,8.6579,0
4.499,4.0522,0,0.69588,8.7064,1.0686
4.5861,4.1218,0.34782,0.6469,8.7595,0
4.6277,4.1865,0.34626,0.60155,8.8014,0
4.6539,4.2466,0.38143,0.544,8.8356,0
4.6847,4.301,0.39186,0.50351,8.8701,0
4.7189,4.3514,0.39632,0.4746,8.903,0
4.7189,4.3988,0,0.44767,8.9374,0.48607
4.7793,4.4436,0.33927,0.42206,8.9869,0
4.8153,4.4858,0.27161,0.40888,9.0134,0
4.8494,4.5267,0.18328,0.39586,9.0528,0
4.8707,4.5663,0.1072,0.36916,9.0813,0
4.8908,4.6032,0.068788,0.34491,9.1053,0.034637
4.9028,4.6377,0.029003,0.3151,9.14,0.11686
4.9072,4.6692,-0.039755,0.28044,9.1677,0.28686
4.9038,4.6973,-0.0927,0.24144,9.1889,0.41386
4.8991,4.7214,-0.12791,0.2063,9.2054,0.49153
4.8956,4.742,-0.19835,0.17711,9.2136,0.70414
4.8732,4.7597,-0.29357,0.13013,9.2251,1.0111
4.8732,4.7727,0,0.092382,9.2358,0
4.8125,4.782,-0.43141,0.034865,9.2488,1.4672
4.778,4.7855,-0.50392,-0.0016085,9.2451,1.774
4.7283,4.7853,-0.57089,-0.012224,9.2415,2.2441
4.6662,4.7841,-0.63478,-0.025339,9.2244,2.7648
4.6662,4.7816,0,-0.03965,9.2127,0.15382
4.5374,4.7776,-0.74988,-0.051972,9.1792,3.8401
4.4582,4.7724,-0.79322,-0.068337,9.1449,4.3586
4.3689,4.7656,-0.85028,-0.086583,9.1158,5.0355
4.2828,4.7569,-0.87357,-0.10413,9.0706,5.4484
4.1977,4.7465,-1.0549,-0.1214,9.0184,7.3328
4.1021,4.7343,-1.2718,-0.14076,8.9688,10.003
4.1021,4.7203,0,-0.16578,8.9063,0.96395
4.1021,4.7037,0,-0.19784,8.8453,0.84003
4.1021,4.6839,0,-0.23085,8.7861,0.71454
3.5226,4.6608,-1.4945,-0.26681,8.6043,14.764
3.383,4.6341,-1.2721,-0.2981,8.4879,12.007
3.2526,4.6043,-1.0126,-0.32865,8.349,9.2472
3.2526,4.5715,0,-0.35161,8.2154,2.1666
3.077,4.5363,-0.65792,-0.37062,8.0523,6.2059
3.077,4.4992,0,-0.38882,7.9083,2.3185
3.077,4.4604,0,-0.40049,7.768,2.1734
2.9092,4.4203,-0.46793,-0.41093,7.5958,4.8196
2.9092,4.3792,0,-0.42554,7.4468,2.321
2.8011,4.3367,-0.58771,-0.43765,7.291,5.5657
2.7429,4.2929,-0.70855,-8.8,7.13,0
2.6786,3.4129,-0.67829,-0.17194,7.0217,4.6004
2.6095,3.3957,-0.64074,-0.1868,6.9369,4.4542
2.5366,3.377,-0.64565,-0.2019,6.8656,4.6146
2.5366,3.3568,0,-0.21447,6.7826,1.3144
2.4157,3.3354,-0.62857,-0.22758,6.6891,4.6571
2.3615,3.3126,-0.683,-8.8,6.5987,0
2.2948,2.4326,-0.66524,-0.025144,6.5446,3.0298
2.2948,2.4301,0,-0.035946,6.5309,0.20413
2.1706,2.4265,-0.63612,-0.047014,6.506,3.1717
2.1021,2.4218,-0.60783,-0.059192,6.4681,3.168
2.1021,2.4159,0,-0.068065,6.4364,0.51826
1.9836,2.4091,-0.65232,-0.080076,6.3816,3.7416
1.9234,2.4011,-0.69838,-0.090543,6.3405,4.2043
1.8582,2.392,-0.71812,-0.10237,6.2798,4.5028
1.8582,2.3818,0,-0.11486,6.227,0.88031
1.7234,2.3703,-0.74736,-8.8,6.1541,0
1.6439,1.4903,-0.68436,0.85276,6.1375,8.0389
1.566,1.5756,-0.62261,-0.0012121,6.1496,2.4253
1.4968,1.5755,-0.5977,-0.0099822,6.1355,2.4847
1.4463,1.5745,-0.60943,-0.016323,6.1211,2.7004
1.3929,1.5728,-0.6374,-0.022951,6.1106,3.0277
1.3321,1.5705,-0.65463,-0.030614,6.0808,2.6047
1.2645,1.5675,-0.69906,-0.039113,6.0528,2.7752
1.1914,1.5636,-0.78239,-0.04827,6.0261,3.0223
1.1914,1.5587,0,-0.058212,5.9891,0.6667
1.0157,1.5529,-1.1239,-0.07083,5.9398,3.8883
0.90818,1.5458,-1.3135,-0.08497,5.8839,4.3964
0.78293,1.5373,-1.5051,-0.1021,5.808,4.94
0.78293,1.5271,0,-8.8,5.7331,0
0.78293,0.64713,0,-1.3814,5.7027,0
0.32713,0.50899,-0.91175,-0.91175,5.6627,0.37281
0.32713,0.41782,0,-0.44478,5.6491,0
0.2031,0.37334,-0.24589,-0.24589,5.6144,0.34899
0.18631,0.34875,0.63301,0.63301,5.6072,0.34559
0.24036,0.41205,-0.66292,-0.66292,5.5911,0.35198
