25.278,25.278,0.49141,0,35.5,0
25.333,25.278,0.4219,0.012863,35.508,0
25.369,25.279,0.45256,0.021009,35.524,0
25.369,25.281,0,0.033313,35.532,0
25.459,25.284,0.42153,0.040878,35.55,0
25.499,25.289,0.40006,0.049313,35.578,0
25.499,25.294,0,0.056283,35.599,0
25.567,25.299,0.45233,0.06292,35.635,0
25.61,25.305,0.4934,0.071547,35.664,0
25.65,25.313,0.4933,0.079322,35.697,0
25.693,25.321,0.38245,0.087497,35.735,0
25.738,25.329,0.32166,0.096029,35.77,0
25.738,25.339,0,0.10357,35.811,0
25.804,25.349,0.28023,0.10701,35.843,0
25.838,25.36,0.28544,0.11237,35.899,0
25.867,25.371,0.38982,0.11659,35.937,0
25.867,25.383,0,0.12079,35.986,0
25.867,25.395,0,0.12498,36.034,0
25.867,25.407,0,0.12712,36.081,0
25.97,25.42,0.090159,0.12973,36.145,0
25.98,25.433,-0.035129,0.12909,36.197,0
25.97,25.446,-0.099394,0.12373,36.258,0
25.97,25.458,0,0.1182,36.31,0
25.937,25.47,-0.20122,0.11028,36.361,0
25.937,25.481,0,0.10491,36.407,0
25.907,25.492,-0.22825,0.098276,36.455,0
25.907,25.502,0,0.089293,36.496,0
25.907,25.51,0,0.081899,36.536,0
25.825,25.519,-0.46196,0.072473,36.577,0.90706
25.787,25.526,-0.55223,0.061835,36.596,1.4215
25.737,25.532,-0.63788,0.04851,36.62,2.0028
25.675,25.537,-0.66573,0.032781,36.631,2.3204
25.604,25.54,-0.69284,0.015065,36.645,2.6657
25.541,25.542,-0.69615,-0.00013169,36.651,2.8456
25.471,25.542,-0.71811,-0.0095142,36.649,3.2028
25.406,25.541,-0.66298,-0.018196,36.641,3.0446
25.342,25.539,-0.55727,-0.026526,36.622,2.5908
25.292,25.536,-0.39658,-0.033056,36.591,1.8822
25.247,25.533,-0.19664,-0.038662,36.569,1.1437
25.235,25.529,-0.059199,-0.039827,36.536,0.70996
25.229,25.525,0.022489,-0.040087,36.508,0.49145
25.227,25.521,0.01745,-0.039966,36.478,0.50162
25.235,25.517,0.069765,-0.038337,36.455,0.35384
25.235,25.513,0,-0.0381,36.427,0.51451
25.247,25.509,0.26316,-0.035717,36.408,0
25.247,25.506,0,-0.030904,36.382,0.48854
25.313,25.503,0.49557,-0.025864,36.358,0
25.369,25.5,0.49622,-0.017824,36.35,0
25.412,25.498,0.44372,-0.011741,36.346,0
25.412,25.497,0,-0.0068253,36.337,0.16279
25.479,25.497,0.35477,-0.0024133,36.347,0
25.524,25.496,0.28921,0.00655,36.342,0
25.546,25.497,0.2705,0.011504,36.339,0
25.574,25.498,0.27834,0.017943,36.342,0
25.611,25.5,0.25301,0.026226,36.343,0
25.634,25.503,0.28525,0.031058,36.36,0
25.66,25.506,0.32792,0.036363,36.384,0
25.686,25.509,0.43327,0.041771,36.397,0
25.724,25.513,0.46929,0.049766,36.414,0
25.779,25.518,0.53043,0.061419,36.443,0
25.829,25.525,0.56366,0.071847,36.465,0
25.879,25.532,0.63511,0.082068,36.502,0
25.948,25.54,0.56925,0.096392,36.536,0
26.004,25.55,0.59447,0.10727,36.576,0
26.067,25.56,0.60995,0.11978,36.615,0
26.125,25.572,0.59175,0.13074,36.677,0
26.18,25.585,0.49435,0.14073,36.738,0
26.229,25.599,0.42184,0.14905,36.799,0
26.28,25.614,0.28154,0.15759,36.857,0
26.318,25.63,0.10584,0.16296,36.932,0
26.318,25.646,0,0.1604,37,0
26.322,25.662,-0.17697,0.1566,37.065,0
26.322,25.678,0,0.14659,37.131,0
26.274,25.693,-0.3554,0.138,37.185,0
26.245,25.707,-0.4107,0.12798,37.233,0.23975
26.245,25.719,0,0.11325,37.286,0
26.148,25.731,-0.79426,0.099248,37.333,2.4383
26.078,25.741,-1.0433,0.080297,37.369,4.5312
25.974,25.749,-1.3021,0.053476,37.395,7.4524
25.849,25.754,-1.5546,0.022477,37.42,11.132
25.698,25.756,-1.7473,-0.0076863,37.417,14.8
25.521,25.756,-1.8841,-0.030871,37.394,18.213
25.336,25.752,-2.0457,-0.054786,37.362,22.567
25.136,25.747,-2.1696,-0.080699,37.301,26.576
24.912,25.739,-2.2759,-0.10944,37.231,30.562
24.912,25.728,0,-0.13978,37.148,1.5379
24.444,25.714,-2.3896,-0.16953,37.018,36.357
24.444,25.697,0,-0.20062,36.892,2.538
23.976,25.677,-2.1633,-0.22969,36.727,32.61
23.765,25.654,-2.0138,-0.25695,36.541,29.981
23.765,25.628,0,-0.28241,36.354,4.099
23.382,25.6,-1.7367,-0.30676,36.125,25.704
23.217,25.569,-1.5877,-0.32828,35.903,23.514
23.217,25.537,0,-0.34808,35.67,5.3503
23.217,25.502,0,-0.36762,35.439,5.1252
22.782,25.465,-1.4284,-0.38626,35.138,22.225
22.633,25.426,-1.2433,-0.40689,34.856,19.721
22.633,25.386,0,-0.4253,34.579,6.5263
22.368,25.343,-1.3647,-0.44351,34.293,22.406
22.234,25.299,-1.3341,-0.46259,33.998,22.267
22.109,25.253,-1.246,-0.48053,33.694,21.155
21.979,25.204,-1.3244,-0.49969,33.381,22.727
21.979,25.154,0,-0.52141,33.061,7.5976
21.711,25.102,-1.055,-0.54086,32.715,19.204
21.599,25.048,-0.8877,-0.55846,32.37,17.112
21.599,24.992,0,-0.57076,32.028,8.1663
21.439,24.935,-0.64558,-0.58367,31.68,14.258
21.439,24.877,0,-0.59378,31.334,8.2035
21.439,24.818,0,-0.60387,30.993,7.9054
21.439,24.757,0,-0.61001,30.658,7.631
21.251,24.696,-0.03546,-0.61259,30.299,8.3615
21.244,24.635,0.19638,-0.61299,29.953,6.6866
21.244,24.574,0,-0.60912,29.617,7.6836
21.289,24.513,0.42283,-0.60116,29.298,5.0516
21.289,24.453,0,-0.59056,28.978,7.1475
21.371,24.394,0.43373,-0.58074,28.678,4.4868
21.408,24.335,0.50228,-0.5707,28.386,3.9989
21.449,24.278,0.59958,-0.55932,28.102,3.4623
21.449,24.222,0,-0.5435,27.822,5.9527
21.578,24.168,0.65062,-0.52629,27.558,2.8526
21.652,24.116,0.40305,-0.50678,27.31,3.3149
21.652,24.065,0,-0.49371,27.066,4.9358
21.682,24.015,-0.75155,-0.49218,26.826,10.19
21.682,23.966,0,-0.50256,26.595,4.4608
21.455,23.916,-2.3437,-0.53171,26.37,39.252
21.455,23.863,0,-0.57964,26.126,4.5111
20.932,23.805,-3.3983,-0.63883,25.83,84.786
20.601,23.741,-3.6968,-0.71027,25.522,104.64
20.24,23.67,-3.7642,-0.79025,25.187,110.22
19.867,23.591,-3.6498,-0.87534,24.831,103.07
19.505,23.503,-3.6712,-0.96067,24.443,105.22
19.131,23.407,-3.5539,-1.0516,24.039,98.454
19.131,23.302,0,-1.1429,23.616,7.8355
19.131,23.188,0,-1.2329,23.205,6.9377
19.131,23.065,0,-1.3165,22.805,6.1089
17.857,22.933,-2.4784,-1.3953,22.169,51.749
17.609,22.793,-2.2692,-1.4724,21.648,45.218
17.389,22.646,-2.2435,-1.5432,21.13,44.09
17.156,22.492,-2.1516,-1.6214,20.599,41.139
16.934,22.33,-2.1107,-1.6989,20.064,39.487
16.724,22.16,-1.8874,-1.7764,19.519,33.432
16.54,21.982,-1.5514,-1.846,18.983,25.898
16.54,21.798,0,-1.9085,18.448,7.7199
16.264,21.607,-1.024,-1.9599,17.899,16.254
16.156,21.411,-1.0697,-2.0075,17.362,15.884
16.053,21.21,-1.2748,-2.0497,16.846,17.549
15.934,21.005,-1.5013,-2.0978,16.338,19.834
15.785,20.795,-1.6323,-2.1604,15.827,20.879
15.785,20.579,0,-2.2288,15.337,5.1739
15.453,20.356,-1.6183,-2.9,14.842,12.332
15.299,20.066,-1.2918,-2.9,14.367,8.3431
15.299,19.776,0,-2.9,13.905,4.6055
15.299,19.486,0,-2.9,13.471,4.7511
14.996,19.196,-0.47517,-2.9,13.002,3.9952
14.957,18.906,-0.33033,-2.9,12.589,4.1052
14.957,18.616,0,-2.9,12.208,5.5027
14.893,18.326,-0.39893,-2.9,11.852,4.3302
14.893,18.036,0,-4.4,11.523,49.662
14.811,17.596,-0.39092,-4.4,11.239,57.743
14.778,17.156,-0.21672,-4.4,10.985,78.384
14.778,16.716,0,-4.4,10.77,105.9
14.767,16.276,0.14867,-4.4,10.585,139.51
14.776,15.836,0.37821,-4.4,10.46,180.58
14.821,15.396,0.60124,-4.4,10.38,234.86
14.871,14.956,0.66809,-4.4,10.353,323.71
14.936,14.516,0.69565,-4.4,10.367,483.51
14.936,14.076,0,-4.4,10.431,0
14.936,13.636,0,-4.4,10.539,0
14.936,13.196,0,-4.4,10.691,0
15.153,12.756,0.14269,-4.4,10.957,0
15.168,12.316,-0.13192,0.79549,11.212,0
15.165,12.396,-0.42489,0.78068,11.485,0
15.13,12.474,-0.67028,0.75693,11.763,0
15.07,12.55,-0.9884,0.72492,12.021,0
14.977,12.622,-1.3292,0.68273,12.26,2.1569
14.977,12.69,0,0.62788,12.492,0
14.686,12.753,-1.859,0.56754,12.676,10.194
14.5,12.81,-2.0797,0.49893,12.866,15.186
14.297,12.86,-2.1778,0.42612,13.023,18.247
14.072,12.902,-2.1817,0.34797,13.146,19.285
13.853,12.937,-2.1811,0.27297,13.246,20.166
13.853,12.965,0,0.20053,13.337,0
13.853,12.985,0,0.13474,13.424,0
13.243,12.998,-1.8473,0.073381,13.426,15.488
13.243,13.005,0,0.018091,13.45,0
12.878,13.007,-1.9249,-0.044115,13.437,18.127
12.687,13.003,-2.056,-0.10787,13.414,21.399
12.484,12.992,-2.1503,-0.17376,13.382,24.118
12.484,12.975,0,-0.24024,13.332,0.5004
12.05,12.951,-2.2643,-0.31246,13.24,28.076
11.822,12.919,-2.2554,-0.38463,13.141,28.367
11.596,12.881,-2.3313,-0.45549,13.027,30.885
11.362,12.835,-2.3545,-0.52941,12.892,31.974
11.135,12.782,-2.36,-0.60068,12.744,32.496
10.892,12.722,-2.3699,-0.67858,12.575,33.12
10.892,12.654,0,-0.75945,12.396,2.0422
10.892,12.579,0,-0.84671,12.223,1.6798
10.892,12.494,0,-0.9324,12.059,1.384
9.8818,12.401,-2.6732,-1.0221,11.707,43.471
9.6235,12.298,-2.7324,-1.1157,11.451,45.565
9.3473,12.187,-2.7357,-1.2209,11.176,45.511
9.0679,12.065,-2.7695,-5.2,10.893,0
9.0679,11.545,0,-5.2,10.619,250.14
8.4896,11.025,-3.1377,-5.2,10.338,0
8.1677,10.505,-3.5195,-5.2,10.091,0
7.8178,9.9848,-3.7666,-5.2,9.866,1.4174
7.8178,9.4648,0,-5.2,9.6753,180.84
7.8178,8.9448,0,-5.2,9.5366,179.77
6.6274,8.4248,-4.4633,-0.70401,9.2871,17.009
6.1767,8.3544,-4.3484,-5.2,9.0848,2.6747
5.7417,7.8344,-4.3637,-5.2,8.8694,2.5328
5.3101,7.3144,-4.6166,-0.75639,8.6592,15.917
4.8502,7.2387,-4.5691,-5.2,8.4318,3.5709
4.3918,6.7187,-4.2571,-5.2,8.1979,2.7888
3.9568,6.1987,-4.1673,-5.2,7.9635,2.426
3.5461,5.6787,-4.2129,-8.8,7.7417,0
3.1326,4.7987,-4.2183,-0.49942,7.556,12.99
3.1326,4.7488,0,-8.8,7.3919,0
2.3001,3.8688,-4.1247,-0.40427,7.1919,12.212
1.8947,3.8284,-4.0715,-0.51246,7.0225,12.441
1.8947,3.7771,0,-8.8,6.8317,0
1.0963,2.8971,-3.3246,-0.38999,6.6131,10.526
0.76317,2.8581,-3.0352,-8.8,6.4212,0
0.46668,1.9781,-2.793,-0.23861,6.2394,8.8513
0.19688,1.9542,-2.4856,-0.28664,6.0687,8.5749
-0.043344,1.9256,-2.1704,-8.8,5.8865,0
-0.26958,1.0456,-1.9332,-0.1206,5.7134,6.8566
-0.45665,1.0335,-1.6238,-0.14076,5.5692,6.5229
-0.62346,1.0194,-1.3975,-8.8,5.4194,0
-0.77161,0.13945,-1.1495,-1.1495,5.2861,2.2194
-0.88033,0.024499,-0.89231,-0.89231,5.2021,2.2067
-0.9628,0,-0.41016,-0.41016,5.1126,2.3255
-0.9628,0,0,0.16937,5.0184,2.6814
-0.9628,0.016937,0,-8.8,4.9212,0
-0.88938,0,1.7713,-8.8,4.8804,0
-0.7051,0,2.3604,-8.8,4.8348,0
-0.47145,0,2.3157,-8.8,4.8262,0
-0.23134,0,2.0696,-8.8,4.827,0
-0.015471,0,1.6596,-8.8,4.8485,0
0.14261,0,1.2598,-8.8,4.9041,0
0.14261,0,0,-8.8,4.9624,0
0.34285,0,0.93592,0.93592,5.0345,0
0.34285,0.093592,0,0.97087,5.0641,3.0689
0.52901,0.19068,0.9806,-8.8,5.0886,0
0.6293,0,0.94437,0.94437,5.1698,0
0.72323,0.094437,0.92104,0.92104,5.2267,0
0.80707,0.18654,0.94749,0.94749,5.2994,0
0.80707,0.28129,0,0.89205,5.3567,1.6933
0.80707,0.37049,0,0.761,5.4048,1.3818
1.0679,0.44659,0.60084,0.60084,5.4941,0
1.1249,0.50668,0.50951,0.50951,5.5537,0
1.1769,0.55763,0.36034,0.36034,5.6127,0
1.2133,0.59366,0.25323,0.25323,5.6781,0
1.2469,0.61899,0.13053,0.13053,5.7379,0
1.2606,0.63204,0.043829,0.043829,5.7909,0
1.2665,0.63642,-0.037767,-0.037767,5.8616,0
1.2665,0.63264,0,-0.0050327,5.9248,0
1.2665,0.63214,0,0.056983,5.9882,0
1.2754,0.63784,0.14541,0.14541,6.0486,0
1.2754,0.65238,0,0.22713,6.1116,0
1.3262,0.67509,0.30791,0.30791,6.1614,0
1.3262,0.70588,0,0.32291,6.225,0
1.3767,0.73818,0.37046,0.37046,6.2838,0
1.4062,0.77522,0.37759,0.37759,6.3446,0
1.4344,0.81298,0.37989,0.37989,6.4034,0
1.4727,0.85097,0.36635,0.36635,6.4609,0
1.5015,0.8876,0.41974,4.9,6.5157,29.712
1.551,1.3776,0.3631,1.1632,6.5524,2.3265
1.551,1.4939,0,0.60423,6.5639,1.8984
1.628,1.5543,0.32601,0.40523,6.5746,0.019616
1.6514,1.5949,0.37876,0.29869,6.5905,0
1.6514,1.6247,0,0.30397,6.5947,0.78479
1.7241,1.6551,0.35954,0.34297,6.6017,0
1.7633,1.6894,0.39888,0.35569,6.6156,0
1.8044,1.725,0.37424,0.36913,6.6202,0
1.8044,1.7619,0,0.36073,6.6263,0.94257
1.8887,1.798,0.41734,0.39433,6.6356,0
1.9216,1.8374,0.5451,0.35326,6.642,0
1.9853,1.8727,0.60487,0.45802,6.6475,0
2.0466,1.9185,0.77408,0.50108,6.6561,0
2.1274,1.9687,0.82296,0.59587,6.6645,0
2.2181,2.0282,0.75928,0.68015,6.6907,0
2.3019,2.0963,0.7345,0.69929,6.7123,0
2.3019,2.1662,0,0.64984,6.7294,1.8508
2.4561,2.2312,0.76063,0.69336,6.7576,0
2.5266,2.3005,0.78173,0.66378,6.7766,0
2.6019,2.3669,0.93581,0.66037,6.8023,0
2.7012,2.4329,0.97798,0.72173,6.8213,0
2.7012,2.5051,0,0.77779,6.8445,2.2562
2.8983,2.5829,0.89735,0.77523,6.8943,0
2.9877,2.6604,0.84814,0.76846,6.9244,0
3.0756,2.7372,0.81527,0.7609,6.9581,0
3.1622,2.8133,0.86607,0.75358,7.0009,0
3.2427,2.8887,1.0036,0.73457,7.032,0
3.3491,2.9622,1.1622,0.77411,7.0756,0
3.3491,3.0396,0,0.80873,7.1104,2.0212
3.5853,3.1204,1.3734,0.85996,7.1456,0
3.7223,3.2064,1.3611,0.91764,7.1942,0
3.8627,3.2982,1.3095,0.96457,7.2509,0
3.8627,3.3947,0,0.98955,7.3025,2.3767
4.1198,3.4936,1.3188,0.98708,7.3788,0
4.2498,3.5923,1.3275,0.99672,7.4409,0
4.2498,3.692,0,1.0109,7.5017,2.1695
4.5311,3.7931,1.6875,1.0381,7.5752,0
4.5311,3.8969,0,1.0916,7.6438,2.3159
4.8858,4.006,2.0863,1.151,7.7362,0
5.1022,4.1211,2.1754,1.2368,7.8264,0
5.3101,4.2448,2.0399,1.293,7.9271,0
5.3101,4.3741,0,1.3298,8.0271,2.4962
5.3101,4.5071,0,1.3367,8.1141,3.0366
5.8369,4.6408,1.1291,1.2984,8.2662,0
5.9446,4.7706,1.1319,1.2332,8.3897,0
6.0528,4.8939,1.331,1.1811,8.5077,0
6.0528,5.012,0,1.1618,8.6177,1.2539
6.0528,5.1282,0,1.1918,8.716,1.8036
6.5764,5.2474,2.6921,1.2518,8.875,1.2232
6.8543,5.3726,2.8369,1.3599,9.0105,1.4451
7.1284,5.5086,2.6021,1.4492,9.1755,0.30509
7.1284,5.6535,0,1.5187,9.3302,1.5432
7.1284,5.8053,0,1.535,9.4701,2.1904
7.7543,5.9588,0.60761,1.4797,9.6961,0
7.8171,6.1068,0.080529,1.3749,9.8736,0
7.8171,6.2443,-0.10412,1.2372,10.046,0.36119
7.8004,6.368,0.10206,1.105,10.197,0
7.8016,6.4785,0.54114,1.0037,10.334,0
7.8016,6.5789,0,0.9567,10.462,0
7.972,6.6746,1.5499,0.95734,10.594,0
8.1181,6.7703,2.0327,0.98191,10.727,0.25361
8.1181,6.8685,0,1.0504,10.856,0.092867
8.5775,6.9735,2.6685,1.1389,11.017,2.3592
8.8538,7.0874,2.8811,1.2378,11.19,3.0641
8.8538,7.2112,0,1.3274,11.36,0.049327
9.4418,7.3439,3.0608,1.4276,11.574,3.4143
9.7499,7.4867,2.9572,1.5154,11.783,2.6696
9.7499,7.6382,0,1.5891,12.002,0
10.321,7.7972,2.1897,1.636,12.264,0
10.546,7.9608,1.7747,1.6489,12.52,0
10.546,8.1256,0,1.6375,12.77,0
10.872,8.2894,1.1725,1.5967,13.043,0
10.98,8.4491,1.0963,1.5413,13.291,0
11.09,8.6032,1.1324,1.4944,13.545,0
11.209,8.7526,1.2326,1.4574,13.788,0
11.209,8.8984,0,1.432,14.026,0
11.474,9.0416,1.2714,1.4091,14.269,0
11.605,9.1825,1.2702,1.3882,14.514,0
11.731,9.3213,1.2248,1.3672,14.758,0
11.858,9.458,1.0408,1.3475,14.991,0
11.953,9.5928,0.96166,1.3133,15.235,0
12.053,9.7241,0.96714,1.2836,15.464,0
12.154,9.8525,0.95113,1.2574,15.697,0
12.251,9.9782,0.96469,1.2316,15.924,0
12.251,10.101,0,1.2089,16.145,0
12.458,10.222,1.0008,1.1927,16.378,0
12.458,10.342,0,1.1774,16.596,0
12.658,10.459,0.94376,1.1561,16.817,0
12.658,10.575,0,1.1352,17.031,0
12.658,10.688,0,1.1127,17.234,0
12.929,10.8,0.86915,1.0971,17.457,0
13.016,10.909,0.76637,1.0788,17.672,0
13.096,11.017,0.70081,1.0581,17.872,0
13.096,11.123,0,1.0311,18.075,0
13.229,11.226,0.72393,1.0086,18.292,0
13.302,11.327,0.75167,0.98877,18.49,0
13.302,11.426,0,0.97365,18.682,0
13.465,11.523,0.91608,0.96241,18.875,0
13.465,11.62,0,0.95974,19.064,0
13.465,11.715,0,0.95884,19.244,0
13.773,11.811,1.0023,0.9587,19.456,0
13.881,11.907,1.0401,0.95962,19.645,0
13.881,12.003,0,0.95653,19.838,0
14.084,12.099,1.0393,0.95686,20.05,0
14.084,12.195,0,0.95638,20.244,0
14.293,12.29,1.0399,0.95717,20.447,0
14.402,12.386,1.0269,0.9596,20.655,0
14.504,12.482,0.99233,0.95822,20.855,0
14.608,12.578,1.005,0.95841,21.065,0
14.608,12.674,0,0.95334,21.264,0
14.806,12.769,0.94513,0.95412,21.475,0
14.909,12.864,0.8372,0.95429,21.685,0
15,12.96,0.75027,0.94781,21.882,0
15.08,13.054,0.60547,0.93718,22.08,0
15.133,13.148,0.4322,0.91462,22.283,0
15.181,13.24,0.31888,0.892,22.488,0
15.212,13.329,0.17808,0.8617,22.674,0
15.212,13.415,0,0.83119,22.858,0
15.212,13.498,0,0.79775,23.034,0
15.257,13.578,-0.052499,0.76023,23.206,0
15.26,13.654,-0.13144,0.72473,23.36,0
15.255,13.726,-0.11917,0.68798,23.52,0
15.241,13.795,-0.1927,0.64899,23.674,0
15.212,13.86,-0.2269,0.60524,23.813,0
15.212,13.921,0,0.56888,23.946,0
15.169,13.978,-0.30532,0.53107,24.076,0
15.169,14.031,0,0.49006,24.192,0
15.169,14.08,0,0.45323,24.304,0
15.169,14.125,0,0.41562,24.41,0
15.023,14.167,-0.42192,0.37873,24.469,0.32753
14.987,14.204,-0.4161,0.34582,24.559,0.39013
14.987,14.239,0,0.31561,24.636,0
14.987,14.271,0,0.28209,24.709,0
14.877,14.299,-0.40886,0.25453,24.771,0.60415
14.827,14.324,-0.43542,0.22101,24.833,0.81131
14.774,14.346,-0.38755,0.18812,24.886,0.69647
14.73,14.365,-0.22414,0.16034,24.928,0.17159
14.73,14.381,0,0.1439,24.964,0
14.691,14.396,0.013486,0.12985,25.002,0
14.696,14.409,0.1882,0.12606,25.034,0
14.696,14.421,0,0.12728,25.062,0
14.744,14.434,0.31857,0.13583,25.088,0
14.778,14.447,0.3819,0.14462,25.12,0
14.812,14.462,0.49369,0.15344,25.156,0
14.869,14.477,0.48105,0.17167,25.198,0
14.923,14.494,0.52708,0.18766,25.232,0
14.983,14.513,0.5897,0.20539,25.27,0
15.034,14.534,0.56245,0.21866,25.316,0
15.096,14.556,0.46168,0.23607,25.377,0
15.152,14.579,0.48393,0.25004,25.427,0
15.192,14.604,0.37715,0.25643,25.492,0
15.234,14.63,0.19271,0.26323,25.555,0
15.234,14.656,0,0.25722,25.614,0
15.253,14.682,0.12302,0.24813,25.664,0
15.266,14.707,0.053845,0.24277,25.724,0
15.262,14.731,0.062449,0.23069,25.78,0
15.271,14.754,0.1391,0.22442,25.842,0
15.271,14.776,0,0.22167,25.893,0
15.271,14.799,0,0.22366,25.941,0
15.328,14.821,0.16001,0.21966,25.997,0
15.328,14.843,0,0.21808,26.047,0
