0.40234,0.40234,1.223,0,35.5,0.56004
0.52097,0.40234,1.2411,7.8,35.508,50.984
0.64023,1.1823,1.2288,7.8,35.482,55.378
0.64023,1.9623,0,7.8,35.389,83.598
0.8995,2.7423,1.2532,7.8,35.236,63.361
1.0184,3.5223,1.2911,7.8,35.026,67.029
1.1415,4.3023,1.3289,7.8,34.745,70.687
1.2646,5.0823,1.3942,7.8,34.395,73.878
1.2646,5.8623,0,7.8,33.974,107.17
1.5787,6.6423,2.182,6.7,33.507,57.134
1.8063,7.3123,2.7662,6.7,32.985,51.603
2.082,7.9823,3.3821,6.7,32.424,46.028
2.082,8.6523,0,6.7,31.8,107.43
2.8182,9.3223,4.2636,-0.38547,31.168,5.9532
3.2522,9.2838,4.3486,-0.36782,30.55,5.9511
3.6888,9.247,4.2702,-0.34852,29.961,5.8363
4.1102,9.2122,4.1562,-0.32834,29.42,5.7067
4.1102,9.1793,0,-0.30605,28.911,17.857
4.9415,9.1487,3.9536,-0.28348,28.484,5.6398
4.9415,9.1204,0,-0.25959,28.064,13.813
5.7288,9.0944,3.8409,-0.23551,27.73,6.0452
6.1178,9.0709,3.7676,-0.20999,27.415,6.2884
6.4859,9.0499,3.6714,-0.18496,27.135,6.4671
6.8454,9.0314,3.5591,-0.15971,26.891,6.6024
6.8454,9.0154,0,-0.13336,26.673,5.9709
7.5545,9.0021,3.3768,-0.10778,26.528,7.163
7.8962,8.9913,3.3111,-0.082107,26.395,7.6198
7.8962,8.9831,0,-0.056592,26.286,2.6225
8.5493,8.9774,3.2493,-0.032334,26.252,9.0544
8.8834,8.9742,3.1942,-0.0068637,26.227,9.766
9.1957,8.9735,3.1392,0.22404,26.226,8.3061
9.5196,8.9959,3.0579,0.52644,26.255,6.0995
9.5196,9.0485,0,0.77551,26.304,1.3363
10.122,9.1261,2.7412,0.98237,26.417,2.3912
10.392,9.2243,2.586,1.1353,26.517,1.1904
10.392,9.3379,0,1.2478,26.628,1.6352
10.891,9.4626,2.3306,1.3429,26.784,0
11.117,9.5969,2.2493,1.4035,26.938,0
11.336,9.7373,2.2027,1.4476,27.093,0
11.555,9.882,2.0826,1.4862,27.247,0
11.761,10.031,1.9126,1.5074,27.424,0
11.761,10.181,0,1.5192,27.59,1.1736
12.139,10.333,1.4927,1.5139,27.775,0
12.28,10.485,1.1788,1.4777,27.96,0
12.28,10.632,0,1.4296,28.132,0.49903
12.494,10.775,0.75117,1.3672,28.314,0
12.568,10.912,0.54739,1.2964,28.491,0
12.568,11.042,0,1.2128,28.651,0
12.665,11.163,0.53298,1.1434,28.813,0
12.665,11.277,0,1.0897,28.957,0
12.786,11.386,0.68227,1.0407,29.107,0
12.853,11.49,0.7773,1.0018,29.248,0
12.853,11.591,0,0.97697,29.379,0
13.001,11.688,0.5274,0.94574,29.522,0
13.044,11.783,0.38014,0.90047,29.658,0
13.08,11.873,0.15072,0.85359,29.774,0
13.092,11.958,-0.11226,0.79476,29.886,0
13.076,12.038,-0.26161,0.72268,30.001,0.51298
13.076,12.11,0,0.64809,30.102,0
13.018,12.175,-0.2506,0.57884,30.194,0.45851
12.985,12.233,-0.35473,0.51364,30.284,0.93522
12.94,12.284,-0.47978,0.44554,30.346,1.5757
12.894,12.329,-0.65107,0.38294,30.406,2.5949
12.83,12.367,-0.92534,0.31251,30.454,4.6322
12.83,12.398,0,0.22659,30.499,0
12.619,12.421,-1.3905,0.1327,30.51,9.3941
12.483,12.434,-1.5703,0.032985,30.517,11.744
12.483,12.437,0,-0.0085683,30.522,0
12.153,12.437,-2.0206,-0.023805,30.49,21.453
12.153,12.434,0,-0.040558,30.462,0.51465
11.724,12.43,-2.3589,-0.059485,30.4,32.618
11.724,12.424,0,-0.078726,30.33,1.4343
11.244,12.416,-2.3257,-0.099729,30.201,34.715
11.013,12.406,-2.088,-0.11925,30.071,29.885
10.798,12.394,-1.979,-0.13766,29.918,28.57
10.798,12.381,0,-0.15557,29.759,3.7633
10.399,12.365,-1.8373,-0.17256,29.553,27.664
10.224,12.348,-1.7444,-0.18818,29.356,26.647
10.042,12.329,-1.8931,-0.20484,29.137,30.784
9.8435,12.309,-1.9839,-0.22352,28.891,33.953
9.6423,12.286,-1.9578,-0.24281,28.635,34.401
9.4435,12.262,-1.9778,-0.26243,28.36,35.912
9.2422,12.236,-2.0992,-0.28274,28.076,39.994
9.037,12.207,-2.181,-0.30429,27.763,43.228
8.8216,12.177,-2.2012,-0.32761,27.431,44.882
8.8216,12.144,0,-0.3525,27.097,9.265
8.3677,12.109,-2.2879,-0.37908,26.724,49.621
8.3677,12.071,0,-0.40645,26.351,10.547
7.9164,12.03,-2.1112,-0.43501,25.931,46.765
7.7064,11.987,-2.0555,-0.46302,25.516,46.172
7.7064,11.941,0,-0.4915,25.09,12.329
7.2957,11.891,-1.9516,-0.52228,24.634,45.088
7.0919,11.839,-2.0194,-0.55395,24.173,47.54
6.8974,11.784,-2.015,-0.58617,23.699,48.045
6.8974,11.725,0,-0.62198,23.213,14.126
6.5029,11.663,-1.66,-0.65723,22.7,40.613
6.3346,11.597,-1.411,-0.69209,22.181,35.705
6.1959,11.528,-1.1144,-0.7256,21.642,30.334
6.0873,11.456,-0.80309,-0.75634,21.103,25.3
5.9984,11.38,-0.57332,-0.78596,20.559,21.917
5.9441,11.301,-0.37143,-0.81139,20.02,19.074
5.9135,11.22,-0.15674,-0.83414,19.482,16.295
5.9006,11.137,0.17666,-0.85459,18.951,12.773
5.913,11.051,0.50158,-0.86989,18.442,9.9214
5.9539,10.964,0.812,-0.8811,17.929,7.6829
6.0285,10.876,1.0605,-0.88454,17.44,6.1488
6.0285,10.788,0,-0.88033,16.959,11.916
6.2622,10.7,1.312,-0.87083,16.509,4.5107
6.3941,10.613,1.348,-0.85665,16.085,4.0521
6.3941,10.527,0,-0.83928,15.667,9.5012
6.6712,10.443,1.4983,-0.81816,15.292,3.2551
6.8193,10.361,1.5927,-0.79293,14.925,2.9934
6.987,10.282,1.6678,-0.75988,14.586,2.8172
6.987,10.206,0,-0.72199,14.26,6.618
7.3432,10.134,1.7915,-0.67942,13.981,2.679
7.3432,10.066,0,-0.63508,13.705,5.3017
7.3432,10.002,0,-0.58473,13.436,5.3332
7.8995,9.9438,1.8875,-0.53203,13.262,2.7141
8.0975,9.8906,1.8682,-0.4758,13.061,2.6479
8.2829,9.843,1.816,-0.42046,12.897,2.4887
8.4739,9.801,1.7375,-0.36225,12.762,2.2458
8.6563,9.7647,1.6896,-0.30654,12.631,2.0872
8.8166,9.7341,1.6472,-0.25604,12.536,1.9415
8.9729,9.7085,1.6256,-0.20711,12.447,1.8573
9.1257,9.6878,1.6031,-0.15919,12.386,1.7689
9.1257,9.6719,0,-0.10878,12.331,0.95168
9.4467,9.661,1.569,-0.06125,12.295,1.6291
9.6109,9.6548,1.5599,-0.012556,12.291,1.5888
9.7593,9.6536,1.5608,0.048113,12.303,1.4994
9.9236,9.6584,1.5537,0.12079,12.327,1.3365
10.07,9.6705,1.5465,0.18189,12.354,1.1955
10.219,9.6887,1.5198,0.24124,12.39,0.98984
10.219,9.7128,0,0.3005,12.442,0
10.219,9.7428,0,0.35777,12.491,0
10.678,9.7786,1.4036,0.40943,12.612,0.27976
10.824,9.8196,1.3857,0.457,12.701,0.13179
10.824,9.8653,0,0.50129,12.799,0
11.106,9.9154,1.3938,0.5414,12.92,0
11.238,9.9695,1.3999,0.57575,13.034,0
11.385,10.027,1.4193,0.61603,13.164,0
11.535,10.089,1.4323,0.65598,13.308,0
11.688,10.154,1.4309,0.69411,13.447,0
11.829,10.224,1.4319,0.72622,13.606,0
11.981,10.296,1.43,0.76048,13.762,0
12.114,10.372,1.4198,0.7858,13.939,0
12.266,10.451,1.4175,0.81735,14.108,0
12.398,10.533,1.4062,0.83831,14.283,0
12.529,10.617,1.4012,0.85776,14.464,0
12.529,10.702,0,0.87665,14.651,0
12.801,10.79,1.3794,0.89946,14.865,0
12.943,10.88,1.3287,0.92063,15.065,0
13.085,10.972,1.3339,0.94165,15.276,0
13.21,11.066,1.3279,0.95355,15.495,0
13.341,11.162,1.2781,0.96765,15.713,0
13.472,11.258,1.2421,0.98074,15.929,0
13.589,11.356,1.1563,0.98753,16.161,0
13.713,11.455,1.0214,0.99616,16.382,0
13.823,11.555,0.8842,0.99838,16.604,0
13.911,11.655,0.76489,0.99082,16.83,0
13.911,11.754,0,0.98052,17.05,0
14.055,11.852,0.61099,0.96285,17.273,0
14.125,11.948,0.56319,0.94895,17.486,0
14.183,12.043,0.50359,0.93045,17.698,0
14.234,12.136,0.44034,0.91046,17.918,0
14.269,12.227,0.44437,0.88443,18.135,0
14.318,12.315,0.47811,0.86561,18.335,0
14.318,12.402,0,0.84735,18.53,0
14.409,12.487,0.53893,0.82725,18.729,0
14.454,12.569,0.57023,0.80951,18.924,0
14.454,12.65,0,0.79719,19.108,0
14.568,12.73,0.48455,0.78632,19.293,0
14.619,12.809,0.49862,0.77322,19.479,0
14.664,12.886,0.53826,0.75812,19.657,0
14.724,12.962,0.61802,0.75009,19.84,0
14.789,13.037,0.72778,0.74469,20.022,0
14.86,13.111,0.84179,0.74165,20.192,0
14.86,13.186,0,0.74262,20.363,0
15.029,13.26,0.96468,0.74814,20.546,0
15.123,13.335,0.99987,0.75495,20.733,0
15.224,13.41,1.014,0.76417,20.904,0
15.224,13.486,0,0.77662,21.082,0
15.224,13.564,0,0.78869,21.252,0
15.562,13.643,1.1459,0.80422,21.464,0
15.668,13.723,1.154,0.81306,21.648,0
15.775,13.805,1.1331,0.82231,21.836,0
15.889,13.887,1.0872,0.83382,22.028,0
15.889,13.97,0,0.84464,22.224,0
16.109,14.055,1.0801,0.8527,22.447,0
16.109,14.14,0,0.85952,22.648,0
16.321,14.226,1.0901,0.86606,22.856,0
16.321,14.313,0,0.87701,23.061,0
16.544,14.4,1.0958,0.8823,23.272,0
16.656,14.489,0.95068,0.89036,23.495,0
16.744,14.578,0.85056,0.88842,23.719,0
16.829,14.666,0.7835,0.885,23.937,0
16.914,14.755,0.69805,0.88161,24.148,0
16.984,14.843,0.60069,0.87224,24.355,0
16.984,14.93,0,0.86296,24.565,0
17.12,15.017,0.58312,0.85358,24.78,0
17.183,15.102,0.56456,0.84275,24.985,0
17.236,15.186,0.50499,0.82827,25.192,0
17.236,15.269,0,0.81686,25.393,0
17.236,15.351,0,0.80344,25.586,0
17.402,15.431,0.43644,0.79203,25.798,0
17.452,15.51,0.46695,0.77885,25.993,0
17.507,15.588,0.52451,0.76813,26.18,0
17.556,15.665,0.52533,0.75585,26.372,0
17.618,15.741,0.56436,0.74916,26.565,0
17.618,15.816,0,0.74279,26.749,0
17.618,15.89,0,0.73772,26.926,0
17.804,15.964,0.63593,0.73115,27.144,0
17.876,16.037,0.69398,0.72963,27.334,0
17.953,16.11,0.71391,0.73035,27.52,0
18.03,16.183,0.69614,0.73059,27.7,0
18.1,16.256,0.68135,0.72814,27.88,0
18.161,16.329,0.68556,0.72204,28.056,0
18.221,16.401,0.65598,0.71642,28.247,0
18.221,16.472,0,0.71135,28.425,0
18.221,16.544,0,0.70695,28.597,0
18.409,16.614,0.576,0.70263,28.78,0
18.471,16.685,0.55642,0.69856,28.969,0
18.471,16.754,0,0.68901,29.144,0
18.571,16.823,0.45302,0.68134,29.321,0
18.619,16.891,0.36733,0.67291,29.502,0
18.647,16.959,0.25584,0.65616,29.665,0
18.663,17.024,0.13887,0.6361,29.833,0
18.663,17.088,0,0.61303,29.993,0
18.663,17.149,0,0.59316,30.148,0
18.666,17.209,-0.11651,0.5637,30.316,0
18.666,17.265,0,0.53866,30.459,0
18.634,17.319,-0.24106,0.50771,30.605,0
18.603,17.37,-0.31825,0.47566,30.737,0
18.603,17.417,0,0.44583,30.858,0
18.603,17.462,0,0.4166,30.975,0
18.49,17.503,-0.55418,0.37944,31.087,0.51913
18.444,17.541,-0.6253,0.3468,31.176,1.0033
18.444,17.576,0,0.30796,31.265,0
18.444,17.607,0,0.26825,31.35,0
18.444,17.634,0,0.23249,31.433,0
18.179,17.657,-0.73807,0.19985,31.463,2.259
18.108,17.677,-0.78751,0.16485,31.506,2.7318
18.108,17.693,0,0.12613,31.548,0
17.945,17.706,-0.72285,0.091314,31.576,2.6226
17.87,17.715,-0.5711,0.059057,31.605,1.8671
17.821,17.721,-0.3978,0.038374,31.627,1.116
17.792,17.725,-0.12697,0.025503,31.636,0.22072
17.773,17.727,0.098206,0.017266,31.634,0
17.777,17.729,0.26779,0.018209,31.633,0
17.812,17.731,0.19522,0.030971,31.635,0
17.812,17.734,0,0.036825,31.643,0
17.823,17.738,-0.26412,0.032393,31.638,0.62096
17.788,17.741,-0.3024,0.017866,31.641,0.81184
17.751,17.743,-0.35316,0.0033201,31.653,1.0632
17.713,17.743,-0.32538,-0.0035244,31.651,1.0397
17.689,17.743,-0.1272,-0.0062208,31.638,0.41974
17.689,17.742,0,-0.0076457,31.633,0.093566
17.689,17.741,0,-0.0062054,31.628,0.095126
17.702,17.741,0.23161,-0.0044423,31.615,0
17.724,17.74,0.33474,-0.0018536,31.617,0
17.755,17.74,0.46706,0.0055707,31.621,0
17.755,17.741,0,0.023221,31.623,0.020685
17.849,17.743,0.47493,0.040597,31.628,0
17.905,17.747,0.48462,0.060358,31.645,0
17.951,17.753,0.52228,0.075567,31.672,0
18.008,17.761,0.56742,0.094438,31.687,0
18.064,17.77,0.63713,0.11223,31.719,0
18.128,17.781,0.73684,0.1322,31.741,0
18.128,17.794,0,0.15397,31.775,0
18.291,17.81,0.8993,0.18352,31.832,0
18.38,17.828,0.93523,0.21036,31.881,0
18.471,17.849,0.97926,0.23718,31.944,0
18.577,17.873,1.0229,0.26823,32.013,0
18.679,17.9,1.0419,0.2969,32.085,0
18.679,17.929,0,0.32692,32.161,0
18.897,17.962,1.0891,0.3557,32.261,0
19.004,17.998,1.0111,0.38263,32.355,0
19.106,18.036,0.98303,0.40648,32.459,0
19.195,18.077,0.95425,0.42478,32.576,0
19.284,18.119,0.89645,0.44204,32.695,0
19.377,18.163,0.77197,0.46031,32.82,0
19.455,18.209,0.54811,0.47189,32.934,0
19.508,18.257,0.14626,0.47378,33.061,0
19.517,18.304,-0.21623,0.45861,33.19,0
19.517,18.35,0,0.43328,33.309,0
19.517,18.393,0,0.39515,33.423,0
19.359,18.433,-1.0741,0.34948,33.527,4.0632
19.252,18.468,-1.1695,0.2955,33.615,5.2184
19.133,18.497,-1.2838,0.23921,33.679,6.6986
19.133,18.521,0,0.18335,33.742,0
19.133,18.539,0,0.12413,33.802,0
19.133,18.552,0,0.065674,33.861,0
18.574,18.558,-1.3222,0.0058706,33.823,8.3883
18.45,18.559,-1.0798,-0.011929,33.813,6.2849
18.342,18.558,-0.80728,-0.023515,33.792,4.3417
18.266,18.555,-0.52564,-0.031563,33.772,2.7161
18.208,18.552,-0.2847,-0.037642,33.749,1.6678
18.175,18.548,-0.15962,-0.040865,33.714,1.2421
18.175,18.544,0,-0.041971,33.676,0.71551
18.149,18.54,-0.20093,-0.042959,33.638,1.441
18.128,18.536,-0.2755,-0.044886,33.603,1.7925
18.094,18.531,-0.33542,-0.048176,33.561,2.1443
18.094,18.527,0,-0.051885,33.517,0.83921
18.025,18.521,-0.33217,-0.054859,33.478,2.2899
17.988,18.516,-0.30809,-0.058459,33.423,2.2591
17.949,18.51,-0.23599,-0.062286,33.365,2.0151
17.928,18.504,-0.076158,-0.064077,33.312,1.414
17.928,18.497,0.072805,-0.063606,33.248,0.92878
17.931,18.491,0.19058,-0.062709,33.197,0.61752
17.953,18.485,0.3287,-0.059658,33.136,0.31213
17.953,18.479,0,-0.05649,33.083,1.0556
18.028,18.473,0.47261,-0.050163,33.046,0.025542
18.077,18.468,0.49199,-0.044108,32.999,0
18.134,18.464,0.52452,-0.03732,32.961,0
18.194,18.46,0.50977,-0.03011,32.928,0
18.238,18.457,0.51518,-0.024843,32.912,0
18.238,18.455,0,-0.018689,32.89,0.42397
18.238,18.453,0,-0.012918,32.869,0.43439
18.385,18.451,0.15942,-0.0075598,32.873,0
18.385,18.451,0,-0.0050721,32.867,0.12622
18.385,18.45,0,-0.007174,32.86,0.12046
18.322,18.449,-1.1477,-0.014459,32.861,7.0332
18.322,18.448,0,-0.027571,32.848,0.20308
18.033,18.445,-2.0281,-0.046963,32.802,22.251
17.825,18.441,-2.3209,-0.070295,32.744,30.71
17.825,18.433,0,-0.095239,32.682,1.1464
17.345,18.424,-2.6065,-0.1241,32.562,42.393
17.09,18.412,-2.7121,-0.15284,32.451,47.657
16.817,18.396,-2.9194,-0.1837,32.313,57.437
16.817,18.378,0,-0.21742,32.156,3.4098
16.817,18.356,0,-0.25425,32.001,3.1815
15.868,18.331,-3.6554,-0.29469,31.697,101.84
15.51,18.301,-3.9064,-0.33789,31.441,121.15
15.118,18.267,-4.1281,-0.38655,31.142,140.28
14.714,18.229,-4.3636,-0.43789,30.815,162.57
14.714,18.185,0,-0.4953,30.466,8.957
13.82,18.136,-4.7589,-0.55799,30.031,204.5
13.82,18.08,0,-0.62686,29.602,11.474
13.82,18.017,0,-0.69881,29.179,10.7
12.357,17.947,-5.2027,-0.77715,28.541,256.15
11.845,17.869,-5.3664,-0.8621,27.966,276.92
11.305,17.783,-5.5201,-0.95761,27.337,43.807
10.753,17.687,-5.6287,-1.0623,26.657,43.777
10.753,17.581,0,-1.1774,25.968,19.55
10.753,17.463,0,-1.2999,25.291,17.948
9.1077,17.333,-4.8999,-1.428,24.386,43.269
8.6119,17.191,-4.4123,-1.5643,23.543,42.896
8.1618,17.034,-3.7854,-1.705,22.669,134.35
7.7857,16.864,-3.1726,-1.8443,21.774,103.32
7.4661,16.679,-2.3323,-1.986,20.856,71.264
7.2389,16.481,-1.2754,-2.119,19.933,43.33
7.1213,16.269,-0.4094,-2.235,19.018,27.396
7.0842,16.045,0.15563,-2.3359,18.121,19.246
7.0842,15.812,0,-2.4278,17.237,18.869
7.1599,15.569,0.74915,-2.506,16.383,11.634
7.2375,15.318,0.54852,-2.5757,15.562,11.221
7.2375,15.061,0,-2.6467,14.767,13.238
7.3377,14.796,0.4655,-2.7255,14.003,8.9811
7.3377,14.524,0,-2.7982,13.271,9.9467
7.4328,14.244,0.41513,-2.8526,12.575,7.1025
7.4784,13.958,0.46052,-4.4,11.901,11.996
7.5211,13.518,0.47204,-4.4,11.269,14.495
7.5667,13.078,0.44723,-4.4,10.701,17.572
7.6041,12.638,0.44873,-4.4,10.166,21.85
7.6463,12.198,0.45804,-5.2,9.6885,64.044
7.6857,11.678,0.45398,-5.2,9.2633,85.355
7.6857,11.158,0,-5.2,8.8901,115.52
7.6857,10.638,0,-5.2,8.5688,165.29
7.8216,10.118,0.45364,-5.2,8.3192,163.18
7.8753,9.5985,0.45024,-5.2,8.1278,167.82
7.9122,9.0785,0.45198,-5.2,7.9919,170.7
7.9674,8.5585,0.45957,-5.2,7.9124,175.58
8.0211,8.0385,0.45285,-5.2,7.891,181.12
8.0589,7.5185,0.45265,-5.2,7.9272,184.71
8.0968,6.9985,0.45308,-5.2,8.0183,188.45
8.1339,6.4785,0.4525,-5.2,8.1577,192.3
8.1339,5.9585,0,1.6048,8.3493,0
8.2292,6.119,0.44998,1.4906,8.5695,0
8.2753,6.268,0.45101,1.3911,8.7761,0
8.2753,6.4071,0,1.2965,8.9699,0
8.2753,6.5368,0,1.223,9.1502,0
8.4066,6.6591,0.44322,1.1549,9.3199,0
8.4477,6.7746,0.44163,1.0913,9.4841,0
8.5004,6.8837,0.454,1.0425,9.6492,0
8.5004,6.988,0,0.99756,9.8057,0
8.5937,7.0877,0.43643,0.95093,9.9546,0
8.6341,7.1828,0.46021,0.90864,10.11,0
8.6899,7.2737,0.45979,0.8786,10.244,0
8.7264,7.3615,0.4454,0.8404,10.39,0
8.7671,7.4456,0.45099,0.8082,10.533,0
8.8071,7.5264,0.46122,0.77787,10.666,0
8.8614,7.6042,0.45518,0.75826,10.788,0
8.8614,7.68,0,0.72989,10.91,0
8.9525,7.753,0.46059,0.71367,11.018,0
8.9898,7.8244,0.45883,0.6898,11.144,0
9.0418,7.8933,0.45419,0.67623,11.263,0
9.0894,7.961,0.45535,0.66129,11.383,0
9.0894,8.0271,0,0.64447,11.493,0
9.1745,8.0915,0.45193,0.62862,11.611,0
9.1745,8.1544,0,0.6189,11.716,0
9.2622,8.2163,0.45145,0.60127,11.82,0
9.314,8.2764,0.45566,0.59419,11.932,0
9.314,8.3358,0,0.58412,12.033,0
9.4067,8.3943,0.46017,0.57471,12.131,0
9.4067,8.4517,0,0.56744,12.23,0
9.5093,8.5085,0.46083,0.56383,12.338,0
9.5093,8.5648,0,0.55049,12.435,0
9.5859,8.6199,0.45355,0.53995,12.532,0
9.6401,8.6739,0.45359,0.53847,12.638,0
9.6816,8.7277,0.45249,0.52997,12.741,0
9.7177,8.7807,0.454,0.51905,12.844,0
9.7717,8.8326,0.44832,0.51859,12.941,0
9.819,8.8845,0.45482,0.5146,13.043,0
9.819,8.936,0,0.50614,13.134,0
9.8937,8.9866,0.45084,0.49639,13.231,0
9.9396,9.0362,0.45147,0.49251,13.313,0
9.9777,9.0855,0.45498,0.48486,13.401,0
10.027,9.134,0.45409,0.48416,13.495,0
10.065,9.1824,0.45979,0.47744,13.591,0
10.065,9.2301,0,0.47913,13.677,0
10.065,9.278,0,0.47605,13.758,0
10.065,9.3256,0,0.47725,13.835,0
10.264,9.3734,0.456,0.47605,13.953,0
10.312,9.421,0.4571,0.47496,14.039,0
10.312,9.4685,0,0.47514,14.126,0
10.406,9.516,0.46002,0.47232,14.224,0
10.456,9.5632,0.46085,0.47242,14.316,0
10.456,9.6104,0,0.46749,14.403,0
10.456,9.6572,0,0.46328,14.485,0
10.58,9.7035,0.45599,0.46032,14.587,0
10.58,9.7496,0,0.4629,14.673,0
10.673,9.7958,0.45692,0.45855,14.77,0
10.726,9.8417,0.45952,0.46114,14.866,0
10.771,9.8878,0.45615,0.45916,14.948,0
10.771,9.9337,0,0.4582,15.034,0
10.771,9.9795,0,0.45412,15.115,0
10.919,10.025,0.63513,0.46098,15.203,0
10.977,10.071,0.71573,0.46604,15.293,0
11.055,10.118,0.76394,0.4811,15.378,0
11.136,10.166,0.78422,0.49636,15.464,0
11.136,10.215,0,0.51057,15.558,0
11.275,10.266,0.59077,0.51336,15.659,0
11.33,10.318,0.50734,0.51389,15.759,0
11.374,10.369,0.45534,0.50852,15.856,0
11.425,10.42,0.43074,0.50724,15.956,0
11.425,10.471,0,0.50147,16.054,0
11.503,10.521,0.42834,0.49346,16.162,0
11.549,10.57,0.42092,0.49031,16.249,0
11.549,10.619,0,0.48747,16.345,0
11.64,10.668,0.39724,0.48443,16.435,0
11.673,10.716,0.38335,0.47588,16.541,0
11.707,10.764,0.38273,0.46815,16.643,0
11.74,10.811,0.37103,0.46042,16.737,0
11.772,10.857,0.36213,0.45198,16.822,0
11.812,10.902,0.3603,0.44839,16.906,0
11.84,10.947,0.35631,0.43906,16.995,0
11.84,10.991,0,0.43861,17.082,0
11.924,11.035,0.35304,0.43557,17.167,0
11.962,11.078,0.36819,0.43167,17.256,0
12.007,11.121,0.37962,0.43187,17.341,0
12.055,11.165,0.39628,0.43332,17.429,0
12.095,11.208,0.42331,0.43101,17.523,0
12.141,11.251,0.55326,0.43135,17.605,0
12.197,11.294,0.69886,0.43672,17.699,0
12.197,11.338,0,0.45092,17.787,0
12.35,11.383,1.141,0.46639,17.885,0
12.35,11.43,0,0.49433,17.979,0
