27.5,27.5,0.29557,0,35.5,0
27.5,27.5,0,0.0077019,35.5,0.016333
27.5,27.501,0,0.011993,35.5,0.027164
27.5,27.502,0,0.016437,35.5,0.039336
27.611,27.504,0.23135,0.021795,35.529,0
27.634,27.506,0.25117,0.026168,35.548,0
27.634,27.508,0,0.030015,35.561,0
27.679,27.511,0.24832,0.034129,35.574,0
27.679,27.515,0,0.040147,35.591,0
27.741,27.519,0.25279,0.045198,35.622,0
27.774,27.523,0.23269,0.051201,35.644,0
27.793,27.528,0.2179,0.053974,35.68,0
27.793,27.534,0,0.056912,35.706,0
27.842,27.54,0.20072,0.06164,35.731,0
27.854,27.546,0.19805,0.062901,35.753,0
27.854,27.552,0,0.063891,35.783,0
27.854,27.558,0,0.066111,35.813,0
27.901,27.565,0.22985,0.068762,35.858,0
27.929,27.572,0.23128,0.072951,35.896,0
27.951,27.579,0.21462,0.076181,35.939,0
27.967,27.587,0.21648,0.077903,35.985,0
27.988,27.595,0.2182,0.08064,36.018,0
28.007,27.603,0.20283,0.082815,36.05,0
28.036,27.611,0.19013,0.087094,36.09,0
28.061,27.62,0.20627,0.090568,36.129,0
28.061,27.629,0,0.09129,36.173,0
28.101,27.638,0.18796,0.095127,36.23,0
28.101,27.647,0,0.098095,36.276,0
28.138,27.657,0.17288,0.098905,36.319,0
28.162,27.667,0.16177,0.10195,36.376,0
28.188,27.677,0.14943,0.10524,36.433,0
28.208,27.688,0.15744,0.1073,36.492,0
28.234,27.699,0.18225,0.11041,36.551,0
28.234,27.71,0,0.11084,36.604,0
28.268,27.721,0.20397,0.11311,36.659,0
28.268,27.732,0,0.11351,36.713,0
28.308,27.743,0.19673,0.11676,36.766,0
28.326,27.755,0.18268,0.11821,36.829,0
28.353,27.767,0.16581,0.12138,36.885,0
28.353,27.779,0,0.1209,36.943,0
28.353,27.791,0,0.12307,37,0
28.353,27.803,0,0.12485,37.055,0
28.411,27.816,0.15112,0.12373,37.137,0
28.433,27.828,0.14311,0.12576,37.202,0
28.457,27.841,0.15291,0.12825,37.256,0
28.48,27.854,0.15992,0.13043,37.316,0
28.48,27.867,0,0.1304,37.378,0
28.503,27.88,0.15166,0.12992,37.439,0
28.503,27.893,0,0.12939,37.501,0
28.525,27.906,0.18928,0.1292,37.557,0
28.546,27.919,0.17879,0.13101,37.622,0
28.56,27.932,0.15713,0.13142,37.677,0
28.576,27.945,0.15228,0.13205,37.743,0
28.587,27.958,0.14435,0.13168,37.808,0
28.609,27.971,0.13162,0.13363,37.867,0
28.621,27.984,0.14007,0.13348,37.923,0
28.64,27.998,0.15822,0.13457,37.98,0
28.658,28.011,0.15978,0.13566,38.035,0
28.672,28.025,0.14756,0.13583,38.094,0
28.672,28.038,0,0.13423,38.158,0
28.686,28.052,0.15058,0.1332,38.212,0
28.704,28.065,0.16237,0.13437,38.266,0
28.729,28.079,0.17121,0.13675,38.323,0
28.752,28.092,0.18113,0.13896,38.393,0
28.769,28.106,0.17773,0.1397,38.453,0
28.786,28.12,0.15461,0.14026,38.525,0
28.798,28.134,0.12405,0.14014,38.6,0
28.808,28.148,0.088758,0.13927,38.667,0
28.822,28.162,0.056256,0.13951,38.737,0
28.82,28.176,0.052136,0.13612,38.806,0
28.833,28.19,0.043377,0.13612,38.867,0
28.841,28.203,0.057089,0.13491,38.928,0
28.846,28.217,0.047248,0.13318,38.984,0
28.852,28.23,0.063915,0.13185,39.045,0
28.855,28.243,0.066177,0.12982,39.108,0
28.855,28.256,0,0.12733,39.169,0
28.86,28.269,0.059321,0.12547,39.217,0
28.872,28.282,0.098004,0.12547,39.282,0
28.888,28.294,0.095913,0.12617,39.349,0
28.89,28.307,0.087092,0.12409,39.411,0
28.891,28.319,0.083198,0.12173,39.466,0
28.891,28.331,0.085727,0.1192,39.525,0
28.89,28.343,0.096961,0.11647,39.571,0
28.89,28.355,0,0.11732,39.625,0
28.912,28.367,0.10831,0.11635,39.676,0
28.919,28.378,0.08904,0.11537,39.735,0
28.92,28.39,0.091561,0.11312,39.783,0
28.937,28.401,0.077411,0.11441,39.834,0
28.939,28.413,0.063353,0.11256,39.889,0
28.938,28.424,0.060925,0.10993,39.934,0
28.939,28.435,0.074455,0.10792,39.983,0
28.939,28.446,0,0.1067,40.033,0
28.945,28.456,0.10651,0.10471,40.078,0
28.964,28.467,0.10801,0.10652,40.123,0
28.964,28.477,0,0.10833,40.172,0
29.001,28.488,0.07825,0.10991,40.223,0
29.001,28.499,0,0.10992,40.274,0
29.011,28.51,0.018165,0.10738,40.312,0
29.018,28.521,0.014355,0.1066,40.366,0
29.027,28.532,0.018593,0.10637,40.408,0
29.037,28.542,0.0084492,0.10622,40.449,0
29.036,28.553,0.00034351,0.10372,40.489,0
29.037,28.563,0.0078967,0.1017,40.53,0
29.045,28.573,0.0062268,0.10142,40.583,0
29.053,28.584,0.0083127,0.10097,40.627,0
29.059,28.594,0.041658,0.10002,40.67,0
29.059,28.604,0,0.099358,40.716,0
29.059,28.614,0,0.097899,40.761,0
29.08,28.623,0.017578,0.098413,40.813,0
29.08,28.633,0,0.098826,40.858,0
29.08,28.643,0,0.097062,40.903,0
29.1,28.653,0.02455,0.096539,40.946,0
29.107,28.662,0.027076,0.095944,40.988,0
29.113,28.672,0.028494,0.095151,41.037,0
29.113,28.682,0,0.095887,41.08,0
29.137,28.691,0.047848,0.096422,41.136,0
29.132,28.701,0.054112,0.093262,41.174,0
29.135,28.71,0.061422,0.091818,41.212,0
29.138,28.719,0.071353,0.090541,41.259,0
29.141,28.728,0.050018,0.089319,41.301,0
29.137,28.737,0.04485,0.08649,41.337,0
29.144,28.746,0.064182,0.086234,41.387,0
29.144,28.755,0,0.084907,41.426,0
29.144,28.763,0,0.083805,41.465,0
29.159,28.771,0.090216,0.084065,41.502,0
29.175,28.78,0.087793,0.085756,41.535,0
29.175,28.788,0,0.0876,41.574,0
29.191,28.797,0.052617,0.085458,41.622,0
29.191,28.806,0,0.083698,41.661,0
29.196,28.814,0.078276,0.082928,41.702,0
29.195,28.822,0.10082,0.080952,41.732,0
29.205,28.83,0.1066,0.081378,41.768,0
29.215,28.839,0.089235,0.081769,41.803,0
29.227,28.847,0.072718,0.082616,41.836,0
29.237,28.855,0.064453,0.083028,41.878,0
29.247,28.863,0.06536,0.083369,41.907,0
29.26,28.872,0.088274,0.084432,41.938,0
29.262,28.88,0.11165,0.083187,41.979,0
29.266,28.888,0.12369,0.082098,42.007,0
29.271,28.897,0.12267,0.081621,42.05,0
29.292,28.905,0.1009,0.084285,42.082,0
29.307,28.913,0.079307,0.085758,42.13,0
29.311,28.922,0.06794,0.084865,42.166,0
29.31,28.93,0.034254,0.082853,42.206,0
29.307,28.939,-0.0094794,0.080391,42.245,0
29.297,28.947,-0.046827,0.07652,42.272,0
29.297,28.954,0,0.075574,42.307,0
29.283,28.962,-0.17798,0.070078,42.345,0
29.271,28.969,-0.23153,0.066077,42.383,0.065081
29.254,28.975,-0.27119,0.060909,42.405,0.22915
29.254,28.982,0,0.054273,42.433,0
29.254,28.987,0,0.047273,42.46,0
29.254,28.992,0,0.040779,42.486,0
29.254,28.996,0,0.032819,42.512,0
29.122,28.999,-0.31604,0.026815,42.511,0.68339
29.094,29.002,-0.36005,0.02027,42.531,0.91153
29.054,29.004,-0.37032,0.011022,42.541,1.0405
29.019,29.005,-0.38403,0.0031229,42.537,1.1733
29.019,29.005,0,-0.0033763,42.539,0
29.019,29.005,0,-0.0077102,42.54,0
28.905,29.004,-0.35923,-0.011995,42.523,1.3486
28.905,29.003,0,-0.017383,42.513,0.16665
28.905,29.001,0,-0.020765,42.503,0.15539
28.905,28.999,0,-0.02482,42.494,0.14201
28.768,28.997,-0.28543,-0.027713,42.463,1.3642
28.768,28.994,0,-0.030114,42.44,0.41574
28.726,28.991,-0.22184,-0.032133,42.42,1.2017
28.726,28.988,0,-0.034318,42.393,0.48556
28.681,28.984,-0.057334,-0.036843,42.375,0.73483
28.683,28.98,0.025869,-0.036214,42.351,0.49679
28.694,28.977,0.07028,-0.034478,42.331,0.36327
28.7,28.973,0.076564,-0.033275,42.309,0.33054
28.7,28.97,0,-0.030907,42.281,0.51325
28.714,28.967,0.051351,-0.030852,42.246,0.34948
28.714,28.964,0.05062,-0.030532,42.212,0.34562
28.714,28.961,0.035178,-0.030211,42.178,0.37613
28.709,28.958,0.020829,-0.030496,42.148,0.41456
28.709,28.955,0,-0.02978,42.123,0.46156
28.717,28.952,0.0034598,-0.028776,42.114,0.42998
28.717,28.949,0,-0.028587,42.091,0.43269
28.717,28.946,0,-0.028145,42.068,0.42737
28.72,28.943,0.021974,-0.027471,42.031,0.36267
28.722,28.94,0.044489,-0.026927,42.008,0.30141
28.724,28.938,0.042609,-0.026301,41.994,0.29606
28.724,28.935,0,-0.026595,41.973,0.39095
28.728,28.933,0.032482,-0.02522,41.963,0.30248
28.722,28.93,0.033479,-0.025674,41.944,0.30678
28.72,28.927,0.038564,-0.025637,41.92,0.29415
28.723,28.925,0.075418,-0.02497,41.896,0.20332
28.727,28.922,0.11903,-0.024159,41.877,0.10522
28.743,28.92,0.12925,-0.021866,41.863,0.055064
28.743,28.918,0,-0.019522,41.845,0.32754
28.768,28.916,0.12352,-0.018355,41.835,0.017559
28.78,28.914,0.12027,-0.016597,41.823,0
28.795,28.912,0.10406,-0.014564,41.813,0.0008926
28.795,28.911,0,-0.012097,41.801,0.21747
28.825,28.91,0.059858,-0.010545,41.791,0.028445
28.825,28.909,0,-0.0094295,41.782,0.15482
28.825,28.908,0,-0.0077144,41.774,0.15669
28.825,28.907,0,-0.0075881,41.765,0.15533
28.858,28.906,0.074585,-0.0060048,41.767,0
28.86,28.906,0.060197,-0.0056229,41.755,0
28.875,28.905,0.038427,-0.0037787,41.757,0
28.883,28.905,0.00096889,-0.0026347,41.754,0.03604
28.874,28.904,-0.037622,-0.0037522,41.749,0.13907
28.879,28.904,-0.053989,-0.0031405,41.737,0.16878
28.879,28.904,0,-0.0047144,41.735,0.041405
28.854,28.903,-0.029824,-0.0061569,41.726,0.15704
28.854,28.903,0,-0.006726,41.721,0.086881
28.854,28.902,-0.030631,-0.0059081,41.722,0.15516
28.844,28.901,-0.068568,-0.0071626,41.721,0.26745
28.844,28.901,0,-0.0076735,41.715,0.10153
28.823,28.9,-0.042098,-0.0095296,41.716,0.23789
28.823,28.899,0,-0.0096135,41.708,0.13683
28.821,28.898,0.012451,-0.0095502,41.716,0.11184
28.826,28.897,0.03577,-0.008822,41.714,0.052007
28.836,28.896,0.037326,-0.0074181,41.717,0.028919
28.845,28.895,0.014339,-0.0063082,41.72,0.060695
28.845,28.895,0,-0.0058818,41.714,0.091251
28.845,28.894,0,-0.004524,41.71,0.093
28.845,28.894,0,-0.0041938,41.705,0.092778
28.873,28.893,0.049302,-0.0024938,41.691,0
28.873,28.893,0,-0.0025068,41.689,0.035436
28.873,28.893,0,-0.0022621,41.687,0.035441
28.883,28.892,0.071098,-0.0012298,41.677,0
28.898,28.892,0.061188,0.0012539,41.672,0
28.909,28.892,0.057473,0.0034969,41.682,0
28.913,28.893,0.067488,0.0044634,41.692,0
28.917,28.893,0.061361,0.0051643,41.691,0
28.916,28.894,0.058638,0.0048509,41.7,0
28.923,28.894,0.092281,0.0061982,41.703,0
28.936,28.895,0.13724,0.0089193,41.711,0
28.948,28.896,0.1291,0.011361,41.721,0
28.955,28.897,0.13658,0.012485,41.727,0
28.964,28.898,0.1259,0.014151,41.724,0
28.985,28.9,0.10634,0.018477,41.741,0
28.995,28.901,0.088292,0.020257,41.749,0
29.012,28.903,0.093676,0.023557,41.748,0
29.012,28.906,0,0.023955,41.759,0
29.028,28.908,0.099944,0.025946,41.782,0
29.029,28.911,0.11477,0.025674,41.801,0
29.035,28.913,0.10198,0.026382,41.808,0
29.035,28.916,0,0.028844,41.82,0
29.035,28.919,0,0.03007,41.832,0
29.035,28.922,0,0.030822,41.843,0
29.076,28.925,0.053269,0.032632,41.887,0
29.086,28.928,0.057807,0.034116,41.911,0
29.099,28.932,0.081295,0.036365,41.923,0
29.107,28.935,0.068034,0.037132,41.946,0
29.109,28.939,0.021501,0.036818,41.969,0
29.109,28.943,0,0.036524,41.986,0
29.102,28.946,-0.065367,0.033802,42,0
29.102,28.95,0,0.032924,42.016,0
29.102,28.953,0,0.027097,42.031,0
29.068,28.956,-0.27145,0.024314,42.051,0.54614
29.068,28.958,0,0.015987,42.062,0
28.994,28.96,-0.80532,0.0074897,42.085,3.4832
28.918,28.961,-1.2521,-0.0052357,42.075,7.795
28.918,28.96,0,-0.020629,42.071,0.042933
28.918,28.958,0,-0.041446,42.066,0
28.918,28.954,0,-0.066736,42.063,0
28.168,28.947,-2.6492,-0.096237,41.914,41.914
27.897,28.937,-2.7155,-0.12899,41.815,45.906
27.628,28.925,-2.7231,-0.16146,41.696,47.744
27.365,28.908,-2.7263,-0.19316,41.557,49.362
27.365,28.889,0,-0.2274,41.403,3.2506
27.365,28.866,0,-0.26205,41.252,3.0332
26.523,28.84,-2.7873,-0.29599,40.98,56.299
26.249,28.811,-2.844,-0.33003,40.741,59.956
25.956,28.778,-2.8823,-0.36706,40.477,63.007
25.677,28.741,-2.9317,-0.40274,40.191,66.428
25.677,28.701,0,-0.44064,39.886,7.4843
25.096,28.657,-3.0246,-0.47961,39.521,73.155
24.795,28.609,-3.0497,-0.52075,39.154,75.631
24.485,28.556,-3.1054,-0.56439,38.753,79.488
24.172,28.5,-3.1423,-0.60944,38.332,82.498
23.862,28.439,-3.1809,-0.65564,37.888,85.545
23.542,28.374,-3.2465,-0.70477,37.414,89.887
23.213,28.303,-3.2843,-0.75685,36.924,92.945
22.885,28.227,-3.394,-0.81107,36.396,99.549
22.552,28.146,-3.4854,-0.86796,35.85,105.39
22.206,28.059,-3.4815,-0.92917,35.288,106.26
22.206,27.967,0,-0.99283,34.707,15.731
21.527,27.867,-3.4093,-1.0593,34.058,104.37
21.189,27.761,-3.3549,-1.1287,33.409,102.46
20.849,27.648,-3.2579,-1.2016,32.749,98.552
20.524,27.528,-3.2531,-1.2765,32.051,98.868
20.193,27.401,-3.2529,-1.3562,31.34,99.321
19.864,27.265,-3.2703,-1.4409,30.601,100.46
19.538,27.121,-3.2188,-1.5287,29.857,98.276
19.223,26.968,-3.1414,-1.62,29.089,94.799
18.91,26.806,-3.1616,-1.7166,28.305,95.542
18.591,26.634,-3.0289,-1.8202,27.509,89.513
18.591,26.452,0,-1.9251,26.713,18.613
18.591,26.26,0,-2.0225,25.937,16.926
17.867,26.058,-1.1865,-2.111,25.062,34.622
17.867,25.847,0,-2.1855,24.254,17.158
17.867,25.628,0,-2.2377,23.467,15.756
17.733,25.404,0.47168,-2.2682,22.68,11.788
17.733,25.177,0,-2.2866,21.924,14.003
17.851,24.949,0.90871,-2.2997,21.205,7.9255
17.95,24.719,1.1555,-2.2942,20.509,6.6668
18.056,24.489,1.3829,-2.2796,19.843,5.9835
18.197,24.261,1.4547,-2.2423,19.219,5.6504
18.343,24.037,1.4789,-2.1958,18.622,5.432
18.489,23.818,1.4976,-2.1384,18.069,5.2934
18.489,23.604,0,-2.0724,17.547,6.5448
18.776,23.397,1.3237,-1.9964,17.077,4.7416
18.91,23.197,1.3136,-1.9183,16.623,4.6084
18.91,23.005,0,-2.9,16.204,4.8351
18.91,22.715,0,-2.9,15.809,5.2274
18.91,22.425,0,-2.9,15.443,5.8328
19.423,22.135,1.1578,-2.9,15.195,18.947
19.53,21.845,1.1758,-2.9,14.935,22.8
19.53,21.555,0,-2.9,14.718,13.507
19.757,21.265,1.026,-2.9,14.559,30.769
19.856,20.975,0.4137,-2.9,14.422,29.091
19.888,20.685,-0.70908,-2.9,14.324,20.286
19.824,20.395,-2.194,-2.9,14.248,5.3317
19.824,20.105,0,-3.6938,14.206,120.94
19.227,19.736,-4.8106,-4.8197,14.138,0.83528
18.745,19.254,-5.3772,-5.3864,14.091,0.87731
18.202,18.715,-5.2397,-5.2491,14.032,0.87382
17.678,18.19,-3.646,-4.4,13.989,0
17.678,17.75,0,-0.19896,13.96,0
17.678,17.73,0,-0.33716,13.954,0
16.719,17.697,-1.2333,-4.4,13.809,0
16.592,17.257,-0.64165,-0.29597,13.737,3.3449
16.526,17.227,-1.6475,-0.31467,13.659,13.887
16.369,17.195,-1.7394,-4.4,13.578,0
16.202,16.755,-2.3366,-0.24548,13.51,28.286
15.972,16.731,-3.7159,-0.33868,13.448,99.528
15.61,16.697,-4.3293,-0.48911,13.362,176.61
15.182,16.648,-4.788,-4.8693,13.227,1.332
14.705,16.161,-5.5997,-0.65456,13.088,1005.9
14.148,16.096,-6.573,-6.72,12.908,2.4457
14.148,15.424,0,-0.86849,12.746,0.95175
12.817,15.337,-5.5617,-5.8162,12.482,1.9528
12.269,14.755,-4.1745,-4.4272,12.231,0
11.855,14.313,-2.9701,-4.4,11.993,1.2444
11.556,13.873,-1.4707,-4.4,11.748,124.46
11.415,13.433,-0.074802,-4.4,11.535,100.74
11.4,12.993,-0.40126,-4.4,11.36,150.51
11.364,12.553,-1.6869,-4.4,11.214,0
11.364,12.113,0,-0.39235,11.117,0.71115
11.364,12.073,0,-5.2,11.044,0
10.646,11.553,-4.1998,-0.38404,10.892,155.11
10.224,11.515,-4.4489,-0.55379,10.781,197.19
10.224,11.46,0,-5.2,10.655,1842.2
9.4225,10.94,-2.9459,-0.64617,10.473,51.823
9.131,10.875,-2.1906,-5.2,10.314,0
8.9051,10.355,-1.8017,-5.2,10.157,0
8.7175,9.8349,-1.8516,-0.45561,10.03,18.564
8.5417,9.7894,-1.9137,-0.51635,9.9099,19.938
8.3438,9.7377,-1.8187,-5.2,9.7713,0
8.1693,9.2177,-1.8108,-0.42532,9.643,17.692
7.992,9.1752,-1.8424,-5.2,9.5297,0
7.809,8.6552,-2.0081,-0.33288,9.4278,21.323
7.6087,8.6219,-2.2547,-0.40365,9.3325,27.459
7.6087,8.5816,0,-5.2,9.2331,151.7
7.6087,8.0616,0,-0.35451,9.1619,0.22975
6.8603,8.0261,-3.0717,-0.45484,9.0186,57.642
6.8603,7.9806,0,-5.2,8.9043,87.591
6.2376,7.4606,-3.1429,-0.46436,8.74,14.107
5.9191,7.4142,-3.0549,-5.2,8.5949,0
5.6205,6.8942,-2.8152,-0.46978,8.4472,12.913
5.3372,6.8472,-2.4423,-5.2,8.305,0
5.0939,6.3272,-2.1025,-5.2,8.1608,0
4.89,5.8072,-1.8276,-0.30466,8.0444,18.537
4.7017,5.7767,-1.4914,-0.36296,7.9381,13.324
4.7017,5.7405,0,-8.8,7.8324,9.3307
4.7017,4.8605,0,-0.12567,7.7726,0.067394
4.262,4.8479,-2.1825,-0.17231,7.695,9.1439
4.0339,4.8307,-2.8438,-0.23644,7.635,10.104
4.0339,4.807,0,-0.32125,7.5565,0.91753
3.3953,4.7749,-3.9557,-0.42392,7.4191,12.215
3.0011,4.7325,-4.0873,-8.8,7.2594,0
2.5918,3.8525,-4.315,-0.32908,7.1165,12.203
2.1691,3.8196,-4.511,-0.44236,6.9643,12.949
1.7234,3.7753,-4.3061,-8.8,6.784,0
1.7234,2.8953,0,-0.34646,6.6228,1.7963
1.7234,2.8607,0,-8.8,6.5074,0
0.55141,1.9807,-2.4903,-0.22535,6.2496,8.121
0.55141,1.9582,0,-0.26847,6.1078,2.7235
0.15236,1.9313,-1.3186,-8.8,5.9296,0
0.021963,1.0513,-1.2814,-0.09291,5.7891,4.8149
-0.10915,1.042,-1.4587,-0.10633,5.6756,5.409
-0.25908,1.0314,-1.6414,-0.1225,5.5452,6.0444
-0.42675,1.0191,-1.7762,-8.8,5.4174,0
-0.60398,0.13915,-1.7635,-1.7635,5.3041,1.7308
-0.77797,0,-1.6821,-1.6821,5.2199,1.8023
-0.94648,0,-1.6057,-1.6057,5.1354,2.1477
-0.94648,0,0,-1.581,5.0488,0
-1.2657,0,-1.6991,-8.8,4.9316,0
-1.4323,0,-1.942,-8.8,4.8334,0
-1.6212,0,-2.2835,-8.8,4.7157,0
-1.8444,0,-2.6258,-8.8,4.5955,0
-2.1064,0,-2.9485,-8.8,4.435,0
-2.4038,0,-3.1306,-8.8,4.2583,0
-2.7134,0,-3.2593,-8.8,4.0555,0
-2.7134,0,0,-8.8,3.8282,0
-2.7134,0,0,-8.8,3.6009,0
-2.7134,0,0,-8.8,3.3735,0
-4.0491,0,-3.4693,-8.8,2.8789,0
-4.4054,0,-3.4828,-8.8,2.5095,0
-4.7485,0,-3.5026,-8.9066,2.0862,0
-4.7485,0,0,-11.48,1.6559,0
-5.4518,0,-3.5157,-16.299,1.1625,0
-5.7962,0,-3.5202,-28.047,0.68487,0
-5.7962,0,0,-88.706,0.24549,0
-5.7962,0,0,-528.97,0.1094,0
-6.8667,0,-3.659,-15.333,2.0195,0
-7.2264,0,-3.7059,-22.554,1.3853,0
-7.5941,0,-3.7743,-41.685,0.76061,0
-7.9669,0,-3.8395,-174.13,0.18636,0
-8.3589,0,-3.8586,-144.29,0.24878,0
-8.746,0,-4.0633,-343.7,0.11261,0
-9.1518,0,-4.5164,-49.368,0.9337,0
-9.6042,0,-4.3176,-194.7,0.24225,0
-9.6042,0,0,-224.75,0.25534,0
-10.392,0,-2.7043,-164.3,0.33417,0
-10.392,0,0,-584.74,0.11643,0
-10.392,0,0,-29.838,2.0009,0
-10.784,0,0.85128,-56.896,1.0069,0
-10.705,0,0.90489,-256.09,0.22296,0
-10.615,0,0.7426,-127.25,0.44018,0
-10.538,0,0.35246,-2372.2,0.023402,0
-10.498,0,-0.060643,-0.060643,10.836,21.728
-10.495,0,-0.22433,-0.22433,9.7909,21.723
-10.527,0,-0.19768,-0.19768,8.7395,21.788
-10.527,0,0,-0.17606,7.6877,21.418
-10.527,0,0,-0.1169,6.6359,21.543
-10.576,0,-0.034176,-0.034176,5.5794,21.888
-10.576,0,0.055944,-12.293,4.5289,0
-10.565,0,0.15706,-15.619,3.5379,0
-10.55,0,0.25572,-21.471,2.5616,0
-10.55,0,0,-33.904,1.6139,0
-10.496,0,0.29306,-73.6,0.74547,0
-10.496,0,0,-840.18,0.06385,0
-10.442,0,0.11015,-16.795,3.2251,0
-10.427,0,0.00069451,-24.05,2.2602,0
-10.436,0,-0.030439,-40.758,1.3371,0
-10.434,0,-0.01434,-108.72,0.50073,0
-10.431,0,0.021185,9.8,1,42.139
-10.431,0.98,0,9.8,0.99257,44.192
-10.431,1.96,0,9.8,0.98629,46.201
-10.431,2.94,0,9.8,0.99094,48.21
-10.431,3.92,0,9.8,0.9941,50.219
-10.431,4.9,0,9.8,0.99947,52.228
-10.381,5.88,0.051327,9.8,1,54.026
-10.378,6.86,0.053491,9.8,1,56.026
-10.382,7.84,0.052956,9.8,1,58.044
-10.382,8.82,0,9.8,0.99482,60.164
-10.358,9.8,0.054007,9.8,1,62.01
-10.357,10.78,0.048918,9.8,1,64.028
-10.348,11.76,0.051553,9.8,1,66.012
-10.348,12.74,0,9.8,1.0011,68.129
-10.353,13.72,0.052142,9.8,1,70.04
-10.343,14.7,0.049772,9.8,1,72.033
-10.343,15.68,0,9.8,0.99056,74.146
-10.324,16.66,0.050092,9.8,1,76.011
-10.324,17.64,0.05153,9.8,1,78.018
-10.315,18.62,0.065542,9.8,1,79.978
-10.315,19.6,0,9.8,0.99978,82.125
-10.315,20.58,0,9.8,0.99494,84.134
-10.292,21.56,0.022364,9.8,1,86.05
-10.292,22.54,0,9.8,1.0055,88.106
-10.296,23.52,0.031837,9.8,1,90.056
-10.296,24.5,0,9.8,1.0066,92.132
-10.271,25.48,0.055077,9.8,1,93.973
-10.262,26.46,0.065236,9.8,1,95.943
-10.26,27.44,0.055165,9.8,1,97.969
-10.25,28.42,0.036561,9.8,1,99.995
-10.25,29.4,0,9.8,0.99366,102.08
-10.251,30.38,0.045368,9.8,1,104
-10.253,31.36,0.047181,9.8,1,106.01
-10.253,32.34,0,9.8,0.99575,108.12
-10.253,33.32,0,9.8,0.98512,110.12
-10.253,34.3,0,9.8,0.97852,112.13
-10.253,35.28,0,9.8,0.96758,114.14
-10.215,36.26,0.042823,9.8,1,115.98
-10.212,37.24,0.050044,9.8,1,117.97
-10.208,38.22,0.051539,9.8,1,119.97
-10.199,39.2,0.04834,9.8,1,121.97
-10.186,40.18,0.053863,9.8,1,123.94
-10.181,41.16,0.048893,9.8,1,125.95
-10.181,42.14,0,9.8,1.0006,128.06
-10.175,43.12,0.042905,9.8,1,129.96
-10.175,44.1,0,9.8,1.0081,132.06
-10.162,45.08,0.044758,9.8,1,133.95
-10.157,46.06,0.048572,9.8,1,135.94
-10.157,47.04,0,9.8,0.99416,138.05
-10.157,48.02,0,9.8,0.98423,140.06
-10.157,49,0,9.8,0.99182,142.07
-10.134,49.98,0.040498,9.8,1,143.95
-10.136,50.96,0.045429,9.8,1,145.95
-10.139,51.94,0.045099,9.8,1,147.97
-10.144,52.92,0.042606,9.8,1,149.99
-10.146,53.9,0.036684,9.8,1,152.02
-10.146,54.88,0,9.8,0.9937,154.1
-10.153,55.86,0.026872,9.8,1,156.07
-10.155,56.84,0.029834,9.8,1,158.08
-10.143,57.82,0.037919,9.8,1,160.04
-10.143,58.8,0,9.8,1.0058,162.13
-10.143,59.78,0,9.8,0.99898,164.14
-10.125,60.76,0.086751,9.8,1,165.93
-10.125,61.74,0,9.8,1.0043,168.12
-10.113,62.72,0.095731,9.8,1,169.91
-10.108,63.7,0.081728,9.8,1,171.94
-10.104,64.68,0.041282,9.8,1,174.02
-10.104,65.66,0,9.8,0.99278,176.12
-10.086,66.64,-0.0090927,9.8,1,178.11
-10.086,67.62,0,9.8,0.99213,180.1
-10.073,68.6,0.030948,9.8,1,182.01
-10.072,69.58,0.059765,9.8,1,183.96
-10.074,70.56,0.073095,9.8,1,185.95
-10.074,71.54,0,9.8,0.99113,188.11
-10.055,72.52,0.053308,9.8,1,189.97
-10.055,73.5,0,9.8,0.99805,192.09
-10.043,74.48,0.03962,9.8,1,193.99
-10.043,75.46,0,9.8,0.99787,196.08
-10.043,76.44,0,9.8,1.0021,198.09
-10.033,77.42,0.042425,9.8,1,199.99
-10.03,78.4,0.042169,9.8,1,201.99
-10.03,79.38,0,9.8,0.99158,204.09
-10.016,80.36,0.040136,9.8,1,205.99
-10.015,81.34,0.037402,9.8,1,208
-10.003,82.32,0.043813,9.8,1,209.97
-10.003,83.3,0,9.8,0.99101,212.07
-9.9997,84.28,0.049499,9.8,1,213.97
-9.9859,85.26,0.04653,9.8,1,215.96
-9.9729,86.24,0.052976,9.8,1,217.92
-9.9639,87.22,0.052527,9.8,1,219.92
-9.9608,88.2,0.046281,9.8,1,221.93
-9.9547,89.18,0.046307,9.8,1,223.93
-9.9463,90.16,0.048864,9.8,1,225.91
-9.9463,91.14,0,9.8,0.99489,228.03
-9.9359,92.12,0.03547,9.8,1,229.94
-9.9359,93.1,0,9.8,1.0095,232.02
-9.9366,94.08,0.038761,9.8,1,233.95
-9.9261,95.06,0.037608,9.8,1,235.94
-9.9271,96.04,0.040126,9.8,1,237.95
-9.9312,97.02,0.042458,9.8,1,239.96
-9.9169,98,0.044455,9.8,1,241.94
-9.914,98.98,0.041064,9.8,1,243.95
