11.221,11.221,0.0062054,0,35.5,0
11.221,11.221,0,6.7,35.5,60.872
11.221,11.891,0,-0.042022,35.466,1.4778
11.226,11.887,0.37774,-0.041234,35.399,0.4942
11.226,11.882,0,-0.038847,35.333,1.4514
11.324,11.878,0.81193,-0.034784,35.275,0.062948
11.401,11.875,0.97512,-0.029854,35.217,0.11156
11.495,11.872,1.017,-0.023767,35.166,0.12287
11.602,11.87,0.98199,-0.016888,35.137,0.048799
11.708,11.868,0.8464,-0.010109,35.125,0
11.793,11.867,0.67187,-0.0046983,35.108,0
11.793,11.866,0,-0.00060605,35.101,0.15331
11.894,11.866,0.29626,0.022781,35.1,0
11.925,11.869,0.11436,0.046162,35.106,0
11.945,11.873,0.0037156,0.05908,35.117,0
11.945,11.879,0,0.052435,35.124,0
11.948,11.884,-0.0055145,0.052262,35.136,0
11.938,11.89,-0.040337,0.039557,35.135,0.076719
11.938,11.894,0,0.026886,35.14,0
11.938,11.896,0,0.021234,35.144,0
11.907,11.898,-0.16289,0.0067558,35.154,0.41045
11.896,11.899,-0.21883,-0.00021119,35.156,0.59292
11.879,11.899,-0.25106,-0.0012437,35.152,0.74171
11.853,11.899,-0.31013,-0.0028989,35.144,1.0266
11.82,11.899,-0.34317,-0.0049631,35.133,1.247
11.82,11.898,0,-0.0068081,35.125,0.14783
11.757,11.898,-0.29588,-0.0088753,35.114,1.2203
11.757,11.897,0,-0.010982,35.101,0.27035
11.757,11.896,0,-0.011911,35.087,0.26574
11.698,11.894,-0.083067,-0.012434,35.087,0.61973
11.687,11.893,-0.010988,-0.01309,35.057,0.44218
11.687,11.892,0,-0.01315,35.037,0.41089
11.676,11.89,-0.025827,-0.01364,35.01,0.49892
11.676,11.889,0,-0.013848,34.988,0.42763
11.674,11.888,-0.036723,-0.013636,34.952,0.52708
11.676,11.886,-0.025633,-0.013445,34.927,0.49003
11.676,11.885,-0.0012294,-0.013332,34.913,0.42226
11.67,11.884,0.027874,-0.013663,34.897,0.36053
11.675,11.882,0.055559,-0.013239,34.868,0.28198
11.672,11.881,0.010791,-0.013374,34.849,0.39213
11.672,11.88,0,-0.013732,34.828,0.41534
11.672,11.878,0,-0.013609,34.808,0.41255
11.672,11.877,0,-0.01379,34.787,0.40902
11.672,11.876,0,-0.015001,34.767,0.40286
11.672,11.874,0,-0.015921,34.746,0.39718
11.601,11.872,-0.15147,-0.017462,34.716,1.016
11.58,11.871,-0.11211,-0.018761,34.696,0.93119
11.572,11.869,-0.015552,-0.019179,34.661,0.65046
11.572,11.867,0,-0.019772,34.631,0.60137
11.558,11.865,0.13937,-0.019868,34.605,0.29504
11.558,11.863,0,-0.0183,34.574,0.62863
11.606,11.861,0.16854,-0.016538,34.539,0.14241
11.629,11.859,0.17525,-0.014949,34.511,0.086637
11.629,11.858,0,-0.01386,34.488,0.46305
11.675,11.857,0.18035,-0.011806,34.458,0
11.689,11.855,0.18087,-0.010837,34.438,0
11.717,11.854,0.23131,-0.0089757,34.43,0
11.741,11.853,0.215,-0.0073515,34.412,0
11.762,11.853,0.19425,-0.0059399,34.4,0
11.762,11.852,0,-0.0047743,34.391,0.17917
11.795,11.852,0.23451,-0.0037077,34.376,0
11.813,11.851,0.27114,-0.0025032,34.368,0
11.813,11.851,0,-0.0010183,34.364,0.076624
11.861,11.851,0.32617,0.0078063,34.366,0
11.9,11.852,0.28988,0.039296,34.37,0
11.922,11.856,0.25749,0.053695,34.379,0
11.947,11.861,0.2262,0.069365,34.382,0
11.978,11.868,0.18028,0.088724,34.384,0
11.991,11.877,0.22497,0.09156,34.391,0
12.016,11.886,0.35019,0.10458,34.394,0
12.047,11.896,0.4402,0.12085,34.406,0
12.084,11.908,0.48845,0.1404,34.416,0
12.084,11.923,0,0.17308,34.433,0.055008
12.084,11.94,0,0.20129,34.448,0.16985
12.251,11.96,0.52944,0.23216,34.49,0
12.251,11.983,0,0.25835,34.518,0.032758
12.361,12.009,0.50521,0.27889,34.55,0
12.415,12.037,0.48682,0.29905,34.596,0
12.415,12.067,0,0.31748,34.632,0.0056377
12.415,12.099,0,0.33253,34.666,0.12612
12.574,12.132,0.45344,0.34556,34.706,0
12.626,12.166,0.45584,0.35852,34.752,0
12.669,12.202,0.47357,0.36221,34.795,0
12.669,12.238,0,0.37563,34.84,0
12.776,12.276,0.35631,0.38535,34.897,0
12.81,12.315,0.3628,0.38003,34.952,0
12.81,12.353,0,0.3751,34.999,0
12.875,12.39,0.38738,0.36918,35.056,0
12.906,12.427,0.40996,0.36345,35.109,0
12.952,12.463,0.42684,0.36991,35.155,0
12.952,12.5,0,0.3764,35.202,0
13.038,12.538,0.16182,0.37564,35.245,0
13.054,12.576,-0.066182,0.35742,35.298,5.325e-05
13.049,12.611,-0.21461,0.32624,35.341,0.51157
13.027,12.644,-0.34637,0.28454,35.383,1.0555
12.993,12.672,-0.45783,0.23718,35.411,1.5801
12.944,12.696,-0.50892,0.18302,35.446,1.8303
12.897,12.714,-0.46546,0.13469,35.462,1.5918
12.897,12.728,0,0.089937,35.479,0
12.796,12.737,-0.43282,0.043495,35.469,1.421
12.763,12.741,-0.3585,0.015753,35.483,1.0964
12.763,12.743,0,-0.0012036,35.485,0
12.695,12.743,-0.26086,-0.0031688,35.485,0.84487
12.671,12.742,-0.20459,-0.0048108,35.485,0.70959
12.66,12.742,-0.13439,-0.0055117,35.477,0.51222
12.66,12.741,0,-0.0064564,35.469,0.15654
12.618,12.741,-0.21541,-0.0082278,35.464,0.87075
12.618,12.74,0,-0.0098878,35.452,0.23498
12.574,12.739,-0.26567,-0.011061,35.444,1.1637
12.551,12.738,-0.33703,-0.012556,35.421,1.5173
12.522,12.736,-0.33825,-0.014437,35.4,1.6003
12.484,12.735,-0.29811,-0.016903,35.377,1.5271
12.484,12.733,0,-0.018199,35.352,0.49914
12.484,12.731,0,-0.020494,35.327,0.489
12.391,12.729,-0.38427,-0.022881,35.279,2.1752
12.391,12.727,0,-0.025839,35.246,0.68126
12.3,12.725,-0.48538,-0.028832,35.193,2.9893
12.3,12.722,0,-0.032573,35.15,0.86936
12.191,12.718,-0.49595,-0.035933,35.105,3.3915
12.133,12.715,-0.48439,-0.039752,35.046,3.5042
12.092,12.711,-0.48831,-0.042375,34.992,3.653
12.037,12.707,-0.47015,-0.045926,34.935,3.7104
11.989,12.702,-0.47514,-0.049082,34.86,3.8901
11.951,12.697,-0.44534,-0.051523,34.779,3.8148
11.951,12.692,0,-0.053939,34.705,1.6294
11.877,12.687,-0.29059,-0.056311,34.613,3.1269
11.844,12.681,-0.23428,-0.058416,34.535,2.9168
11.811,12.675,-0.23441,-0.060454,34.46,2.997
11.781,12.669,-0.22626,-0.062328,34.382,3.0269
11.781,12.663,0,-0.063636,34.294,1.9874
11.748,12.656,-0.21408,-0.064259,34.21,3.0259
11.72,12.65,-0.22602,-0.065991,34.124,3.1504
11.706,12.643,-0.24499,-0.066803,34.032,3.2731
11.69,12.637,-0.21954,-0.067679,33.943,3.1647
11.66,12.63,-0.18688,-0.069598,33.855,3.0665
11.635,12.623,-0.13087,-0.071185,33.765,2.8444
11.618,12.616,-0.10715,-0.072182,33.672,2.7599
11.617,12.609,-0.073682,-0.072082,33.565,2.5889
11.613,12.601,-0.06641,-0.072164,33.457,2.5454
11.604,12.594,-0.060678,-0.072661,33.351,2.5249
11.599,12.587,-0.0725,-0.072758,33.256,2.5684
11.584,12.58,-0.0752,-0.073688,33.154,2.6018
11.583,12.572,-0.042625,-0.07349,33.051,2.4382
11.588,12.565,0.075183,-0.072959,32.948,1.94
11.588,12.558,0.24602,-0.072629,32.859,1.3706
11.588,12.55,0,-0.071228,32.762,2.1904
11.653,12.543,0.60985,-0.067291,32.671,0.52877
11.72,12.537,0.72388,-0.061908,32.581,0.33958
11.72,12.53,0,-0.056367,32.499,1.8116
11.869,12.525,0.60918,-0.050101,32.422,0.20952
11.869,12.52,0,-0.044981,32.356,1.4165
11.989,12.515,0.51845,-0.040387,32.301,0.10711
12.048,12.511,0.54274,-0.035614,32.258,0.010484
12.109,12.508,0.57059,-0.030756,32.221,0
12.16,12.505,0.5715,-0.026556,32.187,0
12.16,12.502,0,-0.021313,32.153,0.70669
12.16,12.5,0,-0.016634,32.119,0.71473
12.327,12.498,0.42619,-0.01326,32.106,0
12.327,12.497,0,-0.0091139,32.089,0.34256
12.418,12.496,0.33085,-0.0060414,32.095,0
12.418,12.495,0,-0.0029797,32.087,0.15536
12.418,12.495,0,-0.00017873,32.08,0.16111
12.508,12.495,0.19906,0.0089256,32.076,0
12.536,12.496,0.19336,0.028032,32.082,0
12.556,12.499,0.16862,0.040068,32.094,0
12.565,12.503,0.12264,0.043501,32.096,0
12.586,12.507,0.15731,0.054446,32.097,0
12.586,12.512,0,0.062325,32.104,0
12.625,12.519,0.24563,0.073868,32.124,0
12.648,12.526,0.30652,0.084412,32.13,0
12.685,12.535,0.38534,0.10412,32.14,0
12.716,12.545,0.37796,0.11795,32.158,0
12.744,12.557,0.37723,0.12911,32.186,0
12.772,12.57,0.37244,0.13968,32.204,0
12.772,12.584,0,0.15484,32.224,0
12.844,12.599,0.46139,0.16873,32.247,0
12.897,12.616,0.50441,0.1929,32.271,0
12.957,12.635,0.50869,0.22017,32.296,0
13.001,12.657,0.46021,0.23491,32.336,0
13.051,12.681,0.408,0.25278,32.376,0
13.089,12.706,0.35538,0.26088,32.408,0
13.089,12.732,0,0.26956,32.445,0
13.164,12.759,0.31904,0.27416,32.486,0
13.164,12.787,0,0.27343,32.525,0
13.232,12.814,0.3082,0.28195,32.574,0
13.263,12.842,0.29468,0.28342,32.62,0
13.283,12.87,0.26214,0.27696,32.671,0
13.3,12.898,0.24112,0.26886,32.705,0
13.333,12.925,0.23379,0.2727,32.75,0
13.333,12.952,0,0.26364,32.79,0
13.364,12.979,0.23363,0.25656,32.834,0
13.397,13.004,0.23166,0.26056,32.877,0
13.426,13.03,0.22246,0.26198,32.917,0
13.426,13.057,0,0.25524,32.955,0
13.474,13.082,0.21267,0.25812,32.999,0
13.492,13.108,0.19005,0.25276,33.032,0
13.511,13.133,0.1644,0.2481,33.078,0
13.535,13.158,0.16898,0.24667,33.108,0
13.552,13.183,0.15008,0.24119,33.136,0
13.559,13.207,0.11586,0.2299,33.171,0
13.577,13.23,0.03479,0.22608,33.208,0
13.575,13.252,-0.053631,0.20973,33.246,0
13.575,13.273,0,0.1867,33.278,0
13.575,13.292,0,0.16078,33.307,0
13.519,13.308,-0.30531,0.13659,33.323,0.79749
13.519,13.322,0,0.11269,33.343,0
13.464,13.333,-0.44978,0.084708,33.367,1.4533
13.419,13.341,-0.50266,0.049852,33.377,1.7284
13.362,13.346,-0.55658,0.010195,33.373,2.0251
13.297,13.347,-0.57493,-0.0039231,33.371,2.2855
13.241,13.347,-0.55238,-0.0082743,33.355,2.3348
13.183,13.346,-0.54203,-0.012726,33.35,2.4562
13.135,13.345,-0.58657,-0.016384,33.33,2.8645
13.08,13.343,-0.58513,-0.020611,33.312,3.033
13.08,13.341,0,-0.024835,33.286,0.50975
12.969,13.339,-0.60057,-0.029001,33.23,3.4848
12.903,13.336,-0.60041,-0.034035,33.18,3.6996
12.835,13.332,-0.57845,-0.039224,33.137,3.7789
12.777,13.329,-0.61672,-0.043583,33.076,4.2236
12.718,13.324,-0.66739,-0.04803,33.023,4.7837
12.642,13.319,-0.66039,-0.053786,32.96,4.9919
12.642,13.314,0,-0.059298,32.893,1.4237
12.501,13.308,-0.59665,-0.064535,32.825,4.9986
12.45,13.302,-0.49378,-0.068358,32.739,4.4376
12.407,13.295,-0.34436,-0.071535,32.646,3.6252
12.363,13.288,-0.18768,-0.074734,32.564,2.8961
12.363,13.28,0,-0.076257,32.471,2.041
12.331,13.273,0.084055,-0.076769,32.369,1.7968
12.348,13.265,0.17621,-0.07509,32.275,1.4391
12.348,13.257,0,-0.073891,32.184,2.0285
12.389,13.25,0.19257,-0.071077,32.092,1.2665
12.389,13.243,0,-0.069904,32.006,1.8853
12.389,13.236,0,-0.068085,31.921,1.8722
12.435,13.229,0.0076547,-0.066347,31.837,1.7046
12.443,13.222,-0.055908,-0.065335,31.759,1.906
12.443,13.216,0,-0.065882,31.681,1.6752
12.443,13.209,0,-0.067275,31.604,1.6523
12.396,13.203,-0.29129,-0.068283,31.527,3.059
12.396,13.196,0,-0.069573,31.447,1.7349
12.335,13.189,-0.49828,-0.072833,31.36,4.4462
12.281,13.182,-0.61828,-0.07715,31.272,5.4681
12.209,13.174,-0.72151,-0.082959,31.186,6.538
12.142,13.165,-0.74201,-0.088423,31.084,6.9432
12.077,13.157,-0.75236,-0.093746,30.974,7.2553
12.077,13.147,0,-0.10023,30.867,2.3935
11.915,13.137,-0.72409,-0.10732,30.746,7.571
11.838,13.127,-0.68743,-0.1138,30.624,7.5075
11.838,13.115,0,-0.11879,30.495,2.9482
11.709,13.103,-0.71269,-0.12461,30.366,8.1487
11.633,13.091,-0.72737,-0.13122,30.22,8.5389
11.556,13.078,-0.75263,-0.1379,30.074,9.0369
11.481,13.064,-0.78377,-0.14449,29.924,9.5945
11.405,13.049,-0.80799,-0.15127,29.758,10.093
11.405,13.034,0,-0.15851,29.595,3.9058
11.238,13.018,-0.82529,-0.16636,29.427,10.842
11.163,13.002,-0.82438,-0.17345,29.237,11.075
11.077,12.984,-0.78897,-0.18167,29.041,10.983
11.002,12.966,-0.74364,-0.18884,28.855,10.742
10.918,12.947,-0.71119,-0.19692,28.663,10.67
10.856,12.928,-0.73755,-0.20318,28.45,11.105
10.774,12.907,-0.77482,-0.21149,28.237,11.749
10.69,12.886,-0.8389,-0.22009,28.022,12.717
10.69,12.864,0,-0.22913,27.804,5.4571
10.506,12.841,-0.79585,-0.23945,27.571,12.799
10.418,12.817,-0.66481,-0.24908,27.33,11.634
10.354,12.792,-0.50894,-0.25621,27.097,10.236
10.354,12.767,0,-0.26192,26.854,6.1617
10.354,12.741,0,-0.26711,26.614,6.0338
10.226,12.714,-0.27372,-0.27202,26.344,8.3266
10.204,12.687,-0.21418,-0.27508,26.102,7.8298
10.191,12.659,-0.18138,-0.27695,25.861,7.5115
10.178,12.632,-0.11776,-0.27927,25.606,6.9908
10.163,12.604,0.038363,-0.28154,25.362,5.925
10.168,12.575,0.023124,-0.28147,25.118,5.8933
10.179,12.547,-0.040436,-0.28067,24.873,6.1385
10.167,12.519,-0.13951,-0.28248,24.639,6.712
10.167,12.491,0,-0.28526,24.406,5.7012
10.119,12.463,-0.44109,-0.28925,24.16,8.9356
10.083,12.434,-0.50027,-0.29424,23.921,9.4515
10.042,12.404,-0.5455,-0.29991,23.677,9.8732
9.9785,12.374,-0.55897,-0.30854,23.438,10.094
9.924,12.343,-0.5482,-0.31619,23.193,10.048
9.924,12.312,0,-0.32484,22.952,5.7207
9.924,12.279,0,-0.33318,22.715,5.5572
9.7549,12.246,-0.53764,-0.34047,22.455,10.105
9.7549,12.212,0,-0.34855,22.207,5.8464
9.6256,12.177,-0.80755,-0.35965,21.957,13.022
9.6256,12.141,0,-0.3705,21.704,5.9421
9.4498,12.104,-1.1367,-0.38635,21.449,17.516
9.4498,12.065,0,-0.4036,21.186,6.1313
9.2224,12.025,-1.0952,-0.42272,20.903,17.453
9.2224,11.983,0,-0.4422,20.624,6.4583
9.0106,11.938,-0.79808,-0.45868,20.332,14.053
8.9358,11.893,-0.60448,-0.47287,20.028,11.986
8.9358,11.845,0,-0.48388,19.735,6.7872
8.8399,11.797,-0.27965,-0.49268,19.434,8.9115
8.8078,11.748,-0.21246,-0.50021,19.136,8.2696
8.7906,11.698,-0.24525,-0.50463,18.852,8.3481
8.7568,11.647,-0.2725,-0.512,18.57,8.4363
8.7265,11.596,-0.34984,-0.51895,18.285,8.908
8.6976,11.544,-0.37343,-0.52595,17.996,8.9487
8.6976,11.491,0,-0.53322,17.714,6.0816
8.6343,11.438,-0.40035,-0.54073,17.43,8.8757
8.5885,11.384,-0.46707,-0.55056,17.156,9.327
8.5436,11.329,-0.48193,-0.56081,16.875,9.3334
8.4969,11.273,-0.54278,-0.57093,16.605,9.749
8.4346,11.216,-0.70033,-0.58443,16.335,11.162
8.3609,11.157,-0.8188,-0.60094,16.06,12.338
8.282,11.097,-1.0015,-0.61906,15.782,14.393
8.282,11.035,0,-0.64116,15.503,5.3778
8.0714,10.971,-1.4876,-0.66938,15.21,21.456
7.9177,10.904,-1.7299,-0.70744,14.914,26.046
7.7372,10.834,-1.8721,-0.75292,14.617,29.21
7.5594,10.758,-1.9606,-0.79953,14.31,31.335
7.3597,10.678,-2.0342,-0.85413,13.989,33.237
7.1619,10.593,-2.1445,-0.91106,13.655,36.07
6.9437,10.502,-2.2659,-0.97717,13.304,39.393
6.9437,10.404,0,-1.0451,12.953,5.8145
6.4956,10.3,-2.4618,-1.1214,12.584,45.093
6.2561,10.188,-2.6436,-1.205,12.202,50.962
5.9977,10.067,-2.7435,-1.3013,11.8,54.33
5.7315,9.9369,-2.7838,-1.4071,11.383,55.45
5.4536,9.7962,-2.8786,-1.526,10.947,18.322
5.1637,9.6436,-2.8325,-1.6561,10.508,17.55
4.873,9.478,-2.6112,-1.7955,10.059,16.537
4.873,9.2984,0,-5.2,9.6077,26.724
4.873,8.7784,0,-5.2,9.1911,25.658
4.1236,8.2584,-2.0737,-5.2,8.7114,1.9072
3.9152,7.7384,-1.8637,-5.2,8.316,0.84583
3.7238,7.2184,-1.6421,-5.2,7.9488,0
3.7238,6.6984,0,-5.2,7.6254,8.6524
3.4319,6.1784,-0.87859,-5.2,7.3237,0
3.3532,5.6584,-0.6675,-8.8,7.0736,0
3.2935,4.7784,-0.5128,-8.8,6.8811,0
3.251,3.8984,-0.43765,-8.8,6.7652,0
3.2149,3.0184,-0.42612,0.36512,6.7481,2.4947
3.2149,3.0549,0,0.21256,6.7659,0.16309
3.1239,3.0762,-0.32804,0.086195,6.7648,1.1739
3.0871,3.0848,-0.25763,0.0041714,6.7744,0.72398
3.067,3.0852,-0.20577,-0.0040596,6.7668,0.57661
3.067,3.0848,0,-0.0097409,6.765,0.015995
3.0132,3.0838,-0.15022,-0.015756,6.7639,0.5006
3.0057,3.0823,-0.032346,-0.01713,6.7499,0.19581
2.9942,3.0805,0.12891,-0.01931,6.75,0
3.0004,3.0786,0.31671,-0.017486,6.7512,0
3.0364,3.0769,0.48769,-0.0090494,6.747,0
3.0827,3.076,0.64365,0.012091,6.7438,0
3.0827,3.0772,0,0.11039,6.7444,0.24922
3.2111,3.0882,0.90325,0.22014,6.7548,0
3.2986,3.1102,0.93201,0.33397,6.7704,0
3.3839,3.1436,0.91943,0.41953,6.7877,0
3.4735,3.1856,0.90095,0.493,6.8081,0
3.5597,3.2349,0.8976,0.54458,6.8438,0
3.6526,3.2893,0.93308,0.59538,6.8839,0
3.7361,3.3489,0.97469,0.61934,6.9264,0
3.8352,3.4108,1.0217,0.66107,6.9594,0
3.9356,3.4769,1.0823,0.69586,7.004,0
4.0403,3.5465,1.1279,0.73008,7.0617,0
4.1608,3.6195,1.154,0.77888,7.1167,0
4.1608,3.6974,0,0.79615,7.1669,1.4532
4.3881,3.777,1.1791,0.83202,7.2446,0
4.5102,3.8602,1.197,0.86045,7.3127,0
4.6347,3.9463,1.1855,0.88447,7.3696,0
4.7524,4.0347,1.1463,0.8955,7.4337,0
4.7524,4.1242,0,0.91096,7.501,1.4424
4.7524,4.2153,0,0.90331,7.5592,1.7091
5.1023,4.3057,1.1425,0.91524,7.6542,0
5.226,4.3972,1.1213,0.92749,7.7313,0
5.226,4.4899,0,0.93331,7.8096,1.1928
5.4514,4.5833,1.0691,0.92243,7.8839,0
5.5586,4.6755,1.0115,0.91731,7.9787,0
5.5586,4.7673,0,0.90444,8.0624,0.88826
5.7567,4.8577,0.89932,0.89333,8.1545,0
5.7567,4.947,0,0.88484,8.24,0.74697
5.9367,5.0355,0.85825,0.85978,8.3341,0
5.9367,5.1215,0,0.83688,8.4199,0.53191
6.1012,5.2052,0.85551,0.82288,8.4962,0
6.1863,5.2875,0.89752,0.81088,8.5772,0
6.2719,5.3686,0.91345,0.8013,8.6595,0
6.2719,5.4487,0,0.79685,8.7458,0.34989
6.2719,5.5284,0,0.79683,8.8241,0.58479
6.5372,5.6081,0.92114,0.78848,8.9424,0
6.6244,5.6869,0.9057,0.7845,9.036,0
6.7196,5.7654,0.92057,0.78708,9.122,0
6.8209,5.8441,0.9658,0.79511,9.2198,0
6.9243,5.9236,1.0112,0.80444,9.3241,0
6.9243,6.004,0,0.80783,9.4202,0.11233
6.9243,6.0848,0,0.81937,9.5082,0.38998
7.2295,6.1667,1.1015,0.82181,9.627,0
7.3461,6.2489,1.1348,0.83862,9.7404,0
7.4496,6.3328,1.1309,0.84367,9.8561,0
7.5654,6.4171,1.1245,0.85713,9.9696,0
7.6869,6.5029,1.1613,0.87334,10.085,0
7.8027,6.5902,1.1647,0.88404,10.207,0
7.8027,6.6786,0,0.89511,10.324,0
8.0306,6.7681,1.1368,0.8988,10.446,0
8.0306,6.858,0,0.90564,10.568,0
8.0306,6.9486,0,0.90423,10.681,0.012214
8.3446,7.039,0.93412,0.89867,10.826,0
8.4465,7.1288,0.90743,0.89786,10.962,0
8.4465,7.2186,0,0.8876,11.09,0
8.6205,7.3074,0.84919,0.87624,11.216,0
8.7113,7.395,0.77759,0.8702,11.35,0
8.7113,7.482,0,0.85155,11.478,0
8.8462,7.5672,0.56865,0.83055,11.616,0
8.8462,7.6502,0,0.81179,11.739,0
8.8462,7.7314,0,0.79149,11.855,0
9.0139,7.8106,0.46617,0.76345,12.008,0
9.0521,7.8869,0.50638,0.73405,12.133,0
9.0987,7.9603,0.49946,0.71224,12.25,0
9.1411,8.0315,0.4615,0.68909,12.354,0
9.1842,8.1005,0.43972,0.66835,12.455,0
9.2234,8.1673,0.38523,0.64692,12.553,0
9.2662,8.232,0.33806,0.63003,12.662,0
9.2662,8.295,0,0.60891,12.762,0
9.3418,8.3559,0.2784,0.59358,12.85,0
9.3719,8.4152,0.1983,0.57312,12.95,0
9.3719,8.4725,0,0.5485,13.043,0
9.3999,8.5274,-0.0089643,0.51772,13.134,0
9.3992,8.5792,-0.10944,0.48424,13.212,0
9.3853,8.6276,-0.19038,0.44577,13.295,0
9.3853,8.6722,0,0.40853,13.369,0
9.3427,8.713,-0.19349,0.36801,13.443,0.054982
9.3427,8.7498,0,0.33595,13.504,0
9.3427,8.7834,0,0.30478,13.562,0
9.3074,8.8139,0.07418,0.28601,13.608,0
9.3074,8.8425,0,0.27628,13.656,0
9.3361,8.8701,0.29946,0.26877,13.699,0
9.3621,8.897,0.33414,0.26777,13.747,0
9.3887,8.9238,0.29189,0.26711,13.793,0
9.4128,8.9505,0.21706,0.26505,13.839,0
9.4376,8.977,0.12865,0.26367,13.89,0
9.4501,9.0034,0.055133,0.25526,13.937,0
9.4596,9.0289,-0.027006,0.24575,13.99,0
9.4515,9.0535,-0.15059,0.22664,14.029,0.06261
9.4515,9.0761,0,0.19993,14.068,0
9.4006,9.0961,-0.5864,0.17292,14.112,2.0062
9.3388,9.1134,-0.91376,0.12777,14.136,4.2916
9.2426,9.1262,-1.1781,0.065885,14.149,6.7781
9.1253,9.1328,-1.3792,-0.0016053,14.15,9.1391
8.9805,9.1326,-1.5005,-0.032464,14.148,11.282
8.8321,9.1294,-1.5208,-0.06362,14.118,12.127
8.6882,9.123,-1.4592,-0.093466,14.074,11.772
8.5467,9.1137,-1.3665,-0.12258,14.016,11.003
8.4045,9.1014,-1.2045,-0.15147,13.959,9.4607
8.2854,9.0863,-0.99732,-0.17547,13.876,7.5764
8.1853,9.0687,-0.7747,-0.19516,13.79,5.82
8.1853,9.0492,0,-0.21212,13.702,1.4309
8.0302,9.028,-0.45222,-0.2245,13.597,3.835
8.0302,9.0055,0,-0.23334,13.498,1.6498
7.9423,8.9822,-0.42224,-0.2387,13.389,3.7355
7.8991,8.9583,-0.52589,-0.24572,13.28,4.4085
7.8991,8.9338,0,-0.2529,13.175,1.7411
7.7872,8.9085,-0.8465,-0.26583,13.059,7.0038
7.7872,8.8819,0,-0.28226,12.948,1.8026
7.6027,8.8537,-1.1174,-0.30377,12.818,10.082
7.4892,8.8233,-1.1393,-0.32846,12.683,10.56
7.3839,8.7904,-0.98821,-0.35081,12.553,9.0875
7.2939,8.7554,-0.78648,-0.37026,12.402,7.2795
7.2143,8.7183,-0.59046,-0.38733,12.246,5.7762
7.1523,8.6796,-0.51066,-0.40002,12.086,5.2294
7.105,8.6396,-0.54724,-0.40853,11.931,5.4581
7.0592,8.5987,-0.77282,-0.41658,11.777,7.1806
6.9868,8.5571,-1.0891,-0.43218,11.619,10.331
6.9868,8.5139,0,-0.45714,11.464,2.3664
6.7272,8.4681,-1.7782,-0.49813,11.272,20.92
