35.833,35.833,0.032213,0,35.5,0
35.831,35.833,0.12718,-0.00048194,35.498,0
35.846,35.833,0.017592,0.001636,35.496,0
35.846,35.833,0,0.0014373,35.498,0
35.834,35.834,-0.06799,3.4772e-05,35.498,0.15413
35.836,35.834,-0.097993,0.00033588,35.489,0.22547
35.836,35.834,0,-0.0021765,35.49,0
35.814,35.833,-0.11982,-0.0040568,35.482,0.3242
35.806,35.833,-0.13653,-0.0054957,35.488,0.38379
35.806,35.832,0,-0.0096942,35.486,0.033541
35.769,35.831,-0.12388,-0.012873,35.475,0.41343
35.764,35.83,-0.11286,-0.01349,35.465,0.38787
35.762,35.829,-0.07508,-0.013707,35.462,0.28845
35.764,35.827,-0.013533,-0.012961,35.448,0.1332
35.763,35.826,0.017303,-0.012941,35.451,0.065795
35.763,35.825,0,-0.013293,35.445,0.099472
35.756,35.824,0.040402,-0.013892,35.442,0.025838
35.758,35.822,0.021379,-0.013218,35.432,0.05934
35.758,35.821,0,-0.012523,35.426,0.10382
35.765,35.82,0.0080237,-0.011249,35.425,0.071957
35.775,35.818,0.0060724,-0.0089179,35.425,0.057643
35.77,35.818,0.010296,-0.0097379,35.413,0.055109
35.77,35.817,0,-0.0092954,35.409,0.076102
35.781,35.816,0.023395,-0.0071026,35.404,0.0072383
35.776,35.815,0.03463,-0.0079993,35.402,0
35.784,35.814,0.056746,-0.0062052,35.391,0
35.784,35.814,0,-0.0045082,35.388,0.05137
35.801,35.813,0.027739,-0.0024029,35.397,0
35.804,35.813,0.001031,-0.0017318,35.389,0.011465
35.804,35.813,0,-0.0034694,35.388,0.0096213
35.782,35.812,-0.075691,-0.0062413,35.376,0.22618
35.766,35.812,-0.071657,-0.0093313,35.379,0.24208
35.758,35.811,-0.069153,-0.01092,35.381,0.24917
35.743,35.81,-0.10199,-0.01372,35.373,0.35941
35.731,35.808,-0.10897,-0.015936,35.375,0.39796
35.731,35.807,0,-0.016655,35.368,0.12158
35.718,35.805,-0.092779,-0.017834,35.363,0.37006
35.7,35.803,-0.060264,-0.021251,35.358,0.31378
35.692,35.801,-0.012286,-0.022588,35.338,0.20777
35.692,35.799,0,-0.022333,35.327,0.17545
35.681,35.797,-0.042307,-0.023927,35.299,0.29042
35.676,35.794,-0.093633,-0.024334,35.297,0.42816
35.672,35.792,-0.11414,-0.024651,35.285,0.48839
35.652,35.789,-0.10943,-0.028405,35.272,0.5079
35.652,35.787,0,-0.029432,35.259,0.21748
35.627,35.784,-0.10404,-0.032282,35.256,0.52647
35.625,35.78,-0.095346,-0.032232,35.244,0.50117
35.61,35.777,-0.10545,-0.03453,35.22,0.54976
35.61,35.774,0,-0.037383,35.203,0.26075
35.61,35.77,0,-0.038831,35.187,0.24938
35.61,35.766,0,-0.038607,35.171,0.24158
35.581,35.762,-0.017262,-0.037545,35.143,0.33951
35.576,35.758,-0.023597,-0.03782,35.127,0.35709
35.579,35.755,-0.044717,-0.036551,35.117,0.39974
35.579,35.751,-0.055976,-0.035701,35.094,0.4215
35.572,35.747,-0.042831,-0.03652,35.07,0.39383
35.577,35.744,-0.055127,-0.034816,35.053,0.41114
35.569,35.74,-0.053218,-0.03569,35.026,0.41306
35.565,35.737,-0.036973,-0.035885,35.008,0.37261
35.561,35.733,-0.028985,-0.035901,34.997,0.35254
35.559,35.73,-0.021254,-0.035709,34.987,0.33175
35.559,35.726,0,-0.033748,34.97,0.27773
35.57,35.723,-0.016758,-0.031904,34.961,0.28956
35.573,35.719,-0.024966,-0.030576,34.938,0.29831
35.571,35.716,-0.0023454,-0.030416,34.933,0.24328
35.575,35.713,-0.04777,-0.028899,34.918,0.341
35.571,35.71,-0.052053,-0.029221,34.907,0.35444
35.57,35.708,-0.038736,-0.028857,34.895,0.31766
35.572,35.705,-0.040246,-0.027917,34.89,0.31368
35.567,35.702,-0.10142,-0.028278,34.874,0.47878
35.562,35.699,-0.10065,-0.028768,34.866,0.48071
35.555,35.696,-0.1208,-0.02974,34.848,0.54672
35.551,35.693,-0.14018,-0.029932,34.825,0.60583
35.54,35.69,-0.13079,-0.031587,34.81,0.59188
35.526,35.687,-0.14035,-0.034003,34.79,0.64178
35.505,35.684,-0.16805,-0.037687,34.782,0.76185
35.482,35.68,-0.17508,-0.041713,34.761,0.82098
35.464,35.676,-0.1699,-0.044792,34.73,0.83127
35.464,35.671,0,-0.047882,34.709,0.33204
35.433,35.666,-0.19008,-0.049446,34.69,0.94089
35.408,35.661,-0.1537,-0.053623,34.668,0.85668
35.408,35.656,0,-0.056918,34.643,0.39873
35.379,35.65,-0.18329,-0.057675,34.62,0.99161
35.353,35.645,-0.19236,-0.061939,34.6,1.0622
35.353,35.638,0,-0.0642,34.571,0.46438
35.353,35.632,0,-0.069134,34.543,0.43803
35.289,35.625,-0.27416,-0.071554,34.509,1.461
35.259,35.618,-0.30421,-0.076506,34.479,1.6341
35.235,35.61,-0.30563,-0.080186,34.444,1.6756
35.198,35.602,-0.28663,-0.086556,34.402,1.6566
35.198,35.594,0,-0.090769,34.362,0.64619
35.149,35.585,-0.20668,-0.093572,34.328,1.4006
35.133,35.575,-0.16682,-0.095205,34.274,1.2658
35.113,35.566,-0.15983,-0.097694,34.223,1.261
35.103,35.556,-0.13253,-0.097954,34.182,1.1661
35.086,35.546,-0.10172,-0.09967,34.142,1.0767
35.066,35.536,-0.10815,-0.10195,34.095,1.1154
35.05,35.526,-0.10638,-0.10332,34.053,1.1195
35.05,35.516,0,-0.10328,34.006,0.77457
35.05,35.505,0,-0.10314,33.96,0.75082
35.016,35.495,-0.086938,-0.10461,33.914,1.0604
35.014,35.484,-0.11977,-0.10286,33.873,1.1507
35.008,35.474,-0.108,-0.10217,33.83,1.1034
34.994,35.464,-0.081603,-0.10321,33.791,1.0254
34.994,35.454,0,-0.10267,33.744,0.763
34.994,35.443,0,-0.10061,33.699,0.74455
34.976,35.433,-0.019353,-0.10096,33.67,0.81576
34.975,35.423,-0.032106,-0.09911,33.622,0.83482
34.975,35.413,0,-0.096822,33.578,0.72871
34.97,35.404,-0.037714,-0.096311,33.527,0.824
34.966,35.394,-0.017371,-0.095183,33.485,0.75608
34.959,35.385,-0.020529,-0.094769,33.452,0.76019
34.959,35.375,0,-0.09115,33.41,0.69211
34.959,35.366,0,-0.088385,33.369,0.67832
34.979,35.357,0.0049575,-0.084685,33.335,0.60946
34.987,35.349,-0.0046453,-0.080968,33.303,0.6049
34.986,35.341,0.02907,-0.079605,33.276,0.50919
34.989,35.333,0.051846,-0.077194,33.247,0.43698
35,35.325,0.024138,-0.073091,33.219,0.47123
35,35.318,0,-0.072679,33.187,0.51534
34.993,35.31,0.0034037,-0.071541,33.156,0.50866
34.984,35.303,-0.026572,-0.072096,33.132,0.58938
34.979,35.296,-0.070552,-0.071633,33.099,0.70639
34.965,35.289,-0.057597,-0.07328,33.058,0.6809
34.949,35.281,-0.0478,-0.075279,33.024,0.66779
34.946,35.274,-0.066399,-0.074458,32.992,0.71288
34.939,35.266,-0.055879,-0.074501,32.958,0.68215
34.933,35.259,-0.041837,-0.074298,32.929,0.64064
34.933,35.252,0,-0.073091,32.896,0.51688
34.924,35.244,-0.04465,-0.073084,32.856,0.63671
34.924,35.237,0,-0.072116,32.824,0.50533
34.912,35.23,-0.053115,-0.072712,32.797,0.65536
34.914,35.222,-0.048306,-0.070638,32.774,0.62565
34.901,35.215,-0.077425,-0.072275,32.737,0.71924
34.888,35.208,-0.10866,-0.073541,32.699,0.82127
34.877,35.201,-0.10271,-0.074645,32.671,0.81074
34.862,35.193,-0.11612,-0.076306,32.641,0.8642
34.845,35.186,-0.14698,-0.078536,32.614,0.98049
34.838,35.178,-0.13357,-0.078556,32.578,0.93535
34.832,35.17,-0.09108,-0.078202,32.553,0.79903
34.832,35.162,-0.099296,-0.076543,32.528,0.81018
34.82,35.155,-0.09067,-0.077498,32.497,0.79041
34.805,35.147,-0.048233,-0.079469,32.457,0.68117
34.794,35.139,-0.029522,-0.080302,32.43,0.63518
34.789,35.131,-0.071237,-0.079632,32.393,0.74553
34.784,35.123,-0.09171,-0.079011,32.357,0.79999
34.772,35.115,-0.080894,-0.080026,32.331,0.77455
34.768,35.107,-0.12453,-0.079251,32.291,0.90098
34.768,35.099,0,-0.081854,32.258,0.52144
34.734,35.091,-0.14609,-0.0838,32.231,1.0044
34.711,35.082,-0.11731,-0.087244,32.203,0.93663
34.703,35.074,-0.090518,-0.087343,32.164,0.85241
34.7,35.065,-0.067686,-0.08615,32.127,0.7741
34.7,35.056,0,-0.087609,32.091,0.56586
34.675,35.048,-0.062169,-0.088062,32.05,0.76917
34.677,35.039,-0.053652,-0.085853,32.011,0.72707
34.677,35.03,0,-0.085976,31.975,0.56294
34.651,35.022,-0.076779,-0.088118,31.943,0.80803
34.636,35.013,-0.066589,-0.089704,31.904,0.78822
34.632,35.004,-0.086655,-0.088811,31.859,0.83922
34.627,34.995,-0.14412,-0.087838,31.819,1.012
34.616,34.986,-0.16657,-0.088614,31.773,1.0918
34.602,34.977,-0.15162,-0.090016,31.738,1.0502
34.593,34.968,-0.14562,-0.090035,31.709,1.0291
34.569,34.959,-0.12079,-0.093894,31.666,0.97513
34.569,34.95,0,-0.093467,31.628,0.60522
34.569,34.941,0,-0.09224,31.59,0.58716
34.569,34.931,0,-0.091852,31.554,0.56731
34.537,34.922,-0.082782,-0.093277,31.516,0.84586
34.534,34.913,-0.095035,-0.091841,31.479,0.871
34.534,34.904,-0.098714,-0.089913,31.437,0.86646
34.516,34.895,-0.084783,-0.092211,31.401,0.83931
34.516,34.885,0,-0.090047,31.364,0.58819
34.516,34.876,0,-0.091836,31.327,0.56333
34.482,34.867,-0.12572,-0.094262,31.304,0.97763
34.482,34.858,0,-0.094396,31.266,0.59203
34.482,34.848,0,-0.096902,31.229,0.56443
34.435,34.839,-0.15965,-0.09913,31.189,1.1213
34.427,34.829,-0.16263,-0.09898,31.154,1.1288
34.416,34.819,-0.18316,-0.099396,31.123,1.2024
34.398,34.809,-0.2597,-0.10162,31.075,1.5065
34.368,34.799,-0.32127,-0.10669,31.03,1.8033
34.333,34.788,-0.34184,-0.11301,30.991,1.9449
34.302,34.777,-0.37158,-0.11811,30.949,2.1232
34.255,34.765,-0.38731,-0.12699,30.891,2.27
34.214,34.752,-0.3572,-0.13443,30.84,2.1842
34.214,34.739,0,-0.14153,30.787,0.81057
34.214,34.725,0,-0.14406,30.735,0.7712
34.116,34.71,-0.24866,-0.14936,30.691,1.8119
34.082,34.695,-0.21803,-0.15466,30.624,1.7228
34.051,34.68,-0.20686,-0.15907,30.563,1.7071
34.038,34.664,-0.22551,-0.159,30.492,1.7749
34.012,34.648,-0.22992,-0.16186,30.431,1.8095
33.997,34.632,-0.25264,-0.1622,30.362,1.9001
33.968,34.616,-0.27611,-0.16594,30.289,2.0228
33.933,34.599,-0.29454,-0.17128,30.223,2.1398
33.906,34.582,-0.30323,-0.1743,30.156,2.1961
33.906,34.565,0,-0.17688,30.089,1.0294
33.844,34.547,-0.34263,-0.18246,30.009,2.4293
33.819,34.529,-0.28704,-0.18484,29.935,2.1821
33.797,34.51,-0.26794,-0.18637,29.859,2.1014
33.78,34.491,-0.27699,-0.18678,29.779,2.1357
33.753,34.473,-0.23132,-0.18947,29.705,1.9525
33.735,34.454,-0.16613,-0.18999,29.635,1.6908
33.718,34.435,-0.158,-0.19009,29.573,1.6552
33.702,34.416,-0.13654,-0.18985,29.492,1.567
33.702,34.397,0,-0.19098,29.421,1.0758
33.673,34.378,-0.16041,-0.18858,29.359,1.6336
33.649,34.359,-0.20084,-0.1906,29.291,1.796
33.649,34.34,0,-0.19131,29.221,1.0652
33.613,34.321,-0.26136,-0.19131,29.153,2.0365
33.581,34.302,-0.24819,-0.19535,29.084,2.0017
33.556,34.282,-0.23681,-0.19751,29.021,1.9627
33.528,34.262,-0.22655,-0.20045,28.945,1.9327
33.501,34.242,-0.21297,-0.2031,28.88,1.8887
33.471,34.222,-0.21327,-0.20645,28.812,1.9055
33.444,34.201,-0.1618,-0.20903,28.729,1.7131
33.418,34.18,-0.12975,-0.21104,28.663,1.6019
33.408,34.159,-0.10147,-0.20872,28.594,1.4817
33.408,34.138,0,-0.2065,28.52,1.1186
33.388,34.118,-0.054527,-0.2042,28.443,1.2861
33.391,34.097,-0.14798,-0.19844,28.363,1.5584
33.391,34.077,0,-0.19572,28.294,1.0434
33.358,34.058,-0.24185,-0.19817,28.209,1.9038
33.331,34.038,-0.22128,-0.20073,28.147,1.8304
33.318,34.018,-0.2381,-0.19947,28.084,1.8842
33.293,33.998,-0.14349,-0.20155,28.016,1.5281
33.293,33.978,0,-0.20174,27.946,1.0233
33.261,33.958,-0.036801,-0.20059,27.874,1.1608
33.261,33.938,0,-0.19821,27.806,1.0137
33.261,33.918,0,-0.19565,27.739,0.97399
33.228,33.898,-0.11042,-0.19517,27.647,1.3422
33.228,33.879,0,-0.19127,27.581,0.97108
33.228,33.86,0,-0.18809,27.517,0.93488
33.2,33.841,-0.062705,-0.18832,27.456,1.1356
33.2,33.822,0,-0.18223,27.393,0.92744
33.2,33.804,0,-0.17634,27.331,0.9007
33.208,33.786,-0.1314,-0.17172,27.269,1.2483
33.195,33.769,-0.13497,-0.17075,27.212,1.2505
33.172,33.752,-0.11878,-0.17304,27.152,1.2048
33.172,33.735,0,-0.17104,27.095,0.81928
33.172,33.718,0,-0.17115,27.039,0.77989
33.145,33.7,-0.077257,-0.16732,26.98,1.0309
33.145,33.684,0,-0.16606,26.925,0.77832
33.125,33.667,-0.19192,-0.16438,26.865,1.3869
33.125,33.651,0,-0.16716,26.811,0.74663
33.079,33.634,-0.28679,-0.16895,26.764,1.7744
33.054,33.617,-0.26578,-0.17206,26.7,1.7002
33.029,33.6,-0.26775,-0.17503,26.636,1.7194
33.029,33.582,0,-0.17954,26.58,0.77679
32.969,33.564,-0.2061,-0.18382,26.517,1.517
32.969,33.546,0,-0.18397,26.459,0.82018
32.969,33.528,0,-0.18603,26.402,0.77317
32.914,33.509,-0.22488,-0.18551,26.334,1.5811
32.882,33.49,-0.24352,-0.19012,26.28,1.6737
32.849,33.471,-0.22347,-0.1951,26.216,1.6164
32.836,33.452,-0.18851,-0.1937,26.148,1.4719
32.817,33.433,-0.17833,-0.19449,26.086,1.4337
32.8,33.413,-0.17166,-0.1943,26.023,1.4034
32.785,33.394,-0.14551,-0.19324,25.971,1.3032
32.768,33.374,-0.1214,-0.19311,25.915,1.2179
32.762,33.355,-0.1068,-0.18937,25.862,1.1487
32.75,33.336,-0.090483,-0.18791,25.8,1.086
32.737,33.317,-0.07625,-0.18656,25.74,1.0319
32.733,33.299,-0.082055,-0.18249,25.678,1.0253
32.733,33.28,0,-0.18103,25.622,0.75981
32.706,33.262,-0.059181,-0.18078,25.562,0.94195
32.701,33.244,-0.057238,-0.17683,25.514,0.91497
32.7,33.227,-0.033536,-0.17209,25.453,0.82383
32.7,33.209,0,-0.16663,25.401,0.7113
32.709,33.193,-0.0015302,-0.15893,25.348,0.67633
32.718,33.177,-0.060534,-0.15103,25.299,0.79423
32.718,33.162,0,-0.14723,25.254,0.61146
32.718,33.147,0,-0.14578,25.211,0.58247
32.69,33.132,-0.11695,-0.14682,25.162,0.93161
32.683,33.118,-0.13033,-0.14457,25.111,0.95966
32.663,33.103,-0.12603,-0.14701,25.063,0.95429
32.645,33.088,-0.13069,-0.14849,25.01,0.97204
32.645,33.074,0,-0.14676,24.967,0.58026
32.633,33.059,-0.073568,-0.14325,24.933,0.77534
32.633,33.045,0,-0.13983,24.891,0.55981
32.624,33.031,0.022607,-0.13712,24.861,0.50113
32.618,33.017,0.03327,-0.13498,24.812,0.46598
32.624,33.003,0.050286,-0.1286,24.765,0.40124
32.632,32.991,0.016401,-0.12191,24.722,0.4475
32.643,32.978,-0.021606,-0.11433,24.688,0.5056
32.643,32.967,0,-0.11115,24.655,0.43635
32.638,32.956,-0.097196,-0.10864,24.62,0.67926
32.622,32.945,-0.13348,-0.11072,24.587,0.79311
32.607,32.934,-0.19095,-0.11211,24.55,0.98084
32.596,32.923,-0.24471,-0.11257,24.508,1.169
32.562,32.911,-0.26152,-0.12046,24.478,1.2651
32.531,32.899,-0.21385,-0.12719,24.441,1.1196
32.531,32.887,0,-0.13018,24.405,0.4596
32.482,32.874,-0.19458,-0.13604,24.362,1.0868
32.457,32.86,-0.17725,-0.1401,24.33,1.0441
32.436,32.846,-0.21072,-0.14282,24.294,1.168
32.411,32.832,-0.25892,-0.14674,24.255,1.3586
32.411,32.817,0,-0.14775,24.214,0.52729
32.357,32.802,-0.37099,-0.15625,24.161,1.8573
32.326,32.787,-0.43418,-0.16221,24.116,2.1766
32.289,32.77,-0.47765,-0.16981,24.064,2.426
32.237,32.753,-0.4961,-0.18301,24.012,2.5804
32.237,32.735,0,-0.19637,23.961,0.6149
32.14,32.716,-0.47167,-0.20509,23.896,2.5438
32.14,32.695,0,-0.2189,23.84,0.68411
32.14,32.673,0,-0.23097,23.786,0.60932
32.14,32.65,0,-0.23788,23.733,0.54564
31.952,32.626,-0.54776,-0.24416,23.634,3.1081
31.887,32.602,-0.65818,-0.25969,23.563,3.8471
31.828,32.576,-0.78417,-0.27322,23.485,4.7805
31.755,32.549,-0.87986,-0.29107,23.402,5.6058
31.671,32.519,-0.96445,-0.31259,23.327,6.4289
31.671,32.488,0,-0.33735,23.244,0.97514
31.671,32.454,0,-0.36613,23.164,0.83685
31.348,32.418,-1.3751,-0.40096,23.038,11.308
31.203,32.378,-1.657,-0.44359,22.922,15.644
31.04,32.333,-2.0829,-0.4921,22.793,24.186
30.834,32.284,-2.6812,-0.55629,22.655,41.884
30.834,32.229,0,-0.64596,22.513,1.5035
30.834,32.164,0,-0.75656,22.377,1.1658
29.843,32.088,-4.3069,-0.89052,22.119,168.29
29.843,31.999,0,-1.0453,21.899,2.2244
28.948,31.895,-4.6974,-1.2075,21.598,241.59
28.475,31.774,-4.6676,-1.379,21.287,235.01
28.01,31.636,-4.5885,-1.5487,20.95,218.91
27.543,31.481,-4.1812,-4.5582,20.575,0
27.133,31.025,-3.5477,-3.9231,20.174,0
26.773,30.633,-2.8551,-3.2314,19.796,30.875
26.493,30.31,-2.2025,-2.5777,19.419,18.568
26.277,30.052,-1.6296,-2.0041,19.035,14.755
26.113,29.852,-1.3523,-2,18.668,11.021
26.113,29.652,0,-2,18.304,3.2519
26.113,29.452,0,-2,17.96,3.0184
26.113,29.252,0,-2,17.636,2.8462
26.113,29.052,0,-2,17.333,2.7396
26.113,28.852,0,-2,17.049,2.7033
25.402,28.652,-0.95323,-2,16.562,5.4323
25.312,28.452,-0.86186,-2,16.241,4.5588
25.225,28.252,-0.74547,-2,15.941,3.7304
25.148,28.052,-0.61289,-2,15.644,3.0411
25.08,27.852,-0.52202,-2,15.359,2.6284
25.037,27.652,-0.42387,-2,15.081,2.3413
24.99,27.452,-0.32143,-2,14.822,2.2582
24.949,27.252,-0.26567,-2,14.579,2.2963
24.915,27.052,-0.26048,-2,14.367,2.3477
24.882,26.852,-0.3169,-2,14.17,2.3059
24.842,26.652,-0.42567,-2,13.973,2.1387
24.805,26.452,-0.50366,-2,13.796,2.054
24.753,26.252,-0.53477,-2,13.637,2.1043
24.697,26.052,-0.54828,-2,13.495,2.2422
24.637,25.852,-0.50174,-2,13.357,2.6761
24.577,25.652,-0.43557,-2,13.248,3.3382
24.537,25.452,-0.40666,-2,13.149,4.0115
24.537,25.252,0,-2,13.067,7.8079
24.537,25.052,0,-2,13.006,9.0673
24.414,24.852,-0.25514,-2,12.932,7.4086
24.395,24.652,-0.16557,-2,12.903,9.432
24.376,24.452,-0.079356,-2,12.894,11.739
24.376,24.252,-0.075536,-2.9,12.899,51.714
24.376,23.962,0,-2.9,12.926,63.364
24.354,23.672,-0.13559,-2.9,12.982,74.817
24.336,23.382,-0.1882,-2.9,13.062,90.954
24.336,23.092,0,-2.9,13.172,110.84
24.283,22.802,-0.21677,-2.9,13.294,138.33
24.257,22.512,-0.20636,-2.9,13.461,173.41
24.228,22.222,-0.18637,-2.9,13.65,219.52
24.228,21.932,0,-2.9,13.865,259.1
24.228,21.642,0,-2.9,14.109,349.35
24.165,21.352,-0.026919,-2.9,14.387,476.24
24.158,21.062,0.045638,-2.9,14.691,646.12
24.156,20.772,0.082844,-2.9,15.02,1019.1
24.172,20.482,0.079993,0.58325,15.38,0
24.183,20.54,0.079065,0.58503,15.742,0
24.185,20.599,0.10428,0.58505,16.107,0
24.2,20.657,0.092843,0.5869,16.471,0
24.208,20.716,0.095151,0.58653,16.817,0
24.222,20.774,0.12221,0.58662,17.156,0
24.239,20.833,0.16859,0.58697,17.499,0
24.258,20.892,0.19446,0.58723,17.832,0
24.258,20.951,0,0.58704,18.166,0
24.3,21.009,0.27123,0.58756,18.501,0
24.3,21.068,0,0.58687,18.827,0
24.349,21.127,0.23602,0.5876,19.14,0
24.379,21.185,0.1698,0.5884,19.465,0
24.387,21.244,0.12704,0.58472,19.78,0
24.401,21.303,0.035847,0.58202,20.102,0
24.399,21.361,0.086648,0.57607,20.417,0
24.407,21.419,0.2653,0.57143,20.717,0
24.428,21.476,0.43705,0.56915,21.007,0
24.48,21.533,0.59769,0.5725,21.298,0
24.542,21.59,0.79529,0.57801,21.597,0.77
24.622,21.648,0.79325,0.58686,21.894,0.75282
24.711,21.706,0.68407,0.59759,22.201,0.17904
24.771,21.766,0.54604,0.60223,22.504,0
24.835,21.826,0.2862,0.60729,22.806,0
24.859,21.887,-0.093496,0.60433,23.113,0
24.85,21.947,-0.44737,0.59404,23.41,0
24.85,22.007,0,0.57767,23.697,0
24.739,22.065,-1.0351,0.55441,23.984,0
24.638,22.12,-1.109,0.52452,24.234,0
24.638,22.173,0,0.49138,24.483,0
24.638,22.222,0,0.46078,24.727,0
24.638,22.268,0,0.43377,24.967,0
24.255,22.311,-0.25844,0.412,25.113,0
24.232,22.352,0.026276,0.39984,25.297,0
24.232,22.392,0,0.39441,25.483,0
24.269,22.432,0.59311,0.39342,25.664,0
24.326,22.471,0.67311,0.39855,25.844,0
24.4,22.511,0.42401,0.40739,26.037,0
24.447,22.552,0.025591,0.41024,26.229,0
24.447,22.593,0,0.40144,26.416,0
24.404,22.633,-0.91609,0.38551,26.58,0
24.304,22.671,-1.2318,0.35627,26.743,2.2394
24.304,22.707,0,0.32172,26.905,0
24.059,22.739,-0.94534,0.28949,27.043,1.0345
23.96,22.768,-0.55225,0.26184,27.16,0
23.908,22.794,-0.13675,0.24506,27.273,0
23.898,22.819,0.25337,0.23793,27.389,0
23.914,22.843,0.52132,0.23679,27.497,0
23.972,22.866,0.62254,0.24467,27.598,0
24.03,22.891,0.67095,0.25256,27.716,0
24.099,22.916,0.6337,0.26283,27.829,0
24.163,22.942,0.58425,0.27173,27.948,0
24.217,22.97,0.529,0.27806,28.064,0
24.279,22.997,0.52064,0.28646,28.199,0
24.336,23.026,0.45188,0.29327,28.328,0
24.336,23.055,0,0.2965,28.457,0
24.419,23.085,0.26521,0.29992,28.588,0
24.419,23.115,0,0.30088,28.72,0
24.478,23.145,0.14158,0.30094,28.863,0
24.478,23.175,0,0.29902,28.995,0
24.495,23.205,-0.0074826,0.2922,29.125,0
24.495,23.234,0,0.28777,29.253,0
24.499,23.263,-0.15389,0.28111,29.384,0
24.485,23.291,-0.29332,0.27188,29.496,0
24.485,23.318,0,0.25874,29.614,0
24.419,23.344,-0.50507,0.24535,29.715,0
24.419,23.369,0,0.22778,29.821,0
24.3,23.391,-0.6972,0.20784,29.905,0.68379
24.221,23.412,-0.70407,0.18536,29.994,0.94516
24.15,23.431,-0.75131,0.16498,30.075,1.4136
24.084,23.447,-0.76334,0.14608,30.152,1.6844
24.084,23.462,0,0.12447,30.215,0
23.917,23.474,-0.83683,0.10172,30.265,2.6369
23.832,23.485,-0.92146,0.080013,30.305,3.4954
23.832,23.493,0,0.05914,30.34,0
23.653,23.498,-0.92517,0.035647,30.366,4.0568
23.653,23.502,0,0.013671,30.381,0
23.477,23.503,-0.89598,-0.0044444,30.391,4.3427
23.395,23.503,-0.80322,-0.01811,30.383,3.8933
