8.0556,8.0556,1.042,0,35.5,0.14079
8.0556,8.0556,0,6.7,35.5,60.872
8.1958,8.7256,0.46928,6.7,35.473,55.789
8.2421,9.3956,0.37116,6.7,35.379,61.727
8.274,10.066,0.41354,6.7,35.241,65.254
8.3205,10.736,0.50286,6.7,35.035,67.813
8.3657,11.406,0.91826,-0.18715,34.755,4.1604
8.4608,11.387,1.3898,-0.18241,34.456,2.7302
8.5954,11.369,1.6884,-0.17496,34.172,2.1989
8.77,11.351,2.1469,-0.16469,33.904,2.1905
8.77,11.335,0,-0.152,33.646,7.4063
9.2262,11.319,2.6203,-0.13617,33.448,3.1726
9.4891,11.306,2.6576,-0.11915,33.256,3.5011
9.7464,11.294,2.8057,-0.10227,33.079,4.3383
9.7464,11.284,0,-0.084101,32.925,3.953
10.29,11.275,2.7469,-0.065864,32.813,4.9783
10.563,11.269,2.8057,-0.047362,32.732,5.8155
10.834,11.264,2.8126,-0.028896,32.681,6.4934
11.106,11.261,2.826,-0.010431,32.643,7.2949
11.389,11.26,2.8365,0.10815,32.649,7.2484
11.678,11.271,2.8923,0.34125,32.677,6.405
11.969,11.305,2.9042,0.55451,32.726,5.4543
11.969,11.36,0,0.74539,32.79,0.7814
11.969,11.435,0,0.90587,32.847,1.7316
12.83,11.526,2.8782,1.0629,33.016,3.1598
13.109,11.632,2.8815,1.1903,33.157,2.6992
13.389,11.751,2.8727,1.3023,33.304,2.267
13.682,11.881,2.8852,1.4123,33.474,1.9566
13.964,12.022,2.9027,1.4997,33.655,1.7667
14.249,12.172,2.9781,1.5796,33.848,1.8732
14.249,12.33,0,1.6533,34.048,0.6655
14.826,12.496,3.0079,1.7173,34.304,1.6558
15.126,12.667,3.0276,1.7812,34.537,1.6026
15.43,12.845,3.0336,1.8419,34.798,1.5066
15.724,13.03,2.9341,1.8882,35.071,0.99792
16.025,13.218,2.6611,1.9337,35.352,0
16.288,13.412,2.1606,1.9477,35.634,0
16.514,13.607,1.6068,1.9359,35.923,0
16.676,13.8,1.0931,1.8837,36.213,0
16.794,13.989,0.64951,1.8085,36.487,0
16.86,14.169,0.36821,1.709,36.756,0
16.86,14.34,0,1.6074,37.016,0
16.923,14.501,0.27796,1.4982,37.269,0
16.95,14.651,0.27414,1.4062,37.515,0
16.95,14.791,0,1.3231,37.738,0
16.95,14.924,0,1.2467,37.947,0
17.037,15.048,0.3367,1.1808,38.156,0
17.037,15.167,0,1.1155,38.349,0
17.096,15.278,0.60882,1.062,38.541,0
17.152,15.384,0.90197,1.0252,38.723,0
17.244,15.487,1.2292,1.0119,38.908,0
17.372,15.588,1.5342,1.0206,39.088,0
17.372,15.69,0,1.0406,39.261,0
17.707,15.794,1.792,1.0798,39.466,0
17.885,15.902,1.7566,1.1116,39.662,0
18.051,16.013,1.7243,1.1344,39.872,0
18.226,16.127,1.7134,1.1603,40.075,0
18.401,16.243,1.73,1.1838,40.287,0
18.566,16.361,1.7286,1.201,40.508,0
18.566,16.481,0,1.2217,40.723,0
18.908,16.603,1.6759,1.2368,40.966,0
19.08,16.727,1.7012,1.2535,41.197,0
19.245,16.852,1.701,1.2657,41.443,0
19.414,16.979,1.7032,1.2788,41.693,0
19.414,17.107,0,1.2943,41.93,0
19.763,17.236,1.7575,1.3077,42.19,0
19.934,17.367,1.7258,1.3193,42.449,0
20.1,17.499,1.7305,1.3274,42.717,0
20.1,17.632,0,1.3408,42.971,0
20.443,17.766,1.6565,1.3471,43.254,0
20.602,17.9,1.6759,1.3496,43.526,0
20.765,18.035,1.6455,1.3539,43.792,0
20.765,18.171,0,1.359,44.058,0
21.095,18.307,1.5362,1.3645,44.352,0
21.095,18.443,0,1.3639,44.624,0
21.386,18.58,0.96591,1.3551,44.92,0
21.386,18.715,0,1.3258,45.194,0
21.386,18.848,0,1.2859,45.455,0
21.597,18.976,0.23606,1.2414,45.737,0
21.597,19.1,0,4.8,45.993,23.358
21.597,19.58,0,0.93464,46.218,0
21.648,19.674,0.16971,0.89206,46.423,0
21.648,19.763,0,0.85656,46.616,0
21.681,19.849,0.10534,0.82182,46.798,0
21.687,19.931,0.13685,0.78459,46.969,0
21.697,20.009,0.33528,0.75126,47.131,0
21.731,20.084,0.49466,0.73111,47.301,0
21.79,20.158,0.66839,4.8,47.47,19.65
21.86,20.638,0.88471,0.52184,47.617,0
21.86,20.69,0,0.53885,47.736,0
22.062,20.744,1.0034,0.56043,47.86,0
22.164,20.8,0.94428,0.57856,47.995,0
22.255,20.858,0.88589,0.59143,48.127,0
22.35,20.917,0.79749,0.60555,48.268,0
22.427,20.977,0.83093,0.61093,48.406,0
22.512,21.038,0.79148,0.6195,48.544,0
22.512,21.1,0,0.62126,48.688,0
22.664,21.162,0.71112,4.8,48.833,19.86
22.664,21.642,0,0.4395,48.959,0
22.664,21.686,0,0.44814,49.059,0
22.839,21.731,0.34468,0.44628,49.181,0
22.839,21.776,0,0.44247,49.289,0
22.897,21.82,0.14952,0.43288,49.409,0
22.907,21.863,0.021764,0.41885,49.506,0
22.909,21.905,-0.085973,0.40204,49.6,0
22.899,21.945,-0.27354,0.38162,49.69,0
22.872,21.984,-0.37742,0.35477,49.789,0
22.84,22.019,-0.45315,0.32749,49.866,0.35834
22.803,22.052,-0.43092,0.29935,49.935,0.3593
22.769,22.082,-0.42626,0.27349,50.004,0.42756
22.717,22.109,-0.44219,0.24196,50.061,0.6033
22.682,22.133,-0.42381,4.8,50.12,42.625
22.648,22.613,-0.42532,0.01341,50.156,1.3324
22.648,22.615,0,-0.00072673,50.16,0
22.558,22.615,-0.43166,-0.0039819,50.149,1.5738
22.514,22.614,-0.37725,-0.0070839,50.136,1.4517
22.471,22.613,-0.29541,-0.010041,50.118,1.2208
22.445,22.612,-0.27235,-0.011829,50.108,1.1958
22.424,22.611,-0.28255,-0.013245,50.083,1.2889
22.388,22.61,-0.27409,-0.015695,50.059,1.3465
22.388,22.608,0,-0.017742,50.037,0.43518
22.33,22.607,-0.40326,-0.019546,50.007,2.0801
22.289,22.605,-0.3978,-0.022326,49.968,2.1689
22.24,22.602,-0.38901,-0.025673,49.932,2.2652
22.196,22.6,-0.3138,-0.028625,49.89,2.0208
22.169,22.597,-0.23856,-0.030394,49.853,1.7529
22.144,22.594,-0.23433,-0.032009,49.812,1.7954
22.12,22.591,-0.28809,-0.033546,49.769,2.0949
22.089,22.587,-0.40394,-0.035565,49.719,2.7605
22.051,22.584,-0.46287,-0.038047,49.668,3.2013
21.999,22.58,-0.53291,-0.041555,49.617,3.7931
21.954,22.576,-0.60615,-0.044551,49.558,4.4285
21.89,22.571,-0.60053,-0.048905,49.493,4.6039
21.822,22.567,-0.56558,-0.053594,49.425,4.5886
21.766,22.561,-0.56989,-0.057312,49.356,4.7996
21.7,22.555,-0.49485,-0.061841,49.269,4.497
21.7,22.549,0,-0.065557,49.184,1.8883
21.611,22.543,-0.33119,-0.0677,49.089,3.7268
21.611,22.536,0,-0.06982,48.996,2.0874
21.564,22.529,-0.16136,-0.070596,48.891,2.9208
21.555,22.522,-0.051986,-0.070914,48.788,2.4215
21.548,22.515,0.05334,-0.07112,48.695,1.9979
21.562,22.508,0.21422,-0.069732,48.6,1.4117
21.562,22.501,0,-0.067849,48.506,2.1344
21.607,22.494,0.39487,-0.065773,48.418,0.85147
21.607,22.487,0,-0.062554,48.33,1.987
21.607,22.481,0,-0.059515,48.242,1.9806
21.733,22.475,0.48067,-0.05546,48.186,0.46191
21.785,22.47,0.56138,-0.051294,48.109,0.28627
21.849,22.464,0.65985,-0.046181,48.05,0.13474
21.849,22.46,0,-0.041119,47.988,1.3238
21.849,22.456,0,-0.035435,47.927,1.3317
22.053,22.452,0.79845,-0.030097,47.903,0
22.135,22.449,0.79538,-0.023687,47.86,0
22.135,22.447,0,-0.017175,47.829,0.64711
22.301,22.445,0.83309,-0.010897,47.82,0
22.392,22.444,0.80875,-0.0039403,47.816,0
22.468,22.444,0.75887,0.0091993,47.814,0
22.542,22.445,0.71495,0.036385,47.816,0
22.62,22.448,0.65318,0.064144,47.835,0
22.677,22.455,0.47345,0.082786,47.864,0
22.677,22.463,0,0.098556,47.886,0
22.756,22.473,0.20835,0.10546,47.912,0
22.756,22.483,0,0.10992,47.94,0
22.787,22.494,0.0493,0.1089,47.979,0
22.792,22.505,0.010058,0.10665,48.012,0
22.793,22.516,-0.0069122,0.10289,48.034,0
22.799,22.526,-0.0088835,0.1014,48.07,0
22.798,22.536,-0.0064662,0.097437,48.095,0
22.797,22.546,-0.0075903,0.093147,48.111,0
22.804,22.555,-0.019762,0.092458,48.133,0
22.8,22.565,-0.049714,0.087398,48.148,0
22.799,22.573,-0.053376,0.083863,48.165,0
22.799,22.582,0,0.080776,48.187,0
22.803,22.59,-0.043761,0.07909,48.199,0
22.793,22.598,-0.0052357,0.072418,48.219,0
22.793,22.605,0,0.065924,48.239,0
22.774,22.611,0.022665,0.060443,48.274,0
22.785,22.618,0.0066543,0.062104,48.291,0
22.785,22.624,0,0.058268,48.308,0
22.783,22.63,-0.05405,0.05701,48.327,0
22.783,22.635,-0.065219,0.054938,48.34,0
22.77,22.641,0.0035652,0.048002,48.345,0
22.762,22.646,0.00035425,0.043252,48.349,0
22.754,22.65,0.039672,0.038413,48.356,0
22.759,22.654,0.0649,0.039035,48.373,0
22.764,22.658,0.044411,0.039448,48.377,0
22.762,22.662,-0.04096,0.037072,48.395,0
22.765,22.665,-0.025526,0.037039,48.4,0
22.755,22.669,-0.038027,0.031845,48.411,0
22.755,22.672,-0.094814,0.030776,48.426,0.11203
22.746,22.675,-0.057434,0.026245,48.439,0.036654
22.746,22.678,0,0.02158,48.446,0
22.726,22.68,-0.018655,0.016966,48.457,0
22.726,22.682,0,0.014411,48.461,0
22.708,22.683,-0.11944,0.0092982,48.462,0.25389
22.691,22.684,-0.12063,0.002429,48.456,0.28205
22.677,22.684,-0.16004,-0.00052951,48.446,0.41832
22.677,22.684,0,-0.0019899,48.445,0.01023
22.677,22.684,0,-0.003372,48.445,0.0069122
22.677,22.684,0,-0.0039391,48.444,0.0050308
22.629,22.683,-0.055976,-0.0040564,48.437,0.23579
22.629,22.683,0,-0.004755,48.431,0.10149
22.613,22.682,-0.019873,-0.0052022,48.423,0.17925
22.608,22.682,-0.051018,-0.005512,48.406,0.26324
22.602,22.681,-0.080177,-0.0059835,48.397,0.3521
22.597,22.681,-0.068322,-0.0063133,48.397,0.32997
22.598,22.68,-0.052095,-0.0061787,48.391,0.28427
22.59,22.68,-0.072861,-0.0067308,48.38,0.35364
22.585,22.679,-0.035982,-0.0070299,48.367,0.26708
22.589,22.678,-0.0088223,-0.0066691,48.353,0.19199
22.595,22.678,0.06061,-0.0061959,48.34,0.030641
22.595,22.677,0,-0.0053668,48.332,0.15972
22.606,22.676,0.021877,-0.0052747,48.324,0.087113
22.606,22.676,0,-0.0047601,48.317,0.1351
22.618,22.675,0.10488,-0.0043035,48.318,0
22.634,22.675,-0.016593,-0.0030559,48.303,0.11464
22.634,22.675,0.05057,-0.0030575,48.303,0
22.634,22.674,0,-0.0026159,48.299,0.078045
22.645,22.674,0.011439,-0.0021907,48.293,0.031127
22.646,22.674,-0.014125,-0.0020851,48.296,0.083836
22.643,22.674,0.026601,-0.0022796,48.296,0.0020085
22.639,22.673,0.022062,-0.0025762,48.296,0.018677
22.65,22.673,0.036742,-0.0017115,48.29,0
22.657,22.673,0.019588,-0.0012113,48.295,0
22.657,22.673,0,-0.0011812,48.294,0.030431
22.656,22.673,0.014772,-0.0012644,48.284,0.0009426
22.651,22.673,0.024243,-0.0015968,48.273,0
22.644,22.672,0.010084,-0.0021277,48.276,0.032363
22.651,22.672,0.012256,-0.0016188,48.273,0.01501
22.653,22.672,0.022044,-0.0014439,48.269,0
22.659,22.672,-0.0096582,-0.00093908,48.261,0.044468
22.657,22.672,-0.012235,-0.0011467,48.256,0.055409
22.657,22.672,0,-0.0008831,48.254,0.029261
22.649,22.672,-0.021013,-0.001678,48.246,0.08864
22.651,22.671,-0.046405,-0.0015365,48.243,0.14375
22.647,22.671,0.019009,-0.0018518,48.233,0.0067843
22.653,22.671,0.023734,-0.0013654,48.232,0
22.653,22.671,0,-0.00053165,48.231,0.035952
22.653,22.671,0,-0.00098386,48.229,0.034874
22.648,22.671,-0.039563,-0.0017415,48.237,0.133
22.644,22.671,-0.095428,-0.0019836,48.23,0.2792
22.631,22.67,-0.068559,-0.0029644,48.219,0.23676
22.628,22.67,0.016829,-0.0031693,48.216,0.04423
22.628,22.67,0,-0.0028541,48.212,0.080372
22.639,22.67,0.14199,-0.0023405,48.203,0
22.639,22.669,0,-0.001605,48.2,0.060269
22.664,22.669,0.15966,-0.00036844,48.199,0
22.686,22.669,0.079635,0.0061219,48.197,0
22.685,22.67,0.028697,0.0057927,48.204,0
22.685,22.67,0,0.0096622,48.206,0
22.685,22.671,0,0.0081194,48.207,0
22.686,22.672,-0.0039326,0.0050452,48.206,0
22.68,22.673,0.018301,0.0027573,48.215,0
22.68,22.673,0,0.0023617,48.216,0
22.679,22.673,0.040612,0.0022733,48.216,0
22.679,22.673,0,0.0052935,48.216,0
22.694,22.674,0.084362,0.0073951,48.215,0
22.705,22.675,0.070255,0.011151,48.218,0
22.704,22.676,0.069082,0.010335,48.212,0
22.705,22.677,0.079551,0.010277,48.211,0
22.708,22.678,0.038263,0.011059,48.206,0
22.709,22.679,0.044775,0.01102,48.217,0
22.704,22.68,0.02252,0.0088575,48.226,0
22.701,22.681,-0.021837,0.007505,48.219,0.020868
22.699,22.682,-0.015209,0.0063017,48.23,0.010595
22.699,22.682,0,0.002386,48.232,0
22.696,22.683,0.04811,0.0049077,48.25,0
22.696,22.683,0,0.0067003,48.251,0
22.702,22.684,0.14271,0.0067983,48.254,0
22.725,22.684,0.069016,0.014851,48.252,0
22.725,22.686,0,0.015984,48.256,0
22.722,22.687,-0.13912,0.012622,48.25,0.29571
22.706,22.689,-0.14374,0.0064621,48.253,0.33147
22.7,22.689,-0.15014,0.0038406,48.254,0.35945
22.682,22.69,-0.10606,-0.0005893,48.249,0.26825
22.682,22.69,0,-0.00086709,48.248,0.014119
22.676,22.69,0.035118,-0.00099741,48.259,0
22.676,22.689,0,-7.3993e-05,48.258,0.0269
22.687,22.689,0.035313,-0.00018331,48.268,0
22.695,22.689,0.025172,0.0020481,48.268,0
22.707,22.69,0.017684,0.0063096,48.268,0
22.717,22.69,0.0046757,0.0099634,48.272,0
22.715,22.691,-0.0088237,0.0088636,48.282,0
22.714,22.692,-0.041666,0.0080338,48.279,0.063636
22.702,22.693,-0.023782,0.0032808,48.285,0.03993
22.696,22.693,-0.010161,0.0010587,48.293,0.017932
22.694,22.693,-0.023065,0.00020947,48.3,0.049077
22.701,22.693,-0.066215,0.0027319,48.307,0.14056
22.69,22.694,-0.15672,-0.00026813,48.303,0.40071
22.69,22.694,0,-0.0010194,48.302,0.0051148
22.653,22.694,-0.51277,-0.0030771,48.308,1.9241
22.653,22.693,0,-0.0072455,48.304,0.068452
22.518,22.693,-1.1093,-0.013108,48.286,6.8889
22.518,22.691,0,-0.020965,48.269,0.32044
22.266,22.689,-1.8736,-0.031925,48.223,19.298
22.083,22.686,-2.2295,-0.04553,48.179,28.499
21.852,22.681,-2.4562,-0.062781,48.099,36.419
21.602,22.675,-2.654,-0.081474,48.006,44.61
21.332,22.667,-2.7237,-0.10168,47.895,48.911
21.067,22.657,-2.7604,-0.12166,47.745,52.01
20.795,22.645,-2.8688,-0.14227,47.577,58.012
20.795,22.63,0,-0.16501,47.392,4.5796
20.207,22.614,-3.1626,-0.18767,47.145,74.668
20.207,22.595,0,-0.21282,46.905,6.3499
19.549,22.574,-3.2886,-0.2399,46.606,84.742
19.222,22.55,-3.1276,-0.26655,46.295,78.863
18.916,22.523,-3.0442,-0.29215,45.949,76.918
18.603,22.494,-2.9193,-0.31891,45.579,73.496
18.308,22.462,-2.8376,-0.34496,45.174,71.944
18.026,22.428,-2.8651,-0.37083,44.74,74.595
18.026,22.391,0,-0.39702,44.302,13.645
17.435,22.351,-3.1259,-0.42693,43.824,88.683
17.131,22.308,-3.2457,-0.45744,43.315,95.693
16.813,22.262,-3.3639,-0.49017,42.791,102.93
16.471,22.213,-3.507,-0.52644,42.237,111.79
16.119,22.161,-3.537,-0.56568,41.639,114.99
15.766,22.104,-3.4938,-0.60657,41.021,114.38
15.766,22.044,0,-0.64876,40.39,21.22
15.083,21.979,-3.3737,-0.69267,39.687,111.44
14.749,21.909,-3.3576,-0.73794,38.991,112.05
14.749,21.836,0,-0.78559,38.279,24.359
14.084,21.757,-3.681,-0.8367,37.511,130.72
13.706,21.673,-3.8658,-0.89602,36.721,142.22
13.315,21.584,-4.0075,-0.9606,35.91,151.75
12.921,21.488,-4.1475,-1.0301,35.063,161.46
12.508,21.385,-4.1159,-1.1074,34.183,160.56
12.102,21.274,-3.9655,-1.1896,33.274,152.53
12.102,21.155,0,-1.2768,32.363,30.794
11.32,21.027,-3.6296,-1.3694,31.381,135.87
10.962,20.89,-3.4258,-1.4665,30.39,126.32
10.962,20.744,0,-1.5689,29.404,32.162
10.276,20.587,-3.2668,-1.6796,28.365,119.12
9.9546,20.419,-3.2843,-1.7964,27.33,119.48
9.633,20.239,-3.2357,-1.9246,26.275,116.68
9.3072,20.047,-3.1543,-2.0655,25.207,112.26
9.3072,19.84,0,-2.2179,24.143,30.211
8.688,19.618,-2.7851,-2.3801,23.051,94.651
8.419,19.38,-2.6521,-2.5543,21.947,87.63
8.1564,19.125,-2.5567,-2.7415,20.853,81.755
7.8965,18.851,-2.525,-2.9491,19.747,77.665
7.6373,18.556,-2.6718,-3.1724,18.662,79.327
7.6373,18.239,0,-3.4258,17.586,20.139
7.0869,17.896,-3.0206,-3.7052,16.487,84.645
6.7939,17.526,-3.113,-4.0244,15.401,83.831
6.7939,17.123,0,-4.3781,14.348,12.94
6.1543,16.685,-3.2095,-7.3838,13.284,13.196
5.8358,15.947,-3.1579,-7.327,12.261,12.107
5.8358,15.214,0,-7.1916,11.286,42.667
5.2175,14.495,-2.7903,-6.9598,10.322,10.267
5.2175,13.799,0,-6.7103,9.429,37.859
4.6971,13.128,-2.2981,-6.4588,8.5419,8.5408
4.6971,12.482,0,-6.2013,7.7311,28.548
4.6971,11.862,0,-5.9991,6.9836,27.701
4.6971,11.262,0,-5.8576,6.2971,26.769
3.9045,10.676,-1.5261,-5.6973,5.497,6.1664
3.759,10.107,-1.4147,-5.5738,4.8439,5.4442
3.759,9.5493,0,-5.5639,4.2371,13.998
3.4685,8.9929,-1.482,-5.6451,3.6655,2.8573
3.328,8.4284,-1.618,-5.7592,3.1409,1.7543
3.328,7.8525,0,-5.9069,2.6596,6.9626
2.985,7.2618,-1.9373,-6.0888,2.2029,0.043998
2.985,6.6529,0,-6.2012,1.8057,2.199
2.5923,6.0328,-1.971,-8.8,1.4261,0
2.3888,5.1528,-1.8121,-8.8,1.1166,0
2.3888,4.2728,0,-8.8,0.88417,0
2.062,3.3928,-1.3346,-8.8,0.69878,0
1.9311,2.5128,-0.86626,-8.8,0.60805,0
1.8483,1.6328,-0.49063,-8.8,0.58434,0
1.808,0.75277,-0.14709,-8.8,0.63761,0
1.7979,0,0.17024,-8.8,0.78554,0
1.7979,0,0,-8.8,1.0093,0
1.848,0,0.45929,-8.8,1.2367,0
1.848,0,0,-8.8,1.4655,0
1.9495,0,0.76677,-8.8,1.711,0
2.0324,0,1.1435,-8.8,1.9508,0
2.0324,0,0,-8.8,2.198,0
2.3112,0,2.1734,-8.8,2.4832,0
2.5366,0,2.724,-8.8,2.7713,3.7516
2.5366,0,0,-8.8,3.069,0
3.1291,0,3.5837,-8.8,3.4154,19.207
3.4972,0,3.9472,-8.8,3.7842,28.152
3.8858,0,4.2606,-8.8,4.1912,37.561
3.8858,0,0,-8.8,4.6238,0
4.7681,0,4.6366,4.6366,5.141,0
5.2403,0.46366,4.5881,4.5881,5.6172,0
5.2403,0.92247,0,4.9,6.0719,13.803
5.2403,1.4125,0,4.9,6.4792,16.564
6.5257,1.9025,3.7256,4.9,7.0467,0
6.9078,2.3925,3.5732,4.9,7.4983,0
7.2683,2.8825,3.4566,4.9,7.9366,0
7.2683,3.3725,0,4.9,8.3507,16.177
7.9657,3.8625,3.7412,4.9,8.7845,0
8.3459,4.3525,3.7752,4.9,9.1875,0
8.7195,4.8425,3.6953,4.4717,9.5845,0
9.0839,5.2896,3.6456,3.9102,9.9676,0
9.4393,5.6807,3.6217,3.5544,10.346,0
9.8059,6.0361,3.5836,3.3241,10.717,0
9.8059,6.3685,0,3.1533,11.078,3.7634
9.8059,6.6838,0,3.0356,11.406,4.3444
9.8059,6.9874,0,2.9404,11.703,5.0377
11.23,7.2814,3.5765,2.8668,12.249,0.17036
11.23,7.5681,0,2.8137,12.629,0.5888
11.947,7.8495,3.58,2.7758,13.049,1.1547
12.304,8.1271,3.5973,2.747,13.47,1.6658
12.665,8.4018,3.6115,2.7274,13.9,2.1345
13.025,8.6745,3.597,2.712,14.333,2.4424
13.391,8.9457,3.5197,2.7047,14.779,2.3709
13.738,9.2162,3.4596,2.6885,15.228,2.4159
14.087,9.485,3.1921,2.6778,15.689,1.3023
14.402,9.7528,2.5681,2.65,16.15,0
14.666,10.018,1.9473,2.5987,16.618,0
14.86,10.278,1.3134,2.5163,17.087,0
14.994,10.529,0.66677,2.4091,17.534,0
15.07,10.77,0.24967,2.283,17.963,0
15.096,10.999,0.21558,2.1439,18.38,0
15.123,11.213,0.30034,2.0186,18.771,0
15.16,11.415,0.7191,1.9098,19.148,0
15.238,11.606,1.3212,1.8334,19.524,0
15.372,11.789,1.7872,1.7912,19.891,0
15.549,11.968,2.0993,1.7735,20.249,0
15.549,12.146,0,1.7725,20.598,0
15.969,12.323,2.2192,1.7748,20.976,0.68779
15.969,12.5,0,1.7863,21.332,0
15.969,12.679,0,1.786,21.67,0
16.626,12.858,2.3953,1.7899,22.102,1.8356
16.626,13.036,0,1.8087,22.469,0
17.136,13.217,2.8405,1.8327,22.876,4.5919
17.43,13.401,2.9214,1.8704,23.279,5.1641
17.43,13.588,0,1.9089,23.673,0
18.019,13.779,2.9407,1.9387,24.108,5.4462
18.304,13.972,2.9576,1.9654,24.54,5.6589
18.597,14.169,2.9745,1.9934,24.97,5.8857
18.886,14.368,2.9894,2.0181,25.408,6.1129
18.886,14.57,0,2.0452,25.85,0
19.479,14.775,3.0856,2.0696,26.318,7.0573
19.782,14.982,3.1086,2.0965,26.793,7.3671
20.095,15.191,3.147,2.1265,27.283,7.7931
20.416,15.404,3.1429,2.1576,27.772,7.9268
20.731,15.62,3.122,2.1845,28.276,7.9427
20.731,15.838,0,2.2083,28.776,0
21.348,16.059,3.1547,2.2279,29.312,8.5631
21.665,16.282,3.151,2.2521,29.846,8.7292
21.983,16.507,3.1681,2.2747,30.38,9.0732
22.293,16.734,3.1893,2.2939,30.941,9.4439
22.619,16.964,3.1646,2.3176,31.493,9.4758
22.939,17.196,3.1074,2.3373,32.056,9.2541
23.247,17.429,2.8594,2.352,32.637,7.5347
23.529,17.664,2.3595,2.3551,33.212,4.0518
23.767,17.9,1.7976,2.3408,33.801,0.50447
23.951,18.134,1.2204,2.3055,34.383,0
24.083,18.365,0.67841,2.2519,34.955,0
24.147,18.59,0.34769,2.1754,35.519,0
24.178,18.807,0.30752,2.0903,36.071,0
24.208,19.016,0.31715,2.0094,36.593,0
24.234,19.217,0.33972,1.9316,37.106,0
24.234,19.41,0,1.8626,37.598,0
24.31,19.597,0.37025,1.7981,38.094,0
24.354,19.777,0.44792,1.7387,38.565,0
24.397,19.95,0.73382,1.6819,39.017,0
24.461,20.119,1.0986,1.6359,39.463,0
24.57,20.282,1.3498,1.6095,39.903,0
24.703,20.443,1.7116,1.5931,40.329,1.2957
24.703,20.602,0,1.5946,40.747,0
25.066,20.762,1.9124,1.5979,41.173,2.6259
25.254,20.922,1.8673,1.6021,41.599,2.4064
25.434,21.082,1.9167,1.6039,42.034,2.7769
25.616,21.242,1.8876,1.6062,42.461,2.6564
25.808,21.403,1.9295,1.612,42.895,2.989
25.998,21.564,1.918,1.6169,43.333,2.9813
25.998,21.726,0,1.6241,43.768,0
26.382,21.888,1.8957,1.6272,44.218,2.971
26.575,22.051,1.8687,1.6331,44.675,2.8599
26.575,22.214,0,1.6327,45.12,0
26.942,22.378,1.844,1.6365,45.576,2.8292
27.118,22.541,1.8337,1.6357,46.04,2.821
27.309,22.705,1.8412,1.6403,46.504,2.934
27.484,22.869,1.8359,1.6392,46.973,2.958
27.67,23.033,1.8337,1.6418,47.44,3.0074
27.855,23.197,1.7707,1.6442,47.912,2.6561
28.033,23.361,1.5167,1.6437,48.372,1.12
28.176,23.526,1.2094,1.6309,48.832,0
28.176,23.689,0,1.6124,49.289,0
28.382,23.85,0.54258,1.5791,49.747,0
28.445,24.008,0.29549,1.5415,50.198,0
28.445,24.162,0,1.4965,50.634,0
28.513,24.312,0.2531,1.4508,51.052,0
28.513,24.457,0,1.4052,51.465,0
28.574,24.597,0.27124,1.3659,51.864,0
28.594,24.734,0.28665,1.3225,52.252,0
28.622,24.866,0.3937,1.2835,52.624,0
28.622,24.994,0,1.2532,52.993,0
28.622,25.12,0,1.2226,53.35,0
28.778,25.242,0.9088,1.2004,53.73,0
28.864,25.362,1.0886,1.1861,54.083,0
28.965,25.481,1.1523,1.1778,54.429,0
29.081,25.599,1.1979,1.1749,54.784,0
29.211,25.716,1.1853,4.8,55.136,5.3948
29.211,26.196,0,1.0258,55.462,0
29.439,26.299,1.0851,4.8,55.783,7.7802
29.548,26.779,1.0271,0.88479,56.078,0
29.66,26.867,0.98584,0.89158,56.364,0
29.66,26.956,0,0.89198,56.639,0
29.837,27.045,0.82628,4.8,56.931,11.846
29.923,27.525,0.71272,0.74455,57.188,0
29.985,27.6,0.62103,0.74021,57.431,0
29.985,27.674,0,4.8,57.666,24.469
30.1,28.154,0.55002,0.58808,57.876,0
30.156,28.213,0.55111,0.58704,58.067,0
30.21,28.271,0.53694,0.58539,58.262,0
30.255,28.33,0.53775,0.58113,58.465,0
30.303,28.388,0.50959,4.8,58.656,20.007
30.348,28.868,0.45969,0.43524,58.818,0
30.348,28.912,0,0.43634,58.963,0
30.449,28.955,0.4602,0.43887,59.112,0
30.492,28.999,0.50029,0.43871,59.265,0
30.55,29.043,0.51891,0.4428,59.419,0
30.609,29.087,0.5375,-2,59.57,44.646
30.609,28.887,0,4.8,59.732,28.059
30.72,29.367,0.45513,0.39284,59.885,0
30.72,29.407,0,-2,60.019,32.821
30.807,29.207,0.34958,-2,60.186,44.21
30.835,29.007,0.30873,4.8,60.353,23.068
30.835,29.487,0,-2,60.512,33.59
30.897,29.287,0.28902,-2,60.654,43.693
30.931,29.087,0.28583,-2,60.817,50.151
30.931,28.887,0,4.8,61.012,26.087
30.931,29.367,0,-2,61.192,38.76
31.034,29.167,0.4401,-2,61.371,52.741
31.076,28.967,0.46417,4.8,61.565,19.48
31.115,29.447,0.46472,-2,61.746,47.458
31.115,29.247,0,-2,61.923,47.408
31.193,29.047,0.47632,4.8,62.135,19.123
31.242,29.527,0.42491,-2,62.322,48.216
31.242,29.327,0,-2,62.504,48.903
31.321,29.127,0.40714,-2,62.719,63.121
31.356,28.927,0.42282,4.8,62.942,18.207
31.4,29.407,0.39574,-2,63.159,56.107
31.447,29.207,0.44569,-2,63.374,65.22
31.484,29.007,0.47251,4.8,63.615,17.345
31.523,29.487,0.53014,-2,63.842,59.093
31.568,29.287,0.50559,-2,64.064,67.364
