16.667,16.667,0.65639,0,35.5,0
16.727,16.667,0.69567,0.028289,35.498,0
16.798,16.669,0.62382,0.060515,35.505,0
16.861,16.676,0.58671,0.08716,35.518,0
16.918,16.684,0.52717,0.10988,35.543,0
16.968,16.695,0.48729,0.12782,35.576,0
16.968,16.708,0,0.14821,35.602,0
17.076,16.723,0.41874,0.16562,35.638,0
17.109,16.739,0.34496,0.17319,35.674,0
17.109,16.757,0,0.18327,35.71,0
17.182,16.775,0.23299,0.19031,35.756,0
17.205,16.794,0.17002,0.19179,35.792,0
17.224,16.813,0.12204,0.19165,35.835,0
17.241,16.832,0.061666,0.19066,35.87,0
17.243,16.852,-0.033608,0.18231,35.902,0
17.235,16.87,-0.14252,0.16984,35.94,0
17.235,16.887,0,0.15861,35.976,0
17.214,16.903,-0.16111,0.14487,36.019,0.06506
17.202,16.917,-0.17071,0.13245,36.057,0.12209
17.182,16.93,-0.15215,0.11668,36.089,0.10477
17.174,16.942,-0.10804,0.10782,36.103,0.0038903
17.174,16.953,0,0.10049,36.126,0
17.174,16.963,0,0.09274,36.148,0
17.136,16.972,-0.1267,0.075948,36.162,0.12831
17.125,16.98,-0.11378,0.06704,36.179,0.11423
17.106,16.986,-0.14339,0.055505,36.196,0.22293
17.089,16.992,-0.15008,0.044802,36.204,0.2673
17.089,16.996,0,0.037023,36.214,0
17.089,17,0,0.028279,36.223,0
17.028,17.003,-0.38447,0.011437,36.226,1.1776
16.99,17.004,-0.42318,-0.0012848,36.219,1.414
16.945,17.004,-0.4787,-0.0052241,36.22,1.8022
16.888,17.003,-0.4932,-0.010242,36.221,2.0416
16.831,17.002,-0.49438,-0.015136,36.216,2.2125
16.784,17.001,-0.50796,-0.019193,36.201,2.424
16.729,16.999,-0.51203,-0.023974,36.17,2.6114
16.729,16.997,0,-0.029081,36.143,0.51351
16.614,16.994,-0.51312,-0.033774,36.12,2.9614
16.554,16.99,-0.50673,-0.038793,36.088,3.1014
16.502,16.986,-0.4934,-0.043167,36.04,3.1759
16.444,16.982,-0.47029,-0.048081,35.995,3.2116
16.444,16.977,0,-0.052523,35.941,1.0874
16.343,16.972,-0.43603,-0.056502,35.868,3.298
16.302,16.966,-0.44466,-0.059818,35.805,3.4601
16.256,16.96,-0.43412,-0.063521,35.745,3.5226
16.204,16.954,-0.44641,-0.067833,35.671,3.7427
16.162,16.947,-0.45242,-0.071331,35.592,3.8963
16.124,16.94,-0.47931,-0.074313,35.521,4.1668
16.072,16.933,-0.47295,-0.078604,35.442,4.2728
16.023,16.925,-0.5177,-0.082686,35.35,4.711
16.023,16.917,0,-0.087616,35.26,1.9322
16.023,16.908,0,-0.09215,35.171,1.891
15.854,16.899,-0.58211,-0.096928,35.065,5.6777
15.794,16.889,-0.60619,-0.10205,34.953,6.0446
15.742,16.879,-0.62707,-0.10643,34.841,6.3628
15.68,16.868,-0.7021,-0.11187,34.716,7.1861
15.603,16.857,-0.7845,-0.11866,34.586,8.1889
15.603,16.845,0,-0.12486,34.461,2.8123
15.457,16.833,-0.89342,-0.13168,34.321,9.776
15.457,16.819,0,-0.13916,34.184,3.1274
15.272,16.805,-0.92525,-0.14853,34.031,10.791
15.272,16.791,0,-0.15768,33.878,3.5429
15.091,16.775,-0.90054,-0.16555,33.694,11.166
15.008,16.758,-0.89572,-0.17322,33.529,11.393
14.923,16.741,-0.91572,-0.18136,33.342,11.905
14.923,16.723,0,-0.19098,33.161,4.3243
14.723,16.704,-1.0051,-0.20085,32.97,13.685
14.624,16.684,-1.0813,-0.21057,32.777,15.012
14.514,16.663,-1.1483,-0.22188,32.559,16.332
14.514,16.64,0,-0.23429,32.345,5.256
14.268,16.617,-1.1823,-0.24747,32.109,17.755
14.147,16.592,-1.199,-0.26043,31.867,18.451
14.027,16.566,-1.2234,-0.27355,31.608,19.251
13.907,16.539,-1.2246,-0.2869,31.353,19.705
13.778,16.51,-1.2773,-0.30148,31.088,20.997
13.648,16.48,-1.1714,-0.31645,30.815,19.827
13.526,16.448,-0.81736,-0.33105,30.518,15.413
13.526,16.415,0,-0.34113,30.228,7.5491
13.413,16.381,0.10463,-0.34612,29.911,7.1414
13.42,16.346,0.59841,-0.3459,29.626,4.4584
13.475,16.312,0.94805,-0.33979,29.344,3.1255
13.567,16.278,1.0458,-0.32902,29.074,2.6739
13.676,16.245,1.0483,-0.31587,28.809,2.4233
13.771,16.213,1.0527,-0.30395,28.561,2.2069
13.882,16.183,1.0611,-0.28992,28.316,1.9764
13.981,16.154,1.0852,-0.27701,28.083,1.7638
14.086,16.126,1.2166,-0.26285,27.866,1.5086
14.086,16.1,0,-0.24675,27.664,4.7886
14.34,16.075,1.5727,-0.22802,27.485,1.4206
14.34,16.053,0,-0.20632,27.312,3.9581
14.672,16.032,1.9737,-0.1814,27.183,2.1778
14.672,16.014,0,-0.15298,27.048,3.002
15.077,15.999,2.1584,-0.12424,26.965,3.0205
15.077,15.986,0,-0.092682,26.873,1.9563
15.524,15.977,2.2362,-0.061484,26.836,3.8277
15.746,15.971,2.266,-0.030529,26.797,4.2782
15.98,15.968,2.2157,0.0047162,26.786,4.3744
16.198,15.968,2.1905,0.09037,26.797,4.1811
16.426,15.977,2.1031,0.17634,26.839,3.6791
16.63,15.995,1.9102,0.24963,26.888,2.7018
16.63,16.02,0,0.3169,26.95,0
16.981,16.051,1.2407,0.36471,27.04,0.0012407
17.112,16.088,0.80302,0.40163,27.134,0
17.112,16.128,0,0.41644,27.234,0
17.112,16.17,0,0.41249,27.33,0
17.112,16.211,0,0.39069,27.423,0
17.182,16.25,-0.43521,0.3646,27.564,0.098982
17.147,16.286,-0.59478,0.33624,27.646,0.93613
17.085,16.32,-0.7073,0.29877,27.736,1.7082
17.016,16.35,-0.82075,0.25983,27.808,2.597
17.016,16.376,0,0.21832,27.874,0
16.834,16.398,-1.209,0.16977,27.914,6.3382
16.715,16.415,-1.3301,0.11706,27.953,7.9362
16.715,16.426,0,0.058184,27.982,0
16.715,16.432,0,-0.00069798,28.011,0
16.715,16.432,0,-0.019777,28.039,0
16.715,16.43,0,-0.03727,28.067,0
16.003,16.427,-1.3228,-0.055463,27.935,10.268
16.003,16.421,0,-0.072316,27.893,0.74768
15.749,16.414,-1.2355,-0.087506,27.839,10.238
15.627,16.405,-1.4042,-0.1028,27.763,12.954
15.481,16.395,-1.4072,-0.12119,27.679,13.621
15.336,16.383,-1.4729,-0.13946,27.583,15.216
15.192,16.369,-1.5861,-0.15774,27.47,17.658
15.192,16.353,0,-0.17858,27.353,2.3539
14.869,16.335,-1.7825,-0.19915,27.218,22.7
14.869,16.315,0,-0.22177,27.073,3.0334
14.869,16.293,0,-0.24827,26.929,2.8562
14.263,16.268,-2.2826,-0.27975,26.708,37.446
14.042,16.24,-2.436,-0.31024,26.494,43.033
13.789,16.209,-2.5734,-0.34553,26.273,48.708
13.541,16.175,-2.4331,-0.38094,26.029,45.352
13.293,16.136,-2.4167,-0.41758,25.755,45.979
13.044,16.095,-2.5718,-0.45541,25.453,52.068
12.79,16.049,-2.5228,-0.49508,25.14,51.519
12.79,16,0,-0.53699,24.816,7.6386
12.276,15.946,-2.554,-0.57969,24.451,54.598
12.276,15.888,0,-0.62339,24.087,8.7265
11.757,15.826,-2.6507,-0.67283,23.662,59.753
11.491,15.758,-2.7085,-0.72353,23.24,62.678
11.218,15.686,-2.7328,-0.77789,22.802,64.387
10.947,15.608,-2.8014,-0.8343,22.35,67.69
10.668,15.525,-2.8024,-0.89513,21.881,68.418
10.382,15.435,-2.6673,-0.96136,21.383,64.04
10.116,15.339,-2.533,-1.0273,20.871,59.828
9.8576,15.236,-2.1833,-1.0963,20.335,49.431
9.6332,15.127,-1.6202,-1.1616,19.793,35.812
9.4789,15.011,-0.95008,-1.2145,19.249,23.692
9.3765,14.889,-0.29148,-1.2594,18.692,15.218
9.346,14.763,0.36198,-1.2888,18.137,9.4765
9.3773,14.634,0.84521,-1.3004,17.612,6.5821
9.4693,14.504,1.122,-1.2959,17.093,5.2436
9.4693,14.375,0,-1.2802,16.596,9.8896
9.7199,14.247,1.499,-1.2561,16.142,4.0101
9.8696,14.121,1.7168,-1.2225,15.705,3.8263
10.047,13.999,1.925,-1.1767,15.288,3.9309
10.244,13.881,2.1212,-1.1191,14.905,4.2776
10.456,13.769,2.2412,-1.0517,14.55,4.6179
10.686,13.664,2.2612,-0.97159,14.238,4.712
10.917,13.567,2.2268,-0.88645,13.959,4.6228
11.146,13.478,2.1753,-0.79699,13.719,4.448
11.359,13.399,2.1337,-0.71137,13.497,4.2969
11.571,13.327,2.1148,-0.62422,13.299,4.2145
11.783,13.265,2.0759,-0.5353,13.131,4.0345
11.99,13.211,2.0351,-0.4471,12.992,3.8291
11.99,13.167,0,-0.35714,12.872,1.7761
12.394,13.131,2.0219,-0.27445,12.8,3.6622
12.59,13.104,2.0185,-0.19251,12.73,3.588
12.789,13.084,1.9924,-0.11136,12.686,3.4108
12.979,13.073,1.9415,-0.035585,12.672,3.1258
12.979,13.07,0,0.02939,12.662,0.26142
13.363,13.073,1.837,0.08188,12.687,2.7246
13.363,13.081,0,0.12962,12.715,0
13.363,13.094,0,0.17763,12.743,0
13.363,13.112,0,0.22303,12.769,0
14.06,13.134,1.7035,0.26345,12.934,2.3228
14.227,13.16,1.7105,0.30475,13.038,2.4007
14.227,13.191,0,0.3433,13.143,0
14.556,13.225,1.6711,0.38318,13.272,2.3009
14.724,13.263,1.6668,0.42248,13.42,2.321
14.724,13.306,0,0.4598,13.564,0
15.053,13.352,1.6141,0.49692,13.737,2.133
15.053,13.401,0,0.53149,13.905,0
15.377,13.454,1.6106,0.56695,14.085,2.1784
15.539,13.511,1.6182,0.60077,14.273,2.2464
15.703,13.571,1.6218,0.63545,14.487,2.289
15.861,13.635,1.5691,0.66745,14.712,2.0264
16.014,13.701,1.5397,0.69744,14.946,1.8814
16.16,13.771,1.5614,0.72458,15.185,1.9986
16.309,13.844,1.6015,0.75146,15.421,2.2211
16.479,13.919,1.6345,0.78465,15.677,2.4156
16.643,13.997,1.6554,0.81522,15.938,2.5427
16.8,14.079,1.6405,0.84257,16.201,2.4641
16.8,14.163,0,0.87282,16.469,0
16.8,14.25,0,0.89674,16.728,0
16.8,14.34,0,0.92274,16.978,0
17.437,14.432,1.4788,0.94806,17.334,1.5576
17.578,14.527,1.4619,0.96711,17.645,1.445
17.729,14.624,1.4499,0.98842,17.944,1.3695
17.884,14.723,1.4586,1.01,18.252,1.4063
18.023,14.824,1.4618,1.0268,18.58,1.4009
18.023,14.926,0,1.0435,18.895,0
18.023,15.031,0,1.0587,19.199,0
18.442,15.136,1.4253,1.072,19.553,1.1469
18.578,15.244,1.4128,1.0849,19.887,1.0587
18.712,15.352,1.4277,1.0964,20.22,1.1218
18.846,15.462,1.4726,1.1076,20.56,1.3488
18.995,15.573,1.4968,1.1231,20.899,1.4727
19.15,15.685,1.5309,1.1397,21.235,1.6601
19.299,15.799,1.5267,1.1541,21.585,1.6246
19.447,15.914,1.4853,1.1675,21.941,1.3765
19.603,16.031,1.4991,1.1829,22.292,1.449
19.747,16.149,1.5335,1.194,22.66,1.6308
19.907,16.269,1.5079,1.2094,23.012,1.4833
20.057,16.39,1.5196,1.2206,23.372,1.5457
20.208,16.512,1.5775,1.2324,23.745,1.8751
20.363,16.635,1.601,1.2448,24.118,2.0102
20.519,16.759,1.5933,1.2565,24.484,1.9662
20.687,16.885,1.5818,1.2724,24.866,1.9001
20.849,17.012,1.5739,1.2855,25.254,1.8527
20.849,17.141,0,1.2954,25.631,0
21.15,17.27,1.5041,1.3018,26.018,1.4419
21.299,17.401,1.5211,1.3085,26.4,1.5429
21.448,17.531,1.5632,1.3155,26.79,1.7927
21.448,17.663,0,1.3225,27.175,0
21.752,17.795,1.5789,1.3298,27.574,1.8941
21.916,17.928,1.5749,1.3412,27.981,1.8752
22.083,18.062,1.563,1.3525,28.382,1.8143
22.242,18.198,1.5652,1.3608,28.788,1.8354
22.242,18.334,0,1.3663,29.186,0
22.544,18.47,1.5582,1.3709,29.61,1.8026
22.544,18.607,0,1.3777,30.01,0
22.544,18.745,0,1.3815,30.397,0
23.009,18.883,1.5281,1.3876,30.846,1.6499
23.164,19.022,1.6192,1.3928,31.267,2.2171
23.323,19.161,1.656,1.3986,31.673,2.4671
23.489,19.301,1.5751,1.4068,32.094,1.9803
23.642,19.442,1.5462,1.4099,32.508,1.8185
23.804,19.583,1.5616,1.4166,32.939,1.9282
23.968,19.725,1.5664,1.423,33.362,1.9775
24.118,19.867,1.5607,1.4246,33.79,1.9551
24.272,20.009,1.6075,1.4273,34.216,2.2647
24.435,20.152,1.6161,1.4329,34.646,2.3405
24.589,20.295,1.5778,1.4356,35.082,2.1149
24.742,20.439,1.5135,1.4376,35.514,1.7334
24.897,20.583,1.528,1.4401,35.95,1.8396
25.056,20.727,1.5148,1.4439,36.392,1.7763
25.056,20.871,0,1.4431,36.818,0
25.349,21.015,1.4809,1.4421,37.257,1.6006
25.499,21.16,1.4446,1.4423,37.689,1.3988
25.499,21.304,0,1.4394,38.116,0
25.499,21.448,0,1.4346,38.528,0
25.499,21.591,0,1.4324,38.926,0
26.073,21.734,1.4528,1.435,39.412,1.5173
26.073,21.878,0,1.4319,39.839,0
26.351,22.021,1.4442,1.4283,40.272,1.4975
26.351,22.164,0,1.4266,40.698,0
26.633,22.307,1.437,1.423,41.126,1.4907
26.772,22.449,1.4268,1.4203,41.563,1.444
26.917,22.591,1.4327,1.4195,41.993,1.5004
27.051,22.733,1.438,1.4147,42.416,1.5496
27.189,22.874,1.4109,1.4114,42.843,1.4023
27.332,23.016,1.3966,1.4101,43.278,1.3337
27.332,23.157,0,1.4081,43.703,0
27.62,23.297,1.4411,1.4081,44.136,1.6485
27.62,23.438,0,1.4098,44.561,0
27.62,23.579,0,1.411,44.973,0
28.064,23.72,1.4062,1.4087,45.424,1.5067
28.205,23.861,1.3981,1.4065,45.851,1.4786
28.205,24.002,0,1.4012,46.279,0
28.463,24.142,1.3649,1.3954,46.72,1.3021
28.604,24.281,1.3762,1.3938,47.148,1.3919
28.74,24.421,1.3517,1.3906,47.586,1.2586
28.865,24.56,1.3215,1.3842,48.023,1.0872
28.865,24.698,0,1.3771,48.447,0
29.119,24.836,1.3089,1.3731,48.873,1.0399
29.253,24.973,1.2929,1.3697,49.296,0.96228
29.387,25.11,1.3104,1.3672,49.732,1.0815
29.523,25.247,1.3528,1.3648,50.155,1.3564
29.648,25.383,1.3275,1.3594,50.589,1.2141
29.776,25.519,1.2916,1.3549,51.018,1.0127
29.901,25.655,1.3029,1.3499,51.452,1.0913
30.031,25.79,1.3206,1.3462,51.876,1.2122
30.031,25.925,0,1.3417,52.293,0
30.031,26.059,0,1.34,52.697,0
30.424,26.193,1.3441,1.3376,53.159,1.4015
30.552,26.326,1.3386,1.3336,53.573,1.385
30.552,26.46,0,1.3321,53.988,0
30.552,26.593,0,1.3269,54.391,0
30.934,26.726,1.3122,1.3225,54.84,1.2695
31.073,26.858,1.3468,1.3227,55.26,1.5028
31.205,26.99,1.336,1.3207,55.677,1.4562
31.349,27.122,1.3596,1.3223,56.097,1.6278
31.349,27.255,0,1.3212,56.513,0
31.63,27.387,1.3753,1.3239,56.95,1.7731
31.63,27.519,0,1.3238,57.367,0
31.9,27.651,1.444,4.8,57.787,0.62655
31.9,28.131,0,1.189,58.188,0
32.187,28.25,1.4021,4.8,58.592,2.0551
32.336,28.73,1.4057,1.0713,58.972,2.0434
32.473,28.837,1.3591,4.8,59.34,3.5296
32.473,29.317,0,0.95732,59.68,0
32.747,29.413,1.4481,-2,60.025,122.5
32.882,29.213,1.4986,-2,60.366,142.15
33.038,29.013,1.4701,4.8,60.755,1.2947
33.177,29.493,1.4009,-2,61.14,143.27
33.315,29.293,1.3391,-2,61.523,168.23
33.452,29.093,1.3141,-2,61.951,199
33.573,28.893,1.2604,4.8,62.411,0.12692
33.573,29.373,0,-2,62.855,272.48
33.824,29.173,0.8799,-2,63.304,257.4
33.911,28.973,0.26907,4.8,63.791,6.7142
33.911,29.453,0,-2,64.261,358.2
33.911,29.253,0,-2,64.717,457.62
33.823,29.053,-1.2094,4.8,65.191,28.688
33.709,29.533,-1.2027,-2,65.639,0
33.709,29.333,0,-2,66.067,327.09
33.473,29.133,-1.5304,-2,66.488,0
33.473,28.933,0,4.8,66.932,11.664
33.088,29.413,-3.115,-2,67.329,0
32.771,29.213,-4.2187,-2,67.693,0
32.771,29.013,0,4.8,68.059,16.006
31.838,29.493,-5.5847,-2,68.326,0
31.275,29.293,-5.6974,-2,68.537,0
31.275,29.093,0,-2,68.745,58.364
30.154,28.893,-5.3105,4.8,68.852,245.34
29.626,29.373,-5.128,-2,68.936,0
29.112,29.173,-5.0212,-2,68.942,0
28.617,28.973,-4.9036,4.8,68.926,219.9
28.617,29.453,0,-2,68.867,7.1276
27.643,29.253,-4.282,-2,68.701,754.94
27.219,29.053,-3.7603,4.8,68.533,164.38
27.219,29.533,0,-2,68.325,2.8831
27.219,29.333,0,-2,68.104,3.1019
27.219,29.133,0,-2,67.902,3.416
27.219,28.933,0,4.8,67.721,50.112
25.722,29.413,-2.2236,-2,67.123,25.573
25.491,29.213,-1.9094,-2,66.743,19.076
25.292,29.013,-1.2622,4.8,66.368,91.783
25.17,29.493,-0.61303,-2,65.971,7.3716
25.11,29.293,-0.021208,-2,65.536,4.4269
25.099,29.093,0.49792,-2,65.125,3.6488
25.147,28.893,0.90831,4.8,64.729,48.139
25.232,29.373,1.0127,-2,64.338,4.2747
25.338,29.173,1.1456,-2,63.933,4.7704
25.338,28.973,0,4.8,63.559,63.084
25.338,29.453,0,-2,63.172,4.2339
25.733,29.253,1.7557,-2,62.818,7.819
25.914,29.053,1.9926,4.8,62.482,30.093
26.111,29.533,2.153,-2,62.156,10.348
26.321,29.333,2.2271,-2,61.843,12.516
26.539,29.133,2.2542,-2,61.558,14.821
26.774,28.933,2.2581,4.8,61.317,22.227
27.008,29.413,2.2434,-2,61.092,15.821
27.233,29.213,2.2315,-2,60.866,18.468
27.233,29.013,0,4.8,60.678,50.549
27.695,29.493,2.3273,-2,60.514,20.664
27.925,29.293,2.3264,-2,60.353,24.221
27.925,29.093,0,-2,60.227,5.5737
28.408,28.893,2.3581,4.8,60.169,13.479
28.645,29.373,2.3534,-2,60.113,30.909
28.645,29.173,0,-2,60.05,8.9757
29.112,28.973,2.4695,4.8,60.047,9.9615
29.112,29.453,0,-0.0061271,60.036,0.74938
29.623,29.453,2.5182,-2,60.069,44.645
29.623,29.253,0,-2,60.096,17.244
30.115,29.053,2.4816,4.8,60.204,6.2141
30.115,29.533,0,-2,60.287,19.992
30.115,29.333,0,-2,60.355,22.943
30.876,29.133,2.5049,-2,60.569,75.651
31.136,28.933,2.5068,4.8,60.76,1.9967
31.383,29.413,2.4957,-2,60.969,81.502
31.639,29.213,2.4699,-2,61.197,94.693
31.639,29.013,0,4.8,61.45,22.584
32.123,29.493,2.5624,-2,61.726,102.52
32.388,29.293,2.6474,-2,62.012,120.54
32.647,29.093,2.7682,-2,62.35,141.26
32.647,28.893,0,4.8,62.715,16.027
32.647,29.373,0,-2,63.067,124.79
33.503,29.173,2.9625,-2,63.539,182.77
33.792,28.973,2.9326,4.8,63.999,0
34.088,29.453,2.8552,-2,64.482,202.34
34.088,29.253,0,-2,64.955,590.29
34.088,29.053,0,4.8,65.449,9.0113
34.088,29.533,0,-2,65.928,402.07
35.202,29.333,2.5303,-2,66.615,328.46
35.202,29.133,0,-2,67.212,0
35.202,28.933,0,4.8,67.829,2.819
35.93,29.413,2.3201,-2,68.539,463.36
36.17,29.213,2.3024,-2,69.219,590.15
36.391,29.013,2.2709,4.8,69.935,0
36.622,29.493,2.2355,-2,70.658,675.34
36.848,29.293,2.1793,-2,71.388,942.15
37.071,29.093,2.1134,-2,72.156,1489.8
37.277,28.893,2.0358,4.8,72.981,0
37.277,29.373,0,-2,73.795,0
37.666,29.173,2.0317,-2,74.649,4194.3
37.864,28.973,1.9901,4.8,75.519,0
38.063,29.453,1.8768,-2,76.389,78719
38.063,29.253,0,-2,77.261,0
38.063,29.053,0,4.8,78.152,0
38.603,29.533,1.7952,-2,79.112,0
38.782,29.333,1.8348,-2,80.039,0
38.782,29.133,0,-2,80.994,0
39.166,28.933,1.9861,4.8,81.989,0
39.355,29.413,2.0024,-2,82.992,0
39.551,29.213,2.0017,-2,84.005,0
39.744,29.013,2.005,4.8,85.051,0
39.945,29.493,2.019,-2,86.112,0
39.945,29.293,0,-2,87.167,0
40.362,29.093,2.0517,-2,88.282,0
40.574,28.893,2.0958,4.8,89.424,1.2168
40.574,29.373,0,-2,90.569,0
40.998,29.173,2.0523,-2,91.736,0
41.205,28.973,1.9529,4.8,92.93,3.6384
41.205,29.453,0,-2,94.129,0
41.578,29.253,1.8357,-2,95.345,0
41.762,29.053,1.7738,4.8,96.594,5.6888
41.94,29.533,1.7933,-2,97.857,0
42.113,29.333,1.8627,-2,99.115,0
42.291,29.133,1.8891,-2,100.41,0
42.475,28.933,1.8706,4.8,101.74,15.019
42.475,29.413,0,-2,103.07,0
42.851,29.213,1.9148,-2,104.42,0
42.851,29.013,0,4.8,105.79,0
42.851,29.493,0,-2,107.15,0
43.431,29.293,1.8463,-2,108.59,0
43.624,29.093,1.7679,-2,110.03,0
43.624,28.893,0,4.8,111.49,8.7979
43.982,29.373,1.6629,-2,112.97,0
44.149,29.173,1.5854,-2,114.45,0
44.305,28.973,1.4849,4.8,115.97,39.668
44.462,29.453,1.3861,-2,117.47,0
44.606,29.253,1.2486,-2,118.99,0
44.606,29.053,0,4.8,120.53,25.767
44.606,29.533,0,-2,122.06,0
44.953,29.333,0.96894,-2,123.63,0
45.057,29.133,0.90536,-2,125.22,0
45.144,28.933,0.86823,4.8,126.83,56.652
45.144,29.413,0,-2,128.42,0
45.312,29.213,0.83387,-2,130.02,0
45.394,29.013,0.81288,4.8,131.65,62.348
45.474,29.493,0.81733,-2,133.27,0
45.548,29.293,0.82584,-2,134.89,0
45.548,29.093,0,-2,136.52,0
45.548,28.893,0,4.8,138.18,69.453
45.788,29.373,0.76892,-2,139.86,0
45.86,29.173,0.75161,-2,141.52,0
45.86,28.973,0,4.8,143.2,84.165
46.003,29.453,0.7702,-2,144.87,0
46.003,29.253,0,-2,146.53,0
46.159,29.053,0.7883,4.8,148.24,97.05
46.238,29.533,0.78942,-2,149.93,0
46.238,29.333,0,-2,151.62,0
46.398,29.133,0.77965,-2,153.33,0
46.482,28.933,0.77797,4.8,155.08,127.36
46.555,29.413,0.77983,-2,156.81,0
46.637,29.213,0.82145,-2,158.53,0
46.721,29.013,0.76746,4.8,160.28,140.78
