0,0,0.68523,0,35.5,0
0.070935,0,1.3638,7.8,35.494,49.366
0.19782,0.78,0.69523,7.8,35.472,64.809
0.26217,1.56,0.7195,7.8,35.385,69.178
0.33417,2.34,0.80499,7.8,35.223,72.378
0.41288,3.12,0.95078,7.8,34.997,74.42
0.41288,3.9,0,7.8,34.687,99.12
0.61917,4.68,1.1958,7.8,34.315,79.04
0.72911,5.46,0.99185,7.8,33.882,87.405
0.82122,6.24,0.46894,6.7,33.377,89.178
0.86351,6.91,0.090274,6.7,32.801,101.63
0.87306,7.58,-0.24652,6.7,32.167,114.1
0.84436,8.25,-0.37694,6.7,31.453,122.38
0.81646,8.92,-0.17136,-0.47002,30.679,35.678
0.80466,8.873,0.1994,-0.48607,29.878,30.197
0.82796,8.8244,0.30651,-0.5007,29.082,28.316
0.86564,8.7743,0.35574,-0.515,28.294,27.11
0.86564,8.7228,0,-0.53055,27.506,31.166
0.86564,8.6698,0,-0.54593,26.723,30.705
0.86564,8.6152,0,-0.56409,25.945,30.209
0.94776,8.5588,0.27628,-0.58372,25.209,25.799
0.96806,8.5004,0.41353,-0.60295,24.454,23.661
0.99979,8.4401,0.71272,-0.62201,23.708,20.008
1.0712,8.3779,0.9302,-0.63832,22.973,17.34
1.0712,8.3141,0,-0.65337,22.245,26.458
1.0712,8.2487,0,-0.66775,21.524,25.956
1.3728,8.182,1.3335,-0.68055,20.848,12.146
1.4972,8.1139,1.3737,-0.69144,20.182,11.154
1.6343,8.0448,1.6547,-0.70114,19.522,9.029
1.8028,7.9746,2.1054,-0.70596,18.891,6.7992
2.0196,7.904,2.7032,-0.70294,18.294,5.2848
2.0196,7.8337,0,-0.6908,17.709,18.442
2.0196,7.7647,0,-0.66596,17.131,18.297
3.0246,7.6981,4.381,-0.63087,16.696,8.1008
3.0246,7.635,0,-0.58338,16.232,13.392
3.9174,7.5766,4.5781,-0.52883,15.854,10.483
4.3696,7.5238,4.4695,-0.46905,15.511,10.872
4.8204,7.4769,4.4184,-0.40444,15.229,11.603
5.2573,7.4364,4.2567,-0.33853,14.99,11.696
5.6887,7.4026,3.8978,-0.27076,14.794,10.577
6.0715,7.3755,3.3525,-0.20884,14.637,8.2682
6.0715,7.3546,0,-0.15371,14.508,2.8178
6.0715,7.3392,0,-0.10808,14.38,2.9636
6.0715,7.3284,0,-0.07006,14.254,3.0956
6.0715,7.3214,0,-0.040734,14.129,3.2043
7.2099,7.3173,1.3071,-0.017697,14.316,0.7653
7.3469,7.3156,1.2115,0.025891,14.311,0.4615
7.4586,7.3182,1.2307,0.11614,14.316,0.27164
7.5881,7.3298,1.2775,0.21331,14.332,0.13228
7.7121,7.3511,1.335,0.29718,14.361,0.053517
7.8457,7.3808,1.3596,0.38121,14.406,0
7.9877,7.4189,1.4168,0.46414,14.466,0
8.1222,7.4654,1.4007,0.53235,14.526,0
8.1222,7.5186,0,0.59488,14.589,0.2263
8.383,7.5781,0.98941,0.64235,14.683,0
8.4859,7.6423,0.81469,0.66704,14.764,0
8.572,7.709,0.6792,0.67576,14.843,0
8.6416,7.7766,0.54835,0.67088,14.926,0
8.6945,7.8437,0.53127,0.65395,15.015,0
8.6945,7.9091,0,0.64123,15.097,0
8.8048,7.9732,0.4768,0.62773,15.174,0
8.8048,8.036,0,0.60708,15.254,0
8.8926,8.0967,0.34855,0.59124,15.337,0
8.9223,8.1558,0.30241,0.56487,15.41,0
8.949,8.2123,0.26754,0.53917,15.491,0
8.949,8.2662,0,0.51756,15.562,0
8.9955,8.318,0.23683,0.48965,15.643,0
9.0265,8.3669,0.23859,0.47377,15.71,0
9.0447,8.4143,0.24498,0.44999,15.765,0
9.0662,8.4593,0.27143,0.43089,15.826,0
9.095,8.5024,0.32609,0.41862,15.889,0
9.1192,8.5443,0.33508,0.40399,15.941,0
9.1601,8.5847,0.35814,0.40255,16.002,0
9.2,8.6249,0.37994,0.40058,16.066,0
9.2351,8.665,0.43885,0.39533,16.122,0
9.2351,8.7045,0,0.39324,16.177,0
9.3215,8.7438,0.52965,0.3969,16.231,0
9.3215,8.7835,0,0.40373,16.287,0
9.443,8.8239,0.76251,0.42197,16.361,0
9.5169,8.8661,0.85527,0.44144,16.42,0
9.5169,8.9102,0,0.46803,16.483,0
9.5169,8.957,0,0.49729,16.541,0.018005
9.7938,9.0068,0.93175,0.52632,16.644,0
9.8859,9.0594,0.87885,0.54953,16.719,0
9.9671,9.1144,0.81435,0.56358,16.796,0
10.05,9.1707,0.79986,0.57764,16.879,0
10.121,9.2285,0.75906,0.58254,16.96,0
10.194,9.2867,0.7572,0.58907,17.06,0
10.276,9.3456,0.79812,0.60076,17.143,0
10.356,9.4057,0.82002,0.60952,17.238,0
10.447,9.4667,0.79457,0.62549,17.338,0
10.534,9.5292,0.77366,0.63792,17.447,0
10.615,9.593,0.77104,0.64494,17.545,0
10.615,9.6575,0,0.64741,17.644,0
10.76,9.7222,0.78658,0.64669,17.745,0
10.76,9.7869,0,0.64947,17.845,0
10.923,9.8519,0.97834,0.65954,17.95,0
11.02,9.9178,1.1259,0.67448,18.058,0
11.02,9.9853,0,0.7025,18.165,0
11.269,10.056,1.3695,0.73439,18.29,0
11.407,10.129,1.4856,0.76824,18.407,0
11.407,10.206,0,0.8021,18.531,0
11.704,10.286,1.5692,0.84163,18.669,0
11.704,10.37,0,0.88164,18.807,0
12.032,10.458,1.6372,0.92096,18.96,0
12.205,10.55,1.6378,0.96185,19.13,0
12.205,10.647,0,0.99206,19.291,0
12.52,10.746,1.4901,1.0168,19.486,0
12.672,10.847,1.3917,1.0372,19.661,0
12.814,10.951,1.2746,1.051,19.844,0
12.814,11.056,0,1.0608,20.025,0
13.061,11.162,1.1554,1.0547,20.216,0
13.178,11.268,1.1579,1.0537,20.412,0
13.285,11.373,1.1137,1.0468,20.604,0
13.285,11.478,0,1.048,20.79,0
13.508,11.583,1.1262,1.0401,20.996,0
13.508,11.687,0,1.0424,21.183,0
13.736,11.791,1.1462,1.0372,21.389,0
13.85,11.895,1.2526,1.0354,21.577,0
13.85,11.998,0,1.0379,21.767,0
13.85,12.102,0,1.0446,21.947,0
13.85,12.206,0,1.0542,22.117,0
14.384,12.312,1.4452,1.07,22.381,0
14.525,12.419,1.4192,1.0808,22.581,0
14.666,12.527,1.4289,1.0905,22.786,0
14.808,12.636,1.4636,1.1003,22.995,0
14.808,12.746,0,1.1152,23.206,0
15.117,12.858,1.4515,1.1307,23.439,0
15.255,12.971,1.4729,1.1366,23.669,0
15.395,13.084,1.4784,1.1433,23.907,0
15.534,13.199,1.4544,1.1482,24.13,0
15.68,13.313,1.4501,1.1566,24.365,0
15.815,13.429,1.4408,1.1594,24.602,0
15.953,13.545,1.4466,1.1636,24.846,0
16.093,13.661,1.4144,1.1688,25.098,0
16.236,13.778,1.4357,1.1751,25.346,0
16.389,13.896,1.4746,1.185,25.585,0
16.536,14.014,1.4587,1.1921,25.84,0
16.678,14.133,1.3731,1.1958,26.086,0
16.813,14.253,1.2953,1.1967,26.339,0
16.947,14.373,1.1651,1.1968,26.588,0
17.065,14.492,1.0041,1.1898,26.846,0
17.159,14.611,0.94803,1.1719,27.098,0
17.159,14.729,0,1.1563,27.347,0
17.352,14.844,0.95078,1.1423,27.613,0
17.446,14.958,0.97997,1.1277,27.862,0
17.534,15.071,1.0078,1.1114,28.107,0
17.643,15.182,1.0452,1.1051,28.354,0
17.643,15.293,0,1.0932,28.595,0
17.853,15.402,1.0553,1.0906,28.83,0
17.964,15.511,1.0341,1.0871,29.079,0
18.068,15.62,1.0127,1.0805,29.321,0
18.17,15.728,0.98309,1.0738,29.575,0
18.269,15.835,0.93032,1.0657,29.82,0
18.269,15.942,0,1.0535,30.058,0
18.457,16.047,0.92269,1.0466,30.299,0
18.552,16.152,0.9495,1.0382,30.531,0
18.552,16.256,0,1.0339,30.766,0
18.751,16.359,1.0069,1.0271,31.014,0
18.844,16.462,1.0303,1.0195,31.261,0
18.939,16.564,1.0695,1.0128,31.492,0
18.939,16.665,0,1.0104,31.725,0
19.158,16.766,1.1181,1.0129,31.975,0
19.269,16.867,1.1477,1.0137,32.215,0
19.389,16.969,1.2093,1.018,32.45,0
19.389,17.071,0,1.0205,32.687,0
19.389,17.173,0,1.023,32.914,0
19.739,17.275,1.1371,1.0264,33.188,0
19.739,17.378,0,1.0289,33.429,0
19.973,17.481,1.0843,1.0311,33.676,0
20.081,17.584,1.0733,1.0299,33.919,0
20.195,17.687,1.0843,1.0311,34.172,0
20.195,17.79,0,1.0319,34.418,0
20.195,17.893,0,1.031,34.653,0
20.195,17.996,0,1.0324,34.879,0
20.635,18.099,1.124,1.0288,35.172,0
20.635,18.202,0,1.0305,35.421,0
20.871,18.305,1.22,1.0349,35.68,0
20.988,18.409,1.2384,1.0369,35.928,0
21.122,18.512,1.276,1.0458,36.187,0
21.122,18.617,0,1.0538,36.443,0
21.375,18.722,1.265,1.057,36.72,0
21.51,18.828,1.2033,1.0654,36.991,0
21.637,18.935,1.1945,1.0705,37.263,0
21.763,19.042,1.1616,1.075,37.531,0
21.763,19.149,0,1.0744,37.798,0
21.981,19.257,1.1004,1.0699,38.079,0
21.981,19.364,0,1.0665,38.346,0
22.194,19.47,1.0846,1.0633,38.619,0
22.194,19.577,0,1.0594,38.887,0
22.399,19.682,1.0244,1.0542,39.159,0
22.399,19.788,0,1.0483,39.426,0
22.607,19.893,1.0399,1.0477,39.705,0
22.709,19.997,1.0687,1.0437,39.973,0
22.808,20.102,1.1003,1.0389,40.244,0
22.914,20.206,1.1226,1.0367,40.506,0
22.914,20.309,0,1.0333,40.772,0
23.129,20.413,1.116,1.0341,41.031,0
23.233,20.516,1.1658,1.0317,41.309,0
23.351,20.619,1.2228,1.035,41.59,0
23.474,20.723,1.296,1.0399,41.872,0
23.474,20.827,0,1.0476,42.142,0
23.735,20.932,1.4019,1.0547,42.437,0
23.882,21.037,1.3801,1.0679,42.728,0
24.027,21.144,1.3987,1.0791,43.007,0
24.027,21.252,0,1.0849,43.29,0
24.293,21.36,1.407,1.0922,43.583,0
24.437,21.469,1.3059,1.1026,43.885,0
24.437,21.58,0,1.1056,44.176,0
24.689,21.69,1.1734,1.1085,44.48,0
24.802,21.801,1.093,1.1062,44.779,0
24.907,21.912,0.97245,1.1013,45.072,0
24.907,22.022,0,1.0918,45.366,0
25.089,22.131,0.97777,1.0823,45.665,0
25.182,22.239,1.013,1.0743,45.967,0
25.28,22.347,0.98933,1.0685,46.266,0
25.369,22.454,0.98099,1.0595,46.563,0
25.369,22.56,0,1.0577,46.849,0
25.369,22.665,0,1.0523,47.125,0
25.675,22.771,0.93942,1.0483,47.444,0
25.763,22.875,1.0088,1.0398,47.733,0
25.863,22.979,1.0543,1.0365,48.028,0
25.977,23.083,1.0596,1.0376,48.316,0
26.078,23.187,1.0675,1.0346,48.61,0
26.183,23.29,1.0616,1.0328,48.896,0
26.294,23.393,1.0655,1.0335,49.195,0
26.294,23.497,0,1.0304,49.48,0
26.511,23.6,1.1103,1.033,49.767,0
26.624,23.703,1.1613,1.0339,50.06,0
26.624,23.807,0,1.0346,50.346,0
26.867,23.91,1.3189,1.0427,50.657,0
27.001,24.014,1.379,1.0511,50.96,0.20246
27.135,24.119,1.3973,1.0591,51.256,0.30392
27.275,24.225,1.413,1.0688,51.557,0.39521
27.409,24.332,1.4007,1.0761,51.863,0.35111
27.558,24.44,1.3434,1.0882,52.163,0.091004
27.558,24.549,0,1.0953,52.469,0
27.824,24.658,1.2565,1.1001,52.796,0
27.944,24.768,1.2642,1.1015,53.122,0
27.944,24.878,0,1.1041,53.434,0
28.195,24.989,1.2231,1.1076,53.761,0
28.325,25.099,1.2464,1.1119,54.089,0
28.325,25.211,0,4.8,54.406,19.709
28.581,25.691,1.2811,0.96817,54.716,0.091881
28.712,25.787,1.3269,0.97801,55.001,0.32179
28.712,25.885,0,4.8,55.288,21.398
28.969,26.365,1.3327,0.84725,55.586,0.49783
28.969,26.45,0,0.85955,55.842,0
29.229,26.536,1.3087,4.8,56.109,7.9256
29.229,27.016,0,0.74306,56.354,0
29.502,27.09,1.3336,0.76191,56.581,0.64039
29.629,27.166,1.4444,0.77737,56.83,1.1896
29.774,27.244,1.5373,4.8,57.073,6.8258
29.774,27.724,0,0.67945,57.302,0
30.077,27.792,1.4609,0.70204,57.532,1.3693
30.229,27.862,1.4152,0.72669,57.772,1.172
30.363,27.935,1.3281,4.8,58.011,8.9546
30.487,28.415,1.2598,0.62015,58.242,0.49442
30.613,28.477,1.2091,0.63892,58.454,0.28739
30.613,28.541,0,0.65349,58.665,0
30.857,28.606,1.2549,0.67262,58.89,0.51558
30.857,28.674,0,4.8,59.112,25.244
31.113,29.154,1.2296,0.57128,59.332,0.44173
31.245,29.211,1.2063,0.5929,59.523,0.35851
31.371,29.27,1.1195,0.61203,59.735,0.0068285
31.48,29.331,1.0635,-2,59.938,69.049
31.589,29.131,1.1208,-2,60.159,80.452
31.694,28.931,1.16,4.8,60.428,8.8695
31.802,29.411,1.1714,-2,60.681,78.546
31.923,29.211,1.1969,-2,60.941,91.239
31.923,29.011,0,4.8,61.222,20.893
32.153,29.491,1.2316,-2,61.501,89.495
32.284,29.291,1.2366,-2,61.789,104.08
32.403,29.091,1.274,-2,62.11,120.71
32.403,28.891,0,4.8,62.452,17.409
32.661,29.371,1.3109,-2,62.812,119.64
32.798,29.171,1.289,-2,63.159,139.75
32.923,28.971,1.303,4.8,63.534,2.646
33.048,29.451,1.3087,-2,63.919,137.82
33.048,29.251,0,-2,64.288,188.72
33.048,29.051,0,4.8,64.678,14.657
33.452,29.531,1.3412,-2,65.113,160.3
33.452,29.331,0,-2,65.515,252.33
33.722,29.131,1.3679,-2,65.954,222.17
33.857,28.931,1.3856,4.8,66.429,0
34,29.411,1.3869,-2,66.908,221.24
34,29.211,0,-2,67.377,549.56
34.276,29.011,1.4247,4.8,67.889,0
34.415,29.491,1.4241,-2,68.389,261.3
34.559,29.291,1.3578,-2,68.908,321.97
34.687,29.091,1.3011,-2,69.451,403.53
34.687,28.891,0,4.8,70.021,5.1192
34.938,29.371,1.2476,-2,70.584,405.71
35.071,29.171,1.2173,-2,71.159,525.54
35.187,28.971,1.2831,4.8,71.76,0
35.324,29.451,1.3889,-2,72.355,465.65
35.454,29.251,1.4554,-2,72.968,567.14
35.454,29.051,0,4.8,73.598,2.1859
35.454,29.531,0,-2,74.215,0
35.454,29.331,0,-2,74.817,0
36.063,29.131,1.5244,-2,75.568,1008.4
36.063,28.931,0,4.8,76.271,0
36.379,29.411,1.5191,-2,76.996,1054.8
36.379,29.211,0,-2,77.702,0
36.67,29.011,1.4919,4.8,78.453,0
36.67,29.491,0,-2,79.195,0
36.952,29.291,1.3848,-2,79.959,7012.5
37.086,29.091,1.3427,-2,80.747,0
37.226,28.891,1.344,4.8,81.554,0
37.226,29.371,0,-2,82.363,0
37.497,29.171,1.428,-2,83.196,0
37.497,28.971,0,4.8,84.039,0
37.793,29.451,1.4594,-2,84.896,0
37.929,29.251,1.363,-2,85.741,0
38.072,29.051,1.2492,4.8,86.622,0
38.072,29.531,0,-2,87.5,0
38.291,29.331,0.99949,-2,88.383,0
38.385,29.131,1.007,-2,89.288,0
38.494,28.931,1.0718,4.8,90.222,0
38.607,29.411,1.1524,-2,91.159,0
38.725,29.211,1.1984,-2,92.1,0
38.839,29.011,1.2241,4.8,93.061,0
38.839,29.491,0,-2,94.02,0
38.839,29.291,0,-2,94.964,0
39.217,29.091,1.3745,-2,95.979,0
39.345,28.891,1.6075,4.8,97.007,0
39.345,29.371,0,-2,98.029,0
39.703,29.171,2.3576,-2,99.069,0
39.703,28.971,0,4.8,100.13,0
40.247,29.451,3.362,-2,101.24,11935
40.59,29.251,3.757,-2,102.34,9565
40.972,29.051,4.0342,4.8,103.5,21.255
41.375,29.531,4.1302,-2,104.69,8194.4
41.796,29.331,4.0063,-2,105.9,0
42.196,29.131,3.7753,-2,107.19,0
42.196,28.931,0,4.8,108.51,0
42.913,29.411,2.8853,-2,109.87,0
43.197,29.211,2.4423,-2,111.24,0
43.197,29.011,0,4.8,112.65,1.496
43.637,29.491,1.6718,-2,114.08,0
43.806,29.291,1.5613,-2,115.51,0
43.961,29.091,1.6032,-2,116.98,0
43.961,28.891,0,4.8,118.48,14.727
44.273,29.371,1.4901,-2,119.99,0
44.428,29.171,1.4501,-2,121.5,0
44.571,28.971,1.4132,4.8,123.05,45.138
44.715,29.451,1.3223,-2,124.59,0
44.851,29.251,1.3785,-2,126.13,0
44.985,29.051,1.3569,4.8,127.7,53.563
45.129,29.531,1.3671,-2,129.29,0
45.272,29.331,1.3541,-2,130.87,0
45.408,29.131,1.3719,-2,132.49,0
45.553,28.931,1.3727,4.8,134.13,77.377
45.694,29.411,1.3864,-2,135.77,0
45.694,29.211,0,-2,137.41,0
45.694,29.011,0,4.8,139.07,71.028
46.149,29.491,1.6914,-2,140.77,0
46.31,29.291,1.7804,-2,142.45,0
46.488,29.091,1.8633,-2,144.18,0
46.672,28.891,1.8515,4.8,145.94,138.37
46.861,29.371,1.7688,-2,147.7,0
47.045,29.171,1.6795,-2,149.47,0
47.216,28.971,1.5617,4.8,151.28,174.5
47.216,29.451,0,-2,153.08,0
47.216,29.251,0,-2,154.87,0
47.654,29.051,1.3915,4.8,156.76,215.29
47.785,29.531,1.3417,-2,158.61,0
47.911,29.331,1.2787,-2,160.46,0
48.045,29.131,1.1634,-2,162.34,0
48.162,28.931,1.0012,4.8,164.25,363.44
48.162,29.411,0,-2,166.15,0
48.359,29.211,0.88927,-2,168.07,0
48.45,29.011,0.91088,4.8,169.99,453.81
48.45,29.491,0,-2,171.91,0
48.45,29.291,0,-2,173.81,0
48.726,29.091,0.94268,-2,175.78,0
48.726,28.891,0,4.8,177.75,0
48.903,29.371,0.89885,-2,179.74,0
48.987,29.171,0.98645,-2,181.7,0
49.092,28.971,1.0107,4.8,183.7,809.37
49.189,29.451,1.1166,-2,185.68,0
49.189,29.251,0,-2,187.66,0
49.428,29.051,1.1376,4.8,189.7,927.04
49.546,29.531,1.0889,-2,191.71,0
49.546,29.331,0,-2,193.72,0
49.546,29.131,0,-2,195.75,0
49.856,28.931,0.98345,4.8,197.87,4839.1
49.961,29.411,1.0193,-2,199.95,0
50.058,29.211,1.0591,-2,202.03,0
50.058,29.011,0,4.8,204.12,0
50.058,29.491,0,-2,206.2,0
50.058,29.291,0,-2,208.27,0
50.514,29.091,1.133,-2,210.44,0
50.514,28.891,0,4.8,212.59,0
50.74,29.371,1.1418,-2,214.74,0
50.862,29.171,1.0919,-2,216.89,0
50.966,28.971,1.1125,4.8,219.07,0
51.081,29.451,1.1415,-2,221.25,0
51.193,29.251,1.1989,-2,223.44,0
51.307,29.051,1.2091,4.8,225.65,0
51.428,29.531,1.2923,-2,227.87,0
51.428,29.331,0,-2,230.07,0
51.428,29.131,0,-2,232.29,0
51.838,28.931,1.6231,4.8,234.59,0
51.838,29.411,0,-2,236.85,0
52.17,29.211,1.7693,-2,239.15,0
52.342,29.011,1.7125,4.8,241.46,0
52.506,29.491,1.6166,-2,243.77,0
52.677,29.291,1.5174,-2,246.09,0
52.823,29.091,1.4677,-2,248.45,0
52.963,28.891,1.4281,4.8,250.85,0
53.098,29.371,1.4474,-2,253.23,0
53.24,29.171,1.4157,-2,255.62,0
53.387,28.971,1.4441,4.8,258.04,0
53.533,29.451,1.4492,-2,260.46,0
53.668,29.251,1.4916,-2,262.89,0
53.668,29.051,0,4.8,265.34,0
53.967,29.531,1.5223,-2,267.81,0
53.967,29.331,0,-2,270.27,0
54.259,29.131,1.3834,-2,272.77,0
54.39,28.931,1.2673,4.8,275.3,0
54.522,29.411,1.177,-2,277.83,0
54.641,29.211,1.1203,-2,280.35,0
54.757,29.011,1.1044,4.8,282.9,0
54.757,29.491,0,-2,285.46,0
54.961,29.291,1.1521,-2,288.02,0
55.083,29.091,1.2101,-2,290.61,0
55.198,28.891,1.225,4.8,293.22,0
55.323,29.371,1.2584,-2,295.84,0
55.443,29.171,1.2393,-2,298.46,0
55.569,28.971,1.2009,4.8,301.11,0
55.694,29.451,1.1735,-2,303.76,0
55.82,29.251,1.1547,-2,306.39,0
55.931,29.051,1.1562,4.8,309.06,0
56.043,29.531,1.2132,-2,311.73,0
56.16,29.331,1.2607,-2,314.38,0
56.287,29.131,1.2526,-2,317.08,0
56.411,28.931,1.26,4.8,319.81,0
56.535,29.411,1.237,-2,322.54,0
56.535,29.211,0,-2,325.26,0
56.782,29.011,1.2213,4.8,328.04,0
56.782,29.491,0,-2,330.8,0
57.024,29.291,1.2611,-2,333.56,0
57.024,29.091,0,-2,336.35,0
57.024,28.891,0,4.8,339.15,0
