0,0,0.52716,0,35.5,0
0,0,0,7.8,35.5,59.103
0.10052,0.78,0.34086,7.8,35.477,72.146
0.10052,1.56,0,7.8,35.37,84.576
0.16709,2.34,0.17485,7.8,35.187,85.951
0.16709,3.12,0,7.8,34.931,95.269
0.19137,3.9,-0.063409,7.8,34.598,102.14
0.19137,4.68,0,7.8,34.189,106.37
0.15915,5.46,-0.36971,7.8,33.706,106.48
0.12196,6.24,-0.58966,6.7,33.142,95.342
0.056927,6.91,-0.78318,6.7,32.492,97.502
0.056927,7.58,0,6.7,31.773,114.36
-0.10821,8.25,-0.83617,-0.43901,30.957,102.83
-0.18708,8.2061,-0.81667,-0.45846,30.125,102.82
-0.26315,8.1603,-0.76918,-0.47945,29.275,102.73
-0.33478,8.1123,-0.75967,-0.50145,28.428,102.72
-0.41028,8.0622,-0.76685,-0.52499,27.587,102.73
-0.48224,8.0097,-0.85606,-0.55045,26.729,102.91
-0.56105,7.9546,-1.0414,-0.57803,25.875,103.29
-0.66774,7.8968,-1.2487,-0.60973,25.019,103.76
-0.79041,7.8358,-1.4292,-0.64492,24.165,104.19
-0.933,7.7714,-1.5797,-0.68504,23.298,104.58
-1.0989,7.7028,-1.6029,-0.73101,22.42,104.73
-1.2613,7.6297,-1.4021,-0.78163,21.526,104.39
-1.3948,7.5516,-1.1195,-0.83423,20.631,103.8
-1.5001,7.4682,-0.78936,-0.88839,19.745,103.03
-1.5878,7.3793,-0.53114,-0.94645,18.852,102.37
-1.5878,7.2847,0,-1.0073,17.96,100.93
-1.7106,7.1839,-0.686,-1.0737,17.076,102.28
-1.7719,7.0766,-0.72033,-1.1465,16.198,102.1
-1.8366,6.9619,-0.6192,-1.2296,15.308,101.61
-1.9051,6.839,-0.26793,-1.3214,14.43,100.57
-1.9051,6.7068,0,-1.4176,13.562,99.533
-1.9051,6.5651,0,-1.5095,12.708,99.049
-1.9051,6.4141,0,-1.5966,11.869,98.557
-1.6653,6.2545,1.5564,-1.6855,11.06,94.281
-1.5136,6.0859,1.4658,-1.7698,10.287,93.637
-1.5136,5.9089,0,-1.8588,9.5356,96.168
-1.233,5.723,1.0382,-1.9561,8.8142,92.826
-1.1201,5.5274,0.92405,-2.0532,8.1396,92.229
-1.0221,5.3221,0.81357,-8.8,7.4847,77.663
-1.0221,4.4421,0,-8.8,6.8943,77.568
-0.87222,3.5621,0.59383,-8.8,6.4096,74.209
-0.81978,2.6821,0.40213,-8.8,6.0181,72.7
-0.81978,1.8021,0,-8.8,5.712,71.741
-0.76412,0.92212,-0.031326,-0.14396,5.4952,88.077
-0.76412,0.90772,0,-8.8,5.3273,69.794
-0.78586,0.027723,-0.27562,-0.27562,5.2175,86.525
-0.81258,0.00016041,-0.23905,-0.23905,5.1278,86.523
-0.83176,0,-0.23642,-0.23642,5.0415,86.562
-0.85173,0,-0.19829,-8.8,4.9671,68.529
-0.88145,0,-0.072345,-8.8,4.915,68.325
-0.89773,0,0.046722,-8.8,4.8804,68.109
-0.89773,0,0,-8.8,4.8346,68.207
-0.88822,0,0.38309,-8.8,4.7862,67.382
-0.84549,0,0.48411,-8.8,4.7404,67.082
-0.78914,0,0.49709,-8.8,4.7016,66.94
-0.73687,0,0.56031,-8.8,4.669,66.7
-0.67821,0,0.53875,-8.8,4.6386,66.625
-0.67821,0,0,-8.8,4.6148,67.757
-0.58363,0,0.48536,-8.8,4.5968,66.543
-0.53333,0,0.46389,-8.8,4.5797,66.485
-0.53333,0,0,-8.8,4.5703,67.46
-0.45731,0,0.21442,-8.8,4.5723,66.853
-0.43773,0,0.095052,-8.8,4.5637,67.064
-0.41994,0,0.020961,-8.8,4.5695,67.183
-0.42566,0,-0.11505,-8.8,4.5662,67.481
-0.42566,0,0,-8.8,4.5676,67.239
-0.46383,0,0.19186,-8.8,4.5598,66.914
-0.43487,0,0.43646,-8.8,4.559,66.341
-0.38288,0,0.76835,-8.8,4.5521,65.537
-0.30514,0,1.1927,-8.8,4.5588,64.486
-0.18889,0,1.5973,-8.8,4.5684,63.397
-0.029076,0,1.7925,-8.8,4.5915,62.659
-0.029076,0,0,-8.8,4.6326,66.426
-0.029076,0,0,-8.8,4.6737,66.426
0.56856,0,2.041,-8.8,4.8049,0
0.76897,0,1.8905,-8.8,4.9225,0
0.76897,0,0,1.6332,5.0434,5.0037
1.1244,0.16332,1.3297,1.3297,5.1406,0
1.2657,0.29629,1.0493,1.0493,5.2318,0
1.2657,0.40122,0,0.84964,5.3235,0.43591
1.4599,0.48619,0.67372,0.67372,5.4237,0
1.5341,0.55356,0.58465,0.58465,5.5241,0
1.5946,0.61202,0.46893,0.46893,5.6295,0
1.637,0.65892,0.40677,0.40677,5.7358,0
1.6758,0.69959,0.3755,0.3755,5.8302,0
1.7226,0.73714,0.2369,0.2369,5.9338,0
1.7491,0.76083,0.021538,0.021538,6.0399,0
1.7491,0.76299,0,-0.12384,6.1387,0
1.7321,0.7506,-0.20622,-0.20622,6.2492,0
1.7321,0.72998,0,-0.27177,6.3484,0
1.6883,0.7028,-0.3301,-0.3301,6.4409,0
1.6883,0.66979,0,-0.32069,6.5411,0
1.6134,0.63773,-0.26494,-0.26494,6.6204,0
1.5769,0.61123,-0.26401,-0.26401,6.7248,0
1.5527,0.58483,-0.33179,-0.33179,6.8303,0
1.5116,0.55165,-0.30237,-0.30237,6.9307,0
1.4813,0.52142,-0.24572,-0.24572,7.0324,0
1.4605,0.49684,-0.28124,-0.28124,7.1249,0
1.4394,0.46872,-0.30784,-0.30784,7.2197,0
1.4394,0.43793,0,-0.2701,7.3183,0
1.3681,0.41093,-0.27993,-0.27993,7.414,0
1.3472,0.38293,-0.3046,-0.3046,7.5044,0
1.3256,0.35247,-0.27672,-0.27672,7.6054,0
1.2951,0.3248,-0.27286,-0.27286,7.6963,0
1.2951,0.29751,0,-0.29461,7.7947,0
1.2477,0.26805,-0.27807,-0.27807,7.8809,0
1.2197,0.24025,-0.2752,-0.2752,7.977,0
1.1978,0.21273,-0.29562,-0.29562,8.0743,0
1.1625,0.18316,-0.29116,-0.29116,8.1741,0
1.1378,0.15405,-0.28754,-0.28754,8.2638,0
1.1017,0.12529,-0.30226,-0.30226,8.3598,0
1.1017,0.095069,0,-0.29247,8.4589,0
1.1017,0.065822,0,-0.28547,8.5611,0
1.0214,0.037274,-0.29574,-0.29574,8.6549,0
0.99125,0.0077007,-0.28955,-0.28955,8.7511,0
0.96159,0,-0.28493,-0.28493,8.8478,0
0.96159,0,0,-0.29198,8.9454,0
0.90173,0,-0.28618,-0.28618,9.049,0
0.86881,0,-0.2809,-0.2809,9.1318,0
0.84431,0,-0.28848,-0.28848,9.2234,0
0.82426,0,-0.28249,-0.28249,9.2989,0
0.79778,0,-0.27921,-0.27921,9.3887,0
0.76688,0,-0.28659,-0.28659,9.4738,0
0.73363,0,-0.28214,-0.28214,9.547,0
0.71507,0,-0.27908,-0.27908,9.6213,0
0.69444,0,-0.28258,-0.28258,9.6876,0
0.67084,0,-0.28029,-0.28029,9.752,0
0.65187,0,-0.27765,-0.27765,9.8128,0
0.63032,0,-0.28185,-0.28185,9.8816,0
0.60734,0,-0.27919,-0.27919,9.9379,0
0.60734,0,0,-0.27925,10,0
0.55191,0,-0.28224,-0.28224,10.044,0
0.55191,0,0,-0.28066,10.101,0
0.47926,0,-0.28209,-0.28209,10.139,0
0.45952,0,-0.28516,-0.28516,10.186,0
0.43894,0,-0.28316,-0.28316,10.238,0
0.43894,0,0,-0.28368,10.283,0
0.36809,0,-0.28658,-0.28658,10.307,0
0.34021,0,-0.28302,-0.28302,10.35,0
0.30858,0,-0.28149,-0.28149,10.38,0
0.30858,0,0,-0.28583,10.413,0
0.30858,0,0,-0.28497,10.445,0
0.30858,0,0,-0.28456,10.477,0
0.19505,0,-0.28765,-0.28765,10.493,0
0.16719,0,-0.28921,-0.28921,10.509,0
0.13346,0,-0.28792,-0.28792,10.519,0
0.099538,0,-0.28928,-0.28928,10.522,0
0.064932,0,-0.28825,-0.28825,10.532,0
0.034304,0,-0.28763,-0.28763,10.542,0
0.00096052,0,-0.28756,-0.28756,10.538,0
-0.020614,0,-0.28777,-0.28777,10.531,0.042259
-0.05846,0,-0.28503,-0.28503,10.526,0.11984
-0.089388,0,-0.28686,-0.28686,10.518,0.18325
-0.12521,0,-0.28803,-0.28803,10.503,0.25669
-0.14549,0,-0.28656,-0.28656,10.488,0.29826
-0.14549,0,0,-0.28686,10.475,0
-0.14549,0,0,-0.28794,10.462,0
-0.22415,0,-0.28956,-0.28956,10.43,0.45951
-0.26127,0,-0.28874,-0.28874,10.4,0.5356
-0.28186,0,-0.30189,-0.30189,10.376,0.57781
-0.28186,0,0,-0.31892,10.349,0
-0.32868,0,-0.34864,-0.34864,10.306,0.6738
-0.35956,0,-0.37345,-0.37345,10.28,0.7371
-0.39611,0,-0.39451,-0.39451,10.252,0.81203
-0.43181,0,-0.40765,-0.40765,10.206,0.88521
-0.47426,0,-0.41719,-0.41719,10.163,0.97224
-0.47426,0,0,-0.41208,10.118,0.10635
-0.54684,0,-0.4256,-0.4256,10.06,1.121
-0.59834,0,-0.4811,-0.4811,10.001,1.2266
-0.65089,0,-0.55306,-0.55306,9.9447,1.3343
-0.65089,0,0,-0.65102,9.8823,0
-0.76071,0,-0.76856,-0.76856,9.8128,1.5594
-0.82785,0,-0.88807,-0.88807,9.7273,1.6971
-0.90853,0,-0.96131,-0.96131,9.6465,1.8625
-1.0027,0,-0.98269,-0.98269,9.5631,2.0556
-1.108,0,-1.0069,-1.0069,9.4615,2.2715
-1.2132,0,-1.081,-1.081,9.3588,2.4871
-1.3146,0,-1.1594,-1.1594,9.2305,2.6949
-1.4369,0,-1.2223,-1.2223,9.1033,2.9457
-1.567,0,-1.3066,-1.3066,8.9569,3.2123
-1.6961,0,-1.3349,-1.3349,8.8035,3.477
-1.8268,0,-1.2702,-1.2702,8.6304,3.7449
-1.8268,0,0,-1.1613,8.454,1.3048
-2.0529,0,-1.0655,-1.0655,8.2701,4.2084
-2.1513,0,-0.95819,-0.95819,8.0567,4.4101
-2.1513,0,0,-0.85348,7.8464,2.6167
-2.1513,0,0,-0.77912,7.6355,2.773
-2.4023,0,-0.74715,-0.74715,7.3861,4.9248
-2.4859,0,-0.7153,-0.7153,7.1474,5.0961
-2.5549,0,-0.71287,-0.71287,6.8997,5.2375
-2.6192,0,-0.65422,-0.65422,6.6436,5.3694
-2.6192,0,0,-0.61839,6.3849,4.07
-2.6192,0,0,-0.59942,6.1261,4.1099
-2.7983,0,-0.62286,-0.62286,5.8324,5.7365
-2.855,0,-0.61034,-0.61034,5.5433,5.8527
-2.9074,0,-0.69928,-0.69928,5.2587,5.9601
-2.9783,0,-0.7826,-8.8,4.9584,0
-2.9783,0,0,-8.8,4.7045,0
-3.1216,0,-0.81035,-8.8,4.4381,0
-3.1934,0,-0.93862,-8.8,4.1754,0
-3.1934,0,0,-8.8,3.9001,0
-3.1934,0,0,-8.8,3.6247,0
-3.1934,0,0,-8.8,3.3494,0
-3.1934,0,0,-8.8,3.074,0
-3.7583,0,-1.1442,-8.8,2.6649,0
-3.7583,0,0,-8.8,2.3331,0
-3.9718,0,-1.1817,-8.8,1.9812,0
-4.0881,0,-1.2406,-8.8,1.6219,0
-4.2102,0,-1.391,-8.8,1.2589,0
-4.2102,0,0,-12.038,0.88189,0
