22.5,22.5,0.04635,0,35.5,0
22.514,22.5,0.43678,0.0038896,35.5,0
22.514,22.5,0,0.014247,35.502,0.0028527
22.514,22.502,0,0.017513,35.503,0.01283
22.514,22.504,0,0.025273,35.504,0.033417
22.514,22.506,0,0.03167,35.505,0.052962
22.644,22.509,0.22216,0.038402,35.534,0
22.667,22.513,0.23983,0.043878,35.55,0
22.694,22.517,0.16768,0.050239,35.563,0
22.712,22.523,0.058537,0.053781,35.576,0
22.726,22.528,0.019536,0.056408,35.601,0
22.724,22.534,-0.13523,0.054206,35.615,0.031743
22.708,22.539,-0.25426,0.048077,35.644,0.4172
22.675,22.544,-0.21172,0.037306,35.657,0.34452
22.658,22.547,-0.15277,0.031487,35.675,0.20452
22.651,22.551,-0.066674,0.028702,35.683,0
22.641,22.554,0.046738,0.025003,35.701,0
22.641,22.556,0,0.024272,35.71,0
22.662,22.558,0.12708,0.029473,35.706,0
22.675,22.561,0.18695,0.032462,35.72,0
22.675,22.565,0,0.039095,35.731,0
22.727,22.569,0.21733,0.045252,35.749,0
22.727,22.573,0,0.048154,35.765,0
22.727,22.578,0,0.054859,35.78,0
22.727,22.583,0,0.061712,35.795,0
22.837,22.59,0.25768,0.070451,35.816,0
22.868,22.597,0.20781,0.077273,35.845,0
22.868,22.604,0,0.078742,35.872,0
22.89,22.612,0.085438,0.07916,35.898,0
22.89,22.62,0,0.081878,35.925,0
22.89,22.628,0,0.08041,35.952,0
22.923,22.636,0.02961,0.08169,35.999,0
22.923,22.644,0,0.081403,36.027,0
22.933,22.653,0.14917,0.079981,36.054,0
22.933,22.661,0,0.083508,36.082,0
22.971,22.669,0.18551,0.086129,36.11,0
22.986,22.678,0.19638,0.088085,36.144,0
22.986,22.686,0,0.090595,36.175,0
23.014,22.695,0.16126,0.09085,36.217,0
23.014,22.705,0,0.094992,36.249,0
23.058,22.714,0.19629,0.098038,36.266,0
23.058,22.724,0,0.098586,36.3,0
23.058,22.734,0,0.10346,36.333,0
23.121,22.744,0.28025,0.10751,36.378,0
23.145,22.755,0.31302,0.11145,36.418,0
23.177,22.766,0.40433,0.11738,36.458,0
23.218,22.778,0.40305,0.12587,36.499,0
23.252,22.79,0.38691,0.13182,36.542,0
23.252,22.803,0,0.13877,36.588,0
23.333,22.817,0.34996,0.14723,36.639,0
23.367,22.832,0.26905,0.15307,36.697,0
23.402,22.847,0.30858,0.15846,36.744,0
23.44,22.863,0.31837,0.16485,36.797,0
23.471,22.88,0.35018,0.16917,36.858,0
23.514,22.897,0.34368,0.17664,36.92,0
23.557,22.914,0.46892,0.18393,36.985,0
23.613,22.933,0.38761,0.19463,37.051,0
23.651,22.952,0.24742,0.20002,37.117,0
23.679,22.972,0.18787,0.20245,37.192,0
23.679,22.992,0,0.20191,37.262,0
23.712,23.013,0.19547,0.20031,37.333,0
23.739,23.033,0.23145,0.20246,37.399,0
23.761,23.053,0.33816,0.20296,37.478,0
23.804,23.073,0.35085,0.20955,37.555,0
23.835,23.094,0.28614,0.2124,37.623,0
23.871,23.115,0.25654,0.21677,37.696,0
23.889,23.137,0.19531,0.21571,37.772,0
23.889,23.159,0,0.21607,37.846,0
23.927,23.18,0.22228,0.21431,37.924,0
23.953,23.202,0.2601,0.21564,37.991,0
23.988,23.223,0.26874,0.21965,38.061,0
24.008,23.245,0.36149,0.21904,38.135,0
24.05,23.267,0.43064,0.22493,38.205,0
24.05,23.29,0,0.23244,38.282,0
24.143,23.313,0.38206,0.23837,38.355,0
24.143,23.337,0,0.24305,38.436,0
24.227,23.361,0.36881,0.24873,38.524,0
24.256,23.386,0.35059,0.25009,38.609,0
24.287,23.411,0.39281,0.252,38.701,0
24.335,23.436,0.42058,0.25862,38.792,0
24.335,23.462,0,0.26401,38.881,0
24.335,23.488,0,0.27029,38.967,0
24.46,23.515,0.42005,0.27195,39.073,0
24.503,23.543,0.38694,0.2764,39.163,0
24.537,23.57,0.37489,0.27828,39.26,0
24.537,23.598,0,0.28392,39.355,0
24.614,23.626,0.38997,0.28447,39.462,0
24.658,23.655,0.39886,0.28917,39.562,0
24.7,23.684,0.40617,0.29277,39.661,0
24.7,23.713,0,0.29826,39.761,0
24.795,23.743,0.39211,0.30329,39.867,0
24.795,23.773,0,0.3067,39.971,0
24.878,23.804,0.33774,0.30982,40.081,0
24.919,23.835,0.3019,0.31262,40.183,0
24.94,23.866,0.25834,0.30986,40.295,0
24.956,23.897,0.25868,0.30566,40.396,0
24.976,23.928,0.19792,0.30254,40.503,0
25.005,23.958,0.15881,0.30228,40.602,0
25.023,23.988,0.14172,0.29885,40.711,0
25.029,24.018,0.13024,0.29187,40.809,0
25.029,24.047,0,0.28481,40.909,0
25.043,24.076,0.041343,0.27936,41.01,0
25.042,24.104,-0.021639,0.27097,41.096,0
25.034,24.131,-0.058199,0.26104,41.185,0
25.036,24.157,-0.089427,0.25408,41.28,0
25.03,24.182,-0.11454,0.24488,41.376,0
25.015,24.207,-0.19344,0.23347,41.449,0
24.992,24.23,-0.21524,0.22015,41.532,0
24.979,24.252,-0.26273,0.21013,41.596,0
24.955,24.273,-0.30917,0.19714,41.671,0
24.923,24.293,-0.35429,0.18207,41.733,0
24.881,24.311,-0.35807,0.16478,41.787,0.094238
24.836,24.327,-0.34186,0.14705,41.833,0.1422
24.797,24.342,-0.3042,0.13131,41.885,0.10735
24.768,24.355,-0.26069,0.11939,41.927,0.037098
24.748,24.367,-0.24501,0.11016,41.962,0.041163
24.748,24.378,0,0.10058,41.999,0
24.702,24.388,-0.13411,0.090647,42.018,0
24.687,24.397,-0.053114,0.08362,42.055,0
24.69,24.406,0.02047,0.082226,42.087,0
24.686,24.414,0.10337,0.078669,42.108,0
24.698,24.422,0.13325,0.079666,42.145,0
24.708,24.43,0.13648,0.080326,42.17,0
24.716,24.438,0.10383,0.080349,42.198,0
24.728,24.446,0.1156,0.081519,42.219,0
24.728,24.454,0,0.082151,42.247,0
24.728,24.462,0,0.080402,42.274,0
24.728,24.47,0,0.081797,42.3,0
24.764,24.478,0.10339,0.082443,42.346,0
24.767,24.487,0.051969,0.081165,42.368,0
24.779,24.495,0.076687,0.082292,42.402,0
24.78,24.503,0.063116,0.08011,42.432,0
24.778,24.511,0.063078,0.077228,42.46,0
24.782,24.519,0.064867,0.076227,42.477,0
24.786,24.526,0.090394,0.075067,42.508,0
24.796,24.534,0.071829,0.075922,42.54,0
24.797,24.542,0.066162,0.073821,42.558,0
24.795,24.549,0.081628,0.071042,42.578,0
24.796,24.556,0.089647,0.069456,42.606,0
24.802,24.563,0.11905,0.069061,42.636,0
24.817,24.57,0.15612,0.071467,42.668,0
24.824,24.577,0.23109,0.071493,42.702,0
24.845,24.584,0.22278,0.07534,42.725,0
24.845,24.592,0,0.078635,42.751,0
24.898,24.6,0.26618,0.086344,42.788,0
24.928,24.608,0.25494,0.092557,42.81,0
24.958,24.617,0.22148,0.098662,42.852,0
24.985,24.627,0.25385,0.10366,42.883,0
25.006,24.638,0.22048,0.10647,42.916,0
25.006,24.648,0,0.11204,42.952,0
25.061,24.66,0.22625,0.11631,42.991,0
25.093,24.671,0.21681,0.12224,43.032,0
25.12,24.683,0.18318,0.12642,43.082,0
25.12,24.696,0,0.12708,43.125,0
25.153,24.709,0.16944,0.1287,43.165,0
25.173,24.722,0.12842,0.13076,43.204,0
25.191,24.735,0.10539,0.13209,43.246,0
25.209,24.748,0.13474,0.1335,43.3,0
25.209,24.761,0,0.13102,43.345,0
25.219,24.774,0.081253,0.12869,43.4,0
25.223,24.787,0.1172,0.12612,43.444,0
25.23,24.8,0.12369,0.12443,43.477,0
25.23,24.812,0,0.12273,43.52,0
25.24,24.825,0.15802,0.1203,43.574,0
25.257,24.837,0.20262,0.12181,43.605,0
25.268,24.849,0.24043,0.12132,43.652,0
25.284,24.861,0.27022,0.12242,43.687,0
25.307,24.873,0.29696,0.12574,43.734,0
25.338,24.886,0.25334,0.131,43.771,0
25.353,24.899,0.26912,0.1317,43.823,0
25.386,24.912,0.23935,0.13741,43.877,0
25.413,24.926,0.21977,0.1413,43.918,0
25.413,24.94,0,0.1457,43.966,0
25.413,24.954,0,0.1487,44.012,0
25.5,24.969,0.22005,0.15368,44.066,0
25.518,24.985,0.22372,0.1545,44.12,0
25.518,25,0,0.15768,44.173,0
25.563,25.016,0.22789,0.15845,44.222,0
25.563,25.032,0,0.16327,44.276,0
25.627,25.048,0.20965,0.16764,44.331,0
25.641,25.065,0.16224,0.16694,44.385,0
25.663,25.081,0.10077,0.16865,44.44,0
25.663,25.098,0,0.16587,44.497,0
25.677,25.115,0.086911,0.16284,44.557,0
25.691,25.131,0.066743,0.16216,44.615,0
25.691,25.147,0,0.15997,44.67,0
25.71,25.163,0.037251,0.15845,44.719,0
25.71,25.179,-0.0029221,0.15371,44.776,0
25.71,25.195,0,0.14686,44.829,0
25.687,25.209,-0.13276,0.13843,44.893,0
25.678,25.223,-0.23226,0.13199,44.936,0
25.647,25.236,-0.29519,0.11913,44.971,0.15127
25.647,25.248,0,0.10625,45.012,0
25.588,25.259,-0.38344,0.095264,45.042,0.60866
25.548,25.268,-0.38174,0.080981,45.07,0.68951
25.501,25.277,-0.37753,0.064992,45.104,0.77132
25.455,25.283,-0.33471,0.049872,45.13,0.69825
25.42,25.288,-0.34693,0.038135,45.148,0.81615
25.378,25.292,-0.31307,0.024924,45.167,0.76765
25.348,25.294,-0.26994,0.015599,45.179,0.66735
25.324,25.296,-0.20923,0.0080173,45.184,0.50824
25.307,25.297,-0.19739,0.0028611,45.193,0.50003
25.279,25.297,-0.15402,-0.0016703,45.202,0.42329
25.268,25.297,-0.17166,-0.0027127,45.207,0.50054
25.248,25.297,-0.18158,-0.0046024,45.195,0.57608
25.224,25.296,-0.22126,-0.0068382,45.183,0.76111
25.224,25.295,0,-0.0083535,45.176,0.13134
25.174,25.295,-0.41424,-0.011408,45.156,1.6643
25.132,25.293,-0.51931,-0.015226,45.142,2.3115
25.132,25.292,0,-0.019219,45.126,0.29528
25.022,25.29,-0.7385,-0.025399,45.092,4.042
24.954,25.287,-0.77618,-0.031651,45.055,4.5557
24.882,25.284,-0.83872,-0.038172,45.021,5.3049
24.798,25.28,-0.88531,-0.045871,44.983,6.0117
24.719,25.276,-0.96576,-0.053025,44.921,7.0474
24.719,25.271,0,-0.062475,44.866,1.1025
24.524,25.264,-0.99474,-0.070842,44.782,8.1007
24.417,25.257,-0.98972,-0.080551,44.709,8.4722
24.417,25.249,0,-0.090395,44.626,1.7506
24.222,25.24,-0.87163,-0.098252,44.524,8.0373
24.14,25.23,-0.84993,-0.10556,44.423,8.1224
24.059,25.22,-0.78946,-0.11278,44.316,7.8351
24.059,25.208,0,-0.1191,44.2,2.556
24.059,25.197,0,-0.12642,44.086,2.491
24.059,25.184,0,-0.13398,43.973,2.4235
23.737,25.171,-0.90951,-0.14166,43.791,10.156
23.737,25.156,0,-0.14914,43.649,3.2612
23.559,25.141,-0.8453,-0.15795,43.498,10.107
23.484,25.126,-0.75419,-0.16476,43.342,9.427
23.411,25.109,-0.71155,-0.17143,43.165,9.2354
23.411,25.092,0,-0.1789,42.996,3.9807
23.252,25.074,-0.69904,-0.18618,42.81,9.6035
23.252,25.056,0,-0.19235,42.629,4.3306
23.116,25.036,-0.97009,-0.19878,42.44,12.943
23.025,25.016,-1.2559,-0.20751,42.239,17.064
22.89,24.996,-1.476,-0.22096,42.042,21.129
22.737,24.974,-1.7805,-0.23644,41.831,27.594
22.554,24.95,-2.1652,-0.25541,41.597,37.569
22.34,24.924,-2.4009,-0.27802,41.339,45.411
22.109,24.897,-2.3419,-0.3028,41.066,44.875
22.109,24.866,0,-0.32897,40.789,7.1017
21.636,24.833,-2.0555,-0.35462,40.484,39.449
21.636,24.798,0,-0.37706,40.166,8.4337
21.249,24.76,-1.6029,-0.3991,39.807,30.908
21.095,24.72,-1.477,-0.41767,39.445,29.022
20.942,24.679,-1.331,-0.43636,39.076,26.888
20.812,24.635,-1.2388,-0.45282,38.695,25.682
20.693,24.59,-1.0125,-0.46848,38.305,22.402
20.585,24.543,-0.7944,-0.48277,37.923,19.554
20.501,24.495,-0.64987,-0.49454,37.529,17.805
20.441,24.445,-0.58848,-0.50342,37.134,17.041
20.383,24.395,-0.64062,-0.51244,36.732,17.627
20.325,24.343,-0.74093,-0.52138,36.335,18.831
20.253,24.291,-0.88882,-0.53247,35.93,20.814
20.163,24.238,-1.0147,-0.54632,35.518,22.71
20.163,24.183,0,-0.56131,35.114,10.869
19.944,24.127,-1.0916,-0.57974,34.709,24.204
19.944,24.069,0,-0.59614,34.293,11.091
19.757,24.01,-0.90367,-0.61098,33.852,21.507
19.67,23.949,-0.86878,-0.62599,33.423,21.02
19.591,23.886,-0.80918,-0.6401,32.995,20.165
19.502,23.822,-0.86718,-0.65598,32.566,20.943
19.412,23.756,-1.039,-0.67265,32.125,23.406
19.311,23.689,-1.0387,-0.69134,31.687,23.413
19.311,23.62,0,-0.70935,31.253,11.116
19.118,23.549,-1.0799,-0.72828,30.808,23.981
19.018,23.476,-1.0731,-0.74805,30.36,23.83
18.921,23.401,-1.0828,-0.76756,29.921,23.914
18.921,23.325,0,-0.79016,29.476,10.977
18.687,23.246,-1.2794,-0.81586,29.011,27.082
18.687,23.164,0,-0.84403,28.559,10.928
18.42,23.08,-1.3239,-0.87307,28.082,27.864
18.28,22.992,-1.3502,-0.90377,27.62,28.325
18.147,22.902,-1.3083,-0.93485,27.137,27.517
18.014,22.809,-1.2281,-0.96625,26.661,26.058
18.014,22.712,0,-0.99805,26.186,10.841
17.758,22.612,-1.1459,-1.0304,25.691,24.412
17.758,22.509,0,-1.0622,25.21,10.644
17.521,22.403,-0.93291,-1.0931,24.722,20.792
17.521,22.294,0,-1.119,24.24,10.364
17.356,22.182,-0.61441,-1.1411,23.761,16.068
17.356,22.068,0,-1.1584,23.284,9.8594
17.265,21.952,-0.40348,-1.1724,22.811,12.955
17.223,21.834,-0.36914,-1.1866,22.344,12.174
17.185,21.716,-0.39588,-1.2,21.879,11.936
17.185,21.596,0,-1.2129,21.432,8.3449
17.185,21.474,0,-1.2243,20.997,7.824
17.059,21.352,-0.51654,-1.2389,20.543,11.612
17.006,21.228,-0.60395,-1.2528,20.121,11.975
16.945,21.103,-0.62827,-1.2698,19.698,11.764
16.873,20.976,-0.62374,-1.2885,19.291,11.313
16.807,20.847,-0.62651,-1.3047,18.89,10.916
16.736,20.717,-0.6136,-1.3227,18.491,10.39
16.67,20.584,-0.66462,-1.3395,18.087,10.406
16.67,20.45,0,-1.3561,17.702,5.4436
16.517,20.315,-0.89525,-1.3768,17.317,11.749
16.436,20.177,-1.0093,-1.3964,16.938,12.499
16.34,20.037,-1.1229,-1.4207,16.567,13.34
16.34,19.895,0,-1.4523,16.204,4.4264
16.34,19.75,0,-1.4899,15.856,3.9339
15.985,19.601,-1.2489,-1.5221,15.451,13.473
15.985,19.449,0,-1.5547,15.097,3.8786
15.741,19.293,-1.2442,-1.5895,14.736,12.442
15.741,19.134,0,-2.9,14.388,6.1555
15.741,18.844,0,-2.9,14.063,7.1098
15.342,18.554,-1.2671,-2.9,13.713,3.1758
15.215,18.264,-1.3123,-4.4,13.409,38.441
15.074,17.824,-1.3438,-4.4,13.117,55.925
14.931,17.384,-1.4232,-4.4,12.854,90.7
14.785,16.944,-1.8009,-4.4,12.62,0
14.607,16.504,-2.2374,-4.4,12.416,0
14.607,16.064,0,-4.4,12.248,149
14.607,15.624,0,-4.4,12.124,211.64
13.803,15.184,-3.4262,-4.4,11.935,0.15161
13.467,14.744,-3.5638,-4.4,11.806,0.56945
13.105,14.304,-3.5651,-4.4,11.674,0.30881
12.746,13.864,-3.6646,-4.4,11.564,0.53352
12.746,13.424,0,-4.4,11.475,289.04
11.972,12.984,-4.48,-4.5251,11.362,1.1302
11.53,12.532,-4.9772,-5.0218,11.254,1.3272
11.035,12.03,-5.5726,-0.4228,11.157,23.962
11.035,11.988,0,-0.6553,11.06,0.67049
9.8641,11.922,-6.1022,-6.2974,10.848,3.8086
9.8641,11.292,0,-0.87351,10.674,1.1741
9.8641,11.205,0,-5.9913,10.535,0
8.0969,10.606,-5.1956,-5.5053,10.16,4.4923
7.5858,10.055,-4.7715,-5.2,9.9024,4.1619
7.115,9.5353,-4.4831,-5.2,9.6655,3.4553
6.6603,9.0153,-4.2581,-5.2,9.4234,2.8486
6.6603,8.4953,0,-5.2,9.2139,77.568
5.8199,7.9753,-4.2173,-5.2,8.9782,2.3536
5.3954,7.4553,-4.6063,-0.77774,8.7656,16.089
4.9428,7.3775,-5.3422,-5.6892,8.5401,4.2618
4.4013,6.8086,-6.382,-6.7312,8.297,4.2011
3.7576,6.1354,-7.5383,-7.889,8.062,4.1377
3.0065,5.3465,-8.294,-0.74336,7.8297,21.73
2.1819,5.2722,-8.3618,-8.9937,7.5566,5.0074
1.3399,4.3728,-8.2094,-0.88058,7.2488,22.111
0.5181,4.2848,-7.9959,-9.0227,6.9081,5.5639
-0.27256,3.3825,-7.9802,-9.0035,6.5275,5.3426
-0.27256,2.4821,0,-9.3185,6.207,0
-1.9073,1.5503,-8.942,-0.47167,5.8118,24.886
-2.8008,1.5031,-9.4564,-11.165,5.4208,5.2329
-3.7392,0.38663,-9.5094,-11.21,5.005,4.8847
-4.6918,0,-9.3783,-11.775,4.5922,4.5819
-5.6251,0,-8.9574,-12.783,4.1358,3.4934
-6.513,0,-8.5765,-14.488,3.5877,0.92975
-6.513,0,0,-14.908,3.0089,0
-7.9546,0,-2.7186,-16.619,2.2761,0
-8.2313,0,-0.89274,-22.681,1.5548,0
-8.3236,0,0.48266,-40.523,0.84479,0
-8.3236,0,0,-152.05,0.21505,0
-8.0719,0,0.89482,-204.14,0.15889,0
-8.0719,0,0,-84.544,0.37241,0
-8.0719,0,0,-3707.1,-0.012061,0
-8.1015,0,-0.53444,-0.53444,17.746,16.608
-8.1015,0,0,-0.67728,16.939,15.185
-8.2088,0,-1.3284,-1.3284,16.114,16.828
-8.3382,0,-2.1986,-2.1986,15.292,17.093
-8.3382,0,0,-3.1036,14.469,10.572
-8.8703,0,-4.0439,-4.0439,13.595,18.184
-8.8703,0,0,-4.5714,12.729,8.5784
-9.7349,0,-4.0729,-4.0729,11.799,19.957
-9.7349,0,0,-3.3338,10.846,12.951
-9.7349,0,0,-2.7596,9.8888,14.158
-10.757,0,-2.2693,-2.2693,8.7399,22.052
-10.757,0,0,-1.9687,7.6755,17.915
-10.757,0,0,-1.9668,6.6097,17.919
-11.383,0,-1.8295,-1.8295,5.437,23.335
-11.565,0,-1.5127,-17.077,4.2971,0
-11.565,0,0,-22.455,3.2259,0
-11.565,0,0,-33.159,2.1817,0
-11.895,0,-0.5055,-62.303,1.1448,0
-11.949,0,-0.47803,-268.38,0.26649,0
-11.949,0,0,-173.23,0.41347,0
-11.949,0,0,-970.37,0.084707,0
-12.094,0,-0.45647,-20.151,3.7135,0
-12.131,0,-0.44556,-28.809,2.5942,0
-12.173,0,-0.43742,-49.031,1.5246,0
-12.21,0,-0.48824,-134.59,0.55582,0
-12.21,0,0,-7298.8,0.0078179,0
-12.21,0,0,7.8,35.281,41.42
-12.359,0.78,-0.58368,7.8,34.001,44.552
-12.422,1.56,-0.58095,7.8,32.646,46.273
-12.489,2.34,-0.54374,7.8,31.205,47.932
-12.489,3.12,0,7.8,29.683,48.389
-12.489,3.9,0,7.8,28.084,49.988
-12.489,4.68,0,7.8,26.406,51.587
-12.489,5.46,0,-0.89125,24.65,34.923
-12.73,5.3709,-0.42749,-0.99149,22.788,35.923
-12.772,5.2717,-0.43214,-1.1101,20.981,35.565
-12.772,5.1607,0,-1.2527,19.182,34.13
-12.864,5.0354,-0.42164,-1.4295,17.382,34.575
-12.864,4.8925,0,-1.6484,15.6,32.936
-12.944,4.7277,-0.41554,-1.9275,13.808,33.051
-12.944,4.5349,0,-2.2851,12.051,31.031
-13.024,4.3064,-0.39937,-2.7631,10.32,30.56
-13.024,4.0301,0,-3.4347,8.601,27.743
-13.024,3.6866,0,-4.4042,6.9128,25.002
-13.024,3.2462,0,-26.092,5.2637,0
-13.18,0.63699,-0.60927,-26.246,3.7232,0
-13.241,0,-0.93776,-36.434,2.4696,0
-13.341,0,-1.2815,-68.205,1.3298,0
-13.46,0,-1.581,-271.29,0.33586,0
-13.46,0,0,-275.8,0.34632,0
-13.798,0,-1.6742,-280.58,0.3413,0
-13.966,0,-1.4328,-282.87,0.34653,0
-14.112,0,-1.1831,-278.22,0.35941,0
-14.112,0,0,-303.5,0.33934,0
-14.112,0,0,-240.85,0.4457,0
-14.404,0,-0.78571,-537.86,0.19314,0
-14.489,0,-0.70332,-73.335,1.4452,0
-14.566,0,-0.61036,-295.54,0.35971,0
-14.628,0,-0.50987,-277.7,0.38596,0
-14.67,0,-0.44941,-350.32,0.30754,0
-14.67,0,0,-183.28,0.59218,0
-14.761,0,-0.42772,-3777,0.028846,0
-14.806,0,-0.41957,-0.41957,17.437,30.352
-14.846,0,-0.42613,-0.42613,15.963,30.434
-14.888,0,-0.43552,-0.43552,14.476,30.521
-14.942,0,-0.44004,-0.44004,12.996,30.631
-14.942,0,0,-0.4826,11.504,29.617
-15.041,0,-0.54876,-0.54876,9.9955,30.834
-15.087,0,-0.70817,-0.70817,8.4858,30.929
-15.155,0,-0.9658,-0.9658,6.9737,31.068
-15.155,0,0,-1.2718,5.463,28.395
-15.379,0,-1.5126,-31.453,3.9496,0
-15.533,0,-1.6211,-48.735,2.5607,0
-15.704,0,-1.5236,-99.998,1.2521,0
-15.704,0,0,-697.94,0.18176,0
-15.988,0,-0.97081,-62.431,2.0794,0
-16.076,0,-0.69342,-164.69,0.78791,0
-16.135,0,-0.52516,-23818,0.0054655,0
-16.135,0,0,7.8,117.48,49.467
-16.135,0.78,0,7.8,115.83,51.066
-16.271,1.56,-0.43604,7.8,114.08,53.86
-16.316,2.34,-0.42662,7.8,112.26,55.531
-16.355,3.12,-0.4247,7.8,110.35,57.206
-16.355,3.9,0,7.8,108.37,57.912
-16.449,4.68,-0.43936,7.8,106.29,60.627
-16.499,5.46,-0.51396,7.8,104.14,62.486
-16.499,6.24,0,6.7,101.91,60.694
-16.608,6.91,-0.75596,6.7,99.603,63.88
-16.685,7.58,-0.87035,6.7,97.219,65.651
-16.771,8.25,-0.97597,6.7,94.747,67.422
-16.873,8.92,-1.0207,6.7,92.202,69.098
-16.873,9.59,0,6.7,89.589,68.327
-17.08,10.26,-1.0503,6.7,86.879,72.333
-17.182,10.93,-1.0738,6.7,84.109,73.964
-17.296,11.6,-1.0931,6.7,81.264,75.612
-17.407,12.27,-1.1061,4.8,78.337,73.247
-17.526,12.75,-1.0127,4.8,75.341,74.279
-17.526,13.23,0,4.8,72.29,73.135
-17.526,13.71,0,4.8,69.19,74.119
-17.791,14.19,-0.5969,4.8,66.001,76.901
-17.851,14.67,-0.46491,4.8,62.783,77.73
-17.903,15.15,-0.43372,4.8,59.497,78.756
-17.903,15.63,0,4.8,56.167,78.828
-17.981,16.11,-0.29092,4.8,52.797,80.583
-18.019,16.59,-0.20913,4.8,49.362,81.473
-18.049,17.07,-0.12903,4.8,45.885,82.35
-18.066,17.55,-0.042503,-2.5214,42.341,67.803
-18.076,17.298,0.012233,-2.8492,38.787,66.503
-18.083,17.013,0.099183,-3.2498,35.258,64.91
-18.066,16.688,0.23222,-3.7425,31.772,62.893
-18.066,16.314,0,-4.3642,28.315,61.308
-18.006,15.877,0.52037,-5.1667,24.907,57.51
-17.944,15.361,0.63687,-6.2205,21.554,53.866
-17.876,14.739,0.67922,-7.6599,18.259,49.337
-17.803,13.973,0.68792,-7.84,15.047,47.221
-17.803,13.189,0,-7.84,11.909,47.059
-17.666,12.405,0.74977,-50.345,8.8488,0
-17.593,7.3701,0.81085,-50.258,6.1011,0
-17.507,2.3443,0.90847,-50.152,3.8589,0
-17.424,0,1.0389,-70.413,2.1245,0
-17.313,0,1.1922,-201.53,0.73929,0
-17.2,0,1.2672,-4859,0.030436,0
-17.08,0,1.0526,7.8,22.612,49.193
-16.975,0.78,0.73648,0.73648,20.871,36.398
-16.975,0.85365,0,0.38469,19.092,37.358
-16.863,0.89212,0.10651,-0.22005,17.32,35.712
-16.856,0.87011,-0.032115,-0.032115,15.55,36.339
-16.867,0.8669,-0.038319,-0.038319,13.781,36.354
-16.873,0.86307,-0.04138,-0.04138,12.001,36.36
-16.879,0.85893,-0.066265,-0.066265,10.227,36.362
-16.883,0.8523,-0.16829,-0.16829,8.4495,36.357
-16.883,0.83548,0,-0.26156,6.6768,35.773
-16.883,0.80932,0,-32.415,4.9063,0
-16.96,0,0.085377,-43.748,3.2809,0
