15.556,15.556,0.35663,0,35.5,0
15.6,15.556,0.25593,0.0236,35.51,0
15.626,15.558,0.19844,0.035886,35.526,0
15.647,15.562,0.14517,0.044803,35.54,0
15.663,15.566,0.12418,0.050859,35.545,0
15.671,15.571,0.13301,0.052896,35.565,0
15.69,15.576,0.1251,0.059791,35.572,0
15.69,15.582,0,0.064884,35.583,0
15.69,15.589,0,0.066917,35.593,0
15.719,15.596,-0.013201,0.064808,35.613,0
15.714,15.602,-0.1061,0.059022,35.619,0.14803
15.714,15.608,0,0.052089,35.63,0
15.69,15.613,-0.28361,0.040641,35.63,0.73953
15.655,15.617,-0.32039,0.019955,35.628,0.91257
15.655,15.619,0,-2.8598e-05,35.632,0
15.591,15.619,-0.33366,-0.0023337,35.639,1.0705
15.552,15.619,-0.34326,-0.0055795,35.64,1.2117
15.519,15.618,-0.34982,-0.0082143,35.623,1.3234
15.494,15.618,-0.40069,-0.010268,35.612,1.6157
15.451,15.617,-0.45185,-0.01372,35.595,1.9804
15.413,15.615,-0.45944,-0.016786,35.579,2.1275
15.377,15.613,-0.47468,-0.019648,35.566,2.3101
15.334,15.612,-0.48394,-0.023107,35.533,2.4855
15.281,15.609,-0.37163,-0.02738,35.504,2.0592
15.281,15.606,0,-0.029637,35.472,0.64592
15.216,15.604,-0.23364,-0.032454,35.425,1.6036
15.195,15.6,-0.15773,-0.033936,35.386,1.3479
15.189,15.597,-0.071728,-0.034262,35.337,1.0526
15.184,15.593,-0.078668,-0.034397,35.302,1.0778
15.179,15.59,-0.10008,-0.034601,35.266,1.1544
15.165,15.587,-0.099814,-0.035532,35.23,1.1783
15.155,15.583,-0.11821,-0.036206,35.181,1.2601
15.138,15.579,-0.13182,-0.037393,35.141,1.3419
15.125,15.576,-0.17241,-0.038252,35.102,1.5195
15.125,15.572,0,-0.039523,35.057,0.91135
15.075,15.568,-0.27872,-0.041949,35.008,2.0835
15.04,15.564,-0.31047,-0.044662,34.956,2.3206
15.015,15.559,-0.33621,-0.046569,34.902,2.5092
15.015,15.555,0,-0.049945,34.848,1.1119
14.942,15.55,-0.36748,-0.052191,34.789,2.859
14.942,15.544,0,-0.05529,34.728,1.255
14.858,15.539,-0.37809,-0.058725,34.673,3.1393
14.829,15.533,-0.39706,-0.060912,34.612,3.3195
14.829,15.527,0,-0.063722,34.542,1.4788
14.757,15.52,-0.4751,-0.066448,34.463,3.9809
14.708,15.514,-0.45797,-0.070412,34.379,4.0129
14.666,15.507,-0.41735,-0.073715,34.307,3.8749
14.615,15.499,-0.41811,-0.077732,34.229,4.019
14.615,15.492,0,-0.080903,34.141,1.9082
14.545,15.484,-0.36131,-0.083154,34.047,3.8464
14.5,15.475,-0.36771,-0.086763,33.958,4.0027
14.5,15.467,0,-0.089423,33.861,2.1346
14.419,15.458,-0.39534,-0.093238,33.75,4.3776
14.375,15.448,-0.43553,-0.096673,33.653,4.7509
14.331,15.439,-0.44948,-0.10022,33.548,4.9598
14.295,15.429,-0.48423,-0.10309,33.433,5.2893
14.256,15.418,-0.50621,-0.10628,33.317,5.5479
14.202,15.408,-0.51818,-0.11078,33.201,5.7875
14.202,15.397,0,-0.1157,33.081,2.7061
14.092,15.385,-0.55123,-0.12014,32.942,6.3495
14.092,15.373,0,-0.12417,32.813,2.9356
13.999,15.361,-0.53528,-0.128,32.677,6.469
13.949,15.348,-0.5123,-0.13237,32.534,6.4233
13.949,15.335,0,-0.13676,32.395,3.2113
13.845,15.321,-0.41864,-0.14143,32.238,5.9843
13.845,15.307,0,-0.14506,32.091,3.4153
13.755,15.292,-0.49452,-0.14934,31.935,6.7654
13.755,15.277,0,-0.15354,31.782,3.574
13.755,15.262,0,-0.15887,31.63,3.4997
13.584,15.246,-0.55267,-0.16497,31.458,7.682
13.584,15.23,0,-0.17045,31.293,3.9017
13.486,15.212,-0.47368,-0.17419,31.107,7.2574
13.448,15.195,-0.45764,-0.17772,30.929,7.1952
13.401,15.177,-0.43801,-0.18216,30.761,7.14
13.352,15.159,-0.45976,-0.18678,30.586,7.4137
13.311,15.14,-0.47714,-0.19085,30.394,7.6263
13.262,15.121,-0.45843,-0.19572,30.204,7.5729
13.217,15.102,-0.45757,-0.20011,30.016,7.6456
13.174,15.082,-0.46704,-0.20438,29.828,7.7952
13.174,15.061,0,-0.20983,29.638,4.534
13.174,15.04,0,-0.21453,29.45,4.4381
13.033,15.019,-0.40184,-0.21878,29.243,7.5134
13.033,14.997,0,-0.22197,29.046,4.7387
13.033,14.975,0,-0.2257,28.851,4.6422
12.93,14.952,-0.41158,-0.22977,28.619,7.675
12.894,14.929,-0.41544,-0.23356,28.419,7.7367
12.851,14.906,-0.42136,-0.2382,28.217,7.8384
12.817,14.882,-0.41726,-0.24184,28.017,7.8271
12.781,14.858,-0.40448,-0.24566,27.815,7.7485
12.781,14.833,0,-0.24934,27.609,4.9104
12.781,14.808,0,-0.25378,27.405,4.7999
12.677,14.783,-0.34245,-0.2573,27.19,7.3159
12.647,14.757,-0.33433,-0.26069,26.973,7.2481
12.617,14.731,-0.30204,-0.26402,26.767,7.0032
12.58,14.705,-0.2525,-0.26845,26.55,6.6645
12.559,14.678,-0.21594,-0.27089,26.33,6.3731
12.538,14.651,-0.18922,-0.27311,26.12,6.1552
12.538,14.624,0,-0.27539,25.91,4.8952
12.509,14.596,-0.077828,-0.27596,25.7,5.3419
12.509,14.568,0,-0.27572,25.493,4.8016
12.498,14.541,0.017983,-0.27607,25.297,4.6443
12.498,14.513,0,-0.27377,25.095,4.6564
12.508,14.486,0.11058,-0.27317,24.907,3.9787
12.508,14.459,0,-0.27162,24.711,4.446
12.508,14.431,0,-0.26951,24.517,4.3637
12.522,14.404,0.096312,-0.26879,24.322,3.7609
12.534,14.378,0.10793,-0.26589,24.141,3.5969
12.549,14.351,0.13175,-0.26252,23.963,3.3778
12.549,14.325,0,-0.25947,23.785,3.9153
12.589,14.299,0.21375,-0.2544,23.607,2.8128
12.616,14.273,0.2194,-0.24914,23.435,2.6661
12.616,14.248,0,-0.24329,23.271,3.526
12.616,14.224,0,-0.23776,23.109,3.4728
12.683,14.2,0.12934,-0.23473,22.948,2.6602
12.701,14.177,0.11684,-0.23053,22.793,2.6072
12.709,14.154,0.11617,-0.22781,22.639,2.5319
12.72,14.131,0.15815,-0.22454,22.489,2.2975
12.737,14.109,0.22096,-0.22004,22.359,2.0018
12.767,14.087,0.24661,-0.21356,22.218,1.8139
12.767,14.065,0,-0.20752,22.087,2.645
12.767,14.044,0,-0.20252,21.958,2.6034
12.767,14.024,0,-0.19556,21.832,2.571
12.767,14.005,0,-0.19171,21.707,2.5285
12.767,13.985,0,-0.18535,21.584,2.4971
12.898,13.967,0.17055,-0.18094,21.497,1.5187
12.898,13.949,0,-0.17678,21.391,2.0477
12.92,13.931,0.041185,-0.17336,21.293,1.8033
12.916,13.914,0.026651,-0.17236,21.184,1.8223
12.926,13.897,-0.0136,-0.16868,21.093,1.9053
12.929,13.88,-0.048967,-0.16609,20.998,1.9884
12.932,13.863,-0.028646,-0.16383,20.898,1.8674
12.922,13.847,-0.11504,-0.16375,20.8,2.1846
12.901,13.83,-0.22005,-0.16565,20.704,2.6538
12.881,13.814,-0.27212,-0.16725,20.617,2.9112
12.856,13.797,-0.23585,-0.1699,20.515,2.7483
12.825,13.78,-0.24948,-0.17334,20.422,2.8415
12.791,13.763,-0.24862,-0.17759,20.33,2.8749
12.758,13.745,-0.2841,-0.18147,20.239,3.0858
12.733,13.727,-0.32055,-0.18401,20.132,3.2866
12.698,13.708,-0.31109,-0.18842,20.024,3.2706
12.675,13.69,-0.24017,-0.19044,19.931,2.9139
12.641,13.671,-0.23574,-0.19451,19.827,2.9204
12.614,13.651,-0.25397,-0.19757,19.718,3.0235
12.586,13.631,-0.37507,-0.20055,19.615,3.6864
12.545,13.611,-0.51037,-0.20608,19.503,4.5679
12.496,13.591,-0.57053,-0.21321,19.391,5.0491
12.44,13.569,-0.48489,-0.22193,19.272,4.5544
12.393,13.547,-0.42343,-0.22863,19.155,4.2201
12.347,13.524,-0.3347,-0.23501,19.043,3.7468
12.306,13.501,-0.29168,-0.24057,18.926,3.5449
12.276,13.477,-0.35911,-0.24386,18.802,3.9241
12.243,13.452,-0.46072,-0.24768,18.691,4.5583
12.206,13.428,-0.52441,-0.25233,18.567,4.9999
12.151,13.402,-0.56332,-0.26066,18.454,5.3433
12.091,13.376,-0.60145,-0.27025,18.325,5.7008
12.04,13.349,-0.55997,-0.27773,18.203,5.4488
11.982,13.321,-0.60615,-0.28712,18.065,5.855
11.919,13.293,-0.58293,-0.29748,17.929,5.7585
11.859,13.263,-0.56433,-0.30728,17.789,5.6856
11.805,13.232,-0.52358,-0.31603,17.638,5.4346
11.752,13.201,-0.55307,-0.32451,17.485,5.6781
11.691,13.168,-0.53788,-0.33441,17.347,5.6247
11.641,13.135,-0.55685,-0.34213,17.196,5.7809
11.584,13.101,-0.53393,-0.35165,17.036,5.6472
11.538,13.065,-0.52409,-0.35819,16.887,5.5787
11.538,13.03,0,-0.36802,16.736,2.5857
11.538,12.993,0,-0.37427,16.589,2.4591
11.392,12.955,-0.43331,-0.38046,16.424,4.9758
11.351,12.917,-0.45652,-0.38585,16.269,5.1051
11.299,12.879,-0.478,-0.39461,16.105,5.2514
11.242,12.839,-0.46786,-0.40411,15.947,5.1947
11.19,12.799,-0.46229,-0.41211,15.795,5.1554
11.149,12.758,-0.47378,-0.41819,15.624,5.1963
11.149,12.716,0,-0.42802,15.465,2.5797
11.149,12.673,0,-0.43708,15.311,2.4289
11.149,12.629,0,-0.44599,15.16,2.28
10.947,12.585,-0.48996,-0.45099,14.954,5.2224
10.899,12.54,-0.47383,-0.45774,14.799,5.086
10.899,12.494,0,-0.46351,14.637,2.529
10.813,12.447,-0.46845,-0.46956,14.467,4.9568
10.772,12.401,-0.45121,-0.47458,14.307,4.7963
10.732,12.353,-0.48009,-0.47992,14.136,4.9209
10.693,12.305,-0.48827,-0.48408,13.981,4.9159
10.648,12.257,-0.47578,-0.49016,13.823,4.7887
10.608,12.208,-0.4648,-0.49524,13.655,4.6575
10.555,12.158,-0.45561,-0.50381,13.495,4.5658
10.499,12.108,-0.44183,-0.51286,13.339,4.451
10.449,12.056,-0.44105,-0.52059,13.177,4.4004
10.449,12.004,0,-0.52813,13.019,2.2064
10.347,11.952,-0.44933,-0.53726,12.839,4.348
10.293,11.898,-0.46298,-0.5462,12.676,4.3815
10.254,11.843,-0.47107,-0.54917,12.522,4.3562
10.202,11.788,-0.4867,-0.55624,12.373,4.399
10.164,11.733,-0.50105,-0.5595,12.211,4.4047
10.108,11.677,-0.48387,-0.56863,12.051,4.2501
10.058,11.62,-0.4678,-0.57596,11.89,4.094
10.013,11.562,-0.46263,-0.58082,11.734,3.9945
9.9608,11.504,-0.46244,-0.58837,11.576,3.9325
9.9608,11.445,0,-0.5898,11.425,1.8482
9.8755,11.386,-0.46006,-0.59451,11.28,3.7735
9.8249,11.327,-0.48813,-0.60115,11.126,3.8631
9.7752,11.267,-0.55757,-0.60783,10.967,4.1909
9.7248,11.206,-0.64564,-0.61403,10.816,4.6671
9.7248,11.145,0,-0.62308,10.671,1.6134
9.5865,11.082,-0.85089,-5.2,10.522,0
9.4975,10.562,-0.90486,-0.44226,10.393,5.9593
9.4009,10.518,-0.90003,-0.46959,10.289,5.9599
9.4009,10.471,0,-5.2,10.18,1686.7
9.4009,9.9512,0,-0.29783,10.099,0.50437
9.4009,9.9214,0,-0.32858,10.045,0.39079
9.4009,9.8885,0,-5.2,9.995,1685.5
9.4009,9.3685,0,-0.16667,9.9722,0
8.8723,9.3519,-0.76369,-0.19233,9.8025,4.0353
8.7865,9.3326,-0.77736,-0.22005,9.7612,4.2304
8.7087,9.3106,-0.84126,-0.2444,9.7016,4.7816
8.6228,9.2862,-0.91025,-0.27114,9.6455,5.4168
8.6228,9.2591,0,-5.2,9.5806,390.22
8.6228,8.7391,0,-0.11853,9.5429,0
8.6228,8.7272,0,-0.15448,9.5319,0
8.2258,8.7118,-1.029,-0.19178,9.4492,6.2201
8.1186,8.6926,-1.0531,-0.2284,9.3888,6.5854
8.1186,8.6697,0,-0.26503,9.3325,0.57293
8.1186,8.6432,0,-5.2,9.2787,231.87
7.8196,8.1232,-0.78676,-0.11615,9.1985,3.9581
7.8196,8.1116,0,-0.14356,9.1687,0.29695
7.8196,8.0973,0,-0.16109,9.1402,0.23235
7.6449,8.0812,-0.39506,-0.16987,9.0694,1.8794
7.6114,8.0642,-0.45515,-5.2,9.0305,181.83
7.5583,7.5442,-0.48475,0.0073753,9.0088,1.6497
7.5147,7.5449,-0.45878,-0.011018,9.0166,1.5852
7.468,7.5438,-0.41906,-0.027722,9.0046,1.4731
7.4227,7.541,-0.3723,-0.043267,9.0034,1.334
7.3838,7.5367,-0.42627,-0.05601,8.991,1.6254
7.3338,7.5311,-0.49016,-0.072532,8.969,2.002
7.2897,7.5239,-0.48907,-0.086462,8.9379,2.0534
7.2424,7.5152,-0.38839,-0.10109,8.9124,1.6352
7.207,7.5051,-0.28687,-0.11081,8.8875,1.2522
7.1776,7.494,-0.16565,-0.11794,8.8646,0.85383
7.1529,7.4822,-0.10466,-0.12324,8.8335,0.6873
7.1431,7.4699,-0.17212,-0.12272,8.8056,0.88581
7.1288,7.4576,-0.33831,-0.12399,8.775,1.4961
7.0906,7.4452,-0.43936,-0.13426,8.7439,1.9835
7.0497,7.4318,-0.3856,-0.14512,8.7162,1.7743
7.0033,7.4173,-0.28694,-5.2,8.6784,97.438
6.9688,6.8973,-0.18006,0.041722,8.6583,0.41001
6.9465,6.9015,-0.097535,0.02626,8.6581,0.19431
6.9285,6.9041,-0.083349,0.014224,8.6625,0.17373
6.9135,6.9055,-0.095401,0.0046359,8.6678,0.21756
6.9135,6.906,0,-0.0028777,8.6685,0
6.9135,6.9057,0,-0.002964,8.6693,0
6.8913,6.9054,-0.02338,-0.0049957,8.6514,0.069073
6.8913,6.9049,0,-0.0086768,8.65,0.0095872
6.8913,6.904,0,-0.0071862,8.6487,0.010932
6.908,6.9033,0.20768,0.0027397,8.6514,0
6.908,6.9036,0,0.018062,8.6518,0.029505
6.9487,6.9054,0.20339,0.02527,8.6657,0
6.9633,6.9079,0.18241,0.032273,8.6657,0
6.9633,6.9111,0,0.039461,8.671,0
7.0033,6.9151,0.20059,0.051375,8.6745,0
7.0306,6.9202,0.22212,0.06425,8.6843,0
7.0306,6.9267,0,0.07472,8.695,0
7.0306,6.9341,0,0.088321,8.705,0
7.0999,6.943,0.16136,0.091179,8.7184,0
7.0999,6.9521,0,0.10033,8.7336,0
7.1479,6.9621,0.16441,0.1076,8.7358,0
7.173,6.9729,0.20638,0.11577,8.7467,0
7.2024,6.9844,0.24519,0.12603,8.7701,0
7.2303,6.997,0.26852,0.13472,8.7888,0
7.2303,7.0105,0,0.14229,8.8115,0
7.2887,7.0247,0.25282,0.15195,8.8214,0
7.3094,7.0399,0.23486,0.15483,8.8406,0
7.3389,7.0554,0.24835,0.16262,8.8622,0
7.3657,7.0717,0.29997,0.1684,8.8824,0
7.3657,7.0885,0,0.17858,8.911,0
7.4352,7.1064,0.26898,0.18821,8.9589,0
7.4352,7.1252,0,0.19429,8.9909,0
7.4352,7.1446,0,0.19547,9.0209,0
7.5037,7.1642,0.18354,0.19344,9.0495,0
7.518,7.1835,0.10917,0.19022,9.0764,0
7.5386,7.2025,0.10343,0.19077,9.1016,0
7.5527,7.2216,0.055463,0.1877,9.1336,0
7.563,7.2404,-0.06921,0.18252,9.1582,0
7.5616,7.2586,-0.15233,0.17125,9.1911,0.13821
7.5616,7.2758,0,0.15665,9.2205,0
7.5372,7.2914,-0.21406,0.13848,9.2349,0.37756
7.5372,7.3053,0,0.11698,9.2588,0
7.4964,7.317,-0.18777,0.10077,9.2643,0.34319
7.4677,7.3271,-0.18786,0.078963,9.2858,0.37428
7.4573,7.335,-0.139,0.068644,9.2934,0.24175
7.4438,7.3418,-0.10866,0.05719,9.308,0.17395
7.4438,7.3475,0,0.051147,9.3179,0
7.4163,7.3527,-0.1186,0.03569,9.3295,0.23267
7.3952,7.3562,-0.13228,0.021841,9.3378,0.29094
7.392,7.3584,-0.17505,0.018791,9.3346,0.42018
7.3707,7.3603,-0.20204,0.0058147,9.3308,0.52256
7.3574,7.3609,-0.21419,-0.0011689,9.3233,0.57509
7.3574,7.3607,0,-0.0091986,9.3229,0
7.3158,7.3598,-0.22921,-0.014833,9.3147,0.68612
7.2982,7.3583,-0.2501,-0.02026,9.3128,0.78236
7.2675,7.3563,-0.2655,-0.029933,9.3093,0.88135
7.2363,7.3533,-0.30238,-0.039432,9.3057,1.0628
7.2088,7.3494,-0.33945,-0.047505,9.2894,1.2469
7.168,7.3446,-0.37433,-0.059737,9.2785,1.4517
7.1365,7.3387,-0.35334,-0.068541,9.2608,1.4035
7.1365,7.3318,0,-0.077224,9.2409,0.23895
7.0637,7.3241,-0.28142,-0.089044,9.2011,1.2053
7.0256,7.3152,-0.27024,-0.099354,9.1747,1.2072
7.0069,7.3052,-0.31358,-0.10264,9.151,1.3891
6.9754,7.295,-0.33331,-0.11052,9.1138,1.5016
6.9379,7.2839,-0.35125,-0.12037,9.073,1.6171
6.912,7.2719,-0.41,-0.12572,9.0407,1.9002
6.8619,7.2593,-0.45038,-0.13956,9.0007,2.1524
6.8229,7.2454,-0.49582,-0.14907,8.9633,2.4224
6.7728,7.2305,-1.3193,-0.16222,8.9275,9.4143
6.6396,7.2142,-2.6888,-0.20481,8.8841,40.206
6.3792,7.1938,-4.2802,-0.29363,8.8067,15.06
5.9501,7.1644,-5.822,-0.44457,8.7012,17.436
5.9501,7.1199,0,-7.5163,8.582,41.437
4.6276,6.3683,-7.9458,-0.59556,8.3932,20.984
3.8409,6.3087,-8.0159,-0.87059,8.1884,21.597
3.0356,6.2217,-7.8571,-8.499,7.908,5.1828
2.2576,5.3718,-7.6143,-8.8,7.5841,3.8925
1.49,4.4918,-7.3625,-0.89277,7.2706,20.328
0.75644,4.4025,-7.322,-8.8,6.9394,4.3688
0.017478,3.5225,-7.2963,-8.8,6.5796,4.0257
-0.70277,2.6425,-7.146,-8.8,6.2276,3.3824
-1.41,1.7625,-7.008,-0.4858,5.8934,20.208
-2.1123,1.7139,-6.7492,-8.8,5.5474,3.5346
-2.1123,0.83393,0,-8.8,5.2087,0
-3.425,0,-5.8896,-8.8,4.8113,0.90581
-4.0066,0,-5.3708,-8.8,4.4811,1.0079
-4.0066,0,0,-8.8,4.1244,0
-4.9734,0,-2.7208,-8.8,3.6609,0
-5.2551,0,-1.5403,-8.8,3.2039,0
-5.407,0,-0.73915,-8.8,2.7211,0
-5.4717,0,0.074714,-8.8,2.2203,0
-5.4717,0,0,-8.8,1.7171,0
-5.4431,0,-0.045096,-12.429,1.1962,0
-5.4431,0,0,-20.858,0.714,0
-5.4847,0,-0.093355,-54.891,0.27448,0
-5.5,0,-0.030576,-15178,0.00099654,0
-5.5035,0,-0.12041,7.8,75.342,27.925
-5.5035,0.78,0,7.8,74.752,29.271
-5.5282,1.56,-0.066291,7.8,74.074,31.06
-5.5282,2.34,0,7.8,73.326,32.52
-5.5497,3.12,-0.090246,7.8,72.504,34.352
-5.5492,3.9,-0.087616,7.8,71.605,35.945
-5.5579,4.68,-0.073184,7.8,70.611,37.531
-5.5607,5.46,-0.077007,7.8,69.544,39.144
-5.5715,6.24,-0.03733,6.7,68.397,38.37
-5.5715,6.91,0,6.7,67.182,39.665
-5.5706,7.58,0.081505,6.7,65.895,40.866
-5.567,8.25,0.12258,6.7,64.553,42.146
-5.567,8.92,0,6.7,63.138,43.777
-5.5572,9.59,0.16369,6.7,61.642,44.786
-5.5328,10.26,0.14377,6.7,60.09,46.151
-5.5328,10.93,0,6.7,58.477,47.827
-5.5071,11.6,0.19431,6.7,56.796,48.74
-5.4846,12.27,0.33046,4.8,55.048,45.789
-5.461,12.75,0.56817,4.8,53.25,46.225
-5.4109,13.23,0.90232,4.8,51.401,46.404
-5.3276,13.71,1.2773,4.8,49.524,46.429
-5.2049,14.19,1.6351,4.8,47.598,46.41
-5.05,14.67,1.8805,4.8,45.648,46.561
-4.8631,15.15,1.995,4.8,43.666,46.921
-4.661,15.63,1.9978,4.8,41.654,47.485
-4.4615,16.11,1.9307,-1.4817,39.617,35.001
-4.2646,15.962,1.8273,-1.5737,37.578,34.318
-4.0835,15.804,1.742,-1.6759,35.574,33.589
-4.0835,15.637,0,-1.7897,33.594,36.666
-4.0835,15.458,0,-1.9144,31.63,36.037
-4.0835,15.266,0,-2.0525,29.686,35.355
-3.4102,15.061,1.6676,-2.207,27.895,29.725
-3.4102,14.841,0,-2.3782,26.059,32.417
-3.0935,14.603,1.6041,-2.57,24.287,27.506
-2.924,14.346,1.599,-2.7825,22.542,26.196
-2.924,14.067,0,-3.023,20.829,28.48
-2.6045,13.765,1.6683,-3.2905,19.188,23.138
-2.4471,13.436,1.759,-3.5938,17.579,21.313
-2.2796,13.077,1.8054,-3.9353,16.015,19.418
-2.2796,12.683,0,-4.3098,14.499,21.618
-1.918,12.252,1.8297,-4.733,13.07,15.259
-1.918,11.779,0,-5.1993,11.676,17.154
-1.5537,11.259,1.7776,-6.1319,10.378,9.6461
-1.3713,10.646,1.7513,-6.1586,9.1285,8.0144
-1.1878,10.03,1.7475,-6.1495,7.9674,6.4027
-1.0153,9.415,1.8,-6.1056,6.8805,4.7702
-0.83865,8.8044,1.8329,-6.0878,5.87,3.125
-0.83865,8.1956,0,-6.0718,4.9361,5.762
-0.46959,7.5885,1.9063,-5.9836,4.1149,0
-0.46959,6.9901,0,-6.0025,3.339,2.6796
-0.092226,6.3899,1.7872,-6.0897,2.6671,0
0.096,5.7809,1.7535,-8.8,2.0621,0
0.27546,4.9009,1.6935,-8.8,1.548,0
0.44472,4.0209,1.5885,-8.8,1.1298,0
0.61158,3.1409,1.5491,-8.8,0.81542,0
0.75826,2.2609,1.5168,-8.8,0.60488,0
0.90051,1.3809,1.355,-8.8,0.51445,0
1.0403,0.50088,1.1931,-8.8,0.51002,0
1.1655,0,1.0396,-8.8,0.6217,0
1.2725,0,0.78679,-8.8,0.79158,0
1.3444,0,0.58946,-8.8,0.96877,0
1.3964,0,0.44888,-8.8,1.1443,0
1.434,0,0.39236,-8.8,1.3307,0
1.4718,0,0.36008,-8.8,1.5136,0
1.5013,0,0.25819,-8.8,1.7116,0
1.5013,0,0,-8.8,1.9058,0
1.5345,0,0.015551,-8.8,2.1099,0
1.5274,0,-0.089927,-8.8,2.3119,0
1.5268,0,-0.19897,-8.8,2.509,0
1.5022,0,-0.11969,-8.8,2.7094,0
1.4822,0,-0.029619,-8.8,2.9068,0
1.4838,0,0.015627,-8.8,3.0992,0
1.4871,0,0.10995,-8.8,3.2842,0
1.4984,0,0.1879,-8.8,3.4861,0
1.5193,0,0.25062,-8.8,3.6863,0
1.5193,0,0,-8.8,3.8822,0
1.5851,0,0.52592,-8.8,4.0716,0
1.6354,0,0.57608,-8.8,4.2676,0
1.6997,0,0.66701,-8.8,4.4725,0
1.6997,0,0,-8.8,4.6865,0
1.8439,0,0.61741,-8.8,4.9134,0
1.8985,0,0.55531,0.55531,5.1382,0
1.9606,0.055531,0.53431,0.53431,5.3335,0
2.0206,0.10896,0.5248,0.5248,5.5253,0
2.0699,0.16144,0.57353,0.57353,5.7155,0
2.1282,0.21879,0.58259,0.58259,5.9158,0
2.1934,0.27705,0.52972,0.52972,6.0982,0
2.2376,0.33003,0.41136,0.41136,6.2977,0
2.2878,0.37116,0.28152,0.28152,6.4906,0
2.3243,0.39931,0.18413,0.18413,6.6853,0
2.3428,0.41773,0.091725,0.091725,6.8716,0
2.3515,0.4269,0.0067641,0.0067641,7.0614,0
2.3598,0.42758,-0.047189,-0.047189,7.2475,0
2.3553,0.42286,-0.12499,-0.12499,7.4478,0
2.3553,0.41036,0,-0.24782,7.6417,0
2.3553,0.38558,0,-0.33938,7.8374,0
2.2773,0.35164,-0.43355,-0.43355,8.0283,0
2.2334,0.30828,-0.5171,-0.5171,8.2255,0
2.2334,0.25657,0,-0.55801,8.4206,0
2.1137,0.20077,-0.54446,-0.54446,8.6071,0
2.1137,0.14633,0,-0.55088,8.8011,0
2.0072,0.091239,-0.55413,-0.55413,9.0001,0
1.9458,0.035826,-0.54001,-0.54001,9.1878,0
1.8983,0,-0.54148,-0.54148,9.3725,0
1.8534,0,-0.59564,-0.59564,9.5694,0
1.8534,0,0,-0.53632,9.7577,0
1.7292,0,-0.63629,-0.63629,9.9348,0
