1.6667,1.6667,-3.0436,0,35.5,6.8489
1.3623,1.6667,-3.1415,7.8,35.484,58.217
1.3623,2.4467,0,7.8,35.415,81.909
1.3623,3.2267,0,7.8,35.268,87.464
0.4914,4.0067,-2.1094,7.8,34.905,78.022
0.27801,4.7867,-1.5154,7.8,34.501,87.798
0.11837,5.5667,-0.97149,7.8,34.012,98.876
0.019104,6.3467,-0.52983,6.7,33.417,97.111
-0.041691,7.0167,-0.20226,6.7,32.754,97.92
-0.070492,7.6867,-0.074456,6.7,32.018,99.084
-0.084568,8.3567,-0.047982,-0.44358,31.209,85.421
-0.086146,8.3123,-0.025176,-0.45884,30.376,85.253
-0.085005,8.2664,0.032732,-0.47511,29.533,85.001
-0.088743,8.2189,0.1464,-0.49217,28.708,84.636
-0.075339,8.1697,0.44357,-0.50935,27.878,83.847
-0.023261,8.1188,0.95501,-0.5249,27.056,82.529
-0.023261,8.0663,0,-0.53784,26.244,84.401
0.25027,8.0125,2.3767,-0.54569,25.452,10.676
0.48886,7.9579,3.0531,-0.54829,24.683,7.7462
0.78637,7.9031,3.5177,-0.54447,23.964,6.4523
1.1408,7.8486,3.7986,-0.53487,23.265,5.929
1.529,7.7952,3.9608,-0.51995,22.608,5.7576
1.529,7.7432,0,-0.50137,21.984,22.188
2.3302,7.693,4.1832,-0.47834,21.453,6.1059
2.3302,7.6452,0,-0.45138,20.92,17.896
3.1631,7.6001,4.2832,-0.4216,20.483,7.0221
3.1631,7.5579,0,-0.38735,20.041,13.861
4.0088,7.5192,4.0199,-0.35176,19.695,7.1158
4.4034,7.484,3.8658,-0.31553,19.376,7.0712
4.7887,7.4524,3.6978,-0.27845,19.086,6.9629
4.7887,7.4246,0,-0.24113,18.821,7.148
5.5179,7.4005,3.4366,-0.20326,18.63,7.0392
5.5179,7.3801,0,-0.16558,18.443,4.6707
6.1871,7.3636,2.9152,-0.12996,18.314,5.7558
6.487,7.3506,2.2641,-0.096178,18.202,3.3622
6.487,7.341,0,-0.070742,18.116,1.8826
6.8705,7.3339,0.85097,-0.052119,18.067,0.031965
6.8705,7.3287,0,-0.04316,18.021,0.92752
6.9662,7.3244,-0.034589,-0.040501,17.992,0.79195
6.9646,7.3203,0.036147,-0.040329,17.957,0.5914
6.9627,7.3163,0.11076,-0.040221,17.916,0.40876
6.9627,7.3123,0,-0.038153,17.881,0.6794
6.9839,7.3084,0.055329,-0.037075,17.858,0.48182
6.9839,7.3047,0,-0.036908,17.826,0.6154
6.9772,7.3011,-0.28166,-0.037202,17.784,1.5941
6.9391,7.2973,-0.37858,-0.041299,17.741,2.127
6.9071,7.2932,-0.40084,-0.044627,17.705,2.3146
6.8698,7.2887,-0.38519,-0.048587,17.662,2.3265
6.8698,7.2839,0,-0.051599,17.62,0.79562
6.8138,7.2787,-0.31912,-0.054293,17.573,2.1284
6.777,7.2733,-0.33627,-0.058116,17.534,2.295
6.7429,7.2675,-0.37853,-0.061733,17.473,2.5853
6.7057,7.2613,-0.38846,-0.065596,17.429,2.7245
6.7057,7.2547,0,-0.070077,17.373,1.0727
6.6199,7.2477,-0.36484,-0.074748,17.319,2.8026
6.5836,7.2403,-0.41786,-0.07859,17.254,3.1751
6.5836,7.2324,0,-0.084201,17.188,1.2827
6.5046,7.224,-0.37087,-0.087022,17.117,3.0917
6.4737,7.2153,-0.36364,-0.090277,17.037,3.1133
6.4737,7.2063,0,-0.093351,16.964,1.4717
6.4178,7.1969,-0.30145,-0.09602,16.883,2.8835
6.4178,7.1873,0,-0.099536,16.806,1.5494
6.3426,7.1774,-0.3307,-0.10408,16.734,3.1897
6.3076,7.167,-0.34839,-0.10799,16.64,3.3538
6.2713,7.1562,-0.3562,-0.11203,16.548,3.4675
6.2372,7.145,-0.31595,-0.11575,16.46,3.3058
6.2025,7.1334,-0.30109,-0.11951,16.374,3.2866
6.2025,7.1214,0,-0.12368,16.282,1.8721
6.1352,7.1091,-0.29887,-0.12688,16.193,3.3875
6.1352,7.0964,0,-0.12919,16.097,1.9701
6.0687,7.0835,-0.39111,-0.13441,15.994,4.0266
6.0289,7.07,-0.41409,-0.13913,15.888,4.2409
6.0289,7.0561,0,-0.1439,15.785,2.1019
5.944,7.0417,-0.41222,-0.14925,15.682,4.3874
5.944,7.0268,0,-0.15288,15.573,2.2271
5.8712,7.0115,-0.38243,-0.1578,15.472,4.314
5.8371,6.9957,-0.397,-0.16198,15.353,4.4507
5.7964,6.9795,-0.43346,-0.1671,15.236,4.7509
5.763,6.9628,-0.45361,-0.17135,15.11,4.9252
5.7116,6.9457,-0.46756,-0.17823,14.983,5.1146
5.6608,6.9278,-0.47054,-0.18507,14.856,5.2261
5.6118,6.9093,-0.45438,-0.19171,14.727,5.1963
5.5688,6.8902,-0.41314,-0.19772,14.588,4.9768
5.5272,6.8704,-0.3896,-0.20334,14.458,4.8746
5.482,6.8501,-0.37822,-0.20952,14.329,4.8613
5.482,6.8291,0,-0.21599,14.193,2.756
5.3987,6.8075,-0.33455,-0.22174,14.036,4.6707
5.3586,6.7853,-0.34191,-0.22772,13.889,4.7508
5.3158,6.7626,-0.33459,-0.23422,13.739,4.744
5.3158,6.7391,0,-0.23746,13.596,2.8982
5.3158,6.7154,0,-0.24286,13.454,2.8047
5.2156,6.6911,-0.34269,-0.24937,13.293,4.8176
5.1734,6.6662,-0.3437,-0.25573,13.152,4.8537
5.1734,6.6406,0,-0.25998,13.004,2.9386
5.1187,6.6146,-0.33963,-0.26382,12.857,4.7938
5.1187,6.5882,0,-0.26891,12.708,2.909
5.047,6.5613,-0.32798,-0.27481,12.569,4.7289
5.0159,6.5339,-0.30994,-0.27988,12.415,4.6044
4.9874,6.5059,-0.28478,-0.28478,12.253,4.4298
4.9547,6.4774,-0.23439,-0.29016,12.1,4.1288
4.9361,6.4484,-0.10749,-0.29266,11.952,3.4253
4.9309,6.4191,0.013508,-0.29229,11.811,2.8146
4.9349,6.3899,0.14366,-0.29031,11.664,2.2431
4.9418,6.3608,0.2228,-0.28719,11.529,1.9119
4.9655,6.3321,0.24927,-0.28058,11.395,1.7302
4.9655,6.3041,0,-0.27457,11.26,2.501
4.9951,6.2766,0.061029,-0.27067,11.137,2.13
5.007,6.2495,-0.090054,-0.26601,11.015,2.6183
4.9949,6.2229,-0.21843,-0.26682,10.886,3.1542
4.9769,6.1963,-0.31261,-0.26846,10.769,3.6033
4.9769,6.1694,0,-0.27317,10.648,2.0957
4.9769,6.1421,0,-0.28232,10.531,1.9897
4.8402,6.1139,-0.88013,-0.29252,10.405,7.8316
4.8402,6.0846,0,-0.30884,10.279,2.1126
4.6429,6.0537,-1.642,-0.33492,10.133,18.141
4.4771,6.0202,-1.7983,-0.37292,9.9873,21.445
4.294,5.9829,-1.6947,-0.41659,9.8242,19.978
4.1158,5.9413,-1.4864,-0.45967,9.6579,16.865
3.9585,5.8953,-1.3269,-0.4996,9.4696,14.76
3.8213,5.8454,-1.0229,-0.53571,9.2713,11.088
3.7104,5.7918,-0.93141,-0.56641,9.0616,10.137
3.6206,5.7351,-0.9491,-0.59142,8.8552,10.282
3.5232,5.676,-1.1503,-0.6187,8.6517,12.529
3.4022,5.6141,-1.2372,-0.65584,8.4291,13.61
3.4022,5.5486,0,-0.69423,8.2112,3.2329
3.4022,5.4791,0,-0.7392,8,2.8831
2.98,5.4052,-1.8946,-0.79457,7.7396,10.185
2.7952,5.3258,-1.8248,-8.8,7.4894,0
2.6088,4.4458,-1.507,-0.54101,7.2648,8.3802
2.4488,4.3916,-1.2565,-8.8,7.0807,0
2.3274,3.5116,-0.88661,-0.29317,6.9167,7.4583
2.3274,3.4823,0,-0.31603,6.7997,1.8501
2.1715,3.4507,-0.28129,-8.8,6.6578,0
2.1527,2.5707,-0.30573,-0.080352,6.5735,1.8062
2.1316,2.5627,-0.34189,-0.08339,6.5348,1.9972
2.1041,2.5544,-0.37964,-0.087957,6.4824,2.2182
2.0664,2.5456,-0.4203,-0.094415,6.434,2.4887
2.0256,2.5361,-0.45343,-0.10171,6.3756,2.7363
1.9736,2.5259,-0.45226,-0.11112,6.322,2.8288
1.9343,2.5148,-0.44544,-0.11776,6.2719,2.8564
1.8997,2.5031,-0.4528,-8.8,6.2188,0
1.8622,1.6231,-0.47639,1.1617,6.1999,8.0573
1.8622,1.7392,0,0.3689,6.2181,0.74854
1.8622,1.7761,0,-0.00025977,6.2285,0
1.7202,1.7761,-0.65079,-0.0078999,6.2205,2.7278
1.6517,1.7753,-0.67901,-0.017485,6.2132,3.1073
1.5937,1.7736,-0.69043,-0.025581,6.1894,3.3533
1.5216,1.771,-0.70188,-0.035658,6.1629,3.6449
1.4536,1.7674,-0.65921,-0.045194,6.1276,3.5558
1.3949,1.7629,-0.54936,-0.05344,6.0873,3.0247
1.3327,1.7576,-0.45547,-0.062015,6.0563,2.6493
1.3327,1.7514,0,-0.068282,6.0141,0.76014
1.2545,1.7445,-0.29526,-0.072761,5.9645,2.0161
1.2217,1.7373,-0.25238,-0.077364,5.9103,1.8851
1.1981,1.7295,-0.29595,-8.8,5.8622,0
1.1774,0.84953,-0.35957,-0.35957,5.8516,0
1.1325,0.81357,-0.40455,-0.40455,5.88,0
1.0948,0.77312,-0.41251,-0.41251,5.9065,0
1.0525,0.73187,-0.39657,-0.39657,5.9456,0
1.0171,0.69221,-0.37997,-0.37997,5.9875,0
0.98176,0.65421,-0.29401,-0.29401,6.0118,0
0.94494,0.62481,-0.18205,-0.18205,6.0518,0
0.9172,0.60661,-0.23957,-0.23957,6.089,0
0.9172,0.58265,0,-0.24298,6.1213,0
0.8846,0.55835,-0.16386,-0.16386,6.1403,0
0.86332,0.54197,-0.066682,-0.066682,6.1741,0
0.84741,0.5353,0.026946,0.026946,6.206,0
0.84172,0.53799,0.20081,0.20081,6.2311,0
0.86119,0.55807,0.30126,0.30126,6.2695,0
0.89659,0.5882,0.25475,0.25475,6.2928,0
0.92229,0.61367,0.1497,0.1497,6.3205,0
0.92733,0.62865,0.050655,0.050655,6.3483,0
0.92555,0.63371,-0.040274,-0.040274,6.3749,0
0.92555,0.62968,0,-0.12181,6.4043,0
0.91124,0.6175,-0.28193,-0.28193,6.4334,0
0.88201,0.58931,-0.55169,-0.55169,6.4542,0
0.88201,0.53414,0,-0.86785,6.4862,0
0.72925,0.44736,-1.1413,-1.1413,6.5154,0
0.62361,0.33322,-1.2173,-1.2173,6.5368,0
0.62361,0.21149,0,-1.0312,6.5719,0
0.62361,0.10836,0,-0.70805,6.6183,0
0.62361,0.037559,0,-0.36937,6.6734,0
0.62361,0.00062175,0,-0.063965,6.7338,0
0.27482,0,0.04272,0.04272,6.6743,0
0.28907,0.004272,0.066219,0.066219,6.7059,0
0.28907,0.010894,0,0.064134,6.734,0
0.29632,0.017307,0.062614,0.062614,6.7689,0
0.31051,0.023569,0.011018,0.011018,6.7951,0
0.30886,0.024671,-0.09128,-0.09128,6.822,0
0.29105,0.015543,-0.25456,-0.25456,6.846,0
0.27518,0,-0.43413,-0.43413,6.8825,0
0.23943,0,-0.58144,-0.58144,6.9006,0
0.17856,0,-0.53936,-0.53936,6.9212,0
0.11818,0,-0.32028,-0.32028,6.9382,0
0.083419,0,-0.069178,-0.069178,6.948,0
0.072741,0,0.12491,0.12491,6.9595,0
0.087935,0.012491,0.2699,0.2699,6.9627,0
0.11081,0.039482,0.30273,0.30273,6.9777,0
0.13936,0.069754,0.23064,0.23064,6.9878,0
0.13936,0.092818,0,0.1624,6.9937,0.29355
0.18283,0.10906,0.15898,0.15898,6.9946,0
0.18283,0.12496,0,0.18537,7.0012,0.33103
0.21289,0.14349,0.18728,0.18728,7.0105,0
0.21289,0.16222,0,0.17105,7.0165,0.30786
0.24623,0.17933,0.15791,0.15791,7.0161,0
0.24623,0.19512,0,0.10737,7.022,0.13764
0.26228,0.20585,0.032738,0.032738,7.0426,0
0.26868,0.20913,-0.034271,-0.034271,7.0506,0
0.25534,0.2057,-0.11066,-0.11066,7.056,0
0.23587,0.19463,-0.16933,-0.16933,7.0673,0
0.22893,0.1777,-0.1661,-0.1661,7.0802,0
0.21437,0.16109,-0.15529,-0.15529,7.0759,0
0.19383,0.14556,-0.15559,-0.15559,7.0715,0
0.17789,0.13,-0.17761,-0.17761,7.0738,0
0.16627,0.11224,-0.25396,-0.25396,7.0864,0
0.14814,0.086847,-0.31767,-0.31767,7.087,0
0.1196,0.05508,-0.38062,-0.38062,7.0911,0
0.1196,0.017018,0,-0.4587,7.0995,0
0.1196,0,0,-0.4636,7.1121,0
-0.022933,0,-0.36002,-0.36002,7.0951,0.055689
-0.022933,0,0,-0.21292,7.0946,0
-0.088514,0,-0.026153,-0.026153,7.0904,0.19013
-0.097773,0,0.21268,0.21268,7.0747,0.20911
-0.07697,0.021268,0.4346,0.4346,7.0717,0.21007
-0.07697,0.064728,0,0.63948,7.0597,1.6429
0.023385,0.12868,0.84356,0.84356,7.0515,0.22085
0.10615,0.21303,1.1014,1.1014,7.0412,0.2239
0.20908,0.32317,1.3534,1.3534,7.0272,0.239
0.20908,0.45851,0,1.3398,7.0091,7.436
0.47657,0.59249,1.037,1.037,7.0006,0.24337
0.57311,0.6962,0.72044,0.72044,6.9894,0.25939
0.64551,0.76824,0.3324,0.3324,6.9806,0.25953
0.68437,0.80148,-0.069884,-0.069884,6.97,0.24841
0.68599,0.79449,-0.20406,-0.20406,6.9585,0.22997
0.65887,0.77409,-0.079881,-0.079881,6.9428,0.24429
0.64566,0.7661,0.063012,0.063012,6.9379,0.25529
0.64985,0.7724,0.23949,0.23949,6.9338,0.25938
0.67644,0.79635,0.39414,0.39414,6.9205,0.25322
0.72083,0.83576,0.53711,0.53711,6.9141,0.24212
0.78306,0.88947,0.90137,-0.0059972,6.9031,0
0.78306,0.88887,0,-0.00092582,6.8925,0.22136
1.0218,0.88878,1.8366,1.9476,6.9192,0
1.2121,1.0835,2.1167,1.3543,6.929,0
1.4171,1.219,2.2147,1.7196,6.9534,0
1.635,1.3909,1.9537,1.7041,6.9783,0
1.8225,1.5613,1.2752,1.5093,7.0074,0
1.9407,1.7123,0.17823,1.1358,7.0369,2.9908
1.9618,1.8259,-1.1158,0.6079,7.045,5.876
1.8434,1.8867,-2.2042,-0.0053047,7.0536,5.4114
1.6192,1.8861,-2.5597,-0.03278,7.0425,6.4597
1.6192,1.8828,0,-0.065006,7.016,0.41397
1.1364,1.8763,-1.202,-0.092746,6.9317,4.6361
1.1364,1.8671,0,-0.10813,6.8582,1.418
1.1364,1.8563,0,-0.11409,6.7856,1.3706
1.02,1.8448,0.71251,-0.108,6.6768,0.33979
1.02,1.834,0,-0.097352,6.5949,1.6771
1.02,1.8243,0,-0.091735,6.5139,1.6702
1.02,1.8151,0,-0.090135,6.434,1.6508
1.1544,1.8061,0.28329,-0.089297,6.4058,0.56002
1.1749,1.7972,0.17849,-0.086407,6.3338,0.7226
1.1854,1.7886,0.091232,-0.084506,6.2794,0.90053
1.1978,1.7801,0.22999,-0.082575,6.2144,0.53881
1.2126,1.7718,0.23033,-0.080242,6.1515,0.49715
1.2275,1.7638,0.12426,-0.077514,6.1067,0.68407
1.2313,1.7561,0.18857,-0.076359,6.0636,0.51919
1.2537,1.7484,0.24442,-0.072661,6.0127,0.36135
1.2803,1.7412,0.14752,-0.06836,5.9607,0.49141
1.2919,1.7343,0.13732,-0.066076,5.9209,0.48004
1.3102,1.7277,0.19924,-0.062708,5.886,0.31362
1.3372,1.7215,0.18898,-8.8,5.8376,0
1.3372,0.84146,0,0.16014,5.8432,0
1.3727,0.85747,0.175,0.175,5.8998,0
1.3727,0.87497,0,0.18202,5.9504,0
1.3979,0.89317,0.16216,4.9,6.0045,34.192
1.4211,1.3832,0.16548,0.23496,6.037,0.074347
1.4473,1.4067,0.18063,0.24442,6.0315,0.055315
1.4473,1.4311,0,0.16513,6.0343,0.3741
1.4678,1.4476,0.18298,0.11561,6.0335,0
1.4904,1.4592,0.18372,0.17728,6.042,0
1.505,1.4769,0.18267,0.15621,6.0509,0
1.5239,1.4925,0.18319,0.17141,6.0547,0
1.5517,1.5097,0.2058,0.22554,6.0557,0
1.5757,1.5322,0.2042,0.22809,6.0692,0
1.5917,1.555,0.21707,0.18792,6.0821,0
1.6204,1.5738,0.20986,0.23424,6.0925,0
1.6391,1.5973,0.19072,0.20536,6.0922,0
1.6391,1.6178,0,0.21623,6.0954,0.513
1.6836,1.6394,0.16076,0.20769,6.0952,0.0096338
1.7058,1.6602,0.14973,0.21007,6.0945,0.036736
1.7058,1.6812,0,0.18126,6.0981,0.40009
1.7058,1.6993,0,0.12379,6.0996,0.28259
1.7418,1.7117,0.16913,0.13242,6.119,0
1.7601,1.7249,0.16088,0.1524,6.1231,0
1.785,1.7402,0.16489,0.1918,6.1352,0
1.785,1.7594,0,0.197,6.1387,0.44397
1.8298,1.7791,0.15093,0.20962,6.1332,0.021932
1.8351,1.8,0.15968,0.14221,6.1382,0
1.8536,1.8142,0.16799,0.15708,6.135,0
1.8723,1.8299,0.10137,0.16666,6.1305,0.05517
1.8898,1.8466,0.011198,0.16747,6.1399,0.2845
1.8991,1.8634,-0.083768,0.1365,6.1393,0.49212
1.8964,1.877,-0.19782,0.0731,6.1437,0.70518
1.8964,1.8843,0,-0.00045223,6.1453,0
1.8964,1.8843,0,-0.0057552,6.1465,0
1.8964,1.8837,0,-0.010454,6.1478,0
1.7785,1.8827,-0.39744,-0.015994,6.1437,1.5149
1.7382,1.8811,-0.38975,-0.022012,6.128,1.5754
1.7382,1.8789,0,-0.028907,6.1138,0.23164
1.6563,1.876,-0.33928,-0.034062,6.0919,1.538
1.6176,1.8726,-0.30785,-0.03973,6.0674,1.4874
1.5823,1.8686,-0.27569,-0.044903,6.035,1.4265
1.556,1.8641,-0.26401,-0.048486,6.0135,1.4292
1.529,1.8592,-0.22329,-0.05241,5.9728,1.3176
1.5145,1.854,0.29607,-0.054334,5.9314,0.039916
1.5476,1.8486,1.151,-8.8,5.8917,0
1.5476,0.96857,0,4.9,5.9056,36.285
1.8484,1.4586,1.6828,2.1865,5.9638,0.40473
2.0118,1.6772,1.3858,1.4934,5.9965,0
2.1528,1.8266,1.106,1.2672,6.0198,0
2.2721,1.9533,0.44987,1.1121,6.05,1.2443
2.2721,2.0645,0,0.79543,6.0763,2.3039
2.2889,2.144,-0.12577,0.43628,6.1099,1.4596
2.2676,2.1877,0.34872,0.23326,6.1257,0
2.2676,2.211,0,0.25541,6.1325,0.54533
2.319,2.2365,0.020054,0.23301,6.1521,0.35026
2.319,2.2598,0,0.15048,6.1592,0.23112
2.326,2.2749,0.23954,0.14023,6.154,0
2.326,2.2889,0,0.17033,6.1584,0.33851
2.359,2.3059,0.19423,0.14279,6.1656,0
2.3855,2.3202,0.48886,0.17396,6.1798,0
2.431,2.3376,0.91828,0.24586,6.1796,0
2.5282,2.3622,1.3424,0.4307,6.1963,0
2.6602,2.4053,1.6396,0.64304,6.2117,0
2.8244,2.4696,1.7738,0.86134,6.2505,0
3.0046,2.5557,1.6574,1.0349,6.2917,0
3.1773,2.6592,1.2807,1.1251,6.3369,0
3.2998,2.7717,0.78199,-8.8,6.3848,0
3.3711,1.8917,0.15543,4.9,6.4827,28.287
3.3907,2.3817,-0.74841,2.7345,6.6096,21.941
3.3907,2.6552,0,1.5031,6.6969,4.3053
3.1477,2.8055,-1.901,0.71718,6.7321,8.4497
2.9546,2.8772,-1.4155,0.15596,6.7572,10.644
2.8084,2.8928,-0.97723,-0.017648,6.7493,5.1823
2.7048,2.891,-0.42197,-0.039111,6.7274,1.7867
2.6608,2.8871,0.42147,-0.04762,6.7138,0
2.7047,2.8823,0.64432,-0.037529,6.6902,0
2.7593,2.8786,0.2103,-0.025233,6.6789,0
2.7798,2.8761,3.9194e-05,-0.020394,6.6692,0.15613
2.7869,2.874,0.19475,-0.018458,6.6667,0
2.7869,2.8722,0,-0.014458,6.658,0.14628
2.7869,2.8707,0,-0.0097802,6.6496,0.15373
2.8503,2.8698,0.13669,-0.0041411,6.6395,0
2.8503,2.8693,0,-0.00088659,6.6376,0.037331
2.8823,2.8693,0.14968,0.025941,6.631,0
2.9064,2.8718,0.1666,0.068828,6.6336,0
2.9309,2.8787,0.22243,0.10355,6.6467,0
2.9521,2.8891,0.23858,0.12436,6.6549,0
2.9724,2.9015,0.23009,0.13901,6.6539,0
2.991,2.9154,0.22847,0.14737,6.6689,0
3.0053,2.9302,0.22087,0.14556,6.6824,0
3.0053,2.9447,0,0.16102,6.6892,0.25638
3.0534,2.9608,0.17939,0.17677,6.7048,0
3.0704,2.9785,0.18958,0.17372,6.7092,0
3.0704,2.9959,0,0.16997,6.7176,0.24812
3.1148,3.0129,0.17142,0.18972,6.7381,0
3.1226,3.0318,0.18226,0.16765,6.756,0
3.1487,3.0486,0.19293,0.18315,6.7585,0
3.1674,3.0669,0.18765,0.18212,6.7587,0
3.1785,3.0851,0.18684,0.16794,6.7752,0
3.1902,3.1019,0.19865,0.15777,6.7934,0
3.2017,3.1177,0.19119,0.14897,6.801,0
3.2163,3.1326,0.18576,0.14753,6.8134,0
3.226,3.1473,0.18641,0.13785,6.8293,0
3.2371,3.1611,0.1913,0.13225,6.8357,0
3.2624,3.1744,0.17378,0.15209,6.8351,0
3.2837,3.1896,0.14472,0.16144,6.8385,0
3.3012,3.2057,0.15247,0.16238,6.8406,0
3.3091,3.2219,0.18413,0.14706,6.844,0
3.3304,3.2367,0.16804,0.15733,6.8618,0
3.347,3.2524,0.15927,0.15773,6.8719,0
3.3649,3.2682,0.19672,0.16011,6.8761,0
3.3649,3.2842,0,0.15856,6.885,0.20256
3.3649,3.3,0,0.15082,6.8923,0.21879
3.411,3.3151,0.1534,0.15593,6.9223,0
3.4257,3.3307,0.19744,0.15348,6.933,0
3.4436,3.3461,0.19975,0.15665,6.9453,0
3.4436,3.3617,0,0.17799,6.9543,0.25269
3.5086,3.3795,0.23104,0.20414,6.9596,0
