16.111,16.111,-0.059601,0,35.5,0.13427
16.11,16.111,-0.071804,-0.00011402,35.502,0.16668
16.11,16.111,0,-0.001556,35.502,0
16.103,16.111,0.019289,-0.00070771,35.496,0
16.105,16.111,0.034898,-0.00052079,35.494,0
16.105,16.111,0,0.00052155,35.493,0.013382
16.116,16.111,0.029697,0.0024652,35.496,0
16.127,16.111,0.038466,0.0077256,35.493,0
16.13,16.112,0.04661,0.0088334,35.491,0
16.135,16.113,0.060406,0.011114,35.49,0
16.148,16.114,0.077274,0.01679,35.495,0
16.148,16.116,0,0.024007,35.498,0
16.177,16.118,0.065412,0.029426,35.504,0
16.177,16.121,0,0.033136,35.51,0
16.192,16.124,0.053725,0.033837,35.528,0
16.195,16.128,0.06328,0.033384,35.536,0
16.195,16.131,0,0.03085,35.542,0
16.203,16.134,0.097156,0.034009,35.55,0
16.211,16.137,0.14105,0.036406,35.55,0
16.215,16.141,0.15594,0.036901,35.555,0
16.239,16.145,0.1607,0.046645,35.565,0
16.254,16.149,0.18354,0.051729,35.576,0
16.279,16.155,0.23276,0.061561,35.588,0
16.302,16.161,0.25632,0.070143,35.596,0
16.331,16.168,0.276,0.08082,35.62,0
16.357,16.176,0.2727,0.089532,35.63,0
16.386,16.185,0.28195,0.099816,35.656,0
16.407,16.195,0.29276,0.10496,35.679,0
16.444,16.205,0.29574,0.118,35.699,0
16.468,16.217,0.31606,0.12404,35.731,0
16.497,16.229,0.35193,0.13228,35.751,0
16.542,16.243,0.37589,0.1479,35.77,0
16.573,16.258,0.36348,0.15549,35.793,0
16.618,16.273,0.36303,0.17006,35.827,0
16.656,16.29,0.39446,0.17989,35.854,0
16.695,16.308,0.42335,0.19028,35.893,0
16.731,16.327,0.4156,0.19844,35.923,0
16.731,16.347,0,0.2047,35.963,0
16.798,16.367,0.41978,0.21123,35.998,0
16.841,16.389,0.41445,0.22143,36.049,0
16.892,16.411,0.42539,0.23534,36.094,0
16.94,16.434,0.40502,0.24705,36.144,0
16.972,16.459,0.40202,0.25012,36.198,0
17.015,16.484,0.4149,0.25849,36.245,0
17.057,16.51,0.38622,0.26623,36.3,0
17.057,16.536,0,0.2732,36.353,0
17.057,16.564,0,0.28062,36.404,0
17.177,16.592,0.37666,0.28377,36.468,0
17.208,16.62,0.38201,0.28453,36.522,0
17.25,16.649,0.39276,0.29062,36.572,0
17.25,16.678,0,0.29398,36.63,0
17.319,16.707,0.40034,0.29486,36.694,0
17.319,16.737,0,0.30103,36.754,0
17.396,16.767,0.40692,0.30199,36.82,0
17.396,16.797,0,0.30678,36.881,0
17.476,16.828,0.45025,0.31032,36.95,0
17.521,16.859,0.4902,0.31665,37.017,0
17.572,16.89,0.53316,0.32533,37.078,0
17.572,16.923,0,0.33057,37.145,0
17.668,16.956,0.46999,0.33875,37.215,0
17.668,16.99,0,0.34911,37.285,0
17.668,17.025,0,0.35147,37.351,0
17.815,17.06,0.44803,0.35773,37.449,0
17.815,17.096,0,0.36288,37.523,0
17.911,17.132,0.49493,0.36778,37.594,0
17.953,17.169,0.40584,0.36957,37.682,0
17.986,17.206,0.34813,0.36702,37.769,0
17.986,17.242,0,0.36621,37.845,0
18.047,17.279,0.21304,0.35983,37.909,0
18.047,17.315,0,0.34981,37.984,0
18.047,17.35,0,0.33464,38.056,0
18.066,17.383,-0.010586,0.31821,38.118,0
18.066,17.415,0,0.30046,38.185,0
18.054,17.445,-0.14866,0.28316,38.261,0
18.041,17.473,-0.13521,0.26378,38.32,0
18.022,17.5,-0.16354,0.24227,38.382,0
18.01,17.524,-0.17346,0.22507,38.429,0
17.997,17.547,-0.1228,0.20862,38.476,0
17.987,17.567,-0.11695,0.19424,38.527,0
17.972,17.587,-0.23064,0.17816,38.575,0.19658
17.972,17.605,0,0.16241,38.613,0
17.926,17.621,-0.20166,0.14072,38.64,0.19196
17.896,17.635,-0.18757,0.12042,38.678,0.19674
17.871,17.647,-0.25042,0.103,38.698,0.44155
17.871,17.657,0,0.090926,38.72,0
17.822,17.666,-0.24918,0.07137,38.721,0.51333
17.805,17.674,-0.29252,0.060692,38.74,0.6928
17.786,17.68,-0.31128,0.048986,38.756,0.79129
17.748,17.685,-0.28557,0.029192,38.76,0.74422
17.719,17.687,-0.27394,0.014601,38.763,0.73792
17.719,17.689,0,0.0029317,38.766,0
17.675,17.689,-0.24877,-0.0011979,38.767,0.72005
17.675,17.689,0,-0.0028928,38.765,0.023453
17.64,17.689,-0.20973,-0.0039918,38.768,0.66799
17.619,17.688,-0.25239,-0.0057366,38.752,0.86612
17.587,17.688,-0.24976,-0.0083224,38.738,0.93344
17.557,17.687,-0.3104,-0.010723,38.725,1.2411
17.517,17.686,-0.40754,-0.013965,38.709,1.7752
17.486,17.685,-0.38877,-0.016404,38.699,1.7701
17.448,17.683,-0.36019,-0.019453,38.678,1.7407
17.403,17.681,-0.32438,-0.023088,38.65,1.6995
17.375,17.679,-0.30612,-0.02518,38.617,1.6866
17.335,17.676,-0.3209,-0.028355,38.593,1.8574
17.335,17.673,0,-0.03061,38.559,0.67333
17.274,17.67,-0.32138,-0.033064,38.52,2.015
17.233,17.667,-0.30732,-0.03625,38.487,2.0555
17.198,17.663,-0.33991,-0.038943,38.433,2.301
17.198,17.659,0,-0.040962,38.386,0.94273
17.133,17.655,-0.35846,-0.043872,38.322,2.5604
17.101,17.651,-0.35188,-0.046326,38.265,2.6094
17.066,17.646,-0.36497,-0.048939,38.209,2.767
17.037,17.641,-0.35274,-0.051142,38.146,2.7762
16.999,17.636,-0.3199,-0.054043,38.089,2.703
16.959,17.631,-0.30702,-0.057056,38.021,2.7364
16.924,17.625,-0.31872,-0.05975,37.949,2.8852
16.888,17.619,-0.31894,-0.062508,37.87,2.9762
16.888,17.613,0,-0.064797,37.797,1.5484
16.831,17.606,-0.28137,-0.066659,37.72,2.9096
16.805,17.6,-0.29938,-0.06858,37.637,3.0622
16.805,17.593,0,-0.07135,37.558,1.6979
16.742,17.586,-0.28221,-0.073268,37.473,3.1165
16.715,17.578,-0.30853,-0.075215,37.391,3.3175
16.715,17.571,0,-0.078094,37.305,1.8625
16.643,17.563,-0.36095,-0.080736,37.201,3.791
16.605,17.555,-0.35258,-0.083636,37.109,3.8346
16.575,17.547,-0.38785,-0.085826,37.013,4.1152
16.575,17.538,0,-0.088985,36.916,2.1242
16.504,17.529,-0.37976,-0.091402,36.796,4.2384
16.504,17.52,0,-0.095231,36.694,2.2559
16.422,17.511,-0.3635,-0.097821,36.585,4.3391
16.39,17.501,-0.34186,-0.10027,36.467,4.2743
16.39,17.491,0,-0.10271,36.357,2.4745
16.39,17.48,0,-0.10611,36.247,2.4302
16.277,17.47,-0.31593,-0.10927,36.116,4.3758
16.237,17.459,-0.27994,-0.11247,35.987,4.2463
16.209,17.448,-0.24271,-0.1146,35.86,4.0778
16.209,17.436,0,-0.11672,35.736,2.8005
16.157,17.425,-0.1923,-0.11844,35.61,3.8756
16.143,17.413,-0.13702,-0.11935,35.477,3.5843
16.125,17.401,-0.18622,-0.12055,35.341,3.861
16.125,17.389,0,-0.12239,35.214,2.8892
16.073,17.376,-0.19506,-0.12441,35.095,3.988
16.054,17.364,-0.16488,-0.12571,34.97,3.8396
16.038,17.351,-0.16947,-0.12675,34.833,3.871
16.025,17.339,-0.24523,-0.12741,34.707,4.2969
16.002,17.326,-0.43175,-0.12912,34.582,5.5344
15.966,17.313,-0.47374,-0.13206,34.451,5.9129
15.966,17.3,0,-0.13614,34.317,3.0496
15.868,17.286,-0.59135,-0.14074,34.17,7.0839
15.868,17.272,0,-0.14689,34.029,3.2258
15.745,17.258,-0.54145,-0.15206,33.86,7.014
15.745,17.242,0,-0.157,33.709,3.4783
15.619,17.227,-0.77369,-0.16373,33.554,9.4588
15.543,17.21,-0.93632,-0.17096,33.4,11.431
15.543,17.193,0,-0.18057,33.234,3.8719
15.543,17.175,0,-0.19031,33.07,3.7665
15.248,17.156,-1.0634,-0.20034,32.856,14.014
15.248,17.136,0,-0.21216,32.666,4.5261
15.024,17.115,-1.0147,-0.22336,32.456,14.21
14.929,17.093,-1.0616,-0.23325,32.249,15.134
14.929,17.069,0,-0.24523,32.034,5.246
14.714,17.045,-1.0332,-0.25632,31.806,15.501
14.608,17.019,-1.089,-0.268,31.571,16.603
14.499,16.992,-1.154,-0.28016,31.332,17.882
14.499,16.964,0,-0.29332,31.084,6.184
14.239,16.935,-1.9584,-0.31019,30.819,33.924
14.036,16.904,-2.593,-0.33408,30.547,53.051
13.784,16.87,-3.2222,-0.36472,30.25,80.273
13.463,16.834,-3.7463,-0.40463,29.917,111.85
13.084,16.794,-4.0587,-0.45283,29.568,135.82
13.084,16.748,0,-0.50717,29.2,9.6943
12.25,16.698,-4.4043,-0.56473,28.763,166.96
12.25,16.641,0,-0.62702,28.321,12.062
11.342,16.578,-4.9943,-0.69797,27.798,229.98
10.851,16.509,-5.3098,-0.7752,27.261,40.465
10.33,16.431,-5.6152,-0.8627,26.665,40.585
10.33,16.345,0,-0.96321,26.059,17.212
10.33,16.248,0,-1.0741,25.463,15.861
10.33,16.141,0,-1.1966,24.876,14.418
10.33,16.021,0,-1.3305,24.301,12.904
10.33,15.888,0,-1.4775,23.739,11.331
6.7958,15.741,-5.8172,-1.6423,22.13,40.121
6.2078,15.576,-5.7004,-1.8244,21.209,39.517
5.6324,15.394,-5.485,-2.0259,20.249,38.646
5.0937,15.191,-5.2399,-2.2449,19.254,37.503
5.0937,14.967,0,-2.4903,18.256,24.14
4.0873,14.718,-4.5723,-2.761,17.163,34.242
3.6222,14.442,-4.2124,-3.0619,16.093,32.135
3.1996,14.135,-3.8535,-3.3924,15.01,29.689
2.8225,13.796,-3.4019,-3.7564,13.917,26.787
2.4805,13.421,-2.9279,-4.1647,12.815,23.485
2.1864,13.004,-2.5201,-4.6072,11.728,20.001
1.9438,12.543,-2.1034,-7.3715,10.663,10.66
1.7327,11.806,-1.7742,-7.0455,9.6254,9.5745
1.5588,11.102,-1.5517,-6.8227,8.6386,8.4874
1.4128,10.419,-1.3605,-6.6246,7.705,7.4025
1.281,9.757,-1.1798,-6.4342,6.8365,6.3351
1.1658,9.1136,-1.0643,-6.3215,6.0077,5.2462
1.068,8.4814,-0.95598,-6.1965,5.2436,4.1858
0.9744,7.8618,-0.92203,-6.166,4.5229,3.1003
0.8724,7.2452,-0.92443,-6.1777,3.8655,2.0258
0.8724,6.6274,0,-6.1696,3.2591,0
0.8724,6.0105,0,-8.8,2.7144,0
0.6004,5.1305,-0.83888,-8.8,2.2127,0
0.52243,4.2505,-0.73179,-8.8,1.7962,0
0.44808,3.3705,-0.6191,-8.8,1.473,0
0.38745,2.4905,-0.43356,-8.8,1.2224,0
0.33984,1.6105,-0.22464,-8.8,1.0594,0
0.32383,0.73046,-0.04095,-8.8,0.97081,0
0.32383,0,0,-8.8,0.97414,0
0.32383,0,0,-8.8,1.0505,0
0.32383,0,0,-8.8,1.1269,0
0.33644,0,0.097922,-8.8,1.2201,0
0.33644,0,0,-8.8,1.2977,0
0.34954,0,-0.076268,-8.8,1.3831,0
0.33375,0,-0.14013,-8.8,1.4602,0
0.32023,0,-0.26193,-8.8,1.5333,0
0.29999,0,-0.42338,-8.8,1.6079,0
0.2655,0,-0.43806,-8.8,1.6717,0
0.21508,0,-0.44741,-8.8,1.7339,0
0.1726,0,-0.3712,-8.8,1.7947,0
0.1726,0,0,-8.8,1.8559,0
0.1726,0,0,-8.8,1.9172,0
0.08143,0,-0.16791,-8.8,1.9618,0
0.054954,0,-0.20758,-8.8,2.0138,0
0.035693,0,-0.28248,-8.8,2.0642,0
0.035693,0,0,-8.8,2.1118,0
0.035693,0,0,-8.8,2.1593,0
-0.059046,0,-0.48281,-8.8,2.1896,0
-0.09862,0,-0.71243,-8.8,2.2268,0
-0.16753,0,-0.96752,-8.8,2.2645,0
-0.16753,0,0,-8.8,2.2917,0
-0.37528,0,-1.2453,-8.8,2.2926,0
-0.37528,0,0,-8.8,2.2991,0
-0.6309,0,-1.2371,-8.8,2.2729,0
-0.76456,0,-1.0652,-8.8,2.2399,0
-0.76456,0,0,-8.8,2.2074,0
-0.76456,0,0,-8.8,2.1749,0
-1.0577,0,-0.66719,-8.8,2.0844,0
-1.1162,0,-0.4868,-8.8,2.028,0
-1.167,0,-0.41251,-8.8,1.9666,0
-1.2023,0,-0.35258,-8.8,1.8824,0
-1.2473,0,-0.30109,-8.8,1.803,0
-1.2734,0,-0.29802,-8.8,1.7215,0
-1.2994,0,-0.29502,-8.8,1.6411,0
-1.3326,0,-0.26859,-8.8,1.5518,0
-1.3666,0,-0.26951,-8.8,1.4561,0
-1.3936,0,-0.39089,-8.8,1.3611,0
-1.4367,0,-0.47764,-8.8,1.2689,0
-1.4909,0,-0.6029,-8.8,1.1752,0
-1.5584,0,-0.68688,-8.8,1.0611,0
-1.6253,0,-0.73501,-8.8,0.93707,0
-1.6253,0,0,-8.8,0.81854,0
-1.7688,0,-0.79153,-8.8,0.6869,0
-1.8444,0,-0.96353,-8.8,0.54325,0
-1.9406,0,-1.2398,-8.8,0.40776,0
-2.0673,0,-1.6634,-10.137,0.25218,0
-2.0673,0,0,-29.756,0.096139,0
-2.4395,0,-2.4661,-409.5,0.0073102,0
-2.6892,0,-2.6766,-8.8,1.8067,0
-2.6892,0,0,-8.8,1.5818,0
-3.241,0,-2.7535,-8.8,1.3026,0
-3.241,0,0,-8.8115,1.0225,0
-3.7941,0,-2.71,-12.991,0.70011,0
-4.0581,0,-2.7377,-24.473,0.37884,0
-4.3291,0,-2.7842,-105.46,0.091261,0
-4.5984,0,-2.853,-61.407,0.18056,0
-4.5984,0,0,-514.29,0.027758,0
-5.157,0,-2.8828,-9.2074,2.1025,0
-5.4473,0,-2.8773,-12.055,1.6165,0
-5.7414,0,-2.8853,-17.575,1.122,0
-6.0229,0,-2.9855,-31.823,0.62895,0
-6.32,0,-3.1517,-113.89,0.18035,0
-6.6359,0,-3.3149,-228.46,0.09779,0
-6.9606,0,-3.4992,-46.269,0.56641,0
-7.3184,0,-3.6645,-352.01,0.076878,0
-7.6886,0,-3.7781,-30.91,1.0894,0
-8.0678,0,-3.8204,-75.919,0.45139,0
-8.0678,0,0,-7417.9,0.024206,0
-8.8401,0,-3.8955,7.8,36.222,42.698
-9.2322,0.78,-3.9437,7.8,35.275,45.202
-9.6357,1.56,-3.9785,7.8,34.22,47.702
-10.043,2.34,-4.0358,7.8,33.042,50.256
-10.043,3.12,0,7.8,31.764,43.375
-10.043,3.9,0,7.8,30.409,44.974
-11.243,4.68,-4.1033,7.8,28.79,57.655
-11.657,5.46,-4.0625,-0.71498,27.146,42.124
-12.066,5.3885,-3.9118,-0.80095,25.423,42.319
-12.456,5.3084,-3.7126,-0.90266,23.667,42.322
-12.833,5.2181,-3.4747,-1.0257,21.869,42.152
-12.833,5.1156,0,-1.1749,20.069,34.327
-13.503,4.9981,-2.8962,-1.3575,18.209,41.161
-13.503,4.8623,0,-1.5865,16.366,34.316
-14.064,4.7037,-2.5667,-1.8832,14.476,39.912
-14.322,4.5154,-2.5509,-2.2769,12.591,39.193
-14.573,4.2877,-2.7187,-2.8175,10.705,38.457
-14.839,4.0059,-3.0581,-3.6013,8.8196,37.492
-14.839,3.6458,0,-4.8299,6.9531,27.746
-14.839,3.1628,0,-38.062,5.1287,0
-15.862,0,-3.8127,-41.087,3.3752,0
-16.251,0,-3.6603,-70.363,1.9797,0
-16.611,0,-3.2914,-205.12,0.68354,0
-16.934,0,-2.834,-4205.1,0.034119,0
-16.934,0,0,-2.3583,19.366,29.76
-16.934,0,0,-1.9301,17.685,30.66
-17.64,0,-1.5652,-1.5652,15.877,36.163
-17.64,0,0,-1.2955,14.121,33.441
-17.64,0,0,-1.0958,12.363,33.86
-17.64,0,0,-0.92709,10.605,34.215
-17.64,0,0,-0.80629,8.8452,34.469
-17.64,0,0,-0.7445,7.0852,34.599
-18.286,0,-0.69232,-0.69232,5.1102,37.486
-18.286,0,0,-51.85,3.2851,0
-18.286,0,0,-99.792,1.7158,0
-18.286,0,0,-469.03,0.38616,0
-18.391,0,0.30304,-193.59,0.87221,0
-18.351,0,0.48267,9.8,1,57.199
-18.295,0.98,0.55985,9.8,1,58.93
-18.232,1.96,0.47716,9.8,1,60.984
-18.186,2.94,0.39353,9.8,1,63.075
-18.143,3.92,0.43814,9.8,1,64.902
-18.102,4.9,0.48266,9.8,1,66.733
-18.102,5.88,0,9.8,1.0012,69.756
-18.003,6.86,0.44586,9.8,1,70.625
-17.953,7.84,0.46458,9.8,1,72.493
-17.906,8.82,0.46478,9.8,1,74.406
-17.857,9.8,0.46151,9.8,1,76.321
-17.806,10.78,0.62565,9.8,1,77.88
-17.745,11.76,1.1013,9.8,1,78.765
-17.632,12.74,1.904,9.8,1,78.856
-17.632,13.72,0,9.8,0.99354,84.865
-17.632,14.7,0,9.8,0.9652,86.874
-17.632,15.68,0,9.8,0.89218,88.883
-16.324,16.66,4.9877,9.8,1,77.731
-16.324,17.64,0,9.8,0.97372,90.22
-15.337,18.62,4.7513,9.8,1,80.222
-15.337,19.6,0,9.8,0.96924,92.214
-15.337,20.58,0,9.8,0.891,94.223
-14.005,21.56,3.8675,9.8,1,85.375
-14.005,22.54,0,9.8,0.97436,95.51
-13.243,23.52,3.5287,9.8,1,88.542
-12.892,24.5,3.5115,9.8,1,89.867
-12.892,25.48,0,9.8,0.99036,99.255
-12.892,26.46,0,9.8,0.93993,101.26
-12.892,27.44,0,9.8,0.85913,103.27
-11.457,28.42,3.5402,9.8,1,94.902
-11.11,29.4,3.4059,9.8,1,96.481
-10.769,30.38,3.2257,9.8,1,98.17
-10.441,31.36,3.0873,9.8,1,99.798
-10.124,32.34,2.9808,9.8,1,101.38
-9.8261,33.32,2.8957,9.8,1,102.96
-9.546,34.3,2.8078,9.8,1,104.58
-9.261,35.28,2.7614,9.8,1,106.1
-9.261,36.26,0,9.8,0.9783,113.91
-8.7044,37.24,2.7528,9.8,1,108.99
-8.4337,38.22,2.7544,9.8,1,110.45
-8.1552,39.2,2.6907,9.8,1,112.02
-7.8824,40.18,2.5475,9.8,1,113.77
-7.6283,41.16,2.4744,9.8,1,115.41
-7.3836,42.14,2.5054,9.8,1,116.85
-7.3836,43.12,0,9.8,0.99695,124.13
-6.8821,44.1,2.5696,9.8,1,119.71
-6.6197,45.08,2.642,9.8,1,121.03
-6.3515,46.06,2.6435,9.8,1,122.48
-6.0867,47.04,2.5749,9.8,1,124.09
-5.8334,48.02,2.4792,9.8,1,125.78
-5.5769,49,2.4331,9.8,1,127.36
-5.3382,49.98,2.3805,9.8,1,128.99
-5.3382,50.96,0,9.8,0.98861,136
-4.8545,51.94,2.1049,9.8,1,132.6
-4.6436,52.92,1.9305,9.8,1,134.54
-4.457,53.9,1.7684,9.8,1,136.51
-4.2745,54.88,1.6123,9.8,1,138.47
-4.1137,55.86,1.5033,9.8,1,140.38
-3.9648,56.84,1.4213,9.8,1,142.26
-3.8308,57.82,1.3464,9.8,1,144.15
-3.6959,58.8,1.3053,9.8,1,145.97
-3.575,59.78,1.295,9.8,1,147.75
-3.575,60.76,0,9.8,0.9961,152.48
-3.575,61.74,0,9.8,0.97768,154.49
-3.575,62.72,0,9.8,0.94518,156.5
-3.575,63.7,0,9.8,0.89779,158.51
-2.9663,64.68,1.0863,9.8,1,156.99
-2.8619,65.66,0.94164,9.8,1,159.08
-2.7616,66.64,0.82298,9.8,1,161.14
-2.67,67.62,0.71008,9.8,1,163.2
-2.6049,68.6,0.56252,9.8,1,165.38
-2.557,69.58,0.38217,9.8,1,167.67
-2.5159,70.56,0.26542,9.8,1,169.84
-2.4796,71.54,0.12258,9.8,1,172.08
-2.4763,72.52,-0.011896,9.8,1,174.36
-2.4787,73.5,-0.083051,9.8,1,176.52
-2.4889,74.48,-0.13066,9.8,1,178.65
-2.4987,75.46,-0.17837,9.8,1,180.78
-2.4987,76.44,0,9.8,1.0105,182.42
-2.4987,77.42,0,9.8,1.0229,184.43
-2.573,78.4,-0.43453,9.8,1,187.5
-2.6107,79.38,-0.51687,9.8,1,189.76
-2.6669,80.36,-0.61494,9.8,1,192.09
-2.7242,81.34,-0.68924,9.8,1,194.37
-2.7977,82.32,-0.77872,9.8,1,196.72
-2.8752,83.3,-0.89763,9.8,1,199.14
-2.9738,84.28,-1.0416,9.8,1,201.65
-3.0777,85.26,-1.1253,9.8,1,204.05
-3.1903,86.24,-1.2205,9.8,1,206.49
-3.3084,87.22,-1.2608,9.8,1,208.83
-3.4322,88.2,-1.2548,9.8,1,211.08
-3.563,89.18,-1.2289,9.8,1,213.3
-3.6794,90.16,-1.2066,9.8,1,215.5
-3.81,91.14,-1.1956,9.8,1,217.75
-3.9234,92.12,-1.2209,9.8,1,220.05
-4.0504,93.1,-1.2351,9.8,1,222.35
-4.0504,94.08,0,9.8,1.0063,221.76
-4.2939,95.06,-1.3171,9.8,1,227.04
-4.4301,96.04,-1.3799,9.8,1,229.46
-4.5764,97.02,-1.4611,9.8,1,231.94
-4.7167,98,-1.6115,9.8,1,234.55
-4.8761,98.98,-1.7488,9.8,1,237.17
-4.8761,99.96,0,9.8,1.0095,235.51
-5.2423,100.94,-2.1303,9.8,1,242.74
-5.4509,101.92,-2.2925,9.8,1,245.52
-5.6844,102.9,-2.448,9.8,1,248.33
-5.9238,103.88,-2.5208,9.8,1,250.99
-5.9238,104.86,0,9.8,1.0185,247.7
-5.9238,105.84,0,9.8,1.0489,249.71
-6.6929,106.82,-2.5113,9.8,1,258.57
-6.9491,107.8,-2.5728,9.8,1,261.23
-6.9491,108.78,0,9.8,1.0097,257.84
-7.4811,109.76,-2.7925,9.8,1,266.8
-7.7659,110.74,-2.928,9.8,1,269.68
-8.0613,111.72,-2.9623,9.8,1,272.37
-8.352,112.7,-2.8891,9.8,1,274.82
-8.6364,113.68,-3.0179,9.8,1,277.68
-8.9396,114.66,-3.0946,9.8,1,280.47
-8.9396,115.64,0,9.8,1.0242,275.98
-8.9396,116.62,0,9.8,1.0623,277.99
-9.8892,117.6,-3.8125,9.8,1,289.96
-10.268,118.58,-3.9152,9.8,1,292.96
-10.664,119.56,-4.0174,9.8,1,295.99
-11.074,120.54,-3.9493,9.8,1,298.7
-11.074,121.52,0,9.8,1.0162,292.41
-11.074,122.5,0,9.8,1.0722,294.42
-12.067,123.48,-2.1022,9.8,1,302.88
-12.274,124.46,-1.4787,9.8,1,304
-12.415,125.44,-1.0913,9.8,1,305.49
-12.514,126.42,-0.86413,9.8,1,307.22
-12.514,127.4,0,9.8,0.99709,307.42
-12.681,128.38,-0.67384,9.8,1,311.18
-12.751,129.36,-0.60389,9.8,1,313.19
-12.821,130.34,-0.52357,9.8,1,315.17
-12.821,131.32,0,9.8,1.0067,316.08
-12.821,132.3,0,9.8,1.0228,318.09
-12.821,133.28,0,9.8,1.0425,320.1
-13.048,134.26,-0.75343,9.8,1,324.16
-13.131,135.24,-0.90323,9.8,1,326.65
-13.131,136.22,0,9.8,0.99731,326.76
-13.311,137.2,-0.88749,9.8,1,331.01
-13.391,138.18,-0.80868,9.8,1,333.01
-13.48,139.16,-0.67112,9.8,1,334.92
-13.555,140.14,-0.51277,9.8,1,336.75
-13.615,141.12,-0.39105,9.8,1,338.62
-13.656,142.1,-0.44179,9.8,1,340.82
-13.709,143.08,-0.43047,9.8,1,342.91
-13.752,144.06,-0.87795,9.8,1,345.95
-13.835,145.04,-0.41459,9.8,1,347.16
