5,5,-2.196,0,35.5,23.736
4.7754,5,-2.0778,7.8,35.493,129.21
4.7754,5.78,0,7.8,35.432,81.342
4.7754,6.56,0,6.7,35.292,73.254
4.1979,7.23,-1.7694,6.7,34.974,126.4
4.1979,7.9,0,6.7,34.637,86.8
3.8466,8.57,-1.821,6.7,34.195,141.09
3.8466,9.24,0,6.7,33.689,98.917
3.478,9.91,-1.771,-0.36898,33.087,30.91
3.2951,9.8731,-1.6982,-0.38838,32.435,31.064
3.1231,9.8343,-1.6638,-0.40817,31.775,31.126
3.1231,9.7934,0,-0.42834,31.106,25.362
2.8044,9.7506,-1.6969,-0.45003,30.41,30.998
2.6423,9.7056,-1.759,-0.47345,29.7,30.852
2.4733,9.6583,-1.8168,-0.49844,28.995,30.716
2.2835,9.6084,-1.8102,-0.52676,28.274,30.665
2.1049,9.5557,-1.7785,-0.55637,27.537,30.595
1.9209,9.5001,-1.7073,-0.58844,26.792,30.546
1.7499,9.4413,-1.5861,-0.62222,26.026,30.502
1.5989,9.379,-1.4195,-0.65646,25.261,30.471
1.449,9.3134,-1.2513,-0.69397,24.472,30.427
1.319,9.244,-1.0699,-0.73238,23.68,30.377
1.2187,9.1708,-0.88987,-0.77024,22.895,30.295
1.123,9.0937,-0.76476,-0.81162,22.09,30.06
1.0513,9.0126,-0.66914,-0.85357,21.285,29.687
0.98276,8.9272,-0.51373,-0.89722,20.496,29.467
0.93474,8.8375,-0.37609,-0.94253,19.7,32.547
0.93474,8.7432,0,-0.98904,18.914,26.477
0.86363,8.6443,-0.15762,-1.0388,18.133,27.84
0.86363,8.5405,0,-1.0878,17.36,24.837
0.84221,8.4317,-0.10323,-1.1414,16.598,25.104
0.82256,8.3175,-0.12276,-1.1985,15.85,24.289
0.81017,8.1977,-0.12138,-1.258,15.113,23.143
0.80669,8.0719,-0.12884,-1.3219,14.372,21.997
0.7882,7.9397,-0.12419,-1.391,13.654,20.735
0.78019,7.8006,-0.12471,-1.4639,12.94,19.436
0.76851,7.6542,-0.12569,-1.5392,12.253,18.134
0.76851,7.5003,0,-1.6176,11.572,15.571
0.76851,7.3385,0,-1.7005,10.907,14.22
0.73696,7.1685,-0.1271,-1.7898,10.279,14.024
0.72693,6.9895,-0.12341,-1.8839,9.6439,12.577
0.70934,6.8011,-0.12505,-1.983,9.0306,11.212
0.70283,6.6028,-0.082897,-2.0841,8.4295,9.5676
0.70345,6.3944,-0.0375,-5.2,7.8586,1.074
0.69185,5.8744,0.01224,-8.8,7.3071,0
0.69137,4.9944,0.061729,-8.8,6.8286,0
0.69431,4.1144,0.098511,-8.8,6.4331,0
0.69431,3.2344,0,-8.8,6.1351,0
0.70596,2.3544,0.082107,-8.8,5.9297,0
0.70616,1.4744,0.069161,-0.099553,5.8017,1.3203
0.70616,1.4644,0,-0.099822,5.7254,1.5184
0.71146,1.4544,0.060462,-8.8,5.6634,0
0.71575,0.57445,0.10924,0.10924,5.6428,0
0.71575,0.58537,0,0.18292,5.6564,0.15206
0.75535,0.60367,0.30205,0.30205,5.6642,0
0.78076,0.63387,0.46316,0.46316,5.6782,0
0.827,0.68019,0.66626,0.66626,5.6862,0
0.88624,0.74681,0.85102,0.85102,5.6986,0
0.88624,0.83192,0,1.0195,5.7083,4.0832
1.0609,0.93387,1.143,1.4434,5.7076,0.46709
1.171,1.0782,1.1996,0.83038,5.7146,0
1.2848,1.1612,1.2483,0.97921,5.7322,0
1.4151,1.2592,1.2868,1.0831,5.7551,0
1.5385,1.3675,1.3021,1.0363,5.7625,0
1.6635,1.4711,1.3174,1.0347,5.7806,0
1.7973,1.5746,1.3707,1.0712,5.7915,0
1.7973,1.6817,0,-8.8,5.8084,0
2.072,0.80169,1.3819,1.3819,5.8952,0
2.072,0.93989,0,4.9,6.0153,32.784
2.34,1.4299,1.1936,4.9,6.1263,18.447
2.4679,1.9199,1.0138,2.0085,6.1914,1.8337
2.5616,2.1207,0.79596,1.3798,6.2496,0.57151
2.6471,2.2587,0.59,1.1002,6.2891,0.47656
2.7141,2.3687,0.43131,0.90798,6.3222,0.48829
2.7495,2.4595,0.32573,0.71885,6.3507,0.36709
2.7889,2.5314,0.24587,0.61005,6.3732,0.3629
2.8232,2.5924,0.25446,0.52741,6.3971,0.15766
2.8533,2.6452,0.33412,0.46113,6.4161,0
2.8908,2.6913,0.43296,0.43065,6.4371,0
2.9321,2.7343,0.55776,0.41716,6.4618,0
2.9951,2.7761,0.72536,0.45172,6.4833,0
3.067,2.8212,0.85876,0.4946,6.5014,0
3.1614,2.8707,0.93597,0.57076,6.5326,0
3.2577,2.9278,0.99112,0.62965,6.566,0
3.2577,2.9907,0,0.67154,6.5958,1.526
3.2577,3.0579,0,0.70245,6.6191,1.8836
3.5584,3.1281,0.97615,0.7464,6.6779,0
3.657,3.2028,0.9588,0.76121,6.7139,0
3.7553,3.2789,0.9536,0.77333,6.7699,0
3.86,3.3562,0.89376,0.79099,6.8134,0
3.86,3.4353,0,0.78741,6.8598,1.5392
3.86,3.5141,0,0.7478,6.8984,1.6145
4.0923,3.5888,0.38478,0.72018,6.9578,0
4.0923,3.6609,0,0.66157,7.0045,0.97343
4.156,3.727,-0.066853,0.58243,7.0432,0.9414
4.1455,3.7853,-0.20944,0.47918,7.0868,1.352
4.116,3.8332,-0.28362,0.36998,7.1218,1.4619
4.0916,3.8702,-0.3063,0.28571,7.1416,1.388
4.0614,3.8987,-0.32234,0.20761,7.1528,1.3053
4.0281,3.9195,-0.33104,0.1375,7.1604,1.2136
4.0281,3.9333,0,0.082276,7.1706,0
3.975,3.9415,-0.3355,0.042167,7.1925,1.0711
3.9355,3.9457,-0.33457,-0.0026741,7.2032,1.0207
3.9117,3.9454,-0.33163,-0.0088606,7.2046,1.0536
3.8858,3.9446,-0.33165,-0.015447,7.1925,1.1007
3.8594,3.943,-0.33175,-0.022059,7.1801,1.1481
3.8315,3.9408,-0.32402,-0.028874,7.171,1.1657
3.8075,3.9379,-0.32681,-0.034522,7.1578,1.2165
3.777,3.9345,-0.32898,-0.041827,7.1383,1.2762
3.777,3.9303,0,-0.049378,7.1228,0.21201
3.701,3.9253,-0.3388,-0.059764,7.115,1.4443
3.6591,3.9194,-0.33648,-0.069574,7.0943,1.5029
3.6243,3.9124,-0.34113,-0.07747,7.061,1.5747
3.6243,3.9047,0,-0.08398,7.0325,0.40526
3.5472,3.8963,-0.5495,-0.094687,7.0038,2.7351
3.4935,3.8868,-0.72481,-0.1072,6.9723,3.9422
3.4175,3.8761,-0.91503,-8.8,6.9338,0
3.4175,2.9961,0,0.64143,6.9319,0.92202
3.4175,3.0602,0,0.30611,6.9709,0
3.1123,3.0908,-1.2481,0.039508,6.9696,7.8033
2.9871,3.0948,-1.2272,-0.02296,6.971,7.7078
2.9871,3.0925,0,-0.048903,6.9604,0.11333
2.9871,3.0876,0,-0.074053,6.9501,0.052024
2.9871,3.0802,0,-0.096743,6.9404,0
2.5342,3.0705,-0.84026,-0.11708,6.8365,5.36
2.4441,3.0588,-0.72956,-0.13525,6.7867,4.7125
2.3786,3.0453,-0.62651,-0.1483,6.7222,4.1129
2.3062,3.0304,-0.52296,-0.16318,6.6496,3.5839
2.3062,3.0141,0,-0.17546,6.578,1.1528
2.2111,2.9966,-0.36915,-8.8,6.4954,0
2.1805,2.1166,-0.3053,0.20694,6.4655,1.536
2.1454,2.1373,-0.26789,0.025996,6.4728,0.8212
2.1263,2.1399,-0.25506,-0.0022066,6.4659,0.7361
2.1263,2.1397,0,-0.0049662,6.4646,0.017035
2.0825,2.1392,-0.22693,-0.0092112,6.4529,0.73057
2.0688,2.1382,-0.15243,-0.0113,6.4484,0.51774
2.0449,2.1371,-0.01064,-0.015051,6.4326,0.18392
2.0449,2.1356,0,-0.015841,6.4235,0.15471
2.0449,2.134,0,-0.013233,6.4145,0.15722
2.0449,2.1327,0,-0.0059252,6.4056,0.17097
2.0449,2.1321,0,0.087134,6.3969,0.40311
2.0449,2.1408,0,0.23624,6.3877,0.8834
2.277,2.1644,0.4347,0.34889,6.424,0
2.3288,2.1993,0.23407,0.39116,6.4307,0.084711
2.3534,2.2384,0.040606,0.33723,6.4334,0.52436
2.3537,2.2722,-0.089744,0.2336,6.444,0.70972
2.3409,2.2955,-0.17854,0.12805,6.46,0.75651
2.3213,2.3083,-0.24495,0.036194,6.4722,0.76126
2.2941,2.312,-0.27939,-0.0031466,6.4666,0.83123
2.2699,2.3116,-0.2841,-0.0073465,6.4684,0.89971
2.2433,2.3109,-0.28585,-0.011888,6.4704,0.9621
2.2433,2.3097,0,-0.016505,6.4637,0.10209
2.1883,2.3081,-0.28445,-0.021225,6.4366,1.0699
2.1611,2.3059,-0.28723,-0.025785,6.4146,1.1351
2.1362,2.3034,-0.2998,-0.029782,6.4062,1.2339
2.1162,2.3004,-0.30113,-0.032999,6.3792,1.2765
2.1162,2.2971,0,-0.039676,6.3609,0.29335
2.0563,2.2931,-0.30151,-0.042852,6.3277,1.3942
2.0563,2.2888,0,-0.049291,6.3042,0.38336
1.9865,2.2839,-0.29978,-0.054162,6.2864,1.5223
1.9553,2.2785,-0.28103,-0.059134,6.259,1.5012
1.9553,2.2726,0,-0.064944,6.227,0.53393
1.8929,2.2661,-0.23914,-0.068954,6.1995,1.44
1.8745,2.2592,-0.22337,-0.071692,6.1554,1.401
1.8492,2.252,-0.22465,-8.8,6.1166,0
1.828,1.372,-0.23434,2.8987,6.1197,19.622
1.828,1.6619,0,0.66024,6.1508,1.7994
1.7813,1.7279,-0.23322,0.2321,6.161,1.352
1.7813,1.7511,0,0.06903,6.1652,0.090618
1.7813,1.758,0,-0.0029479,6.1679,0
1.7205,1.7577,-0.25042,-0.0052612,6.1766,0.77312
1.6934,1.7572,-0.30681,-0.0090103,6.1775,1.0422
1.653,1.7563,-0.40226,-0.014651,6.1598,1.5397
1.622,1.7548,-0.48979,-0.018836,6.1562,2.0403
1.5631,1.753,-0.60171,-0.027041,6.1351,2.8234
1.5631,1.7502,0,-0.03644,6.1163,0.31449
1.5631,1.7466,0,-0.045671,6.0978,0.28493
1.3393,1.742,-0.80248,-0.058535,6.0361,3.2521
1.2531,1.7362,-0.74,-0.070623,6.0017,3.2534
1.1814,1.7291,-0.64627,-0.081045,5.9421,3.1757
1.1266,1.721,-0.51903,-0.089064,5.8792,3.4869
1.08,1.7121,-0.39258,-8.8,5.819,0
1.0353,0.83211,-0.32928,-0.32928,5.7911,0
0.99949,0.79918,-0.30368,-0.30368,5.814,0
0.97777,0.76881,-0.26405,-0.26405,5.8344,0
0.94494,0.74241,-0.22804,-0.22804,5.8584,0
0.94494,0.71961,0,-0.19658,5.8798,0
0.90843,0.69995,-0.17448,-0.17448,5.9092,0
0.88577,0.6825,-0.15672,-0.15672,5.9239,0
0.86131,0.66683,-0.15093,-0.15093,5.9433,0
0.83873,0.65174,-0.1377,-0.1377,5.9707,0
0.82104,0.63797,-0.12427,-0.12427,5.9929,0
0.8028,0.62554,-0.17562,-0.17562,6.021,0
0.8028,0.60798,0,-0.34569,6.0396,0
0.8028,0.57341,0,-0.6273,6.0608,0
0.6695,0.51068,-0.92981,-0.92981,6.0669,0
0.56896,0.4177,-1.1953,-1.1953,6.0785,0
0.45725,0.29817,-1.3674,-1.3674,6.0891,0
0.31782,0.16143,-1.4082,-1.4082,6.1015,0
0.17533,0.020613,-1.3356,-1.3356,6.1183,0
0.044389,0,-1.2343,-1.2343,6.1277,0
-0.081539,0,-1.1298,-1.1298,6.1294,0.16716
-0.19087,0,-1.048,-1.048,6.1201,0.39128
-0.30408,0,-0.97256,-0.97256,6.1062,0.62337
-0.4044,0,-0.89799,-0.89799,6.0765,0.82901
-0.49669,0,-0.85822,-0.85822,6.0263,1.0182
-0.57959,0,-0.84961,-0.84961,5.9779,1.1882
-0.6565,0,-0.8056,-0.8056,5.9279,1.3458
-0.7398,0,-0.72172,-0.72172,5.8605,1.5166
-0.7398,0,0,-0.63108,5.7901,0.19055
-0.87556,0,-0.52861,-0.52861,5.7054,1.7949
-0.92128,0,-0.44055,-0.44055,5.6141,1.8886
-0.92128,0,0,-0.39106,5.5241,1.0669
-1.0114,0,-0.37602,-0.37602,5.4225,2.0733
-1.0525,0,-0.37167,-0.37167,5.326,2.1577
-1.099,0,-0.35805,-0.35805,5.2109,2.2529
-1.099,0,0,-0.33028,5.1028,1.5589
-1.1601,0,-0.30285,-8.8,4.9892,0
-1.1927,0,-0.2832,-8.8,4.9203,0
-1.2211,0,-0.23357,-8.8,4.834,0
-1.2506,0,-0.18861,-8.8,4.7595,0
-1.2506,0,0,-8.8,4.6785,0
-1.2731,0,-0.13764,-8.8,4.6021,0
-1.2964,0,-0.12287,-8.8,4.5205,0
-1.2964,0,0,-8.8,4.4348,0
-1.3191,0,-0.12571,-8.8,4.348,0
-1.3191,0,0,-8.8,4.2601,0
-1.3393,0,-0.1511,-8.8,4.1656,0
-1.3393,0,0,-8.8,4.0757,0
-1.3393,0,0,-8.8,3.9858,0
-1.3878,0,-0.17198,-8.8,3.8788,0
-1.3956,0,-0.16914,-8.8,3.7743,0
-1.403,0,-0.16863,-8.8,3.6807,0
-1.4168,0,-0.17102,-8.8,3.587,0
-1.4353,0,-0.18374,-8.8,3.4837,0
-1.4475,0,-0.18729,-8.8,3.392,0
-1.466,0,-0.19197,-8.8,3.2985,0
-1.4764,0,-0.19397,-8.8,3.1969,0
-1.4764,0,0,-8.8,3.0932,0
-1.5127,0,-0.1999,-8.8,2.9889,0
-1.5421,0,-0.19597,-8.8,2.8769,0
-1.5421,0,0,-8.8,2.7667,0
-1.5888,0,-0.17208,-8.8,2.6498,0
-1.5977,0,-0.18339,-8.8,2.5267,0
-1.6185,0,-0.17868,-8.8,2.4165,0
-1.6185,0,0,-8.8,2.2987,0
-1.6506,0,-0.154,-8.8,2.1867,0
-1.6506,0,0,-8.8,2.0656,0
-1.673,0,-0.074375,-8.8,1.9478,0
-1.6829,0,-0.028502,-8.8,1.8145,0
-1.6829,0,0,-8.8,1.6903,0
-1.6747,0,0.036407,-8.8,1.5749,0
-1.6747,0,0,-8.8,1.4514,0
-1.6661,0,0.011462,-8.8,1.3319,0
-1.6677,0,0.028974,-8.8,1.2186,0
-1.6648,0,0.071,-8.8,1.1023,0
-1.6591,0,0.18074,-8.8,0.9842,0
-1.6493,0,0.35585,-8.8,0.85526,0
-1.6145,0,0.59362,-8.8,0.73654,0
-1.6145,0,0,-8.8,0.61909,0
-1.4602,0,1.0635,-8.8,0.50535,0
-1.3462,0,1.2333,-8.8,0.41096,0
-1.2329,0,1.3418,-8.8,0.32494,0
-1.096,0,1.3771,-8.8,0.24674,0
-0.95421,0,1.3838,-8.8,0.18634,0
-0.81231,0,1.3509,-8.8,0.14173,0
-0.81231,0,0,-8.8,0.1045,0
-0.54054,0,1.2936,-8.8,0.10475,0
-0.40767,0,1.2733,-8.8,0.095345,0
-0.40767,0,0,-8.8,0.098578,0
-0.15516,0,1.2461,-8.8,0.11705,0
-0.029532,0,1.24,-8.8,0.15139,0
0.10217,0,1.2426,-8.8,0.2083,0
0.21741,0,1.2592,-8.8,0.26484,0
0.34824,0,1.2746,-8.8,0.33708,0
0.47893,0,1.2888,-8.8,0.42485,0
0.61142,0,1.2804,-8.8,0.52636,0
0.74224,0,1.2677,-8.8,0.63005,0
0.87476,0,1.2368,-8.8,0.75065,0
0.9989,0,1.1928,-8.8,0.87843,0
1.1228,0,1.1593,-8.8,1.0259,0
1.239,0,1.1466,-8.8,1.1885,0
1.3544,0,1.1522,-8.8,1.3702,0
1.479,0,1.1474,-8.8,1.5649,0
1.5982,0,1.1501,-8.8,1.7608,0
1.7199,0,1.2118,-8.8,1.9662,0
1.7199,0,0,-8.8,2.1821,0
1.9645,0,1.4204,-8.8,2.4344,0
1.9645,0,0,-8.8,2.6748,0
1.9645,0,0,-8.8,2.9153,0
2.4094,0,1.743,-8.8,3.2131,0
2.5925,0,1.8053,-8.8,3.514,0
2.7744,0,1.8529,-8.8,3.8324,0
2.9651,0,1.9227,-8.8,4.1566,0
3.1578,0,1.9828,-8.8,4.5011,1.9945
3.3627,0,1.9881,-8.8,4.8797,4.1293
3.5714,0,1.9889,1.9889,5.2669,0
3.7659,0.19889,2.0116,2.0116,5.6265,0
3.9678,0.40005,1.9787,1.9787,5.9863,0
4.1721,0.59792,1.8874,1.8874,6.3443,0
4.3625,0.78666,1.687,1.687,6.699,0
4.5226,0.95537,1.3281,4.9,7.0467,4.6667
4.5226,1.4454,0,4.9,7.3789,20.919
4.7222,1.9354,0.33533,4.9,7.6899,18.22
4.7647,2.4254,-0.083085,4.9,7.9519,26.551
4.7529,2.9154,-0.31132,4.2832,8.1541,26.584
4.7245,3.3437,-0.27922,2.6075,8.3243,12.289
4.6968,3.6044,-0.082513,1.8431,8.4449,5.6737
4.6968,3.7887,0,1.4001,8.5449,2.9993
4.6642,3.9288,-0.12582,1.0969,8.642,2.7173
4.6418,4.0384,-0.2383,0.8654,8.7085,2.6079
4.6149,4.125,-0.48188,0.68214,8.7648,3.5672
4.5595,4.1932,-0.61693,0.49843,8.8093,3.882
4.4959,4.243,-0.5589,0.33827,8.8349,2.9495
4.4959,4.2769,0,0.21623,8.8585,0.034719
4.3845,4.2985,-0.35109,0.11282,8.857,1.2671
4.344,4.3098,-0.25095,0.044835,8.8718,0.75463
4.344,4.3143,0,0.00043915,8.875,0
4.344,4.3143,0,-0.0073833,8.878,0
4.2352,4.3136,-0.38216,-0.016113,8.8529,1.3669
4.2352,4.3119,0,-0.022594,8.8451,0.11034
4.1693,4.3097,-0.44865,-0.028993,8.8251,1.8119
4.1309,4.3068,-0.43337,-0.03648,8.8002,1.8197
4.1309,4.3031,0,-0.044548,8.7828,0.26338
4.1309,4.2987,0,-0.051872,8.7658,0.23722
4.0207,4.2935,-0.11103,-0.057296,8.7157,0.76025
4.0022,4.2878,0.089901,-0.060259,8.6825,0.2701
4.01,4.2817,0.32125,-0.057523,8.6589,0
4.0328,4.276,0.55072,-0.051624,8.6367,0
4.0328,4.2708,0,-0.040761,8.6126,0.41641
4.0328,4.2668,0,-0.024663,8.589,0.44759
4.0328,4.2643,0,-0.0041436,8.5657,0.495
4.3378,4.2639,0.75082,0.095469,8.5719,0
4.4048,4.2734,0.039296,0.16927,8.5809,0.014296
4.4165,4.2903,-0.87012,0.16158,8.5924,4.613
4.4165,4.3065,0,0.023408,8.6042,0
4.1322,4.3088,-3.1323,-0.038096,8.5972,9.5401
3.8135,4.305,-3.8843,-0.10672,8.5575,11.116
3.4187,4.2944,-3.9336,-0.19215,8.4886,11.625
3.0241,4.2751,-3.6024,-0.2786,8.3881,11.443
2.6597,4.2473,-2.8607,-0.36075,8.2509,10.495
2.3798,4.2112,-1.9454,-0.42605,8.0889,9.2167
2.1896,4.1686,-1.2185,-0.47438,7.8907,8.2478
2.066,4.1212,-0.72317,-0.50876,7.6805,8.4525
2.066,4.0703,0,-0.53186,7.4775,3.4486
1.9351,4.0171,-0.56347,-0.54871,7.2716,6.9587
1.8885,3.9622,-0.60643,-0.56445,7.0669,7.1519
1.8885,3.9058,0,-8.8,6.8624,0
1.7813,3.0258,-0.021702,-0.2775,6.6846,2.3052
1.7783,2.998,0.42475,-0.27783,6.5593,1.0498
1.7783,2.9703,0,-8.8,6.4387,0
1.7783,2.0903,0,-0.027017,6.3635,0.62119
1.7783,2.0876,0,-0.0022809,6.3324,0.68309
2.2383,2.0873,1.7292,0.4938,6.3758,0.22975
2.4118,2.1367,1.6943,0.86809,6.3972,0
2.4118,2.2235,0,1.0503,6.4204,3.7447
2.4118,2.3286,0,1.1424,6.4339,4.7093
2.8956,2.4428,1.3178,1.1599,6.505,0
3.034,2.5588,1.1133,1.132,6.5413,0
3.034,2.672,0,1.0696,6.5831,3.1943
3.2322,2.7789,0.71252,0.95471,6.6508,0
3.2322,2.8744,0,0.8772,6.6914,2.1922
3.3573,2.9621,0.36749,0.75663,6.735,0.089795
3.3573,3.0378,0,0.65484,6.7707,1.2881
3.3573,3.1033,0,0.58511,6.7994,1.1967
3.4794,3.1618,0.50336,0.55361,6.8503,0
3.53,3.2171,0.52777,0.53169,6.8771,0
3.53,3.2703,0,0.5271,6.9057,0.94729
3.6387,3.323,0.43332,0.51323,6.9536,0
3.6726,3.3743,0.28833,0.47429,6.9822,0
3.6998,3.4218,0.13698,0.43397,7.0177,0.11445
3.6998,3.4652,0,0.36841,7.0434,0.44721
3.7208,3.502,-0.0035672,0.33044,7.0645,0.37764
3.7208,3.5351,0,0.28794,7.0848,0.31843
3.7208,3.5639,0,0.23077,7.1019,0.22121
3.7052,3.5869,-0.097869,0.17308,7.1339,0.44056
3.6894,3.6042,-0.095617,0.12398,7.1498,0.36644
3.6816,3.6166,-0.094961,0.094051,7.1547,0.32645
3.6786,3.626,-0.07049,0.07578,7.1518,0.2362
3.6654,3.6336,0.0046473,0.045646,7.1508,0.022594
3.6654,3.6382,0,0.033098,7.1537,0.01471
3.6688,3.6415,0.17241,0.039107,7.1557,0
3.6897,3.6454,0.32676,0.063281,7.156,0
3.7281,3.6517,0.44465,0.10889,7.1644,0
3.7281,3.6626,0,0.168,7.1715,0.26412
3.7281,3.6794,0,0.22601,7.1772,0.47392
3.8934,3.702,0.54091,0.26805,7.2043,0
3.9386,3.7288,0.49884,0.29069,7.2148,0
3.9829,3.7579,0.4772,0.30842,7.2316,0
4.0231,3.7887,0.42314,0.3176,7.2504,0
4.0667,3.8205,0.34642,0.3298,7.2692,0
4.1104,3.8535,0.27149,0.34067,7.3021,0
4.1418,3.8875,0.20522,0.33337,7.3292,0
4.1717,3.9209,0.12404,0.32475,7.3444,0
4.1774,3.9534,0.04881,0.28697,7.3679,0.081057
4.1726,3.9821,0.019554,0.24185,7.3938,0.1172
4.1687,4.0062,0.011556,0.20441,7.4034,0.10371
4.1754,4.0267,0.0050584,0.18595,7.4225,0.10402
4.1754,4.0453,0,0.15549,7.4365,0.080815
4.1643,4.0608,-0.02201,0.12814,7.458,0.12799
4.1652,4.0736,-0.078875,0.11291,7.4731,0.26979
4.1502,4.0849,-0.15147,0.080174,7.4791,0.45504
4.1303,4.0929,-0.18975,0.04579,7.4861,0.54041
4.1116,4.0975,-0.20525,0.017211,7.498,0.55956
4.091,4.0992,-0.23222,-0.0021072,7.5067,0.64394
4.0642,4.099,-0.25056,-0.0089,7.5024,0.75451
4.0642,4.0981,0,-0.014567,7.499,0.038895
4.013,4.0967,-0.32165,-0.021396,7.502,1.1105
4.013,4.0945,0,-0.027968,7.4937,0.10873
3.9389,4.0918,-0.38388,-0.039324,7.4673,1.5059
3.9003,4.0878,-0.39026,-0.04836,7.4522,1.6036
3.9003,4.083,0,-0.059874,7.4336,0.2508
3.8157,4.077,-0.37312,-0.06792,7.4033,1.6726
3.7837,4.0702,-0.36786,-0.074881,7.3723,1.6981
3.7397,4.0627,-0.35892,-0.084976,7.3336,1.7283
3.6971,4.0542,-0.35104,-0.094259,7.3083,1.7594
3.6971,4.0448,0,-0.098896,7.2731,0.51726
3.6448,4.0349,-0.33791,-0.10408,7.2385,1.7618
3.6012,4.0245,-0.34802,-0.11355,7.203,1.8695
3.5574,4.0131,-0.3646,-0.1229,7.1666,2.0066
3.5574,4.0009,0,-0.12849,7.1216,0.65816
3.5015,3.988,-0.37037,-0.13299,7.0784,2.0867
3.4709,3.9747,-0.43674,-0.13882,7.0292,2.4422
3.4709,3.9608,0,-8.8,6.9795,0
3.3731,3.0808,-0.62057,0.53981,6.9626,4.4985
3.3134,3.1348,-0.71847,0.32156,6.9906,4.2773
3.3134,3.167,0,0.14067,7.0068,0.0072645
3.3134,3.181,0,-0.0072984,7.0208,0
3.3134,3.1803,0,-0.031322,7.0341,0
3.3134,3.1772,0,-0.057374,7.0475,0
3.3134,3.1714,0,-0.088112,7.0614,0
2.5941,3.1626,-1.7626,-0.12606,6.9041,6.4444
2.4135,3.15,-1.8152,-0.16515,6.8398,6.6807
2.2259,3.1335,-1.807,-0.20629,6.7604,6.8175
2.0408,3.1129,-1.8045,-0.24836,6.6541,6.9449
2.0408,3.088,0,-8.8,6.5481,0
2.0408,2.208,0,-0.089363,6.4874,0.15526
1.4913,2.1991,-1.9088,-0.12076,6.38,6.0326
1.2984,2.187,-1.9548,-0.15374,6.3036,6.3566
1.108,2.1716,-1.9689,-0.18754,6.203,6.6071
0.91014,2.1529,-1.995,-0.22381,6.0889,6.8808
