5.2778,5.2778,-0.5355,0,35.5,1.9178
5.2188,5.2778,-0.40109,7.8,35.496,83.268
5.1727,6.0578,-0.42162,7.8,35.451,89.733
5.1727,6.8378,0,6.7,35.323,72.417
5.0977,7.5078,-0.43708,6.7,35.107,87.085
5.0591,8.1778,-0.41626,6.7,34.825,91.765
5.0118,8.8478,-0.41573,6.7,34.477,96.989
4.9789,9.5178,-0.42232,6.7,34.051,102.29
4.9789,10.188,0,-0.30339,33.564,18.6
4.8965,10.157,-0.38639,-0.31067,33.04,23.389
4.8574,10.126,-0.38982,-0.31856,32.507,23.403
4.8088,10.095,-0.39553,-0.32731,31.973,23.489
4.7739,10.062,-0.39313,-0.33526,31.452,23.393
4.7426,10.028,-0.34734,-0.34349,30.917,22.713
4.7102,9.9939,-0.22009,-0.35204,30.385,21.058
4.6831,9.9587,-0.15135,-0.36055,29.852,20.134
4.6738,9.9227,-0.038671,-0.36786,29.33,18.673
4.6643,9.8859,0.089883,-0.37541,28.81,17.131
4.6635,9.8483,0.17751,-0.38271,28.283,16.034
4.6635,9.8101,0,-0.38945,27.766,17.554
4.6904,9.7711,0.24218,-0.39532,27.254,14.84
4.6904,9.7316,0,-0.40072,26.748,16.928
4.7529,9.6915,0.27554,-0.40526,26.248,13.813
4.7854,9.651,0.26725,-0.41005,25.757,13.515
4.8048,9.61,0.30046,-0.41596,25.271,12.922
4.8265,9.5684,0.4099,-0.42176,24.789,11.738
4.8581,9.5262,0.61657,-0.42647,24.319,9.9455
4.9125,9.4836,0.85739,-0.42888,23.859,8.1397
5.0066,9.4407,1.1281,-0.42694,23.418,6.4208
5.0066,9.398,0,-0.42294,22.977,13.573
5.2619,9.3557,1.5071,-0.41546,22.55,4.3612
5.4127,9.3141,1.4804,-0.40569,22.155,4.0352
5.5657,9.2736,1.3823,-0.39503,21.77,3.8681
5.5657,9.2341,0,-0.38527,21.401,10.539
5.8248,9.1955,1.0817,-0.37559,21.069,3.9087
5.8248,9.158,0,-0.36817,20.734,9.2064
6.0151,9.1212,0.81501,-0.36115,20.423,4.1058
6.0151,9.085,0,-0.3547,20.114,8.1971
6.1712,9.0496,0.52834,-0.34843,19.828,4.5924
6.1712,9.0147,0,-0.3455,19.542,7.3422
6.2475,8.9802,0.16342,-0.34422,19.259,5.9231
6.2685,8.9458,0.0025848,-0.34392,18.983,6.686
6.2685,8.9114,0,-0.34476,18.717,6.5657
6.2685,8.8769,0,-0.34891,18.455,6.4107
6.2474,8.842,-0.30873,-0.35282,18.2,8.5177
6.2132,8.8067,-0.36587,-0.35926,17.95,8.9324
6.1729,8.7708,-0.45334,-0.36719,17.685,9.6439
6.1729,8.7341,0,-0.3771,17.427,6.0757
6.0621,8.6964,-0.52402,-0.3875,17.166,10.302
6.0069,8.6576,-0.50939,-0.39811,16.902,10.164
5.9598,8.6178,-0.47173,-0.40759,16.64,9.7858
5.912,8.577,-0.41792,-0.41712,16.383,9.2789
5.8735,8.5353,-0.40051,-0.42574,16.118,9.0552
5.8299,8.4928,-0.36728,-0.4352,15.857,8.7187
5.7975,8.4492,-0.35849,-0.44282,15.599,8.5454
5.7975,8.405,0,-0.45278,15.336,5.8341
5.7155,8.3597,-0.36055,-0.46226,15.066,8.3949
5.6788,8.3134,-0.32248,-0.47187,14.793,7.9919
5.643,8.2663,-0.32165,-0.48137,14.523,7.8737
5.6174,8.2181,-0.3407,-0.48874,14.26,7.8739
5.5787,8.1693,-0.35811,-0.49878,13.997,7.8964
5.5392,8.1194,-0.33601,-0.5094,13.731,7.615
5.4997,8.0684,-0.36314,-0.51921,13.481,7.7055
5.4997,8.0165,0,-0.52823,13.226,5.1227
5.4235,7.9637,-0.38366,-0.53936,12.973,7.6065
5.385,7.9098,-0.37453,-0.54983,12.719,7.4043
5.385,7.8548,0,-0.55863,12.469,4.8141
5.385,7.7989,0,-0.56911,12.225,4.5785
5.2832,7.742,-0.34601,-0.57805,11.973,6.7472
5.243,7.6842,-0.32995,-0.58951,11.723,6.4956
5.2108,7.6252,-0.32455,-0.59913,11.473,6.2952
5.2108,7.5653,0,-0.60892,11.234,4.2053
5.15,7.5044,-0.3441,-0.61692,10.985,6.0833
5.15,7.4427,0,-0.62805,10.753,3.9291
5.15,7.3799,0,-0.63753,10.527,3.6978
5.0358,7.3162,-0.3682,-0.64789,10.287,5.7705
4.9897,7.2514,-0.35954,-0.65981,10.064,5.5758
4.9897,7.1854,0,-0.67096,9.8415,3.463
4.9897,7.1183,0,-0.67881,9.6253,3.2398
4.8789,7.0504,-0.36396,-0.68879,9.3926,5.1037
4.8466,6.9816,-0.36891,-0.69656,9.1742,4.9566
4.8466,6.9119,0,-0.7086,8.9642,2.9566
4.7673,6.841,-0.36827,-0.71785,8.7339,4.6193
4.7379,6.7693,-0.36522,-0.72354,8.525,4.4233
4.6925,6.6969,-0.35051,-5.2,8.3205,14.569
4.6925,6.1769,0,-0.53122,8.1461,2.0169
4.6925,6.1238,0,-5.2,8.0003,17.553
4.5889,5.6038,-0.34367,-0.33631,7.8703,2.7471
4.5889,5.5701,0,-8.8,7.7705,7.4551
4.527,4.6901,-0.33667,-0.046184,7.7057,1.3073
4.4866,4.6855,-0.35822,-0.056505,7.6852,1.4636
4.447,4.6799,-0.35453,-0.066425,7.6608,1.5101
4.4172,4.6732,-0.34107,-0.07339,7.6299,1.4939
4.3771,4.6659,-0.33832,-0.082965,7.6124,1.5422
4.3504,4.6576,-0.3497,-0.088647,7.5827,1.6236
4.3161,4.6487,-0.33602,-0.096453,7.5507,1.6096
4.2866,4.6391,-0.33177,-0.10297,7.5065,1.6247
4.2556,4.6288,-0.34086,-0.1095,7.4763,1.7001
4.2228,4.6178,-0.36162,-0.1164,7.445,1.8301
4.1792,4.6062,-0.37078,-0.12637,7.4129,1.9287
4.1517,4.5936,-0.35236,-0.13138,7.3789,1.8703
4.121,4.5804,-0.3623,-0.1378,7.3267,1.9425
4.077,4.5667,-0.37751,-8.8,7.2712,0
4.0466,3.6867,-0.37564,0.51133,7.2618,2.3894
4.0096,3.7378,-0.35132,0.37841,7.2842,1.8798
3.9788,3.7756,-0.35427,0.27892,7.3056,1.6474
3.9519,3.8035,-0.32904,0.20157,7.3219,1.3544
3.914,3.8237,-0.30392,0.12175,7.3332,1.089
3.914,3.8358,0,0.076524,7.3416,0.0043375
3.914,3.8435,0,0.02846,7.349,0
3.8323,3.8463,-0.31716,-0.0034814,7.3384,0.9608
3.8038,3.846,-0.34415,-0.010461,7.3392,1.1222
3.7647,3.845,-0.33764,-0.01989,7.3365,1.1706
3.7375,3.843,-0.30319,-0.026199,7.3203,1.0826
3.7375,3.8403,0,-0.032535,7.3099,0.14319
3.682,3.8371,-0.30345,-0.038704,7.2932,1.1789
3.6563,3.8332,-0.26173,-0.044367,7.2687,1.06
3.6346,3.8288,-0.21723,-0.048901,7.2439,0.93075
3.6078,3.8239,-0.12024,-0.054559,7.2256,0.6553
3.5879,3.8184,0.09647,-0.058296,7.2136,0.15187
3.6036,3.8126,0.40706,-0.05294,7.198,0
3.652,3.8073,0.71036,-0.039396,7.1855,0
3.7256,3.8034,1.0023,-0.019757,7.173,0.095278
3.8197,3.8014,1.1941,0.02441,7.1723,0.41507
3.9425,3.8038,1.2734,0.18492,7.1731,0.15055
3.9425,3.8223,0,0.31881,7.1861,0.58516
4.1915,3.8542,1.137,0.44355,7.2369,0
4.3026,3.8986,0.95491,0.52314,7.2668,0
4.4059,3.9509,0.73408,0.57891,7.3052,0
4.4813,4.0088,0.49417,0.58963,7.3456,0
4.5224,4.0677,0.25275,0.55643,7.3861,0
4.5443,4.1234,0.045739,0.50667,7.4373,0.25921
4.5536,4.174,-0.1713,0.44977,7.477,0.99264
4.5536,4.219,0,0.38119,7.5127,0.22947
4.4999,4.2571,-0.7563,0.28051,7.5415,4.0183
4.4233,4.2852,-1.0978,0.15831,7.5657,6.6081
4.4233,4.301,0,0.013245,7.5787,0
4.163,4.3023,-1.8052,-0.036923,7.5796,16.018
3.9839,4.2987,-2.0322,-0.083875,7.5506,8.0375
3.9839,4.2903,0,-0.13484,7.5195,0.34526
3.5799,4.2768,-2.1629,-0.18882,7.4497,8.4306
3.5799,4.2579,0,-0.24684,7.3809,0.88857
3.5799,4.2332,0,-0.30205,7.3144,0.70526
2.9431,4.203,-2.0593,-0.35883,7.1462,8.5195
2.746,4.1671,-1.9992,-8.8,7.0068,0
2.553,3.2871,-1.9642,-0.16972,6.9044,7.0512
2.3637,3.2702,-1.8794,-0.21214,6.83,7.0605
2.1673,3.2489,-1.7317,-0.25762,6.7291,6.9564
1.993,3.2232,-1.4273,-0.29849,6.619,6.5676
1.8471,3.1933,-1.1311,-8.8,6.4947,0
1.7338,2.3133,-0.81271,-0.10389,6.4005,5.4197
1.6575,2.3029,-0.51531,-0.11722,6.3309,3.498
1.6132,2.2912,-0.24532,-0.12447,6.2691,2.1559
1.5789,2.2788,-0.13981,-0.12984,6.207,1.76
1.5735,2.2658,-0.070842,-8.8,6.1311,0
1.5689,1.3858,-0.049088,1.1427,6.1072,4.649
1.5543,1.5001,-0.031157,0.29678,6.1154,0.79548
1.5418,1.5297,0.045296,0.063809,6.1124,0.01459
1.5513,1.5361,0.28638,0.079582,6.1105,0
1.5513,1.5441,0,0.15696,6.1116,0.37251
1.6401,1.5598,1.0265,0.41201,6.1145,0
1.6401,1.601,0,0.72386,6.1205,2.5292
1.6401,1.6734,0,0.95175,6.1208,4.0266
2.0516,1.7685,1.6811,1.1838,6.1559,0
2.2215,1.8869,1.5784,1.263,6.196,0
2.2215,2.0132,0,1.2369,6.2232,4.7895
2.513,2.1369,1.1841,1.1668,6.2774,0
2.513,2.2536,0,1.0859,6.3091,3.6771
2.7422,2.3622,0.96407,1.0084,6.3559,0
2.8407,2.463,0.90813,0.93848,6.3855,0
2.9267,2.5569,0.88565,0.86858,6.4295,0
3.0182,2.6437,0.95817,0.83711,6.4753,0
3.1166,2.7274,1.1004,0.8292,6.5056,0
3.2301,2.8103,1.2388,0.85594,6.5499,0
3.3567,2.8959,1.3885,0.89785,6.5849,0
3.3567,2.9857,0,0.95932,6.6265,2.5654
3.3567,3.0817,0,1.0056,6.6588,3.164
3.81,3.1822,1.5959,1.0677,6.7441,0
3.9644,3.289,1.6805,1.0959,6.806,0
4.1352,3.3986,1.7421,1.1406,6.8672,0
4.3092,3.5126,1.7095,1.1794,6.9471,0
4.4864,3.6306,1.5812,1.213,7.0379,0
4.6364,3.7519,1.3035,1.2,7.1261,0
4.7723,3.8719,0.9,1.1731,7.2232,0
4.8558,3.9892,0.49351,1.0853,7.3081,0
4.9006,4.0977,0.21941,0.97111,7.3909,0.21536
4.9276,4.1948,0.085614,0.8612,7.4771,0.52028
4.9376,4.281,0.041297,0.75153,7.5396,0.49485
4.9376,4.3561,0,0.65127,7.6015,0.49212
4.9376,4.4212,0,0.57551,7.6564,0.39753
4.9486,4.4788,0.088372,0.50732,7.6872,0.0015997
4.9541,4.5295,-0.008032,0.45196,7.7269,0.24949
4.9439,4.5747,-0.058392,0.38815,7.7637,0.35439
4.9439,4.6135,0,0.3474,7.7987,0.13684
4.9409,4.6483,-0.1449,0.30228,7.8419,0.57089
4.9165,4.6785,-0.14868,0.24407,7.8737,0.52967
4.8985,4.7029,-0.12968,0.19925,7.891,0.42744
4.8985,4.7228,0,0.15682,7.9096,0
4.8605,4.7385,-0.17062,0.12312,7.9239,0.5075
4.8531,4.7508,-0.15677,0.10289,7.9329,0.4485
4.8531,4.7611,0,0.083712,7.9426,0
4.8278,4.7695,-0.14577,0.058422,7.95,0.38866
4.8104,4.7753,-0.15541,0.03507,7.9481,0.40568
4.8104,4.7788,0,0.0060635,7.9514,0
4.7656,4.7794,-0.20018,-0.0038082,7.9526,0.5485
4.7483,4.7791,-0.20196,-0.0084662,7.9445,0.58288
4.7203,4.7782,-0.19863,-0.015947,7.9316,0.61809
4.6918,4.7766,-0.16036,-0.023375,7.9265,0.54367
4.6855,4.7743,-0.062544,-0.02454,7.9124,0.27871
4.6834,4.7718,-0.00025459,-0.024456,7.9037,0.13128
4.6914,4.7694,0.048981,-0.021585,7.8962,0.014157
4.6877,4.7672,0.097182,-0.022043,7.8924,0
4.7,4.765,0.14728,-0.018005,7.8899,0
4.7,4.7632,0,-0.013988,7.8835,0.10088
4.7,4.7618,0,-0.0062034,7.8773,0.11509
4.756,4.7612,0.22014,-0.0014378,7.8728,0
4.7687,4.7611,0.22738,0.0075659,7.8737,0
4.7868,4.7618,0.20586,0.024903,7.8671,0
4.7985,4.7643,0.15187,0.033947,7.8661,0
4.8158,4.7677,0.06895,0.047786,7.8779,0
4.8158,4.7725,0,0.043246,7.8824,0.0033608
4.8181,4.7768,-0.11593,0.040978,7.884,0.29278
4.806,4.7809,-0.20912,0.02491,7.8905,0.56817
4.7936,4.7834,-0.29932,0.010137,7.8833,0.87457
4.7596,4.7844,-0.34523,-0.0069229,7.8765,1.0894
4.7348,4.7837,-0.37381,-0.01365,7.8768,1.2521
4.6969,4.7824,-0.36423,-0.023902,7.8641,1.2799
4.652,4.78,-0.31784,-0.035847,7.8514,1.1683
4.6103,4.7764,-0.27439,-0.046676,7.834,1.0686
4.5736,4.7717,-0.24436,-0.055923,7.8064,1.0134
4.557,4.7661,-0.24552,-0.059234,7.7846,1.0362
4.5295,4.7602,-0.27055,-0.065565,7.7636,1.1668
4.4967,4.7536,-0.29322,-0.073289,7.7385,1.3007
4.4667,4.7463,-0.3038,-0.079943,7.7192,1.3833
4.4667,4.7383,0,-0.088114,7.6916,0.37648
4.3895,4.7295,-0.32542,-0.097818,7.673,1.5811
4.3567,4.7197,-0.32426,-0.10514,7.6316,1.6158
4.3243,4.7092,-0.31703,-0.11219,7.591,1.6223
4.2976,4.698,-0.2809,-0.11729,7.556,1.4989
4.2744,4.6863,-0.203,-0.12144,7.5148,1.2202
4.2626,4.6741,-0.056852,-0.12185,7.482,0.753
4.2609,4.6619,0.22923,-0.11925,7.4503,0.14565
4.2847,4.65,0.57181,-0.10923,7.4128,0
4.3424,4.6391,0.92976,-0.089015,7.3865,0.11679
4.3424,4.6302,0,-0.060933,7.3572,0.47756
4.5451,4.6241,1.5342,-0.023836,7.346,1.5089
4.5451,4.6217,0,0.085287,7.3382,0.37321
4.5451,4.6302,0,0.24358,7.3301,0.87943
5.038,4.6546,1.4966,0.37522,7.3992,0.20297
5.1827,4.6921,1.2839,0.47617,7.4419,0
5.1827,4.7397,0,0.55829,7.4886,0.54003
5.4328,4.7956,0.74628,0.60498,7.5621,0
5.5165,4.8561,0.50451,0.61796,7.617,0
5.5165,4.9179,0,0.60701,7.6799,0.28249
5.5165,4.9786,0,0.57905,7.7367,0.35057
5.6213,5.0365,-0.01929,0.5255,7.793,0.10758
5.6213,5.089,0,0.46657,7.8489,0
5.5967,5.1357,-0.27219,0.4056,7.8947,0.99921
5.5967,5.1762,0,0.33779,7.9387,0
5.5368,5.21,-0.38665,0.28325,7.977,1.42
5.5368,5.2383,0,0.22951,8.0082,0
5.4664,5.2613,-0.45818,0.17594,8.0288,1.676
5.4664,5.2789,0,0.11345,8.0485,0
5.3598,5.2902,-0.49132,0.059337,8.0599,1.7422
5.3598,5.2962,0,0.016394,8.0665,0
5.2717,5.2978,-0.47244,-0.007816,8.06,1.6516
5.2209,5.297,-0.4143,-0.022848,8.053,1.4736
5.1741,5.2947,-0.38409,-0.036219,8.0502,1.4209
5.1373,5.2911,-0.36146,-0.046333,8.0312,1.3827
5.1039,5.2865,-0.35783,-0.055204,8.007,1.4177
5.0671,5.281,-0.35289,-0.064821,7.9911,1.452
5.0671,5.2745,0,-0.072446,7.9701,0.27499
4.9965,5.2672,-0.28948,-0.082736,7.9381,1.2899
4.9732,5.259,-0.17264,-0.087541,7.9178,0.89381
4.9558,5.2502,0.011793,-0.090559,7.8892,0.39265
4.9633,5.2411,0.22458,-0.085976,7.853,0
4.9889,5.2325,0.42636,-0.075814,7.8168,0
5.0401,5.225,0.56365,-0.057657,7.7977,0
5.1059,5.2192,0.56967,-0.035438,7.7781,0
5.1533,5.2157,0.48494,-0.01954,7.7656,0
5.2092,5.2137,0.34055,-0.0014199,7.7574,0
5.2433,5.2136,0.16565,0.025156,7.7586,0
5.2532,5.2161,0.025892,0.031367,7.7623,0
5.258,5.2192,-0.075726,0.032752,7.7613,0.16872
5.258,5.2225,0,0.025414,7.765,0
5.2349,5.225,-0.21873,0.0082854,7.7571,0.58576
5.2101,5.2259,-0.23994,-0.0049572,7.7482,0.6803
5.1823,5.2254,-0.28518,-0.013609,7.7371,0.88479
5.1823,5.224,0,-0.020389,7.7329,0.042642
5.1373,5.222,-0.3059,-0.026766,7.7298,1.0314
5.1141,5.2193,-0.31251,-0.033315,7.7217,1.0913
5.0824,5.216,-0.3206,-0.042338,7.7137,1.1706
5.0597,5.2117,-0.27902,-0.048362,7.6928,1.0402
5.0233,5.2069,-0.21571,-0.058565,7.6747,0.86431
4.9989,5.201,-0.16634,-0.064595,7.6607,0.73122
4.9826,5.1946,-0.10364,-0.067949,7.6411,0.55872
4.9654,5.1878,-0.013765,-0.07164,7.6108,0.34059
4.9654,5.1806,0,-8.8,7.589,12.201
4.9712,4.3006,0.17026,0.769,7.6216,0.048995
4.9712,4.3775,0,0.69444,7.6848,0.62223
5.0192,4.447,0.31368,0.62984,7.75,0
5.0192,4.5099,0,0.58619,7.8041,0.45589
5.0192,4.5686,0,0.54488,7.8521,0.47006
5.0192,4.623,0,0.50723,7.8944,0.48651
5.1153,4.6738,0.027183,0.458,7.9604,0.11086
5.1253,4.7196,-0.10239,0.41587,7.9991,0.50835
5.121,4.7612,-0.19882,0.36469,8.0296,0.82285
5.121,4.7976,0,0.29495,8.0637,0.002963
5.0518,4.8271,-0.87597,0.22359,8.0721,4.6587
5.0518,4.8495,0,0.10923,8.0935,0
4.7996,4.8604,-2.4176,-0.01649,8.0927,9.1786
4.7996,4.8587,0,-0.08033,8.0867,0
4.7996,4.8507,0,-0.16827,8.0812,0
4.7996,4.8339,0,-0.28702,8.077,0
3.3041,4.8052,-5.5955,-0.42708,7.8056,15.48
2.7459,4.7625,-5.8422,-0.59068,7.6245,16.395
2.1698,4.7034,-5.9608,-0.76825,7.4056,17.048
1.5698,4.6266,-5.4109,-8.8,7.1252,0
1.0382,3.7466,-3.6494,-8.8,6.8364,0
0.68031,2.8666,-1.8935,-0.47095,6.5887,8.2584
0.48393,2.8195,-0.75058,-8.8,6.3641,0
0.40302,1.9395,0.21551,-0.24198,6.1683,2.3763
0.41632,1.9153,0.82424,-0.24273,6.0156,1.0598
0.49074,1.891,0.3863,-8.8,5.8741,0
0.52931,1.011,-0.13327,-0.041838,5.776,1.443
0.50949,1.0068,-0.13928,-0.04372,5.7185,1.503
0.48906,1.0025,0.031319,-0.045627,5.6645,0.96307
0.48849,0.9979,0.046353,-0.045634,5.6204,0.9097
0.48849,0.99334,0,-0.045399,5.5697,1.037
0.50522,0.9888,0.11454,-0.044061,5.5297,0.67228
0.5218,0.98439,0.17617,-8.8,5.4749,0
0.54313,0.10439,0.25293,0.25293,5.4731,0
0.57299,0.12968,0.53197,0.53197,5.5265,0
0.61653,0.18288,1.0321,1.0321,5.579,0
0.71193,0.28609,1.6996,1.6996,5.6124,0
0.8789,0.45604,2.353,2.353,5.6483,0
0.8789,0.69135,0,2.8702,5.6788,17.896
1.3979,0.97836,3.0828,4.4247,5.7301,3.3141
1.713,1.4208,2.9723,1.6604,5.7614,0
1.713,1.5869,0,-8.8,5.7823,0
2.2637,0.70687,2.3161,2.3161,5.88,0
2.2637,0.93848,0,4.9,6.0241,31.574
2.7136,1.4285,1.8675,4.9,6.1722,10.321
2.909,1.9185,1.7522,3.68,6.2782,4.6917
3.0769,2.2865,1.6702,2.2175,6.3653,0
3.2345,2.5082,1.6078,1.7643,6.4417,0
3.3971,2.6847,1.5581,1.5623,6.522,0
3.5547,2.8409,1.5087,1.4384,6.5956,0
3.5547,2.9847,0,1.3497,6.6598,4.0258
3.8487,3.1197,1.3387,1.2812,6.7416,0
3.986,3.2478,1.1739,1.2254,6.8188,0
4.1076,3.3704,0.94103,1.1612,6.8909,0
4.193,3.4865,0.68156,1.0611,6.9606,0
4.2514,3.5926,0.42634,0.94821,7.0199,0
4.2514,3.6874,0,0.8558,7.081,1.3983
4.2514,3.773,0,0.73272,7.1331,1.1268
4.3218,3.8463,-0.17585,0.62336,7.1837,1.4736
4.3024,3.9086,-0.26085,0.50558,7.2316,1.615
4.3024,3.9592,0,0.39436,7.2684,0.24865
4.2398,3.9986,-0.33062,0.3001,7.2851,1.5046
4.2013,4.0286,-0.3218,0.21281,7.3096,1.2938
4.2013,4.0499,0,0.13944,7.3258,0
4.1299,4.0638,-0.32978,0.080535,7.3331,1.1033
4.0987,4.0719,-0.31018,0.032606,7.3289,0.95246
4.0725,4.0751,-0.30743,-0.00070856,7.3332,0.90174
4.0425,4.0751,-0.31674,-0.008616,7.322,0.99277
4.0062,4.0742,-0.30823,-0.018013,7.3167,1.0258
3.9719,4.0724,-0.29967,-0.026596,7.3168,1.0533
3.9475,4.0697,-0.32956,-0.032463,7.3011,1.2119
3.9475,4.0665,0,-0.04305,7.289,0.1541
3.8587,4.0622,-0.56279,-0.054265,7.272,2.501
3.8117,4.0568,-0.82359,-0.065604,7.2499,4.3123
3.7221,4.0502,-1.1715,-0.088328,7.2179,7.6923
3.6087,4.0414,-1.5376,-0.11721,7.1791,12.64
3.4632,4.0297,-1.7986,-0.15461,7.1334,7.5043
3.2806,4.0142,-1.7553,-0.20205,7.0768,7.5292
3.1079,3.994,-1.5122,-8.8,6.9935,0
3.1079,3.114,0,-0.03192,6.9489,0
2.8551,3.1108,-0.74461,-0.055596,6.912,3.8436
2.7725,3.1052,-0.398,-0.072856,6.8741,1.9932
2.7725,3.0979,0,-0.081573,6.8412,0.51049
2.7725,3.0898,0,-0.087475,6.8091,0.47785
2.6772,3.081,-0.19531,-0.089921,6.7702,1.2819
2.6772,3.0721,0,-0.094596,6.7303,0.63441
2.6772,3.0626,0,-0.096449,6.6913,0.60813
2.6772,3.0529,0,-0.094649,6.6532,0.59086
2.6772,3.0435,0,-0.084565,6.6161,0.59509
2.7475,3.035,1.0863,-0.066484,6.5518,0.32512
2.7475,3.0284,0,-0.039459,6.5234,0.51632
2.9858,3.0244,1.2477,-0.0089717,6.5156,0.62848
3.1088,3.0235,1.0258,-8.8,6.5117,0
3.2029,2.1435,0.73217,3.4081,6.5764,10.227
3.2673,2.4843,0.41485,1.994,6.6709,4.2732
3.3009,2.6837,0.20842,1.3944,6.7408,2.7848
3.3198,2.8232,0.16487,1.0386,6.7968,1.6576
3.3266,2.927,0.36688,0.79214,6.8482,0.1869
3.3634,3.0063,0.77088,0.68016,6.8835,0
3.4381,3.0743,1.2771,0.6704,6.9163,0
3.5618,3.1413,1.8,0.75184,6.9634,0
3.7516,3.2165,2.1843,0.92615,7.0184,0.12409
3.9713,3.3091,2.2631,1.1027,7.088,0
4.1962,3.4194,2.0518,1.2348,7.1532,0
4.4047,3.5429,1.6855,1.3055,7.2432,0
4.5668,3.6734,1.2616,1.288,7.3325,0
4.5668,3.8022,0,1.218,7.4154,2.5174
4.7731,3.924,0.70166,1.1192,7.5047,0
4.7731,4.0359,0,1.0184,7.584,1.5879
4.7731,4.1378,0,0.93103,7.6526,1.5124
4.9584,4.2309,0.47921,0.86809,7.7292,0
5.0012,4.3177,0.42101,0.79483,7.7995,0
5.0012,4.3972,0,0.7422,7.8638,0.78195
5.0934,4.4714,0.37219,0.6921,7.9258,0
5.0934,4.5406,0,0.64896,7.9845,0.56565
5.1608,4.6055,0.28002,0.59602,8.0455,0
5.1919,4.6651,0.19702,0.55675,8.1006,0
5.2192,4.7208,0.078382,0.51932,8.1509,0
5.23,4.7727,-0.062552,0.47078,8.2084,0.41573
5.2201,4.8198,-0.19088,0.4071,8.2483,0.83906
5.2066,4.8605,-0.37684,0.34815,8.2768,1.6125
5.2066,4.8953,0,0.28047,8.3097,0
5.2066,4.9234,0,0.18456,8.3394,0
5.0218,4.9418,-0.88789,0.078737,8.3374,4.3841
4.9412,4.9497,-0.88374,-0.0022462,8.333,4.1836
4.8548,4.9495,-0.73475,-0.024998,8.3241,3.3159
4.7872,4.947,-0.52435,-0.042256,8.3167,2.1986
4.7327,4.9427,-0.34014,-0.05569,8.2989,1.4237
4.6914,4.9372,-0.27209,-0.065336,8.2781,1.2162
4.6585,4.9306,-0.25268,-0.07256,8.2572,1.1903
4.6585,4.9234,0,-0.077827,8.2303,0.38606
4.6048,4.9156,-0.26418,-0.083673,8.1926,1.3027
4.5763,4.9072,-0.2683,-0.089515,8.1601,1.3544
4.5485,4.8983,-0.25891,-0.094961,8.1325,1.3513
4.5306,4.8888,-0.26143,-0.097708,8.0976,1.3746
4.5028,4.879,-0.28225,-0.10328,8.056,1.4883
4.5028,4.8687,0,-0.11041,8.0189,0.5295
4.4462,4.8576,-0.34529,-0.11407,7.9851,1.818
