23.889,23.889,-0.21882,0,35.5,0.58489
23.869,23.889,-0.2111,-0.0026171,35.501,0.60267
23.84,23.889,-0.1743,-0.0064819,35.5,0.5482
23.814,23.888,-0.14834,-0.0097701,35.485,0.52096
23.799,23.887,-0.12593,-0.011636,35.483,0.48375
23.786,23.886,-0.14482,-0.013219,35.465,0.56462
23.773,23.885,-0.15342,-0.014741,35.453,0.61514
23.757,23.883,-0.14663,-0.016669,35.447,0.62482
23.742,23.881,-0.14144,-0.018505,35.43,0.63778
23.733,23.88,-0.1369,-0.019371,35.419,0.6374
23.726,23.878,-0.13441,-0.020099,35.4,0.64102
23.712,23.876,-0.13576,-0.021697,35.379,0.67021
23.712,23.873,0,-0.024511,35.363,0.28636
23.712,23.871,0,-0.025568,35.347,0.27852
23.674,23.868,-0.090167,-0.025914,35.308,0.59778
23.674,23.866,0,-0.027227,35.289,0.34738
23.639,23.863,-0.14894,-0.02993,35.249,0.84207
23.639,23.86,0,-0.032571,35.227,0.3991
23.614,23.857,-0.069474,-0.032442,35.186,0.63496
23.614,23.854,0,-0.032012,35.162,0.44065
23.602,23.85,-0.042331,-0.033327,35.142,0.57064
23.602,23.847,0,-0.034335,35.117,0.4485
23.596,23.844,-0.06104,-0.033281,35.095,0.62127
23.595,23.84,-0.087881,-0.033023,35.074,0.69527
23.582,23.837,-0.0065868,-0.034353,35.054,0.48815
23.582,23.834,0,-0.033771,35.029,0.46495
23.582,23.83,0,-0.033353,35.004,0.45837
23.58,23.827,0.0034132,-0.033279,34.98,0.44558
23.578,23.824,-0.016135,-0.033247,34.951,0.49462
23.578,23.82,0,-0.032621,34.927,0.44716
23.578,23.817,0,-0.031968,34.903,0.44146
23.578,23.814,0,-0.032283,34.879,0.43347
23.559,23.811,-0.092299,-0.034099,34.869,0.71994
23.557,23.807,-0.077909,-0.033975,34.836,0.67426
23.549,23.804,-0.037542,-0.034637,34.807,0.56866
23.546,23.8,-0.065032,-0.034668,34.777,0.64563
23.548,23.797,-0.080096,-0.03383,34.757,0.67652
23.548,23.793,0,-0.034711,34.732,0.44701
23.548,23.79,0,-0.035293,34.708,0.43774
23.529,23.786,-0.080768,-0.035209,34.691,0.69763
23.522,23.783,-0.076093,-0.035643,34.657,0.68938
23.513,23.779,-0.088674,-0.036407,34.634,0.73792
23.513,23.776,-0.091285,-0.036076,34.603,0.73993
23.501,23.772,-0.081916,-0.037135,34.575,0.72691
23.498,23.768,-0.046576,-0.037172,34.543,0.62388
23.498,23.765,0,-0.03722,34.516,0.48992
23.483,23.761,-0.04128,-0.038278,34.493,0.62376
23.483,23.757,0,-0.038806,34.465,0.5026
23.47,23.753,-0.052371,-0.039189,34.418,0.66625
23.47,23.749,0,-0.039202,34.39,0.51436
23.466,23.745,-0.087706,-0.038732,34.361,0.7622
23.447,23.741,-0.15029,-0.040793,34.341,0.99517
23.432,23.737,-0.23209,-0.042382,34.304,1.3179
23.432,23.733,0,-0.043739,34.273,0.55142
23.401,23.729,-0.12995,-0.045647,34.234,0.99894
23.401,23.724,0,-0.046469,34.201,0.59545
23.401,23.72,0,-0.048527,34.169,0.57931
23.401,23.715,0,-0.049814,34.138,0.56478
23.368,23.71,-0.0090917,-0.047874,34.083,0.65901
23.368,23.705,0,-0.047554,34.049,0.62404
23.355,23.7,-0.10357,-0.048528,34.022,0.94857
23.349,23.695,-0.15158,-0.048781,33.992,1.1131
23.326,23.69,-0.21743,-0.051298,33.95,1.3956
23.308,23.685,-0.26842,-0.053226,33.918,1.6336
23.308,23.68,0,-0.057563,33.88,0.67899
23.252,23.674,-0.26408,-0.059728,33.839,1.7234
23.226,23.668,-0.21639,-0.062755,33.798,1.5749
23.226,23.662,0,-0.065317,33.754,0.81004
23.183,23.655,-0.19175,-0.067341,33.704,1.5475
23.17,23.649,-0.20544,-0.068322,33.648,1.6149
23.17,23.642,0,-0.070253,33.6,0.88183
23.135,23.635,-0.2374,-0.071669,33.547,1.7968
23.135,23.628,0,-0.075638,33.498,0.91724
23.135,23.62,0,-0.07875,33.449,0.88994
23.041,23.612,-0.20474,-0.082418,33.381,1.8286
23.041,23.604,0,-0.085116,33.325,1.0612
22.99,23.596,-0.19943,-0.087862,33.273,1.8889
22.977,23.587,-0.22735,-0.088698,33.216,2.0179
22.977,23.578,0,-0.091568,33.155,1.1381
22.919,23.569,-0.33603,-0.095057,33.081,2.6297
22.876,23.559,-0.37722,-0.10029,33.007,2.9336
22.843,23.549,-0.42769,-0.10389,32.936,3.2744
22.843,23.539,0,-0.10842,32.866,1.3257
22.76,23.528,-0.43677,-0.11392,32.773,3.5008
22.71,23.517,-0.43354,-0.12,32.689,3.5882
22.661,23.505,-0.44523,-0.12588,32.614,3.7623
22.613,23.492,-0.46202,-0.1317,32.531,3.9671
22.613,23.479,0,-0.13757,32.444,1.6782
22.514,23.465,-0.45247,-0.14361,32.347,4.1122
22.514,23.451,0,-0.14889,32.253,1.8305
22.418,23.436,-0.49457,-0.15514,32.137,4.5754
22.371,23.42,-0.51385,-0.1608,32.028,4.7981
22.314,23.404,-0.53174,-0.16781,31.922,5.042
22.269,23.387,-0.5609,-0.17303,31.81,5.3331
22.211,23.37,-0.56037,-0.1803,31.695,5.4527
22.145,23.352,-0.50685,-0.1888,31.572,5.2129
22.09,23.333,-0.46283,-0.19555,31.454,5.0152
22.052,23.314,-0.44382,-0.19952,31.333,4.9361
22.007,23.294,-0.42845,-0.20473,31.197,4.9009
21.955,23.273,-0.37291,-0.21103,31.068,4.629
21.92,23.252,-0.34418,-0.21448,30.938,4.4825
21.883,23.231,-0.32368,-0.21838,30.801,4.3946
21.844,23.209,-0.29342,-0.22259,30.661,4.2549
21.844,23.187,0,-0.22467,30.525,2.7079
21.787,23.164,-0.32262,-0.22735,30.389,4.4458
21.787,23.141,0,-0.2313,30.252,2.7148
21.719,23.118,-0.27511,-0.23412,30.11,4.2115
21.719,23.095,0,-0.23738,29.972,2.7559
21.668,23.071,-0.22965,-0.23809,29.817,3.9488
21.654,23.047,-0.16336,-0.23797,29.673,3.563
21.633,23.023,-0.15797,-0.2391,29.538,3.5224
21.611,23,-0.2106,-0.24041,29.396,3.7833
21.598,22.976,-0.23597,-0.24008,29.254,3.8824
21.568,22.952,-0.23442,-0.2427,29.116,3.8808
21.568,22.927,0,-0.24493,28.979,2.6753
21.519,22.903,-0.27132,-0.24617,28.833,4.0699
21.491,22.878,-0.22888,-0.24841,28.704,3.8372
21.473,22.853,-0.2228,-0.24882,28.569,3.7786
21.456,22.828,-0.24716,-0.24893,28.432,3.8798
21.427,22.804,-0.29725,-0.25141,28.302,4.1662
21.394,22.778,-0.30296,-0.25468,28.155,4.2093
21.394,22.753,0,-0.25886,28.018,2.6209
21.394,22.727,0,-0.26343,27.883,2.5278
21.283,22.701,-0.29603,-0.26644,27.733,4.228
21.283,22.674,0,-0.26858,27.592,2.6777
21.231,22.647,-0.34265,-0.26983,27.451,4.4772
21.191,22.62,-0.33933,-0.2742,27.319,4.4826
21.148,22.593,-0.3661,-0.27926,27.176,4.6774
21.107,22.565,-0.36009,-0.28406,27.025,4.6635
21.107,22.536,0,-0.2874,26.881,2.7165
21.042,22.508,-0.33438,-0.29008,26.728,4.5027
21.014,22.479,-0.37444,-0.29206,26.582,4.7332
20.977,22.45,-0.39414,-0.29583,26.439,4.8661
20.938,22.42,-0.43612,-0.29996,26.291,5.15
20.9,22.39,-0.45483,-0.30403,26.145,5.2848
20.854,22.36,-0.45886,-0.30966,25.989,5.3376
20.812,22.329,-0.45269,-0.31459,25.835,5.3105
20.769,22.297,-0.45005,-0.31955,25.691,5.3108
20.727,22.265,-0.46611,-0.3242,25.541,5.4309
20.674,22.233,-0.51223,-0.33119,25.392,5.7944
20.618,22.2,-0.58787,-0.33889,25.242,6.4056
20.557,22.166,-0.67467,-0.34763,25.086,7.1606
20.493,22.131,-0.70746,-0.35721,24.924,7.504
20.428,22.095,-0.70698,-0.36663,24.765,7.5614
20.363,22.059,-0.69047,-0.37653,24.596,7.4792
20.287,22.021,-0.69046,-0.38903,24.419,7.5656
20.287,21.982,0,-0.39792,24.248,3.0648
20.16,21.942,-0.69397,-0.40789,24.066,7.6772
20.089,21.901,-0.73956,-0.4193,23.877,8.1312
20.089,21.859,0,-0.43329,23.698,3.1453
19.919,21.816,-0.83258,-0.44839,23.511,9.1821
19.84,21.771,-0.92808,-0.46164,23.325,10.215
19.751,21.725,-0.98513,-0.47721,23.132,10.917
19.66,21.677,-1.0402,-0.49369,22.926,11.621
19.566,21.628,-1.0411,-0.51081,22.726,11.722
19.457,21.577,-1.0142,-0.53199,22.512,11.535
19.355,21.524,-0.92078,-0.55115,22.305,10.602
19.255,21.469,-0.83069,-0.56982,22.096,9.7549
19.164,21.412,-0.73325,-0.58651,21.873,8.8619
19.092,21.353,-0.7118,-0.59807,21.657,8.646
19.024,21.293,-0.71527,-0.60892,21.428,8.6326
18.95,21.232,-0.69426,-0.6218,21.191,8.4109
18.88,21.17,-0.70288,-0.63352,20.96,8.4395
18.88,21.107,0,-0.64289,20.734,3.6676
18.88,21.043,0,-0.65533,20.514,3.4278
18.664,20.977,-0.66023,-0.66926,20.27,7.9158
18.664,20.91,0,-0.67714,20.042,3.5856
18.664,20.842,0,-0.6858,19.821,3.3546
18.479,20.774,-0.64671,-0.69675,19.564,7.5315
18.405,20.704,-0.63744,-0.70894,19.339,7.3919
18.347,20.633,-0.65226,-0.7169,19.1,7.3988
18.29,20.562,-0.63174,-0.7241,18.871,7.1258
18.29,20.489,0,-0.73601,18.647,3.2296
18.29,20.416,0,-0.74321,18.431,3.0014
18.12,20.341,-0.3477,-0.7443,18.175,4.8906
18.091,20.267,-0.29371,-0.74114,17.953,4.4509
18.071,20.193,-0.31089,-0.734,17.742,4.3908
18.043,20.119,-0.38956,-0.72964,17.536,4.6881
18.003,20.046,-0.58707,-0.72906,17.331,5.8082
17.938,19.973,-0.72928,-0.73722,17.133,6.7731
17.938,19.9,0,-0.74834,16.933,2.5532
17.938,19.825,0,-0.76185,16.74,2.3277
17.938,19.749,0,-0.77615,16.556,2.1085
17.938,19.671,0,-0.78875,16.378,1.9027
17.938,19.592,0,-0.80169,16.209,1.7059
17.475,19.512,-0.75153,-0.81149,15.927,6.4518
17.391,19.431,-0.69168,-0.82573,15.73,5.926
17.314,19.348,-0.60993,-0.83709,15.533,5.2759
17.314,19.265,0,-0.83798,15.333,2.2697
17.193,19.181,-0.62558,-0.84487,15.143,5.1497
17.193,19.096,0,-0.84851,14.948,2.1339
17.065,19.011,-0.64119,-0.85655,14.745,5.0256
17,18.926,-0.67238,-0.86102,14.558,5.1196
17,18.84,0,-2.9,14.37,15.18
16.865,18.55,-0.72116,-2.9,14.188,9.3838
16.791,18.26,-0.76808,-4.4,14.022,222.59
16.791,17.82,0,-4.4,13.897,209.63
16.626,17.38,-0.89366,-0.33583,13.801,5.2318
16.533,17.346,-0.98724,-0.36509,13.715,6.0752
16.434,17.31,-0.99853,-4.4,13.635,0
16.341,16.87,-1.0083,-0.23476,13.56,5.909
16.341,16.846,0,-0.26612,13.509,0.47762
16.157,16.819,-1.0159,-0.29734,13.45,6.1355
16.064,16.79,-1.0248,-4.4,13.388,0
15.965,16.35,-0.9994,-0.16986,13.339,5.6438
15.965,16.333,0,-0.20969,13.301,0.31639
15.758,16.312,-0.9441,-0.24634,13.245,5.3811
15.659,16.287,-0.9655,-0.28094,13.193,5.6526
15.569,16.259,-0.98746,-4.4,13.12,0
15.48,15.819,-0.97248,-0.14904,13.077,5.3492
15.379,15.804,-0.96811,-0.18764,13.045,5.4263
15.379,15.785,0,-0.22692,13.003,0.3588
15.379,15.763,0,-0.26314,12.963,0.24882
15.379,15.736,0,-0.29716,12.926,0.14761
15.379,15.707,0,-4.4,12.892,425.54
15.379,15.267,0,-0.17393,12.881,0
14.757,15.249,-1.1992,-0.21803,12.705,7.7322
14.643,15.227,-1.1897,-0.26066,12.653,7.7491
14.517,15.201,-1.1787,-4.4,12.598,0
14.406,14.761,-1.1275,-0.15544,12.55,6.8203
14.285,14.746,-1.0774,-0.20172,12.517,6.4753
14.185,14.726,-1.0553,-0.2379,12.472,6.3708
14.089,14.702,-1.0519,-0.27118,12.416,6.4276
13.987,14.675,-1.0307,-0.30661,12.349,6.3191
13.885,14.644,-1.0341,-4.4,12.272,0
13.786,14.204,-1.0175,-0.18329,12.211,5.8594
13.681,14.186,-1.0027,-0.22251,12.158,5.8373
13.584,14.164,-0.93903,-0.2565,12.112,5.3819
13.484,14.138,-0.88549,-4.4,12.052,0
13.484,13.698,0,-0.13339,12.009,0.15957
13.484,13.685,0,-0.16283,11.988,0.079056
13.233,13.668,-0.77827,-0.19025,11.92,3.9685
13.156,13.649,-0.7832,-0.21664,11.877,4.0753
13.081,13.628,-0.76475,-0.24146,11.824,4.0076
13.008,13.603,-0.7492,-4.4,11.767,3848.4
12.926,13.163,-0.70384,-0.10238,11.736,3.2131
12.851,13.153,-0.70025,-0.13082,11.711,3.2763
12.786,13.14,-0.68733,-0.15337,11.68,3.2593
12.724,13.125,-0.70978,-0.17471,11.634,3.462
12.724,13.107,0,-0.20041,11.595,0.36514
12.583,13.087,-0.71796,-0.22168,11.551,3.6421
12.515,13.065,-0.70995,-4.4,11.495,3187.9
12.515,12.625,0,-0.081892,11.462,0.056555
12.515,12.617,0,-0.10699,11.451,0
12.307,12.606,-0.6877,-0.12897,11.408,3.1933
12.238,12.593,-0.68487,-0.15388,11.378,3.2489
12.179,12.578,-0.67167,-0.17339,11.335,3.2188
12.102,12.561,-0.68527,-0.20048,11.286,3.3776
12.026,12.541,-0.70042,-4.4,11.243,4208.7
11.959,12.101,-0.71017,-0.060209,11.206,3.1294
11.88,12.095,-0.74219,-0.09131,11.193,3.4423
11.88,12.085,0,-0.1185,11.172,0.1732
11.73,12.074,-0.75664,-0.14679,11.149,3.7174
11.654,12.059,-0.74782,-0.17362,11.117,3.7389
11.654,12.041,0,-0.20228,11.077,0.36979
11.502,12.021,-0.70111,-0.22506,11.021,3.5703
11.437,11.999,-0.71095,-5.2,10.97,0
11.368,11.479,-0.72115,-0.046384,10.929,3.1622
11.368,11.474,0,-0.075263,10.918,0.061119
11.228,11.467,-0.67531,-0.10029,10.895,3.0491
11.152,11.457,-0.68384,-0.12822,10.861,3.1919
11.08,11.444,-0.67897,-0.15385,10.831,3.2419
11.02,11.428,-0.65525,-0.17342,10.797,3.1524
10.964,11.411,-0.63204,-0.19048,10.761,3.0597
10.964,11.392,0,-0.20774,10.717,0.44044
10.964,11.371,0,-5.2,10.675,0
10.787,10.851,-0.60679,-0.026539,10.639,2.3982
10.787,10.849,0,-0.047471,10.633,0.027822
10.664,10.844,-0.68713,-0.074021,10.615,3.0468
10.598,10.836,-0.72563,-0.098636,10.59,3.381
10.535,10.827,-0.70188,-0.12114,10.565,3.3012
10.469,10.814,-0.67416,-0.14388,10.538,3.1993
10.469,10.8,0,-0.16649,10.504,0.32905
10.346,10.783,-0.64295,-0.18398,10.446,3.1247
10.279,10.765,-0.63882,-0.20587,10.399,3.1617
10.215,10.744,-0.65631,-5.2,10.353,0
10.153,10.224,-0.66539,-0.029011,10.325,2.7578
10.08,10.221,-0.67124,-0.057577,10.309,2.8976
10.008,10.216,-0.67833,-0.084535,10.299,3.0398
10.008,10.207,0,-0.10589,10.278,0.18648
10.008,10.197,0,-0.13238,10.259,0.11305
9.8032,10.183,-0.71091,-0.15665,10.198,3.496
9.7371,10.168,-0.7233,-0.17805,10.165,3.6489
9.7371,10.15,0,-0.19788,10.123,0.43062
9.6072,10.13,-0.68301,-0.21853,10.075,3.506
9.5484,10.108,-0.67053,-5.2,10.028,0
9.4728,9.5883,-0.62302,-0.046071,10.001,2.5731
9.4088,9.5837,-0.59866,-0.069891,9.9831,2.5202
9.3419,9.5767,-0.62889,-0.094166,9.9568,2.7846
9.283,9.5673,-0.72449,-0.11422,9.9389,3.4614
9.204,9.5559,-0.84539,-0.14173,9.9164,4.4281
9.204,9.5417,0,-0.17513,9.8819,0.3246
9.0103,9.5242,-1.1416,-0.2096,9.8198,7.3126
8.9021,9.5033,-1.2193,-0.24688,9.7642,8.2726
8.787,9.4786,-1.2673,-5.2,9.6994,0
8.787,8.9586,0,-0.11569,9.6563,0.11131
8.5454,8.947,-1.1654,-0.15878,9.6047,7.41
8.4252,8.9311,-1.0203,-0.20132,9.5563,6.1621
8.3247,8.911,-0.92426,-0.23531,9.4937,5.4421
8.2276,8.8875,-0.89553,-5.2,9.4344,7408.4
8.1284,8.3675,-1.0259,-0.091363,9.3855,5.7864
8.0219,8.3583,-1.283,-0.12904,9.3573,8.623
7.9033,8.3454,-1.7254,-0.1705,9.3168,15.093
7.7364,8.3284,-2.1685,-0.22975,9.2683,24.446
7.7364,8.3054,0,-0.31172,9.2102,0.5143
7.2578,8.2742,-2.9128,-5.2,9.098,0
7.2578,7.7542,0,-0.29945,9.0224,0.39688
6.6429,7.7243,-3.3816,-0.41194,8.9235,14.78
6.3118,7.6831,-3.6212,-5.2,8.7998,0
6.3118,7.1631,0,-0.44884,8.6887,0.8048
6.3118,7.1182,0,-5.2,8.6058,59.009
5.1693,6.5982,-4.0781,-0.50927,8.3802,14.185
4.7627,6.5473,-4.1602,-5.2,8.2173,1.4736
4.7627,6.0273,0,-0.58026,8.0649,1.3765
3.9332,5.9692,-4.2925,-8.8,7.855,0
3.5128,5.0892,-4.3451,-0.49123,7.67,13.332
3.0711,5.0401,-4.4372,-8.8,7.4953,0
3.0711,4.1601,0,-0.41273,7.3424,1.3998
2.1817,4.1189,-4.5445,-0.53902,7.1525,13.467
2.1817,4.065,0,-8.8,6.9614,0
1.2594,3.185,-4.6232,-0.45038,6.7154,13.325
0.80253,3.1399,-4.647,-8.8,6.5005,0
0.34115,2.2599,-4.6647,-0.34496,6.2921,13.3
-0.11938,2.2254,-4.748,-8.8,6.0881,0
-0.585,1.3454,-4.7955,-0.22245,5.8673,13.856
-1.0625,1.3232,-4.7869,-8.8,5.6562,0
-1.5485,0.44317,-4.7565,-4.7565,5.4439,4.3725
-2.0289,0,-4.6759,-4.6759,5.238,4.4488
-2.489,0,-4.5896,-4.5896,5.0323,5.3921
-2.9565,0,-4.5038,-8.8,4.7818,0
-3.4026,0,-4.449,-8.8,4.5046,0
-3.8484,0,-4.4026,-8.8,4.195,0
-4.2902,0,-4.3709,-8.8,3.8246,0
-4.7346,0,-4.2506,-8.8,3.4145,0.43625
-5.1566,0,-3.8473,-8.8,2.9568,0.45368
-5.5503,0,-2.8918,-9.1274,2.4701,0
-5.8404,0,-1.8689,-10.59,1.9556,0
-6.034,0,-0.93694,-13.775,1.418,0
-6.1341,0,0.02848,-21.49,0.8743,0
-6.1398,0,0.48919,-50.581,0.36907,0
-6.1398,0,0,-2756.3,0.0079967,0
-6.0552,0,0.12593,0.12593,13.184,12.703
-6.0384,0.012593,0.011623,0.011623,12.569,12.694
-6.0462,0.013756,-0.16808,-0.16808,11.969,12.712
-6.0629,0,-0.088921,-0.088921,11.367,12.718
-6.0629,0,0.00094014,0.00094014,10.757,12.718
-6.0542,9.4014e-05,-0.011735,-0.011735,10.145,12.701
-6.0542,0,0,0.01952,9.5401,12.742
-6.0542,0.001952,0,0.0067535,8.9346,12.719
-6.0474,0.0026274,-0.02359,-0.02359,8.3373,12.692
-6.0421,0.0002684,-0.0024172,-0.0024172,7.7332,12.677
-6.0408,2.6684e-05,0.015378,0.015378,7.1291,12.673
-6.0364,0.0015645,0.0030807,0.0030807,6.5256,12.667
-6.0322,0.0018725,-0.0050787,-0.0050787,5.9212,12.659
-6.0354,0.0013647,0.0030006,0.0030006,5.3229,12.665
-6.03,0.0016647,0.0070552,-8.8,4.7179,0
-6.03,0,0,-8.8,4.1587,0
-6.028,0,0.0044907,-8.8,3.5925,0
-6.0301,0,0.0067748,-8.8,3.0285,0
-6.0301,0,0,-8.8,2.4695,0
-6.0301,0,0,-9.5867,1.9105,0
-6.0367,0,0.0019735,-13.42,1.3576,0
-6.0366,0,-0.0016019,-22.34,0.81566,0
-6.038,0,0.0052982,-55.881,0.32617,0
-6.0337,0,0.0098053,-1896.7,0.0095968,0
-6.0337,0,0,0.0056843,8.8898,12.67
-6.0337,0.00056843,0,0.0042828,8.2864,12.669
-6.0385,0.00099671,0.0056312,0.0056312,7.6724,12.671
-6.0303,0.0015598,-0.0012343,-0.0012343,7.0636,12.655
-6.0303,0.0014364,0,-0.0081981,6.4604,12.637
-6.0233,0.00061659,-0.0035344,-0.0035344,5.8723,12.639
-6.015,0.00026315,0.0030575,0.0030575,5.263,12.621
-6.0154,0.0005689,0.0017799,-8.8,4.6637,0
-6.0054,0,0.0043334,-8.8,4.0977,0
-6.0097,0,0.0098763,-8.8,3.5419,0
-6.0005,0,0.012106,-8.8,2.9918,0
-5.9982,0,0.006889,-8.8,2.445,0
-5.992,0,0.0032959,-9.4535,1.8983,0
-6,0,0.0071274,-13.289,1.3537,0
-6.0091,0,0.008553,-22.129,0.81558,0
-6,0,0.00047965,-55.109,0.32662,0
-6.0062,0,0.0011988,-10010,0.0018018,0
-6.0093,0,0.0053924,7.8,49.453,28.987
-5.9993,0.78,0.00064623,7.8,48.816,30.576
-5.9993,1.56,0,7.8,48.099,32.176
-5.9958,2.34,0.0060697,7.8,47.321,33.755
-6.0034,3.12,0.0079018,7.8,46.452,35.366
-6.009,3.9,0.0074915,7.8,45.51,36.977
-6.0139,4.68,0.0084812,7.8,44.48,38.584
-6.0037,5.46,0.0034237,7.8,43.364,40.173
-5.9996,6.24,0.0013603,6.7,42.188,39.456
-5.9996,6.91,0,6.7,40.931,40.833
-6.0003,7.58,-0.0036031,6.7,39.607,42.215
-6.0064,8.25,-0.0035542,6.7,38.209,43.601
-6.0064,8.92,0,6.7,36.75,44.967
-5.9986,9.59,0.0019826,6.7,35.23,46.32
-6.0016,10.26,-0.0026472,-0.94265,33.634,31.651
-6.0016,10.166,0,-1.0071,32.013,31.317
-6.0132,10.065,0.0034423,-1.079,30.394,30.976
-6.0132,9.9571,0,-1.1584,28.791,30.595
-6.0132,9.8413,0,-1.2474,27.2,30.17
-6.0234,9.7165,0.0065604,-1.3474,25.627,29.711
-6.0203,9.5818,0.0048837,-1.4607,24.053,29.194
-6.0101,9.4357,0.0054042,-1.5875,22.502,28.606
-6.0085,9.277,0.0052152,-1.7336,20.965,27.971
-6.009,9.1036,0.0024419,-1.9018,19.443,27.269
-6.0107,8.9134,-0.0010077,-2.0978,17.932,26.478
-6.0185,8.7037,-0.00029039,-2.3258,16.449,25.584
-6.0239,8.4711,-0.0012711,-2.5932,14.986,24.558
-6.0315,8.2118,0.0018748,-2.9087,13.552,23.372
-6.0341,7.9209,0.0036836,-3.2895,12.134,21.977
-6.0374,7.5919,0.0098964,-3.7425,10.759,20.345
-6.0374,7.2177,0,-4.2983,9.4149,18.431
-6.0401,6.7879,0.004704,-10.152,8.1006,5.2444
-6.0336,5.7726,0.0053273,-10.134,6.8733,3.1861
-6.027,4.7592,0.0034288,-10.128,5.7416,1.1125
-6.0296,3.7464,-0.0022086,-10.154,4.7069,0
-6.0231,2.731,-0.00012783,-10.137,3.78,0
-6.0231,1.7173,0,-10.142,2.9553,0
-6.0041,0.70309,0.0011642,-10.136,2.2188,0
-6.0041,0,0.0014741,-11.33,1.5907,0
-6.012,0,0.0029669,-17.204,1.0502,0
-6.0191,0,0.00020702,-33.598,0.53916,0
-6.0144,0,0.00079796,-157.52,0.11482,0
-6.0187,0,-0.0007675,-58.676,0.30868,0
-6.0178,0,-0.00035786,9.8,1,33.219
-6.0113,0.98,0.0015413,-69.667,0.35079,0
-6.0113,0,0,-10544,-3.4109e-06,0
-6.008,0,0.0029433,7.8,52.115,28.99
-6.0151,0.78,0.0080561,7.8,51.481,30.592
-6.0203,1.56,0.0077532,7.8,50.766,32.203
-6.0288,2.34,0.0026268,7.8,49.973,33.83
-6.0288,3.12,0,7.8,49.097,35.434
-6.0351,3.9,0.0023929,7.8,48.124,37.041
-6.03,4.68,-0.0051206,7.8,47.097,38.646
-6.027,5.46,-0.0099211,7.8,45.989,40.248
-6.0298,6.24,-0.0029811,6.7,44.795,39.527
-6.0298,6.91,0,6.7,43.534,40.895
-6.0298,7.58,0,6.7,42.207,42.268
-6.0454,8.25,-0.0013451,6.7,40.809,43.676
-6.0417,8.92,-0.00052128,6.7,39.343,45.041
-6.046,9.59,-0.0032778,6.7,37.815,46.429
-6.0418,10.26,-0.00039345,6.7,36.221,47.788
-6.0379,10.93,-2.7891e-05,-1.0071,34.557,32.958
-6.0357,10.829,-0.0039407,-1.0765,32.868,32.609
-6.0357,10.722,0,-1.1543,31.187,32.217
-6.0485,10.606,0.0047067,-1.2406,29.527,31.815
-6.0405,10.482,0.00081398,-1.3363,27.874,31.351
-6.0405,10.349,0,-1.4464,26.228,30.848
-6.0481,10.204,0.0026786,-1.571,24.582,30.299
-6.0481,10.047,0,-1.7114,22.965,29.688
-6.0481,9.8756,0,-1.8745,21.364,28.994
-6.0481,9.6882,0,-2.0605,19.781,28.219
-6.0585,9.4821,-0.0051694,-2.2765,18.212,27.375
-6.0585,9.2545,0,-2.5299,16.669,26.365
-6.0575,9.0015,0.0042404,-2.8273,15.144,25.211
-6.0575,8.7188,0,-3.1803,13.653,23.898
-6.0439,8.4007,0.0059588,-3.6056,12.18,22.312
-6.0391,8.0402,0.0080287,-4.1179,10.751,20.483
-6.0396,7.6284,0.0030237,-4.7427,9.3657,18.337
-6.0462,7.1541,-0.0048017,-10.874,8.0157,4.5112
-6.0462,6.0667,0,-10.864,6.75,2.2923
-6.0462,4.9803,0,-10.87,5.593,0.052239
-6.0609,3.8932,0.0010298,-10.868,4.5581,0
-6.056,2.8064,0.019454,-10.826,3.621,0
-6.0452,1.7238,0.01704,-10.795,2.7913,0
