18.056,18.056,-0.43071,0,35.5,1.4081
18.006,18.056,-0.44055,-0.0048788,35.506,1.5904
17.963,18.055,-0.45764,-0.0089759,35.505,1.7896
17.925,18.054,-0.48648,-0.012648,35.496,2.0421
17.869,18.053,-0.48078,-0.017979,35.482,2.1717
17.813,18.051,-0.4705,-0.023249,35.461,2.2757
17.758,18.049,-0.46382,-0.028513,35.426,2.3979
17.758,18.046,0,-0.033286,35.397,0.54946
17.66,18.043,-0.41877,-0.037572,35.362,2.4295
17.62,18.039,-0.43212,-0.041168,35.324,2.6062
17.569,18.035,-0.4801,-0.045921,35.274,3.0171
17.522,18.03,-0.51336,-0.05013,35.232,3.3451
17.463,18.025,-0.53962,-0.055613,35.189,3.6838
17.403,18.02,-0.5733,-0.061117,35.134,4.0826
17.346,18.013,-0.60895,-0.066321,35.064,4.498
17.346,18.007,0,-0.071433,34.997,1.3546
17.346,18,0,-0.076925,34.932,1.3181
17.166,17.992,-0.71357,-0.082876,34.825,5.8511
17.102,17.984,-0.77211,-0.08882,34.733,6.5488
17.03,17.975,-0.81765,-0.095586,34.65,7.1993
16.95,17.965,-0.86222,-0.1031,34.55,7.8929
16.95,17.955,0,-0.11175,34.449,2.1592
16.95,17.944,0,-0.1187,34.349,2.101
16.709,17.932,-0.62831,-0.12599,34.2,6.6162
16.655,17.919,-0.58758,-0.13096,34.074,6.4361
16.655,17.906,0,-0.13639,33.948,2.7914
16.551,17.893,-0.4294,-0.14059,33.804,5.5158
16.505,17.879,-0.47584,-0.1448,33.664,5.9553
16.462,17.864,-0.45087,-0.14871,33.531,5.8685
16.412,17.849,-0.43375,-0.15328,33.389,5.8578
16.377,17.834,-0.42394,-0.1564,33.244,5.8503
16.334,17.818,-0.43565,-0.16041,33.089,6.0221
16.334,17.802,0,-0.16515,32.941,3.3468
16.334,17.786,0,-0.16987,32.795,3.2733
16.195,17.769,-0.42065,-0.17352,32.628,6.2001
16.148,17.751,-0.38084,-0.17817,32.462,6.0081
16.101,17.733,-0.35205,-0.18272,32.294,5.8938
16.101,17.715,0,-0.18659,32.131,3.7231
16.101,17.697,0,-0.18913,31.971,3.6503
16.006,17.678,-0.091778,-0.19136,31.788,4.3717
16.006,17.658,0,-0.19204,31.622,3.8232
15.986,17.639,-0.051474,-0.19225,31.444,4.0876
15.98,17.62,0.0039732,-0.19223,31.27,3.7617
15.989,17.601,0.0086558,-0.19028,31.113,3.6556
16,17.582,0.050314,-0.18818,30.952,3.3745
16.003,17.563,0.17189,-0.18695,30.796,2.7994
16.003,17.544,0,-0.18514,30.641,3.4943
16.035,17.526,0.22049,-0.18116,30.487,2.4433
16.035,17.508,0,-0.17701,30.339,3.3086
16.084,17.49,0.21489,-0.17319,30.194,2.2608
16.107,17.473,0.17419,-0.16937,30.057,2.309
16.124,17.456,0.1744,-0.16618,29.919,2.2257
16.152,17.439,0.13186,-0.16177,29.778,2.2729
16.168,17.423,0.047246,-0.15871,29.645,2.516
16.166,17.407,-0.083942,-0.15784,29.53,3.0474
16.154,17.391,-0.15479,-0.15823,29.411,3.3776
16.139,17.375,-0.16927,-0.15901,29.293,3.4448
16.139,17.36,0,-0.16065,29.17,2.6
16.097,17.343,-0.23531,-0.16234,29.042,3.8167
16.08,17.327,-0.20127,-0.16333,28.92,3.6277
16.068,17.311,-0.18599,-0.16383,28.796,3.5317
16.045,17.295,-0.18506,-0.16571,28.665,3.5387
16.025,17.278,-0.08938,-0.16721,28.543,3.0696
16.015,17.261,0.017962,-0.16724,28.427,2.5764
16.015,17.245,0.064535,-0.16598,28.307,2.3478
16.015,17.228,0,-0.16426,28.185,2.5634
16.019,17.211,0.094016,-0.16287,28.072,2.1457
16.03,17.195,0.10334,-0.16004,27.96,2.0478
16.04,17.179,0.14431,-0.15741,27.844,1.8487
16.059,17.163,0.19312,-0.15341,27.736,1.6197
16.081,17.148,0.23385,-0.14902,27.637,1.427
16.097,17.133,0.24163,-0.14542,27.527,1.3421
16.121,17.119,0.19229,-0.14079,27.42,1.3986
16.121,17.105,0,-0.13759,27.321,2.0016
16.161,17.091,0.16813,-0.13258,27.229,1.3288
16.181,17.078,0.13889,-0.12839,27.143,1.3439
16.197,17.065,0.11057,-0.12485,27.054,1.3673
16.197,17.052,0,-0.12325,26.968,1.7001
16.216,17.04,0.14059,-0.11943,26.893,1.1887
16.237,17.028,0.072847,-0.11511,26.82,1.3184
16.249,17.016,0.019261,-0.11204,26.751,1.4368
16.256,17.005,0.020878,-0.10987,26.683,1.3932
16.249,16.994,0.050343,-0.10969,26.601,1.2892
16.249,16.983,0,-0.10776,26.527,1.4283
16.271,16.973,0.15997,-0.10403,26.455,0.89699
16.28,16.962,0.24416,-0.10169,26.38,0.67307
16.296,16.952,0.2701,-0.097979,26.322,0.57627
16.333,16.942,0.18739,-0.091424,26.252,0.66469
16.35,16.933,0.053341,-0.087633,26.2,0.9477
16.35,16.924,0,-0.086754,26.142,1.0848
16.333,16.916,-0.16324,-0.088156,26.081,1.6723
16.323,16.907,-0.20386,-0.088716,26.017,1.8395
16.309,16.898,-0.14098,-0.089835,25.951,1.5993
16.309,16.889,0,-0.091945,25.892,1.0851
16.278,16.88,0.01378,-0.092371,25.823,1.0953
16.278,16.87,0,-0.091307,25.763,1.1174
16.288,16.861,0.11022,-0.088611,25.696,0.77304
16.29,16.852,0.15466,-0.087275,25.637,0.64796
16.315,16.844,0.23077,-0.082308,25.572,0.43346
16.34,16.836,0.36265,-0.077262,25.519,0.18103
16.373,16.828,0.45314,-0.071204,25.471,0.038963
16.413,16.821,0.49005,-0.064058,25.418,0
16.46,16.814,0.48603,-0.055683,25.376,0
16.46,16.809,0,-0.046839,25.341,0.65297
16.556,16.804,0.47,-0.03914,25.307,0
16.556,16.8,0,-0.030747,25.282,0.45469
16.649,16.797,0.4894,-0.023465,25.25,0
16.705,16.795,0.49845,-0.014192,25.229,0
16.761,16.793,0.48329,-0.0051248,25.216,0
16.816,16.793,0.46487,0.0080431,25.219,0
16.868,16.794,0.38607,0.025348,25.232,0
16.903,16.796,0.26576,0.036407,25.237,0
16.927,16.8,0.16813,0.043594,25.248,0
16.939,16.804,0.049623,0.046099,25.26,0
16.939,16.809,0,0.048354,25.274,0
16.947,16.814,-0.10189,0.045531,25.305,0.054619
16.933,16.818,-0.065674,0.039287,25.321,0
16.933,16.822,0,0.036735,25.332,0
16.921,16.826,-0.106,0.032612,25.345,0.11784
16.909,16.829,-0.097997,0.027437,25.356,0.11844
16.904,16.832,-0.032405,0.02463,25.358,0
16.891,16.834,0.0051799,0.019343,25.367,0
16.895,16.836,0.048951,0.020239,25.364,0
16.902,16.838,0.11714,0.021995,25.375,0
16.902,16.84,0,0.024038,25.381,0
16.902,16.843,0,0.033475,25.387,0
16.969,16.846,0.23757,0.04202,25.414,0
16.999,16.85,0.25432,0.050785,25.421,0
17.016,16.855,0.29973,0.05512,25.438,0
17.056,16.861,0.33771,0.06681,25.452,0
17.098,16.868,0.37245,0.078842,25.476,0
17.098,16.875,0,0.09078,25.498,0
17.183,16.885,0.42961,0.10234,25.533,0
17.234,16.895,0.44524,0.11635,25.565,0
17.281,16.906,0.42144,0.12844,25.607,0
17.281,16.919,0,0.13667,25.644,0
17.352,16.933,0.3939,0.14372,25.687,0
17.39,16.947,0.39013,0.15174,25.724,0
17.437,16.962,0.3808,0.1628,25.775,0
17.437,16.979,0,0.1721,25.822,0
17.521,16.996,0.25583,0.18024,25.886,0
17.548,17.014,0.22726,0.18337,25.949,0
17.561,17.032,0.14811,0.18162,26.011,0
17.561,17.05,0,0.18321,26.063,0
17.585,17.069,-0.040417,0.1773,26.111,0
17.584,17.087,-0.036779,0.17078,26.154,0
17.581,17.104,-0.064508,0.16378,26.201,0
17.581,17.12,0,0.15907,26.248,0
17.581,17.136,0,0.14706,26.293,0
17.554,17.151,-0.12001,0.1382,26.32,0
17.535,17.164,-0.090711,0.12706,26.352,0
17.535,17.177,0,0.12208,26.389,0
17.517,17.189,-0.027563,0.11253,26.427,0
17.517,17.201,0,0.10481,26.46,0
17.512,17.211,-0.019523,0.10314,26.491,0
17.516,17.221,-0.11586,0.10099,26.514,0
17.503,17.231,-0.24559,0.093198,26.534,0.26698
17.487,17.241,-0.32046,0.084273,26.569,0.56401
17.447,17.249,-0.37623,0.06786,26.583,0.85368
17.408,17.256,-0.29602,0.051998,26.602,0.62002
17.388,17.261,-0.26401,0.04331,26.623,0.54634
17.367,17.266,-0.24649,0.034675,26.638,0.52499
17.367,17.269,0,0.024404,26.648,0
17.367,17.271,0,0.012493,26.658,0
17.28,17.273,-0.29497,0.0026342,26.643,0.83826
17.28,17.273,0,-0.0046914,26.644,0
17.218,17.272,-0.27362,-0.0080988,26.637,0.89289
17.218,17.272,0,-0.01153,26.631,0.085696
17.163,17.271,-0.31791,-0.016049,26.61,1.1848
17.163,17.269,0,-0.021532,26.599,0.17345
17.093,17.267,-0.3513,-0.02606,26.583,1.4834
17.054,17.264,-0.34094,-0.031535,26.573,1.5269
17.054,17.261,0,-0.037019,26.552,0.35686
16.984,17.257,-0.2956,-0.041087,26.525,1.485
16.984,17.253,0,-0.046351,26.498,0.47206
16.906,17.249,-0.34904,-0.051637,26.475,1.8891
16.906,17.243,0,-0.057502,26.441,0.59887
16.838,17.238,-0.30423,-0.060567,26.401,1.8281
16.802,17.232,-0.31699,-0.065138,26.366,1.9579
16.772,17.225,-0.34315,-0.068868,26.313,2.1377
16.739,17.218,-0.37237,-0.072951,26.274,2.3462
16.693,17.211,-0.41068,-0.079198,26.216,2.6458
16.643,17.203,-0.41391,-0.085803,26.172,2.775
16.643,17.194,0,-0.090968,26.117,1.0161
16.561,17.185,-0.46928,-0.096164,26.068,3.2602
16.511,17.176,-0.45464,-0.10284,26,3.2877
16.511,17.165,0,-0.10853,25.934,1.2212
16.436,17.155,-0.35474,-0.11194,25.868,2.8779
16.392,17.143,-0.42213,-0.11752,25.793,3.3352
16.392,17.132,0,-0.12406,25.719,1.3903
16.301,17.119,-0.40287,-0.12905,25.633,3.4038
16.301,17.106,0,-0.13292,25.552,1.5324
16.221,17.093,-0.51425,-0.13891,25.463,4.2332
16.169,17.079,-0.49206,-0.14555,25.379,4.1963
16.116,17.065,-0.47456,-0.15256,25.276,4.1914
16.073,17.049,-0.46618,-0.15796,25.177,4.215
16.031,17.033,-0.48384,-0.16308,25.074,4.3986
16.031,17.017,0,-0.17038,24.975,1.8911
15.917,17,-0.49496,-0.17827,24.864,4.6978
15.917,16.982,0,-0.18577,24.757,2.055
15.808,16.964,-0.48355,-0.19277,24.635,4.8228
15.808,16.944,0,-0.20044,24.52,2.2021
15.808,16.924,0,-0.20789,24.407,2.1184
15.642,16.904,-0.48546,-0.21485,24.264,5.1219
15.598,16.882,-0.49459,-0.22029,24.143,5.2447
15.545,16.86,-0.5375,-0.22722,24.022,5.635
15.545,16.837,0,-0.23253,23.892,2.5299
15.454,16.814,-0.55018,-0.23849,23.757,5.8402
15.391,16.79,-0.57254,-0.24752,23.614,6.1166
15.324,16.766,-0.55148,-0.25698,23.48,6.0738
15.262,16.74,-0.51216,-0.26592,23.327,5.878
15.214,16.713,-0.49267,-0.27198,23.185,5.7857
15.214,16.686,0,-0.27831,23.037,2.8788
15.108,16.658,-0.54098,-0.28651,22.877,6.2615
15.108,16.63,0,-0.29566,22.723,2.9573
15.108,16.6,0,-0.3019,22.572,2.8437
14.931,16.57,-0.61166,-0.31162,22.408,7.0305
14.866,16.539,-0.60806,-0.3211,22.252,7.0854
14.809,16.507,-0.58121,-0.32908,22.088,6.9212
14.745,16.474,-0.59838,-0.33894,21.911,7.1299
14.678,16.44,-0.61443,-0.34906,21.738,7.3344
14.626,16.405,-0.61653,-0.35679,21.553,7.3766
14.558,16.369,-0.60518,-0.3672,21.383,7.3546
14.5,16.332,-0.58143,-0.37582,21.197,7.1918
14.441,16.295,-0.56145,-0.38479,21.018,7.0679
14.389,16.256,-0.59159,-0.39223,20.836,7.3184
14.32,16.217,-0.56857,-0.40335,20.646,7.1838
14.255,16.177,-0.52441,-0.41401,20.451,6.8737
14.197,16.135,-0.56631,-0.42276,20.262,7.213
14.197,16.093,0,-0.43286,20.071,3.5291
14.074,16.05,-0.52663,-0.44254,19.872,6.9323
14.029,16.006,-0.56047,-0.44855,19.678,7.1576
13.971,15.961,-0.63656,-0.45791,19.473,7.7699
13.971,15.915,0,-0.47012,19.276,3.519
13.971,15.868,0,-0.48193,19.084,3.3276
13.971,15.82,0,-0.49138,18.897,3.1467
13.721,15.771,-0.6069,-0.50013,18.647,7.4927
13.668,15.721,-0.59084,-0.50845,18.443,7.3211
13.601,15.67,-0.5883,-0.5205,18.23,7.2883
13.534,15.618,-0.58533,-0.53228,18.026,7.2507
13.481,15.564,-0.57534,-0.54035,17.818,7.1133
13.416,15.51,-0.57396,-0.55208,17.606,7.0727
13.416,15.455,0,-0.55972,17.4,3.4418
13.298,15.399,-0.65394,-0.57168,17.19,7.6087
13.225,15.342,-0.7632,-0.58576,16.975,8.526
13.146,15.284,-0.82937,-0.60078,16.771,9.1221
13.054,15.223,-0.89101,-0.61976,16.561,9.7268
12.967,15.161,-0.98206,-0.63818,16.341,10.648
12.873,15.098,-1.0503,-0.65934,16.11,11.376
12.873,15.032,0,-0.68399,15.891,3.3065
12.668,14.963,-1.0445,-0.70704,15.645,11.266
12.573,14.893,-1.0498,-0.72831,15.416,11.266
12.46,14.82,-1.0227,-0.75536,15.188,10.942
12.46,14.744,0,-0.77746,14.956,3.3143
12.268,14.666,-0.9973,-0.80075,14.705,10.482
12.167,14.586,-0.99623,-0.82587,14.457,10.367
12.167,14.504,0,-0.84644,14.219,3.2152
11.981,14.419,-1.0103,-0.86916,13.979,10.251
11.874,14.332,-0.97602,-0.89674,13.73,9.7706
11.771,14.243,-0.9688,-0.92324,13.479,9.5513
11.671,14.15,-0.91336,-0.94784,13.233,8.8567
11.58,14.055,-0.80482,-0.97036,12.977,7.7112
11.496,13.958,-0.73321,-0.98978,12.724,6.9448
11.416,13.859,-0.66939,-1.006,12.48,6.2846
11.349,13.759,-0.55021,-1.0179,12.231,5.2979
11.29,13.657,-0.51167,-1.0247,11.992,4.8752
11.29,13.555,0,-4.4,11.76,85.369
11.29,13.115,0,-4.4,11.556,114.47
11.125,12.675,-0.50737,-0.67728,11.353,3.7471
11.077,12.607,-0.57068,-4.4,11.191,174.68
11.016,12.167,-0.64378,-5.2,11.05,0
10.943,11.647,-0.66657,-0.29748,10.965,3.6412
10.873,11.617,-0.66393,-0.31651,10.901,3.6679
10.813,11.585,-0.60528,-0.33102,10.833,3.3337
10.813,11.552,0,-5.2,10.758,0
10.705,11.032,-0.33601,-0.13595,10.691,1.4344
10.673,11.019,-0.16836,-0.14417,10.665,0.85633
10.673,11.004,0,-0.14302,10.631,0.38032
10.673,10.99,0,-0.13793,10.599,0.36152
10.646,10.976,-0.1388,-0.13945,10.559,0.7426
10.623,10.962,-0.20331,-0.14349,10.527,0.95212
10.601,10.948,-0.29318,-0.14739,10.487,1.2778
10.579,10.933,-0.30847,-5.2,10.445,0
10.556,10.413,-0.16833,0.049333,10.444,0.22279
10.535,10.418,-0.016999,0.040646,10.466,0
10.529,10.422,0.12232,0.037051,10.476,0
10.543,10.426,0.23627,0.040483,10.477,0
10.571,10.43,0.19826,0.048831,10.491,0
10.59,10.435,0.098598,0.053752,10.514,0
10.59,10.44,0,0.053195,10.53,0
10.587,10.446,-0.22111,0.049137,10.552,0.38486
10.56,10.45,-0.39806,0.03815,10.567,1.0883
10.517,10.454,-0.4607,0.021729,10.58,1.444
10.517,10.456,0,0.0069181,10.586,0
10.433,10.457,-0.56877,-0.0098209,10.581,2.131
10.374,10.456,-0.62696,-0.032853,10.568,2.5455
10.314,10.453,-0.62151,-0.055718,10.547,2.5979
10.249,10.447,-0.65845,-0.079561,10.54,2.9086
10.18,10.439,-0.74312,-0.10441,10.516,3.548
10.103,10.429,-0.84148,-0.13155,10.491,4.3561
10.023,10.416,-1.2519,-0.15919,10.445,8.2977
10.023,10.4,0,-0.20458,10.406,0.34294
10.023,10.379,0,-0.28141,10.37,0.16837
9.3889,10.351,-4.2239,-0.40013,10.249,158.46
8.9598,10.311,-5.4233,-5.5135,10.129,2.581
8.4188,9.7599,-6.3451,-0.54603,9.9886,21.236
8.4188,9.7053,0,-7.0972,9.8572,308.35
7.0972,8.9956,-7.2057,-0.74942,9.6481,21.797
7.0972,8.9206,0,-7.6878,9.462,99.928
5.6366,8.1518,-7.3762,-0.97002,9.1749,21.577
4.9081,8.0548,-7.4571,-8.0139,8.8927,5.281
4.1712,7.2534,-7.6106,-8.1641,8.5826,5.1557
3.4148,6.437,-7.893,-1.0687,8.2851,21.9
2.6216,6.3302,-8.184,-9.0487,7.9525,5.7855
1.811,5.4253,-8.4155,-9.2757,7.5928,5.6018
0.96345,4.4977,-8.3997,-9.2634,7.2306,5.4303
0.12859,3.5714,-8.0811,-0.87398,6.8875,22.445
-0.67203,3.484,-7.3073,-8.8,6.5064,5.6261
-1.3933,2.604,-6.1254,-8.8,6.0926,2.8172
-1.9998,1.724,-4.7863,-8.8,5.7094,0
-2.4737,0.84399,-3.3769,-8.8,5.3578,0
-2.8043,0,-2.1171,-2.1171,5.0542,5.9915
-3.0116,0,-1.2112,-8.8,4.7717,0
-3.0116,0,0,-8.8,4.5145,0
-3.195,0,-0.37728,-8.8,4.2273,0
-3.2334,0,-0.26273,-8.8,3.9412,0
-3.2678,0,-0.21503,-8.8,3.6633,0
-3.2967,0,-0.18234,-8.8,3.3745,0
-3.2967,0,0,-8.8,3.0888,0
-3.3411,0,-0.097912,-8.8,2.8061,0
-3.3531,0,-0.11456,-8.8,2.5152,0
-3.3531,0,0,-8.8,2.2239,0
-3.3843,0,-0.16881,-8.8,1.9281,0
-3.41,0,-0.21181,-8.8,1.6367,0
-3.4292,0,-0.22471,-8.8,1.3448,0
-3.4292,0,0,-8.8,1.0459,0
-3.478,0,0.11689,-8.8,0.74446,0
-3.478,0,0,-12.649,0.44065,0
-3.3987,0,1.5333,-30.835,0.17844,0
-3.3987,0,0,-735.21,-0.0072613,0
-3.0052,0,3.0017,-8.8,3.3745,0
-2.7036,0,3.3748,-8.8,3.1333,0
-2.3589,0,3.3662,-8.8,2.9241,0
-2.0134,0,3.1811,-8.8,2.7566,0
-1.6989,0,2.9253,-8.8,2.6154,0
-1.4046,0,2.7299,-8.8,2.5095,0
-1.4046,0,0,-8.8,2.4131,0
-0.87236,0,2.4302,-8.8,2.3686,0
-0.87236,0,0,-8.8,2.3254,0
-0.87236,0,0,-8.8,2.2821,0
-0.18127,0,2.0769,-8.8,2.3373,0
-0.18127,0,0,-8.8,2.3631,0
-0.18127,0,0,-8.8,2.389,0
0.41038,0,1.9387,-8.8,2.509,0
0.60218,0,1.9232,-8.8,2.5958,0
0.60218,0,0,-8.8,2.7001,0
0.97405,0,1.8756,-8.8,2.8291,0
1.152,0,1.7237,-8.8,2.9795,0
1.3339,0,1.6146,-8.8,3.1486,0
1.493,0,1.5277,-8.8,3.3275,0
1.6544,0,1.5533,-8.8,3.5315,0
1.8163,0,1.622,-8.8,3.7438,0
1.9703,0,1.6631,-8.8,3.9806,0
2.1393,0,1.7566,-8.8,4.2252,0
2.316,0,1.8227,-8.8,4.488,0
2.5079,0,1.7817,-8.8,4.7701,0
2.6835,0,1.7006,1.7006,5.0722,0
2.8486,0.17006,1.6045,1.6045,5.3306,0
2.8486,0.33051,0,1.5549,5.5905,0
3.1659,0.486,1.4816,1.4816,5.8674,0
3.3053,0.63416,1.388,1.388,6.1424,0
3.4376,0.77296,1.2616,1.2616,6.4158,0
3.4376,0.89912,0,4.9,6.6759,24.127
3.6893,1.3891,1.1299,4.9,6.935,12.097
3.6893,1.8791,0,4.9,7.1405,28.563
3.9106,2.3691,0.92238,4.6157,7.32,15.661
3.9106,2.8307,0,2.6346,7.4511,11.062
4.0892,3.0941,0.90781,1.9664,7.5736,0.74968
4.1771,3.2908,0.86888,1.5979,7.6687,0
4.2593,3.4506,0.83739,1.3604,7.754,0
4.2593,3.5866,0,1.2111,7.828,2.8199
4.4451,3.7077,0.87144,1.1196,7.9102,0
4.5296,3.8197,0.82957,1.0337,7.9797,0
4.6068,3.9231,0.77528,0.95909,8.0439,0
4.6797,4.019,0.81538,0.89585,8.1021,0
4.7526,4.1086,0.81418,0.84758,8.1657,0
4.831,4.1933,0.73345,0.81763,8.2395,0
4.9021,4.2751,0.7581,0.78337,8.2992,0
4.9807,4.3534,0.80942,0.76521,8.3593,0
5.0624,4.4299,0.7612,0.75463,8.4242,0
5.1436,4.5054,0.73273,0.74598,8.4971,0
5.2184,4.58,0.78153,0.731,8.563,0
5.2184,4.6531,0,0.72306,8.6232,0.82079
5.3707,4.7254,0.63796,0.71077,8.6919,0
5.3707,4.7965,0,0.69561,8.7529,0.68394
5.4956,4.866,0.51571,0.66895,8.82,0
5.4956,4.9329,0,0.63689,8.8796,0.49186
5.5876,4.9966,0.37578,0.60777,8.9368,0
5.6332,5.0574,0.32382,0.58407,9.0015,0
5.6755,5.1158,0.20806,0.55989,9.0536,0
5.6886,5.1718,0.016583,0.50991,9.0986,0.11567
5.6893,5.2228,-0.14218,0.45455,9.1386,0.63253
5.6696,5.2682,-0.30825,0.38746,9.1908,1.275
5.643,5.307,-0.42663,0.32158,9.2287,1.7765
5.5945,5.3391,-0.44521,0.24255,9.2565,1.7616
5.5546,5.3634,-0.49358,0.18062,9.2794,1.9322
5.5546,5.3815,0,0.10724,9.2976,0
5.4507,5.3922,-0.54109,0.054965,9.303,2.0179
5.4,5.3977,-0.56067,0.0021425,9.3133,2.0538
5.3507,5.3979,-0.6221,-0.011379,9.3117,2.5048
5.3507,5.3968,0,-0.025456,9.3071,0.040944
5.2327,5.3942,-0.48123,-0.039136,9.2786,1.9958
5.1851,5.3903,-0.34891,-0.049947,9.2509,1.4699
5.1851,5.3853,0,-0.057858,9.2306,0.29287
5.1301,5.3795,0.081243,-0.060993,9.213,0.21356
5.1465,5.3734,0.23063,-0.055636,9.1909,0
5.1744,5.3679,0.32026,-0.047516,9.1741,0
5.2133,5.3631,0.40049,-0.036891,9.1528,0
5.2566,5.3594,0.44208,-0.025337,9.1446,0
5.293,5.3569,0.42736,-0.015792,9.1288,0
5.3453,5.3553,0.43415,-0.0024734,9.1147,0
5.3453,5.3551,0,0.026101,9.1137,0.077193
5.4233,5.3577,0.50851,0.06125,9.1324,0
5.482,5.3638,0.48307,0.11023,9.1488,0
5.5389,5.3748,0.49893,0.1527,9.156,0
5.5895,5.3901,0.53473,0.18501,9.1738,0
5.6475,5.4086,0.50476,0.22087,9.1995,0
5.6918,5.4307,0.56087,0.24058,9.2329,0
