0,0,-0.00050473,0,35.5,0.0010606
-0.002332,0,0.011772,7.8,35.49,16.37
-0.002332,0.78,0,7.8,35.451,17.994
-0.0019837,1.56,-0.017099,7.8,35.332,19.628
-0.0098302,2.34,-0.027409,7.8,35.144,21.264
-0.0098302,3.12,0,7.8,34.871,22.806
-0.012116,3.9,-0.031766,7.8,34.501,24.476
-0.010945,4.68,-0.038021,7.8,34.06,26.086
-0.010945,5.46,0,7.8,33.552,27.605
-0.016954,6.24,-0.022271,6.7,32.968,26.952
-0.026667,6.91,-0.032352,6.7,32.315,28.367
-0.030749,7.58,-0.030013,6.7,31.597,29.743
-0.026177,8.25,-0.026936,-0.43845,30.796,16.101
-0.025581,8.2062,-0.033082,-0.45329,29.978,15.992
-0.021154,8.1608,-0.035691,-0.46877,29.16,15.863
-0.021154,8.1139,0,-0.48497,28.344,15.658
-0.021154,8.0655,0,-0.50244,27.533,15.522
-0.021154,8.0152,0,-0.52073,26.727,15.38
-0.021096,7.9631,-0.022639,-0.5408,25.927,15.279
-0.021096,7.9091,0,-0.5622,25.132,15.075
-0.03127,7.8528,-0.023243,-0.58379,24.341,14.985
-0.03127,7.7945,0,-0.6066,23.555,14.768
-0.030031,7.7338,-0.024357,-0.63108,22.774,14.641
-0.030031,7.6707,0,-0.65823,22.001,14.403
-0.03445,7.6049,-0.028167,-0.68502,21.224,14.28
-0.03445,7.5364,0,-0.71478,20.463,14.018
-0.034677,7.4649,-0.021205,-0.74506,19.705,13.853
-0.034141,7.3904,-0.022407,-0.77769,18.958,13.633
-0.036869,7.3126,-0.016768,-0.81195,18.229,13.396
-0.033318,7.2314,-0.015118,-0.84848,17.497,13.142
-0.026979,7.1466,-0.013842,-0.88692,16.773,12.871
-0.026004,7.0579,-0.019324,-0.9284,16.059,12.612
-0.03441,6.965,-0.022042,-0.97392,15.353,12.349
-0.03441,6.8676,0,-1.0234,14.658,11.999
-0.045436,6.7653,-0.027266,-1.0732,13.97,11.764
-0.042842,6.658,-0.027851,-1.1258,13.297,11.43
-0.042842,6.5454,0,-1.1847,12.633,11.017
-0.040317,6.4269,-0.022408,-1.2445,11.967,10.69
-0.048339,6.3025,-0.025644,-1.3107,11.325,10.319
-0.056489,6.1714,-0.024217,-1.3827,10.686,9.9127
-0.056489,6.0332,0,-1.4585,10.07,9.419
-0.059021,5.8873,-0.02152,-1.5316,9.4697,9.017
-0.062854,5.7341,-0.017467,-1.6104,8.8908,8.5368
-0.061473,5.5731,-0.017058,-1.692,8.3244,8.0314
-0.062121,5.4039,-0.022249,-1.776,7.7775,7.5203
-0.062121,5.2263,0,-8.8,7.2398,0
-0.048797,4.3463,-0.025171,-8.8,6.7612,0
-0.05233,3.4663,-0.027159,-8.8,6.3576,0
-0.051415,2.5863,9.1804e-05,-8.8,6.0576,0
-0.051415,1.7063,0,-8.8,5.8378,0
-0.032847,0.82631,0.062967,0.062967,5.6998,1.7613
-0.031569,0.83261,0.1296,0.1296,5.62,1.7716
-0.012895,0.84557,0.30094,0.30094,5.528,1.7598
-0.012895,0.87566,0,0.68097,5.4406,3.2524
0.086166,0.94376,1.2926,-8.8,5.3714,0
0.21045,0.063758,2.0723,2.0723,5.3437,0
0.4256,0.27099,2.8494,2.8494,5.363,0
0.71666,0.55593,3.5032,3.5032,5.3797,0
0.71666,0.90625,0,-8.8,5.3783,0
1.4508,0.026249,3.8977,3.8977,5.4783,0
1.8438,0.41602,3.7933,3.7933,5.6164,0
2.2214,0.79535,3.6969,3.6969,5.7647,0
2.5947,1.165,3.6454,4.9,5.905,0.019026
2.5947,1.655,0,4.9,6.0235,33.996
3.3206,2.145,3.6941,3.5662,6.1648,0
3.6922,2.5017,3.7128,2.8391,6.2774,0
3.6922,2.7856,0,2.5823,6.3822,11.508
4.4334,3.0438,3.5835,2.4768,6.54,0
4.4334,3.2915,0,2.3974,6.6666,8.8369
5.1367,3.5312,3.3793,2.3238,6.84,0
5.4677,3.7636,3.2897,2.267,7.0115,0
5.7998,3.9903,3.201,2.2323,7.1889,0
6.1277,4.2135,3.0826,2.2035,7.3661,0
6.1277,4.4339,0,2.1597,7.5465,4.5587
6.723,4.6498,2.832,2.1194,7.7558,0
6.723,4.8618,0,2.0934,7.9525,3.413
7.2747,5.0711,2.6094,2.0474,8.1969,0
7.2747,5.2759,0,2.0217,8.4071,2.4094
7.8038,5.478,2.4764,1.995,8.6611,0
7.8038,5.6775,0,1.9595,8.8837,1.551
8.2838,5.8735,2.4536,1.929,9.1313,0
8.5327,6.0664,2.4325,1.9132,9.3678,0
8.7835,6.2577,2.4788,1.9037,9.6136,0
9.0303,6.4481,2.4643,1.8933,9.8596,0
9.2849,6.6374,2.4883,1.8916,10.112,0
9.5352,6.8266,2.4909,1.8894,10.375,0
9.5352,7.0155,0,1.8828,10.637,0
9.5352,7.2038,0,1.8852,10.879,0.39806
9.5352,7.3923,0,1.8816,11.103,1.0575
9.5352,7.5805,0,1.8819,11.308,1.7615
10.741,7.7687,2.3871,1.8749,11.809,0
10.976,7.9561,2.3587,1.8706,12.104,0
11.212,8.1432,2.286,1.8706,12.413,0
11.433,8.3303,2.2599,1.8615,12.727,0
11.66,8.5164,2.2136,1.8574,13.039,0
11.887,8.7022,2.125,1.8531,13.346,0
12.091,8.8875,2.0315,1.8375,13.665,0
12.091,9.0712,0,1.8304,13.976,0
12.508,9.2543,1.92,1.8187,14.315,0
12.7,9.4361,1.8149,1.8019,14.645,0
12.884,9.6163,1.6886,1.7834,14.979,0
13.053,9.7947,1.5665,1.7569,15.296,0
13.053,9.9704,0,1.7241,15.613,0
13.354,10.143,1.4286,1.6954,15.95,0
13.488,10.312,1.4382,1.6604,16.275,0
13.628,10.478,1.4483,1.6316,16.595,0
13.773,10.642,1.4494,1.6074,16.91,0
13.926,10.802,1.4329,1.5895,17.22,0
14.072,10.961,1.3652,1.5694,17.531,0
14.205,11.118,1.3255,1.5451,17.845,0
14.334,11.273,1.3544,1.5207,18.155,0
14.334,11.425,0,1.498,18.454,0
14.334,11.575,0,1.4788,18.737,0
14.744,11.722,1.43,1.4677,19.054,0
14.882,11.869,1.4082,1.4534,19.355,0
15.021,12.015,1.3137,1.4406,19.652,0
15.021,12.159,0,1.4222,19.945,0
15.021,12.301,0,1.4021,20.225,0
15.386,12.441,1.1879,1.3852,20.548,0
15.515,12.58,1.1104,1.3729,20.849,0
15.619,12.717,1.0398,1.3491,21.135,0
15.72,12.852,1.0167,1.3255,21.415,0
15.82,12.984,0.90867,1.3038,21.7,0
15.909,13.115,0.78097,1.2778,21.979,0
15.992,13.242,0.68483,1.251,22.26,0
16.067,13.368,0.67435,1.2225,22.532,0
16.067,13.49,0,1.1913,22.796,0
16.199,13.609,0.63642,1.1622,23.064,0
16.261,13.725,0.68536,1.1332,23.324,0
16.261,13.838,0,1.1121,23.572,0
16.261,13.95,0,1.0891,23.809,0
16.472,14.059,0.67815,1.0646,24.048,0
16.543,14.165,0.61197,1.0447,24.282,0
16.605,14.27,0.51101,1.0224,24.521,0
16.655,14.372,0.49682,0.99559,24.743,0
16.655,14.471,0,0.96681,24.966,0
16.74,14.568,0.49587,0.94088,25.196,0
16.794,14.662,0.50079,0.921,25.417,0
16.839,14.754,0.50287,0.89759,25.619,0
16.897,14.844,0.48499,0.88107,25.818,0
16.897,14.932,0,0.86351,26.019,0
17,15.018,0.42285,0.84572,26.228,0
17.038,15.103,0.40605,0.82347,26.415,0
17.038,15.185,0,0.80702,26.605,0
17.038,15.266,0,0.78989,26.786,0
17.178,15.345,0.37982,0.77429,26.997,0
17.222,15.422,0.3517,0.75824,27.178,0
17.267,15.498,0.27973,0.74363,27.362,0
17.299,15.573,0.16211,0.72429,27.538,0
17.312,15.645,0.1128,0.69763,27.711,0
17.316,15.715,0.073405,0.66891,27.875,0
17.325,15.782,-0.022677,0.64309,28.026,0
17.32,15.846,-0.034959,0.61294,28.183,0
17.315,15.907,0.006783,0.58442,28.331,0
17.315,15.966,0,0.55556,28.469,0
17.315,16.021,0,0.52728,28.601,0
17.28,16.074,-0.013253,0.49819,28.728,0
17.278,16.124,0.041533,0.4763,28.846,0
17.289,16.171,0.12541,0.46049,28.958,0
17.31,16.218,0.22151,0.44935,29.072,0
17.31,16.262,0,0.43958,29.179,0
17.373,16.306,0.39642,0.43782,29.289,0
17.373,16.35,0,0.43937,29.394,0
17.373,16.394,0,0.43951,29.494,0
17.373,16.438,0,0.43473,29.589,0
17.549,16.482,0.37859,0.43578,29.715,0
17.549,16.525,0,0.42961,29.82,0
17.622,16.568,0.35147,0.42933,29.926,0
17.658,16.611,0.35283,0.42589,30.03,0
17.686,16.654,0.34698,0.41947,30.134,0
17.686,16.696,0,0.41882,30.235,0
17.686,16.737,0,0.41139,30.332,0
17.784,16.779,0.24486,0.40721,30.437,0
17.784,16.819,0,0.3983,30.535,0
17.818,16.859,0.1509,0.38741,30.642,0
17.842,16.898,0.08144,0.38121,30.745,0
17.842,16.936,0,0.37268,30.837,0
17.842,16.973,0,0.35726,30.926,0
17.871,17.009,0.027808,0.34679,31.007,0
17.865,17.044,0.040273,0.33013,31.085,0
17.87,17.077,0.084649,0.31861,31.171,0
17.87,17.109,0,0.3092,31.248,0
17.904,17.139,0.17852,0.30659,31.322,0
17.924,17.17,0.19162,0.30185,31.398,0
17.924,17.2,0,0.29781,31.472,0
17.972,17.23,0.14676,0.29675,31.553,0
17.972,17.26,0,0.29137,31.626,0
18.004,17.289,0.018084,0.28549,31.704,0
18.004,17.317,-0.02855,0.27392,31.768,0
18.004,17.345,-0.045701,0.2627,31.826,0
18.004,17.371,0,0.2517,31.891,0
17.999,17.396,-0.047794,0.23994,31.956,0
18.001,17.42,-0.05274,0.23103,32.007,0
18.001,17.443,0,0.21965,32.064,0
17.995,17.465,-0.087432,0.21056,32.123,0
17.983,17.486,-0.13781,0.19723,32.166,0
17.983,17.506,0,0.1839,32.214,0
17.983,17.525,0,0.17384,32.261,0
17.946,17.542,-0.21169,0.16022,32.31,0.033251
17.918,17.558,-0.25041,0.14287,32.358,0.21249
17.896,17.572,-0.26688,0.12842,32.389,0.31523
17.865,17.585,-0.27596,0.11084,32.428,0.40533
17.865,17.596,0,0.094783,32.456,0
17.865,17.606,0,0.076997,32.482,0
17.774,17.613,-0.29125,0.063472,32.5,0.61953
17.75,17.62,-0.28063,0.05147,32.523,0.62238
17.73,17.625,-0.25925,0.041663,32.535,0.5807
17.706,17.629,-0.21623,0.030615,32.541,0.47443
17.676,17.632,-0.19214,0.01743,32.538,0.44208
17.666,17.634,-0.141,0.012678,32.537,0.30634
17.661,17.635,-0.13066,0.010345,32.543,0.285
17.661,17.636,0,0.004972,32.545,0
17.627,17.637,-0.17934,-0.0010803,32.548,0.48162
17.609,17.636,-0.19789,-0.0030447,32.537,0.57897
17.609,17.636,0,-0.0053484,32.534,0.045089
17.609,17.636,0,-0.0071585,32.532,0.040116
17.609,17.635,0,-0.0097561,32.529,0.033124
17.609,17.634,0,-0.012228,32.526,0.025907
17.496,17.633,-0.30854,-0.015086,32.477,1.2377
17.459,17.631,-0.34906,-0.018944,32.457,1.497
17.422,17.629,-0.40487,-0.022917,32.438,1.8474
17.377,17.627,-0.4402,-0.027604,32.414,2.1385
17.329,17.624,-0.44283,-0.032699,32.38,2.2814
17.329,17.621,0,-0.037322,32.351,0.54762
17.242,17.617,-0.48811,-0.041663,32.32,2.7594
17.202,17.613,-0.50446,-0.045681,32.286,2.9596
17.15,17.609,-0.54573,-0.051062,32.245,3.3531
17.091,17.603,-0.57266,-0.057136,32.204,3.6929
17.033,17.598,-0.55558,-0.063129,32.141,3.7494
16.987,17.591,-0.59579,-0.067746,32.09,4.1442
16.924,17.585,-0.51783,-0.07436,32.022,3.8156
16.868,17.577,-0.41029,-0.080055,31.944,3.3129
16.836,17.569,-0.3196,-0.083124,31.864,2.886
16.811,17.561,-0.25465,-0.085194,31.791,2.6014
16.777,17.552,-0.12851,-0.088476,31.717,2.0985
16.764,17.543,-0.13109,-0.089115,31.648,2.1164
16.742,17.535,-0.092857,-0.090984,31.561,1.9905
16.726,17.525,-0.075439,-0.092121,31.491,1.9383
16.726,17.516,0,-0.092362,31.412,1.6301
16.706,17.507,-0.081635,-0.092972,31.333,1.9643
16.706,17.498,0,-0.092168,31.253,1.6349
16.706,17.489,0,-0.092695,31.175,1.6081
16.679,17.479,-0.094928,-0.093843,31.101,2.0114
16.672,17.47,-0.098482,-0.093934,31.017,2.0186
16.66,17.46,-0.07831,-0.094616,30.939,1.9436
16.654,17.451,-0.11376,-0.094462,30.867,2.0761
16.651,17.442,-0.15312,-0.094046,30.78,2.2243
16.651,17.432,0,-0.09479,30.702,1.5958
16.613,17.423,-0.42928,-0.097022,30.622,3.6993
16.613,17.413,0,-0.10053,30.541,1.6267
16.53,17.403,-0.43768,-0.10545,30.453,3.9407
16.489,17.392,-0.47174,-0.10964,30.36,4.2491
16.489,17.381,0,-0.11412,30.27,1.8328
16.489,17.37,0,-0.11797,30.181,1.7877
16.354,17.358,-0.52788,-0.12347,30.085,4.9431
16.354,17.346,0,-0.13005,29.985,2.0534
16.222,17.333,-0.67457,-0.1379,29.879,6.4138
16.162,17.319,-0.68381,-0.14448,29.765,6.6528
16.162,17.305,0,-0.15223,29.65,2.4043
16.028,17.289,-0.72651,-0.15938,29.52,7.3881
16.028,17.273,0,-0.16776,29.395,2.6475
15.877,17.257,-0.74282,-0.1764,29.269,7.9603
15.799,17.239,-0.76869,-0.1853,29.134,8.4192
15.727,17.221,-0.73003,-0.19365,28.985,8.2534
15.727,17.201,0,-0.20168,28.837,3.2073
15.585,17.181,-0.74275,-0.21008,28.677,8.7364
15.513,17.16,-0.71692,-0.21845,28.519,8.6728
15.448,17.138,-0.65344,-0.22601,28.355,8.2401
15.378,17.116,-0.63658,-0.23445,28.174,8.2476
15.311,17.092,-0.61017,-0.24246,28.002,8.1596
15.256,17.068,-0.61305,-0.24893,27.813,8.2761
15.204,17.043,-0.62757,-0.25508,27.629,8.4866
15.144,17.017,-0.68119,-0.2623,27.451,9.0881
15.144,16.991,0,-0.27165,27.265,4.0976
15.001,16.964,-0.6808,-0.28033,27.063,9.3732
14.937,16.936,-0.60439,-0.28852,26.865,8.7804
14.876,16.907,-0.65073,-0.2964,26.658,9.297
14.876,16.878,0,-0.30556,26.456,4.4547
14.876,16.847,0,-0.31538,26.257,4.3038
14.876,16.815,0,-0.32529,26.062,4.1514
14.595,16.783,-0.69554,-0.33384,25.818,10.192
14.595,16.75,0,-0.34316,25.601,4.793
14.458,16.715,-0.58882,-0.35302,25.367,9.3665
14.458,16.68,0,-0.36239,25.143,4.9301
14.325,16.644,-0.71502,-0.37213,24.903,10.726
14.251,16.606,-0.74211,-0.38316,24.662,11.094
14.251,16.568,0,-0.39561,24.429,5.094
14.251,16.529,0,-0.40592,24.199,4.9042
14.022,16.488,-0.68741,-0.41824,23.936,10.81
13.945,16.446,-0.64181,-0.43027,23.693,10.44
13.887,16.403,-0.59658,-0.43901,23.45,10.014
13.825,16.359,-0.56357,-0.44897,23.194,9.7206
13.776,16.314,-0.48803,-0.45626,22.947,9.0152
13.735,16.269,-0.39722,-0.46225,22.699,8.2015
13.696,16.222,-0.28056,-0.46811,22.45,7.2526
13.696,16.176,0,-0.47283,22.199,5.2738
13.696,16.128,0,-0.47685,21.954,5.0885
13.603,16.081,-0.3088,-0.48107,21.695,7.1707
13.565,16.033,-0.39157,-0.48694,21.442,7.7068
13.53,15.984,-0.48173,-0.49176,21.2,8.329
13.53,15.935,0,-0.49858,20.957,4.8852
13.428,15.885,-0.59882,-0.50847,20.703,9.2227
13.375,15.834,-0.69328,-0.51719,20.458,10.04
13.315,15.782,-0.8225,-0.52752,20.215,11.298
13.224,15.73,-1.214,-0.54516,19.958,16.108
13.102,15.675,-1.776,-0.56939,19.711,25.772
12.921,15.618,-2.3129,-0.60742,19.452,39.14
12.694,15.557,-2.7455,-0.65767,19.176,53.946
12.414,15.492,-3.1688,-0.72211,18.876,72.968
12.096,15.419,-3.3648,-0.79748,18.563,84.053
11.765,15.34,-3.3809,-0.88028,18.212,85.68
11.42,15.252,-3.4093,-0.96943,17.848,87.968
11.42,15.155,0,-1.0639,17.47,6.6662
11.42,15.048,0,-1.1646,17.102,5.8076
10.381,14.932,-3.4239,-1.2684,16.601,90.136
10.381,14.805,0,-1.3768,16.153,7.4968
9.6763,14.667,-3.6452,-1.5023,15.66,103.98
9.3051,14.517,-3.3085,-1.6394,15.146,83.874
8.9806,14.353,-3.0401,-1.7685,14.625,70.217
8.6722,14.176,-2.4666,-1.9023,14.085,47.659
8.416,13.986,-1.3381,-2.0258,13.536,21.201
8.2873,13.783,-0.50924,-2.1068,12.987,10.762
8.2393,13.573,-0.13033,-2.1552,12.452,7.4598
8.231,13.357,-0.16223,-2.1861,11.926,6.8065
8.2173,13.139,-0.90665,-4.4,11.421,9.7897
8.1358,12.699,-2.3297,-4.4,10.947,5.4003
7.8951,12.259,-3.3837,-4.4,10.511,0
7.8951,11.819,0,-5.2,10.097,86.024
7.191,11.299,-3.5853,-5.2,9.6761,5.0887
6.8305,10.779,-2.8648,-5.2,9.2799,0.67323
6.538,10.259,-1.7412,-5.2,8.8993,143.55
6.3609,9.7386,-1.0155,-5.2,8.5408,60.559
6.2651,9.2186,-0.80115,-5.2,8.2301,54.687
6.1897,8.6986,-0.64379,-5.2,7.9569,51.257
6.128,8.1786,-0.64323,-5.2,7.7274,47.603
6.069,7.6586,-0.66582,-5.2,7.5444,43.963
5.9939,7.1386,-0.62986,-5.2,7.41,40.467
5.9335,6.6186,-0.6316,-5.2,7.3268,37.266
5.9335,6.0986,0,-8.8,7.2843,36.134
5.82,5.2186,-0.63494,-8.8,7.2996,23.112
5.7589,4.3386,-0.61703,1.5642,7.4048,6.8292
5.705,4.4951,-0.59353,1.2758,7.5364,5.3857
5.6411,4.6226,-0.54882,1.0378,7.6422,4.1686
5.6411,4.7264,0,0.85431,7.7389,0.30601
5.5285,4.8118,-0.52363,0.69624,7.8098,3.0276
5.4739,4.8815,-0.53614,0.56618,7.8775,2.82
5.4184,4.9381,-0.55367,0.45311,7.9321,2.7053
5.4184,4.9834,0,0.35509,7.9779,0
5.3053,5.0189,-0.54914,0.2656,8.0215,2.3513
5.2573,5.0455,-0.49169,0.19526,8.0471,1.9237
5.2092,5.065,-0.43276,0.13243,8.0744,1.5472
5.1583,5.0782,-0.38886,0.073298,8.0822,1.2851
5.1112,5.0856,-0.37536,0.023434,8.0891,1.1851
5.0703,5.0879,-0.36636,-0.00503,8.0962,1.1621
5.0417,5.0874,-0.34463,-0.013036,8.0949,1.1244
5.0035,5.0861,-0.30392,-0.023579,8.088,1.0302
5.0035,5.0837,0,-0.030958,8.0799,0.099716
4.9456,5.0806,-0.24971,-0.038664,8.0652,0.92056
4.9199,5.0768,-0.22529,-0.044941,8.058,0.87197
4.9199,5.0723,0,-0.050214,8.0425,0.20832
4.9199,5.0673,0,-0.053831,8.0275,0.18979
4.9199,5.0619,0,-0.057068,8.0131,0.17151
4.8424,5.0562,-0.19093,-0.062123,7.9683,0.84899
4.8261,5.05,-0.19131,-0.065285,7.9434,0.86621
4.8085,5.0434,-0.15435,-0.068735,7.9224,0.76419
4.7898,5.0366,-0.099882,-0.072556,7.8908,0.61857
4.7701,5.0293,-0.075528,-0.076615,7.8574,0.56861
4.7718,5.0216,-0.047362,-0.074289,7.8217,0.4782
4.7754,5.0142,-0.022407,-0.071284,7.7971,0.3984
4.7822,5.0071,-0.058073,-0.067249,7.7803,0.46718
4.7738,5.0004,-0.12706,-0.067842,7.7675,0.66236
4.7738,4.9936,0,-0.070498,7.7452,0.3058
4.7338,4.9865,-0.23335,-0.076258,7.7168,1.0519
4.7125,4.9789,-0.27841,-0.080864,7.6819,1.2413
4.6784,4.9708,-0.2573,-0.089296,7.6463,1.2034
4.6476,4.9619,-0.24142,-0.096555,7.609,1.179
4.631,4.9522,-0.26964,-0.099001,7.5849,1.296
4.5948,4.9423,-0.26715,-0.1078,7.5458,1.3286
4.5664,4.9315,-0.25238,-0.11397,7.506,1.299
4.5664,4.9202,0,-0.12154,7.4701,0.47626
4.5053,4.908,-0.26731,-8.8,7.4288,1.994
4.4697,4.028,-0.22516,0.55304,7.4396,1.5009
4.4467,4.0833,-0.18933,0.44732,7.4888,1.111
4.435,4.128,-0.11603,0.37218,7.5139,0.67724
4.4248,4.1653,-0.059055,0.31097,7.5417,0.39054
4.4154,4.1964,-0.023453,0.26023,7.5717,0.22347
4.4179,4.2224,0.032882,0.23015,7.5824,0.03894
4.4256,4.2454,0.067254,0.21044,7.5929,0
4.4323,4.2664,0.031068,0.19272,7.6187,0.015542
4.4451,4.2857,-0.018545,0.18405,7.629,0.13735
4.4451,4.3041,0,0.16409,7.6441,0.0781
4.4451,4.3205,0,0.1459,7.6573,0.069016
4.4386,4.3351,-0.18209,0.11778,7.6724,0.57714
4.4204,4.3469,-0.20486,0.083333,7.6746,0.61909
4.3961,4.3552,-0.24029,0.046259,7.6811,0.70357
4.3747,4.3598,-0.28831,0.016712,7.6747,0.84459
4.3747,4.3615,0,-0.0020857,7.6761,0
4.3216,4.3613,-0.42155,-0.010451,7.6751,1.4458
4.2737,4.3603,-0.51507,-0.022834,7.6683,1.9948
4.2207,4.358,-0.57881,-0.036326,7.6522,2.4488
4.1721,4.3543,-0.6078,-0.048324,7.6367,2.7154
4.1089,4.3495,-0.73109,-0.063887,7.6254,3.637
4.1089,4.3431,0,-0.080116,7.6016,0.3147
3.9627,4.3351,-0.93398,-0.099999,7.557,5.5286
3.8702,4.3251,-1.0419,-0.12285,7.5198,6.7301
3.7563,4.3128,-1.2042,-0.15183,7.46,8.7005
3.6349,4.2976,-1.3335,-0.18226,7.4068,10.551
3.5008,4.2794,-1.5069,-0.21636,7.3397,13.268
3.3498,4.2578,-1.6535,-0.25605,7.2502,7.8425
3.181,4.2322,-1.7679,-0.30142,7.1492,8.0081
2.9948,4.202,-1.8236,-8.8,7.0456,0
2.8076,3.322,-1.7893,-0.11847,6.9687,6.6045
2.6203,3.3102,-1.6962,-0.16063,6.9061,6.6131
2.4423,3.2941,-1.6491,-0.20108,6.8268,6.6662
2.2845,3.274,-1.5797,-0.23761,6.7296,6.6496
2.1332,3.2503,-1.4861,-0.27287,6.6284,6.5766
1.9838,3.223,-1.4092,-8.8,6.5113,0
1.837,2.343,-1.3417,-0.091525,6.4188,4.8621
1.837,2.3338,0,-0.11454,6.3687,0.81794
1.5823,2.3224,-1.1928,-0.13697,6.2934,4.8761
1.4639,2.3087,-1.1295,-0.15864,6.2142,4.8776
1.4639,2.2928,0,-8.8,6.1305,0
1.2392,1.4128,-0.96637,-0.01999,6.0611,2.9273
1.1343,1.4108,-0.87319,-0.032042,6.0323,2.9187
1.0557,1.4076,-0.75733,-0.040996,6.0033,2.8236
0.97933,1.4035,-0.82662,-0.049671,5.9733,3.0621
0.97933,1.3985,0,-0.0587,5.9311,0.78794
0.80599,1.3927,-0.92633,-0.070245,5.8636,3.496
0.70859,1.3856,-0.91095,-0.082059,5.8012,3.6037
0.61719,1.3774,-0.92514,-0.093201,5.7388,3.7548
0.53196,1.3681,-0.79489,-8.8,5.6546,0
0.4482,0.48811,-0.59304,-0.59304,5.6066,0.081814
0.38921,0.42881,-0.50012,-0.50012,5.6061,0.081176
0.33893,0.3788,-0.42696,-0.42696,5.6044,0.081727
0.2909,0.3361,-0.3445,-0.3445,5.6046,0.092662
0.2909,0.30165,0,-0.25855,5.6018,0
0.2909,0.27579,0,-0.24003,5.602,0
0.19018,0.25179,-0.26079,-0.26079,5.5914,0.12629
0.1695,0.22571,-0.2801,-0.2801,5.5816,0.11523
0.1695,0.1977,0,-0.32958,5.5774,0
