16.389,16.389,0.46686,0,35.5,0
16.439,16.389,0.66549,0.024263,35.493,0
16.439,16.391,0,0.050932,35.498,0.010881
16.536,16.396,0.4295,0.067333,35.515,0
16.586,16.403,0.30565,0.088408,35.521,0
16.612,16.412,0.157,0.096488,35.547,0
16.631,16.422,0.046147,0.10098,35.575,0
16.644,16.432,-0.039911,0.10244,35.603,0
16.644,16.442,0,0.094125,35.624,0
16.629,16.451,-0.13316,0.085746,35.648,0.13991
16.611,16.46,-0.12412,0.072882,35.665,0.14257
16.599,16.467,-0.15178,0.063475,35.672,0.24068
16.587,16.474,-0.2303,0.054759,35.677,0.50346
16.587,16.479,0,0.03667,35.688,0
16.587,16.483,0,0.018761,35.699,0
16.487,16.485,-0.31385,0.00095333,35.705,0.91905
16.463,16.485,-0.30588,-0.0019325,35.702,0.94604
16.436,16.485,-0.25392,-0.0042842,35.706,0.82053
16.409,16.484,-0.21065,-0.0065866,35.705,0.73305
16.398,16.483,-0.14802,-0.0075263,35.692,0.55633
16.391,16.483,-0.054573,-0.0080198,35.689,0.30622
16.391,16.482,0,-0.0081615,35.68,0.1719
16.402,16.481,0.3186,-0.0069229,35.664,0
16.442,16.48,0.52323,-0.0033716,35.657,0
16.484,16.48,0.68583,0.0021279,35.658,0
16.552,16.48,0.7539,0.034228,35.657,0
16.619,16.484,0.80043,0.064975,35.663,0
16.619,16.49,0,0.095932,35.677,0
16.764,16.5,0.78895,0.1268,35.699,0
16.764,16.512,0,0.15384,35.725,0
16.908,16.528,0.77063,0.18225,35.771,0
16.908,16.546,0,0.20741,35.808,0
17.046,16.567,0.74067,0.22907,35.853,0
17.046,16.59,0,0.25017,35.9,0
17.186,16.615,0.76155,0.27297,35.96,0
17.254,16.642,0.75416,0.29192,36.015,0
17.325,16.671,0.76573,0.31141,36.071,0
17.396,16.702,0.7801,0.32956,36.146,0
17.464,16.735,0.79134,0.3459,36.226,0
17.541,16.77,0.81847,0.36543,36.298,0
17.613,16.806,0.84713,0.38153,36.37,0
17.693,16.845,0.87397,0.40071,36.449,0
17.779,16.885,0.87303,0.42148,36.537,0
17.875,16.927,0.86381,0.44617,36.619,0
17.875,16.971,0,0.46225,36.712,0
18.043,17.018,0.85809,0.48024,36.806,0
18.138,17.066,0.82857,0.50117,36.906,0
18.138,17.116,0,0.51331,37.011,0
18.292,17.167,0.79457,0.52317,37.141,0
18.292,17.219,0,0.53345,37.251,0
18.448,17.273,0.75839,0.54411,37.372,0
18.448,17.327,0,0.55633,37.487,0
18.448,17.383,0,0.56446,37.596,0
18.448,17.439,0,0.56733,37.7,0
18.448,17.496,0,0.57758,37.798,0
18.448,17.554,0,0.58192,37.89,0
18.915,17.612,0.81356,0.59442,38.115,0
18.993,17.671,0.82969,0.60165,38.257,0
19.084,17.732,0.79642,0.61386,38.388,0
19.168,17.793,0.7735,0.62262,38.532,0
19.25,17.855,0.78679,0.63004,38.67,0
19.326,17.918,0.79536,0.63408,38.808,0
19.396,17.982,0.78627,0.63534,38.96,0
19.396,18.045,0,0.64054,39.098,0
19.55,18.109,0.81147,0.64403,39.242,0
19.635,18.174,0.79777,0.65112,39.388,0
19.705,18.239,0.79165,0.65212,39.543,0
19.787,18.304,0.79457,0.65744,39.686,0
19.858,18.37,0.78519,0.65825,39.831,0
19.939,18.436,0.78249,0.66274,39.974,0
20.017,18.502,0.78723,0.66638,40.131,0
20.017,18.568,0,0.66733,40.279,0
20.176,18.635,0.81724,0.67422,40.443,0
20.176,18.703,0,0.67517,40.594,0
20.327,18.77,0.77408,0.6781,40.767,0
20.397,18.838,0.76385,0.67727,40.922,0
20.465,18.906,0.72926,0.67554,41.074,0
20.548,18.973,0.68739,0.68044,41.233,0
20.548,19.041,0,0.68239,41.387,0
20.548,19.109,0,0.67737,41.535,0
20.742,19.177,0.4828,0.67071,41.702,0
20.785,19.244,0.34236,0.65871,41.857,0
20.785,19.31,0,0.64257,42.008,0
20.849,19.374,0.13533,0.62715,42.15,0
20.861,19.437,0.061994,0.60442,42.295,0
20.876,19.498,-8.6881e-05,0.58357,42.432,0
20.876,19.556,0,0.55673,42.567,0
20.88,19.612,-0.016651,0.53468,42.686,0
20.873,19.665,-0.019972,0.5083,42.816,0
20.873,19.716,0,0.48256,42.934,0
20.869,19.764,0.051171,0.46351,43.052,0
20.877,19.81,0.017538,0.44644,43.151,0
20.872,19.855,0.037337,0.42489,43.255,0
20.871,19.898,0.062325,0.40589,43.347,0
20.867,19.938,0.013971,0.3871,43.45,0
20.861,19.977,0.029653,0.36787,43.549,0
20.873,20.014,0.042543,0.35691,43.632,0
20.882,20.049,0.022112,0.34545,43.714,0
20.882,20.084,0,0.32855,43.795,0
20.882,20.117,0,0.3112,43.873,0
20.882,20.148,0,0.30007,43.948,0
20.864,20.178,-0.070235,0.28348,44.016,0
20.861,20.206,-0.10083,0.27001,44.075,0
20.851,20.233,-0.11501,0.25465,44.141,0
20.831,20.259,-0.12503,0.23586,44.2,0
20.831,20.282,0,0.22343,44.256,0
20.813,20.305,-0.12737,0.2092,44.313,0
20.797,20.326,-0.1375,0.19388,44.354,0
20.797,20.345,0,0.18112,44.4,0
20.764,20.363,-0.1072,0.16454,44.459,0
20.753,20.38,-0.065298,0.15326,44.492,0
20.748,20.395,-0.0032008,0.14497,44.532,0
20.753,20.409,0.079789,0.14071,44.56,0
20.769,20.423,0.14077,0.14146,44.598,0
20.791,20.438,0.18348,0.1446,44.64,0
20.81,20.452,0.21148,0.14667,44.685,0
20.841,20.467,0.2206,0.15329,44.72,0
20.861,20.482,0.21635,0.15512,44.752,0
20.861,20.498,0,0.1569,44.789,0
20.895,20.513,0.18601,0.15577,44.826,0
20.895,20.529,0,0.15304,44.864,0
20.924,20.544,0.15222,0.15496,44.911,0
20.941,20.56,0.12241,0.15566,44.944,0
20.941,20.575,0,0.15498,44.981,0
20.953,20.591,-0.04603,0.14785,45.019,0
20.953,20.605,0,0.13906,45.055,0
20.953,20.619,0,0.13062,45.089,0
20.922,20.632,-0.37514,0.11774,45.12,0.77653
20.922,20.644,0,0.095055,45.148,0
20.922,20.654,0,0.070332,45.175,0
20.922,20.661,0,0.046046,45.202,0
20.731,20.665,-0.5448,0.026832,45.195,1.8724
20.685,20.668,-0.52094,0.0069574,45.203,1.8184
20.685,20.669,0,-0.0029191,45.205,0
20.685,20.668,0,-0.0065154,45.206,0
20.513,20.668,-0.90677,-0.011727,45.188,4.9461
20.415,20.667,-1.1269,-0.019133,45.172,7.4141
20.302,20.665,-1.4163,-0.027593,45.143,11.416
20.302,20.662,0,-0.038704,45.107,0.70348
20.302,20.658,0,-0.050744,45.071,0.66149
19.808,20.653,-1.9144,-0.064624,44.958,22.679
19.614,20.647,-1.9842,-0.079167,44.871,25.344
19.424,20.639,-2.0636,-0.093509,44.755,28.319
19.424,20.629,0,-0.10915,44.634,2.7667
19.008,20.618,-2.22,-0.12508,44.477,34.814
19.008,20.606,0,-0.14226,44.317,3.877
18.549,20.592,-2.596,-0.16069,44.098,49.102
18.283,20.576,-2.8164,-0.18173,43.874,58.833
18.007,20.557,-3.0371,-0.20381,43.63,69.721
17.713,20.537,-3.1884,-0.2278,43.357,78.468
17.4,20.514,-3.2689,-0.2538,43.059,84.215
17.4,20.489,0,-0.28177,42.749,8.7413
16.737,20.461,-3.3149,-0.31068,42.379,90.218
16.402,20.43,-3.2885,-0.34058,41.991,90.735
16.402,20.396,0,-0.37072,41.59,12.105
15.752,20.358,-3.0741,-0.40157,41.134,84.394
15.454,20.318,-2.8314,-0.43118,40.667,76.068
15.168,20.275,-2.5915,-0.46091,40.17,68.828
15.168,20.229,0,-0.48906,39.661,16.307
15.168,20.18,0,-0.51497,39.158,15.856
14.491,20.129,-1.9015,-0.5398,38.569,51.403
14.295,20.075,-1.7792,-0.56572,37.994,49.092
14.11,20.018,-1.5739,-0.59125,37.416,44.942
13.957,19.959,-1.346,-0.61476,36.822,40.49
13.827,19.898,-1.0781,-0.63705,36.21,35.586
13.722,19.834,-0.81752,-0.65732,35.603,31.206
13.634,19.768,-0.6063,-0.67657,34.986,27.912
13.565,19.7,-0.49322,-0.69426,34.37,26.138
13.507,19.631,-0.44394,-0.71139,33.749,25.229
13.507,19.56,0,-0.72747,33.14,19.359
13.42,19.487,-0.45971,-0.74245,32.544,24.804
13.371,19.413,-0.45586,-0.75942,31.939,24.439
13.333,19.337,-0.4146,-0.77558,31.336,23.53
13.286,19.259,-0.33734,-0.79304,30.738,22.218
13.247,19.18,-0.20147,-0.8098,30.147,20.238
13.247,19.099,0,-0.82396,29.557,17.534
13.219,19.017,0.040414,-0.83668,28.981,16.757
13.23,18.933,0.13602,-0.84642,28.41,15.322
13.237,18.848,0.18142,-0.85666,27.848,14.416
13.237,18.763,0,-0.8666,27.291,15.583
13.269,18.676,0.27905,-0.87435,26.731,12.57
13.269,18.589,0,-0.8788,26.195,14.501
13.339,18.501,0.42703,-0.88291,25.677,10.421
13.384,18.412,0.58102,-0.88428,25.171,8.949
13.436,18.324,0.66837,-0.8835,24.677,7.9803
13.505,18.236,0.73438,-0.87873,24.198,7.1623
13.575,18.148,0.84779,-0.87293,23.725,6.2179
13.655,18.061,0.91358,-0.86385,23.267,5.5397
13.756,17.974,0.92315,-0.84894,22.83,5.0681
13.85,17.889,0.92519,-0.83422,22.409,4.665
13.944,17.806,0.90489,-0.81752,22.007,4.345
14.038,17.724,0.92543,-0.79867,21.634,3.9436
14.139,17.644,0.94831,-0.77739,21.268,3.5603
14.139,17.566,0,-0.75717,20.922,7.2015
14.329,17.491,0.74223,-0.73299,20.587,3.3913
14.329,17.417,0,-0.71454,20.275,6.1842
14.329,17.346,0,-0.69684,19.97,6.021
14.518,17.276,0.42382,-0.67808,19.707,3.4623
14.518,17.208,0,-0.66145,19.435,5.0633
14.598,17.142,0.31996,-0.64936,19.167,3.3369
14.598,17.077,0,-0.63536,18.916,4.4877
14.598,17.014,0,-0.61985,18.671,4.3527
14.683,16.952,0.14398,-0.60885,18.459,3.3497
14.683,16.891,0,-0.59985,18.236,3.788
14.709,16.831,0.18777,-0.58757,18.024,2.8712
14.734,16.772,0.25804,-0.5729,17.823,2.4923
14.734,16.715,0,-0.55978,17.622,3.2687
14.794,16.659,0.3358,-0.53998,17.428,1.986
14.829,16.605,0.32666,-0.52091,17.251,1.8597
14.853,16.553,0.36556,-0.50594,17.069,1.6583
14.895,16.502,0.39987,-0.48405,16.909,1.4591
14.934,16.454,0.41794,-0.46368,16.749,1.3076
14.974,16.408,0.40943,-0.44191,16.608,1.201
15.018,16.363,0.42698,-0.41925,16.476,1.0615
15.068,16.321,0.43695,-0.39427,16.355,0.93219
15.102,16.282,0.40992,-0.37445,16.24,0.86972
15.102,16.245,0,-0.35514,16.124,1.6948
15.102,16.209,0,-0.33451,16.012,1.6686
15.217,16.176,0.27118,-0.3127,15.902,0.76974
15.254,16.144,0.1814,-0.29251,15.816,0.83354
15.254,16.115,0,-0.27732,15.728,1.2328
15.254,16.087,0,-0.26612,15.644,1.1979
15.254,16.061,0,-0.25828,15.562,1.1564
15.283,16.035,-0.13851,-0.25346,15.498,1.4589
15.271,16.01,-0.21343,-0.25067,15.422,1.7022
15.259,15.984,-0.2329,-0.24757,15.357,1.7517
15.237,15.96,-0.23616,-0.24779,15.294,1.7549
15.223,15.935,-0.34595,-0.24544,15.228,2.1944
15.198,15.91,-0.39259,-0.24701,15.162,2.4071
15.159,15.886,-0.37805,-0.2536,15.081,2.3526
15.129,15.86,-0.38785,-0.25731,14.999,2.3994
15.084,15.835,-0.42097,-0.26566,14.926,2.5849
15.084,15.808,0,-0.27345,14.852,0.92547
15.009,15.781,-0.35434,-0.27688,14.773,2.2849
14.97,15.753,-0.39388,-0.28252,14.701,2.4799
14.921,15.725,-0.41648,-0.29236,14.614,2.6134
14.872,15.696,-0.4369,-0.30198,14.526,2.7367
14.834,15.665,-0.47117,-0.30686,14.445,2.9158
14.834,15.635,0,-0.31139,14.363,1.0018
14.75,15.604,-0.53192,-0.31984,14.276,3.2609
14.75,15.572,0,-0.32802,14.192,1.0072
14.649,15.539,-0.50735,-0.33896,14.098,3.1537
14.596,15.505,-0.50853,-0.34927,14,3.1734
14.596,15.47,0,-0.35485,13.911,1.0574
14.495,15.434,-0.4522,-0.36692,13.827,2.8928
14.449,15.398,-0.48663,-0.37335,13.741,3.073
14.397,15.36,-0.55381,-0.38278,13.641,3.4511
14.346,15.322,-0.56682,-0.39087,13.551,3.5282
14.288,15.283,-0.61576,-0.40214,13.454,3.8315
14.226,15.243,-0.64087,-0.4152,13.35,3.9988
14.155,15.201,-0.64698,-0.43215,13.237,4.0548
14.08,15.158,-0.61454,-0.44901,13.14,3.8735
14.024,15.113,-0.56049,-0.4581,13.037,3.543
13.965,15.067,-0.53391,-0.46851,12.931,3.3865
13.903,15.021,-0.57648,-0.47979,12.828,3.6247
13.839,14.973,-0.59204,-0.49211,12.712,3.7066
13.776,14.923,-0.64386,-0.50342,12.607,4.0127
13.776,14.873,0,-0.51572,12.495,1.167
13.641,14.821,-0.62574,-4.4,12.391,286.62
13.586,14.381,-0.62988,-0.34983,12.284,3.4623
13.522,14.346,-0.65457,-0.36512,12.21,3.6361
13.522,14.31,0,-4.4,12.129,260.17
13.522,13.87,0,-0.20676,12.073,0.28132
13.347,13.849,-0.5085,-0.22016,12.005,2.4121
13.303,13.827,-0.42051,-0.23142,11.943,2.0039
13.303,13.804,0,-4.4,11.892,347.91
13.221,13.364,-0.17983,-0.061639,11.863,0.63349
13.221,13.358,0,-0.063057,11.849,0.14844
13.201,13.352,-0.071265,-0.064895,11.838,0.33786
13.189,13.345,-0.022287,-0.067546,11.822,0.22766
13.193,13.338,-0.042653,-0.06271,11.816,0.26167
13.191,13.332,-0.07822,-0.061111,11.806,0.34428
13.191,13.326,-0.11065,-0.058483,11.79,0.42179
13.188,13.32,-0.15715,-0.057125,11.78,0.54968
13.18,13.314,-0.18933,-0.058394,11.762,0.65063
13.155,13.309,-0.21357,-0.066695,11.751,0.75072
13.125,13.302,-0.26826,-0.077256,11.728,0.96655
13.096,13.294,-0.32498,-0.086777,11.707,1.2051
13.063,13.286,-0.37537,-0.097316,11.692,1.4396
13.02,13.276,-0.43132,-0.11235,11.672,1.7277
12.974,13.265,-0.4391,-0.1282,11.639,1.8049
12.935,13.252,-0.41795,-4.4,11.6,1088
12.901,12.812,-0.37959,0.0241,11.587,1.0143
12.863,12.814,-0.31924,0.013124,11.589,0.85208
12.829,12.815,-0.2185,0.0036849,11.599,0.56022
12.8,12.816,-0.098789,-0.0067366,11.608,0.25128
12.783,12.815,-0.011062,-0.013786,11.612,0.061022
12.776,12.814,0.063745,-0.016015,11.603,0
12.777,12.812,0.13511,-0.015067,11.608,0
12.78,12.811,0.21511,-0.012934,11.597,0
12.78,12.809,0,-0.0033514,11.594,0.052703
12.823,12.809,0.31223,0.0038303,11.6,0
12.857,12.809,0.32389,0.01287,11.6,0
12.894,12.811,0.3924,0.022569,11.602,0
12.934,12.813,0.42595,0.03269,11.606,0
12.97,12.816,0.40658,0.041354,11.622,0
13.004,12.82,0.42798,0.049613,11.643,0
13.004,12.825,0,0.057808,11.661,0
13.004,12.831,0,0.067746,11.679,0
13.004,12.838,0,0.074723,11.696,0
13.143,12.845,0.062942,0.080674,11.735,0
13.149,12.853,-0.06644,0.080128,11.768,0
13.149,12.861,0,0.078595,11.797,0
13.121,12.869,-0.60508,0.068457,11.822,1.7587
13.121,12.876,0,0.052415,11.847,0
12.939,12.881,-2.2042,0.015709,11.869,23.714
12.939,12.883,0,-0.068193,11.875,0
12.387,12.876,-4.611,-0.20282,11.842,235.67
11.933,12.856,-5.75,-0.38572,11.775,1481.5
11.361,12.817,-6.5851,-0.61653,11.66,26.056
10.698,12.756,-7.2448,-0.8878,11.491,26.451
9.9651,12.667,-7.7151,-8.0397,11.244,4.8566
9.9651,11.863,0,-1.151,11.014,1.6061
9.9651,11.748,0,-8.5118,10.83,0
7.5979,10.897,-7.9754,-8.5011,10.349,5.6576
6.804,10.046,-7.7078,-8.2323,10.022,5.545
6.0403,9.2232,-7.3515,-1.2794,9.701,22.668
6.0403,9.0953,0,-7.8362,9.3891,47.695
4.5994,8.3117,-6.7567,-7.5233,8.9876,5.9992
3.9141,7.5593,-6.5583,-7.3288,8.6219,5.8535
3.2609,6.8265,-6.5322,-7.3018,8.2595,5.6922
2.6128,6.0963,-6.4997,-8.8,7.9024,2.3077
1.9711,5.2163,-6.493,-8.8,7.567,1.8049
1.3304,4.3363,-6.4503,-0.86581,7.2441,18.496
1.3304,4.2497,0,-8.8,6.9478,0
0.053899,3.3697,-6.3655,-8.8,6.5888,1.6818
-0.58861,2.4897,-6.4862,-0.61818,6.269,18.641
-1.2451,2.4279,-6.4154,-8.8,5.9234,2.5192
-1.8917,1.5479,-6.0895,-8.8,5.5659,1.3557
-1.8917,0.66789,0,-8.8,5.2659,0
-3.0211,0,-4.0227,-8.8,4.9475,0
-3.4225,0,-2.6761,-8.8,4.6765,0
-3.697,0,-1.4767,-8.8,4.3554,0
-3.697,0,0,-8.8,4.0297,0
-3.8902,0,-0.15212,-8.8,3.6756,0
-3.8985,0,-0.1043,-8.8,3.3263,0
-3.8985,0,0,-8.8,2.9805,0
-3.8878,0,0.63372,-8.8,2.6335,0
-3.8323,0,1.2677,-8.8,2.295,0
-3.8323,0,0,-8.8,1.9558,0
-3.5171,0,2.4971,-8.8,1.6399,0
-3.2659,0,2.5056,-8.8,1.3372,0
-3.0087,0,2.0844,-8.8,1.0744,0
-2.7948,0,1.3794,-8.8,0.82957,0
-2.7948,0,0,-8.8,0.59409,0
-2.7948,0,0,-9.5865,0.35861,0
-2.7948,0,0,-22.374,0.12706,0
-2.8342,0,-2.178,-736.64,0.0054682,0
-3.0597,0,-2.6742,-8.8,3.3849,0
-3.0597,0,0,-8.8,3.1229,0
-3.6329,0,-2.931,-8.8,2.8071,0
-3.9322,0,-2.8412,-8.8,2.48,0
-3.9322,0,0,-8.8,2.1308,0
-3.9322,0,0,-8.8,1.7815,0
-4.6699,0,-1.5712,-9.8395,1.3188,0
-4.8204,0,-1.1317,-14.195,0.88934,0
-4.9349,0,-0.76935,-27.01,0.46404,0
-5.0094,0,-0.6296,-120.59,0.10459,0
-5.0094,0,0,-64.442,0.20662,0
-5.0094,0,0,-916.53,0.027891,0
-5.1988,0,-0.81865,-8.8,4.086,0
-5.2892,0,-1.0295,-8.8,3.6018,0
-5.2892,0,0,-8.8,3.1169,0
-5.2892,0,0,-8.8,2.632,0
-5.6724,0,-1.7561,-9.3852,2.1087,0
-5.8381,0,-1.8816,-12.725,1.5717,0
-6.0228,0,-1.8855,-19.419,1.0344,0
-6.2151,0,-1.7971,-38.513,0.52603,0
-6.389,0,-1.6126,-259.16,0.079247,0
-6.389,0,0,-30.587,0.73613,0
-6.389,0,0,-99.909,0.25017,0
-6.7877,0,-0.75792,-510.28,0.045212,0
-6.863,0,-0.53348,-12.783,1.9226,0
-6.9134,0,-0.40352,-18.924,1.2903,0
-6.9476,0,-0.34177,-34.998,0.69642,0
-6.9803,0,-0.32059,-145.87,0.16738,0
-7.0034,0,-0.3102,-122.96,0.19995,0
-7.0441,0,-0.29646,-231.22,0.10744,0
-7.0798,0,-0.27476,-44.936,0.56116,0
-7.0798,0,0,-301.2,0.077855,0
-7.1286,0,-0.28372,-29.387,0.87304,0
-7.1558,0,-0.28193,-81.658,0.31463,0
-7.1558,0,0,-39466,0.007332,0
-7.2091,0,-0.27645,7.8,196.61,31.749
-7.2329,0.78,-0.28297,7.8,195.85,33.411
-7.2329,1.56,0,7.8,195.01,34.415
-7.2925,2.34,-0.27462,7.8,194.07,36.713
-7.2925,3.12,0,7.8,193.07,37.735
-7.3476,3.9,-0.285,7.8,191.98,40.046
-7.3476,4.68,0,7.8,190.82,41.046
-7.3957,5.46,-0.2802,7.8,189.56,43.333
-7.4196,6.24,-0.2833,6.7,188.23,42.676
-7.4532,6.91,-0.27999,6.7,186.83,44.111
-7.4831,7.58,-0.28073,6.7,185.37,45.548
-7.4831,8.25,0,6.7,183.83,46.331
-7.5353,8.92,-0.2906,6.7,182.21,48.422
-7.5698,9.59,-0.28884,6.7,180.53,49.863
-7.6067,10.26,-0.29032,6.7,178.79,51.315
-7.6452,10.93,-0.29202,6.7,176.97,52.771
-7.6645,11.6,-0.28861,6.7,175.08,54.177
-7.6925,12.27,-0.28758,4.8,173.12,51.613
-7.7118,12.75,-0.28586,4.8,171.1,52.633
-7.7413,13.23,-0.28498,4.8,169.02,53.676
-7.775,13.71,-0.28372,4.8,166.91,54.727
-7.799,14.19,-0.27961,4.8,164.74,55.751
-7.799,14.67,0,4.8,162.52,56.147
-7.839,15.15,-0.28472,4.8,160.25,57.812
-7.839,15.63,0,4.8,157.93,58.198
-7.8834,16.11,-0.28475,4.8,155.55,59.871
-7.9034,16.59,-0.28643,4.8,153.13,60.899
-7.9306,17.07,-0.28086,4.8,150.65,61.927
-7.9588,17.55,-0.28002,4.8,148.12,62.967
-7.9773,18.03,-0.28095,4.8,145.55,63.991
-7.9773,18.51,0,4.8,142.93,64.385
-7.9773,18.99,0,4.8,140.26,65.369
-8.0656,19.47,-0.2774,4.8,137.5,67.117
-8.087,19.95,-0.28385,4.8,134.73,68.158
-8.113,20.43,-0.28349,4.8,131.9,69.195
-8.113,20.91,0,4.8,129.02,69.583
-8.1652,21.39,-0.28965,4.8,126.08,71.283
-8.1984,21.87,-0.29383,4.8,123.1,72.344
-8.1984,22.35,0,4.8,120.07,72.71
-8.2527,22.83,-0.2882,4.8,116.99,74.411
-8.279,23.31,-0.28327,4.8,113.86,75.439
-8.3038,23.79,-0.28715,4.8,110.67,76.482
-8.3357,24.27,-0.27861,4.8,107.44,77.513
-8.3357,24.75,0,4.8,104.15,77.912
-8.3357,25.23,0,4.8,100.82,78.896
-8.3357,25.71,0,4.8,97.44,79.88
-8.3357,26.19,0,4.8,94.011,80.864
-8.4722,26.67,-0.28954,4.8,90.493,82.736
-8.4933,27.15,-0.29176,4.8,86.944,83.768
-8.5278,27.63,-0.28825,4.8,83.347,84.815
-8.5638,28.11,-0.29734,4.8,79.703,85.892
-8.5638,28.59,0,4.8,76.012,86.251
-8.6194,29.07,-0.32265,-2,72.272,73.739
