12.778,12.778,0.062055,0,35.5,0
12.778,12.778,0,0.0042627,35.5,0.0090027
12.778,12.778,0,0.022035,35.5,0.048415
12.835,12.78,0.31753,0.039637,35.508,0
12.866,12.784,0.28105,0.05951,35.516,0
12.885,12.79,0.18449,0.068968,35.532,0
12.896,12.797,0.12748,0.07212,35.551,0
12.917,12.804,0.15632,0.082433,35.558,0
12.917,12.813,0,0.088199,35.569,0
12.956,12.821,0.25664,0.098326,35.583,0
12.986,12.831,0.2619,0.113,35.591,0
13.012,12.843,0.22089,0.12298,35.613,0
13.025,12.855,0.15261,0.12389,35.63,0
13.025,12.867,0,0.12702,35.647,0
13.052,12.88,-0.0904,0.12481,35.678,0.14311
13.037,12.892,-0.15536,0.10504,35.695,0.34223
13.023,12.903,-0.21966,0.086633,35.713,0.55785
13.01,12.912,-0.29368,0.071266,35.726,0.82928
12.976,12.919,-0.30999,0.041114,35.736,0.89788
12.952,12.923,-0.28287,0.021155,35.742,0.80026
12.922,12.925,-0.29535,-0.00017596,35.748,0.85825
12.894,12.925,-0.31411,-0.002068,35.739,1.002
12.865,12.925,-0.30655,-0.0040343,35.74,1.049
12.843,12.924,-0.3066,-0.0054736,35.739,1.1053
12.806,12.924,-0.28404,-0.0079631,35.722,1.1137
12.778,12.923,-0.21174,-0.0097425,35.708,0.91215
12.778,12.922,0,-0.010951,35.694,0.28009
12.739,12.921,-0.025906,-0.0123,35.671,0.42837
12.739,12.92,0,-0.01261,35.652,0.35882
12.738,12.918,0.05538,-0.012223,35.633,0.22971
12.747,12.917,0.076712,-0.011523,35.621,0.16399
12.747,12.916,0,-0.010269,35.604,0.33835
12.747,12.915,0,-0.0097025,35.587,0.33746
12.782,12.914,0.18938,-0.0089724,35.567,0
12.782,12.913,0,-0.0074458,35.553,0.26191
12.828,12.912,0.27794,-0.0057348,35.548,0
12.857,12.912,0.29693,-0.0037282,35.545,0
12.896,12.912,0.30583,-0.0010488,35.543,0
12.896,12.911,0,0.012502,35.541,0.058752
12.962,12.913,0.29734,0.03571,35.546,0
12.995,12.916,0.31423,0.056808,35.552,0
13.023,12.922,0.32769,0.0725,35.57,0
13.023,12.929,0,0.085386,35.58,0
13.088,12.938,0.31825,0.1082,35.593,0
13.112,12.949,0.34303,0.11697,35.601,0
13.151,12.96,0.35505,0.13671,35.617,0
13.188,12.974,0.36811,0.15347,35.642,0
13.217,12.989,0.38048,0.16282,35.657,0
13.253,13.006,0.3695,0.1764,35.684,0
13.287,13.023,0.36313,0.18774,35.718,0
13.315,13.042,0.36782,0.19431,35.735,0
13.345,13.061,0.3816,0.20175,35.768,0
13.388,13.082,0.41459,0.2175,35.789,0
13.422,13.103,0.44801,0.22523,35.814,0
13.466,13.126,0.45884,0.24009,35.844,0
13.502,13.15,0.46215,0.24834,35.888,0
13.555,13.175,0.44808,0.26757,35.922,0
13.598,13.201,0.42954,0.2783,35.958,0
13.639,13.229,0.40727,0.28673,35.999,0
13.677,13.258,0.36963,0.29253,36.04,0
13.677,13.287,0,0.3009,36.081,0
13.757,13.317,0.35446,0.3049,36.127,0
13.757,13.348,0,0.31059,36.169,0
13.838,13.379,0.35599,0.3169,36.204,0
13.869,13.411,0.34843,0.31531,36.251,0
13.91,13.442,0.36148,0.32087,36.292,0
13.952,13.474,0.28822,0.32651,36.346,0
13.974,13.507,0.21702,0.31879,36.401,0
14.002,13.539,0.20374,0.31485,36.454,0
14.016,13.57,0.17327,0.30213,36.494,0
14.041,13.6,0.1176,0.29802,36.545,0
14.053,13.63,0.084694,0.28518,36.585,0
14.053,13.659,0,0.26759,36.625,0
14.065,13.685,0.087596,0.25508,36.667,0
14.065,13.711,0,0.24678,36.704,0
14.092,13.736,0.17019,0.23842,36.75,0
14.108,13.759,0.25008,0.23288,36.793,0
14.14,13.783,0.24477,0.23793,36.829,0
14.172,13.807,0.22878,0.24329,36.873,0
14.194,13.831,0.21284,0.24079,36.904,0
14.21,13.855,0.22939,0.23525,36.947,0
14.21,13.878,0,0.2363,36.982,0
14.242,13.902,0.11947,0.22427,37.02,0
14.25,13.925,0.20551,0.21406,37.044,0
14.275,13.946,0.19367,0.21652,37.071,0
14.297,13.968,0.0746,0.21614,37.099,0
14.306,13.989,0.17133,0.20753,37.137,0
14.324,14.01,0.2462,0.20511,37.177,0
14.35,14.03,0.23058,0.20855,37.216,0
14.35,14.051,0,0.2084,37.246,0
14.35,14.072,0,0.20485,37.275,0
14.422,14.093,0.11554,0.21402,37.308,0
14.422,14.114,0,0.2135,37.34,0
14.441,14.135,-0.025075,0.19768,37.371,0
14.441,14.155,-0.019921,0.18495,37.402,0
14.441,14.174,0,0.16549,37.43,0
14.428,14.19,0.12695,0.15324,37.442,0
14.44,14.206,0.21329,0.15071,37.467,0
14.471,14.221,0.25983,0.16093,37.497,0
14.494,14.237,0.2626,0.16522,37.53,0
14.517,14.253,0.29857,0.16891,37.551,0
14.555,14.27,0.31649,0.18241,37.575,0
14.584,14.288,0.37757,0.18897,37.599,0
14.584,14.307,0,0.20519,37.627,0
14.663,14.328,0.39751,0.21381,37.665,0
14.712,14.349,0.3446,0.23096,37.7,0
14.745,14.372,0.31129,0.2364,37.734,0
14.767,14.396,0.20234,0.23483,37.766,0
14.789,14.419,0.16502,0.23359,37.797,0
14.789,14.443,0,0.22897,37.833,0
14.816,14.466,0.24395,0.22091,37.871,0
14.846,14.488,0.29177,0.22509,37.912,0
14.881,14.51,0.30752,0.23273,37.943,0
14.919,14.533,0.27305,0.24138,37.986,0
14.949,14.558,0.24836,0.24505,38.032,0
14.969,14.582,0.2318,0.24155,38.081,0
14.969,14.606,0,0.24227,38.118,0
14.969,14.631,0,0.24322,38.153,0
15.039,14.655,0.29589,0.23864,38.187,0
15.062,14.679,0.29793,0.2376,38.216,0
15.097,14.702,0.30022,0.24398,38.247,0
15.121,14.727,0.26362,0.24301,38.278,0
15.149,14.751,0.23999,0.24515,38.321,0
15.167,14.776,0.2508,0.24084,38.363,0
15.167,14.8,0,0.24155,38.4,0
15.218,14.824,0.27111,0.24145,38.431,0
15.241,14.848,0.26844,0.24005,38.463,0
15.264,14.872,0.25424,0.23952,38.508,0
15.293,14.896,0.23185,0.24187,38.555,0
15.318,14.92,0.21875,0.24184,38.595,0
15.336,14.944,0.20592,0.23786,38.643,0
15.354,14.968,0.22306,0.23381,38.679,0
15.368,14.992,0.20703,0.2282,38.725,0
15.388,15.014,0.17543,0.22569,38.762,0
15.413,15.037,0.15488,0.22667,38.804,0
15.424,15.06,0.13314,0.21979,38.837,0
15.432,15.082,0.10004,0.21055,38.883,0
15.437,15.103,0.072205,0.20114,38.924,0
15.44,15.123,0.065653,0.19007,38.961,0
15.442,15.142,0.051041,0.18011,38.984,0
15.451,15.16,0.012275,0.17408,39.022,0
15.451,15.177,0,0.16848,39.051,0
15.47,15.194,0.035502,0.16492,39.072,0
15.465,15.211,0.041668,0.15143,39.098,0
15.471,15.226,0.052725,0.14606,39.132,0
15.471,15.24,0.070616,0.13718,39.165,0
15.487,15.254,0.084596,0.13853,39.194,0
15.487,15.268,0,0.13296,39.217,0
15.51,15.281,0.10341,0.13566,39.236,0
15.529,15.295,0.098336,0.13909,39.252,0
15.53,15.309,0.10459,0.13104,39.284,0
15.54,15.322,0.12927,0.12895,39.302,0
15.545,15.335,0.12609,0.12404,39.317,0
15.554,15.347,0.10874,0.12246,39.333,0
15.556,15.359,0.070963,0.11592,39.356,0
15.56,15.371,0.083266,0.11157,39.376,0
15.568,15.382,0.071251,0.10975,39.397,0
15.568,15.393,0,0.10244,39.415,0
15.582,15.403,0.081203,0.10534,39.421,0
15.582,15.414,0,0.10311,39.438,0
15.593,15.424,0.022848,0.099027,39.464,0
15.593,15.434,0,0.091371,39.48,0
15.593,15.443,-0.075899,0.087819,39.487,0.057825
15.593,15.452,0,0.081402,39.502,0
15.565,15.46,-0.23527,0.061381,39.508,0.56599
15.544,15.466,-0.27874,0.045347,39.513,0.73813
15.522,15.471,-0.36897,0.030146,39.525,1.1077
15.488,15.474,-0.41167,0.0084976,39.525,1.3141
15.44,15.475,-0.43759,-0.002414,39.528,1.5393
15.399,15.474,-0.46745,-0.0051874,39.523,1.7993
15.349,15.474,-0.45302,-0.0086763,39.519,1.878
15.312,15.473,-0.39521,-0.011162,39.509,1.7055
15.265,15.472,-0.34961,-0.014327,39.486,1.6269
15.228,15.47,-0.26938,-0.016854,39.459,1.3833
15.207,15.469,-0.20567,-0.018166,39.442,1.1831
15.179,15.467,-0.1709,-0.020028,39.414,1.1222
15.179,15.465,0,-0.020537,39.386,0.57821
15.146,15.463,-0.12082,-0.022092,39.369,1.0185
15.139,15.461,-0.098224,-0.022455,39.328,0.95419
15.12,15.458,-0.044779,-0.023612,39.29,0.82288
15.111,15.456,-0.0094867,-0.024132,39.255,0.73451
15.111,15.454,-0.018919,-0.023962,39.223,0.75536
15.118,15.451,0.031381,-0.023355,39.192,0.59637
15.117,15.449,0.053881,-0.023294,39.16,0.5358
15.132,15.447,0.05365,-0.022083,39.129,0.49991
15.132,15.444,0,-0.021445,39.098,0.63676
15.152,15.442,0.068229,-0.020461,39.072,0.41631
15.149,15.44,0.051244,-0.020495,39.053,0.45766
15.149,15.438,0,-0.01997,39.024,0.58616
15.15,15.436,0.054982,-0.020195,39.01,0.43896
15.149,15.434,0.055007,-0.020109,38.984,0.43581
15.149,15.432,0,-0.020057,38.956,0.57161
15.163,15.43,0.063048,-0.018941,38.919,0.38193
15.161,15.428,0.019202,-0.018964,38.893,0.48934
15.171,15.426,-0.0030386,-0.018105,38.874,0.52128
15.167,15.424,-0.023929,-0.018263,38.851,0.58197
15.169,15.423,-0.047218,-0.018053,38.824,0.6404
15.165,15.421,-0.054146,-0.018192,38.804,0.66434
15.156,15.419,-0.077754,-0.018685,38.779,0.7497
15.155,15.417,-0.1137,-0.018687,38.754,0.86213
15.146,15.415,-0.11996,-0.019221,38.737,0.89987
15.146,15.413,0,-0.020639,38.71,0.5353
15.105,15.411,-0.15648,-0.021858,38.696,1.1135
15.097,15.409,-0.14044,-0.022285,38.656,1.0705
15.089,15.407,-0.14807,-0.022747,38.622,1.112
15.079,15.405,-0.23775,-0.023349,38.599,1.4736
15.064,15.402,-0.32168,-0.024255,38.572,1.8698
15.064,15.4,0,-0.026762,38.538,0.67813
14.991,15.397,-0.39733,-0.029203,38.497,2.4385
14.946,15.394,-0.43529,-0.032311,38.446,2.7724
14.899,15.391,-0.42602,-0.035525,38.401,2.859
14.862,15.387,-0.43425,-0.038004,38.357,3.0115
14.815,15.384,-0.4441,-0.041239,38.297,3.2075
14.771,15.38,-0.45782,-0.044172,38.233,3.4154
14.771,15.375,0,-0.047162,38.172,1.2847
14.683,15.37,-0.46505,-0.050167,38.107,3.722
14.683,15.365,0,-0.053267,38.039,1.4724
14.596,15.36,-0.43633,-0.056065,37.976,3.8018
14.596,15.354,0,-0.059004,37.9,1.6599
14.503,15.349,-0.40459,-0.062405,37.807,3.8751
14.456,15.342,-0.41549,-0.065672,37.716,4.0792
14.418,15.336,-0.4295,-0.068244,37.618,4.2725
14.418,15.329,0,-0.071172,37.526,2.0419
14.418,15.322,0,-0.073692,37.435,2.0121
14.283,15.314,-0.5233,-0.077587,37.334,5.3119
14.225,15.307,-0.51946,-0.081657,37.233,5.4651
14.225,15.299,0,-0.085859,37.125,2.4615
14.123,15.29,-0.43325,-0.088851,37.02,5.158
14.082,15.281,-0.40549,-0.091673,36.911,5.079
14.082,15.272,0,-0.094666,36.792,2.7792
14.01,15.262,-0.44232,-0.096719,36.658,5.5191
13.963,15.253,-0.62198,-0.10008,36.539,7.0492
13.91,15.243,-0.81026,-0.1039,36.409,8.938
13.91,15.232,0,-0.11049,36.277,3.1236
13.91,15.221,0,-0.11746,36.145,3.0583
13.613,15.21,-1.3004,-0.12685,35.956,16.155
13.491,15.197,-1.3342,-0.13641,35.789,17.227
13.356,15.183,-1.2857,-0.14718,35.613,17.134
13.229,15.169,-1.2545,-0.15744,35.419,17.249
13.111,15.153,-1.2322,-0.16716,35.215,17.445
12.992,15.136,-1.2178,-0.17711,34.999,17.753
12.876,15.118,-1.207,-0.18683,34.789,18.093
12.765,15.1,-1.2597,-0.19632,34.567,19.356
12.765,15.08,0,-0.20742,34.335,6.0996
12.765,15.059,0,-0.21847,34.105,5.959
12.382,15.037,-1.2472,-0.23067,33.803,20.802
12.258,15.014,-1.1681,-0.24231,33.525,20.088
12.258,14.99,0,-0.25392,33.251,7.4526
12.029,14.965,-0.97581,-0.26465,32.948,18.176
12.029,14.938,0,-0.27433,32.656,8.0439
11.837,14.911,-0.78631,-0.28441,32.355,16.311
11.837,14.882,0,-0.29214,32.049,8.4921
11.837,14.853,0,-0.30023,31.746,8.3194
11.63,14.823,-0.72042,-0.30844,31.403,15.949
11.63,14.792,0,-0.31609,31.085,8.8268
11.497,14.761,-0.70536,-0.32472,30.76,16.007
11.428,14.728,-0.73765,-0.33349,30.428,16.519
11.357,14.695,-0.79973,-0.34273,30.091,17.419
11.284,14.661,-0.83755,-0.35237,29.749,18.033
11.195,14.625,-0.93903,-0.36397,29.404,19.598
11.107,14.589,-1.0588,-0.37596,29.049,21.513
11.002,14.551,-1.1641,-0.39011,28.69,23.405
11.002,14.512,0,-0.40498,28.337,9.7184
10.759,14.472,-1.3467,-0.42313,27.966,27.159
10.759,14.43,0,-0.44075,27.596,10.168
10.493,14.385,-1.6465,-0.46083,27.219,33.722
10.326,14.339,-1.8363,-0.48487,26.832,38.476
10.326,14.291,0,-0.51312,26.434,10.961
9.9396,14.24,-2.235,-0.5433,25.994,50.152
9.7083,14.185,-2.3616,-0.57928,25.558,54.77
9.4663,14.127,-2.5433,-0.61834,25.107,61.482
9.2093,14.066,-2.6727,-0.66198,24.626,66.882
9.2093,13.999,0,-0.71015,24.143,13.284
8.6452,13.928,-2.8996,-0.76345,23.618,77.384
8.3597,13.852,-2.9593,-0.81986,23.075,80.642
8.0651,13.77,-2.9197,-0.88092,22.519,79.843
8.0651,13.682,0,-0.94625,21.952,15.401
8.0651,13.587,0,-1.0151,21.396,14.425
7.2039,13.486,-2.7664,-1.0875,20.726,75.544
7.2039,13.377,0,-1.165,20.103,16.382
7.2039,13.26,0,-1.2501,19.492,15.167
6.3815,13.135,-2.5024,-1.3396,18.76,66.459
6.3815,13.002,0,-1.4349,18.091,16.434
5.9026,12.858,-1.7831,-1.5273,17.394,45.331
5.7201,12.705,-1.3869,-1.6191,16.702,35.958
5.5751,12.543,-1.081,-1.7105,15.996,29.371
5.5751,12.372,0,-1.7944,15.308,14.574
5.3837,12.193,-0.78757,-1.8781,14.631,22.343
5.3837,12.005,0,-1.966,13.96,12.617
5.2119,11.808,-0.75987,-2.0601,13.289,19.071
5.1298,11.602,-0.71571,-2.1581,12.626,17.019
5.0656,11.387,-0.67224,-2.2474,11.995,15.027
4.9994,11.162,-0.6391,-2.3417,11.372,13.192
4.934,10.928,-0.58077,-2.4376,10.763,11.234
4.8684,10.684,-0.58032,-5.2,10.17,22.007
4.8131,10.164,-0.6143,-5.2,9.6053,20.16
4.8131,9.644,0,-5.2,9.0962,26.514
4.8131,9.124,0,-5.2,8.6391,25.448
4.8131,8.604,0,-5.2,8.234,24.382
4.504,8.084,-1.2485,-5.2,7.8366,5.9358
4.3869,7.564,-1.4114,-5.2,7.4935,2.8176
4.2524,7.044,-1.561,-5.2,7.1957,0.27058
4.0926,6.524,-1.7003,-5.2,6.9289,0
3.9129,6.004,-1.7351,-8.8,6.7039,0
3.7463,5.124,-1.831,-8.8,6.5218,0
3.7463,4.244,0,-8.8,6.4281,0
3.349,3.364,-2.8315,-8.8,6.399,0
3.0706,2.484,-3.6087,1.447,6.4353,13.355
2.7112,2.6287,-4.4332,0.18629,6.4769,10.635
2.258,2.6473,-5.433,-0.079337,6.4687,12.695
1.7054,2.6394,-6.2803,-0.19271,6.4073,15.179
1.0692,2.6201,-6.8311,-8.8,6.29,0
0.39029,1.7401,-7.2982,-0.18985,6.1535,17.857
0.39029,1.7212,0,-0.29968,6.0194,2.385
-1.1295,1.6912,-8.0281,-8.8,5.7459,4.4468
-1.9302,0.81119,-8.2169,-8.2169,5.4688,5.9062
-2.7466,0,-8.3275,-8.3275,5.196,5.917
-2.7466,0,0,-9.6604,4.963,0
-4.4191,0,-8.2391,-10.38,4.5616,4.8479
-5.2352,0,-8.02,-11.333,4.1357,4.0562
-5.2352,0,0,-12.615,3.6689,0
-5.2352,0,0,-14.618,3.2084,0
-7.5199,0,-6.3332,-18.115,2.3998,0
-8.1474,0,-5.6275,-25.124,1.7023,0
-8.1474,0,0,-43.071,1.0132,0
-9.1977,0,-4.1932,-141.01,0.30917,0
-9.1977,0,0,-592.79,0.094442,0
-9.9775,0,-3.115,-27.318,2.0566,0
-10.286,0,-2.7416,-47.872,1.1721,0
-10.562,0,-2.5195,-154.07,0.36805,0
-10.818,0,-2.4505,-852.87,0.06881,0
-11.06,0,-2.4549,-21.335,3.2397,0
-11.06,0,0,-30.99,2.2404,0
-11.541,0,-2.197,-55.516,1.249,0
-11.752,0,-1.6883,-188,0.37061,0
-11.752,0,0,-581.11,0.13547,0
-12.033,0,-0.51894,-40.205,1.8242,0
-12.081,0,0.063372,-89.27,0.81695,0
-12.074,0,0.4902,-1467.5,0.049653,0
-12.074,0,0,0.81348,6.1799,26.748
-11.941,0.081348,1.275,-13.219,4.9863,0
-11.822,0,1.7729,-16.366,3.8525,0
-11.652,0,2.2974,-22.22,2.769,0
-11.432,0,2.7237,-35.087,1.7283,0
-11.169,0,2.9622,-78.081,0.76957,0
-11.169,0,0,-1154.6,0.043118,0
-10.566,0,2.9807,-8.8,4.7593,0
-10.272,0,2.9169,-11.11,3.7611,0
-9.9831,0,2.8773,-14.934,2.7977,0
-9.7004,0,2.8665,-22.017,1.8907,0
-9.4155,0,2.8535,-39.653,1.0428,0
-9.1369,0,2.8361,-127.03,0.32143,0
-8.8523,0,2.8309,-787.39,0.049583,0
-8.5718,0,2.8539,-8.9357,3.1162,0
-8.294,0,2.8897,-11.888,2.3275,0
-8.294,0,0,-17.5,1.5576,0
-7.7202,0,2.9406,-31.423,0.86723,0
-7.4212,0,2.9183,-97.014,0.27556,0
-7.1284,0,2.8188,-588.65,0.042955,0
-7.1284,0,0,-8.8,2.2734,0
-6.5819,0,2.4396,-10.61,1.6599,0
-6.3397,0,2.2352,-16.526,1.0711,0
-6.3397,0,0,-32.847,0.5198,0
-6.3397,0,0,-169.11,0.050068,0
-5.7283,0,1.777,-43.73,0.36052,0
-5.5467,0,1.6509,-755.97,0.020305,0
-5.5467,0,0,-8.8,3.2455,0
-5.2245,0,1.2237,-8.8,2.7657,0
-5.2245,0,0,-8.8,2.2872,0
-5.001,0,0.81103,-8.8,1.8256,0
-4.925,0,0.72004,-8.8,1.3725,0
-4.8541,0,0.67714,-12.013,0.92837,0
-4.7879,0,0.53243,-22.483,0.49801,0
-4.73,0,0.37585,-79.053,0.14084,0
-4.702,0,0.13561,-170.13,0.064922,0
-4.702,0,0,-24.507,0.4454,0
-4.7127,0,-0.26987,-97.802,0.11386,0
-4.7389,0,-0.32162,-85.748,0.13144,0
-4.7389,0,0,-148.44,0.086291,0
-4.7389,0,0,-35.207,0.35459,0
-4.8838,0,-0.72449,-586.37,0.020364,0
-4.9484,0,-0.91017,-8.8,2.4511,0
-5.0416,0,-1.0838,-8.8,2.0003,0
-5.1516,0,-1.175,-9.7767,1.5427,0
-5.1516,0,0,-14.304,1.0764,0
-5.1516,0,0,-25.148,0.63274,0
-5.513,0,-1.3874,-84.795,0.1822,0
-5.6513,0,-1.4484,-297.78,0.053888,0
-5.6513,0,0,-18.718,0.97766,0
-5.6513,0,0,-38.074,0.50612,0
-6.0817,0,-1.5052,-251.53,0.073967,0
-6.0817,0,0,-28.846,0.72345,0
-6.3812,0,-1.4934,-89.807,0.23054,0
-6.5376,0,-1.4902,-787.94,0.027173,0
-6.5376,0,0,-8.8,3.3131,0
-6.844,0,-1.4299,-10.178,2.6772,0
-6.844,0,0,-13.287,2.0437,0
-7.1048,0,-1.1085,-19.171,1.3973,0
-7.1048,0,0,-34.771,0.7827,0
-7.3018,0,-0.6546,-119.32,0.22466,0
-7.3626,0,-0.45313,-280.34,0.096838,0
-7.4128,0,-0.34281,-36.494,0.76001,0
-7.446,0,-0.31918,-144.42,0.19238,0
-7.446,0,0,-164.33,0.16986,0
-7.5109,0,-0.16683,-116.05,0.2434,0
-7.5348,0,-0.00017472,-348.57,0.081437,0
-7.5261,0,0.23787,-26.196,1.0714,0
-7.5103,0,0.48126,-62.509,0.44773,0
-7.4531,0,0.69366,-7016,0.0039583,0
-7.4531,0,0,7.8,34.339,31.955
-7.4531,0.78,0,7.8,33.554,33.554
-7.186,1.56,0.89866,7.8,32.72,32.717
-7.0941,2.34,0.99823,7.8,31.819,33.918
-7.0032,3.12,1.1396,7.8,30.846,35.034
-6.8863,3.9,1.2987,7.8,29.8,36.059
-6.7542,4.68,1.4664,7.8,28.683,37.035
-6.6008,5.46,1.6728,7.8,27.507,37.886
-6.4337,6.24,1.7441,-0.64556,26.27,21.246
-6.4337,6.1754,0,-0.67843,25.005,24.71
-6.0693,6.1076,1.7912,-0.71373,23.791,19.986
-5.8961,6.0362,1.7758,-0.75212,22.591,19.436
-5.7186,5.961,1.7766,-0.79351,21.411,18.829
-5.7186,5.8817,0,-0.83806,20.247,22.306
-5.3651,5.7979,1.7314,-0.8872,19.119,17.668
-5.2011,5.7091,1.6702,-0.94139,18.007,17.165
-5.0266,5.615,1.6291,-0.99839,16.931,16.581
-4.8669,5.5152,1.6055,-1.062,15.879,15.965
-4.7144,5.409,1.5548,-1.1312,14.861,15.395
-4.5508,5.2958,1.5195,-1.2054,13.868,14.746
-4.397,5.1753,1.4615,-1.2895,12.891,14.129
-4.2423,5.0463,1.4153,-1.3805,11.947,13.454
-4.1022,4.9083,1.351,-1.482,11.033,12.805
-3.9652,4.7601,1.3222,-1.5947,10.144,12.044
-3.8235,4.6006,1.2694,-1.7142,9.2954,11.287
-3.6936,4.4292,1.2337,-1.8476,8.4753,10.464
-3.5642,4.2444,1.1989,-1.9963,7.6787,9.5803
-3.4516,4.0448,1.1118,-8.8,6.9182,0
-3.3342,3.1648,1.0128,-8.8,6.2219,0
-3.2345,2.2848,0.92175,-8.8,5.6216,0
-3.144,1.4048,0.85737,-8.8,5.1229,0
-3.0536,0.52481,0.88015,-8.8,4.7206,0
-2.9588,0,0.96501,-8.8,4.408,0
-2.9588,0,0,-8.8,4.1562,0
-2.7822,0,0.9557,-8.8,3.9246,0
-2.6779,0,0.95349,-8.8,3.6876,0
-2.6779,0,0,-8.8,3.4638,0
-2.5006,0,0.835,-8.8,3.2712,0
-2.4176,0,0.8798,-8.8,3.0748,0
-2.4176,0,0,-8.8,2.877,0
-2.2371,0,0.96792,-8.8,2.6938,0
-2.2371,0,0,-8.8,2.5141,0
-2.0401,0,0.78829,-8.8,2.3497,0
-1.9525,0,0.64309,-8.8,2.188,0
-1.8854,0,0.56557,-8.8,2.0405,0
-1.821,0,0.535,-8.8,1.8905,0
-1.7752,0,0.55621,-8.8,1.7624,0
-1.711,0,0.54944,-8.8,1.6378,0
-1.711,0,0,-8.8,1.5107,0
-1.711,0,0,-8.8,1.3836,0
-1.5843,0,0.11731,-8.8,1.2723,0
-1.5843,0,0,-8.8,1.1578,0
-1.5843,0,0,-8.8,1.0434,0
-1.601,0,-0.45477,-8.8,0.93834,0
-1.601,0,0,-8.8,0.82224,0
-1.697,0,-0.52376,-8.8,0.6972,0
-1.7442,0,-0.38703,-8.8,0.5699,0
-1.7442,0,0,-8.8,0.43948,0
