16.389,16.389,0.41896,0,35.5,0
16.389,16.389,0,0.018572,35.5,0.039888
16.389,16.391,0,0.030793,35.5,0.071023
16.389,16.394,0,0.049692,35.5,0.1213
16.532,16.399,0.33834,0.064373,35.538,0
16.563,16.405,0.34326,0.076236,35.558,0
16.597,16.413,0.38439,0.089063,35.58,0
16.644,16.422,0.39601,0.10747,35.607,0
16.681,16.433,0.38754,0.11968,35.631,0
16.714,16.444,0.38126,0.12982,35.652,0
16.757,16.457,0.41569,0.14414,35.679,0
16.805,16.472,0.38068,0.16045,35.711,0
16.805,16.488,0,0.17017,35.744,0
16.875,16.505,0.40604,0.17788,35.784,0
16.911,16.523,0.39485,0.18652,35.828,0
16.941,16.541,0.36512,0.19197,35.862,0
16.941,16.561,0,0.197,35.901,0
17.016,16.58,0.39454,0.20864,35.957,0
17.056,16.601,0.33191,0.21747,36.004,0
17.089,16.623,0.2926,0.22288,36.057,0
17.117,16.645,0.28324,0.22527,36.112,0
17.142,16.668,0.28984,0.22648,36.154,0
17.174,16.69,0.23974,0.23045,36.197,0
17.199,16.713,0.24662,0.23105,36.244,0
17.225,16.736,0.26282,0.23236,36.294,0
17.249,16.76,0.28848,0.23242,36.342,0
17.277,16.783,0.28338,0.23424,36.393,0
17.277,16.806,0,0.23433,36.441,0
17.329,16.83,0.23852,0.23645,36.477,0
17.351,16.853,0.2304,0.23511,36.536,0
17.351,16.877,0,0.23509,36.585,0
17.392,16.9,0.067013,0.23192,36.643,0
17.392,16.924,0,0.22766,36.691,0
17.413,16.946,-0.011534,0.21946,36.735,0
17.413,16.968,0,0.21038,36.781,0
17.401,16.989,-0.10123,0.19311,36.813,0
17.385,17.009,-0.065724,0.17641,36.862,0
17.385,17.026,-0.021905,0.16823,36.895,0
17.385,17.043,0,0.1552,36.93,0
17.383,17.059,0.0086313,0.15181,36.956,0
17.383,17.074,0,0.14371,36.988,0
17.388,17.088,0.023387,0.14032,37.021,0
17.39,17.102,0.014027,0.13458,37.05,0
17.39,17.116,0,0.12978,37.078,0
17.391,17.129,0.017701,0.12248,37.096,0
17.4,17.141,-0.0025435,0.12059,37.123,0
17.39,17.153,0.020569,0.11043,37.14,0
17.39,17.164,0,0.10519,37.163,0
17.389,17.175,0.0081815,0.099824,37.19,0
17.392,17.185,-0.026645,0.096354,37.214,0
17.392,17.194,-0.073467,0.091972,37.24,0
17.392,17.203,0,0.079833,37.259,0
17.365,17.211,-0.19781,0.071576,37.269,0.34856
17.365,17.219,0,0.055549,37.284,0
17.319,17.224,-0.27274,0.044029,37.28,0.66425
17.319,17.229,0,0.033208,37.289,0
17.264,17.232,-0.38777,0.015061,37.279,1.183
17.218,17.233,-0.43841,-0.0013409,37.29,1.4868
17.179,17.233,-0.52008,-0.0046202,37.282,1.9987
17.179,17.233,0,-0.0081876,37.277,0.093261
17.091,17.232,-0.54692,-0.012116,37.246,2.4097
17.091,17.231,0,-0.016422,37.232,0.25934
17.091,17.229,0,-0.021035,37.218,0.24496
16.917,17.227,-0.60242,-0.026682,37.164,3.2822
16.917,17.224,0,-0.031795,37.133,0.59769
16.789,17.221,-0.62669,-0.037267,37.091,3.8523
16.789,17.217,0,-0.042586,37.048,0.8554
16.789,17.213,0,-0.047985,37.005,0.82951
16.588,17.208,-0.70129,-0.053872,36.932,5.0601
16.512,17.203,-0.82543,-0.060206,36.858,6.3463
16.426,17.197,-0.78052,-0.067288,36.789,6.2705
16.352,17.19,-0.61376,-0.073462,36.704,5.1954
16.294,17.183,-0.52641,-0.078108,36.621,4.7452
16.244,17.175,-0.51118,-0.082097,36.535,4.7854
16.186,17.167,-0.36514,-0.086865,36.441,4.0067
16.155,17.158,-0.33399,-0.089164,36.338,3.8886
16.132,17.149,-0.48046,-0.090866,36.229,4.8693
16.09,17.14,-0.57688,-0.094158,36.12,5.677
16.026,17.131,-0.66115,-0.099499,36.022,6.5484
15.957,17.121,-0.67667,-0.10529,35.91,6.9031
15.889,17.11,-0.69076,-0.11102,35.784,7.2434
15.817,17.099,-0.73488,-0.11711,35.662,7.8745
15.742,17.087,-0.7672,-0.12359,35.528,8.429
15.664,17.075,-0.64875,-0.13029,35.399,7.6108
15.592,17.062,-0.71859,-0.13658,35.251,8.4717
15.516,17.048,-0.71499,-0.14317,35.111,8.6855
15.445,17.034,-0.5321,-0.14953,34.946,7.2952
15.445,17.019,0,-0.15431,34.787,3.742
15.34,17.004,-0.40486,-0.15863,34.627,6.5595
15.296,16.988,-0.37525,-0.16248,34.452,6.4323
15.263,16.972,-0.40821,-0.16526,34.278,6.7292
15.263,16.955,0,-0.16891,34.109,4.0652
15.263,16.938,0,-0.17337,33.94,3.9869
15.108,16.921,-0.59792,-0.17943,33.745,8.6684
15.054,16.903,-0.56289,-0.18453,33.553,8.4878
14.989,16.884,-0.54433,-0.19066,33.372,8.4956
14.989,16.865,0,-0.19601,33.183,4.5672
14.885,16.846,-0.45693,-0.20052,32.989,7.9779
14.885,16.826,0,-0.20512,32.794,4.746
14.787,16.805,-0.44298,-0.20996,32.593,8.0516
14.787,16.784,0,-0.21509,32.392,4.8933
14.698,16.763,-0.45732,-0.21884,32.172,8.3162
14.657,16.741,-0.44702,-0.22289,31.967,8.2871
14.609,16.719,-0.4425,-0.22773,31.765,8.3319
14.556,16.696,-0.41176,-0.23317,31.558,8.1754
14.518,16.672,-0.39352,-0.23709,31.34,8.0638
14.47,16.649,-0.40382,-0.24204,31.126,8.2174
14.428,16.625,-0.43861,-0.2466,30.905,8.5575
14.39,16.6,-0.43256,-0.25073,30.675,8.5355
14.347,16.575,-0.46796,-0.25534,30.454,8.8835
14.309,16.549,-0.46305,-0.25963,30.22,8.8674
14.309,16.523,0,-0.26593,29.997,5.4034
14.218,16.497,-0.43896,-0.26992,29.767,8.7659
14.218,16.47,0,-0.27397,29.541,5.4994
14.136,16.442,-0.43279,-0.27921,29.31,8.7702
14.09,16.414,-0.449,-0.28446,29.082,8.9508
14.048,16.386,-0.43566,-0.28942,28.848,8.8622
14.01,16.357,-0.45681,-0.29397,28.611,9.0527
14.01,16.328,0,-0.29982,28.378,5.598
13.911,16.298,-0.47261,-0.30604,28.144,9.2878
13.911,16.267,0,-0.31122,27.907,5.6796
13.813,16.236,-0.49459,-0.31823,27.667,9.5593
13.755,16.204,-0.4381,-0.32565,27.426,9.1297
13.716,16.172,-0.40781,-0.33057,27.184,8.8647
13.677,16.138,-0.42677,-0.33586,26.932,9.0171
13.643,16.105,-0.4156,-0.34005,26.694,8.8923
13.598,16.071,-0.43884,-0.34614,26.444,9.0966
13.598,16.036,0,-0.3533,26.198,5.7525
13.49,16.001,-0.49674,-0.36098,25.943,9.6694
13.437,15.965,-0.43681,-0.3684,25.695,9.1695
13.388,15.928,-0.32168,-0.3754,25.438,8.2282
13.352,15.89,-0.25009,-0.38064,25.174,7.6394
13.332,15.852,-0.20586,-0.38365,24.911,7.2284
13.307,15.814,-0.16299,-0.38708,24.658,6.8558
13.307,15.775,0,-0.38973,24.409,5.6674
13.273,15.736,-0.20004,-0.39129,24.156,6.906
13.251,15.697,-0.16254,-0.39428,23.907,6.5677
13.251,15.658,0,-0.39683,23.664,5.4075
13.222,15.618,0.055663,-0.39697,23.431,5.0617
13.222,15.578,0,-0.39509,23.193,5.2354
13.239,15.539,0.22189,-0.39208,22.953,3.9697
13.239,15.5,0,-0.38812,22.725,4.9357
13.269,15.461,0.21316,-0.38385,22.506,3.7133
13.285,15.422,0.29429,-0.37923,22.292,3.2539
13.317,15.385,0.3087,-0.37195,22.073,3.0369
13.348,15.347,0.32558,-0.36424,21.871,2.8229
13.388,15.311,0.39306,-0.3546,21.673,2.4467
13.422,15.275,0.42383,-0.34581,21.492,2.2215
13.473,15.241,0.36355,-0.33348,21.319,2.2191
13.473,15.208,0,-0.32285,21.143,3.4992
13.541,15.175,0.43684,-0.31499,20.984,1.7758
13.541,15.144,0,-0.30539,20.822,3.1646
13.624,15.113,0.57645,-0.29313,20.656,1.2684
13.685,15.084,0.566,-0.27808,20.51,1.1499
13.748,15.056,0.56762,-0.26253,20.369,1.0167
13.805,15.03,0.51904,-0.24797,20.24,0.96219
13.858,15.005,0.43399,-0.234,20.123,0.97403
13.911,14.982,0.46319,-0.22011,20.004,0.81591
13.955,14.96,0.53906,-0.20793,19.907,0.63465
13.955,14.939,0,-0.19264,19.808,1.8083
14.066,14.92,0.55186,-0.17897,19.722,0.43274
14.123,14.902,0.63037,-0.16415,19.64,0.30349
14.123,14.885,0,-0.14804,19.563,1.3727
14.261,14.87,0.65722,-0.1296,19.504,0.12309
14.317,14.858,0.73468,-0.11537,19.45,0.072452
14.391,14.846,0.70742,-0.097523,19.4,0
14.391,14.836,0,-0.081757,19.355,0.78662
14.517,14.828,0.65212,-0.066955,19.327,0
14.585,14.821,0.67972,-0.050939,19.302,0
14.657,14.816,0.64677,-0.034405,19.288,0
14.712,14.813,0.67727,-0.021871,19.275,0
14.785,14.811,0.71644,-0.0055633,19.264,0
14.848,14.81,0.66631,0.012604,19.266,0
14.848,14.811,0,0.033603,19.269,0
14.98,14.815,0.61911,0.054738,19.28,0
15.047,14.82,0.62369,0.075373,19.3,0
15.108,14.828,0.60028,0.093195,19.33,0
15.108,14.837,0,0.11061,19.357,0
15.241,14.848,0.62971,0.13052,19.397,0
15.298,14.861,0.64908,0.14549,19.443,0
15.368,14.876,0.62495,0.16389,19.483,0
15.368,14.892,0,0.18205,19.531,0
15.368,14.91,0,0.19598,19.578,0
15.553,14.93,0.35398,0.20738,19.629,0
15.553,14.951,0,0.21449,19.691,0
15.617,14.972,0.21983,0.21469,19.741,0
15.643,14.994,0.21166,0.21627,19.801,0
15.643,15.015,0,0.21916,19.865,0
15.702,15.037,0.21157,0.22187,19.926,0
15.721,15.059,0.1574,0.22076,19.996,0
15.721,15.081,0,0.2163,20.062,0
15.727,15.103,-0.0044621,0.20837,20.113,0
15.727,15.124,0,0.19855,20.175,0
15.727,15.144,0,0.19202,20.234,0
15.71,15.163,-0.22443,0.1828,20.299,0
15.679,15.181,-0.22009,0.16669,20.356,0
15.653,15.198,-0.22774,0.15242,20.405,0
15.633,15.213,-0.2399,0.14052,20.446,0.020541
15.633,15.227,0,0.12592,20.487,0
15.581,15.24,-0.23045,0.11436,20.509,0.10783
15.559,15.251,-0.22214,0.10318,20.55,0.1326
15.542,15.261,-0.25174,0.093783,20.574,0.26739
15.508,15.271,-0.22256,0.079353,20.603,0.23996
15.486,15.279,-0.2423,0.069345,20.621,0.34738
15.468,15.286,-0.22872,0.061101,20.63,0.34083
15.438,15.292,-0.22992,0.048942,20.654,0.39957
15.418,15.297,-0.27496,0.040738,20.663,0.58793
15.384,15.301,-0.37966,0.027881,20.673,1.0484
15.348,15.304,-0.35537,0.014894,20.677,1.0124
15.31,15.305,-0.46641,0.0016806,20.681,1.5652
15.31,15.305,0,-0.0096179,20.681,0
15.199,15.304,-0.56086,-0.020895,20.666,2.3127
15.139,15.302,-0.56828,-0.032463,20.656,2.5003
15.08,15.299,-0.73528,-0.043611,20.646,3.7015
15.015,15.295,-0.75628,-0.055839,20.622,4.0217
14.94,15.289,-0.82133,-0.069916,20.595,4.7119
14.94,15.282,0,-0.083644,20.56,0.54245
14.788,15.274,-0.8843,-0.097806,20.511,5.6358
14.709,15.264,-0.88247,-0.11206,20.469,5.8327
14.613,15.253,-0.87046,-0.12967,20.407,5.9879
14.522,15.24,-0.78583,-0.14632,20.334,5.5173
14.447,15.225,-0.72213,-0.15937,20.265,5.1908
14.447,15.209,0,-0.17009,20.188,1.3033
14.321,15.192,-0.60886,-0.18048,20.09,4.613
14.256,15.174,-0.60338,-0.1913,20.008,4.6989
14.189,15.155,-0.68358,-0.20262,19.914,5.4111
14.114,15.135,-0.69658,-0.21561,19.811,5.6588
14.114,15.113,0,-0.2262,19.71,1.7355
13.985,15.09,-0.66467,-0.23699,19.602,5.6356
13.923,15.067,-0.65002,-0.24721,19.484,5.619
13.923,15.042,0,-0.2599,19.37,1.9427
13.787,15.016,-0.59032,-0.27053,19.228,5.3838
13.725,14.989,-0.61898,-0.28053,19.108,5.6752
13.669,14.961,-0.57349,-0.28921,18.98,5.4001
13.606,14.932,-0.51592,-0.29983,18.845,5.0709
13.606,14.902,0,-0.31006,18.714,2.25
13.606,14.871,0,-0.3156,18.586,2.1453
13.453,14.839,-0.35067,-0.32328,18.419,4.1253
13.453,14.807,0,-0.32782,18.282,2.3465
13.393,14.774,-0.19549,-0.32917,18.131,3.2581
13.373,14.741,-0.12424,-0.32945,17.988,2.8856
13.37,14.709,-0.092492,-0.32525,17.86,2.6758
13.369,14.676,-0.056752,-0.32052,17.735,2.4566
13.363,14.644,0.056609,-0.31713,17.614,1.9895
13.377,14.612,0.17071,-0.30835,17.495,1.56
13.377,14.581,0,-0.29841,17.373,2.0394
13.377,14.552,0,-0.28643,17.254,1.9999
13.458,14.523,0.37894,-0.27306,17.143,0.85201
13.499,14.496,0.29096,-0.25791,17.033,0.89918
13.499,14.47,0,-0.24501,16.934,1.6014
13.558,14.445,0.2813,-0.2327,16.858,0.75458
13.593,14.422,0.28191,-0.21872,16.779,0.66934
13.612,14.4,0.30911,-0.20913,16.708,0.56905
13.641,14.379,0.34478,-0.19716,16.624,0.45129
13.667,14.36,0.32261,-0.1858,16.559,0.41877
13.692,14.341,0.27717,-0.17511,16.485,0.42274
13.726,14.323,0.24732,-0.16191,16.429,0.39728
13.758,14.307,0.18823,-0.14963,16.37,0.42795
13.785,14.292,0.17374,-0.13873,16.324,0.39401
13.785,14.278,0,-0.13207,16.274,0.76367
13.813,14.265,0.23791,-0.12436,16.235,0.21285
13.837,14.253,0.2929,-0.11481,16.196,0.094789
13.867,14.241,0.39391,-0.10364,16.149,0
13.902,14.231,0.45294,-0.091595,16.106,0
13.942,14.222,0.51875,-0.077928,16.077,0
13.992,14.214,0.57145,-0.062008,16.047,0
14.04,14.208,0.63526,-0.047079,16.022,0
14.109,14.203,0.66433,-0.026337,16.013,0
14.174,14.2,0.7216,-0.0074104,16.003,0
14.252,14.2,0.78439,0.015834,16.007,0
14.336,14.201,0.83514,0.04082,16.017,0
14.336,14.205,0,0.062317,16.031,0
14.501,14.212,0.83244,0.087561,16.062,0
14.581,14.22,0.79435,0.10915,16.103,0
14.669,14.231,0.74972,0.13265,16.144,0
14.738,14.245,0.78434,0.14974,16.196,0
14.819,14.26,0.79484,0.16988,16.246,0
14.899,14.276,0.76786,0.18951,16.306,0
14.975,14.295,0.7614,0.207,16.373,0
15.056,14.316,0.7621,0.22576,16.452,0
15.133,14.339,0.61017,0.24262,16.524,0
15.196,14.363,0.53682,0.25508,16.611,0
15.243,14.388,0.48893,0.26217,16.693,0
15.285,14.415,0.38693,0.26732,16.784,0
15.327,14.441,0.24996,0.27234,16.869,0
15.327,14.469,0,0.27177,16.956,0
15.366,14.496,0.15502,0.26849,17.053,0
15.38,14.523,0.037745,0.26486,17.13,0
15.392,14.549,-0.070327,0.26076,17.208,0
15.392,14.575,-0.17512,0.25262,17.282,0
15.382,14.601,-0.31346,0.24209,17.362,0
15.352,14.625,-0.45655,0.22563,17.429,0.24235
15.307,14.647,-0.5162,0.20469,17.489,0.61295
15.307,14.668,0,0.18348,17.554,0
15.196,14.686,-0.63234,0.15841,17.607,1.4611
15.13,14.702,-0.72963,0.13302,17.653,2.1835
15.058,14.715,-0.81625,0.10674,17.701,2.9247
14.976,14.726,-0.95054,0.077795,17.725,4.1323
14.872,14.734,-1.0679,0.043052,17.744,5.4045
14.756,14.738,-1.1247,0.0056534,17.758,6.2364
14.64,14.739,-1.1548,-0.024334,17.75,6.8806
14.532,14.736,-1.0941,-0.050371,17.744,6.5862
14.416,14.731,-1.0931,-0.077769,17.723,6.9045
14.416,14.723,0,-0.10403,17.692,0.4173
14.416,14.713,0,-0.12558,17.661,0.34636
14.107,14.7,-1.0895,-0.14808,17.573,7.689
14.107,14.686,0,-0.17322,17.514,0.85167
13.863,14.668,-1.3004,-0.20297,17.44,10.744
13.863,14.648,0,-0.234,17.361,1.1718
13.609,14.625,-1.0831,-0.25996,17.248,8.8464
13.609,14.599,0,-0.28299,17.147,1.5314
13.431,14.57,-0.51156,-0.29681,17.02,4.3286
13.431,14.541,0,-0.30406,16.907,1.7709
13.349,14.51,-0.60525,-0.30791,16.794,4.9753
13.349,14.479,0,-0.31769,16.68,1.7814
13.349,14.448,0,-0.33506,16.568,1.6462
13.349,14.414,0,-0.35069,16.46,1.5165
13.059,14.379,-0.67958,-0.36429,16.292,5.8164
12.989,14.343,-0.28317,-0.37723,16.168,3.3732
12.989,14.305,0,-0.38076,16.034,2.0593
12.942,14.267,-0.012148,-0.37769,15.895,2.1363
12.942,14.229,0,-0.37002,15.764,2.02
12.951,14.192,0.028194,-0.36095,15.651,1.8389
12.952,14.156,0.028512,-0.35324,15.537,1.7661
12.952,14.121,0,-0.34648,15.419,1.7871
12.952,14.086,0,-0.33353,15.304,1.7391
13.001,14.053,0.41761,-0.31762,15.198,0.72319
13.038,14.021,0.44235,-0.29935,15.093,0.61157
13.086,13.991,0.44618,-0.27806,14.998,0.51536
13.135,13.963,0.38378,-0.25624,14.913,0.48098
13.17,13.937,0.20409,-0.23922,14.823,0.65218
13.192,13.914,0.10524,-0.22674,14.742,0.78299
13.205,13.891,0.033199,-0.21686,14.675,0.89922
13.212,13.869,-0.02032,-0.20901,14.604,0.99409
13.2,13.848,-0.023635,-0.20725,14.54,0.98635
13.203,13.828,-0.027957,-0.20101,14.475,0.96072
13.203,13.807,0,-0.19873,14.414,0.84546
13.179,13.788,-0.13367,-0.19792,14.345,1.2481
13.173,13.768,-0.16717,-0.1947,14.282,1.3368
13.156,13.748,-0.20868,-0.19506,14.217,1.4772
13.156,13.729,0,-0.19463,14.158,0.78334
13.116,13.709,-0.27933,-0.1973,14.099,1.7444
13.116,13.69,0,-0.20241,14.041,0.76441
13.06,13.669,-0.24093,-0.2051,13.981,1.6109
13.039,13.649,-0.31003,-0.20664,13.912,1.887
13.039,13.628,0,-0.2119,13.852,0.77779
12.978,13.607,-0.19089,-0.21545,13.782,1.44
12.958,13.585,-0.17449,-0.21625,13.726,1.3772
12.948,13.564,-0.20899,-0.21345,13.657,1.4767
12.932,13.543,-0.14505,-0.21285,13.598,1.2433
12.912,13.521,-0.072231,-0.21374,13.538,1.0134
12.894,13.5,-0.13947,-0.21368,13.47,1.2092
12.876,13.478,-0.19203,-0.21387,13.41,1.3788
12.876,13.457,0,-0.2109,13.351,0.76145
12.876,13.436,0,-0.21383,13.293,0.70777
12.798,13.415,-0.46832,-0.22273,13.225,2.5806
12.798,13.392,0,-0.23565,13.164,0.73041
12.682,13.369,-0.61582,-0.25141,13.095,3.5211
12.615,13.344,-0.57064,-0.26851,13.021,3.3074
12.615,13.317,0,-0.2846,12.95,0.84891
12.489,13.288,-0.69767,-0.29926,12.863,4.2087
12.414,13.258,-0.82322,-0.31898,12.773,5.1843
12.414,13.227,0,-0.34189,12.691,0.95461
12.239,13.192,-0.88706,-0.36671,12.595,5.8482
12.158,13.156,-1.0096,-0.38769,12.49,6.9775
12.056,13.117,-1.0388,-0.41661,12.388,7.3348
11.949,13.075,-0.99638,-0.44758,12.275,7.0102
11.854,13.03,-0.97392,-0.47304,12.163,6.8502
11.753,12.983,-1.0579,-0.50049,12.048,7.6863
11.652,12.933,-1.0777,-0.5281,11.918,7.9078
11.54,12.88,-1.1044,-0.5603,11.79,8.2139
11.54,12.824,0,-0.59083,11.658,1.3954
11.54,12.765,0,-0.62723,11.533,1.1968
11.176,12.702,-1.2953,-0.66733,11.367,10.369
11.043,12.636,-1.2857,-4.4,11.203,655.42
10.921,12.196,-1.276,-5.2,11.057,0
10.793,11.676,-1.2894,-0.3747,10.953,9.4469
10.793,11.638,0,-0.42139,10.867,0.84796
10.529,11.596,-1.3217,-5.2,10.762,0
10.398,11.076,-1.4254,-0.28336,10.683,10.856
10.254,11.048,-1.5154,-0.33477,10.604,12.26
10.106,11.014,-1.6374,-0.38672,10.525,14.256
9.9394,10.976,-1.7933,-5.2,10.437,0
9.7641,10.456,-1.8681,-0.28575,10.356,17.989
9.7641,10.427,0,-0.3563,10.288,0.61313
9.3867,10.391,-1.9489,-5.2,10.19,0
9.3867,9.8714,0,-0.27686,10.115,0.41621
8.987,9.8438,-2.0062,-0.34977,10.028,21.147
8.7953,9.8088,-2.0602,-0.41801,9.9432,22.588
8.5808,9.767,-2.1007,-5.2,9.8346,0
8.3652,9.247,-2.1076,-0.35359,9.731,23.531
8.1617,9.2116,-2.0947,-0.42686,9.6257,23.52
8.1617,9.1689,0,-5.2,9.5229,242.26
7.7399,8.6489,-2.0404,-0.35908,9.4,22.145
7.5422,8.613,-1.9801,-5.2,9.2942,0
7.5422,8.093,0,-0.28732,9.2131,0.52627
7.1576,8.0643,-1.7755,-0.34851,9.1287,16.996
6.9841,8.0294,-1.6431,-0.40686,9.0342,14.995
6.9841,7.9888,0,-5.2,8.9317,95.398
6.6667,7.4688,-1.4584,-0.29917,8.8412,11.869
6.6667,7.4388,0,-0.34673,8.7625,0.85666
6.6667,7.4042,0,-5.2,8.687,75.66
6.2214,6.8842,-1.476,-0.23751,8.5873,11.907
6.2214,6.8604,0,-0.28486,8.5222,0.71315
6.2214,6.8319,0,-0.33323,8.4597,0.55448
5.7767,6.7986,-1.5008,-5.2,8.3371,22.452
5.6191,6.2786,-1.5221,-0.22858,8.2505,12.637
5.4736,6.2558,-1.5076,-0.27428,8.1728,12.698
5.3201,6.2283,-1.533,-5.2,8.0899,8.5774
5.1619,5.7083,-1.5859,-0.17928,8.0136,13.413
5.0129,5.6904,-1.6797,-0.22456,7.948,15.248
4.8524,5.6679,-1.7451,-0.27366,7.8689,16.714
4.685,5.6406,-1.8421,-8.8,7.7749,0
4.4948,4.7606,-1.9311,-0.076291,7.717,18.806
4.2939,4.7529,-1.9882,-0.13249,7.6826,20.648
4.0924,4.7397,-2.0137,-0.18821,7.6344,8.8245
3.8967,4.7209,-2.0242,-0.24266,7.5574,8.8841
3.6996,4.6966,-2.041,-0.29745,7.4718,8.9393
3.5022,4.6669,-1.9957,-0.35346,7.3639,8.8968
3.2969,4.6315,-1.8114,-8.8,7.2382,0
3.2969,3.7515,0,-0.1585,7.1487,0.60889
2.9806,3.7357,-1.1108,-0.19216,7.0826,8.369
2.8793,3.7165,-0.37727,-0.21543,7.0111,2.8932
2.8351,3.6949,-0.25311,-0.22432,6.9267,2.3293
