28.611,28.611,-0.08244,0,35.5,0.19058
28.611,28.611,0,-0.00041604,35.5,0
28.601,28.611,-0.041638,-0.0016905,35.498,0.11068
28.601,28.611,0,-0.0035897,35.497,0.013705
28.583,28.611,-0.08264,-0.0044907,35.498,0.24303
28.581,28.61,-0.11332,-0.0047204,35.498,0.32719
28.581,28.61,0,-0.0068066,35.495,0.045147
28.548,28.609,-0.18707,-0.0097187,35.49,0.60748
28.538,28.608,-0.17083,-0.011187,35.488,0.57493
28.512,28.607,-0.1255,-0.015277,35.481,0.48924
28.501,28.605,-0.080102,-0.016792,35.477,0.38041
28.496,28.604,-0.018647,-0.017271,35.474,0.23053
28.496,28.602,0,-0.018517,35.464,0.18067
28.485,28.6,0.057649,-0.018543,35.455,0.077305
28.494,28.598,0.10057,-0.01683,35.451,0
28.505,28.597,0.13439,-0.014769,35.441,0
28.52,28.595,0.16399,-0.012076,35.431,0
28.52,28.594,0,-0.0086716,35.424,0.13501
28.52,28.593,0,-0.0048812,35.417,0.14168
28.52,28.592,0,-0.0017779,35.409,0.14766
28.621,28.592,0.31735,0.0053774,35.416,0
28.645,28.593,0.41263,0.0099485,35.415,0
28.683,28.594,0.38429,0.016946,35.426,0
28.727,28.596,0.34136,0.024922,35.429,0
28.727,28.598,0,0.032071,35.442,0
28.727,28.601,0,0.036936,35.455,0
28.834,28.605,0.26523,0.043585,35.491,0
28.859,28.609,0.27807,0.047668,35.521,0
28.891,28.614,0.31967,0.052745,35.547,0
28.891,28.619,0,0.059641,35.574,0
28.891,28.625,0,0.065109,35.601,0
28.891,28.632,0,0.069329,35.627,0
29.022,28.639,0.32724,0.073207,35.66,0
29.053,28.646,0.29535,0.077643,35.705,0
29.053,28.654,0,0.083753,35.746,0
29.126,28.662,0.2028,0.088776,35.798,0
29.126,28.671,0,0.091891,35.844,0
29.178,28.68,0.19762,0.095432,35.913,0
29.204,28.69,0.16175,0.098636,35.968,0
29.211,28.7,0.13312,0.098114,36.012,0
29.211,28.709,0,0.1001,36.063,0
29.211,28.719,0,0.09966,36.113,0
29.247,28.729,-0.013409,0.099573,36.158,0
29.237,28.739,-0.09704,0.095805,36.205,0
29.237,28.749,-0.16282,0.093943,36.259,0
29.237,28.758,0,0.089824,36.308,0
29.213,28.767,-0.18367,0.085943,36.348,0
29.186,28.776,-0.19355,0.079024,36.39,0
29.171,28.784,-0.16038,0.074648,36.432,0
29.164,28.791,-0.14491,0.071961,36.461,0
29.164,28.799,0,0.067768,36.497,0
29.164,28.805,0,0.065853,36.534,0
29.133,28.812,-0.029962,0.062038,36.566,0
29.128,28.818,0.022748,0.05981,36.591,0
29.127,28.824,0.087764,0.058491,36.62,0
29.127,28.83,0,0.060204,36.65,0
29.152,28.836,0.15418,0.061153,36.688,0
29.161,28.842,0.17046,0.061822,36.725,0
29.185,28.848,0.16986,0.065168,36.763,0
29.203,28.855,0.13882,0.067443,36.791,0
29.203,28.862,0,0.067641,36.826,0
29.223,28.868,0.083429,0.068795,36.871,0
29.223,28.875,0,0.070298,36.906,0
29.24,28.882,0.03412,0.069404,36.94,0
29.236,28.889,0.018286,0.067424,36.967,0
29.236,28.896,0,0.0674,37.002,0
29.236,28.903,0,0.065887,37.035,0
29.244,28.909,-0.10379,0.065114,37.067,0
29.244,28.916,0,0.062692,37.1,0
29.222,28.922,-0.17835,0.05834,37.13,0
29.211,28.928,-0.21717,0.055218,37.162,0.03887
29.211,28.933,0,0.049097,37.191,0
29.148,28.938,-0.33349,0.04082,37.203,0.55704
29.108,28.942,-0.35845,0.032328,37.212,0.74075
29.069,28.946,-0.38843,0.024072,37.23,0.95022
29.031,28.948,-0.40943,0.016195,37.243,1.1269
28.996,28.95,-0.45353,0.0089807,37.242,1.4063
28.951,28.95,-0.48074,0.00014066,37.24,1.6409
28.951,28.95,0,-0.0070147,37.24,0
28.853,28.95,-0.72781,-0.014519,37.243,3.3404
28.771,28.948,-0.85091,-0.026716,37.238,4.4945
28.685,28.946,-0.96468,-0.039232,37.217,5.7307
28.685,28.942,0,-0.053185,37.192,0.42803
28.685,28.936,0,-0.069924,37.166,0.37599
28.359,28.929,-1.198,-0.086283,37.085,9.2889
28.233,28.921,-1.2583,-0.10417,37.025,10.487
28.103,28.91,-1.2786,-0.12267,36.942,11.24
28.103,28.898,0,-0.14064,36.862,1.4797
27.854,28.884,-1.1579,-0.15774,36.756,10.671
27.742,28.868,-1.0037,-0.17313,36.649,9.3057
27.742,28.851,0,-0.1873,36.537,2.1716
27.549,28.832,-0.67593,-0.19921,36.403,6.7619
27.488,28.812,-0.51696,-0.20665,36.273,5.6523
27.444,28.792,-0.43313,-0.21147,36.147,5.1337
27.444,28.771,0,-0.21629,36.013,2.6945
27.36,28.749,-0.41655,-0.22032,35.873,5.132
27.36,28.727,0,-0.22535,35.735,2.7784
27.36,28.704,0,-0.23101,35.599,2.6884
27.227,28.681,-0.44922,-0.23467,35.437,5.5263
27.188,28.658,-0.42818,-0.23862,35.299,5.4219
27.139,28.634,-0.33224,-0.24402,35.154,4.8553
27.115,28.609,-0.16214,-0.24545,35.002,3.8633
27.107,28.585,0.057509,-0.24433,34.854,2.7946
27.106,28.56,0.27607,-0.24185,34.705,1.9735
27.106,28.536,0,-0.2351,34.56,2.9282
27.182,28.513,0.52174,-0.22385,34.433,1.1818
27.234,28.49,0.51147,-0.21258,34.294,1.0814
27.279,28.469,0.48053,-0.20233,34.17,1.0272
27.318,28.449,0.4556,-0.19335,34.047,0.97609
27.318,28.43,0,-0.18444,33.935,2.1918
27.4,28.411,0.4652,-0.17441,33.829,0.77591
27.454,28.394,0.47141,-0.16279,33.729,0.66212
27.492,28.377,0.47717,-0.15389,33.638,0.57616
27.533,28.362,0.48049,-0.14469,33.552,0.49405
27.578,28.348,0.46013,-0.13479,33.481,0.43589
27.621,28.334,0.43924,-0.12513,33.412,0.3809
27.669,28.322,0.42622,-0.11482,33.348,0.31262
27.706,28.31,0.43501,-0.10662,33.277,0.23805
27.755,28.299,0.42196,-0.096388,33.225,0.17282
27.798,28.29,0.39541,-0.087211,33.176,0.12928
27.845,28.281,0.3531,-0.077363,33.136,0.098488
27.875,28.273,0.30891,-0.070889,33.101,0.09931
27.903,28.266,0.29128,-0.064789,33.064,0.072341
27.938,28.26,0.30448,-0.057464,33.023,0
27.961,28.254,0.30658,-0.052313,32.994,0
27.997,28.249,0.34247,-0.045083,32.974,0
28.028,28.244,0.46416,-0.038767,32.944,0
28.075,28.24,0.51111,-0.029557,32.931,0
28.128,28.237,0.51061,-0.019664,32.926,0
28.17,28.235,0.58614,-0.011707,32.928,0
28.238,28.234,0.72228,0.00059029,32.924,0
28.319,28.234,0.80344,0.015327,32.927,0
28.401,28.236,0.86951,0.03002,32.948,0
28.401,28.239,0,0.046634,32.964,0
28.582,28.244,0.91939,0.061712,32.993,0
28.669,28.25,0.84477,0.07643,33.04,0
28.76,28.257,0.78492,0.091737,33.095,0
28.842,28.267,0.79252,0.10523,33.151,0
28.925,28.277,0.81785,0.11853,33.211,0
28.925,28.289,0,0.13078,33.276,0
28.925,28.302,0,0.14428,33.339,0
29.185,28.316,0.84611,0.15957,33.422,0
29.275,28.332,0.78184,0.17344,33.522,0
29.275,28.35,0,0.18582,33.615,0
29.419,28.368,0.58797,0.19383,33.722,0
29.469,28.388,0.57143,0.19989,33.831,0
29.525,28.408,0.58807,0.20695,33.947,0
29.585,28.428,0.60061,0.21466,34.061,0
29.654,28.45,0.65462,0.22385,34.18,0
29.723,28.472,0.7145,0.23292,34.3,0
29.8,28.496,0.77101,0.24333,34.432,0
29.883,28.52,0.79014,0.25478,34.563,0
29.962,28.545,0.82801,0.26536,34.708,0
30.038,28.572,0.84088,0.27526,34.85,0
30.116,28.599,0.87706,0.28533,34.991,0
30.204,28.628,0.86837,0.29725,35.152,0
30.204,28.658,0,0.30952,35.308,0
30.386,28.689,0.82931,0.32158,35.476,0
30.473,28.721,0.81162,0.33273,35.643,0
30.548,28.754,0.77902,0.34154,35.829,0
30.634,28.788,0.75944,0.35226,36.012,0
30.634,28.823,0,0.35953,36.195,0
30.774,28.859,0.71109,0.36734,36.392,0
30.842,28.896,0.71507,0.37424,36.579,0
30.922,28.934,0.70477,0.38349,36.783,0
30.922,28.972,0,0.39151,36.98,0
31.067,29.011,0.75173,0.39863,37.178,0
31.143,29.051,0.78349,0.40673,37.395,0
31.143,29.092,0,0.41582,37.602,0
31.302,29.133,0.82188,0.42375,37.803,0.041518
31.302,29.176,0,0.43337,38.018,0
31.475,29.219,0.81778,0.4432,38.245,0.082539
31.562,29.263,0.83876,0.45285,38.478,0.20646
31.653,29.308,0.84829,0.46316,38.712,0.2848
31.73,29.355,0.84033,0.47056,38.952,0.26847
31.81,29.402,0.84236,0.47837,39.186,0.30157
31.889,29.45,0.82551,0.48596,39.431,0.24387
31.965,29.498,0.79077,0.49275,39.671,0.099838
32.034,29.548,0.77512,0.49813,39.917,0.037414
32.113,29.597,0.75203,0.50518,40.158,0
32.113,29.648,0,0.51107,40.407,0
32.27,29.699,0.78898,0.51908,40.665,0.15488
32.351,29.751,0.79202,0.5265,40.932,0.18777
32.432,29.804,0.7702,0.53365,41.185,0.10285
32.514,29.857,0.78026,0.54082,41.44,0.17034
32.594,29.911,0.75091,0.5475,41.704,0.045277
32.675,29.966,0.71318,0.55417,41.968,0
32.745,30.021,0.69489,0.55868,42.24,0
32.806,30.077,0.71333,0.56118,42.505,0
32.884,30.133,0.71669,0.56717,42.783,0
32.955,30.19,0.70536,0.57151,43.056,0
33.025,30.247,0.69409,0.57563,43.324,0
33.025,30.305,0,0.57924,43.599,0
33.158,30.363,0.69268,0.5824,43.898,0
33.237,30.421,0.68801,0.5882,44.181,0
33.312,30.48,0.65876,0.593,44.47,0
33.381,30.539,0.65737,0.59637,44.748,0
33.445,30.599,0.6466,0.59879,45.036,0
33.511,30.658,0.65419,0.60157,45.328,0
33.571,30.719,0.63121,0.60312,45.618,0
33.633,30.779,0.64701,0.60471,45.907,0
33.701,30.839,0.66572,0.60788,46.196,0
33.701,30.9,0,0.61011,46.479,0
33.841,30.961,0.66873,0.61438,46.768,0
33.913,31.023,0.66248,0.61786,47.049,0
33.978,31.084,0.66543,0.6199,47.339,0
34.046,31.146,0.66118,0.62247,47.638,0
34.108,31.209,0.63615,0.62395,47.934,0
34.176,31.271,0.60792,0.62641,48.222,0
34.176,31.334,0,0.62569,48.509,0
34.286,31.396,0.59005,0.62555,48.807,0
34.348,31.459,0.54091,0.62668,49.089,0
34.41,31.521,0.51743,0.62771,49.381,0
34.465,31.584,0.4734,0.62715,49.665,0
34.522,31.647,0.44293,0.62688,49.943,0
34.566,31.71,0.48762,0.62405,50.235,0
34.607,31.772,0.45805,0.62045,50.52,0
34.651,31.834,0.44629,0.61733,50.793,0
34.698,31.896,0.4523,0.61515,51.066,0
34.743,31.957,0.39907,0.61251,51.339,0
34.782,32.019,0.34557,0.60857,51.615,0
34.807,32.079,0.32879,0.6015,51.886,0
34.847,32.14,0.31803,0.59776,52.15,0
34.847,32.199,0,0.59066,52.418,0
34.847,32.258,0,0.58655,52.679,0
34.847,32.317,0,0.58077,52.935,0
34.961,32.375,0.29768,0.57424,53.215,0
34.982,32.433,0.26547,0.56714,53.477,0
35.015,32.489,0.21183,0.56255,53.727,0
35.027,32.546,0.17121,0.55342,53.984,0
35.027,32.601,0,0.54546,54.23,0
35.05,32.655,0.11772,0.53521,54.479,0
35.052,32.709,0.10739,0.52422,54.708,0
35.055,32.761,0.11114,0.51382,54.934,0
35.055,32.813,0,0.50747,55.161,0
35.08,32.863,0.1223,0.49757,55.39,0
35.1,32.913,0.1058,0.49126,55.608,0
35.108,32.962,0.11154,0.4825,55.823,0
35.12,33.011,0.11265,0.47486,56.043,0
35.129,33.058,0.091565,0.46663,56.254,0
35.144,33.105,0.067252,0.45986,56.458,0
35.159,33.151,0.037157,0.45353,56.667,0
35.168,33.196,0.021338,0.44558,56.875,0
35.168,33.241,0,0.43654,57.07,0
35.166,33.284,0.0055163,0.42584,57.257,0
35.16,33.327,0.027596,0.41517,57.444,0
35.159,33.368,0.020886,0.40588,57.63,0
35.167,33.409,0.036786,0.39889,57.805,0
35.171,33.449,0.064961,0.39095,57.97,0
35.17,33.488,0.083151,0.3821,58.141,0
35.169,33.526,0.077315,0.37347,58.316,0
35.182,33.564,0.12735,0.36798,58.476,0
35.186,33.6,0.13436,0.36078,58.637,0
35.195,33.636,0.11355,0.35503,58.802,0
35.195,33.672,0,0.34878,58.956,0
35.205,33.707,0.12243,0.34158,59.109,0
35.214,33.741,0.097758,0.336,59.265,0
35.214,33.775,0,0.32988,59.41,0
35.225,33.808,0.08364,0.32379,59.556,0
35.23,33.84,0.093138,0.31751,59.693,0
35.237,33.872,0.11528,0.31214,59.831,0
35.245,33.903,0.09304,0.30697,59.961,0
35.245,33.934,0,0.30283,60.094,0
35.245,33.964,0,0.29594,60.224,0
35.274,33.993,0.092759,0.29321,60.356,0
35.286,34.023,0.057104,0.28944,60.477,0
35.286,34.052,0,0.28563,60.602,0
35.3,34.08,0.053145,0.27954,60.719,0
35.308,34.108,0.015385,0.27522,60.841,0
35.31,34.136,-0.025194,0.26939,60.952,0
35.302,34.163,-0.057489,0.26161,61.076,0
35.293,34.189,-0.083729,0.2536,61.184,0
35.288,34.214,-0.071038,0.24667,61.294,0
35.278,34.239,-0.059029,0.23864,61.403,0
35.269,34.263,-0.016447,0.23136,61.498,0
35.269,34.286,0,0.22526,61.598,0
35.276,34.308,0.11955,0.22256,61.686,0
35.276,34.331,0,0.22044,61.782,0
35.306,34.353,0.13914,0.2194,61.866,0
35.315,34.375,0.1051,0.21633,61.961,0
35.318,34.396,0.031243,0.21216,62.045,0
35.312,34.417,-0.011098,0.20589,62.131,0
35.312,34.438,0,0.20034,62.22,0
35.312,34.458,0,0.1949,62.306,0
35.304,34.478,-0.077404,0.19039,62.366,0
35.298,34.497,-0.055304,0.18452,62.452,0
35.298,34.515,0,0.18132,62.531,0
35.308,34.533,0.00576,0.17862,62.599,0
35.309,34.551,0.0046333,0.17465,62.667,0
35.305,34.569,-0.019553,0.16964,62.733,0
35.305,34.586,0,0.16502,62.806,0
35.305,34.602,0,0.15973,62.877,0
35.286,34.618,-0.090724,0.1541,62.937,0
35.274,34.633,-0.092097,0.14768,63,0
35.274,34.648,0,0.14381,63.063,0
35.266,34.663,-0.072578,0.13931,63.122,0
35.266,34.676,-0.10138,0.13609,63.179,0
35.255,34.69,-0.085734,0.13045,63.238,0
35.254,34.703,-0.061373,0.12721,63.303,0
35.257,34.716,-0.033347,0.12505,63.364,0
35.257,34.728,0.025183,0.12204,63.408,0
35.257,34.741,0.097756,0.11935,63.464,0
35.275,34.753,0.10129,0.12056,63.509,0
35.283,34.765,0.091178,0.1198,63.558,0
35.283,34.777,0,0.11892,63.61,0
35.283,34.788,0,0.11778,63.66,0
35.283,34.8,0,0.11504,63.709,0
35.298,34.812,0.012347,0.11227,63.75,0
35.299,34.823,0.021823,0.10992,63.797,0
35.294,34.834,0.025674,0.10639,63.846,0
35.289,34.845,0.00096331,0.10264,63.9,0
35.282,34.855,-0.059265,0.098656,63.945,0
35.267,34.865,-0.088186,0.093036,63.984,0
35.267,34.874,0,0.087489,64.024,0
35.246,34.883,-0.19935,0.083919,64.062,0
35.229,34.891,-0.26039,0.078118,64.091,0.099894
35.2,34.899,-0.30996,0.069693,64.119,0.32627
35.167,34.906,-0.3641,0.060337,64.157,0.59752
35.139,34.912,-0.50508,0.05255,64.189,1.2624
35.139,34.917,0,0.040412,64.212,0
34.978,34.921,-2.0015,0.01312,64.216,19.081
34.777,34.923,-2.7589,-0.010862,64.216,42.175
34.497,34.921,-3.4483,-0.031775,64.197,79.311
34.497,34.918,0,-0.057875,64.155,0.79473
34.497,34.913,0,-0.086737,64.113,0.70206
34.497,34.904,0,-0.11247,64.072,0.61547
33.101,34.893,-2.3983,-0.13556,63.763,41.133
32.867,34.879,-1.7457,-0.15291,63.574,26.325
32.867,34.864,0,-0.16549,63.374,5.1498
32.577,34.847,-0.88051,-0.17435,63.139,14.018
32.492,34.83,-0.64886,-0.18053,62.908,11.727
32.492,34.812,0,-0.18475,62.675,6.2475
32.382,34.793,-0.48031,-0.18833,62.433,10.363
32.341,34.774,-0.47252,-0.19119,62.194,10.377
32.284,34.755,-0.47006,-0.19525,61.956,10.503
32.245,34.736,-0.43203,-0.19799,61.701,10.221
32.206,34.716,-0.34762,-0.20084,61.444,9.5419
32.165,34.696,-0.28401,-0.20373,61.187,9.0737
32.143,34.676,-0.19444,-0.20521,60.925,8.3547
32.114,34.655,-0.1332,-0.20714,60.674,7.9123
32.095,34.634,-0.11092,-0.20835,60.418,7.7358
32.087,34.613,-0.09494,-0.20864,60.157,7.5649
32.083,34.593,-0.033086,-0.20854,59.911,7.0673
32.072,34.572,0.034711,-0.20905,59.656,6.5786
32.081,34.551,0.095974,-0.20782,59.411,6.0921
32.081,34.53,0,-0.20612,59.165,6.6238
32.112,34.509,0.19074,-0.20424,58.922,5.3079
32.112,34.489,0,-0.20134,58.683,6.3731
32.112,34.469,0,-0.1997,58.446,6.3053
32.112,34.449,0,-0.19666,58.212,6.2463
32.112,34.429,0,-0.19509,57.979,6.1803
32.206,34.41,0.23905,-0.19321,57.793,4.458
32.206,34.39,0,-0.19011,57.574,5.7074
32.206,34.371,0,-0.18716,57.356,5.653
32.206,34.353,0,-0.18371,57.141,5.6025
32.317,34.334,0.21246,-0.1808,56.95,4.0394
32.337,34.316,0.15512,-0.17826,56.749,4.1997
32.346,34.298,0.14878,-0.17675,56.552,4.1495
32.352,34.281,0.16255,-0.17558,56.356,4.0139
32.36,34.263,0.16238,-0.17416,56.161,3.9393
32.367,34.246,0.167,-0.17276,55.964,3.843
32.379,34.228,0.21652,-0.17092,55.775,3.5365
32.379,34.211,0,-0.16756,55.591,4.5544
32.379,34.195,0,-0.16509,55.409,4.5084
32.379,34.178,0,-0.16214,55.228,4.4658
32.379,34.162,0,-0.15807,55.049,4.4299
32.379,34.146,0,-0.15549,54.871,4.388
32.521,34.131,0.26292,-0.15299,54.739,2.7174
32.555,34.115,0.28974,-0.14895,54.58,2.4993
32.593,34.1,0.33049,-0.14453,54.429,2.2378
32.593,34.086,0,-0.14027,54.279,3.5416
32.669,34.072,0.35209,-0.13557,54.127,1.9338
32.695,34.058,0.3769,-0.13224,53.997,1.7773
32.725,34.045,0.3565,-0.12843,53.872,1.7408
32.754,34.032,0.3193,-0.12487,53.745,1.758
32.792,34.02,0.32246,-0.12035,53.612,1.6398
32.828,34.008,0.35449,-0.116,53.487,1.4529
32.828,33.996,0,-0.11133,53.369,2.6421
32.896,33.985,0.36116,-0.10776,53.257,1.2547
32.937,33.974,0.3799,-0.10303,53.146,1.1134
32.979,33.964,0.38988,-0.098097,53.049,0.99447
33.016,33.954,0.36083,-0.093645,52.953,0.96799
33.016,33.945,0,-0.090106,52.86,2.0224
33.071,33.936,0.3268,-0.086777,52.767,0.90373
33.112,33.927,0.3213,-0.081978,52.674,0.82288
33.138,33.919,0.32117,-0.078734,52.598,0.76122
33.178,33.911,0.29711,-0.074049,52.525,0.72287
33.205,33.904,0.29391,-0.070696,52.457,0.66678
33.238,33.897,0.30737,-0.066747,52.386,0.56927
33.262,33.89,0.29536,-0.06377,52.318,0.53811
33.262,33.883,0,-0.060794,52.255,1.286
33.262,33.877,0,-0.057438,52.194,1.281
33.262,33.872,0,-0.053937,52.132,1.2774
33.369,33.866,0.28937,-0.050774,52.113,0.32573
33.396,33.861,0.27567,-0.047568,52.069,0.29526
33.424,33.856,0.25967,-0.04433,52.022,0.26817
33.424,33.852,0,-0.040711,51.978,0.86087
33.424,33.848,0,-0.038558,51.936,0.85718
33.494,33.844,0.22034,-0.035988,51.901,0.19615
33.513,33.84,0.19874,-0.033717,51.877,0.1958
33.513,33.837,0,-0.031095,51.844,0.63907
33.561,33.834,0.17863,-0.028176,51.805,0.13855
33.581,33.831,0.17751,-0.025801,51.785,0.10131
33.608,33.829,0.17336,-0.022737,51.76,0.058316
33.63,33.826,0.1767,-0.020276,51.735,0.013096
33.63,33.824,0,-0.01795,51.715,0.37504
33.63,33.822,0,-0.016306,51.696,0.37511
33.675,33.821,0.16221,-0.015059,51.679,0
33.687,33.819,0.16602,-0.013656,51.66,0
33.703,33.818,0.1754,-0.011864,51.655,0
33.712,33.817,0.17879,-0.010889,51.641,0
33.73,33.816,0.18482,-0.0088672,51.636,0
33.757,33.815,0.15709,-0.0060317,51.636,0
33.757,33.814,0,-0.0035274,51.63,0.11221
33.757,33.814,0,-0.0015813,51.625,0.1158
33.82,33.814,0.1334,0.0012144,51.632,0
33.836,33.814,0.11398,0.0043677,51.643,0
33.836,33.814,0,0.0079026,51.645,0
33.836,33.815,0,0.011991,51.647,0
33.876,33.816,0.11309,0.012015,51.671,0
33.891,33.817,0.11445,0.014799,51.684,0
33.899,33.819,0.1274,0.016138,51.696,0
33.917,33.821,0.1583,0.01942,51.714,0
33.923,33.822,0.14107,0.020273,51.725,0
33.932,33.824,0.1073,0.021643,51.727,0
33.935,33.827,0.094902,0.021795,51.731,0
33.935,33.829,0,0.021817,51.742,0
33.94,33.831,0.073233,0.021911,51.753,0
33.946,33.833,0.1312,0.022645,51.769,0
33.959,33.835,0.14627,0.024955,51.78,0
33.965,33.838,0.16048,0.025569,51.789,0
33.965,33.841,0,0.028014,51.801,0
34.004,33.843,0.18285,0.032391,51.819,0
34.004,33.847,0,0.035103,51.835,0
34.032,33.85,0.15866,0.036629,51.849,0
34.055,33.854,0.14449,0.04062,51.859,0
34.08,33.858,0.12733,0.044718,51.883,0
34.087,33.862,0.10558,0.045237,51.906,0
34.087,33.867,0,0.046922,51.929,0
34.109,33.871,0.18102,0.04788,51.949,0
34.125,33.876,0.20152,0.050191,51.969,0
34.139,33.881,0.22227,0.0519,51.99,0
34.167,33.886,0.24198,0.056588,52.024,0
34.167,33.892,0,0.059489,52.051,0
34.207,33.898,0.19419,0.062231,52.072,0
34.207,33.904,0,0.063534,52.103,0
34.207,33.911,0,0.069201,52.133,0
