15.556,15.556,-0.11252,0,35.5,0.26892
15.534,15.556,-0.20902,-0.00176,35.491,0.60215
15.518,15.555,-0.040165,-0.0031191,35.487,0.16247
15.521,15.555,-0.01374,-0.0028331,35.483,0.094646
15.521,15.555,0,-0.0024651,35.48,0.064555
15.531,15.555,-0.014251,-0.0019841,35.464,0.076072
15.526,15.554,-0.076869,-0.0023865,35.471,0.23521
15.509,15.554,-0.14479,-0.0037958,35.461,0.4582
15.5,15.554,-0.15305,-0.0044957,35.461,0.50151
15.481,15.553,-0.16734,-0.0059946,35.458,0.58596
15.468,15.553,-0.26777,-0.0070911,35.458,0.9612
15.442,15.552,-0.39417,-0.0091605,35.444,1.5477
15.398,15.551,-0.40288,-0.012796,35.43,1.7096
15.354,15.55,-0.36615,-0.016316,35.409,1.6581
15.309,15.548,-0.33716,-0.020011,35.384,1.6493
15.278,15.546,-0.25663,-0.022388,35.353,1.3828
15.262,15.544,-0.16433,-0.023622,35.33,1.0699
15.254,15.542,-0.16538,-0.02406,35.308,1.0857
15.243,15.539,-0.21874,-0.024876,35.272,1.3068
15.217,15.537,-0.23858,-0.026835,35.241,1.4441
15.197,15.534,-0.22077,-0.028347,35.204,1.4179
15.184,15.531,-0.17975,-0.029264,35.163,1.2855
15.158,15.528,-0.17807,-0.031214,35.132,1.3359
15.14,15.525,-0.2253,-0.032598,35.087,1.5619
15.122,15.522,-0.23395,-0.033862,35.057,1.6355
15.101,15.518,-0.22831,-0.035419,35.014,1.6584
15.08,15.515,-0.25396,-0.036919,34.977,1.8131
15.058,15.511,-0.2944,-0.038585,34.939,2.0464
15.02,15.507,-0.33594,-0.041556,34.894,2.3417
14.985,15.503,-0.41754,-0.044288,34.843,2.8603
14.985,15.499,0,-0.047878,34.791,1.0527
14.894,15.494,-0.50827,-0.051527,34.726,3.6543
14.848,15.489,-0.52457,-0.055132,34.663,3.8915
14.804,15.483,-0.49611,-0.0586,34.596,3.8373
14.759,15.477,-0.40908,-0.062178,34.523,3.4345
14.713,15.471,-0.34045,-0.065827,34.448,3.1687
14.67,15.465,-0.29193,-0.069276,34.365,3.0185
14.638,15.458,-0.24051,-0.071702,34.278,2.8263
14.638,15.451,0,-0.073719,34.196,1.7563
14.593,15.443,-0.20648,-0.074927,34.1,2.7436
14.581,15.436,-0.21579,-0.075626,34.007,2.8007
14.553,15.428,-0.21588,-0.077723,33.922,2.8592
14.553,15.42,0,-0.079672,33.834,1.8878
14.505,15.412,-0.212,-0.081253,33.733,2.9307
14.484,15.404,-0.21192,-0.08274,33.643,2.9668
14.458,15.396,-0.21109,-0.084642,33.541,3.0104
14.44,15.388,-0.21255,-0.085845,33.457,3.0453
14.418,15.379,-0.21961,-0.087461,33.357,3.1197
14.392,15.37,-0.22543,-0.089349,33.27,3.1986
14.377,15.361,-0.22596,-0.090241,33.181,3.2175
14.362,15.352,-0.2213,-0.091136,33.08,3.2073
14.335,15.343,-0.21929,-0.093236,32.972,3.2479
14.314,15.334,-0.20541,-0.094749,32.879,3.2103
14.314,15.324,0,-0.095474,32.778,2.2383
14.281,15.315,-0.20571,-0.096878,32.674,3.2476
14.269,15.305,-0.22581,-0.097545,32.569,3.3575
14.253,15.295,-0.23118,-0.098612,32.464,3.4031
14.253,15.285,0,-0.10045,32.36,2.2832
14.208,15.275,-0.35185,-0.10193,32.244,4.1636
14.167,15.265,-0.59085,-0.10533,32.144,5.9152
14.117,15.255,-0.97517,-0.10971,32.023,9.5993
14.011,15.244,-1.4652,-0.11952,31.911,16.477
13.871,15.232,-1.9826,-0.13276,31.776,27.003
13.871,15.218,0,-0.15178,31.64,3.0252
13.428,15.203,-2.6476,-0.17561,31.466,48.576
13.17,15.186,-2.7272,-0.20118,31.274,52.991
12.898,15.166,-2.6836,-0.22862,31.062,52.995
12.634,15.143,-2.5429,-0.25571,30.826,49.647
12.379,15.117,-2.2857,-0.28255,30.564,43.138
12.379,15.089,0,-0.30655,30.292,7.0505
11.97,15.058,-1.6555,-0.32767,29.975,29.892
11.811,15.026,-1.3143,-0.34625,29.656,24.197
11.674,14.991,-1.0078,-0.36301,29.329,19.9
11.674,14.955,0,-0.37667,28.999,8.9295
11.494,14.917,-0.6848,-0.38703,28.663,16.066
11.494,14.878,0,-0.39823,28.323,9.2255
11.361,14.838,-0.59078,-0.4074,27.956,15.091
11.31,14.798,-0.63801,-0.4157,27.615,15.61
11.254,14.756,-0.70597,-0.42489,27.268,16.405
11.254,14.714,0,-0.436,26.92,9.294
11.107,14.67,-0.82038,-0.44845,26.566,17.95
11.02,14.625,-0.85398,-0.46229,26.216,18.498
11.02,14.579,0,-0.47756,25.858,9.4421
11.02,14.531,0,-0.49142,25.504,9.1504
10.761,14.482,-0.82447,-0.5066,25.12,18.35
10.761,14.431,0,-0.52219,24.75,9.6212
10.596,14.379,-0.87187,-0.53723,24.373,19.036
10.51,14.325,-0.95058,-0.55407,23.986,20.134
10.423,14.27,-1.0347,-0.57099,23.61,21.353
10.325,14.213,-1.1146,-0.59084,23.213,22.594
10.213,14.154,-1.1914,-0.6132,22.822,23.892
10.087,14.093,-1.21,-0.63804,22.435,24.329
9.975,14.029,-1.1468,-0.66174,22.039,23.371
9.8699,13.963,-1.0278,-0.68503,21.64,21.564
9.7756,13.894,-0.87532,-0.70809,21.223,19.353
9.7756,13.823,0,-0.72986,20.815,9.8524
9.6334,13.75,-0.51313,-0.74763,20.391,14.654
9.582,13.675,-0.37708,-0.76376,19.988,13.029
9.5526,13.599,-0.28403,-0.77584,19.589,11.848
9.5241,13.522,-0.22699,-0.78764,19.196,11.04
9.5029,13.443,-0.19046,-0.79852,18.798,10.404
9.5029,13.363,0,-0.80976,18.408,8.5755
9.4532,13.282,-0.16833,-0.82095,18.025,9.5929
9.4532,13.2,0,-0.83015,17.646,8.0052
9.4244,13.117,-0.14947,-0.8383,17.269,8.7655
9.4244,13.033,0,-0.84584,16.904,7.3849
9.4244,12.948,0,-0.85381,16.548,7.0238
9.3866,12.863,0.10577,-0.85925,16.194,6.2247
9.3866,12.777,0,-0.85796,15.851,6.5132
9.4339,12.691,0.40251,-0.85035,15.529,4.2777
9.4767,12.606,0.53025,-0.83937,15.21,3.588
9.5253,12.522,0.62647,-0.82484,14.908,3.0945
9.594,12.44,0.68164,-0.80306,14.621,2.7331
9.594,12.36,0,-0.7823,14.34,4.7477
9.7197,12.281,0.71894,-0.75852,14.081,2.2537
9.784,12.205,0.75489,-0.73333,13.834,2.0314
9.8573,12.132,0.78769,-0.70476,13.591,1.8306
9.9306,12.062,0.80157,-0.67477,13.362,1.6635
9.9306,11.994,0,-0.63916,13.152,3.2028
10.095,11.93,0.83053,-0.60399,12.959,1.3583
10.179,11.87,0.82396,-0.56684,12.775,1.2212
10.271,11.813,0.81669,-0.52557,12.609,1.0818
10.271,11.761,0,-0.48994,12.457,2.1598
10.271,11.712,0,-0.44957,12.311,2.1631
10.509,11.667,0.7836,-0.41119,12.196,0.72257
10.509,11.626,0,-0.37688,12.083,1.5661
10.642,11.588,0.68956,-0.34313,11.984,0.48992
10.714,11.554,0.62412,-0.308,11.884,0.3738
10.714,11.523,0,-0.27291,11.802,1.1214
10.714,11.495,0,-0.24514,11.722,1.1328
10.887,11.471,0.4636,-0.21834,11.692,0.12819
10.928,11.449,0.45546,-0.19604,11.633,0.064621
10.969,11.43,0.47286,-0.1744,11.579,0
10.969,11.412,0,-0.15061,11.534,0.60334
11.064,11.397,0.3818,-0.12702,11.502,0
11.093,11.384,0.29121,-0.11119,11.478,0
11.093,11.373,0,-0.09367,11.45,0.38126
11.15,11.364,0.072174,-0.082354,11.418,0.12021
11.159,11.356,0.004399,-0.07563,11.404,0.23485
11.17,11.348,-0.030533,-0.068953,11.38,0.29109
11.16,11.341,-0.04754,-0.070319,11.354,0.33498
11.15,11.334,-0.075939,-0.071503,11.34,0.40961
11.146,11.327,-0.085377,-0.070303,11.318,0.42919
11.128,11.32,-0.079769,-0.074579,11.306,0.42809
11.129,11.312,-0.057454,-0.071505,11.284,0.36023
11.127,11.305,-0.0077103,-0.069912,11.266,0.23716
11.127,11.298,0,-0.065094,11.248,0.21605
11.13,11.292,0.15214,-0.063446,11.232,0
11.141,11.285,0.23725,-0.056893,11.217,0
11.162,11.28,0.30031,-0.046447,11.211,0
11.183,11.275,0.34733,-0.036308,11.206,0
11.183,11.271,0,-0.019872,11.197,0.14128
11.254,11.27,0.3668,-0.0060498,11.196,0
11.298,11.269,0.3175,0.0092622,11.189,0
11.298,11.27,0,0.016321,11.192,0
11.346,11.271,0.22,0.024003,11.191,0
11.371,11.274,0.15047,0.031287,11.192,0
11.371,11.277,0,0.038247,11.201,0
11.371,11.281,0,0.037632,11.21,0
11.412,11.285,0.0016963,0.041043,11.2,0
11.414,11.289,-0.16068,0.040553,11.206,0.21592
11.414,11.293,0,0.036091,11.218,0
11.357,11.296,-0.94212,0.019645,11.224,4.496
11.266,11.298,-1.4545,-0.012691,11.234,10.144
11.121,11.297,-1.9513,-0.069289,11.222,18.671
10.932,11.29,-2.2908,-0.14149,11.188,26.963
10.696,11.276,-2.3137,-0.2309,11.133,28.061
10.47,11.253,-2.1208,-0.31436,11.057,23.62
10.261,11.221,-1.7866,-0.38997,10.963,17.075
10.261,11.182,0,-0.45164,10.869,0.94021
9.9358,11.137,-0.99547,-0.49945,10.754,6.9622
9.8295,11.087,-0.73146,-0.531,10.623,4.8624
9.7661,11.034,-0.52546,-5.2,10.505,0
9.7206,10.514,-0.41452,-0.3272,10.408,2.4109
9.6822,10.482,-0.35596,-0.33269,10.327,2.1384
9.6552,10.448,-0.3493,-0.33334,10.245,2.0879
9.6194,10.415,-0.34679,-5.2,10.17,0
9.5826,9.8949,-0.35706,-0.12649,10.111,1.5149
9.5467,9.8823,-0.36151,-0.13648,10.076,1.563
9.5016,9.8686,-0.36849,-0.15013,10.033,1.6321
9.465,9.8536,-0.37256,-0.15961,9.9978,1.676
9.429,9.8376,-0.37717,-0.16845,9.9657,1.7205
9.3864,9.8208,-0.37415,-0.18007,9.9212,1.7378
9.3864,9.8028,0,-5.2,9.8786,1602.7
9.3864,9.2828,0,0.012119,9.863,0
9.2684,9.284,-0.35542,-0.0061537,9.8384,1.1065
9.2419,9.2834,-0.35309,-0.016392,9.8429,1.133
9.2018,9.2817,-0.35456,-0.031556,9.8456,1.1925
9.2018,9.2786,0,-0.04108,9.8378,0.071048
9.1429,9.2745,-0.30577,-0.052133,9.8198,1.0698
9.1201,9.2693,-0.27866,-0.059313,9.7963,0.99128
9.0913,9.2633,-0.24496,-0.068466,9.7881,0.901
9.0605,9.2565,-0.19222,-0.078097,9.7735,0.75542
9.0337,9.2487,-0.15393,-0.085958,9.7496,0.66044
9.0237,9.2401,-0.14375,-0.086632,9.7348,0.63151
9.0115,9.2314,-0.13311,-0.088421,9.706,0.60406
8.9941,9.2226,-0.12713,-0.092031,9.6877,0.59712
8.9941,9.2134,0,-0.09129,9.6653,0.25829
8.9682,9.2042,-0.15197,-0.095849,9.6276,0.67719
8.9498,9.1947,-0.15224,-0.099741,9.6045,0.68845
8.9364,9.1847,-0.15259,-5.2,9.5788,818.98
8.9234,8.6647,-0.14967,0.11295,9.5867,0.069674
8.9234,8.676,0,0.10474,9.612,0
8.903,8.6865,-0.12933,0.094569,9.633,0.062537
8.903,8.6959,0,0.086085,9.6542,0
8.903,8.7045,0,0.075923,9.6745,0
8.903,8.7121,0,0.06511,9.6939,0
8.8503,8.7186,-0.13258,0.057518,9.7052,0.17036
8.8396,8.7244,-0.13112,0.050299,9.713,0.18549
8.8306,8.7294,-0.12559,0.044186,9.7179,0.18652
8.8162,8.7338,-0.090251,0.035985,9.7311,0.11523
8.803,8.7374,-0.036396,0.028624,9.7316,0.0049018
8.803,8.7403,0,0.024348,9.738,0
8.8021,8.7427,0.13982,0.025904,9.7475,0
8.8254,8.7453,0.26513,0.034967,9.7606,0
8.8518,8.7488,0.37985,0.04501,9.7724,0
8.8916,8.7533,0.48347,0.060501,9.7932,0
8.9371,8.7594,0.57363,0.0778,9.8153,0
9.0011,8.7671,0.61782,0.10248,9.8345,0
9.0597,8.7774,0.64353,0.12367,9.8605,0
9.132,8.7898,0.65662,0.14991,9.885,0
9.1948,8.8047,0.656,0.17088,9.9169,0
9.2618,8.8218,0.64246,0.19275,9.953,0
9.332,8.8411,0.63173,0.21512,9.9969,0
9.3858,8.8626,0.61631,0.22923,10.043,0
9.4465,8.8855,0.60696,0.24601,10.101,0
9.5134,8.9101,0.62623,0.26452,10.152,0
9.5686,8.9366,0.68871,0.27712,10.209,0
9.6447,8.9643,0.77208,0.29827,10.265,0
9.7279,8.9941,0.86197,0.32156,10.326,0
9.8151,9.0263,0.95512,0.3457,10.396,0
9.9099,9.0609,1.0218,0.37227,10.476,0
10.019,9.0981,1.0415,0.40403,10.57,0
10.123,9.1385,1.0522,0.4321,10.656,0
10.237,9.1817,1.0551,0.46305,10.754,0
10.237,9.228,0,0.48589,10.857,0
10.434,9.2766,1.0559,0.5085,10.976,0
10.536,9.3274,1.1109,0.53136,11.096,0
10.638,9.3806,1.1639,0.55355,11.228,0
10.755,9.4359,1.2188,0.58105,11.364,0
10.755,9.494,0,0.60682,11.493,0
10.755,9.5547,0,0.63409,11.616,0
11.129,9.6181,1.3058,0.66567,11.785,0
11.262,9.6847,1.3004,0.69529,11.943,0
11.4,9.7542,1.2913,0.72526,12.097,0
11.529,9.8268,1.3209,0.74943,12.255,0
11.654,9.9017,1.3415,0.77126,12.427,0
11.797,9.9788,1.331,0.79963,12.597,0
11.797,10.059,0,0.82455,12.774,0
12.07,10.141,1.3259,0.84749,12.972,0
12.07,10.226,0,0.87072,13.16,0
12.07,10.313,0,0.89392,13.34,0
12.47,10.402,1.3004,0.9073,13.584,0
12.607,10.493,1.3071,0.92709,13.799,0
12.607,10.586,0,0.94229,14.006,0
12.867,10.68,1.2961,0.95601,14.215,0
12.867,10.776,0,0.96551,14.429,0
13.122,10.872,1.2682,0.98131,14.662,0
13.122,10.97,0,0.99292,14.882,0
13.382,11.07,1.2353,1.0059,15.122,0
13.382,11.17,0,1.014,15.348,0
13.382,11.272,0,1.0182,15.564,0
13.741,11.373,1.2018,1.0255,15.828,0
13.861,11.476,1.2065,1.0316,16.072,0
13.861,11.579,0,1.0328,16.305,0
14.085,11.682,1.1944,1.0345,16.538,0
14.211,11.786,1.1788,1.042,16.775,0
14.329,11.89,1.1792,1.0463,17.025,0
14.456,11.995,1.149,1.0544,17.277,0
14.58,12.1,1.1031,1.0606,17.526,0
14.69,12.206,1.0715,1.0603,17.783,0
14.795,12.312,1.0516,1.0578,18.032,0
14.903,12.418,1.0393,1.0569,18.287,0
14.903,12.524,0,1.0531,18.53,0
15.117,12.629,1.0003,1.053,18.775,0
15.117,12.734,0,1.0492,19.019,0
15.323,12.839,0.99542,1.0467,19.266,0
15.427,12.944,0.96852,1.0437,19.508,0
15.531,13.048,0.97595,1.0411,19.758,0
15.624,13.152,0.95166,1.0347,20.014,0
15.727,13.256,0.89231,1.0323,20.26,0
15.817,13.359,0.86373,1.0245,20.507,0
15.894,13.462,0.79256,1.0116,20.749,0
15.894,13.563,0,0.99643,20.987,0
16.032,13.662,0.60972,0.98182,21.242,0
16.092,13.761,0.53697,0.96412,21.485,0
16.092,13.857,0,0.94475,21.714,0
16.092,13.951,0,0.92241,21.932,0
16.219,14.044,0.22633,0.8946,22.178,0
16.251,14.133,0.16683,0.86896,22.393,0
16.258,14.22,0.10652,0.83479,22.605,0
16.26,14.304,0.1044,0.79978,22.8,0
16.262,14.384,0.10591,0.76645,22.998,0
16.274,14.46,0.080946,0.73863,23.182,0
16.274,14.534,0.062158,0.70742,23.355,0
16.276,14.605,0.047469,0.67853,23.531,0
16.274,14.673,0.050247,0.64892,23.695,0
16.274,14.738,0,0.62006,23.852,0
16.286,14.8,0.094041,0.60067,23.994,0
16.298,14.86,0.14001,0.58015,24.136,0
16.31,14.918,0.22749,0.5611,24.276,0
16.337,14.974,0.35587,0.54821,24.403,0
16.366,15.029,0.51468,0.53725,24.537,0
16.408,15.082,0.66215,0.53184,24.672,0
16.47,15.135,0.80209,0.53517,24.806,0
16.56,15.189,0.93403,0.54919,24.941,0
16.56,15.244,0,0.56156,25.076,0
16.747,15.3,1.0502,0.57843,25.229,0
16.856,15.358,1.0613,0.59794,25.37,0
16.964,15.418,1.0732,0.61633,25.522,0
17.077,15.479,1.0783,0.63644,25.686,0
17.077,15.543,0,0.65134,25.842,0
17.29,15.608,1.0592,0.66822,26.017,0
17.29,15.675,0,0.68568,26.182,0
17.501,15.743,1.04,0.69657,26.364,0
17.609,15.813,0.96399,0.71058,26.535,0
17.711,15.884,0.84132,0.72172,26.718,0
17.799,15.956,0.67923,0.72709,26.901,0
17.874,16.029,0.55959,0.72674,27.081,0
17.934,16.102,0.54103,0.72064,27.274,0
17.984,16.174,0.61798,0.71102,27.459,0
18.049,16.245,0.77048,0.70739,27.636,0
18.128,16.316,0.96696,0.70966,27.82,0
18.221,16.387,1.1476,0.71775,28.011,0
18.327,16.458,1.2078,0.72989,28.191,0
18.449,16.531,1.1997,0.74784,28.381,0
18.449,16.606,0,0.76708,28.569,0
18.449,16.683,0,0.77822,28.75,0
18.79,16.761,0.99075,0.7881,28.985,0
18.889,16.839,0.89818,0.79454,29.193,0
18.988,16.919,0.81591,0.80091,29.397,0
19.067,16.999,0.77447,0.79911,29.598,0
19.138,17.079,0.74501,0.79444,29.809,0
19.138,17.158,0,0.78801,30.011,0
19.279,17.237,0.73881,0.78533,30.219,0
19.362,17.316,0.72514,0.78574,30.417,0
19.439,17.394,0.68634,0.78393,30.63,0
19.517,17.473,0.58359,0.78247,30.834,0
19.517,17.551,0,0.77341,31.034,0
19.594,17.628,-0.55928,0.74986,31.23,0
19.54,17.703,-1.5435,0.69917,31.415,7.4553
19.54,17.773,0,0.60902,31.595,0
19.133,17.834,-2.8631,0.49302,31.733,42.132
18.844,17.883,-2.85,0.36392,31.853,42.422
18.559,17.92,-2.2009,0.24186,31.935,22.284
18.331,17.944,-1.4018,0.14622,31.977,8.5981
18.196,17.959,-0.77103,0.089626,32.006,2.9354
18.126,17.968,-0.38661,0.059754,32.025,0.98201
18.093,17.974,-0.22671,0.045066,32.03,0.44617
18.093,17.978,0,0.037257,32.042,0
18.093,17.982,0,0.032187,32.053,0
18.093,17.985,0,0.031146,32.064,0
18.102,17.988,0.43769,0.043141,32.082,0
18.153,17.992,0.48996,0.060509,32.102,0
18.209,17.998,0.41865,0.079481,32.124,0
18.258,18.006,0.29322,0.094939,32.151,0
18.286,18.016,0.14507,0.10217,32.18,0
18.298,18.026,0.016139,0.10253,32.201,0
18.298,18.036,0,0.10249,32.227,0
18.303,18.047,-0.065395,0.096606,32.252,0
18.303,18.056,0,0.086974,32.277,0
18.293,18.065,0.2097,0.085878,32.287,0
18.304,18.074,0.42086,0.086787,32.315,0
18.352,18.082,0.6079,0.10171,32.334,0
18.42,18.092,0.75634,0.1236,32.367,0
18.42,18.105,0,0.14601,32.399,0
18.558,18.119,0.61015,0.16552,32.445,0
18.612,18.136,0.43939,0.17937,32.5,0
18.646,18.154,0.28688,0.18541,32.545,0
18.684,18.172,0.17156,0.19259,32.59,0
18.703,18.192,0.10294,0.19244,32.648,0
18.708,18.211,0.047775,0.18697,32.698,0
18.718,18.23,0.012207,0.1836,32.746,0
18.726,18.248,-0.005265,0.17969,32.799,0
18.726,18.266,0,0.16913,32.846,0
18.707,18.283,0.034575,0.1594,32.896,0
18.704,18.299,0.075281,0.15234,32.929,0
18.706,18.314,0.13617,0.14717,32.975,0
18.722,18.329,0.21685,0.14762,33.005,0
18.722,18.344,0,0.15391,33.043,0
18.791,18.359,0.34846,0.16223,33.097,0
18.831,18.375,0.42434,0.17111,33.142,0
18.866,18.392,0.47525,0.17763,33.196,0
18.916,18.41,0.5065,0.18985,33.254,0
18.958,18.429,0.54482,0.19847,33.309,0
19.009,18.449,0.57967,0.21004,33.371,0
19.07,18.47,0.60626,0.22496,33.421,0
19.07,18.492,0,0.23891,33.48,0
19.192,18.516,0.6456,0.25299,33.554,0
19.263,18.542,0.65191,0.27029,33.631,0
19.335,18.569,0.67208,0.28689,33.714,0
19.408,18.597,0.66905,0.30351,33.802,0
19.483,18.628,0.67036,0.31987,33.875,0
19.549,18.66,0.68261,0.33235,33.963,0
19.62,18.693,0.69405,0.34629,34.05,0
19.684,18.727,0.69727,0.35694,34.149,0
19.745,18.763,0.71302,0.3663,34.244,0
19.817,18.8,0.72404,0.3793,34.34,0
19.894,18.838,0.71409,0.39347,34.434,0
19.967,18.877,0.72645,0.40558,34.532,0
20.038,18.918,0.67884,0.4167,34.648,0
20.111,18.959,0.59826,0.4281,34.758,0
20.172,19.002,0.5036,0.43424,34.88,0
20.226,19.046,0.38142,0.438,34.989,0
20.266,19.089,0.24461,0.43626,35.106,0
20.288,19.133,0.13561,0.42758,35.222,0
20.306,19.176,0.064729,0.41834,35.343,0
20.308,19.218,-0.06852,0.40314,35.453,0
20.307,19.258,-0.20896,0.3877,35.565,0
20.296,19.297,-0.35169,0.36882,35.671,0
20.27,19.333,-0.483,0.34555,35.765,0.20859
20.218,19.368,-0.61598,0.31344,35.857,0.97083
20.218,19.399,0,0.28122,35.94,0
20.099,19.428,-0.59396,0.24713,36.009,1.1422
20.041,19.452,-0.53148,0.21656,36.063,0.96119
20.041,19.474,0,0.18902,36.121,0
19.935,19.493,-0.3486,0.16253,36.155,0.40301
19.897,19.509,-0.30899,0.1425,36.195,0.33763
19.858,19.523,-0.28078,0.12302,36.237,0.31557
19.84,19.536,-0.26623,0.11168,36.267,0.31021
19.815,19.547,-0.29284,0.09835,36.292,0.45334
19.778,19.557,-0.29174,0.081273,36.324,0.51659
19.756,19.565,-0.27422,0.07004,36.34,0.49913
19.756,19.572,0,0.057922,36.359,0
19.756,19.578,0,0.047691,36.377,0
19.68,19.582,-0.27634,0.035668,36.38,0.64132
19.65,19.586,-0.27979,0.023524,36.38,0.70147
19.616,19.588,-0.2919,0.010135,36.379,0.79844
19.596,19.589,-0.28939,0.0025077,36.376,0.81961
19.557,19.589,-0.29043,-0.0032981,36.377,0.91131
19.557,19.589,0,-0.006918,36.374,0.050993
19.494,19.588,-0.2946,-0.0096837,36.361,1.0801
19.455,19.587,-0.2875,-0.013538,36.347,1.1457
19.429,19.586,-0.28605,-0.016143,36.324,1.203
19.394,19.585,-0.28652,-0.019555,36.305,1.288
19.37,19.583,-0.2927,-0.021852,36.293,1.3697
19.337,19.58,-0.28721,-0.025002,36.265,1.4246
19.311,19.578,-0.30347,-0.027456,36.236,1.5538
19.29,19.575,-0.32137,-0.029376,36.2,1.6794
19.29,19.572,0,-0.032469,36.172,0.5367
19.222,19.569,-0.31574,-0.035837,36.135,1.8185
19.199,19.565,-0.32429,-0.037978,36.105,1.9119
19.199,19.562,0,-0.040398,36.068,0.70488
19.146,19.558,-0.28098,-0.042741,36.028,1.8359
19.115,19.553,-0.26414,-0.045618,35.988,1.8328
19.115,19.549,0,-0.048143,35.945,0.85347
19.064,19.544,-0.24808,-0.050066,35.915,1.871
19.03,19.539,-0.26386,-0.053157,35.866,2.0165
19.005,19.534,-0.29841,-0.055403,35.819,2.2315
18.976,19.528,-0.31545,-0.057913,35.756,2.3754
18.947,19.522,-0.21704,-0.060521,35.699,1.9836
18.922,19.516,-0.062494,-0.062687,35.634,1.4208
18.922,19.51,0,-0.063841,35.575,1.1902
18.92,19.504,0.31669,-0.061816,35.53,0.42076
18.956,19.497,0.49789,-0.057513,35.478,0.13282
19.009,19.492,0.55418,-0.051334,35.418,0.021485
19.009,19.486,0,-0.045946,35.37,0.96603
19.109,19.482,0.5569,-0.039775,35.347,0
19.172,19.478,0.55117,-0.032733,35.305,0
19.172,19.475,0,-0.026103,35.274,0.60228
19.172,19.472,0,-0.018881,35.244,0.6157
19.361,19.47,0.5843,-0.011714,35.238,0
19.423,19.469,0.61098,-0.0049792,35.226,0
19.484,19.468,0.59202,0.0056803,35.22,0
19.539,19.469,0.5861,0.025236,35.218,0
19.593,19.472,0.57742,0.043637,35.234,0
19.657,19.476,0.57324,0.065063,35.245,0
19.657,19.482,0,0.083163,35.262,0
19.657,19.491,0,0.10064,35.279,0
19.831,19.501,0.57378,0.11853,35.306,0
19.879,19.513,0.5763,0.13179,35.335,0
19.939,19.526,0.57686,0.14855,35.371,0
19.999,19.541,0.58836,0.16466,35.415,0
20.053,19.557,0.57783,0.17811,35.47,0
20.107,19.575,0.6582,0.19103,35.524,0
