27.778,27.778,-0.3789,0,35.5,1.1819
27.75,27.778,-0.30061,-0.0043773,35.493,0.93427
27.75,27.777,0,-0.0077513,35.491,0.040599
27.75,27.777,0,-0.014544,35.488,0.024659
27.652,27.775,-0.42999,-0.019089,35.49,1.7105
27.612,27.773,-0.43205,-0.025171,35.467,1.8187
27.567,27.771,-0.43583,-0.031697,35.454,1.9438
27.526,27.768,-0.42856,-0.037706,35.436,2.0065
27.526,27.764,0,-0.042749,35.412,0.41172
27.44,27.759,-0.40512,-0.049845,35.378,2.0886
27.407,27.754,-0.43224,-0.054364,35.354,2.2989
27.407,27.749,0,-0.061696,35.32,0.59912
27.307,27.743,-0.41491,-0.068507,35.259,2.4413
27.307,27.736,0,-0.074364,35.216,0.76886
27.307,27.729,0,-0.080591,35.174,0.73432
27.174,27.721,-0.29082,-0.086188,35.13,2.1138
27.146,27.712,-0.22299,-0.089496,35.079,1.8619
27.116,27.703,-0.1511,-0.093124,35.019,1.6201
27.109,27.694,-0.10744,-0.092877,34.963,1.4499
27.105,27.684,-0.092191,-0.092319,34.903,1.3839
27.105,27.675,0,-0.093584,34.845,1.055
27.081,27.666,-0.084436,-0.093678,34.783,1.3673
27.072,27.656,-0.11796,-0.093779,34.719,1.4842
27.064,27.647,-0.15043,-0.093825,34.67,1.6035
27.041,27.638,-0.18186,-0.096095,34.617,1.7556
27.041,27.628,0,-0.098935,34.558,1.0795
27.041,27.618,0,-0.099721,34.5,1.0526
26.985,27.608,-0.23601,-0.10115,34.43,2.0425
26.985,27.598,0,-0.10421,34.368,1.1284
26.985,27.588,0,-0.10757,34.307,1.0923
26.895,27.577,-0.32754,-0.11157,34.247,2.6145
26.866,27.566,-0.35506,-0.1149,34.185,2.8016
26.834,27.554,-0.37554,-0.11846,34.118,2.9599
26.797,27.542,-0.35942,-0.12303,34.046,2.9393
26.766,27.53,-0.3751,-0.12643,33.979,3.0705
26.766,27.517,0,-0.13137,33.904,1.3965
26.68,27.504,-0.39761,-0.1374,33.818,3.3531
26.68,27.491,0,-0.14086,33.737,1.521
26.611,27.476,-0.40764,-0.14526,33.651,3.5167
26.575,27.462,-0.40274,-0.14946,33.557,3.5436
26.538,27.447,-0.37225,-0.1538,33.459,3.4258
26.511,27.432,-0.32912,-0.15642,33.369,3.2173
26.478,27.416,-0.2724,-0.15998,33.274,2.9628
26.478,27.4,0,-0.16299,33.181,1.7427
26.478,27.384,0,-0.16483,33.09,1.6927
26.401,27.367,-0.26568,-0.16694,32.981,2.9909
26.401,27.351,0,-0.16957,32.885,1.7951
26.346,27.334,-0.23725,-0.17204,32.779,2.8945
26.346,27.316,0,-0.17549,32.681,1.8297
26.346,27.299,0,-0.17757,32.585,1.775
26.258,27.281,-0.21997,-0.18063,32.483,2.8884
26.24,27.263,-0.24601,-0.18145,32.383,3.0134
26.205,27.245,-0.21356,-0.18508,32.289,2.8906
26.19,27.226,-0.18718,-0.18527,32.184,2.7525
26.19,27.208,0,-0.18765,32.082,1.9164
26.144,27.189,-0.079573,-0.18853,31.987,2.2968
26.136,27.17,-0.042499,-0.18745,31.881,2.1222
26.131,27.151,0.018587,-0.18596,31.772,1.8657
26.131,27.133,0,-0.18197,31.671,1.895
26.155,27.115,0.1995,-0.17636,31.577,1.1974
26.172,27.097,0.24733,-0.17071,31.478,1.0201
26.201,27.08,0.27608,-0.16304,31.381,0.88035
26.22,27.064,0.24175,-0.15703,31.297,0.89227
26.236,27.048,0.19321,-0.15161,31.221,0.94602
26.255,27.033,0.13666,-0.14568,31.151,1.0233
26.266,27.018,0.12557,-0.14139,31.074,1.0047
26.27,27.004,0.1201,-0.13842,30.998,0.98457
26.287,26.99,0.10531,-0.13318,30.921,0.96728
26.3,26.977,0.096063,-0.12849,30.85,0.94168
26.305,26.964,0.1124,-0.12568,30.775,0.86835
26.322,26.951,0.059333,-0.12018,30.717,0.95116
26.321,26.939,0.053857,-0.1185,30.659,0.94605
26.326,26.928,0.071754,-0.11552,30.601,0.86641
26.331,26.916,0.058432,-0.11273,30.538,0.87137
26.343,26.905,0.079261,-0.10853,30.489,0.77571
26.352,26.894,0.10305,-0.10486,30.436,0.68149
26.357,26.883,0.088937,-0.10212,30.375,0.68747
26.368,26.873,0.07588,-0.098292,30.332,0.68277
26.368,26.863,0,-0.093219,30.282,0.87395
26.368,26.854,0,-0.088397,30.233,0.86516
26.403,26.845,0.067893,-0.086629,30.196,0.59193
26.413,26.837,0.059536,-0.083072,30.148,0.57849
26.419,26.828,0.054453,-0.080365,30.102,0.56494
26.434,26.82,0.05931,-0.076048,30.069,0.51436
26.445,26.813,0.023655,-0.072413,30.038,0.56805
26.445,26.805,0,-0.070658,30.001,0.61681
26.457,26.798,-0.0012732,-0.067585,29.951,0.58526
26.461,26.792,0.0010214,-0.065458,29.922,0.55929
26.467,26.785,0.0078057,-0.063044,29.899,0.51987
26.476,26.779,-0.018437,-0.060146,29.863,0.56042
26.483,26.773,-0.038194,-0.057598,29.834,0.58932
26.473,26.767,-0.031527,-0.058522,29.814,0.57907
26.479,26.761,-0.061606,-0.056247,29.792,0.64058
26.476,26.755,-0.088295,-0.055851,29.763,0.71314
26.476,26.75,0,-0.056801,29.735,0.45718
26.476,26.744,0,-0.058001,29.708,0.44156
26.448,26.738,-0.11877,-0.058258,29.687,0.82636
26.432,26.733,-0.1333,-0.060212,29.662,0.89057
26.432,26.727,0,-0.061047,29.632,0.49141
26.411,26.72,-0.10613,-0.062265,29.598,0.82185
26.401,26.714,-0.09138,-0.063109,29.563,0.78333
26.401,26.708,0,-0.065048,29.532,0.50984
26.372,26.701,-0.057071,-0.066509,29.501,0.71134
26.361,26.695,-0.055756,-0.067572,29.473,0.7162
26.359,26.688,-0.052308,-0.06672,29.443,0.69754
26.359,26.681,-0.054715,-0.065438,29.401,0.69119
26.35,26.675,-0.085118,-0.06612,29.372,0.78515
26.332,26.668,-0.095303,-0.068499,29.34,0.83679
26.332,26.661,0,-0.06863,29.307,0.55187
26.319,26.654,-0.15709,-0.068628,29.279,1.0356
26.3,26.648,-0.17086,-0.071129,29.25,1.1062
26.283,26.64,-0.17014,-0.073332,29.206,1.123
26.273,26.633,-0.21253,-0.073934,29.175,1.2813
26.259,26.626,-0.24842,-0.075523,29.14,1.4341
26.236,26.618,-0.28516,-0.078745,29.098,1.6151
26.204,26.61,-0.30349,-0.083829,29.068,1.7454
26.177,26.602,-0.31286,-0.08795,29.029,1.828
26.177,26.593,0,-0.0928,28.987,0.68876
26.107,26.584,-0.2706,-0.0992,28.921,1.7564
26.076,26.574,-0.23592,-0.10381,28.879,1.6569
26.051,26.564,-0.2322,-0.10713,28.823,1.6714
26.051,26.553,0,-0.1115,28.772,0.83848
25.99,26.542,-0.20222,-0.11593,28.702,1.6303
25.99,26.53,0,-0.11634,28.648,0.9153
25.964,26.518,-0.24026,-0.1172,28.576,1.7869
25.932,26.507,-0.22046,-0.12192,28.511,1.7471
25.932,26.495,0,-0.12511,28.454,0.94411
25.881,26.482,-0.23608,-0.12833,28.388,1.865
25.865,26.469,-0.21376,-0.12929,28.338,1.7779
25.84,26.456,-0.2621,-0.13235,28.272,2.0062
25.804,26.443,-0.3449,-0.13767,28.21,2.438
25.773,26.429,-0.40806,-0.14169,28.151,2.7968
25.773,26.415,0,-0.14864,28.086,1.069
25.689,26.4,-0.33521,-0.15458,28.02,2.5481
25.649,26.385,-0.28938,-0.16072,27.939,2.382
25.621,26.369,-0.29703,-0.16374,27.872,2.4408
25.583,26.352,-0.26065,-0.16929,27.788,2.3177
25.563,26.335,-0.30097,-0.17054,27.72,2.5099
25.563,26.318,0,-0.17574,27.644,1.2694
25.489,26.301,-0.43967,-0.1806,27.564,3.3191
25.446,26.283,-0.39345,-0.18707,27.474,3.1185
25.404,26.264,-0.42558,-0.19303,27.399,3.3482
25.354,26.245,-0.47659,-0.20063,27.321,3.7155
25.354,26.225,0,-0.20771,27.232,1.4616
25.354,26.204,0,-0.21397,27.146,1.3897
25.216,26.183,-0.44955,-0.22095,27.032,3.7225
25.175,26.16,-0.45513,-0.2265,26.928,3.795
25.12,26.138,-0.41766,-0.23517,26.825,3.646
25.12,26.114,0,-0.24159,26.724,1.6715
25.024,26.09,-0.41072,-0.2489,26.624,3.7075
25.024,26.065,0,-0.25269,26.519,1.758
24.951,26.04,-0.39022,-0.25705,26.417,3.6303
24.903,26.014,-0.40937,-0.26397,26.305,3.7851
24.865,25.988,-0.41314,-0.26843,26.187,3.8255
24.824,25.961,-0.42131,-0.27338,26.078,3.8985
24.785,25.934,-0.45634,-0.27769,25.97,4.1271
24.785,25.906,0,-0.28414,25.857,1.865
24.684,25.877,-0.38471,-0.2921,25.739,3.7897
24.649,25.848,-0.39271,-0.29565,25.615,3.8397
24.613,25.819,-0.42894,-0.29923,25.489,4.0554
24.566,25.789,-0.40431,-0.30552,25.368,3.9393
24.53,25.758,-0.40226,-0.30907,25.24,3.9284
24.486,25.727,-0.44781,-0.31427,25.122,4.218
24.486,25.696,0,-0.31957,24.999,1.9828
24.403,25.664,-0.45075,-0.32391,24.867,4.2575
24.362,25.632,-0.46207,-0.32846,24.739,4.334
24.362,25.599,0,-0.33412,24.614,2.0066
24.362,25.565,0,-0.33858,24.492,1.9037
24.239,25.531,-0.44005,-0.3419,24.337,4.2074
24.191,25.497,-0.44145,-0.3484,24.202,4.2334
24.148,25.462,-0.43478,-0.35352,24.061,4.1963
24.097,25.427,-0.38713,-0.36028,23.935,3.9379
24.097,25.391,0,-0.36344,23.804,2.0611
24.097,25.355,0,-0.36608,23.676,1.9566
24.097,25.318,0,-0.36891,23.553,1.8527
23.958,25.281,-0.28426,-0.36992,23.39,3.3132
23.958,25.244,0,-0.37235,23.259,2.0099
23.958,25.207,0,-0.36918,23.132,1.9229
23.887,25.17,-0.20537,-0.36676,23.013,2.8243
23.887,25.133,0,-0.36217,22.886,1.9395
23.871,25.097,-0.11398,-0.35565,22.761,2.3152
23.871,25.062,0,-0.35154,22.641,1.8278
23.871,25.026,0,-0.34754,22.523,1.7503
23.841,24.992,-0.032818,-0.34082,22.41,1.8657
23.842,24.958,-0.035142,-0.33304,22.29,1.8084
23.842,24.924,0,-0.326,22.18,1.6326
23.842,24.892,0,-0.31901,22.073,1.5721
23.821,24.86,-0.067725,-0.31607,21.974,1.7706
23.818,24.828,-0.056956,-0.30965,21.864,1.6819
23.815,24.797,-0.042392,-0.30251,21.772,1.5829
23.819,24.767,-0.044763,-0.29413,21.669,1.5314
23.819,24.738,0,-0.28923,21.575,1.3375
23.801,24.709,-0.052119,-0.28489,21.477,1.4795
23.801,24.68,0,-0.27977,21.388,1.2683
23.784,24.652,-0.080428,-0.27535,21.306,1.4983
23.786,24.625,-0.098329,-0.26763,21.218,1.5063
23.767,24.598,-0.092251,-0.26661,21.132,1.4694
23.768,24.571,-0.11307,-0.25907,21.056,1.4913
23.764,24.545,-0.19655,-0.25333,20.97,1.7487
23.739,24.52,-0.23127,-0.25443,20.902,1.8797
23.71,24.494,-0.28756,-0.25662,20.83,2.1133
23.675,24.469,-0.30361,-0.26112,20.743,2.1924
23.644,24.443,-0.32393,-0.26407,20.663,2.2853
23.616,24.416,-0.32393,-0.26625,20.582,2.2832
23.581,24.39,-0.31425,-0.27029,20.504,2.2476
23.55,24.363,-0.25206,-0.27281,20.427,1.9823
23.55,24.335,0,-0.27669,20.347,1.0557
23.55,24.308,0,-0.28062,20.27,0.98239
23.445,24.28,-0.3208,-0.28493,20.177,2.2936
23.423,24.251,-0.32455,-0.28432,20.101,2.2947
23.395,24.223,-0.34297,-0.28556,20.025,2.3713
23.352,24.194,-0.40913,-0.29218,19.942,2.7059
23.316,24.165,-0.41602,-0.29602,19.863,2.7444
23.269,24.135,-0.40252,-0.30407,19.77,2.697
23.229,24.105,-0.38949,-0.30945,19.677,2.6398
23.192,24.074,-0.39539,-0.3136,19.581,2.6686
23.153,24.043,-0.39628,-0.31803,19.499,2.6771
23.153,24.011,0,-0.3219,19.411,1.1051
23.085,23.979,-0.39739,-0.32337,19.32,2.6706
23.04,23.946,-0.40319,-0.32988,19.232,2.7098
22.996,23.913,-0.37925,-0.33633,19.133,2.6005
22.996,23.88,0,-0.34151,19.043,1.1134
22.996,23.846,0,-0.34021,18.956,1.0399
22.898,23.812,-0.30977,-0.34099,18.875,2.2523
22.862,23.777,-0.30663,-0.34433,18.774,2.2318
22.862,23.743,0,-0.34141,18.684,1.1085
22.801,23.709,-0.37557,-0.34617,18.584,2.5099
22.801,23.674,0,-0.35198,18.495,1.0647
22.728,23.639,-0.36997,-0.35165,18.405,2.468
22.728,23.604,0,-0.35183,18.316,1.0698
22.659,23.569,-0.2994,-0.35578,18.229,2.137
22.636,23.533,-0.23305,-0.35277,18.146,1.8468
22.636,23.498,0,-0.34693,18.058,1.0507
22.601,23.463,-0.22296,-0.34325,17.972,1.7451
22.601,23.429,0,-0.34382,17.887,0.98242
22.554,23.394,-0.14217,-0.33938,17.789,1.4233
22.537,23.36,-0.098528,-0.33472,17.707,1.2618
22.537,23.327,0,-0.32611,17.626,0.94377
22.524,23.294,-0.083907,-0.3174,17.532,1.1408
22.508,23.263,-0.074303,-0.31293,17.447,1.0887
22.504,23.231,-0.087325,-0.30276,17.381,1.0866
22.501,23.201,-0.18087,-0.29322,17.309,1.3345
22.491,23.172,-0.19156,-0.28624,17.249,1.3414
22.479,23.143,-0.21706,-0.28044,17.188,1.4032
22.453,23.115,-0.23597,-0.28126,17.116,1.4622
22.453,23.087,0,-0.28005,17.051,0.7132
22.453,23.059,0,-0.27874,16.989,0.65714
22.379,23.031,-0.22045,-0.28158,16.915,1.3807
22.357,23.003,-0.21206,-0.28044,16.842,1.3387
22.339,22.975,-0.26522,-0.27743,16.771,1.5093
22.317,22.947,-0.3078,-0.27635,16.705,1.6596
22.317,22.92,0,-0.28132,16.643,0.64377
22.241,22.891,-0.34002,-0.28832,16.571,1.8022
22.212,22.863,-0.31193,-0.28973,16.51,1.6837
22.19,22.834,-0.30842,-0.28808,16.454,1.6575
22.157,22.805,-0.33149,-2.9,16.383,27.957
22.117,22.515,-0.34774,-0.17768,16.325,1.5263
22.082,22.497,-0.33593,-0.18612,16.283,1.4966
22.047,22.478,-0.27908,-0.19369,16.241,1.2926
22.018,22.459,-0.20234,-2.9,16.196,34.107
21.997,22.169,-0.14557,-0.076656,16.171,0.55726
21.986,22.161,-0.089846,-0.07828,16.153,0.40762
21.972,22.154,-0.17318,-0.08105,16.142,0.64972
21.96,22.145,-0.28717,-0.083033,16.122,1.0382
21.929,22.137,-0.3565,-0.093298,16.111,1.3355
21.885,22.128,-0.31294,-0.10914,16.088,1.2022
21.885,22.117,0,-2.9,16.064,41.923
21.842,21.827,-0.2713,0.0022238,16.053,0.7309
21.82,21.827,-0.25918,-0.003339,16.059,0.73021
21.798,21.827,-0.30222,-0.012697,16.058,0.91114
21.775,21.825,-0.36645,-0.022385,16.045,1.1905
21.775,21.823,0,-0.037425,16.041,0.020571
21.695,21.82,-0.30335,-0.05533,16.038,1.0289
21.67,21.814,-0.25549,-0.063898,16.029,0.87696
21.642,21.808,-0.22957,-0.073868,16.008,0.81335
21.642,21.8,0,-0.083491,15.992,0.14942
21.585,21.792,-0.25169,-0.092489,15.984,0.93708
21.585,21.783,0,-0.10299,15.964,0.18958
21.518,21.772,-0.33937,-0.11392,15.934,1.3199
21.475,21.761,-0.34669,-0.12871,15.902,1.3862
21.446,21.748,-0.31578,-0.13615,15.877,1.281
21.409,21.734,-0.30257,-2.9,15.855,35.601
21.371,21.444,-0.3136,-0.032586,15.843,1.0069
21.331,21.441,-0.32053,-0.049257,15.834,1.0777
21.307,21.436,-0.32635,-0.057637,15.812,1.122
21.27,21.43,-0.34971,-0.071659,15.794,1.2517
21.243,21.423,-0.39989,-0.080928,15.768,1.4867
21.21,21.415,-0.42091,-0.09213,15.754,1.6092
21.21,21.406,0,-0.11113,15.734,0.16927
21.111,21.395,-0.38047,-0.12795,15.709,1.5235
21.111,21.382,0,-2.9,15.681,40.897
21.037,21.092,-0.36396,-0.024348,15.66,1.185
21.009,21.09,-0.34844,-0.035943,15.655,1.1525
20.977,21.086,-0.36187,-0.048788,15.644,1.2413
20.977,21.081,0,-0.060107,15.633,0.088038
20.907,21.075,-0.42571,-0.075308,15.622,1.5879
20.907,21.068,0,-0.092944,15.606,0.13515
20.829,21.058,-0.3962,-0.10312,15.577,1.5284
20.829,21.048,0,-0.12,15.555,0.19816
20.737,21.036,-0.30799,-0.13465,15.531,1.2466
20.737,21.023,0,-2.9,15.502,40.536
20.664,20.733,-0.31296,-0.030441,15.466,0.99806
20.627,20.73,-0.31823,-0.045701,15.456,1.0584
20.603,20.725,-0.29158,-0.054783,15.437,0.98073
20.603,20.719,0,-0.067019,15.425,0.099024
20.543,20.713,-0.28224,-0.076348,15.39,1.0005
20.543,20.705,0,-0.087084,15.373,0.14954
20.492,20.696,-0.23145,-0.09197,15.358,0.86056
20.475,20.687,-0.25449,-2.9,15.338,39.223
20.454,20.397,-0.26614,0.0090531,15.322,0.62312
20.423,20.398,-0.22077,0.0039515,15.325,0.53945
20.404,20.399,-0.23507,0.00082749,15.33,0.62771
20.404,20.399,0,-0.012344,15.331,0
20.404,20.397,0,-0.03122,15.331,0
20.227,20.394,-1.4505,-0.074424,15.309,10.267
20.077,20.387,-2.1102,-0.13881,15.276,22.18
19.866,20.373,-2.8417,-0.22751,15.239,45.29
19.866,20.35,0,-0.34402,15.19,0.29929
19.243,20.316,-3.7165,-3.7546,15.091,0.14573
18.866,19.94,-3.9458,-0.4841,14.992,122.9
18.469,19.892,-3.8432,-3.9112,14.876,0
18.077,19.501,-3.1421,-3.2109,14.737,0
18.077,19.18,0,-0.64099,14.611,0.94098
17.521,19.116,-1.5597,-2.9,14.457,3.1778
17.375,18.826,-0.87296,-2.9,14.298,9.9041
17.297,18.536,-0.416,-2.9,14.161,17.268
17.26,18.246,-0.31778,-4.4,14.045,267.36
17.23,17.806,-0.11717,-0.25835,13.962,0.93416
17.209,17.78,0.17641,-0.25716,13.906,0.31718
17.231,17.754,0.55762,-4.4,13.847,247.12
17.288,17.314,0.94472,-0.011413,13.824,0
17.288,17.313,0,0.014155,13.822,0.082015
17.506,17.314,1.3017,0.036618,13.854,0.80802
17.506,17.318,0,0.059932,13.873,0
17.762,17.324,1.2662,0.083867,13.917,0.76592
17.891,17.332,1.1058,0.10701,13.96,0.29799
17.891,17.343,0,0.12832,14.016,0
18.096,17.356,0.63917,0.14271,14.09,0
18.163,17.37,0.53825,0.15335,14.167,0
18.217,17.386,0.60676,0.16136,14.238,0
18.269,17.402,0.83771,0.16897,14.317,0
18.361,17.419,1.1723,0.1842,14.409,0.63487
18.483,17.437,1.5112,0.20539,14.513,2.1086
18.483,17.457,0,0.23051,14.616,0
18.801,17.481,1.9134,0.26175,14.738,4.5476
18.991,17.507,2.0614,0.29625,14.887,5.7073
19.199,17.536,2.1177,0.33392,15.045,6.3916
19.413,17.57,2.0961,0.37303,15.229,6.5923
19.413,17.607,0,0.41141,15.411,0
19.824,17.648,1.9728,0.44748,15.63,6.3964
20.022,17.693,1.8768,0.48327,15.862,6.0237
20.215,17.741,1.8402,0.51787,16.107,6.0285
20.406,17.793,1.8804,0.55187,16.354,6.564
20.602,17.848,1.9332,0.58685,16.615,7.2103
20.602,17.907,0,0.62246,16.888,0
21.005,17.969,1.9811,0.65932,17.194,8.1109
21.199,18.035,1.9796,0.69389,17.501,8.3441
21.389,18.104,1.9797,0.72724,17.819,8.5673
21.591,18.177,1.9774,0.76341,18.156,8.7893
21.591,18.254,0,0.79701,18.493,0
21.988,18.333,1.9638,0.83352,18.862,9.1091
22.177,18.417,1.9512,0.86644,19.24,9.172
22.364,18.503,1.9065,0.89827,19.624,8.9543
22.556,18.593,1.8619,0.93079,20.017,8.735
22.742,18.686,1.7792,0.96209,20.428,8.1742
22.915,18.782,1.7221,0.9894,20.845,7.7742
23.077,18.881,1.672,1.0133,21.257,7.4066
23.248,18.983,1.5969,1.0389,21.68,6.851
23.399,19.087,1.5176,1.0593,22.109,6.2163
23.556,19.192,1.4728,1.0807,22.545,5.8643
23.703,19.301,1.4377,1.0983,22.973,5.5698
23.844,19.41,1.3475,1.1143,23.413,4.839
23.844,19.522,0,1.128,23.851,0
24.111,19.635,1.3149,1.1414,24.313,4.4721
24.111,19.749,0,1.1526,24.755,0
24.373,19.864,1.2261,1.1647,25.213,3.6929
24.373,19.98,0,1.1753,25.658,0
24.373,20.098,0,1.1833,26.092,0
24.373,20.216,0,1.1908,26.513,0
24.373,20.335,0,1.1965,26.923,0
24.976,20.455,1.0226,1.1998,27.463,1.9196
24.976,20.575,0,1.2016,27.909,0
25.182,20.695,0.96399,1.2018,28.366,1.3693
25.285,20.815,0.95664,1.2023,28.815,1.2465
25.373,20.936,0.91125,1.1984,29.255,0.87428
25.464,21.055,0.83892,1.195,29.688,0.35974
25.556,21.175,0.80535,1.1919,30.136,0.089159
25.556,21.294,0,1.1832,30.568,0
25.713,21.412,0.68138,1.1778,31.004,0
25.778,21.53,0.65271,1.1668,31.428,0
25.849,21.647,0.66708,1.1577,31.851,0
25.914,21.763,0.64729,1.1466,32.261,0
25.988,21.877,0.6358,1.1382,32.675,0
26.044,21.991,0.62566,1.1248,33.081,0
26.098,22.104,0.60846,1.1113,33.492,0
26.163,22.215,0.57906,1.1006,33.885,0
26.222,22.325,0.52082,1.0889,34.287,0
26.222,22.434,0,1.0741,34.671,0
26.314,22.541,0.49001,1.0583,35.071,0
26.362,22.647,0.47028,1.0439,35.445,0
26.413,22.751,0.43594,1.0305,35.82,0
26.449,22.854,0.40722,1.013,36.175,0
26.483,22.956,0.41222,0.99552,36.534,0
26.523,23.055,0.42212,0.97976,36.882,0
26.567,23.153,0.4292,0.96589,37.234,0
26.613,23.25,0.44469,0.95289,37.583,0
26.651,23.345,0.49954,0.93758,37.915,0
26.651,23.439,0,0.92823,38.241,0
26.758,23.532,0.43096,0.91672,38.573,0
26.805,23.623,0.4018,0.90484,38.896,0
26.838,23.714,0.35531,0.88934,39.216,0
26.864,23.803,0.31424,0.87195,39.521,0
26.897,23.89,0.35693,0.85711,39.826,0
26.931,23.976,0.30593,0.84285,40.117,0
26.958,24.06,0.27842,0.82718,40.409,0
26.987,24.143,0.26291,0.81232,40.698,0
26.987,24.224,0,0.79653,40.978,0
26.987,24.304,0,0.779,41.251,0
27.04,24.381,0.061246,0.76047,41.538,0
27.037,24.457,0.036886,0.73833,41.8,0
27.037,24.531,0,0.71969,42.055,0
27.037,24.603,0,0.70007,42.302,0
27.048,24.673,0.0019589,0.68023,42.547,0
27.041,24.741,0.0078077,0.6591,42.777,0
27.041,24.807,0,0.64123,43.004,0
27.041,24.871,0,0.62159,43.224,0
27.043,24.934,-0.051883,0.60456,43.42,0
27.043,24.994,0,0.58832,43.628,0
27.049,25.053,-0.070684,0.57251,43.844,0
27.042,25.11,-0.07053,0.5543,44.033,0
27.034,25.165,-0.097676,0.53609,44.222,0
27.034,25.219,0,0.51937,44.406,0
27.02,25.271,-0.15946,0.50198,44.6,0
27.02,25.321,0,0.48289,44.773,0
27.02,25.37,0,0.46407,44.94,0
26.97,25.416,-0.29037,0.44636,45.099,0
26.97,25.461,0,0.42464,45.253,0
26.915,25.503,-0.33352,0.40548,45.396,0
26.889,25.544,-0.34868,0.38662,45.543,0
26.858,25.582,-0.36865,0.36629,45.666,0
26.814,25.619,-0.37907,0.34341,45.792,0
26.768,25.653,-0.41056,0.32017,45.917,0
26.724,25.685,-0.40143,0.29844,46.029,0
26.68,25.715,-0.38269,0.27708,46.12,0
26.641,25.743,-0.34332,0.25805,46.214,0
26.599,25.769,-0.30221,0.23848,46.306,0
26.599,25.792,0,0.22433,46.388,0
26.551,25.815,-0.20318,0.21149,46.449,0
26.538,25.836,-0.16528,0.2016,46.521,0
26.514,25.856,-0.13078,0.18903,46.593,0
26.509,25.875,-0.13655,0.18218,46.655,0
26.496,25.893,-0.14506,0.17316,46.727,0
26.496,25.911,0,0.16264,46.786,0
26.459,25.927,-0.10243,0.15279,46.83,0
26.444,25.942,-0.11014,0.14413,46.878,0
26.444,25.957,0,0.13819,46.927,0
26.421,25.97,-0.076243,0.12955,46.976,0
26.423,25.983,-0.081341,0.12621,47.023,0
26.419,25.996,-0.085607,0.1216,47.065,0
26.411,26.008,-0.0431,0.11582,47.105,0
26.41,26.02,0.0088548,0.11201,47.152,0
26.403,26.031,0.037302,0.10684,47.196,0
26.413,26.042,0.077254,0.10673,47.233,0
26.413,26.052,0,0.10512,47.269,0
26.434,26.063,0.15271,0.10666,47.292,0
26.434,26.073,0,0.10809,47.329,0
26.458,26.084,0.20603,0.10726,47.374,0
26.486,26.095,0.22943,0.11245,47.403,0
26.486,26.106,0,0.11772,47.442,0
26.533,26.118,0.25002,0.11929,47.482,0
26.561,26.13,0.25422,0.12392,47.518,0
26.586,26.142,0.25603,0.12737,47.561,0
26.607,26.155,0.24752,0.1299,47.602,0
26.607,26.168,0,0.13569,47.647,0
26.655,26.182,0.20403,0.13603,47.695,0
26.681,26.195,0.19554,0.13958,47.742,0
