14.722,14.722,0.96166,0,35.5,0
14.811,14.722,1.1108,0.051053,35.513,0.17355
14.925,14.727,1.1204,0.11411,35.518,0.053186
15.047,14.739,1.1562,0.17767,35.546,0
15.047,14.757,0,0.23593,35.576,0
15.047,14.78,0,0.28685,35.604,0.11649
15.396,14.809,1.1542,0.33746,35.672,0
15.396,14.843,0,0.37952,35.729,0
15.62,14.88,1.1876,0.42272,35.813,0
15.738,14.923,1.1776,0.46506,35.893,0
15.857,14.969,1.1941,0.50469,35.984,0
15.982,15.02,1.1693,0.54547,36.086,0
15.982,15.074,0,0.57547,36.179,0
16.2,15.132,1.1628,0.60114,36.3,0
16.2,15.192,0,0.63485,36.403,0
16.45,15.255,1.163,0.66668,36.53,0
16.56,15.322,1.168,0.68819,36.658,0
16.667,15.391,1.145,0.70635,36.791,0
16.79,15.462,1.1264,0.7322,36.926,0
16.91,15.535,1.1115,0.75471,37.062,0
17.015,15.61,1.1344,0.76717,37.208,0
17.134,15.687,1.1502,0.78655,37.344,0
17.259,15.766,1.1305,0.80777,37.492,0
17.379,15.846,1.0826,0.82449,37.635,0
17.483,15.929,1.0436,0.83204,37.799,0
17.582,16.012,1.0011,0.83651,37.959,0
17.688,16.096,0.99636,0.84421,38.108,0
17.782,16.18,1.042,0.84488,38.262,0
17.879,16.265,1.1074,0.84721,38.423,0
17.997,16.349,1.1492,0.86046,38.585,0
18.109,16.435,1.1683,0.86968,38.757,0
18.22,16.522,1.1719,0.87792,38.926,0
18.344,16.61,1.1799,0.89247,39.102,0
18.344,16.699,0,0.9048,39.271,0
18.584,16.79,1.2205,0.91396,39.453,0
18.711,16.881,1.2511,0.92735,39.63,0
18.835,16.974,1.2175,0.93871,39.813,0
18.956,17.068,1.1486,0.94783,40.008,0
19.081,17.163,1.0788,0.95799,40.202,0
19.081,17.258,0,0.96186,40.389,0
19.291,17.355,0.84885,0.95734,40.59,0
19.291,17.45,0,0.94725,40.779,0
19.291,17.545,0,0.93292,40.959,0
19.512,17.638,0.3805,0.91331,41.175,0
19.544,17.73,0.27102,0.88007,41.365,0
19.544,17.818,0,0.84449,41.542,0
19.597,17.902,0.19514,0.81497,41.702,0
19.597,17.984,0,0.78616,41.868,0
19.597,18.062,0,0.7558,42.025,0
19.664,18.138,0.12713,0.72508,42.176,0
19.677,18.21,0.099893,0.69441,42.331,0
19.691,18.28,0.11795,0.66589,42.468,0
19.691,18.346,0,0.63509,42.606,0
19.717,18.41,0.28888,0.61329,42.746,0
19.755,18.471,0.4469,0.60063,42.879,0
19.797,18.531,0.55565,0.59062,43.011,0
19.85,18.59,0.60822,0.58597,43.141,0
19.85,18.649,0,0.58767,43.264,0
19.85,18.708,0,0.5918,43.381,0
20.048,18.767,0.67477,0.59135,43.522,0
20.123,18.826,0.69308,0.59723,43.661,0
20.194,18.886,0.71248,0.60078,43.793,0
20.268,18.946,0.71589,0.60563,43.934,0
20.33,19.006,0.72267,0.60502,44.074,0
20.33,19.067,0,0.60522,44.203,0
20.33,19.127,0,0.61224,44.326,0
20.541,19.189,0.66877,0.61315,44.478,0
20.608,19.25,0.70969,0.61432,44.609,0
20.608,19.311,0,0.61493,44.741,0
20.755,19.373,0.71088,0.62182,44.883,0
20.824,19.435,0.74046,0.62329,45.024,0
20.907,19.497,0.74432,0.63091,45.163,0
20.907,19.56,0,0.63641,45.301,0
21.052,19.624,0.71888,0.63623,45.464,0
21.129,19.688,0.72679,0.64031,45.611,0
21.21,19.752,0.72767,0.64632,45.761,0
21.28,19.816,0.69716,0.64726,45.914,0
21.354,19.881,0.59586,0.64965,46.063,0
21.405,19.946,0.51179,0.64175,46.205,0
21.451,20.01,0.42632,0.63196,46.34,0
21.499,20.073,0.37153,0.6237,46.487,0
21.499,20.136,0,0.61541,46.626,0
21.499,20.197,0,0.60169,46.759,0
21.499,20.258,0,0.59646,46.887,0
21.677,20.317,0.54848,0.58929,47.031,0
21.741,20.376,0.57462,0.58981,47.162,0
21.797,20.435,0.5495,0.58721,47.294,0
21.856,20.494,0.57828,0.58601,47.438,0
21.913,20.552,0.66297,0.58413,47.566,0
21.978,20.611,0.72197,0.58579,47.7,0
22.044,20.669,0.73703,0.58734,47.843,0
22.117,20.728,0.7462,0.59232,47.99,0
22.117,20.787,0,0.59527,48.126,0
22.268,20.847,0.73865,0.60376,48.275,0
22.338,20.907,0.72354,0.60637,48.42,0
22.338,20.968,0,4.8,48.56,30.228
22.482,21.448,0.73849,0.42195,48.689,0
22.482,21.49,0,0.43145,48.79,0
22.621,21.533,0.7127,0.44258,48.901,0
22.686,21.578,0.69057,0.4507,49.018,0
22.76,21.623,0.69311,0.46156,49.137,0
22.836,21.669,0.68313,0.47309,49.255,0
22.899,21.716,0.68325,0.47906,49.382,0
22.973,21.764,0.69096,0.48872,49.504,0
23.038,21.813,0.68829,0.49448,49.624,0
23.104,21.862,0.6683,4.8,49.746,21.808
23.164,22.342,0.64123,0.31974,49.84,0
23.222,22.374,0.6256,0.32982,49.927,0
23.276,22.407,0.58885,0.33756,50.011,0
23.276,22.441,0,0.34368,50.096,0
23.37,22.475,0.48,0.34704,50.175,0
23.416,22.51,0.42174,0.35096,50.275,0
23.451,22.545,0.33135,0.35057,50.366,0
23.494,22.58,0.27786,0.35331,50.465,0
23.518,22.616,0.29358,0.34861,50.555,0
23.552,22.65,0.30208,0.34793,50.648,0
23.578,22.685,0.29529,0.34434,50.741,0
23.617,22.72,0.3254,0.34551,50.822,0
23.651,22.754,0.40465,0.34498,50.902,0
23.699,22.789,0.43468,0.34981,50.983,0
23.741,22.824,0.45792,4.8,51.084,26.379
23.781,23.304,0.5003,0.17725,51.148,0
23.832,23.321,0.50721,0.18935,51.194,0
23.832,23.34,0,0.20455,51.244,0
23.934,23.361,0.3898,0.21248,51.309,0
23.974,23.382,0.32793,0.21936,51.372,0
24.001,23.404,0.2569,0.22138,51.441,0
24.036,23.426,0.11467,0.22594,51.502,0
24.036,23.449,0,0.22422,51.562,0
24.047,23.471,-0.18182,0.21294,51.621,0
24.022,23.492,-0.23026,0.19578,51.677,0
24.022,23.512,0,0.18228,51.729,0
23.977,23.53,-0.10972,0.16494,51.781,0
23.963,23.547,0.017024,0.15382,51.824,0
23.965,23.562,0.11877,0.14872,51.864,0
23.982,23.577,0.14223,0.14931,51.904,0
24.004,23.592,0.12613,0.15217,51.952,0
24.027,23.607,0.093547,0.15472,51.984,0
24.027,23.623,0,0.15576,52.025,0
24.037,23.638,-0.058003,0.14696,52.063,0
24.027,23.653,-0.12647,0.13769,52.096,0
24.01,23.667,-0.22794,0.12635,52.135,0.13281
24.01,23.679,0,0.1159,52.169,0
23.954,23.691,-0.34534,0.096788,52.205,0.65447
23.925,23.701,-0.37837,0.082662,52.229,0.84169
23.89,23.709,-0.41756,0.066608,52.243,1.0718
23.857,23.715,-0.428,4.8,52.267,45.447
23.817,24.195,-0.44118,-0.026799,52.255,2.5883
23.777,24.193,-0.47737,-0.029436,52.206,2.9058
23.736,24.19,-0.51032,-0.03218,52.163,3.2237
23.692,24.187,-0.53441,-0.035171,52.122,3.5109
23.648,24.183,-0.64456,-0.038088,52.073,4.3883
23.648,24.179,0,-0.042892,52.019,1.1124
23.648,24.175,0,-0.048599,51.966,1.0838
23.398,24.17,-1.2542,-0.055224,51.867,11.372
23.271,24.165,-1.5807,-0.064104,51.781,16.783
23.115,24.158,-1.8116,-0.075023,51.688,21.845
22.938,24.151,-1.9809,-0.0875,51.577,26.466
22.745,24.142,-2.1362,-0.10119,51.447,31.347
22.537,24.132,-2.2347,-0.11604,51.304,35.216
22.305,24.12,-2.2892,-0.13267,51.137,38.177
22.071,24.107,-2.3296,-0.14967,50.942,40.804
21.844,24.092,-2.3053,-0.16622,50.736,41.506
21.622,24.075,-2.1949,-0.18268,50.505,39.782
21.393,24.057,-2.0199,-0.19992,50.242,36.613
21.181,24.037,-1.8061,-0.21606,49.969,32.821
21.001,24.016,-1.6006,-0.23002,49.685,29.467
20.848,23.993,-1.5074,-0.2422,49.372,28.402
20.706,23.968,-1.4875,-0.2538,49.042,28.693
20.554,23.943,-1.5253,-0.2663,48.71,30.137
20.554,23.916,0,-0.27875,48.372,9.9327
20.254,23.888,-1.5899,-0.29164,48.023,32.826
20.105,23.859,-1.4519,-0.30481,47.646,30.769
19.958,23.829,-1.2564,-0.31802,47.265,27.824
19.823,23.797,-1.0422,-0.33056,46.866,24.8
19.713,23.764,-0.84162,-0.34117,46.473,22.164
19.634,23.73,-0.65028,-0.3494,46.075,19.76
19.56,23.695,-0.60817,-0.35748,45.657,19.367
19.504,23.659,-0.61105,-0.3641,45.24,19.454
19.445,23.623,-0.63081,-0.37114,44.817,19.764
19.39,23.586,-0.6293,-0.37794,44.401,19.786
19.332,23.548,-0.61701,-0.38516,43.975,19.674
19.267,23.509,-0.61034,-0.39313,43.548,19.661
19.214,23.47,-0.59281,-0.40019,43.117,19.449
19.152,23.43,-0.57551,-0.40819,42.691,19.283
19.1,23.389,-0.57855,-0.41545,42.255,19.315
19.036,23.348,-0.57428,-0.42393,41.822,19.306
18.985,23.305,-0.56245,-0.43143,41.386,19.142
18.985,23.262,0,-0.4395,40.956,12.912
18.877,23.218,-0.54708,-0.44728,40.507,18.919
18.877,23.173,0,-0.4545,40.076,12.888
18.877,23.128,0,-0.46161,39.648,12.625
18.722,23.082,-0.54543,-0.4708,39.218,18.783
18.672,23.035,-0.55481,-0.479,38.776,18.839
18.672,22.987,0,-0.48715,38.342,12.733
18.57,22.938,-0.5964,-0.49579,37.901,19.227
18.519,22.888,-0.59099,-0.5043,37.463,19.085
18.467,22.838,-0.60169,-0.51311,37.029,19.147
18.467,22.787,0,-0.52243,36.595,12.497
18.345,22.734,-0.56915,-0.53356,36.144,18.655
18.29,22.681,-0.60013,-0.54314,35.712,18.958
18.231,22.627,-0.61531,-0.55368,35.265,19.072
18.231,22.571,0,-0.56553,34.828,12.276
18.104,22.515,-0.62508,-0.57597,34.39,19.067
18.049,22.457,-0.61137,-0.58664,33.939,18.781
17.984,22.399,-0.59712,-0.59891,33.489,18.529
17.932,22.339,-0.60094,-0.60924,33.053,18.44
17.878,22.278,-0.59564,-0.61987,32.617,18.237
17.878,22.216,0,-0.63306,32.18,11.78
17.746,22.153,-0.60066,-0.64595,31.726,18.095
17.685,22.088,-0.61064,-0.65836,31.283,18.077
17.685,22.022,0,-0.67147,30.846,11.502
17.565,21.955,-0.49481,-0.68398,30.396,16.434
17.51,21.887,-0.40489,-0.69626,29.949,15.277
17.472,21.817,-0.29977,-0.70612,29.504,13.969
17.452,21.746,-0.20074,-0.71266,29.072,12.741
17.422,21.675,-0.12118,-0.72029,28.653,11.788
17.406,21.603,-0.09451,-0.7257,28.236,11.275
17.403,21.53,-0.057305,-0.72854,27.823,10.646
17.403,21.458,0,-0.73191,27.414,9.8689
17.395,21.384,0.055022,-0.73362,27.018,9.1852
17.395,21.311,0,-0.73274,26.623,9.2822
17.425,21.238,0.16629,-0.73064,26.237,7.777
17.445,21.165,0.19869,-0.72739,25.856,7.2532
17.466,21.092,0.23827,-0.72301,25.497,6.7175
17.466,21.02,0,-0.71837,25.138,7.914
17.513,20.948,0.27671,-0.71148,24.803,5.9175
17.549,20.877,0.29442,-0.70275,24.458,5.5202
17.58,20.806,0.27657,-0.6941,24.133,5.3189
17.599,20.737,0.24849,-0.68707,23.822,5.1975
17.627,20.668,0.27289,-0.67817,23.513,4.825
17.627,20.6,0,-0.6691,23.212,6.0108
17.627,20.534,0,-0.66112,22.918,5.814
17.627,20.467,0,-0.65237,22.63,5.6258
17.627,20.402,0,-0.64237,22.35,5.4488
17.733,20.338,0.18385,-0.63221,22.098,4.071
17.752,20.275,0.18065,-0.62244,21.838,3.8825
17.752,20.213,0,-0.61092,21.588,4.5392
17.752,20.151,0,-0.59922,21.345,4.394
17.815,20.092,0.25412,-0.58793,21.114,3.0552
17.834,20.033,0.20476,-0.57594,20.891,3.0542
17.852,19.975,0.12886,-0.56429,20.669,3.1587
17.858,19.919,0.027357,-0.55523,20.46,3.4083
17.859,19.863,-0.091119,-0.54764,20.253,3.7858
17.856,19.808,-0.18254,-0.54012,20.065,4.0941
17.847,19.754,-0.2599,-0.53482,19.864,4.3713
17.828,19.701,-0.30357,-0.53169,19.681,4.5078
17.799,19.648,-0.32689,-0.53126,19.501,4.5556
17.771,19.595,-0.32613,-0.53069,19.318,4.4638
17.771,19.542,0,-0.53455,19.139,2.7604
17.771,19.488,0,-0.53473,18.964,2.6125
17.654,19.435,-0.4397,-0.53882,18.766,4.937
17.618,19.381,-0.46035,-0.54071,18.58,4.9889
17.569,19.327,-0.50007,-0.54631,18.398,5.1919
17.514,19.272,-0.51057,-0.5531,18.231,5.2234
17.469,19.217,-0.51236,-0.55737,18.046,5.1682
17.415,19.161,-0.53065,-0.56426,17.868,5.2418
17.415,19.105,0,-0.56756,17.696,2.4286
17.306,19.048,-0.56586,-0.57836,17.51,5.3774
17.247,18.99,-0.52842,-0.58663,17.33,5.0821
17.195,18.931,-0.49141,-0.59247,17.15,4.7866
17.195,18.872,0,-0.59581,16.98,2.3038
17.105,18.812,-0.35912,-0.59823,16.811,3.8946
17.105,18.753,0,-0.59675,16.643,2.227
17.053,18.693,-0.25682,-0.59121,16.455,3.205
17.022,18.634,-0.20987,-0.58838,16.297,2.9254
17.022,18.575,0,-0.58506,16.139,2.0272
16.959,18.517,-0.23025,-0.58273,15.987,2.8696
16.946,18.458,-0.25842,-0.57343,15.826,2.8917
16.922,18.401,-0.29213,-0.56731,15.681,2.9619
16.897,18.344,-0.38683,-0.56237,15.53,3.3315
16.863,18.288,-0.44607,-0.56001,15.394,3.5733
16.827,18.232,-0.48126,-0.55868,15.254,3.7011
16.771,18.176,-0.53008,-0.56572,15.105,3.938
16.771,18.119,0,-0.57371,14.967,1.5753
16.771,18.062,0,-0.57762,14.835,1.4388
16.608,18.004,-0.54956,-0.58398,14.674,3.9244
16.555,17.946,-0.57941,-0.58918,14.529,4.0517
16.487,17.887,-0.60668,-0.6004,14.388,4.187
16.419,17.827,-0.60891,-0.6123,14.239,4.1668
16.363,17.766,-0.59621,-0.61706,14.106,4.0427
16.363,17.704,0,-0.62102,13.969,1.4469
16.242,17.642,-0.57449,-4.4,13.812,203.2
16.242,17.202,0,-0.4584,13.694,1.0059
16.126,17.156,-0.56642,-0.46474,13.579,3.3315
16.073,17.11,-0.58613,-4.4,13.465,338.94
16.016,16.67,-0.68329,-0.29249,13.385,3.5808
16.016,16.64,0,-4.4,13.321,305.4
15.866,16.2,-0.97375,-0.14736,13.272,5.3528
15.772,16.186,-1.1126,-0.18286,13.227,6.7359
15.662,16.167,-1.3017,-0.22414,13.19,8.8972
15.538,16.145,-1.4734,-0.2707,13.141,11.21
15.391,16.118,-1.6286,-0.32632,13.078,13.629
15.233,16.085,-1.7273,-4.4,13.003,0
15.054,15.645,-1.7806,-0.26165,12.93,15.99
14.877,15.619,-1.7659,-0.33084,12.862,15.939
14.71,15.586,-1.7184,-4.4,12.777,0
14.528,15.146,-1.6363,-0.27231,12.698,13.647
14.362,15.119,-1.5414,-0.33594,12.625,12.4
14.362,15.085,0,-4.4,12.551,276.6
14.055,14.645,-1.2143,-0.25881,12.46,8.0598
14.055,14.619,0,-0.30671,12.403,0.51576
13.823,14.589,-0.72351,-0.34054,12.32,4.0004
13.757,14.555,-0.53219,-4.4,12.247,467.98
13.712,14.115,-0.47509,-0.17624,12.177,2.122
13.671,14.097,-0.44964,-0.18742,12.126,2.0231
13.622,14.078,-0.42942,-0.20166,12.077,1.9608
13.58,14.058,-0.58503,-0.21256,12.03,2.7822
13.526,14.037,-1.4154,-4.4,11.988,0
13.393,13.597,-2.6143,-0.08854,11.943,36.288
13.13,13.588,-3.99,-0.19953,11.904,127.55
12.724,13.568,-5.4571,-0.37053,11.843,760.4
12.177,13.531,-6.7918,-6.87,11.725,2.6112
12.177,12.844,0,-0.57411,11.624,0.32529
10.753,12.787,-8.0253,-0.88815,11.425,27.431
9.9475,12.698,-8.2093,-8.5471,11.194,4.928
9.9475,11.843,0,-8.4427,10.962,0
9.9475,10.999,0,-1.1112,10.815,0.85217
7.5323,10.888,-7.5267,-8.0702,10.355,5.7361
6.7842,10.081,-7.0837,-7.6262,10.015,5.6176
6.0686,9.318,-6.5993,-1.3256,9.6783,21.42
5.4146,9.1854,-6.1532,-6.9155,9.3266,6.1284
4.8056,8.4938,-5.6573,-6.4164,8.9612,5.9661
4.2376,7.8522,-5.1121,-5.8713,8.6047,5.8147
3.7241,7.2651,-4.4459,-5.2062,8.2463,5.6615
3.2882,6.7445,-3.7681,-5.2,7.8893,4.0766
2.9164,6.2245,-3.1451,-5.2,7.5569,2.4638
2.6112,5.7045,-2.6598,-8.8,7.2435,0
2.3417,4.8245,-2.2322,-8.8,6.9669,0
2.1192,3.9445,-1.9593,-8.8,6.7568,0
1.9134,3.0645,-1.7823,-0.26517,6.6083,6.9458
1.726,3.0379,-1.6384,-8.8,6.492,0
1.5564,2.1579,-1.478,-0.10007,6.3988,5.0748
1.41,2.1479,-1.2775,-0.12418,6.3349,4.8934
1.41,2.1355,0,-0.14493,6.2618,1.2881
1.1796,2.121,-0.91087,-0.16369,6.1596,4.4887
1.0923,2.1047,-0.85565,-0.17901,6.066,4.4586
1.0002,2.0868,-0.82281,-8.8,5.9656,0
0.90967,1.2068,-0.83359,-0.030183,5.8975,2.7329
0.83215,1.2037,-0.86014,-0.038026,5.8621,2.906
0.83215,1.1999,0,-0.046198,5.8251,0.70035
0.83215,1.1953,0,-0.055401,5.7886,0.66448
0.56633,1.1898,-0.93142,-0.065352,5.7334,3.4544
0.56633,1.1832,0,-0.075327,5.6713,1.2287
0.38451,1.1757,-0.97583,-0.085308,5.5925,3.8083
0.28251,1.1672,-0.99703,-8.8,5.5097,0
0.17285,0.28718,-1.014,-1.014,5.451,0.23438
0.077484,0.18578,-0.98802,-0.98802,5.4461,0.222
-0.017116,0.086977,-0.86859,-0.86859,5.426,0.21339
-0.097483,0.00011803,-0.71989,-0.71989,5.4158,0.20008
-0.1615,0,-0.57793,-0.57793,5.3988,0.33107
-0.21383,0,-0.42431,-0.42431,5.3796,0.43836
-0.24707,0,-0.32539,-0.32539,5.3553,0.50649
-0.28687,0,-0.30626,-0.30626,5.3251,0.58808
-0.31019,0,-0.30115,-0.30115,5.3006,0.6359
-0.34311,0,-0.30611,-0.30611,5.2618,0.70338
-0.34311,0,0,-0.30656,5.229,0.05922
-0.41742,0,-0.30641,-0.30641,5.1919,0.8557
-0.43938,0,-0.29917,-0.29917,5.144,0.90073
-0.46053,0,-0.26213,-0.26213,5.0941,0.94409
-0.4883,0,-0.1648,-0.1648,5.0512,1.001
-0.4883,0,0,-8.8,5.0031,0
-0.52157,0,0.11659,-8.8,4.9841,0
-0.52157,0,0,-8.8,4.976,0
-0.52157,0,0,-8.8,4.9678,0
-0.43397,0,0.47717,-8.8,4.969,0
-0.37874,0,0.50913,-8.8,4.9786,0
-0.32235,0,0.51527,-8.8,4.9816,0
-0.2736,0,0.49018,0.49018,5.0007,0.56088
-0.22468,0.049018,0.40052,-8.8,4.9647,0
-0.18917,0,0.28249,-8.8,4.987,0
-0.15387,0,0.16739,0.16739,5.0215,0.31543
-0.13129,0.016739,0.034702,0.034702,5.0141,0.30346
-0.11812,0.020209,-0.071691,-8.8,4.9955,0
-0.11812,0,0,-0.24369,5.0257,0
-0.15165,0,-0.52418,-8.8,4.9948,0
-0.20658,0,-0.9197,-0.9197,5.0253,0.42348
-0.30635,0,-1.3648,-1.3648,5.001,0.62801
-0.45174,0,-1.8413,-8.8,4.9742,0
-0.64147,0,-2.1841,-8.8,4.9711,0
-0.85128,0,-2.415,-8.8,4.9422,0
-1.098,0,-2.5324,-8.8,4.8905,0
-1.3435,0,-2.5814,-8.8,4.8159,0
-1.6065,0,-2.5807,-8.8,4.7085,0
-1.6065,0,0,-8.8,4.5919,0
-2.1155,0,-2.5588,-8.8,4.4164,0
-2.1155,0,0,-8.8,4.2489,0
-2.6385,0,-2.4374,-8.8,4.0133,0
-2.8809,0,-2.4142,-8.8,3.7893,0
-2.8809,0,0,-8.8,3.5452,0
-2.8809,0,0,-8.8,3.3011,0
-3.5983,0,-2.3007,-8.8,2.9329,0
-3.5983,0,0,-8.8,2.617,0
-4.0519,0,-2.1998,-8.8,2.25,0
-4.0519,0,0,-8.8,1.8888,0
-4.4797,0,-2.1559,-8.9108,1.4854,0
-4.7026,0,-2.1484,-12.534,1.0647,0
-4.7026,0,0,-20.767,0.65708,0
-5.1286,0,-1.7471,-53.123,0.25598,0
-5.2992,0,-1.3703,9.8,1,34.335
-5.4309,0.98,-0.96796,-49.479,0.42361,0
-5.5332,0,-0.57931,-534.65,0.028663,0
-5.5332,0,0,-8.8,2.1486,0
-5.6346,0,-0.20267,-9.9059,1.636,0
-5.6346,0,0,-14.196,1.122,0
-5.6571,0,0.2651,-24.75,0.63965,0
-5.6571,0,0,-80.5,0.1977,0
-5.55,0,1.17,-422.79,0.036327,0
-5.4412,0,1.6421,-8.8,1.609,0
-5.278,0,1.9974,-10.368,1.1264,0
-5.0879,0,2.1719,-17.429,0.66033,0
-4.8611,0,2.197,-45.492,0.24776,0
-4.6406,0,2.0379,-1361.1,0.0078995,0
-4.6406,0,0,1.6779,6.3491,13.039
-4.2735,0.16779,1.2935,1.2935,5.9164,9.1046
-4.1478,0.29713,0.89677,0.89677,5.4658,9.1121
-4.1478,0.38681,0,-8.8,5.0168,0
-4.002,0,0.31942,-8.8,4.6218,0
-4.002,0,0,-8.8,4.2656,0
-3.9461,0,0.33546,-8.8,3.9183,0
-3.9199,0,0.55185,-8.8,3.56,0
-3.9199,0,0,-8.8,3.212,0
-3.7582,0,1.2721,-8.8,2.8627,0
-3.6373,0,1.6502,-8.8,2.5322,0
-3.478,0,1.9343,-8.8,2.2305,0
-3.478,0,0,-8.8,1.9267,0
-3.0801,0,2.0402,-8.8,1.662,0
-2.8698,0,1.9781,-8.8,1.4142,0
-2.8698,0,0,-8.8,1.1712,0
-2.4673,0,1.9588,-8.8,0.96634,0
-2.4673,0,0,-8.8,0.76361,0
-2.0804,0,2.062,-8.8,0.59675,0
-1.8769,0,2.1177,-8.8,0.43353,0
-1.6734,0,2.1281,-8.8,0.30186,0
-1.4647,0,2.13,-8.8,0.19531,0
-1.2586,0,2.1402,-8.8,0.10841,0
-1.0489,0,2.1347,-11.576,0.040122,0
-1.0489,0,0,-32.613,-0.0068888,0
