25,25,-0.33448,0,35.5,1.0011
24.961,25,-0.39273,-0.0053604,35.5,1.3363
24.922,24.999,-0.40706,-0.010702,35.486,1.4963
24.878,24.998,-0.40766,-0.01672,35.475,1.6092
24.839,24.997,-0.40286,-0.021892,35.463,1.6821
24.791,24.995,-0.40017,-0.028295,35.437,1.7875
24.761,24.992,-0.40695,-0.032107,35.419,1.8903
24.713,24.988,-0.37371,-0.038393,35.395,1.8491
24.675,24.985,-0.35123,-0.043169,35.359,1.8313
24.675,24.98,0,-0.048857,35.329,0.54717
24.586,24.975,-0.41085,-0.054465,35.296,2.3291
24.544,24.97,-0.40336,-0.059705,35.255,2.3894
24.499,24.964,-0.40446,-0.065328,35.205,2.5004
24.499,24.958,0,-0.069559,35.159,0.85189
24.419,24.951,-0.38408,-0.074911,35.103,2.5722
24.38,24.943,-0.34395,-0.079613,35.052,2.4538
24.347,24.935,-0.323,-0.083328,34.985,2.4142
24.316,24.927,-0.31367,-0.086851,34.915,2.4279
24.316,24.918,0,-0.090093,34.855,1.1455
24.253,24.909,-0.30039,-0.093781,34.792,2.4799
24.253,24.9,0,-0.09829,34.726,1.2335
24.253,24.89,0,-0.10003,34.662,1.2031
24.165,24.88,-0.20098,-0.10308,34.579,2.1651
24.146,24.87,-0.15624,-0.1047,34.502,1.9943
24.131,24.859,-0.13142,-0.10562,34.425,1.901
24.113,24.849,-0.09974,-0.10706,34.344,1.7921
24.094,24.838,-0.039877,-0.10858,34.27,1.5878
24.092,24.827,0.044732,-0.10773,34.189,1.2877
24.098,24.816,0.10093,-0.10556,34.11,1.0867
24.098,24.806,0,-0.10328,34.039,1.3733
24.124,24.795,0.1968,-0.09929,33.968,0.75631
24.141,24.785,0.17609,-0.095616,33.894,0.75437
24.154,24.776,0.14357,-0.092569,33.826,0.78976
24.168,24.767,0.1677,-0.089262,33.759,0.68912
24.176,24.758,0.12453,-0.087004,33.701,0.76012
24.195,24.749,0.17403,-0.08301,33.64,0.59485
24.214,24.741,0.20607,-0.07921,33.594,0.48302
24.241,24.733,0.22797,-0.074056,33.54,0.38237
24.255,24.725,0.19489,-0.071045,33.494,0.40937
24.276,24.718,0.18986,-0.066917,33.446,0.37156
24.291,24.711,0.19483,-0.063788,33.395,0.32609
24.319,24.705,0.23973,-0.058568,33.357,0.19273
24.336,24.699,0.20862,-0.055163,33.326,0.2076
24.336,24.694,0,-0.051317,33.29,0.66202
24.371,24.689,0.22653,-0.048461,33.248,0.10776
24.402,24.684,0.19558,-0.042986,33.215,0.10021
24.432,24.679,0.12332,-0.0379,33.194,0.17345
24.436,24.676,0.13967,-0.036681,33.171,0.12942
24.447,24.672,0.17176,-0.034473,33.155,0.050614
24.46,24.669,0.095279,-0.031975,33.129,0.16181
24.463,24.665,0.019559,-0.030987,33.118,0.31374
24.458,24.662,-0.026934,-0.031302,33.108,0.4317
24.464,24.659,-0.13063,-0.029897,33.095,0.70825
24.452,24.656,-0.26875,-0.031339,33.072,1.2118
24.452,24.653,0,-0.035322,33.052,0.34727
24.452,24.649,0,-0.038946,33.032,0.33082
24.371,24.646,-0.39607,-0.042315,33.016,1.9349
24.336,24.641,-0.39064,-0.047121,32.982,1.9867
24.301,24.637,-0.39557,-0.05186,32.946,2.0873
24.26,24.631,-0.42684,-0.057527,32.906,2.3373
24.213,24.626,-0.41429,-0.06395,32.857,2.379
24.17,24.619,-0.3604,-0.069795,32.813,2.2046
24.17,24.612,0,-0.073024,32.768,0.80276
24.17,24.605,0,-0.077131,32.725,0.77403
24.069,24.597,-0.33559,-0.082619,32.682,2.285
24.036,24.589,-0.32036,-0.086723,32.619,2.2733
23.998,24.58,-0.37279,-0.091508,32.56,2.6073
23.998,24.571,0,-0.097596,32.502,1.0504
23.911,24.561,-0.34313,-0.10273,32.437,2.6304
23.87,24.551,-0.32859,-0.10785,32.373,2.6345
23.87,24.54,0,-0.11211,32.305,1.2489
23.794,24.529,-0.33452,-0.11716,32.227,2.8017
23.77,24.517,-0.33415,-0.11951,32.153,2.8299
23.745,24.506,-0.33543,-0.12212,32.077,2.8706
23.745,24.493,0,-0.12514,32.002,1.4097
23.684,24.481,-0.32968,-0.12894,31.904,2.9307
23.655,24.468,-0.30284,-0.13187,31.833,2.831
23.629,24.455,-0.26924,-0.13458,31.75,2.6961
23.629,24.441,0,-0.13576,31.668,1.5431
23.585,24.428,-0.1092,-0.13824,31.589,2.0198
23.57,24.414,-0.038108,-0.13905,31.495,1.7491
23.57,24.4,0.042396,-0.13716,31.416,1.4431
23.583,24.386,0.060925,-0.13329,31.342,1.3314
23.595,24.373,0.056309,-0.12942,31.266,1.2923
23.598,24.36,0.050358,-0.12736,31.181,1.2782
23.602,24.347,0.047861,-0.12503,31.105,1.2517
23.598,24.335,0.05091,-0.12393,31.03,1.2233
23.605,24.322,0.092745,-0.12114,30.956,1.0652
23.605,24.31,0,-0.11707,30.885,1.3238
23.643,24.299,0.098922,-0.11136,30.807,0.92928
23.658,24.287,0.044919,-0.10745,30.735,1.0286
23.658,24.277,0,-0.10355,30.672,1.1467
23.662,24.266,-0.11814,-0.10373,30.605,1.5052
23.647,24.256,-0.19752,-0.10476,30.551,1.8228
23.62,24.245,-0.23247,-0.10782,30.496,2.0067
23.595,24.235,-0.25871,-0.11059,30.438,2.1552
23.562,24.224,-0.27364,-0.11479,30.363,2.2743
23.527,24.212,-0.31266,-0.11925,30.296,2.5158
23.497,24.2,-0.29736,-0.12271,30.235,2.4841
23.461,24.188,-0.30399,-0.12732,30.173,2.5748
23.424,24.175,-0.31782,-0.13198,30.104,2.7016
23.401,24.162,-0.34775,-0.13414,30.024,2.8761
23.401,24.149,0,-0.13924,29.948,1.3616
23.334,24.135,-0.38155,-0.1423,29.865,3.1551
23.289,24.12,-0.35883,-0.14823,29.79,3.1082
23.251,24.106,-0.33845,-0.15308,29.702,3.0568
23.224,24.09,-0.29433,-0.15577,29.621,2.8556
23.184,24.075,-0.25917,-0.16072,29.53,2.7365
23.184,24.059,0,-0.16286,29.442,1.6159
23.125,24.042,-0.30003,-0.16703,29.341,2.9993
23.095,24.026,-0.32168,-0.17042,29.242,3.1435
23.06,24.009,-0.33808,-0.1743,29.153,3.271
23.029,23.991,-0.35867,-0.17768,29.056,3.4151
22.998,23.973,-0.36405,-0.18106,28.956,3.4755
22.998,23.955,0,-0.18411,28.859,1.7661
22.998,23.937,0,-0.188,28.764,1.7037
22.998,23.918,0,-0.19112,28.672,1.6436
22.88,23.899,-0.28614,-0.19305,28.541,3.1475
22.85,23.88,-0.27732,-0.19613,28.436,3.1239
22.827,23.86,-0.32236,-0.19773,28.333,3.3637
22.827,23.84,0,-0.20205,28.231,1.8554
22.752,23.82,-0.33851,-0.20661,28.122,3.5296
22.716,23.799,-0.32419,-0.21061,28.018,3.4835
22.675,23.778,-0.31925,-0.21578,27.907,3.5018
22.675,23.757,0,-0.22049,27.798,1.9784
22.606,23.735,-0.28122,-0.22321,27.68,3.3475
22.571,23.712,-0.2674,-0.22705,27.574,3.3021
22.571,23.69,0,-0.22982,27.461,2.0473
22.518,23.667,-0.26024,-0.23121,27.342,3.2696
22.499,23.644,-0.26965,-0.23181,27.218,3.3001
22.469,23.62,-0.2372,-0.23475,27.096,3.1454
22.445,23.597,-0.27095,-0.23616,26.98,3.3101
22.414,23.573,-0.30246,-0.23915,26.869,3.4886
22.414,23.549,0,-0.24038,26.754,2.0558
22.368,23.525,-0.16362,-0.24176,26.621,2.7802
22.368,23.501,0,-0.24028,26.506,2.0484
22.331,23.477,-0.080433,-0.2424,26.389,2.3863
22.327,23.453,0.016301,-0.23951,26.283,1.9745
22.326,23.429,0.0056881,-0.23578,26.181,1.9613
22.326,23.405,0,-0.23024,26.072,1.9366
22.326,23.382,0,-0.22797,25.965,1.8821
22.323,23.36,-0.0039803,-0.22547,25.857,1.8514
22.314,23.337,-0.027918,-0.22369,25.761,1.9059
22.305,23.315,-0.013074,-0.22203,25.659,1.8233
22.305,23.292,0,-0.21997,25.559,1.7261
22.308,23.27,0.075979,-0.21373,25.473,1.4408
22.308,23.249,0.15902,-0.20995,25.381,1.1723
22.323,23.228,0.21245,-0.20297,25.285,0.98333
22.352,23.208,0.28412,-0.1929,25.205,0.76092
22.352,23.189,0,-0.18281,25.12,1.4536
22.418,23.17,0.34684,-0.17103,25.041,0.50619
22.446,23.153,0.34728,-0.16139,24.96,0.44157
22.473,23.137,0.34827,-0.15222,24.895,0.38156
22.512,23.122,0.33599,-0.14022,24.829,0.32296
22.55,23.108,0.34223,-0.12861,24.777,0.24522
22.584,23.095,0.33898,-0.11825,24.729,0.18766
22.621,23.083,0.32712,-0.10726,24.675,0.13685
22.645,23.072,0.27803,-0.0993,24.638,0.1501
22.68,23.062,0.22475,-0.089053,24.595,0.16269
22.68,23.054,0,-0.079849,24.557,0.62318
22.732,23.046,0.00050881,-0.07334,24.523,0.50296
22.723,23.038,-0.12368,-0.073909,24.489,0.85567
22.708,23.031,-0.17317,-0.075778,24.466,1.0321
22.708,23.023,0,-0.079744,24.435,0.49243
22.659,23.015,-0.23924,-0.083923,24.39,1.3345
22.628,23.007,-0.28376,-0.089487,24.355,1.5568
22.599,22.998,-0.25869,-0.094536,24.307,1.4946
22.573,22.988,-0.26503,-0.09854,24.263,1.5509
22.542,22.979,-0.26883,-0.10379,24.23,1.6086
22.507,22.968,-0.28663,-0.11004,24.181,1.7324
22.488,22.957,-0.25004,-0.11225,24.13,1.5955
22.488,22.946,0,-0.11513,24.084,0.72564
22.436,22.934,-0.28245,-0.11995,24.037,1.7871
22.412,22.922,-0.28409,-0.12316,23.978,1.8159
22.382,22.91,-0.22892,-0.12801,23.922,1.6231
22.382,22.897,0,-0.1295,23.87,0.82179
22.347,22.884,-0.084392,-0.13094,23.808,1.1185
22.347,22.871,-0.016977,-0.12825,23.751,0.89227
22.345,22.858,0.023885,-0.12604,23.701,0.76299
22.343,22.846,0.032816,-0.12371,23.652,0.72121
22.339,22.834,0.017335,-0.1219,23.606,0.74595
22.339,22.821,0.018521,-0.11931,23.559,0.72255
22.34,22.809,-0.031502,-0.11648,23.509,0.83531
22.34,22.798,0,-0.11538,23.462,0.72495
22.321,22.786,-0.079143,-0.11602,23.41,0.96567
22.321,22.775,-0.12286,-0.1135,23.37,1.0837
22.316,22.763,-0.15872,-0.11222,23.324,1.1923
22.298,22.752,-0.13288,-0.114,23.284,1.1145
22.282,22.741,-0.086207,-0.11547,23.246,0.97257
22.274,22.729,-0.031494,-0.115,23.203,0.80571
22.28,22.718,0.0053514,-0.11074,23.16,0.67613
22.279,22.707,0.053598,-0.10845,23.112,0.54042
22.282,22.696,0.023319,-0.10518,23.075,0.5906
22.294,22.685,-0.033885,-0.099658,23.036,0.70164
22.287,22.675,-0.084807,-0.099363,22.992,0.84277
22.275,22.665,-0.12186,-0.099879,22.962,0.9591
22.272,22.655,-0.067401,-0.098333,22.921,0.78084
22.272,22.645,0,-0.09568,22.883,0.58233
22.272,22.636,0,-0.094794,22.846,0.56302
22.282,22.626,0.2227,-0.089122,22.793,0.1002
22.282,22.617,0,-0.081927,22.759,0.53209
22.344,22.609,0.38689,-0.068754,22.741,0
22.344,22.602,0,-0.058873,22.715,0.41636
22.421,22.597,0.45218,-0.045518,22.705,0
22.464,22.592,0.45169,-0.033315,22.693,0
22.508,22.589,0.42263,-0.02107,22.69,0
22.553,22.587,0.43777,-0.0086026,22.681,0
22.597,22.586,0.42495,0.0021234,22.681,0
22.638,22.586,0.4249,0.0099099,22.678,0
22.68,22.587,0.43959,0.017604,22.69,0
22.721,22.589,0.473,0.025109,22.705,0
22.772,22.591,0.47908,0.034422,22.723,0
22.812,22.595,0.5002,0.041249,22.751,0
22.869,22.599,0.51054,0.051356,22.776,0
22.911,22.604,0.50771,0.058529,22.815,0
22.953,22.61,0.52084,0.065353,22.841,0
23.006,22.616,0.51071,0.074355,22.877,0
23.049,22.624,0.50472,0.081212,22.911,0
23.108,22.632,0.45898,0.090964,22.965,0
23.146,22.641,0.41206,0.096721,23.017,0
23.185,22.651,0.36553,0.10239,23.076,0
23.215,22.661,0.35782,0.10632,23.129,0
23.256,22.671,0.37231,0.1124,23.186,0
23.256,22.683,0,0.11772,23.244,0
23.326,22.694,0.40946,0.12193,23.321,0
23.373,22.707,0.36031,0.12865,23.383,0
23.408,22.719,0.25101,0.13313,23.447,0
23.432,22.733,0.14818,0.1354,23.509,0
23.445,22.746,0.074848,0.1355,23.577,0
23.456,22.76,-0.0041803,0.13532,23.644,0
23.447,22.773,-0.070275,0.13121,23.717,0
23.447,22.787,0,0.12665,23.784,0
23.414,22.799,-0.74231,0.11999,23.844,1.5021
23.348,22.811,-1.2235,0.10492,23.897,5.4425
23.236,22.822,-1.5912,0.080982,23.945,10.331
23.069,22.83,-1.8616,0.046845,23.978,15.48
23.069,22.834,0,0.011227,24.002,0
23.069,22.836,0,-0.030595,24.025,0
22.555,22.833,-1.0965,-0.066741,23.962,6.839
22.455,22.826,-0.86862,-0.0894,23.934,5.0506
22.364,22.817,-0.70202,-0.10957,23.888,4.012
22.297,22.806,-0.71615,-0.12335,23.838,4.2516
22.216,22.794,-0.78769,-0.14066,23.775,4.962
22.135,22.78,-0.88301,-0.15748,23.717,5.9201
22.044,22.764,-0.99553,-0.17654,23.64,7.1523
21.954,22.746,-1.0555,-0.19531,23.561,7.957
21.853,22.727,-1.0475,-0.21654,23.468,8.1112
21.853,22.705,0,-0.2366,23.382,1.3277
21.649,22.681,-1.0585,-0.25848,23.285,8.6798
21.649,22.655,0,-0.27818,23.183,1.5867
21.456,22.628,-0.67979,-0.29731,23.072,5.6325
21.382,22.598,-0.53226,-0.31076,22.948,4.679
21.32,22.567,-0.29201,-0.32079,22.832,3.3302
21.29,22.535,-0.18007,-0.32261,22.716,2.7812
21.271,22.503,-0.17346,-0.32138,22.596,2.7149
21.249,22.47,-0.20064,-0.32123,22.468,2.8051
21.235,22.438,-0.20235,-0.31869,22.351,2.7668
21.212,22.406,-0.19525,-0.31868,22.236,2.7091
21.189,22.375,-0.22394,-0.31847,22.121,2.8108
21.16,22.343,-0.19466,-0.31984,22.012,2.6647
21.15,22.311,-0.17953,-0.31635,21.888,2.5463
21.124,22.279,-0.18987,-0.31724,21.763,2.5691
21.112,22.247,-0.1809,-0.31397,21.653,2.4842
21.102,22.216,-0.15094,-0.3103,21.538,2.3111
21.102,22.185,0,-0.30883,21.428,1.6867
21.08,22.154,0.020931,-0.30347,21.31,1.6146
21.08,22.124,0,-0.29896,21.204,1.6169
21.097,22.094,0.22943,-0.28539,21.103,0.96301
21.119,22.065,0.29489,-0.27296,21,0.7736
21.138,22.038,0.34228,-0.26098,20.909,0.63929
21.181,22.012,0.35253,-0.24229,20.83,0.53686
21.219,21.988,0.36136,-0.22525,20.75,0.44679
21.252,21.965,0.41309,-0.20974,20.678,0.32587
21.29,21.944,0.511,-0.19322,20.617,0.19708
21.344,21.925,0.53922,-0.17238,20.552,0.11047
21.395,21.908,0.52009,-0.15256,20.503,0.043583
21.443,21.892,0.5065,-0.13402,20.462,0
21.498,21.879,0.49882,-0.11417,20.413,0
21.54,21.867,0.48348,-0.098155,20.381,0
21.595,21.858,0.52583,-0.079056,20.357,0
21.652,21.85,0.59447,-0.05963,20.334,0
21.708,21.844,0.63828,-0.040891,20.321,0
21.778,21.84,0.64873,-0.018502,20.317,0
21.778,21.838,0,-0.0012457,20.311,0.12148
21.778,21.838,0,0.011592,20.305,0.15038
21.963,21.839,0.60338,0.022624,20.318,0
21.963,21.841,0,0.033122,20.33,0
22.082,21.844,0.60555,0.043246,20.361,0
22.141,21.849,0.61263,0.053252,20.392,0
22.194,21.854,0.61006,0.062017,20.432,0
22.255,21.86,0.60332,0.072242,20.465,0
22.325,21.868,0.59822,0.083721,20.511,0
22.325,21.876,0,0.093548,20.557,0
22.325,21.885,0,0.10312,20.601,0
22.504,21.896,0.55704,0.11186,20.663,0
22.56,21.907,0.46299,0.12033,20.735,0
22.601,21.919,0.36889,0.12599,20.801,0
22.64,21.931,0.26546,0.13111,20.88,0
22.673,21.945,0.16674,0.13502,20.943,0
22.673,21.958,0,0.13487,21.015,0
22.702,21.972,0.16129,0.13604,21.104,0
22.726,21.985,0.15928,0.13828,21.182,0
22.742,21.999,0.20068,0.139,21.259,0
22.754,22.013,0.24103,0.13909,21.338,0
22.773,22.027,0.20134,0.14019,21.416,0
22.795,22.041,0.13895,0.14201,21.485,0
22.812,22.055,0.11441,0.14288,21.568,0
22.812,22.069,0,0.14137,21.643,0
22.82,22.083,-0.063608,0.13952,21.715,0
22.81,22.097,-0.13388,0.1353,21.783,0
22.8,22.111,-0.45579,0.13106,21.856,2.7106e-05
22.8,22.124,0,0.12062,21.924,0
22.656,22.136,-1.6299,0.099207,21.972,10.437
22.495,22.146,-2.3588,0.066572,22.013,26.231
22.254,22.153,-3.1157,0.019458,22.043,56.758
21.941,22.155,-3.6732,-0.057117,22.04,95.276
21.579,22.149,-4.1337,-0.15277,21.996,144.08
21.157,22.134,-4.5665,-0.26299,21.927,212.09
20.705,22.107,-4.85,-0.38063,21.813,271.38
20.227,22.069,-4.8135,-0.50526,21.647,253.96
19.756,22.019,-4.3665,-0.62936,21.434,170.03
19.756,21.956,0,-0.74741,21.211,3.1896
18.952,21.881,-2.3918,-0.84261,20.911,39.999
18.952,21.797,0,-0.90652,20.623,4.4547
18.583,21.706,-0.45516,-0.93441,20.314,8.0125
18.535,21.613,-0.023879,-0.9396,20.01,5.1591
18.53,21.519,0.043099,-0.93103,19.711,4.6062
18.533,21.426,0.069732,-0.92002,19.41,4.2511
18.532,21.334,0.081394,-0.90943,19.117,3.9814
18.548,21.243,0.1266,-0.89158,18.846,3.5843
18.558,21.153,0.22468,-0.87501,18.582,3.0732
18.582,21.066,0.35118,-0.85227,18.332,2.5627
18.612,20.981,0.38158,-0.82774,18.084,2.3216
18.657,20.898,0.41039,-0.7968,17.847,2.0859
18.704,20.818,0.44561,-0.76404,17.63,1.8634
18.704,20.742,0,-0.73259,17.422,2.8017
18.797,20.669,0.49595,-0.69754,17.22,1.5042
18.85,20.599,0.60332,-0.66058,17.046,1.3022
18.914,20.533,0.65357,-0.61998,16.868,1.1579
18.971,20.471,0.64239,-0.58065,16.722,1.0385
19.042,20.413,0.65077,-0.53635,16.586,0.91145
19.098,20.359,0.62067,-0.4982,16.465,0.80109
19.154,20.309,0.55906,-0.46078,16.342,0.69605
19.154,20.263,0,-0.42157,16.229,1.424
19.276,20.221,0.59515,-0.38298,16.133,0.48545
19.342,20.183,0.6231,-0.34339,16.039,0.38994
19.4,20.148,0.65455,-0.30811,15.952,0.31398
19.47,20.118,0.68311,-0.26824,15.877,0.23366
19.542,20.091,0.6738,-0.22824,15.813,0.13378
19.601,20.068,0.67508,-0.19518,15.754,0.057226
19.67,20.048,0.66728,-0.15908,15.704,0
19.736,20.033,0.63339,-0.1247,15.68,0
19.798,20.02,0.56024,-0.093798,15.65,0
19.852,20.011,0.4851,-0.067165,15.631,0
19.904,20.004,0.34249,-0.042183,15.61,0
19.937,20,0.18898,-0.026549,15.606,0
19.962,19.997,0.1265,-0.014995,15.601,0
19.981,19.996,0.13722,-0.0063252,15.603,0
20.001,19.995,0.18573,0.0010217,15.592,0
20.012,19.995,0.29655,0.0028564,15.586,0
20.037,19.995,0.44466,0.0068761,15.598,0
20.079,19.996,0.52976,0.013866,15.596,0
20.079,19.997,0,0.021283,15.605,0
20.193,20,0.6092,0.03229,15.624,0
20.258,20.003,0.65023,0.042594,15.644,0
20.258,20.007,0,0.053315,15.669,0
20.382,20.012,0.58469,0.061918,15.695,0
20.382,20.019,0,0.070893,15.732,0
20.504,20.026,0.70519,0.080342,15.795,0
20.565,20.034,0.73828,0.089431,15.848,0
20.629,20.043,0.83952,0.099044,15.909,0
20.708,20.053,1.0115,0.11106,15.971,0.099522
20.819,20.064,1.0556,0.1283,16.042,0.26174
20.819,20.076,0,0.14359,16.117,0
21.022,20.091,1.1488,0.15929,16.219,0.66125
21.146,20.107,1.1374,0.1786,16.327,0.68538
21.264,20.125,1.118,0.19672,16.439,0.67685
21.264,20.144,0,0.21334,16.552,0
21.493,20.166,1.1181,0.23162,16.687,0.81299
21.493,20.189,0,0.2478,16.819,0
21.705,20.214,1.1357,0.26297,16.962,1.0214
21.815,20.24,1.142,0.27927,17.111,1.1238
21.922,20.268,1.13,0.29522,17.28,1.1405
22.033,20.297,1.1298,0.31176,17.451,1.2162
22.033,20.329,0,0.33022,17.623,0
22.275,20.362,1.1113,0.34845,17.833,1.3017
22.381,20.396,1.1364,0.36376,18.023,1.4969
22.501,20.433,1.1313,0.38169,18.217,1.5627
22.61,20.471,1.1229,0.39742,18.429,1.5914
22.728,20.511,1.1108,0.41492,18.643,1.613
22.843,20.552,1.1235,0.4319,18.869,1.7598
22.948,20.595,1.0884,0.44689,19.103,1.633
22.948,20.64,0,0.46374,19.336,0
23.163,20.686,1.0741,0.47731,19.582,1.6772
23.163,20.734,0,0.49194,19.827,0
23.37,20.783,1.0244,0.5062,20.095,1.5017
23.473,20.834,1.0295,0.52019,20.354,1.5733
23.584,20.886,1.0345,0.5358,20.618,1.6555
23.584,20.94,0,0.55171,20.885,0
23.791,20.995,1.0521,0.56384,21.176,1.8318
23.791,21.051,0,0.57767,21.453,0
23.992,21.109,1.0211,0.59014,21.759,1.7076
24.103,21.168,1.0314,0.60505,22.051,1.8075
24.212,21.228,1.0206,0.6197,22.353,1.7789
24.212,21.29,0,0.63096,22.648,0
24.417,21.353,1.0499,0.64507,22.955,1.9957
24.527,21.418,1.0333,0.65903,23.26,1.9267
24.527,21.484,0,0.67288,23.568,0
24.527,21.551,0,0.68449,23.869,0
24.828,21.62,1.0177,0.69367,24.2,1.8646
24.926,21.689,1.0131,0.70422,24.516,1.8402
24.926,21.759,0,0.7152,24.836,0
25.122,21.831,0.98483,0.72493,25.17,1.6675
25.218,21.903,0.99161,0.73439,25.494,1.7027
25.218,21.977,0,0.74408,25.822,0
25.411,22.051,0.86599,0.75336,26.171,0.94698
25.498,22.127,0.88027,0.76063,26.516,1.0045
25.578,22.203,0.84358,0.76559,26.852,0.76331
25.655,22.279,0.8148,0.77017,27.199,0.56621
25.733,22.356,0.85823,0.7746,27.543,0.77388
25.824,22.434,0.88274,0.78134,27.872,0.89579
25.916,22.512,0.8658,0.78831,28.202,0.78535
26.007,22.591,0.92007,0.79482,28.539,1.077
26.109,22.67,0.91345,0.80382,28.884,1.0321
26.19,22.751,0.89819,0.80789,29.229,0.9122
26.274,22.831,0.89911,0.81246,29.579,0.88805
26.274,22.913,0,0.81859,29.919,0
26.46,22.994,0.81554,0.82462,30.258,0.3874
26.54,23.077,0.81968,0.82718,30.597,0.37954
26.625,23.16,0.8276,0.83123,30.949,0.39599
26.709,23.243,0.80455,0.83453,31.287,0.24581
26.784,23.326,0.68726,0.83564,31.629,0
26.853,23.41,0.54123,0.83504,31.972,0
26.909,23.493,0.35843,0.83134,32.311,0
26.95,23.576,0.16834,0.82394,32.657,0
26.971,23.659,-0.022756,0.81159,32.993,0
26.973,23.74,-0.10423,0.79452,33.314,0
26.968,23.819,-0.13823,0.77618,33.639,0
26.96,23.897,-0.15196,0.75728,33.958,0
26.935,23.973,-0.14544,0.73452,34.264,0
26.928,24.046,-0.17118,0.71625,34.552,0
26.91,24.118,-0.053888,0.69533,34.829,0
26.91,24.187,0,0.67626,35.105,0
