10,10,-0.011711,0,35.5,0.024954
10.002,10,-0.079793,6.7,35.502,62.41
10.002,10.67,0,6.7,35.469,65.477
9.9859,11.34,-0.28816,-0.080481,35.371,4.9784
9.9525,11.332,-0.39341,-0.082419,35.242,5.782
9.9039,11.324,-0.45721,-0.085357,35.095,6.4032
9.85,11.315,-0.49241,-0.088581,34.958,6.8513
9.801,11.306,-0.46815,-0.091534,34.817,6.8143
9.7485,11.297,-0.41035,-0.094801,34.658,6.5334
9.699,11.288,-0.33987,-0.097935,34.493,6.1617
9.6588,11.278,-0.2911,-0.1005,34.329,5.9253
9.6337,11.268,-0.22737,-0.10214,34.165,5.5447
9.6034,11.258,-0.18954,-0.10407,34.011,5.3658
9.5886,11.247,-0.1626,-0.10509,33.844,5.2068
9.5886,11.237,0,-0.10604,33.678,4.2247
9.5638,11.226,-0.19512,-0.10679,33.52,5.4171
9.5534,11.215,-0.2748,-0.10756,33.35,5.9422
9.5337,11.205,-0.34964,-0.1089,33.188,6.5041
9.5058,11.194,-0.42106,-0.11084,33.017,7.1069
9.4578,11.183,-0.44475,-0.11413,32.842,7.4338
9.4191,11.171,-0.42861,-0.11687,32.661,7.4054
9.3838,11.16,-0.36676,-0.11937,32.486,7.007
9.3515,11.148,-0.29454,-0.12164,32.317,6.5409
9.317,11.135,-0.21372,-0.12411,32.144,6.0501
9.3014,11.123,-0.15553,-0.12528,31.971,5.6702
9.2891,11.111,-0.1297,-0.12624,31.798,5.4992
9.2828,11.098,-0.15355,-0.1269,31.606,5.6227
9.2641,11.085,-0.21361,-0.12832,31.434,6.0343
9.239,11.072,-0.29993,-0.13024,31.255,6.6795
9.239,11.059,0,-0.1329,31.072,4.6906
9.1721,11.046,-0.45384,-0.13547,30.877,8.0226
9.1721,11.033,0,-0.13863,30.691,4.8031
9.1721,11.019,0,-0.14221,30.505,4.7353
9.0348,11.004,-0.36353,-0.14631,30.298,7.6374
9.0064,10.99,-0.22132,-0.14875,30.097,6.6157
8.9905,10.975,-0.070275,-0.1502,29.903,5.6104
8.9786,10.96,0.072093,-0.15146,29.697,4.7658
8.9865,10.945,0.19348,-0.15114,29.498,4.0713
8.9865,10.93,0,-0.15026,29.303,5.0385
9.0181,10.915,0.23611,-0.14917,29.11,3.6884
9.0418,10.9,0.19764,-0.14741,28.931,3.7485
9.0418,10.885,0,-0.14571,28.746,4.7054
9.0748,10.87,0.078254,-0.14503,28.569,4.1305
9.0776,10.856,0.015489,-0.14496,28.386,4.398
9.0831,10.841,-0.044944,-0.14461,28.209,4.6609
9.0808,10.827,-0.075433,-0.14492,28.029,4.7892
9.0808,10.812,0,-0.14638,27.855,4.3124
9.0808,10.798,0,-0.14804,27.683,4.2539
9.041,10.783,0.044586,-0.14848,27.507,4.1052
9.0433,10.768,0.13553,-0.14827,27.341,3.6093
9.0657,10.753,0.21811,-0.14638,27.168,3.1432
9.0657,10.739,0,-0.14367,27,4.1246
9.1298,10.724,0.31837,-0.14065,26.845,2.5197
9.1566,10.71,0.26668,-0.13821,26.685,2.6012
9.1925,10.696,0.24242,-0.13483,26.538,2.5646
9.2184,10.683,0.21176,-0.13228,26.396,2.5777
9.2368,10.67,0.171,-0.13043,26.251,2.6507
9.2613,10.657,0.19319,-0.12791,26.118,2.4692
9.2759,10.644,0.26837,-0.12629,25.986,2.1368
9.2946,10.631,0.33719,-0.12432,25.849,1.8487
9.3259,10.619,0.47288,-0.1211,25.719,1.4054
9.3828,10.607,0.62192,-0.11537,25.6,1.0009
9.3828,10.595,0,-0.10852,25.478,2.79
9.5362,10.584,0.86252,-0.09996,25.385,0.5429
9.6193,10.574,0.97263,-0.091522,25.295,0.44814
9.7148,10.565,1.0378,-0.081917,25.201,0.39709
9.7148,10.557,0,-0.071431,25.117,1.847
9.7148,10.55,0,-0.06027,25.033,1.8677
9.7148,10.544,0,-0.05054,24.95,1.8866
10.126,10.539,0.94758,-0.04036,24.945,0.077838
10.216,10.535,0.83133,-0.031221,24.906,0
10.298,10.532,0.72059,-0.022921,24.871,0
10.362,10.529,0.6096,-0.016398,24.845,0
10.427,10.528,0.50497,-0.0099012,24.824,0
10.482,10.527,0.43989,-0.0043732,24.81,0
10.528,10.526,0.41347,0.00093741,24.815,0
10.572,10.526,0.40235,0.033603,24.82,0
10.612,10.53,0.44401,0.060702,24.833,0
10.612,10.536,0,0.090353,24.841,0.040115
10.704,10.545,0.64896,0.11682,24.87,0
10.704,10.557,0,0.16091,24.886,0.055708
10.848,10.573,0.74304,0.20145,24.91,0
10.848,10.593,0,0.24113,24.936,0.01773
11.004,10.617,0.7014,0.2826,24.981,0
11.066,10.645,0.65603,0.30591,25.02,0
11.125,10.676,0.68792,0.32575,25.066,0
11.125,10.708,0,0.3575,25.109,0
11.283,10.744,0.80645,0.38827,25.171,0
11.283,10.783,0,0.41993,25.223,0
11.447,10.825,0.87041,0.44432,25.288,0
11.529,10.869,0.82937,0.46836,25.343,0
11.605,10.916,0.799,0.48704,25.411,0
11.694,10.965,0.80976,0.51314,25.484,0
11.77,11.016,0.80521,0.52726,25.55,0
11.77,11.069,0,0.5421,25.623,0
11.921,11.123,0.79467,0.55211,25.709,0
11.998,11.178,0.76185,0.5642,25.784,0
11.998,11.235,0,0.57915,25.864,0
11.998,11.293,0,0.59213,25.937,0
12.225,11.352,0.67367,0.5907,26.032,0
12.225,11.411,0,0.59432,26.116,0
12.366,11.47,0.76894,0.59939,26.211,0
12.434,11.53,0.79149,0.60087,26.297,0
12.522,11.59,0.81735,0.61583,26.385,0
12.522,11.652,0,0.62892,26.475,0
12.683,11.715,0.72237,0.63286,26.577,0
12.76,11.778,0.65424,0.63808,26.668,0
12.831,11.842,0.59725,0.63896,26.769,0
12.893,11.906,0.52951,0.63441,26.872,0
12.952,11.969,0.48794,0.62807,26.964,0
12.952,12.032,0,0.6159,27.059,0
13.051,12.094,0.51993,0.60497,27.156,0
13.107,12.154,0.55136,0.59931,27.252,0
13.107,12.214,0,0.59347,27.344,0
13.222,12.273,0.61802,0.59032,27.431,0
13.287,12.332,0.65247,0.5912,27.526,0
13.355,12.392,0.6092,0.59363,27.613,0
13.423,12.451,0.55659,0.59588,27.7,0
13.476,12.511,0.52515,0.58884,27.791,0
13.535,12.569,0.48661,0.58598,27.895,0
13.577,12.628,0.46651,0.57305,27.991,0
13.625,12.685,0.50998,0.56493,28.087,0
13.625,12.742,0,0.56365,28.178,0
13.747,12.798,0.62409,0.56527,28.271,0
13.747,12.855,0,0.57066,28.363,0
13.886,12.912,0.66602,0.57504,28.445,0
13.955,12.969,0.63953,0.57932,28.539,0
13.955,13.027,0,0.58391,28.635,0
13.955,13.086,0,0.57825,28.725,0
14.131,13.143,0.50809,0.57328,28.846,0
14.188,13.201,0.4706,0.57034,28.948,0
14.24,13.258,0.43557,0.56516,29.039,0
14.291,13.314,0.44398,0.56006,29.144,0
14.344,13.37,0.42636,0.55574,29.244,0
14.387,13.426,0.40917,0.54666,29.348,0
14.433,13.481,0.43675,0.53964,29.437,0
14.433,13.535,0,0.53381,29.53,0
14.433,13.588,0,0.53292,29.617,0
14.585,13.641,0.5383,0.52852,29.729,0
14.642,13.694,0.57544,0.52927,29.83,0
14.695,13.747,0.57553,0.52729,29.929,0
14.745,13.8,0.56636,0.52399,30.027,0
14.798,13.852,0.51609,0.5226,30.129,0
14.798,13.904,0,0.51841,30.221,0
14.902,13.956,0.41667,0.51877,30.306,0
14.939,14.008,0.40763,0.50903,30.399,0
14.973,14.059,0.37021,0.49764,30.483,0
14.973,14.109,0,0.49049,30.571,0
15.046,14.158,0.34918,0.48073,30.668,0
15.088,14.206,0.34931,0.47594,30.75,0
15.088,14.253,0,0.46825,30.836,0
15.152,14.3,0.26357,0.45672,30.916,0
15.169,14.346,0.21234,0.44002,31.005,0
15.194,14.39,0.18321,0.4285,31.077,0
15.216,14.433,0.12607,0.41665,31.164,0
15.22,14.474,0.080771,0.39531,31.231,0
15.225,14.514,0.017423,0.37586,31.306,0
15.218,14.552,-0.028055,0.35177,31.382,0
15.218,14.587,0,0.33344,31.447,0
15.218,14.62,0,0.31082,31.509,0
15.203,14.651,0.029891,0.28945,31.566,0
15.197,14.68,0.06994,0.27079,31.612,0
15.201,14.707,0.067195,0.25814,31.663,0
15.2,14.733,0.020823,0.24363,31.714,0
15.199,14.757,-0.093802,0.23008,31.76,0
15.199,14.78,0,0.2146,31.803,0
15.16,14.802,-0.41787,0.18595,31.836,1.0323
15.116,14.82,-0.55692,0.1533,31.877,1.7743
15.055,14.836,-0.64729,0.11381,31.893,2.354
14.999,14.847,-0.74551,0.07849,31.913,3.036
14.916,14.855,-0.76409,0.031463,31.922,3.2382
14.844,14.858,-0.77043,-0.0013554,31.932,3.3824
14.77,14.858,-0.82137,-0.0083159,31.935,4.0086
14.693,14.857,-0.86618,-0.015512,31.928,4.6341
14.612,14.856,-0.90106,-0.022984,31.913,5.2199
14.526,14.853,-0.91879,-0.030954,31.88,5.6981
14.431,14.85,-0.91836,-0.039648,31.845,6.0546
14.331,14.846,-0.9214,-0.048842,31.799,6.4651
14.229,14.841,-0.98959,-0.058214,31.737,7.5113
14.126,14.836,-1.0397,-0.06763,31.681,8.4357
14.014,14.829,-1.1996,-0.077956,31.602,10.723
13.896,14.821,-1.3838,-0.088814,31.512,13.686
13.896,14.812,0,-0.10145,31.42,1.9446
13.608,14.802,-1.6844,-0.11568,31.316,19.976
13.444,14.79,-1.86,-0.13124,31.18,24.258
13.259,14.777,-1.986,-0.14903,31.036,28.017
13.067,14.762,-2.1086,-0.16769,30.874,32.011
13.067,14.746,0,-0.18881,30.705,3.9272
12.639,14.727,-2.2855,-0.21026,30.485,39.108
12.402,14.706,-2.3444,-0.23451,30.259,42.137
12.402,14.682,0,-0.25818,30.03,5.6866
11.958,14.656,-2.0064,-0.28148,29.754,35.467
11.958,14.628,0,-0.30337,29.486,6.9134
11.597,14.598,-1.3309,-0.32194,29.175,23.367
11.597,14.566,0,-0.33698,28.876,7.8963
11.597,14.532,0,-0.34955,28.581,7.6829
11.287,14.497,-0.87206,-0.36032,28.257,17.45
11.209,14.461,-0.91895,-0.37099,27.936,18.209
11.124,14.424,-0.90664,-0.38279,27.61,18.208
11.029,14.386,-0.87015,-0.39606,27.277,17.922
10.95,14.346,-0.72092,-0.40789,26.935,16.157
10.879,14.305,-0.47944,-0.41874,26.603,13.525
10.841,14.263,-0.20509,-0.42627,26.251,10.851
10.828,14.221,0.067573,-0.4303,25.913,8.5642
10.828,14.178,0,-0.43229,25.575,8.8591
10.863,14.135,0.56567,-0.43016,25.249,5.2893
10.917,14.092,0.71298,-0.42482,24.932,4.4296
10.997,14.049,0.80571,-0.41583,24.613,3.8214
11.08,14.007,0.8338,-0.40595,24.307,3.4628
11.08,13.967,0,-0.39564,24.016,7.2144
11.236,13.927,0.88098,-0.38546,23.744,2.8599
11.317,13.889,0.88102,-0.37417,23.476,2.634
11.41,13.851,0.84418,-0.36031,23.234,2.4741
11.487,13.815,0.85317,-0.34872,22.99,2.2566
11.576,13.78,0.84678,-0.33464,22.765,2.0587
11.658,13.747,0.78137,-0.32108,22.557,1.9795
11.736,13.715,0.77657,-0.30804,22.35,1.8059
11.823,13.684,0.84579,-0.29296,22.165,1.5277
11.909,13.655,0.85379,-0.27787,21.986,1.3569
11.909,13.627,0,-0.26383,21.812,3.7071
12.067,13.601,0.92536,-0.24901,21.669,1.0399
12.154,13.576,0.90608,-0.23281,21.526,0.92112
12.238,13.552,0.83378,-0.21734,21.381,0.83053
12.329,13.531,0.81475,-0.20008,21.264,0.71083
12.329,13.511,0,-0.18484,21.145,2.3898
12.498,13.492,0.78237,-0.16788,21.047,0.49665
12.579,13.475,0.78841,-0.15223,20.959,0.39668
12.663,13.46,0.82371,-0.13621,20.866,0.307
12.739,13.447,0.81577,-0.12149,20.785,0.22714
12.812,13.434,0.80652,-0.10746,20.715,0.15365
12.898,13.424,0.83448,-0.091178,20.648,0.093663
12.989,13.415,0.77215,-0.074034,20.607,0
13.064,13.407,0.70951,-0.059757,20.57,0
13.064,13.401,0,-0.046352,20.536,0.6279
13.064,13.397,0,-0.031908,20.503,0.65607
13.064,13.393,0,-0.017714,20.47,0.68769
13.365,13.392,0.71858,-0.0047356,20.491,0
13.438,13.391,0.77777,0.01944,20.498,0
13.506,13.393,0.7614,0.046895,20.504,0
13.506,13.398,0,0.072767,20.515,0
13.65,13.405,0.67756,0.10178,20.545,0
13.719,13.415,0.73094,0.12623,20.581,0
13.794,13.428,0.71667,0.152,20.609,0
13.794,13.443,0,0.1739,20.645,0
13.916,13.46,0.56859,0.18887,20.697,0
13.972,13.479,0.63352,0.20435,20.743,0
14.027,13.5,0.65039,0.21863,20.794,0
14.083,13.522,0.66045,0.23298,20.858,0
14.083,13.545,0,0.24998,20.913,0
14.22,13.57,0.72947,0.2693,20.985,0
14.29,13.597,0.67321,0.28727,21.043,0
14.364,13.626,0.48674,0.30557,21.12,0
14.408,13.656,0.3801,0.31134,21.196,0
14.408,13.687,0,0.31542,21.27,0
14.496,13.719,0.3672,0.32123,21.336,0
14.529,13.751,0.37069,0.32146,21.419,0
14.574,13.783,0.45826,0.32627,21.493,0
14.621,13.816,0.51389,0.33212,21.569,0
14.67,13.849,0.51459,0.33812,21.65,0
14.721,13.883,0.53217,0.3453,21.739,0
14.785,13.917,0.55157,0.35696,21.83,0
14.835,13.953,0.54369,0.36267,21.91,0
14.888,13.989,0.54059,0.36925,21.994,0
14.946,14.026,0.52749,0.37757,22.084,0
14.946,14.064,0,0.38394,22.174,0
14.946,14.102,0,0.3873,22.26,0
15.089,14.141,0.44131,0.388,22.363,0
15.132,14.18,0.25093,0.3898,22.461,0
15.132,14.219,0,0.38704,22.554,0
15.172,14.258,-0.243,0.37346,22.637,0
15.172,14.295,0,0.35183,22.726,0
15.104,14.33,-0.73941,0.31538,22.808,1.967
15.037,14.362,-0.92399,0.27492,22.883,3.4159
14.94,14.389,-1.0787,0.22435,22.94,4.9264
14.83,14.411,-1.2663,0.17017,22.997,7.0486
14.695,14.429,-1.4431,0.10848,23.034,9.4453
14.695,14.439,0,0.046255,23.06,0
14.392,14.444,-1.7322,-0.0081297,23.059,14.496
14.392,14.443,0,-0.034631,23.054,0.032391
14.032,14.44,-1.98,-0.063947,23.005,20.963
13.838,14.433,-2.1655,-0.093728,22.95,26.183
13.63,14.424,-2.3336,-0.12551,22.884,31.679
13.398,14.411,-2.4375,-0.161,22.803,35.917
13.16,14.395,-2.5035,-0.19771,22.686,39.191
12.917,14.376,-2.5184,-0.2355,22.544,40.888
12.917,14.352,0,-0.27498,22.4,2.7814
12.917,14.324,0,-0.31281,22.258,2.5543
12.192,14.293,-2.1694,-0.35131,21.987,34.157
12.192,14.258,0,-0.38607,21.779,4.2832
11.774,14.219,-1.814,-0.42089,21.535,27.486
11.591,14.177,-1.6531,-0.45206,21.291,24.86
11.419,14.132,-1.5866,-0.48261,21.025,24.118
11.25,14.084,-1.5948,-0.51299,20.752,24.723
11.082,14.033,-1.568,-0.54417,20.473,24.654
10.918,13.978,-1.5378,-0.57598,20.171,24.467
10.76,13.921,-1.512,-0.60804,19.851,24.301
10.76,13.86,0,-0.63998,19.538,6.6276
10.467,13.796,-1.3918,-0.66938,19.211,22.626
10.322,13.729,-1.399,-0.70133,18.882,22.898
10.191,13.659,-1.3699,-0.73105,18.547,22.471
10.045,13.586,-1.3387,-0.76607,18.193,22.042
9.916,13.509,-1.3501,-0.79788,17.843,22.213
9.7898,13.429,-1.3349,-0.83004,17.489,21.91
9.6566,13.346,-1.3159,-0.86482,17.132,21.544
9.528,13.26,-1.3189,-0.90099,16.755,21.465
9.528,13.17,0,-0.9408,16.387,6.9826
9.2478,13.076,-1.2718,-0.98178,16.005,20.465
9.2478,12.977,0,-1.0216,15.627,6.87
9.2478,12.875,0,-1.0646,15.26,6.2879
8.8477,12.769,-1.5945,-1.1097,14.846,25.055
8.6926,12.658,-2.1687,-1.1611,14.46,37.386
8.6926,12.542,0,-1.2348,14.069,6.212
8.6926,12.418,0,-1.3454,13.69,5.3205
7.7094,12.284,-6.1354,-1.5079,13.196,26.35
7.0974,12.133,-7.3622,-1.7405,12.719,27.681
6.3584,11.959,-7.9267,-2.0467,12.181,28.183
6.3584,11.754,0,-2.4082,11.631,6.1215
4.7621,11.513,-7.6492,-2.8262,10.943,26.465
4.7621,11.231,0,-9.4559,10.282,20.071
3.2931,10.285,-6.2993,-8.8659,9.5239,8.9405
2.6706,9.3985,-6.0513,-8.6151,8.8276,8.405
2.0741,8.537,-5.632,-8.1887,8.1687,7.8768
2.0741,7.7181,0,-7.5925,7.5633,0
1.008,6.9589,-4.4599,-7.0145,6.9313,6.8315
0.56872,6.2574,-3.8988,-6.4507,6.3406,6.2997
0.56872,5.6124,0,-8.8,5.804,0
-0.16518,4.7324,-3.0617,-8.8,5.2726,0
-0.47194,3.8524,-3.0063,-8.8,4.816,0
-0.76767,2.9724,-2.9124,-8.8,4.4139,0
-1.0637,2.0924,-2.7582,-8.8,4.0609,0
-1.3424,1.2124,-2.4417,-8.8,3.7665,0
-1.5815,0.33235,-2.0588,-8.8,3.5456,0
-1.5815,0,0,-8.8,3.3982,0
-1.5815,0,0,-8.8,3.284,0
-2.0782,0,-0.99249,-8.8,3.091,0
-2.0782,0,0,-8.8,2.9272,0
-2.2574,0,-0.88305,-8.8,2.7431,0
-2.3432,0,-0.88327,-8.8,2.5635,0
-2.4354,0,-0.89413,-8.8,2.3774,0
-2.4354,0,0,-8.8,2.1779,0
-2.6114,0,-0.88365,-8.8,1.9669,0
-2.7001,0,-0.88902,-8.8,1.7495,0
-2.7876,0,-0.92897,-8.8,1.5239,0
-2.8742,0,-0.96589,-8.8,1.2826,0
-2.9744,0,-1.0047,-8.8,1.0245,0
-2.9744,0,0,-8.8,0.77102,0
-3.173,0,-1.0579,-11.12,0.50028,0
-3.2822,0,-1.0594,-24.551,0.2293,0
-3.3839,0,-1.0883,-519.71,0.01104,0
-3.4929,0,-1.17,-8.8,2.2755,0
-3.4929,0,0,-8.8,1.9702,0
-3.7342,0,-1.4037,-8.8,1.6426,0
-3.7342,0,0,-8.8,1.3132,0
-4.0266,0,-1.7287,-10.16,0.96155,0
-4.1923,0,-1.8129,-16.221,0.60989,0
-4.3745,0,-1.7531,-37.713,0.26607,0
-4.5582,0,-1.6177,-691.51,0.015058,0
-4.5582,0,0,-8.8,3.0168,0
-4.8553,0,-1.2286,-8.8,2.5618,0
-4.8553,0,0,-8.8,2.1203,0
-5.096,0,-1.0358,-8.9421,1.6423,0
-5.2016,0,-1.0379,-12.626,1.1675,0
-5.3149,0,-1.0416,-21.292,0.69748,0
-5.4136,0,-1.0064,-57.827,0.25789,0
-5.5123,0,-0.96693,-2975.5,0.0051076,0
-5.6123,0,-0.93177,-0.93177,14.335,11.711
-5.7105,0,-0.88797,-0.88797,13.781,11.912
-5.7968,0,-0.85447,-0.85447,13.216,12.089
-5.7968,0,0,-0.8486,12.641,10.306
-5.7968,0,0,-0.83513,12.065,10.334
-6.0528,0,-0.82703,-0.82703,11.45,12.614
-6.1299,0,-0.8444,-0.8444,10.854,12.772
-6.2079,0,-0.84224,-0.84224,10.232,12.932
-6.2864,0,-0.84027,-0.84027,9.6161,13.093
-6.3685,0,-0.8982,-0.8982,8.9934,13.261
-6.456,0,-1.0034,-1.0034,8.3657,13.441
-6.5541,0,-1.1108,-1.1108,7.7125,13.642
-6.6649,0,-1.2577,-1.2577,7.0504,13.869
-6.7811,0,-1.4003,-1.4003,6.3786,14.107
-6.9286,0,-1.4843,-1.4843,5.6925,14.41
-6.9286,0,0,-1.4913,5.0071,11.276
-7.2298,0,-1.4259,-8.8,4.2999,0
-7.3791,0,-1.3232,-8.8656,3.6097,0
-7.5189,0,-1.2328,-10.955,2.9076,0
-7.6454,0,-1.1794,-14.487,2.1962,0
-7.6454,0,0,-21.201,1.5041,0
-7.8877,0,-1.2173,-39.233,0.8183,0
-8.0179,0,-1.2917,-142.08,0.22831,0
-8.1527,0,-1.3513,-259.32,0.12883,0
-8.2884,0,-1.3964,-57.85,0.60844,0
-8.4344,0,-1.4523,-614.76,0.057996,0
-8.5824,0,-1.4916,-17.59,2.2877,0
-8.5824,0,0,-26.853,1.5174,0
-8.8852,0,-1.544,-52.902,0.76859,0
-9.0431,0,-1.5035,-305.27,0.13461,0
-9.1973,0,-1.3964,-57.792,0.74996,0
-9.3378,0,-1.2862,-411.06,0.1064,0
-9.3378,0,0,-37.978,1.2279,0
-9.5958,0,-1.1238,-100.1,0.46514,0
-9.7053,0,-1.0983,-4556.9,0.010338,0
-9.8242,0,-1.1029,7.8,21.818,39.053
-9.932,0.78,-1.1225,-1.1225,20.785,22.166
-10.049,0.66775,-1.1265,-1.1265,19.715,22.175
-10.049,0.5551,0,-1.1092,18.649,19.613
-10.049,0.44418,0,-1.0687,17.594,19.471
-10.364,0.33731,-1.0354,-1.0354,16.516,22.144
-10.473,0.23377,-1.0037,-1.0037,15.453,22.155
-10.569,0.1334,-0.97006,-0.97006,14.385,22.146
-10.569,0.036396,0,-0.97676,13.32,19.895
-10.764,0,-1.0114,-1.0114,12.252,22.272
-10.87,0,-1.0455,-1.0455,11.181,22.489
-10.975,0,-1.069,-1.069,10.089,22.704
-11.072,0,-1.0915,-1.0915,8.9921,22.904
-11.191,0,-1.0914,-1.0914,7.8799,23.147
-11.292,0,-1.0735,-1.0735,6.7573,23.354
-11.407,0,-1.0616,-1.0616,5.6273,23.589
-11.511,0,-1.0642,-15.856,4.4788,0
-11.511,0,0,-20.855,3.407,0
-11.718,0,-1.065,-30.252,2.3524,0
-11.828,0,-1.0811,-53.784,1.3272,0
-11.828,0,0,-178.35,0.41337,0
-12.044,0,-1.0206,-817.04,0.088887,0
-12.155,0,-0.97737,-25.935,2.9598,0
-12.247,0,-0.92622,-41.17,1.8634,0
-12.247,0,0,-90.818,0.84458,0
-12.424,0,-0.83508,-1263,0.061148,0
-12.498,0,-0.8259,-0.8259,5.1224,25.826
-12.589,0,-0.83329,-21.284,3.8748,0
-12.682,0,-0.85397,-30.365,2.7249,0
-12.762,0,-0.89356,-51.55,1.6076,0
-12.859,0,-0.93892,-141.09,0.58993,0
-12.959,0,-0.99352,-8432.4,0.0099585,0
-13.057,0,-1.049,7.8,40.872,45.567
-13.057,0.78,0,7.8,39.527,44.962
-13.273,1.56,-1.1136,7.8,38.085,49.344
-13.273,2.34,0,7.8,36.563,48.603
-13.273,3.12,0,7.8,34.963,50.202
-13.606,3.9,-1.0894,7.8,33.236,54.771
-13.709,4.68,-1.0489,7.8,31.449,56.497
-13.806,5.46,-1.0123,7.8,29.575,58.218
-13.915,6.24,-0.97109,-0.94633,27.599,41.575
-14.018,6.1454,-0.92102,-1.0555,25.581,41.259
-14.102,6.0398,-0.90905,-1.1849,23.566,40.918
-14.192,5.9213,-0.81914,-1.3412,21.56,40.342
