20,20,0.12012,0,35.5,0
20.008,20,0.12975,0.0027822,35.497,0
20.017,20,0.20435,0.0058131,35.49,0
20.028,20.001,0.28359,0.0092656,35.487,0
20.06,20.002,0.34008,0.020069,35.491,0
20.092,20.004,0.36401,0.030443,35.491,0
20.092,20.007,0,0.039272,35.5,0
20.092,20.011,0,0.048603,35.508,0
20.183,20.016,0.27406,0.058067,35.51,0
20.208,20.021,0.27615,0.064495,35.536,0
20.208,20.028,0,0.069255,35.554,0
20.246,20.035,0.28505,0.072898,35.582,0
20.267,20.042,0.35383,0.077672,35.595,0
20.267,20.05,0,0.088416,35.617,0
20.267,20.059,0,0.09678,35.638,0
20.267,20.068,0,0.10345,35.658,0
20.267,20.079,0,0.11422,35.678,0
20.43,20.09,0.30938,0.11748,35.72,0
20.463,20.102,0.31162,0.12467,35.751,0
20.463,20.114,0,0.13245,35.787,0
20.527,20.128,0.37069,0.13806,35.838,0
20.571,20.141,0.34327,0.14854,35.881,0
20.571,20.156,0,0.15552,35.923,0
20.64,20.172,0.22701,0.16178,35.964,0
20.665,20.188,0.23235,0.16455,36.008,0
20.691,20.204,0.25964,0.16799,36.056,0
20.724,20.221,0.26417,0.17355,36.107,0
20.759,20.239,0.19848,0.17945,36.164,0
20.78,20.257,0.10187,0.18057,36.209,0
20.798,20.275,-0.032124,0.18059,36.255,0
20.787,20.293,-0.17047,0.17031,36.314,0
20.762,20.31,-0.23411,0.15612,36.371,0
20.733,20.325,-0.20889,0.14069,36.422,0
20.722,20.339,-0.21908,0.13174,36.451,0.02514
20.702,20.353,-0.14507,0.12054,36.49,0
20.702,20.365,0,0.10907,36.524,0
20.66,20.376,-0.17453,0.098022,36.564,0.036446
20.646,20.385,-0.22736,0.089767,36.587,0.22754
20.615,20.394,-0.17831,0.076116,36.606,0.13778
20.606,20.402,-0.16579,0.070321,36.628,0.12613
20.59,20.409,-0.11604,0.062234,36.643,0.025048
20.575,20.415,-0.090231,0.055114,36.666,0
20.557,20.421,-0.086907,0.04678,36.684,0.014082
20.544,20.425,-0.13692,0.04094,36.702,0.16718
20.537,20.429,-0.20154,0.036962,36.71,0.37164
20.509,20.433,-0.23032,0.026146,36.719,0.50958
20.487,20.436,-0.21561,0.01756,36.72,0.49885
20.462,20.438,-0.20362,0.0085099,36.722,0.49944
20.439,20.438,-0.18143,0.00029963,36.714,0.4654
20.439,20.438,0,-0.0011668,36.714,0
20.415,20.438,-0.18442,-0.0024204,36.71,0.52617
20.39,20.438,-0.17982,-0.0050932,36.713,0.56763
20.37,20.438,-0.16768,-0.0071736,36.715,0.57311
20.354,20.437,-0.18311,-0.0087539,36.701,0.65519
20.354,20.436,0,-0.010749,36.693,0.14763
20.319,20.435,-0.1628,-0.012201,36.676,0.66267
20.31,20.434,-0.13772,-0.013063,36.668,0.60228
20.293,20.432,-0.11833,-0.014779,36.662,0.57878
20.29,20.431,-0.070198,-0.014923,36.645,0.44382
20.29,20.429,-0.050483,-0.014799,36.636,0.38849
20.288,20.428,-0.062499,-0.0148,36.613,0.42015
20.273,20.426,-0.1013,-0.016228,36.602,0.55693
20.256,20.425,-0.13302,-0.017962,36.586,0.68789
20.246,20.423,-0.17032,-0.018799,36.564,0.82564
20.225,20.421,-0.19337,-0.020873,36.538,0.94903
20.213,20.419,-0.22247,-0.021883,36.513,1.0756
20.194,20.417,-0.25554,-0.02371,36.499,1.2426
20.168,20.414,-0.26465,-0.026296,36.481,1.3387
20.149,20.412,-0.28146,-0.028032,36.455,1.4474
20.149,20.409,0,-0.030054,36.429,0.49285
20.102,20.406,-0.26819,-0.032533,36.393,1.4977
20.073,20.403,-0.25248,-0.035301,36.371,1.498
20.055,20.399,-0.27385,-0.036944,36.331,1.6246
20.022,20.396,-0.30209,-0.040143,36.305,1.8247
19.992,20.392,-0.35555,-0.042987,36.27,2.1437
19.963,20.387,-0.35992,-0.045643,36.231,2.2316
19.922,20.383,-0.34373,-0.049619,36.194,2.253
19.882,20.378,-0.28378,-0.053474,36.15,2.064
19.864,20.372,-0.24208,-0.055015,36.104,1.9121
19.864,20.367,0,-0.056578,36.053,0.99871
19.864,20.361,0,-0.059279,36.003,0.97661
19.789,20.355,-0.30121,-0.061585,35.95,2.3361
19.76,20.349,-0.35852,-0.064234,35.89,2.6873
19.731,20.343,-0.38914,-0.066947,35.822,2.9168
19.731,20.336,0,-0.070383,35.761,1.2142
19.648,20.329,-0.33838,-0.074919,35.693,2.8453
19.613,20.321,-0.30547,-0.078139,35.622,2.7515
19.575,20.314,-0.2641,-0.081709,35.55,2.6279
19.553,20.305,-0.24297,-0.083527,35.475,2.563
19.537,20.297,-0.18542,-0.084659,35.389,2.3141
19.511,20.289,-0.079982,-0.086896,35.307,1.9128
19.508,20.28,0.0098596,-0.0865,35.23,1.5654
19.508,20.271,0,-0.085525,35.154,1.5797
19.511,20.263,0.12109,-0.084675,35.094,1.1681
19.53,20.254,0.16388,-0.081869,35.021,0.99514
19.555,20.246,0.19872,-0.078375,34.946,0.84305
19.574,20.238,0.23678,-0.075574,34.872,0.70608
19.593,20.231,0.26027,-0.072689,34.802,0.6078
19.613,20.223,0.3036,-0.069824,34.744,0.48029
19.653,20.216,0.22803,-0.064581,34.693,0.54134
19.666,20.21,0.10069,-0.06241,34.644,0.79646
19.666,20.204,0,-0.060236,34.59,1.0735
19.673,20.198,-0.019479,-0.060455,34.554,1.1016
19.679,20.192,-0.064917,-0.059171,34.497,1.2221
19.679,20.186,0,-0.060449,34.446,0.99539
19.679,20.18,0,-0.059783,34.396,0.98239
19.642,20.174,-0.25103,-0.061844,34.346,1.9953
19.626,20.168,-0.38055,-0.063105,34.292,2.6476
19.626,20.161,0,-0.066396,34.238,1.0498
19.54,20.155,-0.55756,-0.071973,34.172,3.9062
19.475,20.147,-0.59613,-0.07889,34.115,4.3508
19.415,20.14,-0.60525,-0.085268,34.036,4.585
19.415,20.131,0,-0.091155,33.964,1.4341
19.415,20.122,0,-0.09872,33.893,1.3854
19.229,20.112,-0.77456,-0.10492,33.812,6.4582
19.146,20.102,-0.87673,-0.11407,33.722,7.6569
19.065,20.09,-0.96261,-0.12279,33.63,8.7804
18.96,20.078,-0.97415,-0.13451,33.52,9.2757
18.96,20.064,0,-0.14526,33.409,2.3177
18.773,20.05,-0.89606,-0.15528,33.281,9.103
18.683,20.034,-0.8301,-0.16525,33.149,8.7333
18.609,20.018,-0.76607,-0.17346,33.005,8.3384
18.539,20,-0.78605,-0.18095,32.869,8.7228
18.456,19.982,-0.81129,-0.19023,32.717,9.2137
18.456,19.963,0,-0.20017,32.565,3.3168
18.284,19.943,-0.88067,-0.20965,32.41,10.442
18.193,19.922,-0.8852,-0.21999,32.246,10.762
18.097,19.9,-0.85238,-0.23139,32.06,10.699
18.01,19.877,-0.79201,-0.24166,31.873,10.311
17.922,19.853,-0.7542,-0.25207,31.682,10.162
17.836,19.828,-0.7115,-0.26222,31.487,9.9537
17.764,19.802,-0.64472,-0.27082,31.279,9.4673
17.694,19.775,-0.56325,-0.27927,31.068,8.8631
17.628,19.747,-0.49116,-0.28692,30.868,8.3552
17.588,19.718,-0.39169,-0.29124,30.661,7.568
17.54,19.689,-0.31134,-0.29668,30.453,7.0051
17.507,19.659,-0.28167,-0.3002,30.236,6.7824
17.48,19.629,-0.26879,-0.30298,30.014,6.6627
17.451,19.599,-0.27635,-0.30564,29.808,6.691
17.433,19.568,-0.29436,-0.30706,29.591,6.7594
17.433,19.538,0,-0.31056,29.379,4.7826
17.37,19.506,-0.30889,-0.31373,29.157,6.8264
17.343,19.475,-0.30488,-0.31627,28.949,6.7636
17.305,19.443,-0.28117,-0.32074,28.73,6.5955
17.283,19.411,-0.23091,-0.32265,28.507,6.1957
17.269,19.379,-0.185,-0.32325,28.303,5.8248
17.25,19.347,-0.16412,-0.32463,28.087,5.6324
17.228,19.314,-0.16593,-0.32635,27.88,5.5933
17.204,19.282,-0.16558,-0.32848,27.672,5.5478
17.204,19.249,0,-0.33064,27.466,4.4787
17.204,19.216,0,-0.33028,27.263,4.3686
17.162,19.183,0.12787,-0.32978,27.055,3.787
17.165,19.15,0.29387,-0.32734,26.847,3.0182
17.185,19.117,0.42401,-0.32195,26.652,2.4737
17.231,19.085,0.50239,-0.31194,26.466,2.1057
17.274,19.054,0.52621,-0.30252,26.277,1.9103
17.274,19.023,0,-0.29076,26.101,3.6879
17.274,18.994,0,-0.2776,25.927,3.6535
17.452,18.967,0.55668,-0.26459,25.766,1.3933
17.452,18.94,0,-0.25069,25.616,3.0402
17.565,18.915,0.55576,-0.23971,25.469,1.136
17.565,18.891,0,-0.22555,25.336,2.6548
17.675,18.869,0.54251,-0.21487,25.212,0.92078
17.728,18.847,0.55117,-0.20284,25.098,0.80395
17.788,18.827,0.58644,-0.18943,24.985,0.65587
17.788,18.808,0,-0.175,24.882,1.9682
17.908,18.79,0.63206,-0.1626,24.792,0.4264
17.968,18.774,0.64931,-0.14917,24.715,0.3311
17.968,18.759,0,-0.13644,24.635,1.4835
18.081,18.746,0.63398,-0.12415,24.56,0.18288
18.081,18.733,0,-0.11012,24.494,1.2108
18.081,18.722,0,-0.095252,24.429,1.229
18.281,18.713,0.71784,-0.08143,24.392,0
18.346,18.704,0.7903,-0.067649,24.359,0
18.346,18.698,0,-0.051906,24.323,0.64661
18.508,18.692,0.81924,-0.034927,24.308,0
18.583,18.689,0.82631,-0.020119,24.297,0
18.583,18.687,0,-0.0046656,24.287,0.2091
18.739,18.686,0.82476,0.014439,24.298,0
18.739,18.688,0,0.03444,24.303,0
18.905,18.691,0.81905,0.05905,24.323,0
18.905,18.697,0,0.080104,24.344,0
19.077,18.705,0.82271,0.103,24.374,0
19.167,18.716,0.81502,0.12518,24.412,0
19.255,18.728,0.83319,0.14616,24.459,0
19.344,18.743,0.85974,0.16681,24.513,0
19.429,18.759,0.8398,0.18598,24.583,0
19.503,18.778,0.79875,0.20161,24.656,0
19.503,18.798,0,0.21765,24.727,0
19.503,18.82,0,0.23367,24.797,0
19.738,18.843,0.69537,0.24972,24.917,0
19.811,18.868,0.64528,0.26339,25.017,0
19.811,18.895,0,0.27167,25.11,0
19.919,18.922,0.49593,0.27948,25.218,0
19.96,18.95,0.36569,0.28325,25.31,0
19.997,18.978,0.1869,0.28596,25.403,0
19.997,19.007,0,0.2831,25.503,0
20.021,19.035,-0.098168,0.27717,25.607,0
20.021,19.063,0,0.26477,25.704,0
19.989,19.089,-0.2374,0.25349,25.79,0
19.959,19.115,-0.24803,0.23796,25.884,0
19.936,19.138,-0.26181,0.22521,25.974,0
19.918,19.161,-0.30196,0.21381,26.054,0
19.895,19.182,-0.34871,0.20161,26.133,0
19.852,19.202,-0.35617,0.18379,26.201,0
19.812,19.221,-0.33131,0.16728,26.273,0
19.777,19.237,-0.24324,0.15281,26.328,0
19.753,19.253,-0.1998,0.14172,26.371,0
19.753,19.267,0,0.13325,26.421,0
19.71,19.28,-0.22085,0.12188,26.476,0
19.71,19.292,0,0.11382,26.518,0
19.664,19.304,-0.32163,0.10208,26.555,0.31939
19.622,19.314,-0.3405,0.087325,26.586,0.47689
19.592,19.323,-0.31559,0.076533,26.621,0.45403
19.561,19.33,-0.23976,0.065372,26.64,0.26758
19.536,19.337,-0.18076,0.056485,26.669,0.14228
19.523,19.343,-0.167,0.051331,26.698,0.13266
19.504,19.348,-0.17843,0.044393,26.711,0.20408
19.484,19.352,-0.2079,0.037361,26.734,0.332
19.484,19.356,0,0.029333,26.747,0
19.428,19.359,-0.28646,0.019669,26.76,0.6982
19.396,19.361,-0.27684,0.0099298,26.771,0.72332
19.378,19.362,-0.24162,0.0045981,26.775,0.63334
19.378,19.362,0,-0.0026327,26.777,0
19.323,19.362,-0.093296,-0.0065457,26.768,0.29082
19.319,19.361,0.036755,-0.007141,26.769,0
19.319,19.361,0,-0.0078809,26.765,0.069646
19.338,19.36,0.29117,-0.0036041,26.767,0
19.363,19.359,0.384,0.0010712,26.764,0
19.398,19.36,0.43948,0.011019,26.776,0
19.444,19.361,0.47882,0.023678,26.783,0
19.485,19.363,0.54292,0.03463,26.787,0
19.545,19.367,0.58211,0.050749,26.796,0
19.595,19.372,0.56475,0.063486,26.824,0
19.595,19.378,0,0.079765,26.846,0
19.595,19.386,0,0.094368,26.868,0
19.765,19.395,0.5447,0.10521,26.923,0
19.809,19.406,0.55108,0.11503,26.972,0
19.859,19.417,0.56841,0.1259,27.006,0
19.906,19.43,0.58817,0.13579,27.049,0
19.973,19.444,0.60004,0.15106,27.109,0
20.025,19.459,0.60519,0.16183,27.162,0
20.076,19.475,0.61819,0.17191,27.213,0
20.144,19.492,0.68692,0.18641,27.28,0
20.207,19.511,0.76354,0.1994,27.356,0
20.207,19.531,0,0.21591,27.425,0
20.207,19.552,0,0.22964,27.492,0
20.431,19.575,0.64581,0.24532,27.591,0
20.431,19.6,0,0.2553,27.675,0
20.546,19.625,0.62603,0.26449,27.773,0
20.603,19.652,0.64994,0.27358,27.873,0
20.672,19.679,0.69565,0.28571,27.961,0
20.741,19.708,0.69059,0.29764,28.069,0
20.82,19.737,0.63804,0.3121,28.182,0
20.89,19.769,0.58178,0.32348,28.291,0
20.941,19.801,0.49454,0.32931,28.408,0
20.993,19.834,0.38462,0.33504,28.528,0
21.032,19.867,0.2984,0.33675,28.636,0
21.063,19.901,0.26467,0.33634,28.762,0
21.063,19.935,0,0.33303,28.876,0
21.106,19.968,0.24215,0.32992,28.991,0
21.136,20.001,0.25106,0.3292,29.097,0
21.136,20.034,0,0.32542,29.209,0
21.179,20.066,0.21042,0.32313,29.314,0
21.179,20.099,0,0.32202,29.424,0
21.179,20.131,0,0.31665,29.53,0
21.25,20.163,0.25959,0.31645,29.639,0
21.25,20.194,0,0.31504,29.746,0
21.298,20.226,0.31164,0.31239,29.857,0
21.33,20.257,0.27747,0.31276,29.965,0
21.362,20.288,0.19502,0.31334,30.073,0
21.391,20.32,0.088756,0.31265,30.176,0
21.391,20.351,0,0.30536,30.282,0
21.384,20.381,-0.16898,0.29283,30.386,0
21.366,20.411,-0.27798,0.27924,30.482,0
21.34,20.439,-0.3603,0.26345,30.567,0
21.3,20.465,-0.39932,0.24405,30.651,0
21.255,20.489,-0.36553,0.22398,30.73,0
21.213,20.512,-0.34447,0.20524,30.798,0
21.188,20.532,-0.31362,0.19173,30.863,0
21.153,20.551,-0.28284,0.17613,30.93,0
21.153,20.569,0,0.16062,30.989,0
21.084,20.585,-0.25883,0.14603,31.027,0
21.057,20.6,-0.26835,0.13393,31.073,0
21.057,20.613,0,0.12084,31.118,0
20.988,20.625,-0.32954,0.10627,31.154,0.35302
20.955,20.636,-0.38266,0.093524,31.185,0.62581
20.921,20.645,-0.40998,0.080765,31.212,0.81287
20.88,20.653,-0.39951,0.066371,31.246,0.85846
20.847,20.66,-0.39091,0.054763,31.264,0.89438
20.847,20.665,0,0.043636,31.282,0
20.847,20.67,0,0.032293,31.3,0
20.749,20.673,-0.31623,0.022153,31.307,0.7984
20.721,20.675,-0.29245,0.013412,31.32,0.76203
20.696,20.677,-0.29273,0.0057328,31.313,0.80813
20.669,20.677,-0.30305,-0.0011675,31.304,0.89962
20.636,20.677,-0.31157,-0.0056466,31.297,1.0068
20.636,20.676,0,-0.0093707,31.293,0.062599
20.577,20.675,-0.3414,-0.013695,31.284,1.2641
20.533,20.674,-0.33423,-0.019638,31.264,1.3374
20.493,20.672,-0.31724,-0.025047,31.246,1.3602
20.493,20.67,0,-0.029016,31.228,0.31018
20.423,20.667,-0.33485,-0.034055,31.203,1.5924
20.397,20.663,-0.36339,-0.037316,31.181,1.7782
20.357,20.66,-0.40119,-0.042352,31.163,2.0498
20.357,20.655,0,-0.046055,31.133,0.53904
20.277,20.651,-0.63545,-0.05254,31.09,3.5914
20.207,20.646,-0.88404,-0.061791,31.046,5.6823
20.123,20.639,-1.1829,-0.072862,31.002,8.9437
20.005,20.632,-1.4781,-0.088725,30.939,13.247
20.005,20.623,0,-0.10911,30.877,1.1278
19.677,20.612,-1.8543,-0.13317,30.79,21.236
19.495,20.599,-1.8835,-0.15795,30.698,22.709
19.31,20.583,-1.8553,-0.18323,30.578,23.011
19.119,20.565,-1.836,-0.20935,30.448,23.508
18.943,20.544,-1.8886,-0.23328,30.3,25.395
18.748,20.521,-1.9637,-0.26053,30.126,27.932
18.55,20.495,-1.9615,-0.28837,29.941,28.779
18.348,20.466,-1.9377,-0.31721,29.728,29.127
18.153,20.434,-1.952,-0.3453,29.513,30.282
17.967,20.399,-1.9203,-0.37254,29.273,30.315
17.967,20.362,0,-0.40122,29.031,5.3437
17.967,20.322,0,-0.42873,28.794,5.0616
17.408,20.279,-1.8185,-0.45721,28.473,30.152
17.218,20.233,-1.6902,-0.48767,28.171,28.128
17.049,20.185,-1.4376,-0.51528,27.853,23.885
16.909,20.133,-1.2156,-0.53861,27.533,20.572
16.792,20.079,-0.95624,-0.55845,27.206,17.075
16.696,20.023,-0.7725,-0.57523,26.87,14.871
16.61,19.966,-0.65394,-0.5905,26.532,13.558
16.61,19.907,0,-0.60047,26.2,7.6048
16.489,19.847,-0.65835,-0.61254,25.857,13.426
16.417,19.786,-0.65107,-0.62616,25.515,13.292
16.351,19.723,-1.0321,-0.6384,25.179,17.792
16.238,19.659,-2.0849,-0.65961,24.847,37.817
16.238,19.593,0,-0.69925,24.508,7.2537
16.238,19.523,0,-0.76452,24.176,6.6288
16.238,19.447,0,-0.8529,23.851,5.8947
16.238,19.361,0,-0.96195,23.535,5.0904
14.257,19.265,-5.3875,-1.0871,22.823,312.1
13.718,19.157,-5.2367,-1.2189,22.302,278.58
13.2,19.035,-5.3411,-1.3545,21.739,295.36
12.656,18.899,-5.5431,-1.5077,21.126,334.08
12.098,18.748,-5.948,-1.6769,20.474,41.435
11.499,18.581,-6.376,-1.8703,19.791,40.79
10.856,18.394,-6.7616,-2.0942,19.065,40.144
10.856,18.184,0,-2.3518,18.322,13.074
9.4886,17.949,-6.34,-2.6414,17.482,37.674
8.8451,17.685,-5.2239,-2.9508,16.625,35.403
8.8451,17.39,0,-3.2538,15.756,12.444
7.9443,17.065,-2.1841,-3.5413,14.819,44.885
7.7354,16.71,-0.85922,-3.7835,13.906,17.669
7.7354,16.332,0,-4.4,13.028,8.49
7.7354,15.892,0,-4.4,12.19,7.9659
7.6525,15.452,0.10721,-4.4,11.373,7.9114
7.6525,15.012,0,-4.4,10.615,7.8344
7.6789,14.572,0.34274,-4.4,9.8975,9.8905
7.721,14.132,0.67572,-4.4,9.2307,13.809
7.7951,13.692,1.1199,-4.4,8.6206,20.844
7.907,13.252,1.5016,-4.4,8.0626,29.933
8.0494,12.812,1.7484,-4.4,7.5577,40.091
8.2272,12.372,1.8435,-4.4,7.1071,51.19
8.2272,11.932,0,-5.2,6.7146,98.983
8.5873,11.412,1.715,-5.2,6.3899,152.89
8.7579,10.892,1.6292,-5.2,6.1373,205.11
8.9204,10.372,1.5774,-5.2,5.9637,246.83
9.0691,9.8521,1.5857,-5.2,5.8478,263.78
9.221,9.3321,1.6146,-5.2,5.7975,281.64
9.3765,8.8121,1.6181,-5.2,5.8197,303.47
9.5381,8.2921,1.6028,-5.2,5.9181,330.72
9.7018,7.7721,1.5548,-5.2,6.0772,366.69
9.8584,7.2521,1.5042,-5.2,6.2999,409.25
10.019,6.7321,1.4648,-5.2,6.5963,460.63
10.17,6.2121,1.4895,-5.2,6.9656,503.01
10.325,5.6921,1.5291,-8.8,7.3864,539.64
10.325,4.8121,0,4.9,7.8937,7.3832
10.628,5.3021,1.6284,4.7171,8.4451,0
10.782,5.7738,1.6898,4.0528,8.9534,0
10.952,6.1791,1.7037,3.617,9.4467,0
11.13,6.5408,1.7405,3.3042,9.9219,0
11.302,6.8712,1.7967,3.0585,10.38,0
11.302,7.1771,0,2.8671,10.808,0
11.677,7.4638,1.9104,2.7189,11.24,0
11.677,7.7357,0,2.5995,11.647,0
12.067,7.9956,1.9044,2.4933,12.059,0
12.265,8.2449,1.8257,2.4091,12.465,0
12.446,8.4858,1.7656,2.3271,12.874,0
12.613,8.7186,1.691,2.2469,13.265,0
12.779,8.9432,1.6343,2.1761,13.655,0
12.932,9.1609,1.6265,2.1075,14.043,0
13.091,9.3716,1.6428,2.0475,14.409,0
13.251,9.5763,1.6175,1.996,14.786,0
13.251,9.7759,0,1.9518,15.143,0
13.578,9.9711,1.6468,1.9125,15.52,0
13.741,10.162,1.6577,1.8747,15.87,0
13.908,10.35,1.6467,1.8436,16.218,0
14.077,10.534,1.6422,1.8163,16.57,0
14.077,10.716,0,1.7919,16.915,0
14.4,10.895,1.5793,1.7643,17.29,0
14.563,11.071,1.5758,1.7416,17.64,0
14.722,11.246,1.593,1.7196,17.993,0
14.877,11.418,1.6154,1.6968,18.336,0
15.034,11.587,1.6194,1.6772,18.685,0
15.188,11.755,1.6026,1.6585,19.036,0
15.188,11.921,0,1.6393,19.371,0
15.188,12.085,0,1.6215,19.69,0
15.188,12.247,0,1.6057,19.992,0
15.793,12.408,1.4795,1.5896,20.405,0
15.945,12.566,1.4834,1.5755,20.742,0
16.09,12.724,1.5114,1.5593,21.072,0
16.246,12.88,1.4774,1.5494,21.404,0
16.388,13.035,1.4394,1.5337,21.737,0
16.54,13.188,1.3899,1.5242,22.071,0
16.689,13.341,1.3628,1.5137,22.405,0
16.835,13.492,1.343,1.503,22.744,0
16.972,13.642,1.3761,1.4881,23.069,0
17.107,13.791,1.4015,1.4736,23.395,0
17.25,13.939,1.4219,1.4644,23.73,0
17.396,14.085,1.3921,1.4568,24.062,0
17.396,14.231,0,1.45,24.386,0
17.68,14.376,1.2725,1.4403,24.74,0
17.802,14.52,1.2218,1.4232,25.062,0
17.919,14.662,1.1963,1.4051,25.38,0
18.044,14.803,1.1734,1.3916,25.7,0
18.166,14.942,1.1605,1.3778,26.015,0
18.274,15.079,1.1129,1.3595,26.341,0
18.377,15.215,1.0621,1.3392,26.651,0
18.493,15.349,0.97538,1.326,26.969,0
18.596,15.482,0.91557,1.3078,27.275,0
18.696,15.613,0.91596,1.2896,27.582,0
18.794,15.742,0.9631,1.2716,27.887,0
18.888,15.869,0.99843,1.253,28.192,0
18.978,15.994,1.0413,1.2344,28.497,0
19.085,16.118,1.0533,1.2232,28.803,0
19.186,16.24,1.024,1.2101,29.095,0
19.28,16.361,0.98544,1.1947,29.379,0
19.377,16.48,0.97786,1.1812,29.663,0
19.48,16.598,0.98548,1.1707,29.947,0
19.48,16.716,0,1.1617,30.229,0
19.684,16.832,1.0383,1.1511,30.51,0
19.783,16.947,1.025,1.1409,30.787,0
19.881,17.061,0.93373,1.1308,31.067,0
19.881,17.174,0,1.119,31.344,0
20.062,17.286,0.83859,1.1068,31.629,0
20.151,17.397,0.82301,1.0944,31.899,0
20.223,17.506,0.84291,1.077,32.182,0
20.298,17.614,0.92892,1.0611,32.46,0
20.298,17.72,0,1.0543,32.723,0
20.501,17.825,0.97582,1.0522,33.002,0
20.601,17.93,0.89329,1.0475,33.269,0
20.699,18.035,0.8208,1.0424,33.544,0
20.783,18.139,0.80885,1.0315,33.803,0
20.873,18.243,0.80611,1.0236,34.062,0
20.873,18.345,0,1.0163,34.32,0
21.045,18.447,0.83707,1.0062,34.591,0
21.121,18.547,0.84579,0.99395,34.84,0
21.206,18.647,0.81959,0.98613,35.088,0
21.281,18.745,0.80315,0.97452,35.334,0
21.281,18.843,0,0.96275,35.582,0
21.281,18.939,0,0.95894,35.821,0
21.546,19.035,0.97584,0.95873,36.103,0
21.546,19.131,0,0.96044,36.349,0
21.754,19.227,0.96219,0.96039,36.604,0
21.858,19.323,0.91296,0.9615,36.857,0
21.944,19.419,0.85045,0.95552,37.115,0
22.036,19.515,0.81273,0.95214,37.373,0
22.114,19.61,0.85187,0.94372,37.617,0
22.203,19.704,0.79828,0.93978,37.876,0
22.203,19.798,0,0.92901,38.121,0
