32.5,32.5,0.26542,0,35.5,0
32.524,32.5,0.31455,0.0036671,35.511,0
32.555,32.5,0.2431,0.008373,35.511,0
32.555,32.501,0,0.012931,35.516,0
32.599,32.502,0.21395,0.014923,35.528,0
32.626,32.504,0.21813,0.018823,35.534,0
32.647,32.506,0.21501,0.021722,35.557,0
32.676,32.508,0.20438,0.0259,35.568,0
32.699,32.511,0.20711,0.029111,35.582,0
32.723,32.514,0.19371,0.032355,35.612,0
32.751,32.517,0.15931,0.036166,35.639,0
32.777,32.52,0.15676,0.039592,35.664,0
32.799,32.524,0.13896,0.042449,35.699,0
32.808,32.529,0.10117,0.043119,35.718,0
32.808,32.533,0.093372,0.042581,35.749,0
32.827,32.537,0.098635,0.044765,35.771,0
32.827,32.542,0,0.044292,35.8,0
32.83,32.546,0.048857,0.043998,35.822,0
32.83,32.55,0,0.043151,35.85,0
32.827,32.555,0.038266,0.042205,35.878,0
32.841,32.559,0.0010992,0.043699,35.897,0
32.841,32.563,0,0.04424,35.925,0
32.841,32.568,0,0.042396,35.953,0
32.844,32.572,-0.00064801,0.042264,35.983,0
32.841,32.576,-0.012682,0.041144,36.009,0
32.846,32.58,0.00056732,0.041222,36.044,0
32.841,32.585,-0.021424,0.039803,36.063,0
32.836,32.588,-0.076107,0.03854,36.083,0
32.82,32.592,-0.093726,0.035481,36.107,0
32.82,32.596,0,0.033547,36.129,0
32.82,32.599,0,0.031832,36.152,0
32.782,32.602,-0.1575,0.027941,36.162,0.046748
32.757,32.605,-0.1428,0.023622,36.171,0.060865
32.735,32.608,-0.14448,0.019914,36.194,0.11038
32.723,32.61,-0.1586,0.017618,36.205,0.17661
32.723,32.611,0,0.015117,36.216,0
32.696,32.613,-0.17355,0.012919,36.218,0.27741
32.686,32.614,-0.17801,0.011119,36.217,0.31318
32.686,32.615,0,0.0076327,36.224,0
32.686,32.616,0,0.0038825,36.231,0
32.613,32.616,-0.23756,-0.00067055,36.217,0.65478
32.595,32.616,-0.23843,-0.0037623,36.216,0.69325
32.595,32.616,0,-0.0097335,36.214,0.021884
32.548,32.615,-0.19887,-0.012053,36.201,0.65564
32.537,32.614,-0.20244,-0.013788,36.201,0.68693
32.515,32.612,-0.18798,-0.017411,36.2,0.68051
32.495,32.611,-0.16245,-0.020722,36.199,0.63594
32.495,32.609,0,-0.023698,36.187,0.18576
32.464,32.606,-0.14541,-0.025395,36.184,0.63431
32.449,32.604,-0.073464,-0.027667,36.162,0.44957
32.437,32.601,-0.087201,-0.029416,36.14,0.50541
32.423,32.598,-0.1046,-0.031404,36.114,0.57577
32.406,32.595,-0.046549,-0.033895,36.096,0.44054
32.406,32.591,0,-0.033045,36.077,0.31829
32.406,32.588,0,-0.031799,36.059,0.31403
32.413,32.585,0.1929,-0.03094,36.033,0
32.437,32.582,0.21289,-0.026103,36.014,0
32.462,32.579,0.23243,-0.021122,36.001,0
32.486,32.577,0.22219,-0.016501,35.998,0
32.508,32.575,0.25526,-0.012255,35.985,0
32.538,32.574,0.24002,-0.0066296,35.985,0
32.557,32.574,0.33743,-0.0030641,35.978,0
32.584,32.573,0.29372,0.0016512,35.982,0
32.606,32.573,0.22817,0.0050854,35.982,0
32.63,32.574,0.2253,0.0086413,35.99,0
32.652,32.575,0.25751,0.011931,35.99,0
32.681,32.576,0.2156,0.016248,36,0
32.702,32.578,0.30749,0.019322,36.02,0
32.724,32.58,0.28865,0.022448,36.032,0
32.724,32.582,0,0.025409,36.047,0
32.724,32.584,0,0.028391,36.061,0
32.797,32.587,0.26392,0.03259,36.094,0
32.83,32.59,0.2186,0.037346,36.123,0
32.85,32.594,0.20788,0.039824,36.149,0
32.866,32.598,0.18918,0.041763,36.179,0
32.884,32.602,0.16686,0.043887,36.205,0
32.895,32.607,0.2153,0.044884,36.23,0
32.908,32.611,0.22668,0.046265,36.259,0
32.925,32.616,0.26904,0.048294,36.284,0
32.944,32.621,0.29977,0.050534,36.316,0
32.969,32.626,0.2713,0.053541,36.348,0
32.997,32.631,0.23747,0.057194,36.39,0
33.021,32.637,0.22006,0.060118,36.428,0
33.048,32.643,0.20174,0.063412,36.459,0
33.058,32.649,0.18325,0.064065,36.503,0
33.083,32.656,0.17321,0.066961,36.539,0
33.108,32.662,0.134,0.069832,36.579,0
33.121,32.669,0.086872,0.070898,36.623,0
33.123,32.676,0.065076,0.070096,36.674,0
33.123,32.683,0,0.069489,36.718,0
33.129,32.69,0.021642,0.068963,36.762,0
33.129,32.697,0.0036061,0.067906,36.808,0
33.136,32.704,-0.02604,0.06798,36.848,0
33.142,32.711,-0.038876,0.067888,36.9,0
33.142,32.718,-0.052311,0.066929,36.942,0
33.132,32.724,-0.059512,0.064382,36.985,0
33.117,32.731,-0.05295,0.060941,37.028,0
33.116,32.737,0.010882,0.05999,37.076,0
33.114,32.743,0.070423,0.058735,37.109,0
33.119,32.749,0.13831,0.058566,37.152,0
33.119,32.755,0,0.059199,37.189,0
33.148,32.76,0.17076,0.061363,37.224,0
33.156,32.767,0.16617,0.061661,37.263,0
33.165,32.773,0.15844,0.062228,37.293,0
33.179,32.779,0.13078,0.063464,37.34,0
33.179,32.785,0,0.065386,37.38,0
33.206,32.792,0.09902,0.065748,37.408,0
33.223,32.798,0.068456,0.067481,37.446,0
33.226,32.805,0.04253,0.067006,37.495,0
33.228,32.812,0.015987,0.066256,37.539,0
33.228,32.819,0,0.065484,37.581,0
33.235,32.825,-0.053004,0.065419,37.62,0
33.235,32.832,0,0.065097,37.661,0
33.235,32.838,0,0.062079,37.701,0
33.222,32.844,-0.12125,0.060371,37.727,0
33.203,32.85,-0.12765,0.056395,37.768,0
33.203,32.856,0,0.054091,37.803,0
33.179,32.861,-0.18134,0.050837,37.829,0
33.179,32.866,0,0.047792,37.86,0
33.139,32.871,-0.23344,0.042777,37.892,0.089297
33.109,32.876,-0.24733,0.037432,37.917,0.19694
33.09,32.879,-0.26958,0.033753,37.935,0.31294
33.058,32.883,-0.28131,0.028118,37.953,0.42437
33.029,32.885,-0.32476,0.023016,37.964,0.64366
32.987,32.888,-0.33678,0.015909,37.973,0.78623
32.961,32.889,-0.3869,0.011528,37.976,1.0468
32.92,32.891,-0.41854,0.0047499,37.972,1.2819
32.92,32.891,0,-0.0012695,37.975,0
32.84,32.891,-0.43932,-0.0084267,37.967,1.5703
32.799,32.89,-0.44115,-0.015191,37.958,1.6785
32.763,32.889,-0.4434,-0.020915,37.941,1.7739
32.724,32.886,-0.43818,-0.027201,37.921,1.842
32.683,32.884,-0.44598,-0.033541,37.896,1.9746
32.639,32.88,-0.45019,-0.040515,37.871,2.1005
32.594,32.876,-0.4531,-0.047362,37.85,2.2191
32.546,32.872,-0.44123,-0.054625,37.817,2.2679
32.508,32.866,-0.44335,-0.060188,37.786,2.3627
32.472,32.86,-0.41943,-0.065458,37.741,2.3177
32.433,32.854,-0.42389,-0.071039,37.693,2.4229
32.387,32.846,-0.44843,-0.077647,37.643,2.6513
32.338,32.839,-0.44155,-0.084917,37.596,2.724
32.289,32.83,-0.41954,-0.091859,37.539,2.7088
32.289,32.821,0,-0.099352,37.485,0.94359
32.196,32.811,-0.43296,-0.1049,37.426,2.9747
32.153,32.801,-0.4391,-0.11063,37.367,3.0935
32.153,32.789,0,-0.11617,37.303,1.151
32.064,32.778,-0.45948,-0.12278,37.224,3.3883
32.017,32.766,-0.46254,-0.12913,37.146,3.4989
32.017,32.753,0,-0.13489,37.071,1.3459
31.924,32.739,-0.4538,-0.14145,36.994,3.6254
31.924,32.725,0,-0.14587,36.913,1.4799
31.837,32.71,-0.46725,-0.15266,36.814,3.8626
31.79,32.695,-0.449,-0.15873,36.722,3.835
31.736,32.679,-0.44605,-0.16588,36.635,3.9177
31.699,32.663,-0.46712,-0.17019,36.532,4.1014
31.699,32.646,0,-0.17761,36.437,1.7587
31.6,32.628,-0.48243,-0.18304,36.335,4.3731
31.557,32.61,-0.48846,-0.18823,36.226,4.4774
31.515,32.591,-0.50289,-0.19326,36.119,4.6351
31.515,32.572,0,-0.19993,36.013,1.9819
31.515,32.552,0,-0.20467,35.908,1.9104
31.382,32.531,-0.46576,-0.20913,35.773,4.5797
31.332,32.51,-0.46811,-0.21552,35.66,4.6733
31.283,32.489,-0.45533,-0.22154,35.548,4.6615
31.245,32.466,-0.46513,-0.22547,35.434,4.7644
31.204,32.444,-0.48117,-0.23011,35.302,4.916
31.204,32.421,0,-0.23487,35.179,2.3028
31.12,32.397,-0.486,-0.23954,35.053,5.0418
31.076,32.373,-0.48761,-0.24451,34.923,5.1009
31.022,32.349,-0.46651,-0.25131,34.798,5.0334
30.975,32.324,-0.45282,-0.25687,34.67,4.9964
30.935,32.298,-0.45433,-0.26087,34.541,5.0368
30.9,32.272,-0.4667,-0.26432,34.394,5.137
30.85,32.246,-0.46438,-0.27026,34.259,5.1769
30.796,32.219,-0.47001,-0.27731,34.115,5.2832
30.74,32.191,-0.47954,-0.28438,33.97,5.4159
30.686,32.162,-0.47517,-0.29143,33.816,5.448
30.686,32.133,0,-0.29865,33.67,2.7251
30.575,32.103,-0.46794,-0.30517,33.532,5.5201
30.521,32.073,-0.47022,-0.3122,33.369,5.5907
30.471,32.042,-0.43203,-0.31819,33.203,5.366
30.419,32.01,-0.42452,-0.32459,33.043,5.3584
30.385,31.977,-0.44586,-0.32707,32.88,5.4915
30.334,31.945,-0.49153,-0.33324,32.711,5.8462
30.334,31.911,0,-0.34025,32.552,2.943
30.334,31.877,0,-0.34826,32.396,2.8109
30.161,31.843,-0.56389,-0.35587,32.207,6.537
30.109,31.807,-0.59353,-0.36203,32.029,6.7938
30.053,31.771,-0.60199,-0.36909,31.859,6.9006
29.997,31.734,-0.60651,-0.37628,31.681,6.9726
29.936,31.696,-0.61951,-0.38425,31.506,7.1235
29.936,31.658,0,-0.39173,31.332,3.1682
29.808,31.619,-0.57926,-0.40182,31.148,6.9038
29.808,31.578,0,-0.40768,30.969,3.2515
29.692,31.538,-0.58235,-0.41646,30.776,6.9773
29.643,31.496,-0.61653,-0.42172,30.596,7.25
29.589,31.454,-0.67166,-0.42832,30.402,7.7171
29.525,31.411,-0.73396,-0.43675,30.22,8.2969
29.455,31.367,-0.80225,-0.44675,30.036,8.9804
29.379,31.323,-0.87176,-0.4582,29.839,9.723
29.301,31.277,-0.91331,-0.47001,29.645,10.214
29.211,31.23,-0.92505,-0.48507,29.442,10.434
29.109,31.181,-0.95309,-0.50301,29.231,10.858
29.017,31.131,-0.97292,-0.51838,29.02,11.161
28.927,31.079,-0.96544,-0.53307,28.811,11.151
28.821,31.026,-0.97155,-0.55224,28.584,11.328
28.72,30.971,-1.0068,-0.56984,28.368,11.815
28.625,30.914,-0.99045,-0.58598,28.142,11.69
28.524,30.855,-1.0147,-0.60365,27.913,12.035
28.524,30.795,0,-0.62005,27.682,3.8947
28.323,30.733,-1.1677,-0.63926,27.438,14.004
28.206,30.669,-1.2163,-0.66124,27.2,14.732
28.093,30.603,-1.3268,-0.68282,26.944,16.33
27.952,30.534,-1.4195,-0.71225,26.686,17.855
27.952,30.463,0,-0.74434,26.431,4.1132
27.952,30.389,0,-0.77652,26.184,3.7584
27.477,30.311,-1.8227,-0.81643,25.864,25.518
27.295,30.229,-1.8536,-0.85827,25.58,26.342
27.295,30.144,0,-0.89926,25.291,4.4973
26.941,30.054,-1.7735,-0.94167,24.97,24.946
26.757,29.96,-1.6326,-0.98557,24.662,22.376
26.597,29.861,-1.5016,-1.023,24.339,20.101
26.454,29.759,-1.4533,-1.0545,24.019,19.232
26.302,29.653,-1.3694,-1.0895,23.692,17.855
26.163,29.544,-1.2757,-1.1205,23.363,16.369
26.045,29.432,-1.1432,-1.1459,23.017,14.41
25.926,29.318,-1.0067,-1.1702,22.687,12.597
25.829,29.201,-0.8548,-1.1874,22.347,10.755
25.735,29.082,-0.75695,-1.2029,22.015,9.5999
25.651,28.962,-0.7047,-1.2147,21.679,8.8904
25.573,28.84,-0.66532,-1.2248,21.342,8.3068
25.505,28.718,-0.6055,-1.2297,21.015,7.58
25.438,28.595,-0.5411,-1.2331,20.699,6.8722
25.392,28.471,-0.4836,-1.2278,20.387,6.2287
25.343,28.349,-0.41988,-1.2232,20.077,5.5993
25.303,28.226,-0.39132,-1.2147,19.772,5.1971
25.266,28.105,-0.41536,-1.2038,19.476,5.0882
25.231,27.984,-0.4898,-1.19,19.197,5.268
25.172,27.865,-0.60066,-2,18.93,2.6052
25.108,27.665,-0.71573,-2,18.662,2.5488
25.027,27.465,-0.84195,-2,18.406,2.5693
24.939,27.265,-0.97259,-2,18.168,2.6541
24.838,27.065,-1.0907,-2,17.944,2.7809
24.739,26.865,-1.1832,-2,17.722,2.8476
24.628,26.665,-1.2295,-2,17.516,2.7721
24.628,26.465,0,-2,17.323,3.5646
24.381,26.265,-1.1437,-2,17.132,2.0799
24.258,26.065,-1.1255,-2,16.953,1.867
24.258,25.865,0,-2,16.782,4.1029
24.258,25.665,0,-2,16.631,4.696
23.946,25.465,-1.0818,-2,16.471,1.3278
23.836,25.265,-1.0832,-2,16.314,1.227
23.724,25.065,-1.0377,-2,16.177,1.1672
23.627,24.865,-1.0286,-2,16.038,1.1333
23.524,24.665,-1.0503,-2,15.914,1.0911
23.414,24.465,-1.1008,-2,15.795,1.0132
23.305,24.265,-1.1249,-2.9,15.695,12.602
23.195,23.975,-1.1334,-2.9,15.614,15.196
23.085,23.685,-1.0799,-2.9,15.54,19.179
22.986,23.395,-0.95154,-2.9,15.495,25.121
22.888,23.105,-0.84037,-2.9,15.462,31.693
22.888,22.815,0,-2.9,15.455,50.867
22.712,22.525,-0.69881,-2.9,15.471,47.503
22.645,22.235,-0.68636,-2.9,15.501,57.991
22.584,21.945,-0.69025,-2.9,15.559,71.439
22.584,21.655,0,-2.9,15.637,89.062
22.446,21.365,-0.75932,0.16235,15.729,0.21415
22.372,21.382,-0.75464,0.14941,15.826,0.42518
22.288,21.397,-0.70156,0.13507,15.917,0.42583
22.288,21.41,0,0.1231,16.006,0
22.141,21.422,-0.68234,0.1097,16.082,0.77732
22.082,21.433,-0.64325,0.099289,16.157,0.77047
22.026,21.443,-0.61591,0.08951,16.216,0.80755
21.957,21.452,-0.59209,0.077625,16.264,0.89373
21.891,21.46,-0.54559,0.066467,16.316,0.86417
21.833,21.467,-0.51523,0.056634,16.365,0.88755
21.777,21.472,-0.52025,0.047158,16.406,1.0623
21.724,21.477,-0.55565,0.038212,16.442,1.3766
21.67,21.481,-0.60778,0.029335,16.462,1.7949
21.67,21.484,0,0.019936,16.481,0
21.67,21.486,0,0.0083861,16.499,0
21.483,21.487,-0.58523,-0.0016233,16.497,2.1904
21.422,21.486,-0.51423,-0.027,16.489,1.8965
21.372,21.484,-0.40451,-0.046463,16.488,1.4386
21.331,21.479,-0.28868,-0.061732,16.473,1.0155
21.309,21.473,-0.15037,-0.068708,16.465,0.57578
21.292,21.466,-0.014389,-0.073037,16.44,0.23573
21.3,21.459,0.11477,-0.066551,16.43,0
21.306,21.452,0.19694,-0.061579,16.409,0
21.306,21.446,0,-0.04837,16.395,0.1872
21.359,21.441,0.25846,-0.03465,16.38,0
21.359,21.438,0,-0.022087,16.372,0.11582
21.409,21.435,0.23859,-0.01103,16.369,0
21.409,21.434,0,-0.0046431,16.366,0.041769
21.451,21.434,0.20023,0.0026722,16.368,0
21.464,21.434,0.17163,0.004638,16.366,0
21.464,21.435,0,0.008283,16.369,0
21.505,21.435,0.10759,0.010723,16.374,0
21.517,21.436,0.10167,0.012536,16.39,0
21.521,21.438,0.10336,0.012959,16.403,0
21.521,21.439,0,0.015345,16.411,0
21.542,21.441,0.080042,0.015755,16.437,0
21.542,21.442,0,0.01787,16.447,0
21.57,21.444,0.1471,0.019581,16.457,0
21.57,21.446,0,0.023074,16.47,0
21.57,21.448,0,0.025847,16.482,0
21.623,21.451,0.077126,0.026822,16.494,0
21.631,21.453,-0.017298,0.027732,16.508,0
21.622,21.456,-0.06402,0.025878,16.523,0
21.611,21.459,-0.071329,0.023706,16.547,0
21.611,21.461,0,0.023676,16.562,0
21.613,21.464,-0.074239,0.02331,16.566,0
21.602,21.466,-0.088171,0.02128,16.574,0
21.602,21.468,0,0.020814,16.588,0
21.584,21.47,-0.059397,0.017853,16.608,0
21.584,21.472,0.015281,0.017587,16.628,0
21.594,21.474,0.129,0.01882,16.639,0
21.611,21.476,0.22465,0.021206,16.654,0
21.64,21.478,0.2881,0.025461,16.669,0
21.678,21.48,0.32771,0.0311,16.686,0
21.709,21.483,0.3176,0.035403,16.698,0
21.746,21.487,0.27544,0.040701,16.728,0
21.782,21.491,0.21216,0.045873,16.75,0
21.808,21.496,0.14417,0.049184,16.781,0
21.813,21.5,0.078513,0.049304,16.818,0
21.815,21.505,-0.045374,0.048935,16.843,0
21.813,21.51,-0.14617,0.047839,16.875,0
21.796,21.515,-0.18882,0.044446,16.903,0
21.771,21.519,-0.29653,0.039917,16.929,0.3139
21.746,21.523,-0.5115,0.035287,16.95,1.2307
21.746,21.527,0,0.025494,16.972,0
21.631,21.53,-0.79046,0.01615,16.987,3.1613
21.556,21.531,-0.99895,0.0039297,16.991,5.0267
21.556,21.532,0,-0.02873,16.994,0
21.339,21.529,-1.3462,-0.075487,16.973,9.056
21.339,21.521,0,-0.12729,16.954,0.10876
21.339,21.508,0,-0.18351,16.936,0
20.862,21.49,-2.2206,-0.25372,16.832,25.689
20.629,21.465,-2.4502,-0.339,16.763,32.45
20.377,21.431,-2.5458,-0.43083,16.674,35.88
20.112,21.388,-2.5673,-0.52669,16.549,36.982
19.856,21.335,-2.5682,-0.61728,16.418,37.345
19.596,21.273,-2.5541,-0.70948,16.253,37.144
19.349,21.202,-2.5812,-0.79632,16.066,38.212
19.082,21.123,-2.6702,-0.89059,15.876,41.449
18.812,21.034,-2.7259,-0.98677,15.662,43.566
18.544,20.935,-2.6759,-2.9,15.434,16.26
18.281,20.645,-2.5188,-2.9,15.186,11.115
18.034,20.355,-2.2239,-2.9,14.949,5.3748
17.806,20.065,-1.9131,-2.9,14.718,2.6677
17.61,19.775,-1.6125,-2.9,14.503,2.1265
17.455,19.485,-1.336,-2.9,14.292,3.0893
17.316,19.195,-1.1476,-2.9,14.091,4.6745
17.316,18.905,0,-2.9,13.918,17.786
17.112,18.615,-0.89185,-2.9,13.743,9.2494
17.032,18.325,-1.2708,-2.9,13.594,7.338
16.904,18.035,-1.6625,-4.4,13.465,0
16.731,17.595,-2.0108,-4.4,13.359,0
16.731,17.155,0,-4.4,13.294,379.22
16.302,16.715,-2.9808,-4.4,13.229,0
16.302,16.275,0,-0.1211,13.21,0
16.302,16.263,0,-0.24973,13.213,0
15.405,16.238,-2.9661,-4.4,13.083,0
15.105,15.798,-2.9317,-0.3068,13.007,49.495
14.81,15.767,-2.8449,-0.4271,12.933,46.16
14.533,15.725,-2.8148,-4.4,12.825,0
14.26,15.285,-2.8247,-0.45441,12.722,45.484
13.986,15.239,-2.7979,-4.4,12.604,0
13.709,14.799,-2.7996,-0.48085,12.493,44.612
13.435,14.751,-2.7438,-4.4,12.365,0
13.153,14.311,-2.6889,-0.5096,12.24,40.524
12.881,14.26,-2.6306,-4.4,12.109,0
12.624,13.82,-2.5815,-0.52567,11.972,36.843
12.361,13.767,-2.5463,-4.4,11.833,0
12.361,13.327,0,-0.53897,11.714,0.85975
11.84,13.274,-2.5037,-4.4,11.567,0
11.592,12.834,-2.4637,-0.5441,11.43,33.183
11.347,12.779,-2.3154,-4.4,11.293,0
11.347,12.339,0,-4.4,11.172,216.26
10.899,11.899,-2.1504,-0.42673,11.051,24.454
10.689,11.856,-2.0836,-0.50444,10.946,23.129
10.484,11.806,-2.1288,-5.2,10.825,0
10.266,11.286,-2.1973,-0.4333,10.708,25.663
10.266,11.243,0,-5.2,10.609,25908
10.266,10.723,0,-0.3664,10.537,0.22049
9.6196,10.686,-2.4389,-0.44771,10.404,32.404
9.3707,10.641,-2.5772,-5.2,10.288,0
9.1149,10.121,-2.6747,-0.41399,10.166,40.16
8.8405,10.08,-2.7664,-0.51664,10.057,43.98
8.5691,10.028,-2.6592,-5.2,9.9171,0
8.2961,9.5082,-2.4586,-0.4966,9.782,33.455
8.0527,9.4586,-2.1692,-5.2,9.6572,0
7.8396,8.9386,-2.0261,-0.43919,9.5371,22.185
7.6284,8.8946,-1.9992,-5.2,9.4199,0
7.4218,8.3746,-1.9018,-0.36878,9.3179,19.446
7.2306,8.3378,-1.8158,-0.43481,9.2092,18.068
7.2306,8.2943,0,-5.2,9.1007,114.15
6.8919,7.7743,-1.6195,-0.33448,8.988,14.374
6.7327,7.7408,-1.4325,-0.38648,8.9018,11.858
6.583,7.7022,-1.5778,-5.2,8.7925,107.79
6.4196,7.1822,-1.8747,-0.28025,8.6955,18.67
6.2328,7.1542,-2.2138,-0.34294,8.6068,26.53
6.2328,7.1199,0,-5.2,8.5164,55.957
5.7841,6.5999,-2.5331,-0.28854,8.42,35.588
5.5253,6.571,-2.5664,-0.37532,8.3222,37.269
5.2612,6.5335,-2.332,-5.2,8.2085,0
5.2612,6.0135,0,-0.3373,8.1073,0.83562
5.2612,5.9798,0,-8.8,8.0338,19.205
4.5992,5.0998,-1.6843,-0.14891,7.8993,15.024
4.5992,5.0849,0,-0.19455,7.85,0.59129
4.5992,5.0654,0,-0.23876,7.8024,0.45435
4.5992,5.0415,0,-0.2707,7.7569,0.34565
4.5992,5.0145,0,-0.29046,7.7141,0.26076
4.0588,4.9854,-0.3527,-0.29309,7.4988,2.7008
4.0332,4.9561,-0.067455,-8.8,7.4066,0
4.0343,4.0761,-0.03371,-0.010954,7.3658,0.13819
4.0275,4.075,0.32805,-0.012473,7.3602,0
4.0275,4.0738,0,-0.00093987,7.3555,0.094099
4.0275,4.0737,0,0.069408,7.3508,0.26143
4.2465,4.0806,1.4723,0.20185,7.3821,0.61027
4.391,4.1008,1.6262,0.35085,7.3983,0.57071
4.556,4.1359,1.6715,0.50321,7.4392,0.22505
4.7313,4.1862,1.6588,0.64294,7.4783,0
4.8888,4.2505,1.6301,0.73941,7.5407,0
5.0612,4.3244,1.6056,0.83581,7.6088,0
5.2252,4.408,1.4799,0.90665,7.6917,0
5.3775,4.4987,1.4641,0.95112,7.7713,0
5.5173,4.5938,1.4716,0.97484,7.8592,0
5.6621,4.6913,1.5349,1.0003,7.9559,0
5.8232,4.7913,1.6059,1.0385,8.0604,0
5.9854,4.8952,1.7969,1.0703,8.161,0
5.9854,5.0022,0,1.1188,8.2647,1.2416
6.348,5.1141,1.9345,1.1541,8.39,0
6.5465,5.2295,1.9343,1.2022,8.5127,0
6.7489,5.3497,1.9245,1.2482,8.6573,0
6.9336,5.4745,1.8766,1.2697,8.791,0
7.1278,5.6015,1.857,1.2966,8.933,0
7.3075,5.7311,1.8072,1.3084,9.0851,0
7.4799,5.862,1.7907,1.3141,9.2497,0
7.6509,5.9934,1.7832,1.3179,9.4149,0
7.8237,6.1252,1.7777,1.3237,9.5889,0
7.9951,6.2575,1.7709,1.3274,9.7601,0
8.1774,6.3903,1.7773,1.3391,9.9339,0
8.3548,6.5242,1.7585,1.3474,10.123,0
8.3548,6.6589,0,1.361,10.299,0.027685
8.7109,6.795,1.7747,1.3611,10.5,0
8.8821,6.9311,1.7697,1.3625,10.69,0
9.0655,7.0674,1.7694,1.3732,10.89,0
9.2382,7.2047,1.7735,1.3765,11.099,0
9.4179,7.3424,1.8116,1.3827,11.296,0
9.5974,7.4806,1.839,1.389,11.501,0
9.7846,7.6195,1.8629,1.3994,11.705,0
9.9795,7.7595,1.869,1.4149,11.922,0
10.169,7.901,1.8964,1.4251,12.14,0
10.36,8.0435,1.8628,1.4369,12.373,0
10.36,8.1872,0,1.4398,12.598,0
10.717,8.3311,1.8043,1.443,12.846,0
10.904,8.4754,1.7959,1.4514,13.09,0
10.904,8.6206,0,1.4549,13.326,0
11.264,8.7661,1.7521,1.4586,13.584,0
11.435,8.9119,1.7373,1.4568,13.834,0
11.604,9.0576,1.6987,1.4534,14.081,0
11.779,9.203,1.6858,1.4553,14.339,0
11.949,9.3485,1.688,1.4537,14.595,0
12.111,9.4939,1.6717,1.4492,14.865,0
12.27,9.6388,1.6011,1.4433,15.131,0
12.434,9.7831,1.5512,1.4411,15.4,0
12.584,9.9272,1.5135,1.4313,15.674,0
12.584,10.07,0,1.4206,15.932,0
12.584,10.212,0,1.4149,16.176,0
13.024,10.354,1.2877,1.4022,16.483,0
13.149,10.494,1.1797,1.3833,16.753,0
13.149,10.632,0,1.362,17.011,0
13.376,10.769,0.97694,1.3378,17.282,0
13.465,10.902,0.91474,1.3056,17.548,0
13.556,11.033,0.89991,1.276,17.795,0
13.646,11.161,0.92078,1.2482,18.043,0
13.739,11.285,0.91905,1.2243,18.291,0
13.828,11.408,0.90346,1.2001,18.53,0
13.918,11.528,0.88362,1.1777,18.77,0
14.009,11.646,0.88815,1.1585,19.017,0
14.1,11.761,0.87886,1.1399,19.248,0
14.1,11.875,0,1.1185,19.476,0
14.263,11.987,0.88875,1.0974,19.71,0
14.342,12.097,0.88468,1.0772,19.936,0
14.43,12.205,0.86606,1.0625,20.164,0
14.511,12.311,0.86068,1.046,20.395,0
14.605,12.416,0.83842,1.036,20.606,0
14.689,12.519,0.79747,1.0217,20.821,0
14.768,12.621,0.79251,1.0059,21.03,0
14.846,12.722,0.78988,0.99094,21.236,0
14.935,12.821,0.76394,0.98232,21.454,0
15.018,12.919,0.73972,0.97151,21.667,0
15.099,13.016,0.73624,0.96012,21.87,0
15.099,13.112,0,0.94929,22.073,0
15.247,13.207,0.66327,0.93317,22.284,0
15.313,13.301,0.6052,0.91743,22.493,0
15.383,13.392,0.61125,0.9044,22.698,0
15.444,13.483,0.59126,0.88754,22.888,0
15.507,13.572,0.61205,0.87302,23.08,0
15.563,13.659,0.61962,0.85633,23.28,0
15.617,13.745,0.62864,0.83914,23.47,0
15.681,13.829,0.58461,0.82773,23.651,0
15.733,13.911,0.59456,0.81114,23.825,0
15.801,13.992,0.59335,0.80311,24.012,0
15.858,14.073,0.60927,0.79055,24.192,0
15.911,14.152,0.63561,0.77673,24.372,0
15.976,14.229,0.6574,0.76907,24.55,0
16.039,14.306,0.65954,0.76073,24.715,0
16.105,14.382,0.64446,0.75452,24.897,0
16.17,14.458,0.62024,0.74773,25.07,0
16.228,14.533,0.64876,0.73869,25.245,0
16.228,14.607,0,0.72951,25.411,0
16.353,14.679,0.62694,0.72527,25.574,0
16.424,14.752,0.64375,0.7226,25.732,0
16.482,14.824,0.6591,0.71491,25.9,0
16.55,14.896,0.64067,0.7118,26.074,0
16.55,14.967,0,0.70939,26.236,0
16.55,15.038,0,0.70389,26.391,0
16.746,15.108,0.63969,0.69994,26.56,0
16.806,15.178,0.64176,0.69393,26.729,0
16.868,15.248,0.61059,0.68933,26.893,0
16.922,15.317,0.60833,0.68176,27.06,0
16.983,15.385,0.61758,0.67713,27.214,0
16.983,15.452,0,0.67455,27.37,0
17.109,15.52,0.64477,0.6703,27.529,0
17.175,15.587,0.6897,0.66823,27.682,0
17.25,15.654,0.70799,0.67035,27.848,0
17.317,15.721,0.70443,0.66907,28.002,0
17.396,15.788,0.70489,0.67273,28.155,0
17.469,15.855,0.68745,0.67376,28.323,0
17.538,15.922,0.64516,0.67291,28.487,0
17.607,15.99,0.60881,0.67226,28.645,0
17.668,16.057,0.56801,0.66825,28.803,0
17.721,16.124,0.49339,0.66127,28.954,0
17.764,16.19,0.43817,0.65032,29.106,0
17.808,16.255,0.42378,0.63992,29.253,0
17.844,16.319,0.4019,0.62742,29.403,0
17.877,16.382,0.41087,0.61402,29.561,0
17.916,16.443,0.41372,0.604,29.716,0
17.965,16.503,0.43816,0.59813,29.858,0
17.999,16.563,0.45143,0.58655,29.998,0
18.041,16.622,0.39324,0.57885,30.15,0
18.077,16.68,0.38422,0.56894,30.287,0
18.108,16.737,0.39488,0.55722,30.428,0
18.153,16.792,0.43138,0.55218,30.574,0
18.189,16.848,0.38836,0.54388,30.717,0
