0,0,0.16799,0,35.5,0
0.025424,0,0.08601,7.8,35.504,72.313
0.025424,0.78,0,7.8,35.468,79.57
0.01835,1.56,-0.35963,7.8,35.343,79.761
-0.01854,2.34,-0.70215,7.8,35.139,82.156
-0.088834,3.12,-1.0392,7.8,34.854,84.607
-0.088834,3.9,0,7.8,34.494,84.022
-0.33511,4.68,-1.589,7.8,34.03,89.465
-0.48675,5.46,-1.7396,7.8,33.477,91.691
-0.658,6.24,-1.7792,6.7,32.836,91.413
-0.84416,6.91,-1.8151,6.7,32.104,93.244
-1.0163,7.58,-1.7698,6.7,31.284,94.875
-1.1961,8.25,-1.6488,-0.51185,30.378,81.209
-1.3627,8.1988,-1.4515,-0.54217,29.433,80.967
-1.5132,8.1446,-1.2513,-0.57432,28.472,80.676
-1.5132,8.0872,0,-0.60733,27.509,77.86
-1.7384,8.0264,-0.79949,-0.64231,26.529,79.804
-1.8234,7.9622,-0.56867,-0.67851,25.56,79.285
-1.8749,7.8944,-0.359,-0.71554,24.587,78.733
-1.9129,7.8228,-0.13393,-0.75524,23.605,78.108
-1.9245,7.7473,0.077409,-0.79582,22.632,77.448
-1.9234,7.6677,0.2188,-0.83872,21.666,76.895
-1.9037,7.5838,0.2811,-0.88321,20.71,76.458
-1.8752,7.4955,0.29977,-0.93046,19.764,76.081
-1.8752,7.4025,0,-0.98066,18.832,76.414
-1.8127,7.3044,0.29467,-1.035,17.917,75.352
-1.8127,7.2009,0,-1.0933,17.011,75.636
-1.7549,7.0915,0.28614,-1.1587,16.115,74.555
-1.7342,6.9757,0.2723,-1.2297,15.234,74.155
-1.7167,6.8527,0.23391,-1.307,14.369,73.785
-1.6889,6.722,0.17041,-1.3888,13.522,73.422
-1.6752,6.5831,0.087431,-1.4793,12.697,73.093
-1.6625,6.4352,-0.01057,-1.5807,11.874,72.757
-1.6625,6.2771,0,-1.696,11.072,72.168
-1.6625,6.1075,0,-1.8216,10.287,71.556
-1.6625,5.9254,0,-1.9616,9.5187,70.889
-1.7095,5.7292,-0.4373,-2.119,8.7515,71.171
-1.7095,5.5173,0,-2.2959,8.0182,69.446
-1.8127,5.2877,-0.6046,-8.8,7.3005,56.791
-1.8127,4.4077,0,-8.8,6.6344,53.716
-1.8127,3.5277,0,-8.8,6.0564,51.912
-2.004,2.6477,-0.58913,-8.8,5.5414,51.738
-2.0579,1.7677,-0.46119,-8.8,5.1102,49.776
-2.0958,0.88772,-0.24037,-8.8,4.7657,47.586
-2.0958,0.0077163,0,-8.8,4.5113,45.277
-2.1177,0,0.23739,-8.8,4.3358,44.807
-2.1011,0,0.47018,-8.8,4.1594,44.284
-2.05,0,0.57283,-8.8,3.9938,43.963
-1.9914,0,0.56789,-8.8,3.8336,43.854
-1.9377,0,0.55768,-8.8,3.6772,43.765
-1.8827,0,0.52491,-8.8,3.5354,43.721
-1.8334,0,0.51974,-8.8,3.3843,43.631
-1.7855,0,0.58198,-8.8,3.2481,43.402
-1.7222,0,0.7439,-8.8,3.1252,42.932
-1.6526,0,0.98516,-8.8,2.996,42.282
-1.5492,0,1.2763,-8.8,2.8854,41.459
-1.4134,0,1.5784,-8.8,2.7752,40.546
-1.4134,0,0,-8.8,2.6778,43.862
-1.0659,0,1.9966,-8.8,2.6237,38.954
-0.85763,0,2.0277,-8.8,2.5661,38.462
-0.64846,0,1.9767,-8.8,2.5442,38.14
-0.45601,0,1.9076,-8.8,2.5257,37.891
-0.45601,0,0,-8.8,2.5241,41.899
-0.098172,0,1.7517,-8.8,2.5507,37.485
0.072713,0,1.6944,-8.8,2.5888,0
0.24392,0,1.6299,-8.8,2.6454,0
0.24392,0,0,-8.8,2.7138,0
0.57065,0,1.4709,-8.8,2.8103,0
0.71395,0,1.3033,-8.8,2.9227,0
0.85044,0,1.08,-8.8,3.043,0
0.96645,0,0.84171,-8.8,3.1681,0
1.045,0,0.60003,-8.8,3.3125,0
1.1105,0,0.37135,-8.8,3.4692,0
1.1489,0,0.22285,-8.8,3.6332,0
1.1725,0,0.16242,-8.8,3.7909,0
1.1924,0,0.17532,-8.8,3.9629,0
1.2005,0,0.22706,-8.8,4.1259,0
1.2005,0,0,-8.8,4.2899,0
1.2655,0,0.61543,-8.8,4.4573,0
1.2655,0,0,-8.8,4.6279,0
1.2655,0,0,-8.8,4.7984,0
1.5516,0,1.7824,1.7824,5.008,0
1.5516,0.17824,0,2.0903,5.1543,5.4839
1.9405,0.38727,2.2043,2.2043,5.3256,0
2.1616,0.6077,2.1745,2.1745,5.4853,0
2.3868,0.82515,2.0066,2.0066,5.6499,0
2.3868,1.0258,0,4.9,5.796,31.35
2.3868,1.5158,0,4.9,5.9076,34.431
2.9204,2.0058,1.2322,3.0494,6.044,4.6411
3.036,2.3108,0.87847,-8.8,6.1325,0
3.1191,1.4308,0.5537,4.9,6.2498,21.669
3.1787,1.9208,0.26489,4.7405,6.3938,26.428
3.1787,2.3948,0,2.1438,6.4959,8.5911
3.2007,2.6092,-0.17448,1.3697,6.5723,5.3416
3.1862,2.7462,-0.33644,0.94291,6.6306,4.3856
3.152,2.8404,-0.4922,0.63344,6.6597,4.0669
3.1082,2.9038,-0.68069,0.40237,6.6938,4.4174
3.1082,2.944,0,0.16958,6.7122,0.039582
2.9459,2.961,-0.99516,-0.0032641,6.713,5.1244
2.8399,2.9607,-0.95742,-0.026139,6.7109,5.1165
2.7456,2.958,-0.76799,-0.046039,6.7001,3.8925
2.6776,2.9534,-0.5206,-0.059915,6.6847,2.4935
2.6284,2.9475,-0.20611,-0.069825,6.6461,1.1586
2.6134,2.9405,0.10917,-0.07204,6.6095,0.29085
2.6149,2.9333,0.24548,-0.070495,6.5782,0.050154
2.6294,2.9262,0.25224,-0.065978,6.5518,0.011317
2.6455,2.9196,0.25874,-0.061365,6.5139,0
2.6618,2.9135,0.21874,-0.056526,6.4931,0
2.6914,2.9078,0.17552,-0.048917,6.4599,0.0062692
2.7077,2.9029,0.057057,-8.8,6.4299,0
2.7046,2.0229,-0.12726,2.3762,6.4559,12.276
2.6849,2.2606,-0.42646,1.2388,6.5151,7.2967
2.6849,2.3844,0,0.71258,6.5514,1.6019
2.5639,2.4557,-1.1842,0.27689,6.5601,8.7192
2.4535,2.4834,-1.5234,-0.0055411,6.5734,4.7122
2.3049,2.4828,-1.7762,-0.033059,6.5586,5.3185
2.126,2.4795,-1.972,-0.06594,6.5381,5.881
1.936,2.4729,-2.1382,-0.10105,6.4918,6.4106
1.936,2.4628,0,-0.14049,6.4386,0.81823
1.5061,2.4488,-2.283,-0.1819,6.3533,7.1836
1.2769,2.4306,-2.274,-0.22727,6.2434,7.4194
1.0464,2.4079,-2.2379,-8.8,6.108,0
0.82891,1.5279,-2.1677,-0.088924,6.0051,6.1727
0.61133,1.519,-2.0556,-0.11703,5.9341,6.2817
0.4065,1.5073,-1.9526,-0.14516,5.8241,6.3759
0.20576,1.4927,-1.8914,-8.8,5.6989,0
0.018206,0.61275,-1.779,-1.779,5.6073,1.2188
-0.15737,0.43485,-1.6154,-1.6154,5.5573,1.2141
-0.31378,0.27331,-1.4242,-1.4242,5.4996,1.2035
-0.46087,0.13089,-1.1859,-1.1859,5.445,1.2131
-0.57847,0.012301,-0.93985,-0.93985,5.3874,1.2111
-0.67149,0,-0.72343,-0.72343,5.3318,1.3766
-0.75266,0,-0.5822,-0.5822,5.2574,1.5429
-0.81369,0,-0.52643,-0.52643,5.1786,1.6681
-0.87083,0,-0.5451,-0.5451,5.0887,1.7852
-0.87083,0,0,-0.55244,5.0044,0.62439
-0.98071,0,-0.50433,-8.8,4.9087,0
-1.0257,0,-0.33338,-8.8,4.8524,0
-1.0257,0,0,-8.8,4.7939,0
-1.0631,0,0.06309,-8.8,4.7313,0
-1.0493,0,0.25927,-8.8,4.6761,0
-1.0493,0,0,-8.8,4.6151,0
-0.98599,0,0.51078,-8.8,4.5658,0
-0.93103,0,0.59411,-8.8,4.523,0
-0.93103,0,0,-8.8,4.4739,0
-0.79168,0,0.71816,-8.8,4.4357,0
-0.71621,0,0.7276,-8.8,4.4104,0
-0.65327,0,0.71652,-8.8,4.3847,0
-0.5883,0,0.68932,-8.8,4.3609,0
-0.51239,0,0.67385,-8.8,4.3527,0
-0.4405,0,0.68002,-8.8,4.3525,0
-0.36328,0,0.64885,-8.8,4.3657,0
-0.29829,0,0.58505,-8.8,4.3829,0
-0.2475,0,0.39158,-8.8,4.3993,0
-0.19842,0,0.079506,-8.8,4.4259,0
-0.18052,0,-0.29461,-8.8,4.4458,0
-0.21409,0,-0.66248,-8.8,4.4629,0
-0.27896,0,-0.94362,-8.8,4.4746,0
-0.37505,0,-1.0164,-8.8,4.4932,0
-0.47191,0,-0.7928,-8.8,4.4995,0
-0.54789,0,-0.43653,-8.8,4.4865,0
-0.54789,0,0,-8.8,4.4758,0
-0.59567,0,0.19126,-8.8,4.4436,0
-0.57206,0,0.3723,-8.8,4.4202,0
-0.53121,0,0.39412,-8.8,4.4035,0
-0.49097,0,0.41994,-8.8,4.3901,0
-0.49097,0,0,-8.8,4.385,0
-0.41313,0,0.56088,-8.8,4.4015,0
-0.36012,0,0.65419,-8.8,4.4033,0
-0.30094,0,0.72085,-8.8,4.4144,0
-0.2277,0,0.71758,-8.8,4.4251,0
-0.15356,0,0.70078,-8.8,4.4421,0
-0.084971,0,0.58294,-8.8,4.4752,0
-0.030449,0,0.32915,-8.8,4.5124,0
-0.030449,0,0,-8.8,4.5534,0
0.012076,0,-0.50014,-8.8,4.5983,0
0.012076,0,0,-8.8,4.6435,0
-0.10373,0,-0.69022,-8.8,4.6742,0
-0.17276,0,-0.48165,-8.8,4.7037,0
-0.22213,0,-0.13359,-8.8,4.7316,0
-0.22959,0,0.27001,-8.8,4.7523,0
-0.20804,0,0.42757,-8.8,4.7739,0
-0.17101,0,0.40904,-8.8,4.7898,0
-0.1255,0,0.30943,-8.8,4.8134,0
-0.1255,0,0,-8.8,4.8448,0
-0.0838,0,0.1803,-8.8,4.8835,0
-0.070051,0,0.20596,-8.8,4.9184,0
-0.070051,0,0,-8.8,4.9554,0
-0.030422,0,0.34739,-8.8,4.9978,0
0.01308,0,0.4227,0.4227,5.0361,0
0.046339,0.04227,0.46852,0.46852,5.0378,0
0.09763,0.089122,0.47209,-8.8,5.0398,0
0.09763,0,0,0.49118,5.0846,1.2849
0.20574,0.049118,0.51894,0.51894,5.1016,0
0.20574,0.10101,0,0.63985,5.1147,1.906
0.20574,0.165,0,0.84947,5.122,3.1759
0.41356,0.24994,1.1336,1.1336,5.1546,0
0.52689,0.36331,1.5479,-8.8,5.1629,0
0.68572,0,2.0158,2.0158,5.231,0
0.87986,0.20158,2.4971,2.4971,5.2925,0
0.87986,0.4513,0,2.8825,5.3478,16.678
1.4014,0.73954,3.1964,3.1964,5.4316,0
1.7117,1.0592,3.3444,-8.8,5.4994,5.0263
2.0504,0.17918,3.4198,3.4198,5.6339,0
2.3836,0.52116,3.3603,3.3603,5.8141,0
2.7191,0.85718,3.2328,3.2328,5.993,0
3.0492,1.1805,3.0667,4.9,6.1797,0.9305
3.359,1.6705,2.9217,4.9,6.3669,2.1256
3.6548,2.1605,2.7699,4.7084,6.5203,2.611
3.9376,2.6313,2.7185,3.0151,6.6531,0
4.2018,2.9328,2.737,2.4831,6.774,0
4.4801,3.1811,2.7729,2.2582,6.908,0
4.4801,3.4069,0,2.1348,7.0266,7.1626
5.0415,3.6204,2.9326,2.0621,7.1878,0
5.3355,3.8266,2.9985,2.0321,7.3341,0
5.3355,4.0298,0,2.0083,7.4748,5.2146
5.9226,4.2307,3.0864,2.0003,7.6486,0
6.2405,4.4307,3.1024,2.02,7.8185,0
6.5467,4.6327,3.0615,2.026,8.0092,0
6.8619,4.8353,2.989,2.0393,8.1989,0
7.1583,5.0392,2.8812,2.0364,8.4135,0
7.1583,5.2429,0,2.0291,8.6152,2.7877
7.7168,5.4458,2.6744,2.0044,8.8445,0
7.7168,5.6462,0,1.9931,9.0616,1.9581
8.2527,5.8455,2.5628,1.9731,9.2962,0
8.5086,6.0428,2.5053,1.9582,9.5481,0
8.7595,6.2387,2.3595,1.9436,9.806,0
9.0042,6.433,2.0289,1.9265,10.059,0
9.0042,6.6257,0,1.8822,10.306,0.21732
9.3557,6.8139,1.1925,1.8091,10.576,0
9.4824,6.9948,0.90319,1.7314,10.834,0
9.579,7.1679,0.81415,1.6428,11.074,0
9.6575,7.3322,1.0109,1.5555,11.319,0
9.7548,7.4878,1.3474,1.4909,11.551,0
9.8962,7.6369,1.7097,1.4638,11.786,0
10.061,7.7832,1.9527,1.4538,12.01,0
10.257,7.9286,2.0422,1.4649,12.236,0
10.462,8.0751,1.9589,1.4816,12.47,0
10.462,8.2233,0,1.4915,12.701,0
10.462,8.3724,0,1.4935,12.918,0
11.003,8.5218,1.4515,1.4828,13.223,0
11.154,8.67,1.1994,1.4659,13.466,0
11.28,8.8166,0.95542,1.436,13.704,0
11.367,8.9602,0.63868,1.3867,13.944,0
11.422,9.0989,0.33315,1.3242,14.179,0
11.462,9.2313,0.039572,1.2595,14.411,0
11.464,9.3573,-0.16651,1.179,14.636,0
11.454,9.4752,-0.20587,1.0974,14.837,0
11.44,9.5849,-0.22172,1.0214,15.036,0
11.416,9.6871,-0.16746,0.94511,15.219,0
11.395,9.7816,-0.056037,0.87656,15.389,0
11.395,9.8692,0.076274,0.82425,15.55,0
11.4,9.9516,0.10084,0.77809,15.698,0
11.401,10.029,0.15914,0.73338,15.837,0
11.413,10.103,0.16341,0.69757,15.979,0
11.421,10.173,0.13619,0.66136,16.098,0
11.432,10.239,0.108,0.62945,16.215,0
11.449,10.302,0.089136,0.60295,16.333,0
11.454,10.362,0.098868,0.57163,16.447,0
11.465,10.419,0.070389,0.54597,16.557,0
11.465,10.474,0,0.5149,16.659,0
11.471,10.525,0.074107,0.49059,16.768,0
11.48,10.574,-0.043073,0.46894,16.862,0
11.47,10.621,-0.21058,0.4382,16.947,0
11.453,10.665,-0.33114,0.40537,17.028,0.26182
11.41,10.705,-0.41213,0.36187,17.106,0.67977
11.379,10.742,-0.44608,0.32638,17.169,0.89443
11.33,10.774,-0.36035,0.28387,17.231,0.58784
11.286,10.803,-0.26292,0.24667,17.276,0.27653
11.267,10.827,-0.11787,0.2237,17.315,0
11.263,10.85,0.06687,0.21019,17.359,0
11.274,10.871,0.14507,0.20493,17.396,0
11.295,10.891,0.23264,0.20505,17.433,0
11.31,10.912,0.25707,0.20184,17.479,0
11.31,10.932,0,0.2026,17.518,0
11.357,10.952,0.18868,0.20496,17.571,0
11.374,10.973,0.30452,0.20278,17.606,0
11.402,10.993,0.48043,0.20674,17.64,0
11.402,11.014,0,0.22259,17.68,0
11.524,11.036,1.064,0.2457,17.726,0
11.628,11.06,1.2936,0.28546,17.786,0.13459
11.628,11.089,0,0.34045,17.841,0
11.628,11.123,0,0.40237,17.893,0
12.085,11.163,1.8926,0.46175,17.991,1.8645
12.282,11.209,1.9776,0.53583,18.09,2.0729
12.477,11.263,2.0704,0.60516,18.199,2.3463
12.683,11.324,2.0703,0.67583,18.336,2.1974
12.889,11.391,2.0748,0.74306,18.486,2.0799
13.099,11.465,1.9933,0.80761,18.641,1.5815
13.306,11.546,1.9635,0.86674,18.811,1.3358
13.5,11.633,1.7848,0.91598,18.992,0.49194
13.685,11.724,1.4811,0.95745,19.18,0
13.829,11.82,1.0801,0.97686,19.379,0
13.929,11.918,0.73707,0.97364,19.584,0
14.007,12.015,0.36712,0.95977,19.781,0
14.044,12.111,0.11358,0.92677,19.972,0
14.049,12.204,-0.010186,0.88112,20.164,0
14.038,12.292,-0.032903,0.83083,20.353,0
14.044,12.375,-0.035349,0.79082,20.516,0
14.044,12.454,0,0.75188,20.679,0
14.057,12.529,0.078482,0.71856,20.829,0
14.06,12.601,-0.057921,0.68391,20.975,0
14.06,12.67,0,0.64683,21.117,0
14.006,12.734,-0.982,0.59274,21.246,3.4609
13.908,12.794,-1.5745,0.51801,21.369,10.354
13.745,12.845,-2.1731,0.41724,21.469,21.971
13.529,12.887,-2.5522,0.29669,21.538,32.959
13.529,12.917,0,0.16695,21.601,0
13.002,12.934,-2.9681,0.031702,21.619,49.919
12.701,12.937,-3.3622,-0.036437,21.614,72.582
12.357,12.933,-3.9652,-0.089227,21.576,123.37
11.951,12.924,-4.8033,-0.15154,21.494,256.88
11.951,12.909,0,-0.22638,21.398,1.6274
10.909,12.886,-6.3506,-0.31384,21.205,28.753
10.274,12.855,-6.7569,-0.41581,20.981,29.705
9.5884,12.813,-6.8406,-0.52936,20.701,30.407
8.9085,12.76,-6.5482,-0.64752,20.349,30.664
8.2532,12.696,-6.0781,-0.76891,19.926,30.645
7.6421,12.619,-5.5766,-0.88969,19.461,30.487
7.0913,12.53,-5.0656,-1.0089,18.942,30.188
6.5765,12.429,-4.6649,-1.1318,18.373,29.85
6.1044,12.316,-4.3844,-1.257,17.768,29.448
5.6589,12.19,-4.1496,-1.3894,17.123,28.928
5.2343,12.051,-3.8168,-1.5296,16.454,28.208
4.8548,11.898,-3.4646,-1.6732,15.762,27.312
4.5139,11.731,-2.954,-1.8222,15.05,26.187
4.2252,11.549,-2.4176,-1.9728,14.324,24.926
3.9774,11.351,-1.9235,-2.1288,13.581,43.927
3.7904,11.138,-1.5848,-2.2766,12.852,34.409
3.7904,10.911,0,-2.4249,12.128,11.767
3.7904,10.668,0,-2.5826,11.428,9.9646
3.3825,10.41,-0.94334,-2.7472,10.679,17.345
3.2837,10.135,-0.66622,-5.2,9.9942,8.52
3.2264,9.6153,-0.32674,-5.2,9.3272,9.2433
3.2264,9.0953,0,-5.2,8.7143,10.448
3.1877,8.5753,0.37196,-5.2,8.1493,12.085
3.2248,8.0553,0.60962,-5.2,7.6431,13.294
3.2878,7.5353,0.70955,-5.2,7.183,13.584
3.3665,7.0153,0.7249,-5.2,6.7921,13.268
3.4374,6.4953,0.7304,-5.2,6.4492,12.825
3.5112,5.9753,0.65709,-8.8,6.1789,4.1008
3.5789,5.0953,0.53896,-8.8,5.9878,1.7203
3.5789,4.2153,0,-8.8,5.8801,0
3.6771,3.3353,0.27838,-8.8,5.878,0
3.7062,2.4553,0.076083,-8.8,5.9624,0
3.7142,1.5753,-0.095665,4.9,6.133,27.977
3.711,2.0653,-0.20022,4.9,6.3144,32.721
3.711,2.5553,0,2.659,6.4545,10.88
3.711,2.8212,0,1.6721,6.5568,4.7486
3.6162,2.9884,-0.18388,1.1681,6.6317,3.9453
3.6013,3.1052,-0.048316,0.87301,6.6935,1.9516
3.5931,3.1925,0.10293,0.67786,6.7482,0.71113
3.6025,3.2603,0.26435,0.56211,6.7877,0
3.6204,3.3165,0.3829,0.48779,6.8295,0
3.6673,3.3653,0.4486,0.47459,6.8536,0
3.7184,3.4128,0.45969,0.47063,6.8792,0
3.7655,3.4598,0.39856,0.46204,6.911,0
3.8102,3.506,0.24751,0.45095,6.9344,0
3.8312,3.5511,0.10597,0.40779,6.9585,0.12399
3.8312,3.5919,0,0.36104,6.9845,0.41099
3.8312,3.628,0,0.30505,7.0066,0.32677
3.8141,3.6585,-0.30132,0.21777,7.0396,1.2765
3.781,3.6803,-0.33954,0.13961,7.046,1.2842
3.7375,3.6943,-0.28003,0.059603,7.0506,0.89074
3.7135,3.7002,-0.14947,0.01824,7.0448,0.39215
3.6931,3.702,-0.022586,-0.002269,7.0529,0.062559
3.6922,3.7018,0.08205,-0.0024489,7.0422,0
3.6936,3.7016,0.20069,-0.0020394,7.0434,0
3.6936,3.7014,0,0.018306,7.0427,0.055714
3.7445,3.7032,0.34801,0.056674,7.0492,0
3.7445,3.7089,0,0.10135,7.0531,0.15743
3.8271,3.719,0.51644,0.14767,7.0636,0
3.8271,3.7338,0,0.20961,7.0737,0.31462
3.9537,3.7547,0.62561,0.26845,7.0935,0
4.0139,3.7816,0.59482,0.31036,7.1078,0
4.0669,3.8126,0.58265,0.33601,7.1297,0
4.1276,3.8462,0.60312,0.36805,7.1663,0
4.1863,3.883,0.63277,0.39177,7.1938,0
4.1863,3.9222,0,0.42466,7.2222,0.55834
4.3129,3.9647,0.77804,0.43839,7.2649,0
4.3887,4.0085,0.85714,0.47164,7.2966,0
4.4704,4.0557,0.92833,0.50675,7.3328,0
4.5646,4.1063,0.98186,0.55124,7.3748,0
4.5646,4.1615,0,0.59154,7.4179,0.77906
4.5646,4.2206,0,0.62359,7.4552,1.0824
4.8505,4.283,0.86653,0.64859,7.5337,0
4.9465,4.3478,0.80314,0.67143,7.5877,0
4.9465,4.415,0,0.68238,7.6443,0.758
4.9465,4.4832,0,0.67942,7.694,0.95033
5.1539,4.5512,0.28051,0.64039,7.7797,0
5.1827,4.6152,-0.0071448,0.59279,7.8349,0.3439
5.1827,4.6745,0,0.52764,7.8887,0.25286
5.1505,4.7272,-0.63862,0.42901,7.9239,3.3604
5.0848,4.7701,-0.81609,0.31555,7.9614,4.4134
5.0028,4.8017,-0.92135,0.20007,7.9879,4.9802
5.0028,4.8217,0,0.079653,8.0071,0
4.8045,4.8297,-0.98556,-0.006898,8.0157,5.0608
4.8045,4.829,0,-0.034581,8.0132,0
4.8045,4.8255,0,-0.058546,8.011,0
4.5253,4.8197,-0.83368,-0.081525,7.949,4.4937
4.5253,4.8115,0,-0.10485,7.92,0.36935
4.372,4.801,-0.35612,-0.1201,7.8787,1.8958
4.3291,4.789,-0.11915,-0.12958,7.8345,1.0361
4.3251,4.7761,0.066828,-0.12779,7.7932,0.51703
4.326,4.7633,0.24544,-0.12491,7.7427,0.17691
4.359,4.7508,0.27259,-0.11235,7.7104,0.083333
4.3809,4.7396,0.22593,-0.10322,7.6829,0.10057
4.4024,4.7292,0.19971,-0.094473,7.6514,0.095592
4.4024,4.7198,0,-0.087674,7.6192,0.47769
4.4316,4.711,0.21138,-0.081449,7.5921,0.016362
4.4433,4.7029,0.26493,-0.075833,7.5731,0
4.4614,4.6953,0.36425,-0.068639,7.546,0
4.4912,4.6884,0.447,-0.058166,7.5165,0
4.4912,4.6826,0,-0.04439,7.497,0.30518
4.5862,4.6782,0.5596,-0.027184,7.4938,0
4.6402,4.6755,0.56603,-0.01045,7.4784,0
4.6402,4.6744,0,0.012927,7.4749,0.09948
4.6402,4.6757,0,0.059925,7.4714,0.21347
4.7784,4.6817,0.51318,0.094816,7.4926,0
4.8362,4.6912,0.53966,0.14202,7.5112,0
4.8837,4.7054,0.61113,0.17407,7.5295,0
4.9463,4.7228,0.67186,0.21739,7.5522,0
5.0115,4.7445,0.72425,0.25839,7.5741,0
5.0927,4.7704,0.71298,0.31,7.5986,0
5.1686,4.8014,0.67777,0.35093,7.6356,0
5.2295,4.8365,0.61456,0.37294,7.6791,0
5.2867,4.8737,0.56419,0.38903,7.7272,0
5.334,4.9127,0.52221,0.39372,7.7731,0
5.334,4.952,0,0.40899,7.8132,0.19562
5.4524,4.9929,0.73859,0.42177,7.8544,0
5.5202,5.0351,0.9347,0.44145,7.9009,0
5.6063,5.0792,1.1712,0.47504,7.9456,0
5.7181,5.1267,1.369,0.52776,7.9968,0
5.8574,5.1795,1.4406,0.59924,8.0652,0
5.8574,5.2394,0,0.66678,8.13,0.44631
6.1448,5.3061,1.2486,0.7233,8.2074,0
6.2748,5.3785,1.0188,0.7631,8.2974,0
6.3748,5.4548,0.81033,0.77301,8.3942,0
6.3748,5.5321,0,0.76076,8.4823,0.15753
6.5132,5.6081,0.50928,0.73997,8.5762,0
6.5132,5.6821,0,0.71757,8.663,0.034354
