0,0,-0.71111,0,35.5,1.4942
-0.079009,0,-0.74112,7.8,35.505,18.109
-0.16098,0.78,-0.71918,7.8,35.46,19.83
-0.22983,1.56,-0.72242,7.8,35.314,21.577
-0.30857,2.34,-0.72243,7.8,35.084,23.337
-0.30857,3.12,0,7.8,34.78,23.418
-0.44806,3.9,-0.72421,7.8,34.384,26.825
-0.51177,4.68,-0.72514,7.8,33.901,28.557
-0.58482,5.46,-0.72028,7.8,33.334,30.295
-0.65462,6.24,-0.71959,6.7,32.687,29.724
-0.65462,6.91,0,6.7,31.964,29.586
-0.78474,7.58,-0.72248,6.7,31.158,32.744
-0.86048,8.25,-0.72134,-0.49624,30.282,19.149
-0.86048,8.2004,0,-0.51928,29.373,17.484
-0.86048,8.1484,0,-0.54424,28.47,17.325
-1.068,8.094,-0.67642,-0.57163,27.543,19.002
-1.1318,8.0369,-0.59835,-0.60039,26.624,18.791
-1.1913,7.9768,-0.51393,-0.63082,25.71,18.549
-1.2423,7.9137,-0.43417,-0.66348,24.787,18.288
-1.2796,7.8474,-0.35388,-0.69746,23.87,17.988
-1.2796,7.7776,0,-0.73419,22.96,17.025
-1.366,7.7042,-0.33188,-0.77418,22.055,17.665
-1.3936,7.6268,-0.33246,-0.81607,21.15,17.476
-1.4351,7.5452,-0.35429,-0.8622,20.258,17.342
-1.4609,7.459,-0.37965,-0.91081,19.37,17.17
-1.5066,7.3679,-0.39933,-0.96712,18.471,17
-1.5465,7.2712,-0.45245,-1.0264,17.595,16.87
-1.5465,7.1685,0,-1.0916,16.719,15.572
-1.6377,7.0594,-0.70926,-1.1647,15.852,16.872
-1.7179,6.9429,-0.81224,-1.2489,14.993,16.837
-1.8084,6.818,-0.88915,-1.3443,14.136,16.728
-1.8084,6.6836,0,-1.452,13.28,14.358
-1.9943,6.5384,-1.002,-1.5756,12.409,16.287
-2.104,6.3808,-1.0486,-1.7173,11.552,15.989
-2.2132,6.2091,-1.1167,-1.8735,10.716,15.676
-2.2132,6.0218,0,-2.0549,9.8834,12.564
-2.4377,5.8163,-1.299,-2.2588,9.0558,14.904
-2.5743,5.5904,-1.2371,-2.5063,8.2307,14.071
-2.7031,5.3397,-1.0727,-8.8,7.4198,0.25073
-2.8188,4.4597,-0.93213,-8.8,6.6447,0
-2.8188,3.5797,0,-8.8,5.9608,0
-2.9746,2.6997,-0.67904,-8.8,5.3601,0
-3.046,1.8197,-0.63514,-8.8,4.8346,0
-3.1194,0.93975,-0.60974,-8.8,4.3844,0
-3.1873,0.059749,-0.5549,-8.8,4.0147,0
-3.2405,0,-0.46545,-8.8,3.7371,0
-3.2863,0,-0.37342,-8.8,3.4604,0
-3.3264,0,-0.32607,-8.8,3.1772,0
-3.3687,0,-0.33729,-8.8,2.8834,0
-3.4,0,-0.3349,-8.8,2.5927,0
-3.4298,0,-0.33304,-8.8,2.2864,0
-3.4727,0,-0.36981,-8.8,1.9958,0
-3.5085,0,-0.38397,-8.8,1.6811,0
-3.5539,0,-0.34917,-8.8,1.3677,0
-3.5845,0,-0.32384,-8.8,1.0524,0
-3.6141,0,-0.32104,-9.1398,0.74058,0
-3.6141,0,0,-16.297,0.42487,0
-3.6759,0,-0.22537,-48.657,0.1395,0
-3.692,0,-0.18185,-587.02,0.011614,0
-3.692,0,0,-8.8,2.5775,0
-3.7162,0,0.088487,-8.8,2.2434,0
-3.7162,0,0,-8.8,1.9157,0
-3.6716,0,0.56837,-8.8,1.5926,0
-3.6716,0,0,-8.8,1.2694,0
-3.542,0,1.0017,-8.8,0.95568,0
-3.4468,0,1.1386,-8.8,0.64227,0
-3.3278,0,1.2342,-14.866,0.34393,0
-3.1965,0,1.3422,-56.406,0.088467,0
-3.0597,0,1.4316,-85.624,0.053768,0
-2.9102,0,1.5002,-21.511,0.18403,0
-2.7658,0,1.5062,-382.95,0.009949,0
-2.7658,0,0,-8.8,1.6481,0
-2.4654,0,1.3467,-8.8,1.451,0
-2.3248,0,1.2278,-8.8,1.251,0
-2.1958,0,1.1308,-8.8,1.0775,0
-2.0922,0,1.0652,-8.8,0.90626,0
-1.9873,0,1.0386,-8.8,0.74535,0
-1.8767,0,1.0287,-8.8,0.59481,0
-1.783,0,1.0428,-8.8,0.44821,0
-1.6687,0,1.0569,-8.8,0.32067,0
-1.6687,0,0,-8.8,0.19779,0
-1.4411,0,1.0983,-9.5411,0.097597,0
-1.3298,0,1.0873,-146.35,0.0059966,0
-1.3298,0,0,-8.8,0.60477,0
-1.1136,0,0.9711,-8.8,0.52399,0
-1.0126,0,0.81372,-8.8,0.46303,0
-1.0126,0,0,-8.8,0.40577,0
-0.86881,0,0.30487,-8.8,0.35896,0
-0.86881,0,0,-8.8,0.31608,0
-0.85098,0,-0.13537,-8.8,0.2801,0
-0.87159,0,-0.15705,-8.8,0.23821,0
-0.87907,0,-0.10594,-8.8,0.19558,0
-0.88262,0,-0.012184,-8.8,0.15497,0
-0.88774,0,0.14038,-8.8,0.10739,0
-0.87512,0,0.2099,-8.8,0.06801,0
-0.86147,0,0.25731,-10.676,0.03394,0
-0.86147,0,0,9.8,1.0047,22.358
-0.79138,0.98,0.44177,-8.8,0.87877,0
-0.74874,0.1,0.5092,-8.8,0.74902,0
-0.70702,0,0.57553,-8.8,0.70858,0
-0.64988,0,0.59311,-8.8,0.68031,0
-0.64988,0,0,-8.8,0.65932,0
-0.5454,0,0.58765,-8.8,0.65372,0
-0.49199,0,0.58647,-8.8,0.65413,0
-0.43516,0,0.54488,-8.8,0.65776,0
-0.37291,0,0.53556,-8.8,0.66461,0
-0.3209,0,0.53911,-8.8,0.66778,0
-0.26711,0,0.50639,-8.8,0.67914,0
-0.22283,0,0.50046,-8.8,0.70866,0
-0.17706,0,0.51152,-8.8,0.73504,0
-0.12732,0,0.48743,-8.8,0.76099,0
-0.08386,0,0.47385,-8.8,0.79474,0
-0.034306,0,0.49629,-8.8,0.82434,0
0.014639,0,0.50771,-8.8,0.86346,0
0.06197,0,0.51669,-8.8,0.91823,0
0.11882,0,0.50832,-8.8,0.9621,0
0.16652,0,0.47548,-8.8,1.02,0
0.20665,0,0.44331,-8.8,1.0763,0
0.20665,0,0,-8.8,1.141,0
0.28798,0,0.37872,-8.8,1.2178,0
0.33425,0,0.40502,-8.8,1.2936,0
0.36564,0,0.45257,-8.8,1.3651,0
0.41206,0,0.42464,-8.8,1.4547,0
0.45031,0,0.42428,-8.8,1.5465,0
0.4988,0,0.42265,-8.8,1.6371,0
0.53439,0,0.41866,-8.8,1.7398,0
0.5713,0,0.38074,-8.8,1.8313,0
0.60683,0,0.39664,-8.8,1.9424,0
0.64928,0,0.4155,-8.8,2.0539,0
0.70018,0,0.38732,-8.8,2.1681,0
0.74666,0,0.33482,-8.8,2.2906,0
0.7854,0,0.28832,-8.8,2.4126,0
0.7854,0,0,-8.8,2.5351,0
0.84972,0,0.093759,-8.8,2.6623,0
0.85225,0,-0.080695,-8.8,2.7904,0
0.85225,0,0,-8.8,2.9196,0
0.79873,0,-0.55129,-8.8,3.0462,0
0.73707,0,-0.91221,-8.8,3.1604,0
0.64394,0,-1.1222,-8.8,3.2749,0
0.52991,0,-1.164,-8.8,3.3789,0
0.40915,0,-1.0402,-8.8,3.4712,0
0.40915,0,0,-8.8,3.5561,0
0.20218,0,-0.80291,-8.8,3.617,0
0.12408,0,-0.80639,-8.8,3.6782,0
0.053418,0,-0.84919,-8.8,3.7239,0
-0.038633,0,-1.0414,-8.8,3.7726,0
-0.038633,0,0,-8.8,3.8127,0
-0.26217,0,-0.97057,-8.8,3.8304,0
-0.26217,0,0,-8.8,3.8482,0
-0.41842,0,-0.49664,-8.8,3.846,0
-0.4601,0,-0.23672,-8.8,3.8519,0
-0.48418,0,-0.05474,-8.8,3.8503,0
-0.49297,0,0.076862,-8.8,3.851,0
-0.47983,0,0.111,-8.8,3.8503,0
-0.47181,0,0.11769,-8.8,3.8416,0
-0.47181,0,0,-8.8,3.8384,0
-0.46049,0,0.10155,-8.8,3.8399,0
-0.44312,0,0.11345,-8.8,3.8462,0
-0.42771,0,0.11386,-8.8,3.8457,0
-0.41561,0,0.16517,-8.8,3.8566,0
-0.39672,0,0.18229,-8.8,3.867,0
-0.39672,0,0,-8.8,3.8713,0
-0.39672,0,0,-8.8,3.8756,0
-0.34467,0,0.0759,-8.8,3.883,0
-0.32834,0,-0.14256,-8.8,3.8866,0
-0.32834,0,0,-8.8,3.8978,0
-0.32834,0,0,-8.8,3.909,0
-0.41914,0,-0.67575,-8.8,3.8863,0
-0.41914,0,0,-8.8,3.8883,0
-0.5571,0,-0.94799,-8.8,3.8737,0
-0.64766,0,-1.0429,-8.8,3.8519,0
-0.75529,0,-1.1081,-8.8,3.817,0
-0.86556,0,-1.1262,-8.8,3.7836,0
-0.9819,0,-1.0333,-8.8,3.7405,0
-1.0762,0,-0.88269,-8.8,3.6793,0
-1.1618,0,-0.6738,-8.8,3.6037,0
-1.2261,0,-0.48341,-8.8,3.5344,0
-1.2675,0,-0.28638,-8.8,3.4457,0
-1.2934,0,-0.17587,-8.8,3.3529,0
-1.3093,0,-0.21679,-8.8,3.2641,0
-1.3295,0,-0.32291,-8.8,3.1824,0
-1.3566,0,-0.41765,-8.8,3.0841,0
-1.3973,0,-0.55078,-8.8,2.9863,0
-1.4615,0,-0.71088,-8.8,2.8935,0
-1.5395,0,-0.81766,-8.8,2.7937,0
-1.5395,0,0,-8.8,2.6837,0
-1.7003,0,-0.97649,-8.8,2.5517,0
-1.8058,0,-1.0334,-8.8,2.4285,0
-1.9024,0,-1.0576,-8.8,2.2781,0
-2.0107,0,-1.0455,-8.8,2.1218,0
-2.1213,0,-0.99887,-8.8,1.967,0
-2.2139,0,-1.0082,-8.8,1.7936,0
-2.3223,0,-1.0253,-8.8,1.606,0
-2.423,0,-0.99216,-8.8,1.4223,0
-2.5247,0,-0.97924,-8.8,1.2125,0
-2.6195,0,-1.0169,-8.8,0.99329,0
-2.6195,0,0,-8.8,0.77534,0
-2.8118,0,-0.96509,-8.8,0.5413,0
-2.9102,0,-0.93515,-14.73,0.30696,0
-2.9102,0,0,-49.636,0.089596,0
-3.1021,0,-1.1252,-123.42,0.039346,0
-3.2085,0,-1.2468,-16.741,0.3322,0
-3.3304,0,-1.3441,-60.223,0.094191,0
-3.4711,0,-1.406,-108.44,0.056284,0
-3.6116,0,-1.3902,-29.11,0.23528,0
-3.6116,0,0,-976.34,0.019668,0
-3.8641,0,-1.0154,-8.8,4.5063,0
-3.9733,0,-0.95422,-8.8,4.1657,0
-4.0775,0,-0.98578,-8.8,3.8043,0
-4.1824,0,-1.0173,-8.8,3.4394,0
-4.1824,0,0,-8.8,3.0652,0
-4.3817,0,-0.97167,-8.8,2.6659,0
-4.4765,0,-0.79704,-8.8,2.2711,0
-4.5469,0,-0.55143,-8.8,1.8584,0
-4.601,0,-0.4173,-8.8,1.4461,0
-4.601,0,0,-10.791,1.03,0
-4.601,0,0,-18.016,0.62388,0
-4.7159,0,-0.28859,-45.08,0.24826,0
-4.7375,0,-0.22676,9.8,1,30.781
-4.7375,0.98,0,-34.483,0.47725,0
-4.7594,0,0.0086948,-159.45,0.071027,0
-4.7598,0,0.090094,-29.135,0.38762,0
-4.7598,0,0,-182.07,0.057307,0
-4.7342,0,-0.030912,-22.644,0.49556,0
-4.7397,0,-0.16021,-83.975,0.13401,0
-4.7634,0,-0.19312,-130.98,0.086746,0
-4.7857,0,-0.21113,-43.688,0.26338,0
-4.8036,0,-0.19633,-2913.6,0.0039601,0
-4.8165,0,-0.16806,-0.16806,14.087,9.8738
-4.8408,0,-0.14841,-0.14841,13.602,9.9237
-4.8408,0,0,-0.16109,13.119,9.5852
-4.8771,0,-0.18271,-0.18271,12.639,9.998
-4.8988,0,-0.23354,-0.23354,12.153,10.043
-4.9285,0,-0.25539,-0.25539,11.654,10.103
-4.9521,0,-0.2372,-0.2372,11.162,10.152
-4.9712,0,-0.20927,-0.20927,10.668,10.191
-4.9841,0,-0.21696,-0.21696,10.168,10.217
-5.0079,0,-0.2624,-0.2624,9.6625,10.266
-5.0285,0,-0.39643,-0.39643,9.1704,10.308
-5.0752,0,-0.54975,-0.54975,8.6705,10.404
-5.1244,0,-0.69174,-0.69174,8.1596,10.505
-5.1918,0,-0.82721,-0.82721,7.6504,10.643
-5.2679,0,-0.91544,-0.91544,7.1365,10.799
-5.3632,0,-0.93784,-0.93784,6.6106,10.995
-5.4534,0,-0.91692,-0.91692,6.0655,11.18
-5.5407,0,-0.92171,-0.92171,5.5111,11.358
-5.64,0,-0.88465,-8.8,4.9579,0
-5.7224,0,-0.88964,-8.8,4.4334,0
-5.8042,0,-0.94401,-8.8,3.8968,0
-5.9078,0,-1.0065,-8.8,3.3488,0
-6.0043,0,-1.0396,-8.8,2.8005,0
-6.1049,0,-1.0624,-9.3774,2.2411,0
-6.2199,0,-1.1596,-12.724,1.6727,0
-6.2199,0,0,-19.26,1.1143,0
-6.4538,0,-1.2795,-37.386,0.5768,0
-6.5894,0,-1.4372,-205.68,0.10629,0
-6.742,0,-1.7297,-49.422,0.47654,0
-6.742,0,0,-510.72,0.049452,0
-7.1228,0,-2.1321,-15.435,1.9069,0
-7.3338,0,-2.1641,-23.378,1.2677,0
-7.5455,0,-2.0985,-46.628,0.63929,0
-7.7473,0,-1.8589,-260.67,0.11595,0
-7.7473,0,0,-51.723,0.64459,0
-8.0956,0,-1.2625,-410.36,0.080102,0
-8.2123,0,-1.1072,-26.646,1.3203,0
-8.3244,0,-0.99165,-55.42,0.63658,0
-8.4143,0,-0.94459,-471.21,0.075276,0
-8.5038,0,-0.98949,-23.859,1.5811,0
-8.6104,0,-1.1547,-45.492,0.83607,0
-8.7159,0,-1.3338,-196.22,0.19491,0
-8.8591,0,-1.5157,-129.85,0.30578,0
-9.0063,0,-1.6989,-608.4,0.066847,0
-9.0063,0,0,-21.09,2.2082,0
-9.377,0,-1.9159,-34.159,1.3635,0
-9.5613,0,-1.9803,-79.247,0.59158,0
-9.7556,0,-2.0677,-3452.6,0.013791,0
-9.9572,0,-2.18,-2.18,16.291,20.412
-10.179,0,-2.2958,-2.2958,15.296,20.868
-10.402,0,-2.421,-2.421,14.281,21.324
-10.637,0,-2.5061,-2.5061,13.244,21.807
-10.888,0,-2.5202,-2.5202,12.173,22.32
-11.141,0,-2.5016,-2.5016,11.086,22.839
-11.382,0,-2.3426,-2.3426,9.9705,23.333
-11.382,0,0,-1.9782,8.8441,19.176
-11.799,0,-1.6258,-1.6258,7.6724,24.188
-11.799,0,0,-1.327,6.5006,21.4
-11.799,0,0,-1.0272,5.3274,22.03
-11.799,0,0,-19.024,4.1526,0
-12.279,0,-0.87089,-26.181,2.9785,0
-12.279,0,0,-41.52,1.8815,0
-12.439,0,-0.80243,-93.137,0.83787,0
-12.519,0,-0.77675,-1234.6,0.063506,0
-12.519,0,0,-16.641,4.9848,0
-12.658,0,-0.61588,-21.755,3.7898,0
-12.712,0,-0.49993,-31.332,2.6207,0
-12.758,0,-0.44079,-54.43,1.5075,0
-12.809,0,-0.48495,-166.44,0.49432,0
-12.852,0,-0.60498,-1587.4,0.05205,0
-12.913,0,-0.78007,-0.78007,6.6986,26.473
-12.995,0,-0.97092,-0.97092,5.4162,26.64
-12.995,0,0,-21.933,4.1215,0
-13.209,0,-1.1239,-31.059,2.9141,0
-13.328,0,-1.0069,-51.709,1.7517,0
-13.425,0,-0.86569,-134.23,0.67575,0
-13.425,0,0,9.8,1.0121,48.114
-13.603,0.98,-0.65462,9.8,1,51.863
-13.666,1.96,-0.58655,9.8,1,53.858
-13.717,2.94,-0.58045,9.8,1,55.958
-13.769,3.92,-0.77178,9.8,1,58.477
-13.854,4.9,-1.0112,9.8,1,61.163
-13.854,5.88,0,9.8,1.0008,61.047
-14.094,6.86,-1.5637,9.8,1,66.833
-14.249,7.84,-2.0701,9.8,1,70.225
-14.449,8.82,-2.5405,9.8,1,73.632
-14.698,9.8,-3.0969,9.8,1,77.32
-15.005,10.78,-3.7061,9.8,1,81.239
-15.376,11.76,-4.2145,9.8,1,85.076
-15.8,12.74,-4.486,9.8,1,88.526
-15.8,13.72,0,9.8,1.021,81.108
-16.712,14.7,-4.5964,9.8,1,94.644
-17.168,15.68,-4.542,9.8,1,97.475
-17.619,16.66,-4.5178,9.8,1,100.36
-18.076,17.64,-4.2855,9.8,1,102.82
-18.515,18.62,-3.7912,9.8,1,104.68
-18.888,19.6,-3.0331,9.8,1,105.87
-18.888,20.58,0,9.8,1.0123,101.5
-19.401,21.56,-1.391,9.8,1,107.48
-19.535,22.54,-0.83228,9.8,1,108.59
-19.535,23.52,0,9.8,1.0036,108.85
-19.682,24.5,-0.50804,9.8,1,112.23
-19.732,25.48,-0.433,9.8,1,114.19
-19.732,26.46,0,9.8,0.99349,115.29
-19.732,27.44,0,9.8,1.0007,117.3
-19.786,28.42,0.62222,9.8,1,118.11
-19.716,29.4,0.84032,9.8,1,119.51
-19.632,30.38,0.43834,9.8,1,122.2
-19.58,31.36,-0.78337,9.8,1,126.67
-19.659,32.34,-2.4983,9.8,1,132.44
-19.9,33.32,-4.3822,9.8,1,138.9
-19.9,34.3,0,9.8,1.0209,131.7
-19.9,35.28,0,9.8,1.0908,133.71
-21.592,36.26,-5.5967,9.8,1,150.95
-22.159,37.24,-3.8973,9.8,1,150.55
-22.548,38.22,-2.2545,9.8,1,149.9
-22.782,39.2,-0.69307,9.8,1,149.11
-22.846,40.18,0.48543,9.8,1,148.78
-22.846,41.16,0,9.8,1.0075,151.8
-22.769,42.14,-0.3822,9.8,1,154.46
-22.807,43.12,-0.73585,9.8,1,157.29
-22.877,44.1,-0.97658,9.8,1,159.95
-22.978,45.08,-1.2521,9.8,1,162.74
-23.101,46.06,-1.073,9.8,1,164.63
-23.218,47.04,-0.68291,9.8,1,166.06
-23.291,48.02,-0.45125,9.8,1,167.73
-23.291,49,0,9.8,1.0008,168.79
-23.374,49.98,-0.12397,9.8,1,171.23
-23.384,50.96,0.079696,9.8,1,172.83
-23.37,51.94,0.32833,9.8,1,174.29
-23.334,52.92,0.67381,9.8,1,175.5
-23.269,53.9,1.0305,9.8,1,176.62
-23.168,54.88,1.2211,9.8,1,178.02
-23.041,55.86,1.1178,9.8,1,179.99
-22.929,56.84,0.87308,9.8,1,182.28
-22.85,57.82,0.60896,9.8,1,184.69
-22.789,58.8,0.44744,9.8,1,186.91
-22.746,59.78,0.49886,9.8,1,188.72
-22.7,60.76,0.76816,9.8,1,190.07
-22.627,61.74,1.1814,9.8,1,191.06
-22.504,62.72,1.4618,9.8,1,192.23
-22.354,63.7,1.5291,9.8,1,193.79
-22.202,64.68,1.4565,9.8,1,195.64
-22.063,65.66,1.2297,9.8,1,197.84
-21.944,66.64,1.008,9.8,1,200.07
-21.851,67.62,0.91887,9.8,1,202.08
-21.753,68.6,0.7891,9.8,1,204.16
-21.676,69.58,0.73534,9.8,1,206.12
-21.597,70.56,0.77202,9.8,1,207.89
-21.526,71.54,0.79768,9.8,1,209.7
-21.526,72.52,0,9.8,0.98601,213.39
-21.351,73.5,1.1157,9.8,1,212.69
-21.232,74.48,1.3904,9.8,1,213.88
-21.101,75.46,1.6284,9.8,1,215.12
-20.94,76.44,1.7712,9.8,1,216.5
-20.763,77.42,1.7256,9.8,1,218.24
-20.586,78.4,1.6723,9.8,1,220
-20.423,79.38,1.6335,9.8,1,221.76
-20.252,80.36,1.6898,9.8,1,223.3
-20.09,81.34,1.8674,9.8,1,224.6
-19.894,82.32,2.1302,9.8,1,225.65
-19.894,83.3,0,9.8,0.99218,232.14
-19.894,84.28,0,9.8,0.96452,234.15
-19.228,85.26,2.2234,9.8,1,230.12
-19.007,86.24,1.9982,9.8,1,232.15
-18.81,87.22,1.7678,9.8,1,234.24
-18.631,88.2,1.6097,9.8,1,236.21
-18.466,89.18,1.4722,9.8,1,238.17
-18.327,90.16,1.2904,9.8,1,240.28
-18.207,91.14,1.0074,9.8,1,242.64
-18.207,92.12,0,9.8,0.99418,246.76
-18.043,93.1,0.38824,9.8,1,247.62
-18.005,94.08,0.26985,9.8,1,249.8
-17.979,95.06,0.2074,9.8,1,251.89
-17.964,96.04,0.15786,9.8,1,253.97
-17.952,97.02,0.050639,9.8,1,256.18
-17.937,98,-0.10056,9.8,1,258.48
-17.948,98.98,-0.38815,9.8,1,261.11
-17.986,99.96,-0.70482,9.8,1,263.86
-18.055,100.94,-1.0333,9.8,1,266.7
-18.159,101.92,-1.2623,9.8,1,269.41
-18.293,102.9,-1.4054,9.8,1,271.99
-18.293,103.88,0,9.8,1.0093,271.05
-18.585,104.86,-1.3736,9.8,1,276.54
-18.585,105.84,0,9.8,1.0142,275.66
-18.836,106.82,-1.0501,9.8,1,280.39
-18.836,107.8,0,9.8,1.0115,280.2
-19.051,108.78,-0.92645,9.8,1,284.59
-19.051,109.76,0,9.8,0.99822,284.65
-19.238,110.74,-0.94304,9.8,1,289.03
-19.327,111.72,-0.91469,9.8,1,291.16
-19.416,112.7,-0.90118,9.8,1,293.32
-19.502,113.68,-0.87632,9.8,1,295.46
-19.502,114.66,0,9.8,1.0092,295.62
-19.667,115.64,-0.70853,9.8,1,299.46
-19.73,116.62,-0.55145,9.8,1,301.27
-19.783,117.6,-0.40169,9.8,1,303.07
-19.783,118.58,0,9.8,1.0004,304.24
-19.856,119.56,-0.25125,9.8,1,306.92
-19.891,120.54,-0.32496,9.8,1,309.16
-19.891,121.52,0,9.8,1.0094,310.49
-19.967,122.5,-0.67491,9.8,1,314.07
-20.036,123.48,-0.815,9.8,1,316.51
-20.117,124.46,-0.90903,9.8,1,318.89
-20.117,125.44,0,9.8,1.0033,318.98
-20.31,126.42,-0.98004,9.8,1,323.45
-20.407,127.4,-0.97884,9.8,1,325.65
-20.503,128.38,-0.97231,9.8,1,327.84
-20.609,129.36,-0.95484,9.8,1,330.03
-20.697,130.34,-0.93734,9.8,1,332.19
-20.798,131.32,-0.84465,9.8,1,334.21
-20.885,132.3,-0.75992,9.8,1,336.22
-20.964,133.28,-0.60282,9.8,1,338.06
-21.024,134.26,-0.38235,9.8,1,339.73
-21.024,135.24,0,9.8,1.0107,340.93
-21.024,136.22,0,9.8,1.0225,342.94
-21.08,137.2,0.18152,9.8,1,344.69
-21.057,138.18,0.26024,9.8,1,346.48
-21.039,139.16,0.26565,9.8,1,348.44
-21.021,140.14,0.26055,9.8,1,350.42
-20.998,141.12,0.27808,9.8,1,352.35
-20.976,142.1,0.25543,9.8,1,354.36
-20.941,143.08,0.22,9.8,1,356.37
-20.928,144.06,0.1909,9.8,1,358.42
-20.917,145.04,0.17347,9.8,1,360.44
-20.898,146.02,0.17437,9.8,1,362.41
-20.876,147,0.20952,9.8,1,364.3
-20.846,147.98,0.23332,9.8,1,366.2
-20.821,148.96,0.25256,9.8,1,368.11
-20.821,149.94,0,9.8,1.0047,370.65
-20.768,150.92,0.27223,9.8,1,371.98
-20.749,151.9,0.31383,9.8,1,373.86
-20.714,152.88,0.36225,9.8,1,375.7
-20.672,153.86,0.41531,9.8,1,377.51
-20.672,154.84,0,9.8,1.0032,380.39
-20.59,155.82,0.47324,9.8,1,381.24
-20.536,156.8,0.46363,9.8,1,383.16
-20.487,157.78,0.43533,9.8,1,385.13
-20.447,158.76,0.42085,9.8,1,387.08
-20.412,159.74,0.40849,9.8,1,389.05
-20.363,160.72,0.33084,9.8,1,391.12
-20.321,161.7,0.18642,9.8,1,393.34
-20.312,162.68,-0.038042,9.8,1,395.81
-20.31,163.66,-0.29735,9.8,1,398.35
-20.345,164.64,-0.5778,9.8,1,401.03
-20.404,165.62,-0.78568,9.8,1,403.59
-20.487,166.6,-0.92528,9.8,1,406.07
-20.583,167.58,-0.8723,9.8,1,408.16
-20.673,168.56,-0.6619,9.8,1,409.91
-20.745,169.54,-0.36741,9.8,1,411.45
-20.785,170.52,-0.069177,9.8,1,412.91
-20.785,171.5,0,9.8,1.0103,414.78
-20.762,172.48,0.31347,9.8,1,416.08
-20.734,173.46,0.21467,9.8,1,418.24
-20.71,174.44,-0.028573,9.8,1,420.71
-20.704,175.42,-0.40572,9.8,1,423.5
-20.738,176.4,-0.97275,9.8,1,426.77
-20.827,177.38,-1.4512,9.8,1,429.97
-20.964,178.36,-1.8701,9.8,1,433.14
-21.144,179.34,-2.2082,9.8,1,436.22
-21.366,180.32,-2.3963,9.8,1,439.08
-21.609,181.3,-2.3969,9.8,1,441.59
-21.853,182.28,-2.4505,9.8,1,444.21
-22.097,183.26,-2.4696,9.8,1,446.76
-22.345,184.24,-2.4916,9.8,1,449.33
-22.596,185.22,-2.4655,9.8,1,451.8
-22.596,186.2,0,9.8,1.0123,448.62
-22.596,187.18,0,9.8,1.0508,450.63
-22.596,188.16,0,9.8,1.1035,452.64
-22.596,189.14,0,9.8,1.1686,454.65
-22.596,190.12,0,9.8,1.2621,456.66
-23.613,191.1,-0.88604,9.8,1,462.62
-23.693,192.08,-0.84157,9.8,1,464.69
-23.78,193.06,-0.75674,9.8,1,466.7
-23.858,194.04,-0.67619,9.8,1,468.7
-23.925,195.02,-0.50498,9.8,1,470.49
-23.977,196,-0.3018,9.8,1,472.18
-24.001,196.98,-0.08608,9.8,1,473.78
