23.889,23.889,-1.2974,0,35.5,8.129
23.761,23.889,-1.2566,-0.01688,35.498,8.198
23.641,23.887,-1.2702,-0.032563,35.472,8.8536
23.52,23.884,-1.2675,-0.048167,35.45,9.3229
23.39,23.879,-1.2679,-0.064914,35.407,9.867
23.264,23.873,-1.2787,-0.080881,35.352,10.515
23.264,23.865,0,-0.097084,35.292,1.1196
23.01,23.855,-1.2736,-0.11291,35.224,11.486
22.888,23.844,-1.2546,-0.12826,35.125,11.728
22.888,23.831,0,-0.14426,35.03,1.8658
22.634,23.816,-1.2846,-0.16014,34.902,13.122
22.511,23.8,-1.2493,-0.17546,34.775,13.117
22.384,23.783,-1.2792,-0.19147,34.635,14.003
22.261,23.764,-1.2808,-0.20698,34.493,14.487
22.261,23.743,0,-0.22195,34.344,3.1432
22.022,23.721,-1.2374,-0.23714,34.17,14.744
21.891,23.697,-1.2384,-0.2539,34.002,15.224
21.772,23.672,-1.237,-0.26929,33.813,15.61
21.642,23.645,-1.2578,-0.28636,33.61,16.349
21.642,23.616,0,-0.30354,33.411,4.3702
21.386,23.586,-1.2401,-0.32027,33.189,16.936
21.386,23.554,0,-0.33717,32.97,4.8686
21.386,23.52,0,-0.35467,32.755,4.6648
21.015,23.484,-1.1947,-0.37084,32.482,17.392
20.886,23.447,-1.2072,-0.38904,32.228,17.944
20.886,23.408,0,-0.40741,31.973,5.7693
20.642,23.368,-1.2081,-0.42378,31.699,18.593
20.515,23.325,-1.2344,-0.4422,31.432,19.311
20.391,23.281,-1.2636,-0.46092,31.142,20.057
20.27,23.235,-1.2509,-0.47908,30.853,20.131
20.155,23.187,-1.2278,-0.49682,30.554,20.008
20.155,23.137,0,-0.51737,30.253,6.8741
19.905,23.086,-1.2157,-0.53664,29.93,20.323
19.905,23.032,0,-0.55801,29.615,7.1945
19.659,22.976,-0.98654,-0.57729,29.283,17.462
19.555,22.919,-0.89276,-0.59506,28.946,16.345
19.459,22.859,-0.79412,-0.61141,28.612,15.193
19.376,22.798,-0.71327,-0.62563,28.274,14.251
19.311,22.735,-0.67899,-0.63697,27.932,13.789
19.242,22.672,-0.70654,-0.64891,27.592,14.013
19.168,22.607,-0.72232,-0.66217,27.251,14.123
19.168,22.541,0,-0.67726,26.91,7.4499
19.168,22.473,0,-0.68895,26.576,7.1238
18.962,22.404,-0.64801,-0.70004,26.207,13.012
18.962,22.334,0,-0.71105,25.867,7.2533
18.962,22.263,0,-0.72229,25.533,6.9215
18.802,22.191,-0.36863,-0.72846,25.184,9.9052
18.769,22.118,-0.35567,-0.73316,24.849,9.5814
18.724,22.044,-0.35713,-0.74075,24.516,9.4153
18.724,21.97,0,-0.74429,24.187,6.5967
18.657,21.896,-0.38708,-0.75024,23.859,9.2327
18.657,21.821,0,-0.75442,23.539,6.2443
18.592,21.745,-0.31061,-0.7585,23.217,8.2142
18.553,21.67,-0.27266,-0.76339,22.91,7.7542
18.553,21.593,0,-0.76489,22.602,5.7544
18.502,21.517,-0.15863,-0.76598,22.303,6.5765
18.484,21.44,-0.13148,-0.76526,21.999,6.1949
18.474,21.364,-0.10391,-0.76128,21.715,5.8143
18.463,21.287,-0.033713,-0.75731,21.434,5.2262
18.452,21.212,-0.0031608,-0.75356,21.15,4.875
18.445,21.136,-0.0067893,-0.74807,20.874,4.6946
18.45,21.062,-0.010527,-0.73807,20.616,4.5
18.451,20.988,0.00032995,-0.72985,20.35,4.2519
18.451,20.915,-0.011985,-0.72116,20.091,4.1157
18.441,20.843,0.011463,-0.71504,19.84,3.8502
18.438,20.771,0.065741,-0.70533,19.613,3.4701
18.438,20.701,0.090686,-0.69549,19.375,3.2172
18.437,20.631,0.083923,-0.68455,19.155,3.0912
18.437,20.563,0,-0.67242,18.939,3.2539
18.451,20.495,0.017044,-0.65727,18.733,3.0195
18.453,20.43,-0.016263,-0.64523,18.523,2.9977
18.444,20.365,-0.010678,-0.63568,18.33,2.8555
18.44,20.302,-0.0030167,-0.62496,18.133,2.704
18.431,20.239,-0.013082,-0.61537,17.946,2.6275
18.436,20.178,0.013668,-0.60009,17.776,2.4122
18.446,20.118,0.0018023,-0.58357,17.604,2.324
18.446,20.059,0,-0.56939,17.44,2.2248
18.44,20.002,0.025845,-0.55822,17.291,2.0511
18.447,19.946,0.044277,-0.54151,17.147,1.8931
18.461,19.892,0.052503,-0.52312,16.993,1.7602
18.468,19.84,0.078918,-0.50688,16.858,1.5991
18.468,19.789,0.12615,-0.49302,16.727,1.4093
18.482,19.74,0.139,-0.47432,16.59,1.2892
18.489,19.693,0.13262,-0.45797,16.472,1.2253
18.501,19.647,0.12238,-0.44023,16.355,1.1668
18.507,19.603,0.13489,-0.42458,16.245,1.0716
18.53,19.56,0.1337,-0.4027,16.143,0.98858
18.546,19.52,0.13324,-0.38327,16.047,0.9147
18.546,19.482,0,-0.36798,15.952,1.1633
18.575,19.445,0.17075,-0.34809,15.852,0.71502
18.586,19.41,0.15583,-0.33188,15.773,0.68295
18.604,19.377,0.13817,-0.31331,15.683,0.64832
18.623,19.346,0.14127,-0.29459,15.612,0.58136
18.631,19.316,0.12297,-0.28099,15.541,0.56673
18.646,19.288,0.13576,-0.2649,15.474,0.49276
18.646,19.261,0,-0.24699,15.411,0.74974
18.685,19.237,0.12979,-0.2301,15.352,0.39531
18.693,19.214,0.12294,-0.21803,15.294,0.36899
18.699,19.192,0.14471,-0.20752,15.245,0.30159
18.714,19.171,0.15547,-0.19322,15.192,0.24317
18.725,19.152,0.15853,-0.18116,15.146,0.20372
18.738,19.134,0.19799,-0.16846,15.101,0.11389
18.749,19.117,0.21099,-0.15702,15.064,0.066361
18.749,19.101,0,-0.13771,15.028,0.43469
18.802,19.087,0.19101,-0.12272,14.981,0
18.82,19.075,0.19624,-0.1101,14.949,0
18.847,19.064,0.18022,-0.093907,14.917,0
18.847,19.055,0,-0.082182,14.896,0.25366
18.878,19.047,0.19086,-0.072907,14.891,0
18.878,19.039,0,-0.060754,14.874,0.20277
18.918,19.033,0.16962,-0.050215,14.861,0
18.927,19.028,0.16027,-0.044259,14.843,0
18.948,19.024,0.15689,-0.033033,14.825,0
18.948,19.02,0,-0.023113,14.817,0.10022
18.979,19.018,0.095675,-0.017151,14.816,0
18.986,19.016,0.095269,-0.013311,14.805,0
19.002,19.015,0.076087,-0.0056867,14.806,0
19.005,19.015,0.05009,-0.0042674,14.807,0
19.015,19.014,0.0086259,7.501e-05,14.814,0
19.014,19.014,-0.008865,-0.00025783,14.811,0.019495
19.014,19.014,0,0.0010792,14.811,0.0034296
19.01,19.014,-0.049117,-0.0016256,14.799,0.11358
19.009,19.014,-0.063986,-0.0021184,14.802,0.15043
19.008,19.014,-0.038853,-0.002669,14.801,0.09243
19.002,19.014,-0.070942,-0.0051252,14.8,0.17536
19.002,19.013,0,-0.0069381,14.799,0.0084016
18.982,19.012,-0.11676,-0.0132,14.798,0.31537
18.974,19.011,-0.14089,-0.016152,14.79,0.39027
18.958,19.009,-0.18911,-0.022432,14.793,0.55078
18.958,19.007,0,-0.026406,14.788,0.045027
18.958,19.005,0,-0.037921,14.783,0.015993
18.958,19.001,0,-0.049416,14.779,0
18.876,18.996,-0.18618,-0.052827,14.744,0.62219
18.856,18.991,-0.21691,-0.059368,14.736,0.73789
18.829,18.985,-0.23744,-0.068739,14.72,0.83123
18.829,18.978,0,-0.073924,14.705,0.15046
18.829,18.97,0,-0.079797,14.69,0.12325
18.829,18.962,0,-0.090301,14.676,0.086123
18.732,18.953,-0.24328,-0.098292,14.619,0.92503
18.732,18.943,0,-0.10724,14.597,0.20761
18.683,18.933,-0.25686,-0.11173,14.567,1.0048
18.654,18.922,-0.30172,-0.11997,14.534,1.1885
18.654,18.91,0,-0.12685,14.507,0.25752
18.58,18.897,-0.39962,-0.14294,14.474,1.6447
18.535,18.883,-0.41067,-2.9,14.433,33.652
18.497,18.593,-0.37378,-0.042739,14.408,1.2747
18.458,18.588,-0.39356,-0.057929,14.406,1.3997
18.458,18.583,0,-0.077335,14.393,0.092491
18.375,18.575,-0.411,-0.089349,14.362,1.558
18.337,18.566,-0.46183,-0.10274,14.34,1.8267
18.289,18.556,-0.5399,-0.11984,14.316,2.2634
18.238,18.544,-0.59613,-0.13764,14.288,2.617
18.238,18.53,0,-2.9,14.258,40.385
18.118,18.24,-0.7012,-0.054463,14.231,3.0293
18.043,18.234,-0.75056,-0.08545,14.221,3.4417
17.971,18.226,-0.77174,-0.11408,14.197,3.6665
17.904,18.214,-0.72486,-0.13951,14.167,3.4178
17.904,18.2,0,-0.16702,14.136,0.25905
17.764,18.184,-0.67395,-0.1895,14.095,3.2196
17.764,18.165,0,-4.4,14.054,389.84
17.638,17.725,-0.61996,-0.038378,14.022,2.491
17.569,17.721,-0.60062,-0.067367,14.001,2.4612
17.513,17.714,-0.57916,-0.089589,13.991,2.4028
17.454,17.705,-0.5673,-0.11205,13.97,2.3988
17.396,17.694,-0.53404,-0.13334,13.935,2.2757
17.337,17.681,-0.53751,-0.15384,13.91,2.3478
17.282,17.665,-0.53424,-0.17242,13.867,2.3758
17.237,17.648,-0.51943,-0.18526,13.832,2.3285
17.185,17.63,-0.50486,-4.4,13.796,1045
17.131,17.19,-0.44092,-0.025975,13.78,1.527
17.085,17.187,-0.40372,-0.045177,13.77,1.4128
17.042,17.183,-0.35421,-0.062144,13.761,1.2494
17.012,17.176,-0.2757,-0.072843,13.739,0.9744
16.984,17.169,-0.22256,-0.08239,13.713,0.8136
16.953,17.161,-0.22875,-0.092516,13.695,0.86005
16.92,17.152,-0.20545,-0.10312,13.682,0.81021
16.893,17.141,-0.21947,-0.11068,13.661,0.87475
16.875,17.13,-0.31222,-0.11423,13.63,1.2148
16.875,17.119,0,-0.12257,13.605,0.24228
16.805,17.106,-0.42579,-0.13611,13.559,1.7438
16.762,17.093,-0.51026,-4.4,13.537,1765.5
16.703,16.653,-0.55563,0.010024,13.527,1.9004
16.652,16.654,-0.54999,-0.00088336,13.536,1.9965
16.602,16.654,-0.57818,-0.022911,13.528,2.2123
16.536,16.651,-0.5948,-0.050653,13.525,2.3853
16.48,16.646,-0.56086,-0.073463,13.503,2.2623
16.48,16.639,0,-0.09695,13.487,0.12389
16.365,16.629,-0.59033,-0.11678,13.471,2.5471
16.316,16.618,-0.63611,-0.13362,13.452,2.8594
16.248,16.604,-0.65161,-0.15813,13.418,3.0192
16.248,16.589,0,-0.17985,13.384,0.32013
16.111,16.571,-0.69473,-0.20563,13.337,3.4111
16.111,16.55,0,-0.22831,13.292,0.42042
15.97,16.527,-0.66658,-4.4,13.246,1758.9
15.912,16.087,-0.65629,-0.077114,13.204,2.8213
15.839,16.079,-0.64571,-0.10603,13.193,2.8408
15.773,16.069,-0.63719,-0.13098,13.156,2.858
15.773,16.056,0,-0.15221,13.128,0.2602
15.651,16.04,-0.65615,-0.17386,13.084,3.0855
15.58,16.023,-0.63648,-0.19845,13.039,3.0281
15.58,16.003,0,-4.4,12.996,379.75
15.44,15.563,-0.69303,-0.054134,12.979,2.9854
15.371,15.558,-0.68189,-0.081653,12.966,2.9969
15.371,15.55,0,-0.10835,12.948,0.13889
15.371,15.539,0,-0.133,12.931,0.070439
15.153,15.526,-0.6589,-0.16447,12.877,3.0883
15.092,15.509,-0.69614,-0.18517,12.829,3.3745
15.092,15.491,0,-0.21278,12.788,0.37027
14.951,15.469,-0.72303,-4.4,12.73,7896.1
14.879,15.029,-0.70739,-0.065519,12.694,3.1121
14.879,15.023,0,-0.096024,12.679,0.093876
14.738,15.013,-0.66301,-0.12065,12.657,2.9946
14.678,15.001,-0.59176,-0.14214,12.627,2.633
14.616,14.987,-0.46953,-0.16344,12.602,2.0479
14.569,14.971,-0.40332,-0.17807,12.556,1.7742
14.535,14.953,-0.3913,-0.1855,12.52,1.7372
14.535,14.934,0,-0.19595,12.479,0.40557
14.465,14.915,-0.30261,-4.4,12.435,562.07
14.437,14.475,-0.30996,-0.016296,12.416,0.95198
14.4,14.473,-0.31764,-0.031809,12.406,1.0247
14.374,14.47,-0.27607,-0.04176,12.401,0.89692
14.374,14.466,0,-0.049867,12.391,0.083089
14.321,14.461,-0.21371,-0.061128,12.372,0.7342
14.294,14.454,-0.15959,-0.070225,12.355,0.58883
14.27,14.447,-0.10603,-0.077879,12.347,0.4571
14.269,14.44,-0.080539,-0.074866,12.338,0.38198
14.271,14.432,-0.093514,-0.070965,12.312,0.40423
14.259,14.425,-0.087197,-0.07325,12.299,0.3933
14.256,14.418,-0.098008,-0.07156,12.281,0.41651
14.247,14.411,-0.1181,-0.072428,12.256,0.47191
14.244,14.403,-0.10179,-0.07068,12.235,0.42234
14.227,14.396,-0.096758,-0.075113,12.214,0.41951
14.224,14.389,-0.082649,-4.4,12.189,604.17
14.224,13.949,0,0.065652,12.195,0
14.209,13.955,-0.11024,0.0621,12.228,0
14.194,13.962,-0.14195,0.057018,12.252,0
14.176,13.967,-0.21603,0.051278,12.283,0.20521
14.163,13.972,-0.29583,0.046835,12.312,0.49584
14.13,13.977,-0.36172,0.037581,12.33,0.81039
14.104,13.981,-0.46373,0.03026,12.353,1.3033
14.048,13.984,-0.50104,0.015717,12.365,1.605
13.998,13.985,-0.47983,0.003123,12.369,1.6112
13.948,13.986,-0.55745,-0.015762,12.372,2.0843
13.89,13.984,-0.63253,-0.039913,12.361,2.5851
13.89,13.98,0,-0.065432,12.351,0.049167
13.759,13.974,-0.66503,-0.091029,12.327,2.9461
13.692,13.965,-0.67825,-0.11606,12.294,3.1064
13.618,13.953,-0.63359,-0.14281,12.268,2.9155
13.558,13.939,-0.57693,-0.16277,12.235,2.6457
13.498,13.922,-0.55773,-0.18246,12.201,2.5955
13.439,13.904,-0.59828,-0.20081,12.155,2.8724
13.38,13.884,-0.66662,-0.2186,12.101,3.3275
13.321,13.862,-0.7043,-0.23622,12.054,3.6128
13.321,13.839,0,-0.25756,12.001,0.52074
13.178,13.813,-0.67794,-0.27965,11.951,3.5496
13.178,13.785,0,-4.4,11.889,310.86
13.039,13.345,-0.70213,-0.13219,11.833,3.2945
12.961,13.332,-0.65216,-0.16075,11.799,3.0641
12.896,13.316,-0.59272,-0.18281,11.753,2.772
12.837,13.297,-0.558,-0.20128,11.708,2.6248
12.774,13.277,-0.51106,-0.22156,11.654,2.4236
12.717,13.255,-0.42989,-4.4,11.601,627.9
12.673,12.815,-0.39183,-0.060921,11.576,1.4176
12.628,12.809,-0.38869,-0.077742,11.554,1.4525
12.594,12.801,-0.35579,-0.089124,11.533,1.3455
12.559,12.792,-0.34037,-0.10082,11.508,1.3146
12.529,12.782,-0.3579,-0.1097,11.488,1.4105
12.529,12.771,0,-0.11888,11.463,0.2476
12.456,12.759,-0.38328,-0.13207,11.426,1.5762
12.419,12.746,-0.44355,-0.14285,11.401,1.8761
12.383,12.732,-0.45574,-0.15283,11.373,1.9593
12.383,12.716,0,-4.4,11.339,422.5
12.29,12.276,-0.41081,0.003921,11.31,1.2931
12.29,12.277,0,-0.013323,11.311,0
12.204,12.276,-0.47543,-0.030585,11.305,1.7112
12.156,12.272,-0.5003,-0.049388,11.3,1.8917
12.116,12.268,-0.51649,-0.064771,11.286,2.0208
12.07,12.261,-0.51591,-0.081386,11.277,2.0689
12.017,12.253,-0.5188,-0.10083,11.246,2.141
11.971,12.243,-0.51242,-0.11663,11.212,2.1529
11.918,12.231,-0.48608,-0.13484,11.187,2.072
11.868,12.218,-0.50024,-0.15114,11.162,2.1893
11.813,12.203,-0.51489,-0.16918,11.117,2.3114
11.813,12.186,0,-5.2,11.079,0
11.721,11.666,-0.49596,0.016613,11.065,1.6131
11.664,11.667,-0.45499,-0.0012139,11.065,1.5238
11.612,11.667,-0.39715,-0.022989,11.072,1.3326
11.569,11.665,-0.31493,-0.040086,11.056,1.0489
11.54,11.661,-0.23511,-0.05048,11.038,0.79031
11.52,11.656,-0.17361,-0.057071,11.019,0.61036
11.504,11.65,-0.13497,-0.061275,11.008,0.50795
11.491,11.644,-0.091076,-0.064479,10.988,0.39608
11.472,11.638,-0.039686,-0.069688,10.976,0.28245
11.464,11.631,0.026105,-0.070413,10.951,0.13922
11.464,11.624,0,-0.064814,10.935,0.19124
11.489,11.617,0.13003,-0.054423,10.929,0
11.493,11.612,0.13903,-0.050402,10.921,0
11.511,11.607,0.14024,-0.040416,10.902,0
11.511,11.603,0,-0.033724,10.893,0.11612
11.548,11.599,0.17743,-0.021772,10.898,0
11.558,11.597,0.19328,-0.016505,10.889,0
11.584,11.595,0.21396,-0.0046801,10.891,0
11.604,11.595,0.23801,0.0028153,10.9,0
11.626,11.595,0.23997,0.0093562,10.908,0
11.654,11.596,0.23319,0.017402,10.91,0
11.676,11.598,0.2382,0.023589,10.91,0
11.676,11.6,0,0.029124,10.918,0
11.725,11.603,0.24706,0.036767,10.932,0
11.75,11.607,0.21285,0.043047,10.947,0
11.763,11.611,0.19024,0.045722,10.957,0
11.763,11.616,0,0.047913,10.972,0
11.804,11.62,0.20434,0.055401,11.005,0
11.818,11.626,0.20287,0.057971,11.015,0
11.848,11.632,0.21369,0.065328,11.028,0
11.861,11.638,0.23837,0.067331,11.041,0
11.895,11.645,0.21413,0.075576,11.064,0
11.919,11.653,0.19203,0.080732,11.092,0
11.919,11.661,0,0.083803,11.118,0
11.953,11.669,0.16058,0.086262,11.14,0
11.977,11.678,0.16244,0.090889,11.171,0
11.977,11.687,0,0.092595,11.201,0
12.008,11.696,0.18077,0.095151,11.234,0
12.029,11.706,0.17748,0.09875,11.273,0
12.029,11.715,0,0.10067,11.305,0
12.059,11.726,0.18934,0.10226,11.353,0
12.059,11.736,0,0.10627,11.386,0
12.059,11.746,0,0.11116,11.418,0
12.126,11.757,0.18212,0.11304,11.437,0
12.137,11.769,0.14925,0.11308,11.468,0
12.137,11.78,0,0.11574,11.504,0
12.137,11.792,0,0.11451,11.539,0
12.161,11.803,-0.26609,0.11038,11.598,0.16705
12.132,11.814,-1.3425,0.098317,11.634,7.8158
11.989,11.824,-2.8917,0.05104,11.653,46.038
11.691,11.829,-4.3692,-0.0537,11.645,184.13
11.691,11.824,0,-0.21987,11.632,0
10.697,11.802,-6.9261,-0.43628,11.524,25.03
10.004,11.758,-7.0535,-0.70455,11.376,25.052
10.004,11.688,0,-0.98446,11.204,1.4519
8.6208,11.589,-6.2909,-1.2579,10.91,23.519
8.6208,11.463,0,-6.5244,10.619,391
7.3899,10.811,-5.7653,-6.3365,10.244,5.8129
6.8163,10.177,-5.7108,-6.2811,9.905,5.6918
6.2354,9.5492,-5.5582,-6.1317,9.5724,5.588
6.2354,8.936,0,-5.9828,9.2716,58.136
5.1325,8.3378,-5.1828,-5.758,8.9297,5.3621
4.6223,7.762,-4.9375,-5.5099,8.6099,5.2334
4.1237,7.211,-4.7031,-5.2769,8.3056,5.1232
3.6624,6.6833,-4.5829,-5.2,7.996,4.8963
3.1973,6.1633,-4.5197,-5.2,7.7013,4.6509
2.7453,5.6433,-4.4714,-8.8,7.4068,0
2.2925,4.7633,-4.3772,-8.8,7.1411,0
1.8553,3.8833,-4.2094,-8.8,6.9221,0
1.8553,3.0033,0,-0.34183,6.7633,1.7497
1.0448,2.9691,-3.6545,-0.43246,6.571,11.332
1.0448,2.9258,0,-8.8,6.3807,0
0.34728,2.0458,-2.9841,-0.28303,6.1731,9.515
0.041408,2.0175,-2.5945,-8.8,5.999,0
-0.21581,1.1375,-2.0625,-0.13137,5.8328,6.8321
-0.42646,1.1244,-1.564,-0.15501,5.6868,6.14
-0.57495,1.1089,-1.1135,-8.8,5.5345,0
-0.69009,0.2289,-0.754,-0.754,5.3979,1.8839
-0.76251,0.1535,-0.53247,-0.53247,5.3,1.8778
-0.81188,0.10025,-0.51736,-0.51736,5.2145,1.8699
-0.86582,0.048514,-0.51926,-0.51926,5.1254,1.8744
-0.92712,0,-0.5284,-0.5284,5.0262,1.9006
-0.97376,0,-0.50841,-8.8,4.9242,0
-1.0245,0,-0.48963,-8.8,4.8735,0
-1.0661,0,-0.47329,-8.8,4.8105,0
-1.0661,0,0,-8.8,4.7479,0
-1.1705,0,-0.51556,-8.8,4.6701,0
-1.1705,0,0,-8.8,4.597,0
-1.1705,0,0,-8.8,4.524,0
-1.1705,0,0,-8.8,4.4509,0
-1.3851,0,-0.50906,-8.8,4.304,0
-1.4383,0,-0.51257,-8.8,4.2147,0
-1.4868,0,-0.52565,-8.8,4.1123,0
-1.4868,0,0,-8.8,4.0076,0
-1.6082,0,-0.70096,-8.8,3.8941,0
-1.6803,0,-0.77454,-8.8,3.7661,0
-1.6803,0,0,-8.8,3.6421,0
-1.8311,0,-0.74325,-8.8,3.4852,0
-1.9138,0,-0.64653,-8.8,3.3506,0
-1.9713,0,-0.45139,-8.8,3.2049,0
-1.9713,0,0,-8.8,3.0518,0
-2.0471,0,-0.026891,-8.8,2.8934,0
-2.0415,0,0.15865,-8.8,2.7394,0
-2.0229,0,0.3535,-8.8,2.5738,0
-1.9801,0,0.47375,-8.8,2.4174,0
-1.9339,0,0.61671,-8.8,2.2715,0
-1.9339,0,0,-8.8,2.1221,0
-1.801,0,0.9008,-8.8,1.9848,0
-1.7107,0,1.0137,-8.8,1.8444,0
-1.6143,0,1.0783,-8.8,1.7261,0
-1.5049,0,1.1023,-8.8,1.6166,0
-1.3899,0,1.1672,-8.8,1.525,0
-1.2724,0,1.1413,-8.8,1.432,0
-1.1595,0,1.143,-8.8,1.3461,0
-1.045,0,1.2075,-8.8,1.2757,0
-0.91905,0,1.2582,-8.8,1.2294,0
-0.79453,0,1.2432,-8.8,1.1929,0
-0.6748,0,1.1782,-8.8,1.1663,0
-0.55525,0,1.1285,-8.8,1.1425,0
-0.43907,0,1.1589,-8.8,1.1382,0
-0.31694,0,1.2451,-8.8,1.1503,0
-0.31694,0,0,-8.8,1.1626,0
-0.071075,0,1.1609,-8.8,1.2001,0
0.040394,0,1.1022,-8.8,1.2388,0
0.14464,0,1.0486,-8.8,1.2862,0
0.24469,0,0.99366,-8.8,1.3599,0
0.34959,0,1.0837,-8.8,1.4307,0
0.46668,0,1.1481,-8.8,1.5207,0
0.58745,0,1.1841,-8.8,1.612,0
0.71068,0,1.1659,-8.8,1.7169,0
0.82805,0,1.0679,-8.8,1.8377,0
0.93848,0,0.9601,-8.8,1.967,0
1.0427,0,1.0367,-8.8,2.1033,0
1.138,0,1.1015,-8.8,2.2648,0
1.2571,0,1.0706,-8.8,2.4228,0
1.372,0,1.103,-8.8,2.5902,0
1.372,0,0,-8.8,2.7714,0
1.5912,0,1.1001,-8.8,2.9603,0
1.706,0,1.0256,-8.8,3.1787,0
1.8026,0,1.0331,-8.8,3.3965,0
1.9072,0,1.015,-8.8,3.6261,0
2.0101,0,0.89865,-8.8,3.8684,0
2.1075,0,0.82903,-8.8,4.1253,0
2.1901,0,0.81759,-8.8,4.3876,0
2.1901,0,0,-8.8,4.6506,0
2.3553,0,0.85712,-8.8,4.9311,0
2.4413,0,0.8464,0.8464,5.2176,0
2.5184,0.08464,0.8551,0.8551,5.4569,0
2.5944,0.17015,0.82095,0.82095,5.7066,0
2.6855,0.25224,0.79988,0.79988,5.9548,0
2.7607,0.33223,0.73544,0.73544,6.2074,0
2.831,0.40578,0.72197,0.72197,6.4459,0
2.9055,0.47797,0.6997,0.6997,6.6892,0
2.9686,0.54794,0.62867,0.62867,6.9264,0
3.0353,0.61081,0.53016,0.53016,7.1674,0
3.0353,0.66383,0,0.56928,7.4072,0
3.1507,0.72076,0.57498,0.57498,7.6585,0
3.2094,0.77825,0.56458,0.56458,7.8928,0
3.2727,0.83471,0.54595,0.54595,8.1393,0
3.3217,0.88931,0.5034,4.9,8.3831,18.14
3.377,1.3793,0.41254,4.9,8.6024,21.706
3.377,1.8693,0,4.9,8.7777,30.436
3.4597,2.3593,0.22066,3.9564,8.9211,20.242
3.4825,2.7549,0.19076,2.0369,9.0082,6.4241
3.4972,2.9586,0.22141,1.347,9.0725,2.7417
3.5219,3.0933,0.18718,0.99911,9.1155,1.5915
3.5341,3.1932,0.15538,0.7571,9.1634,0.98055
3.544,3.2689,0.16607,0.589,9.191,0.51176
3.5639,3.3278,0.19797,0.49193,9.2165,0.20614
3.574,3.377,0.10311,0.40152,9.2405,0.31847
3.5844,3.4172,0.0084463,0.33443,9.249,0.48479
3.5851,3.4506,-0.015136,0.26484,9.2576,0.42394
3.5871,3.4771,-0.042228,0.21422,9.2763,0.41425
3.5882,3.4985,-0.097386,0.17311,9.2921,0.51264
3.5882,3.5159,0,0.11702,9.3002,0.11414
3.5587,3.5276,-0.047326,0.059472,9.3061,0.18157
3.5587,3.5335,0,0.051314,9.3089,0.059884
3.548,3.5386,-0.1165,0.017751,9.3054,0.30596
3.5323,3.5404,-0.21687,-0.0012444,9.3135,0.59565
3.5131,3.5403,-0.32094,-0.0041507,9.3182,1.0105
