22.307,22.307,0.2204,0,35.5,0
22.319,22.307,0.30663,0.003475,35.501,0
22.341,22.308,0.20603,0.0096767,35.508,0
22.37,22.309,0.19082,0.017595,35.507,0
22.37,22.31,0,0.020756,35.513,0
22.4,22.312,0.23522,0.025357,35.512,0
22.4,22.315,0,0.033231,35.521,0
22.458,22.318,0.25485,0.040318,35.538,0
22.458,22.322,0,0.045513,35.552,0
22.499,22.327,0.18155,0.049806,35.576,0
22.524,22.332,0.11812,0.055448,35.594,0
22.541,22.337,0.02607,0.058831,35.619,0
22.534,22.343,-0.064029,0.055149,35.63,0
22.534,22.349,-0.080242,0.053548,35.658,0
22.534,22.354,0,0.051067,35.676,0
22.517,22.359,-0.18018,0.045644,35.698,0.20842
22.493,22.364,-0.21025,0.037242,35.71,0.34516
22.477,22.368,-0.18404,0.031669,35.715,0.29713
22.462,22.371,-0.1944,0.02643,35.726,0.35752
22.462,22.373,0,0.017473,35.735,0
22.418,22.375,-0.27951,0.012483,35.729,0.71908
22.392,22.376,-0.26728,0.0046123,35.736,0.72247
22.375,22.377,-0.25894,-0.00021969,35.742,0.72464
22.358,22.377,-0.23092,-0.0022928,35.73,0.66685
22.345,22.377,-0.19944,-0.0039028,35.719,0.59236
22.322,22.376,-0.07438,-0.0066217,35.718,0.27633
22.309,22.376,0.13125,-0.0081578,35.703,0
22.309,22.375,0,-0.0075196,35.696,0.12121
22.315,22.374,0.13092,-0.0072127,35.695,0
22.315,22.373,0,-0.0065769,35.689,0.10713
22.336,22.373,0.16591,-0.0045118,35.684,0
22.348,22.372,0.077667,-0.0029982,35.671,0
22.346,22.372,0.15756,-0.0031713,35.663,0
22.346,22.372,0,-0.00096222,35.66,0.050892
22.379,22.371,0.16832,0.0020635,35.657,0
22.387,22.372,0.19104,0.004392,35.666,0
22.414,22.372,0.17568,0.012042,35.676,0
22.414,22.373,0,0.015649,35.68,0
22.437,22.375,0.1947,0.017997,35.695,0
22.467,22.377,0.22129,0.025943,35.696,0
22.492,22.379,0.24973,0.032524,35.706,0
22.515,22.382,0.27632,0.03832,35.716,0
22.543,22.386,0.31544,0.045202,35.721,0
22.543,22.391,0,0.053729,35.737,0
22.604,22.396,0.3081,0.059876,35.744,0
22.64,22.402,0.31537,0.068492,35.763,0
22.661,22.409,0.33179,0.072745,35.784,0
22.686,22.416,0.31791,0.077947,35.82,0
22.686,22.424,0,0.083769,35.846,0
22.742,22.432,0.38139,0.089183,35.878,0
22.787,22.441,0.33849,0.099825,35.904,0
22.824,22.451,0.36109,0.10756,35.95,0
22.824,22.462,0,0.1121,35.986,0
22.889,22.473,0.25887,0.12004,36.03,0
22.915,22.485,0.21863,0.124,36.074,0
22.93,22.498,0.20595,0.1248,36.121,0
22.946,22.51,0.09802,0.12591,36.16,0
22.947,22.523,0.033452,0.12253,36.209,0
22.949,22.535,0.056278,0.1196,36.25,0
22.964,22.547,0.039414,0.12066,36.295,0
22.976,22.559,0.035506,0.12066,36.342,0
22.98,22.571,0.03243,0.11822,36.386,0
22.99,22.583,0.054665,0.11758,36.424,0
22.994,22.595,0.019806,0.11547,36.472,0
23.005,22.606,-0.055825,0.11528,36.503,0
22.993,22.618,-0.088229,0.10841,36.536,0
22.982,22.629,-0.14112,0.10232,36.569,0
22.972,22.639,-0.17065,0.096291,36.594,0
22.964,22.649,-0.15264,0.091217,36.631,0
22.964,22.658,0,0.082583,36.662,0
22.925,22.666,-0.25167,0.075048,36.694,0.26137
22.925,22.673,0,0.065943,36.719,0
22.877,22.68,-0.28674,0.05691,36.743,0.48264
22.877,22.686,0,0.04577,36.762,0
22.819,22.69,-0.32504,0.037133,36.767,0.73818
22.789,22.694,-0.30055,0.027491,36.787,0.70577
22.749,22.697,-0.25217,0.015267,36.791,0.60767
22.719,22.698,-0.29286,0.0059915,36.795,0.80638
22.696,22.699,-0.2534,-0.00039132,36.794,0.70883
22.669,22.699,-0.19335,-0.0034776,36.79,0.56775
22.649,22.698,-0.12889,-0.0057987,36.793,0.41496
22.643,22.698,-0.12011,-0.0064303,36.786,0.40105
22.637,22.697,-0.087363,-0.0070858,36.779,0.32242
22.632,22.697,-0.085987,-0.0076619,36.777,0.32854
22.631,22.696,-0.068153,-0.0076534,36.761,0.28161
22.629,22.695,-0.042106,-0.0078409,36.747,0.21935
22.629,22.694,0,-0.0087097,36.74,0.1176
22.613,22.693,0.030379,-0.0095287,36.734,0.081509
22.624,22.692,0.042817,-0.0080601,36.722,0.03368
22.638,22.692,0.072355,-0.0063273,36.723,0
22.638,22.691,0,-0.004683,36.717,0.099744
22.668,22.69,0.1561,-0.0027011,36.706,0
22.677,22.69,0.19468,-0.001557,36.698,0
22.677,22.69,0,0.0016577,36.697,0.030306
22.723,22.69,0.36661,0.0095078,36.704,0
22.769,22.691,0.38749,0.022565,36.705,0
22.808,22.693,0.43124,0.03316,36.71,0
22.85,22.697,0.50578,0.044386,36.731,0
22.906,22.701,0.48613,0.059149,36.746,0
22.961,22.707,0.47053,0.073344,36.758,0
22.999,22.714,0.45294,0.082083,36.782,0
22.999,22.723,0,0.091099,36.81,0
22.999,22.732,0,0.10078,36.838,0
23.115,22.742,0.32108,0.10779,36.868,0
23.141,22.753,0.3544,0.11222,36.905,0
23.167,22.764,0.36921,0.11651,36.952,0
23.206,22.775,0.40046,0.1244,36.996,0
23.238,22.788,0.41877,0.13024,37.042,0
23.272,22.801,0.42467,0.13627,37.079,0
23.32,22.815,0.37313,0.14621,37.138,0
23.354,22.829,0.38141,0.15197,37.194,0
23.383,22.844,0.38301,0.15587,37.253,0
23.42,22.86,0.39416,0.16219,37.306,0
23.451,22.876,0.40551,0.16633,37.357,0
23.501,22.893,0.39433,0.17605,37.407,0
23.546,22.91,0.34285,0.18406,37.474,0
23.579,22.929,0.31349,0.18844,37.544,0
23.579,22.948,0,0.1924,37.608,0
23.653,22.967,0.31716,0.19875,37.679,0
23.675,22.987,0.33956,0.19952,37.748,0
23.701,23.007,0.39671,0.20117,37.823,0
23.732,23.027,0.3918,0.20453,37.89,0
23.772,23.047,0.36911,0.21023,37.959,0
23.818,23.068,0.35087,0.21748,38.026,0
23.848,23.09,0.30562,0.21985,38.104,0
23.875,23.112,0.23909,0.22148,38.179,0
23.875,23.134,0,0.22203,38.254,0
23.875,23.156,0,0.22008,38.327,0
23.93,23.178,0.10835,0.21808,38.402,0
23.93,23.2,0,0.21682,38.476,0
23.949,23.222,-0.047844,0.21113,38.543,0
23.949,23.243,0,0.20511,38.615,0
23.933,23.264,-0.16042,0.19438,38.701,0
23.913,23.283,-0.27492,0.18318,38.766,0
23.892,23.301,-0.27975,0.17173,38.82,0
23.868,23.318,-0.25237,0.15974,38.884,0
23.843,23.334,-0.23961,0.14779,38.947,0
23.821,23.349,-0.24704,0.13707,39.002,0
23.797,23.363,-0.20145,0.1261,39.046,0
23.783,23.376,-0.12442,0.11847,39.094,0
23.772,23.387,-0.10521,0.11196,39.124,0
23.769,23.399,-0.045376,0.10763,39.155,0
23.767,23.409,0.029655,0.10393,39.19,0
23.771,23.42,0.10794,0.10211,39.233,0
23.779,23.43,0.093881,0.10166,39.275,0
23.796,23.44,0.17909,0.10354,39.305,0
23.815,23.45,0.17681,0.10609,39.337,0
23.841,23.461,0.18187,0.11036,39.374,0
23.85,23.472,0.2246,0.10984,39.412,0
23.88,23.483,0.3354,0.11545,39.441,0
23.88,23.495,0,0.11943,39.48,0
23.934,23.507,0.4275,0.12422,39.534,0
23.975,23.519,0.50232,0.13261,39.579,0
24.022,23.532,0.55158,0.14245,39.635,0
24.068,23.547,0.4832,0.15177,39.694,0
24.068,23.562,0,0.15857,39.746,0
24.144,23.578,0.35826,0.1651,39.806,0
24.177,23.594,0.33122,0.16981,39.856,0
24.215,23.611,0.32983,0.17585,39.914,0
24.245,23.629,0.30572,0.17958,39.967,0
24.285,23.647,0.31336,0.18595,40.034,0
24.316,23.665,0.31188,0.18962,40.1,0
24.354,23.684,0.31344,0.1951,40.174,0
24.382,23.704,0.25198,0.19788,40.242,0
24.416,23.723,0.3034,0.20182,40.302,0
24.445,23.744,0.36437,0.20447,40.373,0
24.445,23.764,0,0.20859,40.442,0
24.508,23.785,0.36296,0.21099,40.517,0
24.549,23.806,0.35853,0.21658,40.588,0
24.593,23.828,0.32256,0.22341,40.672,0
24.625,23.85,0.23941,0.22622,40.754,0
24.652,23.873,0.22351,0.22734,40.831,0
24.681,23.895,0.13318,0.22923,40.909,0
24.681,23.918,0,0.22512,40.986,0
24.681,23.941,0,0.22067,41.061,0
24.695,23.963,-0.14233,0.21389,41.151,0
24.687,23.984,-0.25942,0.20534,41.219,0
24.671,24.005,-0.35826,0.19449,41.285,0
24.671,24.024,0,0.18084,41.35,0
24.605,24.042,-0.43975,0.16415,41.406,0.41936
24.57,24.059,-0.40869,0.14929,41.465,0.38774
24.527,24.074,-0.28174,0.13246,41.514,0.040865
24.494,24.087,-0.075135,0.119,41.562,0
24.477,24.099,0.17347,0.11048,41.604,0
24.502,24.11,0.43089,0.11465,41.649,0
24.545,24.121,0.59676,0.12376,41.694,0
24.545,24.134,0,0.13589,41.736,0
24.68,24.147,0.83593,0.15562,41.779,0
24.761,24.163,0.89601,0.17473,41.836,0
24.843,24.18,0.90791,0.19379,41.909,0
24.937,24.2,0.93039,0.21572,41.987,0
25.029,24.221,0.91976,0.23624,42.066,0
25.029,24.245,0,0.25922,42.146,0
25.218,24.271,0.9268,0.27708,42.246,0
25.307,24.299,0.96358,0.29513,42.35,0
25.399,24.328,0.96129,0.31348,42.449,0
25.497,24.359,0.9827,0.33288,42.551,0
25.604,24.393,1.0168,0.35468,42.662,0
25.604,24.428,0,0.37597,42.782,0
25.831,24.466,1.1641,0.39976,42.916,0.12467
25.956,24.506,1.2329,0.42467,43.065,0.37871
26.081,24.548,1.2781,0.44901,43.215,0.56204
26.204,24.593,1.2908,0.47203,43.368,0.6232
26.328,24.64,1.2715,0.49452,43.532,0.55408
26.328,24.69,0,0.51935,43.698,0
26.588,24.742,1.2234,0.54139,43.891,0.37642
26.704,24.796,1.2153,0.55961,44.083,0.35147
26.829,24.852,1.2554,0.57975,44.277,0.53383
26.959,24.91,1.2708,0.60124,44.487,0.61669
27.087,24.97,1.2643,0.62105,44.691,0.60438
27.223,25.032,1.2437,0.64287,44.912,0.53028
27.357,25.096,1.2235,0.66344,45.133,0.45737
27.477,25.163,1.1716,0.67938,45.368,0.23849
27.594,25.231,1.1771,0.69391,45.598,0.27489
27.594,25.3,0,0.70563,45.831,0
27.813,25.371,1.2307,0.71724,46.098,0.54038
27.813,25.442,0,0.73336,46.339,0
27.813,25.516,0,0.74827,46.572,0
28.187,25.59,1.2501,0.76256,46.851,0.68732
28.187,25.667,0,0.77823,47.106,0
28.436,25.745,1.2125,0.7905,47.383,0.54143
28.567,25.824,1.1686,0.80568,47.655,0.3495
28.69,25.904,1.1872,0.81813,47.93,0.45565
28.804,25.986,1.1379,0.82734,48.207,0.23035
28.925,26.069,1.1125,0.83862,48.492,0.12359
28.925,26.153,0,0.84913,48.774,0
29.16,26.237,1.0891,0.85795,49.076,0.036318
29.268,26.323,0.96759,0.86426,49.364,0
29.369,26.41,1.0166,0.86837,49.664,0
29.464,26.497,1.057,0.87078,49.956,0
29.569,26.584,1.015,0.87586,50.26,0
29.68,26.671,1.0342,0.88253,50.555,0
29.68,26.759,0,0.887,50.852,0
29.9,26.848,1.1493,0.89456,51.151,0.39173
30.022,26.938,1.139,0.904,51.46,0.3559
30.127,27.028,1.1523,0.90778,51.766,0.43181
30.235,27.119,1.1601,0.91262,52.08,0.48085
30.357,27.21,1.1225,0.92134,52.383,0.30763
30.46,27.302,1.0709,0.92434,52.704,0.057172
30.567,27.395,0.98679,0.9284,53.023,0
30.663,27.487,0.90849,0.92901,53.342,0
30.748,27.58,0.80277,0.9262,53.66,0
30.748,27.673,0,0.923,53.972,0
30.903,27.765,0.61916,0.91703,54.293,0
30.973,27.857,0.56864,0.91019,54.605,0
31.033,27.948,0.52472,0.90068,54.917,0
31.033,28.038,0,0.89217,55.221,0
31.142,28.127,0.44504,0.87953,55.523,0
31.189,28.215,0.30865,0.86702,55.816,0
31.219,28.302,0.17838,0.85019,56.11,0
31.24,28.387,0.030666,0.83134,56.403,0
31.243,28.47,-0.12983,0.8075,56.676,0
31.234,28.551,-0.20656,0.7807,56.943,0
31.213,28.629,-0.16916,0.75161,57.215,0
31.191,28.704,-0.12058,0.7233,57.47,0
31.174,28.776,-0.037639,0.69679,57.716,0
31.165,28.846,0.12315,0.67362,57.95,0
31.175,28.913,0.21287,0.65682,58.181,0
31.186,28.979,0.28347,0.64094,58.413,0
31.21,29.043,0.3709,0.62892,58.625,0
31.24,29.106,0.44731,0.61917,58.832,0
31.289,29.168,0.45018,0.61498,59.04,0
31.289,29.229,0,0.61188,59.249,0
31.38,29.291,0.47441,0.60567,59.475,0
31.436,29.351,0.5046,0.60397,59.674,0
31.477,29.412,0.53387,0.59812,59.884,0
31.523,29.471,0.5667,-2,60.085,60.028
31.583,29.271,0.59196,-2,60.302,69.402
31.583,29.071,0,-2,60.543,72.826
31.707,28.871,0.57441,4.8,60.817,14.259
31.757,29.351,0.5131,-2,61.08,72.282
31.757,29.151,0,-2,61.331,77.66
31.862,28.951,0.35869,4.8,61.606,16.328
31.89,29.431,0.2442,-2,61.871,72.1
31.89,29.231,0,-2,62.127,80.507
31.918,29.031,0.067353,4.8,62.409,20.133
31.916,29.511,-0.041146,-2,62.67,67.44
31.906,29.311,-0.12848,-2,62.913,76.533
31.894,29.111,-0.18078,-2,63.175,87.906
31.872,28.911,-0.22833,4.8,63.463,23.855
31.872,29.391,0,-2,63.735,71.306
31.834,29.191,-0.12592,-2,63.995,79.286
31.829,28.991,-0.022942,4.8,64.271,21.648
31.822,29.471,0.085571,-2,64.52,66.048
31.838,29.271,0.19549,-2,64.76,76.733
31.854,29.071,0.25505,-2,65.034,88.206
31.88,28.871,0.31158,4.8,65.325,16.352
31.912,29.351,0.36218,-2,65.607,77.633
31.951,29.151,0.34701,-2,65.882,89.452
31.978,28.951,0.35793,4.8,66.173,15.702
32.009,29.431,0.36017,-2,66.461,78.41
32.009,29.231,0,-2,66.729,87.422
32.077,29.031,0.2606,4.8,67.025,16.76
32.105,29.511,0.24871,-2,67.317,78.394
32.127,29.311,0.18609,-2,67.591,89.867
32.139,29.111,0.11989,-2,67.883,103.45
32.139,28.911,0,4.8,68.196,19.05
32.16,29.391,-0.057031,-2,68.502,86.84
32.145,29.191,-0.14571,-2,68.798,99.86
32.14,28.991,-0.2211,4.8,69.098,22.601
32.14,29.471,0,-2,69.389,81.058
32.099,29.271,-0.2299,-2,69.658,91.219
32.084,29.071,-0.17208,-2,69.94,104.79
32.07,28.871,-0.11712,4.8,70.252,20.818
32.049,29.351,-0.043561,-2,70.555,82.581
32.049,29.151,0,-2,70.835,95.016
32.051,28.951,0.062454,4.8,71.125,18.962
32.067,29.431,0.10914,-2,71.414,79.738
32.077,29.231,0.14723,-2,71.695,91.604
32.077,29.031,0,4.8,71.99,20.109
32.122,29.511,0.21848,-2,72.26,79.009
32.144,29.311,0.1963,-2,72.523,90.897
32.163,29.111,0.1975,-2,72.818,104.79
32.186,28.911,0.2276,4.8,73.141,15.895
32.202,29.391,0.18382,-2,73.444,89.58
32.202,29.191,0,-2,73.735,102.98
32.202,28.991,0,4.8,74.046,19.148
32.238,29.471,-0.00035883,-2,74.355,86.728
32.238,29.271,0,-2,74.641,99.786
32.221,29.071,-0.27405,-2,74.946,119.16
32.221,28.871,0,4.8,75.271,18.341
32.144,29.351,-0.80399,-2,75.583,97.377
32.06,29.151,-1.0249,-2,75.861,126.38
31.958,28.951,-1.1616,4.8,76.161,40.028
31.958,29.431,0,-2,76.438,73.585
31.719,29.231,-0.99943,-2,76.669,72.434
31.617,29.031,-0.74994,4.8,76.918,34.894
31.551,29.511,-0.54857,-2,77.157,47.331
31.493,29.311,-0.41069,-2,77.377,54.524
31.453,29.111,-0.27259,-2,77.604,62.863
31.453,28.911,0,4.8,77.848,23.089
31.453,29.391,0,-2,78.079,53.892
31.453,29.191,0,-2,78.295,61.569
31.453,28.991,0,4.8,78.531,23.567
31.294,29.471,-0.37855,-2,78.711,41.427
31.258,29.271,-0.41125,-2,78.901,46.697
31.258,29.071,0,-2,79.11,58.548
31.188,28.871,-0.40326,4.8,79.345,30.637
31.149,29.351,-0.40516,-2,79.558,40.309
31.106,29.151,-0.38912,-2,79.743,45.789
31.059,28.951,-0.46264,4.8,79.94,32.987
31.014,29.431,-0.48344,-2,80.118,33.049
30.974,29.231,-0.48703,-2,80.288,37.59
30.974,29.031,0,4.8,80.472,26.708
30.873,29.511,-0.52845,-2,80.641,26.981
30.873,29.311,0,-2,80.787,38.685
30.873,29.111,0,-2,80.953,44.161
30.735,28.911,-0.47658,4.8,81.107,35.089
30.688,29.391,-0.46888,-2,81.264,26.338
30.642,29.191,-0.45606,-2,81.41,30.012
30.591,28.991,-0.41739,4.8,81.562,35.539
30.542,29.471,-0.32967,-2,81.687,23.649
30.519,29.271,-0.3369,-2,81.801,27.01
30.492,29.071,-0.32399,-2,81.932,31.028
30.469,28.871,-0.34419,4.8,82.074,34.299
30.426,29.351,-0.3602,-2,82.205,23.336
30.399,29.151,-0.41161,-2,82.325,26.039
30.366,28.951,-0.41736,4.8,82.457,36.751
30.33,29.431,-0.44809,-2,82.576,19.195
30.291,29.231,-0.4518,-2,82.67,21.875
30.245,29.031,-0.46183,4.8,82.78,38.868
30.208,29.511,-0.39349,-2,82.87,16.856
30.173,29.311,-0.32665,-2,82.952,20.129
30.138,29.111,-0.32428,-2,83.05,22.924
30.108,28.911,-0.33566,4.8,83.164,36.77
30.072,29.391,-0.37263,-2,83.264,16.888
30.028,29.191,-0.40802,-2,83.344,18.726
29.981,28.991,-0.47653,4.8,83.444,40.627
29.943,29.471,-0.49255,-2,83.518,12.874
29.895,29.271,-0.3851,-2,83.573,15.966
29.895,29.071,0,-2,83.645,23.587
29.841,28.871,-0.060013,4.8,83.743,33.672
29.828,29.351,0.20977,-2,83.809,21.044
29.828,29.151,0,-2,83.867,21.332
29.896,28.951,0.58629,4.8,83.968,24.527
29.952,29.431,0.61744,-2,84.045,26.576
30.016,29.231,0.75953,-2,84.109,32.499
30.088,29.031,0.75333,4.8,84.206,21.802
30.157,29.511,0.80304,-2,84.287,30.776
30.23,29.311,0.8185,-2,84.358,35.604
30.23,29.111,0,-2,84.46,28.801
30.394,28.911,0.84383,4.8,84.595,18.423
30.468,29.391,0.83215,-2,84.728,38.772
30.557,29.191,0.7486,-2,84.856,43.751
30.634,28.991,0.70076,4.8,85.013,19.209
30.71,29.471,0.65987,-2,85.158,39.814
30.768,29.271,0.62798,-2,85.3,45.221
30.837,29.071,0.5884,-2,85.47,51.673
30.894,28.871,0.63492,4.8,85.658,17.917
30.894,29.351,0,-2,85.836,38.207
30.894,29.151,0,-2,86,43.616
30.894,28.951,0,4.8,86.184,26.706
31.13,29.431,0.61153,-2,86.386,50.148
31.183,29.231,0.60429,-2,86.573,57.312
31.243,29.031,0.52783,4.8,86.781,18.148
31.288,29.511,0.47141,-2,86.985,50.519
31.333,29.311,0.38925,-2,87.174,56.963
31.333,29.111,0,-2,87.387,59.945
31.39,28.911,0.052433,4.8,87.633,22.733
31.403,29.391,-0.070607,-2,87.847,51.315
31.4,29.191,-0.11176,-2,88.059,58.346
31.387,28.991,-0.086753,4.8,88.283,25.214
31.387,29.471,0.085038,-2,88.497,49.927
31.391,29.271,0.17197,-2,88.692,57.856
31.4,29.071,0.32198,-2,88.917,67.316
31.4,28.871,0,4.8,89.16,23.171
31.489,29.351,0.49699,-2,89.399,62.099
31.529,29.151,0.54853,-2,89.624,71.496
31.575,28.951,0.60958,4.8,89.883,14.987
31.63,29.431,0.63016,-2,90.135,65.711
31.691,29.231,0.63572,-2,90.375,75.632
31.756,29.031,0.64064,4.8,90.628,14.119
31.811,29.511,0.61847,-2,90.881,69.24
31.869,29.311,0.63014,-2,91.123,79.658
31.929,29.111,0.65839,-2,91.384,91.905
31.992,28.911,0.62846,4.8,91.678,12.41
32.047,29.391,0.56426,-2,91.973,83.501
32.11,29.191,0.47218,-2,92.253,96.388
32.164,28.991,0.31666,4.8,92.548,15.39
32.195,29.471,0.15325,-2,92.833,84.589
32.207,29.271,0.038977,-2,93.107,97.462
32.211,29.071,-0.036395,-2,93.413,113.47
32.203,28.871,-0.09835,4.8,93.739,19.771
32.186,29.351,-0.12612,-2,94.056,91.204
32.166,29.151,-0.14438,-2,94.341,104.63
32.16,28.951,-0.16472,4.8,94.66,21.426
32.137,29.431,-0.17732,-2,94.955,82.993
32.114,29.231,-0.13968,-2,95.233,94.622
32.099,29.031,-0.091037,4.8,95.532,21.234
32.088,29.511,-0.045494,-2,95.822,75.883
32.079,29.311,-0.011627,-2,96.098,86.768
32.079,29.111,0.019714,-2,96.384,99.785
32.09,28.911,-0.0036504,4.8,96.7,19.386
32.088,29.391,-0.032166,-2,96.995,82.575
32.088,29.191,-0.06906,-2,97.276,95.221
32.078,28.991,-0.096008,4.8,97.581,21.188
32.069,29.471,-0.14404,-2,97.861,76.696
32.054,29.271,-0.16885,-2,98.127,87.89
32.029,29.071,-0.19581,-2,98.416,100.69
32.012,28.871,-0.23739,4.8,98.731,22.89
31.978,29.351,-0.27647,-2,99.018,78.158
31.943,29.151,-0.27957,-2,99.282,88.962
31.907,28.951,-0.28156,4.8,99.567,24.682
31.907,29.431,0,-2,99.839,71.073
31.836,29.231,-0.26643,-2,100.09,76.806
31.815,29.031,-0.24689,4.8,100.36,25.222
31.781,29.511,-0.19658,-2,100.62,60.159
31.77,29.311,-0.19572,-2,100.86,69.051
31.751,29.111,-0.21209,-2,101.11,78.934
31.751,28.911,0,4.8,101.38,21.324
31.751,29.391,0,-2,101.64,65.713
31.751,29.191,0,-2,101.89,75.222
31.687,28.991,0.056053,4.8,102.14,21.403
31.701,29.471,0.19933,-2,102.4,62.213
31.718,29.271,0.25476,-2,102.62,71.66
31.718,29.071,0,-2,102.88,79.849
31.718,28.871,0,4.8,103.15,21.28
31.803,29.351,0.38517,-2,103.42,72.977
31.839,29.151,0.41258,-2,103.68,84.018
31.879,28.951,0.44659,4.8,103.96,15.204
31.879,29.431,0,-2,104.23,69.767
31.965,29.231,0.4213,-2,104.48,86.324
32.007,29.031,0.41239,4.8,104.77,15.342
32.007,29.511,0,-2,105.04,72.043
32.08,29.311,0.46651,-2,105.31,88.387
32.134,29.111,0.46875,-2,105.59,102.43
32.172,28.911,0.40492,4.8,105.9,13.897
32.208,29.391,0.37355,-2,106.21,90.472
32.248,29.191,0.29551,-2,106.5,104.73
32.248,28.991,0,4.8,106.81,18.883
32.292,29.471,0.070003,-2,107.12,90.054
32.297,29.271,0.023545,-2,107.41,103.88
32.294,29.071,-0.044617,-2,107.72,120.91
32.281,28.871,-0.088494,4.8,108.04,19.175
32.28,29.351,-0.035968,-2,108.36,97.291
32.268,29.151,0.032793,-2,108.67,110.74
32.279,28.951,0.097598,4.8,108.99,17.21
32.285,29.431,0.21308,-2,109.31,92.141
32.302,29.231,0.34019,-2,109.6,105.54
32.341,29.031,0.50617,4.8,109.92,12.526
32.392,29.511,0.61087,-2,110.23,94.845
