18.333,18.333,0.65228,0,35.5,0
18.407,18.333,0.57783,0.029369,35.5,0
18.47,18.336,0.54445,0.053584,35.5,0
18.534,18.342,0.5252,0.077112,35.52,0
18.592,18.349,0.51125,0.097245,35.547,0
18.633,18.359,0.49415,0.10979,35.564,0
18.689,18.37,0.46242,0.1277,35.601,0
18.733,18.383,0.45857,0.13992,35.626,0
18.733,18.397,0,0.15029,35.66,0
18.825,18.412,0.45492,0.16515,35.714,0
18.873,18.428,0.45963,0.17787,35.763,0
18.873,18.446,0,0.18524,35.806,0
18.962,18.465,0.45166,0.19853,35.866,0
19.014,18.485,0.4258,0.21122,35.922,0
19.014,18.506,0,0.21768,35.974,0
19.096,18.527,0.37182,0.22653,36.035,0
19.13,18.55,0.35873,0.23123,36.093,0
19.159,18.573,0.35003,0.23327,36.142,0
19.188,18.597,0.33613,0.23524,36.203,0
19.219,18.62,0.34723,0.23811,36.268,0
19.256,18.644,0.33327,0.24354,36.336,0
19.291,18.668,0.34918,0.24743,36.396,0
19.325,18.693,0.31138,0.25104,36.452,0
19.325,18.718,0,0.25055,36.514,0
19.325,18.743,0,0.2496,36.574,0
19.405,18.768,0.25947,0.25214,36.653,0
19.439,18.793,0.22379,0.25567,36.726,0
19.464,18.819,0.28037,0.25524,36.79,0
19.495,18.844,0.29708,0.25725,36.862,0
19.523,18.87,0.28023,0.25788,36.93,0
19.523,18.896,0,0.26042,36.994,0
19.593,18.922,0.29259,0.26473,37.069,0
19.62,18.948,0.25574,0.26487,37.139,0
19.62,18.975,0,0.26699,37.205,0
19.682,19.002,0.2784,0.26822,37.284,0
19.715,19.028,0.25188,0.27052,37.359,0
19.715,19.055,0,0.26852,37.426,0
19.769,19.082,0.22748,0.26995,37.498,0
19.799,19.109,0.21762,0.2711,37.56,0
19.82,19.136,0.19085,0.26836,37.619,0
19.836,19.163,0.16927,0.264,37.68,0
19.863,19.19,0.11908,0.26373,37.753,0
19.884,19.216,0.010616,0.26146,37.819,0
19.878,19.242,-0.1118,0.24874,37.881,0
19.861,19.267,-0.19016,0.23219,37.948,0
19.842,19.29,-0.23305,0.21561,37.998,0
19.812,19.312,-0.25045,0.19516,38.049,0.019988
19.779,19.331,-0.25225,0.17465,38.1,0.095221
19.748,19.349,-0.24704,0.15552,38.133,0.14306
19.728,19.364,-0.26155,0.14196,38.178,0.23687
19.705,19.379,-0.29095,0.12734,38.22,0.3879
19.686,19.391,-0.27108,0.11486,38.253,0.36232
19.686,19.403,0,0.10021,38.282,0
19.645,19.413,-0.14107,0.09062,38.312,0.046082
19.64,19.422,-0.16797,0.085042,38.34,0.13984
19.614,19.43,-0.20751,0.071457,38.364,0.30393
19.6,19.437,-0.21654,0.063182,38.374,0.36042
19.582,19.444,-0.21506,0.053959,38.382,0.38719
19.561,19.449,-0.25416,0.043304,38.393,0.55265
19.542,19.454,-0.21428,0.034291,38.404,0.45211
19.512,19.457,-0.13089,0.02137,38.418,0.24788
19.496,19.459,-0.14735,0.01436,38.424,0.31744
19.475,19.461,-0.22313,0.0056547,38.431,0.5795
19.475,19.461,0,-0.00043176,38.432,0
19.426,19.461,-0.27446,-0.0032392,38.426,0.8599
19.392,19.461,-0.28661,-0.0063652,38.42,0.98783
19.37,19.46,-0.27391,-0.0084224,38.409,0.9946
19.37,19.459,0,-0.01077,38.4,0.1641
19.309,19.458,-0.27832,-0.013867,38.385,1.1574
19.272,19.457,-0.3252,-0.017203,38.361,1.4409
19.241,19.455,-0.34649,-0.019979,38.349,1.613
19.208,19.453,-0.35222,-0.022847,38.336,1.7221
19.177,19.451,-0.36893,-0.025517,38.306,1.8774
19.147,19.448,-0.33002,-0.02812,38.273,1.7737
19.147,19.445,0,-0.031413,38.243,0.57711
19.07,19.442,-0.3469,-0.034865,38.204,2.0487
19.07,19.439,0,-0.03857,38.167,0.72348
18.985,19.435,-0.4437,-0.042331,38.114,2.7739
18.935,19.431,-0.4747,-0.046726,38.063,3.0903
18.888,19.426,-0.48916,-0.050758,38.005,3.3063
18.83,19.421,-0.50988,-0.055953,37.943,3.6044
18.783,19.415,-0.48837,-0.059954,37.882,3.6026
18.736,19.409,-0.49637,-0.064074,37.819,3.7875
18.685,19.403,-0.50027,-0.068501,37.748,3.9576
18.628,19.396,-0.49204,-0.073468,37.678,4.0689
18.579,19.389,-0.47268,-0.077636,37.599,4.079
18.525,19.381,-0.49149,-0.08238,37.518,4.3551
18.467,19.373,-0.49197,-0.087448,37.424,4.5223
18.411,19.364,-0.49893,-0.092273,37.341,4.727
18.355,19.355,-0.49629,-0.097244,37.239,4.8683
18.308,19.345,-0.51131,-0.10123,37.143,5.0988
18.308,19.335,0,-0.10599,37.04,2.2449
18.21,19.324,-0.50475,-0.10973,36.924,5.3159
18.157,19.313,-0.50358,-0.11439,36.801,5.4498
18.113,19.302,-0.50276,-0.11818,36.686,5.5558
18.07,19.29,-0.49798,-0.12189,36.567,5.6283
18.013,19.278,-0.44681,-0.12702,36.434,5.4132
17.967,19.265,-0.39979,-0.131,36.311,5.1978
17.967,19.252,0,-0.13433,36.181,2.9063
17.967,19.239,0,-0.13726,36.054,2.8524
17.967,19.225,0,-0.14108,35.927,2.7943
17.808,19.211,-0.35281,-0.14463,35.766,5.2125
17.778,19.196,-0.37418,-0.14705,35.625,5.4029
17.735,19.182,-0.36347,-0.15097,35.478,5.422
17.706,19.167,-0.34465,-0.15323,35.337,5.3346
17.663,19.151,-0.332,-0.15712,35.191,5.338
17.663,19.136,0,-0.15958,35.043,3.3872
17.614,19.12,-0.2297,-0.16085,34.893,4.7301
17.586,19.104,-0.44409,-0.16324,34.736,6.2065
17.55,19.087,-0.55334,-0.16644,34.578,7.1193
17.497,19.071,-0.66581,-0.17144,34.425,8.2129
17.439,19.053,-0.89232,-0.17709,34.27,10.612
17.356,19.036,-1.0348,-0.18548,34.103,12.514
17.356,19.017,0,-0.19702,33.936,3.8286
17.148,18.997,-0.91359,-0.20727,33.761,11.824
17.063,18.977,-0.93706,-0.21606,33.581,12.358
16.978,18.955,-0.89364,-0.22507,33.394,12.123
16.891,18.933,-0.8822,-0.23428,33.203,12.254
16.891,18.909,0,-0.24395,33,4.8184
16.723,18.885,-0.79578,-0.25263,32.783,11.769
16.647,18.86,-0.77884,-0.261,32.573,11.781
16.577,18.833,-0.75531,-0.26879,32.347,11.687
16.504,18.807,-0.73524,-0.27719,32.114,11.643
16.439,18.779,-0.75085,-0.28466,31.88,11.939
16.356,18.75,-0.75307,-0.29456,31.635,12.161
16.286,18.721,-0.70004,-0.3029,31.389,11.735
16.286,18.691,0,-0.31159,31.147,5.8563
16.286,18.659,0,-0.31951,30.908,5.6982
16.095,18.628,-0.51867,-0.32639,30.621,10.237
16.095,18.595,0,-0.33206,30.37,6.0971
16.012,18.562,-0.3526,-0.33647,30.111,8.7858
16.012,18.528,0,-0.34164,29.858,6.1021
15.947,18.494,-0.28753,-0.34436,29.605,8.2015
15.922,18.459,-0.29413,-0.34733,29.351,8.1931
15.885,18.425,-0.28572,-0.35201,29.089,8.1034
15.862,18.389,-0.30276,-0.35472,28.835,8.1654
15.842,18.354,-0.30381,-0.35689,28.589,8.094
15.821,18.318,-0.30975,-0.35932,28.334,8.0603
15.821,18.282,0,-0.36284,28.086,5.7866
15.763,18.246,-0.32749,-0.36593,27.852,8.0909
15.739,18.21,-0.33415,-0.36854,27.608,8.0692
15.703,18.173,-0.33043,-0.3729,27.369,8.0061
15.68,18.135,-0.32011,-0.3756,27.123,7.8503
15.656,18.098,-0.31614,-0.37822,26.882,7.7447
15.629,18.06,-0.33087,-0.38145,26.63,7.7861
15.603,18.022,-0.34734,-0.3844,26.391,7.842
15.576,17.983,-0.36157,-0.38761,26.149,7.8834
15.531,17.945,-0.38041,-0.39363,25.91,8.0169
15.488,17.905,-0.36955,-0.39964,25.66,7.9069
15.488,17.865,0,-0.40333,25.42,5.269
15.425,17.825,-0.33164,-0.40719,25.182,7.4901
15.397,17.784,-0.35237,-0.41066,24.936,7.5701
15.397,17.743,0,-0.4136,24.699,5.1052
15.397,17.702,0,-0.41741,24.467,4.942
15.301,17.66,-0.27186,-0.42208,24.236,6.792
15.279,17.618,-0.25514,-0.42419,24.004,6.5855
15.257,17.575,-0.24249,-0.42611,23.774,6.4065
15.238,17.533,-0.24264,-0.42741,23.544,6.3051
15.238,17.49,0,-0.43017,23.316,4.6986
15.238,17.447,0,-0.43475,23.093,4.5311
15.238,17.404,0,-0.43894,22.875,4.3663
15.109,17.36,-0.32715,-0.44258,22.633,6.6122
15.067,17.315,-0.30256,-0.44817,22.412,6.3997
15.032,17.271,-0.27101,-0.45234,22.189,6.1235
15,17.225,-0.26765,-0.45618,21.957,6.026
14.977,17.18,-0.28766,-0.45775,21.738,6.0595
14.957,17.134,-0.28827,-0.45839,21.529,5.9594
14.935,17.088,-0.29625,-0.46015,21.302,5.9105
14.915,17.042,-0.29667,-0.4612,21.08,5.8062
14.889,16.996,-0.28846,-0.46327,20.86,5.6609
14.859,16.95,-0.27632,-0.46634,20.646,5.5068
14.827,16.903,-0.26053,-0.46921,20.442,5.3357
14.803,16.856,-0.2533,-0.47019,20.243,5.2013
14.779,16.809,-0.27164,-0.47148,20.039,5.2217
14.748,16.762,-0.28461,-0.47383,19.843,5.226
14.719,16.715,-0.27543,-0.47604,19.64,5.0888
14.69,16.667,-0.27363,-0.47817,19.438,4.9964
14.656,16.619,-0.27997,-0.48151,19.242,4.9678
14.656,16.571,0,-0.48468,19.048,3.3729
14.6,16.523,-0.2455,-0.4844,18.858,4.6055
14.581,16.474,-0.22898,-0.48348,18.666,4.4139
14.568,16.426,-0.17603,-0.48095,18.479,4.0266
14.549,16.378,-0.15673,-0.47999,18.292,3.8385
14.539,16.33,-0.2393,-0.4761,18.111,4.15
14.524,16.282,-0.27534,-0.47348,17.939,4.2459
14.524,16.235,0,-0.47308,17.765,2.8191
14.475,16.187,-0.32116,-0.47287,17.599,4.3406
14.475,16.14,0,-0.47263,17.43,2.6905
14.416,16.093,-0.29792,-0.47555,17.252,4.0733
14.384,16.045,-0.24473,-0.47736,17.082,3.7329
14.361,15.998,-0.23075,-0.47607,16.921,3.5863
14.361,15.95,0,-0.47565,16.76,2.4695
14.361,15.902,0,-0.47556,16.603,2.3415
14.279,15.855,-0.37642,-0.47556,16.454,4.1519
14.246,15.807,-0.50334,-0.47719,16.297,4.8572
14.187,15.76,-0.66547,-0.48644,16.148,5.9778
14.187,15.711,0,-0.49683,15.993,2.2268
14.05,15.661,-0.8744,-0.51132,15.83,7.7071
13.972,15.61,-0.92883,-0.52648,15.676,8.2267
13.877,15.557,-0.94801,-0.54769,15.51,8.4504
13.775,15.503,-0.89189,-0.57134,15.338,7.9635
13.68,15.446,-0.82941,-0.59268,15.162,7.419
13.595,15.386,-0.76753,-0.61068,14.986,6.8857
13.514,15.325,-0.71736,-0.62712,14.807,6.4572
13.514,15.263,0,-0.64349,14.629,2.3387
13.369,15.198,-0.6538,-0.65337,14.449,5.8805
13.308,15.133,-0.63414,-0.66206,14.271,5.6659
13.248,15.067,-0.62455,-0.67048,14.097,5.5247
13.248,15,0,-0.67956,13.918,2.238
13.117,14.932,-0.58179,-0.69169,13.73,5.0902
13.065,14.862,-0.56145,-0.69651,13.552,4.8656
13.002,14.793,-0.55753,-0.70511,13.38,4.7665
12.951,14.722,-0.56661,-0.70902,13.206,4.7272
12.951,14.651,0,-0.71352,13.032,2.0185
12.832,14.58,-0.56703,-0.72342,12.861,4.5627
12.766,14.508,-0.46638,-0.73326,12.688,3.913
12.727,14.434,-0.39416,-0.7315,12.511,3.4372
12.684,14.361,-0.4134,-0.73128,12.341,3.4354
12.645,14.288,-0.38208,-0.72769,12.183,3.1926
12.645,14.215,0,-4.4,12.022,137.08
12.56,13.775,-0.52831,-4.4,11.868,245.03
12.504,13.335,-0.63517,-0.36175,11.768,3.5628
12.444,13.299,-0.63086,-0.37505,11.691,3.5513
12.383,13.262,-0.66113,-4.4,11.604,533.77
12.316,12.822,-0.6719,-0.2176,11.544,3.3733
12.251,12.8,-0.65488,-0.23736,11.501,3.3199
12.176,12.776,-0.6172,-0.26089,11.451,3.1525
12.176,12.75,0,-0.28134,11.393,0.58585
12.048,12.722,-0.50697,-4.4,11.325,567.62
12.001,12.282,-0.47841,-0.11989,11.276,1.9972
11.951,12.27,-0.47093,-0.13662,11.244,2.008
11.895,12.256,-0.47078,-0.1555,11.21,2.0597
11.85,12.241,-0.492,-0.16866,11.173,2.1995
11.793,12.224,-0.50411,-0.1869,11.135,2.3093
11.74,12.205,-0.47712,-4.4,11.081,873.02
11.692,11.765,-0.44472,-0.0307,11.06,1.5683
11.638,11.762,-0.44324,-0.052235,11.048,1.6284
11.598,11.757,-0.45421,-0.067127,11.043,1.7263
11.548,11.75,-0.4564,-0.08544,11.015,1.7918
11.503,11.742,-0.49518,-0.10118,10.996,2.0289
11.503,11.732,0,-0.11426,10.973,0.22812
11.421,11.72,-0.49432,-0.12764,10.946,2.1018
11.375,11.707,-0.44279,-0.14232,10.911,1.8913
11.33,11.693,-0.40326,-0.15613,10.884,1.7484
11.285,11.677,-0.35943,-0.16887,10.855,1.5924
11.251,11.661,-0.28294,-5.2,10.807,0
11.215,11.141,-0.21782,0.023606,10.788,0.46588
11.183,11.143,-0.18699,0.012723,10.791,0.42236
11.172,11.144,-0.18586,0.0089485,10.792,0.43707
11.162,11.145,-0.16246,0.0055014,10.786,0.38343
11.156,11.146,-0.15113,0.0032397,10.791,0.36118
11.132,11.146,-0.12928,-0.0058207,10.793,0.33197
11.112,11.145,-0.11033,-0.013635,10.781,0.30323
11.101,11.144,-0.077962,-0.017773,10.778,0.23116
11.085,11.142,-0.084352,-0.02374,10.765,0.26457
11.071,11.14,-0.084418,-0.028523,10.762,0.27864
11.071,11.137,-0.1288,-0.027265,10.758,0.39374
11.063,11.134,-0.12301,-0.029637,10.741,0.38423
11.054,11.131,-0.12367,-0.032338,10.734,0.39385
11.035,11.128,-0.14309,-0.038839,10.719,0.46739
11.035,11.124,0,-0.047198,10.71,0.083568
11.035,11.12,0,-0.05085,10.701,0.066421
10.985,11.114,-0.17015,-0.054193,10.7,0.59231
10.985,11.109,0,-0.061382,10.687,0.12555
10.953,11.103,-0.1116,-0.06286,10.668,0.44734
10.953,11.097,0,-0.064847,10.653,0.15787
10.937,11.09,-0.053521,-0.064384,10.638,0.30077
10.931,11.084,-0.046028,-0.064481,10.616,0.28207
10.917,11.077,-0.0124,-0.067655,10.598,0.21282
10.919,11.07,0.062264,-0.064161,10.591,0.051779
10.917,11.064,0.13239,-0.062456,10.567,0
10.936,11.058,0.25627,-0.051899,10.549,0
10.956,11.053,0.39004,-0.041261,10.54,0
11.002,11.048,0.49764,-0.019774,10.541,0
11.048,11.046,0.54562,0.00035077,10.548,0
11.094,11.047,0.58554,0.015074,10.552,0
11.094,11.048,0,0.03318,10.556,0
11.216,11.051,0.56372,0.052153,10.56,0
11.272,11.057,0.55008,0.06821,10.581,0
11.322,11.063,0.51778,0.082159,10.604,0
11.365,11.072,0.43121,0.0932,10.629,0
11.399,11.081,0.30622,0.10131,10.66,0
11.44,11.091,0.14658,0.11109,10.699,0
11.444,11.102,0.010866,0.10924,10.735,0
11.444,11.113,0,0.10823,10.769,0
11.44,11.124,-0.12048,0.10134,10.811,0
11.44,11.134,0,0.097551,10.842,0
11.439,11.144,-0.01938,0.094848,10.877,0
11.439,11.153,0,0.088293,10.906,0
11.439,11.162,0,0.086935,10.934,0
11.433,11.171,0.17265,0.084201,10.952,0
11.443,11.179,0.20433,0.085068,10.986,0
11.472,11.188,0.21819,0.091689,11.022,0
11.487,11.197,0.20936,0.093623,11.051,0
11.487,11.206,0,0.097874,11.08,0
11.535,11.216,0.22238,0.10305,11.105,0
11.555,11.226,0.25907,0.10626,11.137,0
11.555,11.237,0,0.10949,11.169,0
11.615,11.248,0.38467,0.11897,11.205,0
11.658,11.26,0.42877,0.12932,11.247,0
11.693,11.273,0.45308,0.13673,11.278,0
11.729,11.286,0.46738,0.14406,11.315,0
11.773,11.301,0.46644,0.1539,11.367,0
11.822,11.316,0.49063,0.16498,11.411,0
11.822,11.333,0,0.17517,11.46,0
11.916,11.35,0.55147,0.18537,11.524,0
11.977,11.369,0.55938,0.19962,11.579,0
12.024,11.389,0.56444,0.20877,11.633,0
12.081,11.41,0.5206,0.22102,11.701,0
12.132,11.432,0.46004,0.23094,11.765,0
12.182,11.455,0.38539,0.2402,11.829,0
12.222,11.479,0.34352,0.24619,11.91,0
12.222,11.503,0,0.24782,11.983,0
12.284,11.528,0.33439,0.25123,12.06,0
12.284,11.553,0,0.25202,12.134,0
12.355,11.579,0.36362,0.25894,12.209,0
12.385,11.604,0.32996,0.2609,12.286,0
12.418,11.631,0.26351,0.26376,12.371,0
12.437,11.657,0.16674,0.26187,12.453,0
12.459,11.683,0.065223,0.26109,12.532,0
12.465,11.709,-0.0072301,0.25484,12.609,0
12.465,11.735,0,0.24439,12.683,0
12.446,11.759,-0.7608,0.23201,12.75,1.958
12.446,11.782,0,0.19837,12.817,0
12.185,11.802,-2.8242,0.12964,12.867,42.599
11.899,11.815,-3.0228,0.028337,12.899,52.336
11.606,11.818,-3.0268,-0.069605,12.897,53.436
11.606,11.811,0,-0.16503,12.876,0.08429
11.048,11.795,-2.309,-0.24803,12.784,28.968
10.812,11.77,-2.6958,-0.32106,12.706,41.848
10.542,11.738,-2.6051,-0.40485,12.606,39.337
10.289,11.697,0.29272,-0.48298,12.476,1.2747
10.318,11.649,1.8604,-0.46333,12.332,3.0809
10.499,11.602,3.4261,-0.38935,12.202,11.135
10.836,11.564,5.3477,-0.25872,12.119,26.081
11.365,11.538,6.076,-0.061654,12.075,33.253
11.365,11.532,0,0.14676,12.058,0.775
12.388,11.546,3.7385,0.28086,12.147,14.645
12.752,11.574,3.6219,0.39444,12.253,14.076
13.116,11.614,0.9777,0.50509,12.384,0
13.116,11.664,0,0.52401,12.532,0
13.898,11.717,6.8896,0.74047,12.728,45.691
14.583,11.791,7.2393,0.95497,12.986,50.609
15.306,11.886,7.1842,1.1781,13.292,51.309
16.025,12.004,9.4443,1.3959,13.66,77.81
16.977,12.144,2.4053,1.6931,14.101,7.4393
17.212,12.313,0.82262,1.7283,14.589,0
17.301,12.486,-1.0658,1.7089,15.076,0
17.301,12.657,0,1.6197,15.549,0
17.301,12.819,0,1.4905,16.005,0
17.301,12.968,0,1.3485,16.446,0
16.498,13.102,-1.5774,1.2192,16.719,3.9844
16.335,13.224,-0.9558,1.1185,17.039,0
16.24,13.336,-0.81201,1.0461,17.347,0
16.152,13.441,-1.0098,0.97761,17.627,0.085669
16.05,13.539,-1.2957,0.90686,17.898,2.8351
16.05,13.629,0,0.82592,18.145,0
15.74,13.712,-2.126,0.7331,18.351,16.708
15.535,13.785,-2.2782,0.63298,18.544,21.075
15.315,13.848,-2.2004,0.53033,18.704,19.914
15.088,13.902,-2.0971,0.42894,18.831,18.281
14.884,13.944,-2.1257,0.33936,18.928,19.568
14.679,13.978,-2.2753,0.25308,19.007,23.837
14.459,14.004,-2.2594,0.16446,19.06,24.091
14.225,14.02,-1.8519,0.074027,19.103,15.85
14.044,14.028,-1.2806,0.0058921,19.114,7.9016
14.044,14.028,0,-0.023409,19.115,0
13.826,14.026,-0.4817,-0.041241,19.091,2.1155
13.826,14.022,0,-0.048911,19.071,0.30285
13.774,14.017,-0.26007,-0.050503,19.031,1.2177
13.747,14.012,-0.54102,-0.054989,19.009,2.5915
13.747,14.006,0,-0.064694,18.983,0.4039
13.641,14,-0.33993,-0.074889,18.954,1.797
13.641,13.992,0,-0.07934,18.919,0.57371
13.641,13.984,0,-0.086362,18.884,0.53807
13.533,13.976,-0.38864,-0.093306,18.829,2.2126
13.487,13.966,-0.43231,-0.10142,18.783,2.5184
13.437,13.956,-0.463,-0.11027,18.725,2.7753
13.383,13.945,-0.42896,-0.11997,18.665,2.693
13.383,13.933,0,-0.12517,18.609,0.9152
13.3,13.921,-0.44671,-0.1336,18.552,2.9252
13.263,13.907,-0.42907,-0.13932,18.479,2.8806
13.218,13.893,-0.4373,-0.14665,18.419,2.9968
13.183,13.879,-0.43583,-0.15176,18.352,3.0335
13.14,13.864,-0.41882,-0.15885,18.274,3.0031
13.098,13.848,-0.43214,-0.16533,18.205,3.134
13.05,13.831,-0.4339,-0.17334,18.127,3.2152
13.015,13.814,-0.43125,-0.17836,18.04,3.236
12.968,13.796,-0.43878,-0.18599,17.968,3.3452
12.92,13.777,-0.44199,-0.19365,17.891,3.4285
12.884,13.758,-0.44037,-0.19884,17.796,3.4515
12.834,13.738,-0.43999,-0.20711,17.701,3.5132
12.794,13.717,-0.43961,-0.21311,17.603,3.5486
12.758,13.696,-0.43801,-0.21802,17.515,3.5678
12.704,13.674,-0.45354,-0.22697,17.422,3.7261
12.704,13.652,0,-0.23181,17.326,1.5817
12.612,13.628,-0.50721,-0.2418,17.217,4.1482
12.569,13.604,-0.51711,-0.24833,17.106,4.2439
12.527,13.579,-0.51881,-0.25453,17.001,4.2849
12.467,13.554,-0.48924,-0.26511,16.896,4.1701
12.414,13.527,-0.4292,-0.27398,16.779,3.8536
12.373,13.5,-0.38733,-0.28016,16.658,3.6306
12.335,13.472,-0.35224,-0.28523,16.541,3.4457
12.299,13.443,-0.32355,-0.29015,16.418,3.2966
12.256,13.414,-0.33398,-0.29624,16.302,3.3665
12.233,13.385,-0.36615,-0.29771,16.181,3.5121
12.19,13.355,-0.39091,-0.30362,16.073,3.6642
12.146,13.325,-0.40911,-0.31026,15.952,3.7811
12.098,13.294,-0.42904,-0.31817,15.827,3.9178
12.098,13.262,0,-0.32365,15.709,1.8497
12.004,13.229,-0.42497,-0.3327,15.581,3.9224
11.963,13.196,-0.41837,-0.33855,15.455,3.8829
11.924,13.162,-0.42473,-0.34327,15.339,3.913
11.887,13.128,-0.4289,-0.34735,15.222,3.9247
11.844,13.093,-0.42821,-0.35335,15.101,3.9195
11.791,13.058,-0.42861,-0.36234,14.968,3.9352
11.758,13.022,-0.43054,-0.36589,14.834,3.9178
11.724,12.985,-0.42954,-0.36892,14.712,3.8852
11.686,12.948,-0.43175,-0.37325,14.591,3.88
11.647,12.911,-0.43101,-0.37805,14.461,3.8553
11.596,12.873,-0.4274,-0.38651,14.334,3.8392
11.554,12.834,-0.42672,-0.39168,14.212,3.8193
11.505,12.795,-0.42712,-0.39913,14.085,3.8161
11.467,12.755,-0.42208,-0.40364,13.948,3.757
11.422,12.715,-0.42234,-0.41039,13.813,3.7416
11.372,12.674,-0.42997,-0.41796,13.686,3.7752
11.331,12.632,-0.43488,-0.42259,13.562,3.7771
11.285,12.59,-0.43618,-0.42868,13.439,3.7658
11.234,12.547,-0.43815,-0.43699,13.302,3.7616
11.2,12.503,-0.43827,-0.43984,13.163,3.7149
11.152,12.459,-0.43904,-0.4464,13.04,3.6996
11.099,12.415,-0.43926,-0.45481,12.909,3.6849
11.061,12.369,-0.4385,-0.45866,12.772,3.6367
11.017,12.323,-0.44021,-0.46389,12.641,3.6119
10.967,12.277,-0.43742,-0.47139,12.511,3.5723
10.929,12.23,-0.4337,-0.47399,12.383,3.506
10.929,12.182,0,-0.48033,12.255,1.602
10.929,12.134,0,-0.48648,12.132,1.4739
10.794,12.086,-0.4223,-0.48975,11.995,3.3366
10.743,12.037,-0.4241,-0.49703,11.87,3.319
10.705,11.987,-0.42551,-0.49863,11.747,3.2767
10.705,11.937,0,-0.50051,11.621,1.4985
10.624,11.887,-0.42805,-0.5054,11.488,3.1962
10.624,11.837,0,-0.50641,11.364,1.4408
10.543,11.786,-0.42787,-0.51014,11.246,3.1031
10.493,11.735,-0.42504,-0.51603,11.131,3.0585
10.451,11.683,-0.42521,-0.51844,11.014,3.0155
10.41,11.632,-0.4284,-0.52084,10.897,2.9865
10.362,11.579,-0.43343,-5.2,10.785,0
10.328,11.059,-0.43716,-0.30505,10.686,2.4196
10.328,11.029,0,-0.31447,10.615,0.77872
10.231,10.998,-0.43937,-0.32415,10.552,2.4547
10.185,10.965,-0.43976,-5.2,10.476,0
10.144,10.445,-0.44143,-0.12269,10.431,1.8719
10.101,10.433,-0.43984,-0.1356,10.403,1.9049
10.101,10.419,0,-0.15095,10.371,0.3345
10.101,10.404,0,-0.1595,10.34,0.28589
9.9659,10.388,-0.43961,-0.17507,10.293,2.019
9.9262,10.371,-0.43563,-0.18499,10.257,2.0269
9.884,10.352,-0.43215,-0.19575,10.216,2.0383
9.8326,10.333,-0.44317,-0.21029,10.166,2.1275
9.7841,10.312,-0.43985,-5.2,10.117,0
9.7458,9.7916,-0.43135,-0.018403,10.096,1.4752
9.6939,9.7898,-0.43409,-0.038493,10.096,1.5579
9.6515,9.7859,-0.42797,-0.05407,10.079,1.5833
