0,0,1.8892,0,35.5,0
0.18428,0,1.9151,7.8,35.511,40.679
0.37126,0.78,1.9611,7.8,35.491,43.548
0.57208,1.56,2.0174,7.8,35.421,46.207
0.57208,2.34,0,7.8,35.283,86.775
0.9857,3.12,2.1404,7.8,35.104,51.339
1.196,3.9,2.1512,7.8,34.869,54.637
1.4052,4.68,2.1283,7.8,34.58,58.478
1.6234,5.46,2.0919,7.8,34.226,62.519
1.8295,6.24,2.0523,6.7,33.817,55.057
2.0269,6.91,2.0165,6.7,33.344,58.481
2.2281,7.58,2.0076,6.7,32.832,61.518
2.4339,8.25,1.9855,6.7,32.282,64.758
2.6411,8.92,1.959,-0.34539,31.68,8.7924
2.837,8.8855,1.9242,-0.34213,31.07,8.2674
3.0201,8.8512,1.8864,-0.33891,30.486,7.8019
3.2131,8.8174,1.8616,-0.33483,29.905,7.2735
3.3977,8.7839,1.8506,-0.33034,29.362,6.7391
3.5768,8.7508,1.829,-0.32548,28.843,6.2741
3.7612,8.7183,1.8083,-0.31978,28.337,5.8118
3.9394,8.6863,1.7991,-0.31399,27.843,5.3508
4.1162,8.6549,1.7744,-0.30752,27.375,4.9555
4.292,8.6242,1.7575,-0.30029,26.937,4.5616
4.4687,8.5941,1.754,-0.29238,26.516,4.1588
4.6407,8.5649,1.7425,-0.28423,26.111,3.8055
4.805,8.5365,1.7194,-0.27603,25.723,3.5045
4.9826,8.5089,1.6888,-0.26614,25.358,3.2084
4.9826,8.4823,0,-0.25556,25.007,10.698
4.9826,8.4567,0,-0.24463,24.658,10.661
4.9826,8.4322,0,-0.23417,24.312,10.625
5.6554,8.4088,1.5014,-0.22283,24.121,2.2675
5.8138,8.3865,1.4451,-0.21146,23.854,2.0713
5.9573,8.3654,1.3965,-0.20078,23.609,1.8931
6.1068,8.3453,1.3469,-0.18914,23.382,1.7124
6.2373,8.3264,1.2504,-0.17893,23.157,1.5852
6.3625,8.3085,1.178,-0.1686,22.964,1.4519
6.4832,8.2916,1.1444,-0.15851,22.772,1.3015
6.5956,8.2758,1.1527,-0.1488,22.601,1.1481
6.7017,8.2609,1.1625,-0.13956,22.43,1.0178
6.8118,8.247,1.2045,-0.12973,22.272,0.90521
6.8118,8.234,0,-0.11853,22.129,3.4093
7.0522,8.2221,1.2346,-0.10744,22.016,0.72804
7.1749,8.2114,1.2084,-0.095916,21.895,0.63179
7.2951,8.2018,1.193,-0.08444,21.795,0.55312
7.2951,8.1934,0,-0.072331,21.705,2.0024
7.5487,8.1861,1.2009,-0.059917,21.645,0.47099
7.6735,8.1801,1.2316,-0.047776,21.592,0.50204
7.7928,8.1754,1.2639,-0.036196,21.539,0.56615
7.9251,8.1717,1.3195,-0.023369,21.515,0.71938
8.059,8.1694,1.356,-0.01047,21.503,0.86908
8.1993,8.1684,1.4359,0.030629,21.49,1.074
8.3438,8.1714,1.4709,0.17037,21.503,0.73681
8.4945,8.1885,1.5092,0.30164,21.525,0.4483
8.6537,8.2186,1.5127,0.42693,21.568,0.097841
8.7965,8.2613,1.5409,0.52178,21.619,0
8.9445,8.3135,1.5113,0.61048,21.686,0
9.0901,8.3745,1.5119,0.68567,21.751,0
9.2313,8.4431,1.4947,0.74758,21.834,0
9.3838,8.5179,1.4808,0.81169,21.907,0
9.5278,8.599,1.4771,0.85994,21.995,0
9.6827,8.685,1.4772,0.91211,22.092,0
9.8311,8.7762,1.4843,0.95156,22.194,0
9.9776,8.8714,1.51,0.98453,22.307,0
10.134,8.9698,1.5083,1.0218,22.414,0
10.134,9.072,0,1.0545,22.526,0.68895
10.434,9.1775,1.497,1.071,22.65,0
10.434,9.2846,0,1.0889,22.771,0.56451
10.724,9.3935,1.4753,1.1019,22.912,0
10.864,9.5037,1.4971,1.1109,23.053,0
11.013,9.6147,1.495,1.1265,23.193,0
11.157,9.7274,1.4925,1.1362,23.343,0
11.297,9.841,1.4849,1.141,23.481,0
11.446,9.9551,1.4651,1.1515,23.62,0
11.596,10.07,1.4482,1.1633,23.778,0
11.732,10.187,1.4294,1.1622,23.924,0
11.865,10.303,1.4318,1.16,24.087,0
12.012,10.419,1.4241,1.1678,24.245,0
12.012,10.536,0,1.1765,24.398,0
12.309,10.653,1.3387,1.1833,24.572,0
12.451,10.772,1.3052,1.1851,24.74,0
12.585,10.89,1.25,1.1821,24.918,0
12.719,11.008,1.1798,1.1794,25.096,0
12.829,11.126,1.0786,1.1598,25.263,0
12.938,11.242,0.94087,1.142,25.436,0
13.032,11.356,0.75085,1.1162,25.601,0
13.115,11.468,0.52939,1.0854,25.764,0
13.115,11.577,0,1.0421,25.923,0
13.205,11.681,0.16606,0.98405,26.067,0
13.228,11.779,0.079123,0.92772,26.22,0
13.242,11.872,0.071164,0.87012,26.367,0
13.241,11.959,0.071789,0.80772,26.508,0
13.242,12.04,0.026662,0.75209,26.625,0
13.241,12.115,0.0047791,0.69993,26.742,0
13.24,12.185,-0.025947,0.65207,26.858,0
13.24,12.25,0,0.60838,26.96,0
13.24,12.311,0,0.56381,27.056,0
13.214,12.367,-0.30141,0.51512,27.124,0.40108
13.19,12.419,-0.38544,0.46678,27.205,0.80833
13.19,12.466,0,0.4086,27.279,0
13.087,12.506,-0.51732,0.34869,27.332,1.5526
13.037,12.541,-0.53734,0.29711,27.387,1.6956
12.982,12.571,-0.59115,0.24584,27.422,2.0341
12.918,12.596,-0.64706,0.19237,27.458,2.4043
12.853,12.615,-0.72576,0.14198,27.488,2.9412
12.775,12.629,-0.84198,0.086698,27.511,3.7973
12.7,12.638,-0.93511,0.037306,27.512,4.5543
12.599,12.641,-0.97732,-0.0042983,27.506,5.088
12.599,12.641,0,-0.013601,27.502,0.057725
12.396,12.64,-1.0387,-0.024743,27.465,6.4445
12.396,12.637,0,-0.034907,27.441,0.43862
12.186,12.634,-1.1088,-0.045602,27.393,8.0045
12.067,12.629,-1.3307,-0.057357,27.348,11.139
11.934,12.623,-1.5824,-0.070616,27.287,15.434
11.779,12.616,-1.8719,-0.086115,27.211,21.485
11.586,12.608,-2.1593,-0.10561,27.109,29.057
11.363,12.597,-2.3413,-0.12831,27.001,35.246
11.134,12.584,-2.3764,-0.15181,26.874,37.611
10.895,12.569,-2.3204,-0.1766,26.725,37.379
10.663,12.551,-2.2264,-0.20111,26.543,36.073
10.433,12.531,-2.1373,-0.22581,26.35,34.986
10.216,12.509,-1.9877,-0.24956,26.139,32.434
10.017,12.484,-1.7878,-0.27212,25.892,28.931
9.8307,12.457,-1.5325,-0.29391,25.63,24.743
9.6811,12.427,-1.2504,-0.31212,25.353,20.545
9.551,12.396,-0.99994,-0.32823,25.083,17.341
9.551,12.363,0,-0.34097,24.8,7.2457
9.3681,12.329,-0.5753,-0.35299,24.503,12.7
9.3196,12.294,-0.43921,-0.36077,24.201,11.35
9.2713,12.258,-0.41255,-0.36881,23.893,11.096
9.2244,12.221,-0.31793,-0.37681,23.586,10.231
9.1851,12.183,-0.28405,-0.38379,23.286,9.8965
9.1573,12.145,-0.50569,-0.38913,22.994,11.832
9.104,12.106,-0.69147,-0.39843,22.686,13.773
9.0401,12.066,-0.91263,-0.40943,22.374,16.447
8.958,12.025,-1.1339,-0.4229,22.071,19.595
8.958,11.983,0,-0.44048,21.766,7.4886
8.958,11.939,0,-0.46687,21.466,7.1596
8.5012,11.892,-2.0089,-0.49687,21.118,37.845
8.3012,11.842,-2.0333,-0.53045,20.781,39.131
8.1049,11.789,-2.2048,-0.56564,20.414,44.266
7.8852,11.733,-2.1467,-0.60582,20.04,43.382
7.6765,11.672,-2.1353,-0.64596,19.655,43.664
7.4648,11.608,-2.4663,-0.68876,19.254,53.911
7.4648,11.539,0,-0.74125,18.843,9.8884
6.9472,11.465,-2.8836,-0.79952,18.388,70.271
6.6661,11.385,-3.0386,-0.8638,17.933,77.409
6.3714,11.298,-3.2093,-0.93577,17.45,26.334
6.0411,11.205,-3.341,-1.0209,16.938,26.086
5.7043,11.103,-3.5375,-1.1131,16.414,25.847
5.3408,10.991,-3.7042,-1.2199,15.858,25.59
4.9707,10.869,-3.6235,-1.3391,15.271,25.111
4.9707,10.735,0,-1.4685,14.688,12.272
4.2694,10.588,-2.8535,-1.6034,14.032,23.381
3.9784,10.428,-2.0675,-1.737,13.4,22.215
3.7816,10.254,-1.1992,-1.8578,12.752,26.508
3.7816,10.069,0,-1.9629,12.114,11.252
3.7816,9.8724,0,-2.0469,11.495,9.9842
3.6336,9.6677,0.65259,-2.1117,10.88,6.6243
3.6915,9.4565,0.96516,-2.1571,10.298,5.4439
3.6915,9.2408,0,-2.1848,9.7323,7.4034
3.9051,9.0223,1.3487,-5.2,9.2073,29.167
4.036,8.5023,1.5085,-5.2,8.7309,31.53
4.1904,7.9823,1.599,-5.2,8.3208,33.56
4.3431,7.4623,1.6639,-5.2,7.9743,35.426
4.5009,6.9423,1.6839,-5.2,7.7029,36.976
4.6719,6.4223,1.6663,-5.2,7.4854,38.428
4.6719,5.9023,0,-8.8,7.3364,9.2498
4.9933,5.0223,1.242,-8.8,7.2888,28.182
5.1106,4.1423,0.87853,1.142,7.3318,0
5.1106,4.2565,0,1.0657,7.4229,1.4215
5.1106,4.3631,0,0.9775,7.503,1.3589
5.2707,4.4609,0.14035,0.87033,7.5892,0.12508
5.2803,4.5479,0.12511,0.76871,7.6632,0.037332
5.2927,4.6248,0.15452,0.68695,7.7296,0
5.3015,4.6935,0.13449,0.61446,7.79,0
5.3212,4.7549,0.082721,0.56422,7.8579,0
5.3253,4.8113,0.0097107,0.50519,7.9115,0.13039
5.331,4.8618,-0.097444,0.45558,7.9598,0.45684
5.3119,4.9074,-0.1308,0.38832,7.9961,0.51759
5.2907,4.9462,-0.1326,0.32806,8.0438,0.47502
5.2772,4.979,-0.14813,0.28197,8.0781,0.4956
5.2772,5.0072,0,0.23574,8.1065,0
5.2412,5.0308,0.010714,0.19662,8.1287,0
5.2424,5.0505,0.094497,0.17864,8.1521,0
5.2478,5.0683,0.10714,0.16639,8.1676,0
5.2681,5.085,0.10019,0.16903,8.18,0
5.2713,5.1019,0.064631,0.15597,8.2046,0
5.2697,5.1175,0.034175,0.13977,8.2301,0
5.2659,5.1314,-0.017295,0.12312,8.2455,0.033397
5.2583,5.1438,0.043982,0.10453,8.2498,0
5.2583,5.1542,0,0.10611,8.2607,0.017165
5.2713,5.1648,0.092612,0.09678,8.2805,0
5.2736,5.1745,0.077081,0.090037,8.2998,0
5.2879,5.1835,0.10778,0.094629,8.3057,0
5.3069,5.193,0.095402,0.10319,8.3261,0
5.3245,5.2033,0.090902,0.10951,8.3397,0
5.3278,5.2142,0.10578,0.10239,8.3526,0
5.3278,5.2245,0,0.10632,8.3635,0.019446
5.361,5.2351,0.14957,0.11294,8.3665,0
5.3811,5.2464,0.18123,0.12051,8.3742,0
5.4038,5.2585,0.12826,0.12966,8.3804,0
5.4178,5.2714,0.0030368,0.13007,8.3867,0
5.4129,5.2844,-0.15174,0.114,8.4088,0.40033
5.3989,5.2958,-0.29202,0.091195,8.4132,0.88452
5.3989,5.3049,0,0.050496,8.423,0
5.3118,5.31,-0.46347,0.0015524,8.4197,1.5612
5.3118,5.3101,0,-0.013105,8.4198,0
5.2154,5.3088,-0.401,-0.026163,8.413,1.4539
5.1677,5.3062,-0.381,-0.03878,8.4116,1.4516
5.1276,5.3023,-0.45856,-0.048951,8.4054,1.881
5.0758,5.2974,-0.55082,-0.062204,8.39,2.4577
5.0262,5.2912,-0.68329,-0.074728,8.359,3.3485
5.0262,5.2838,0,-0.091203,8.3329,0.33928
5.0262,5.2746,0,-0.10979,8.3076,0.27889
4.7984,5.2637,-0.9158,-0.13299,8.2614,5.5573
4.7098,5.2504,-0.89734,-0.15573,8.2092,5.579
4.6141,5.2348,-0.87052,-0.1804,8.1494,5.5393
4.528,5.2167,-0.88793,-0.20173,8.0931,5.8405
4.4303,5.1966,-0.87383,-0.22718,8.0137,5.8897
4.3359,5.1739,-0.91824,-0.25148,7.9318,6.4262
4.2436,5.1487,-0.92168,-0.27555,7.8381,6.5904
4.1492,5.1211,-0.80262,-0.30008,7.7445,5.7069
4.0623,5.0911,-0.64324,-0.3226,7.6427,4.6124
3.991,5.0589,-0.46651,-0.34056,7.5333,3.5505
3.9493,5.0248,-0.27401,-8.8,7.4312,0
3.9194,4.1448,-0.15953,-0.060113,7.37,0.78327
3.8953,4.1388,-0.14906,-0.065185,7.345,0.78018
3.8717,4.1323,-0.2152,-0.070104,7.3156,1.0302
3.8502,4.1253,-0.27495,-0.074395,7.2847,1.2772
3.822,4.1178,-0.3089,-0.080335,7.2575,1.4505
3.822,4.1098,0,-0.086344,7.2283,0.4158
3.7623,4.1012,-0.24555,-0.093105,7.187,1.2758
3.7286,4.0919,-0.17148,-0.10051,7.1468,1.051
3.717,4.0818,-0.11357,-0.10141,7.1142,0.86462
3.6974,4.0717,-0.096088,-0.10445,7.0859,0.82604
3.6974,4.0612,0,-0.10702,7.049,0.53328
3.6653,4.0505,-0.029137,-8.8,6.9934,0
3.658,3.1705,0.034225,0.86281,7.0055,1.5143
3.671,3.2568,0.01924,0.70422,7.042,1.1197
3.6773,3.3272,-0.017727,0.57738,7.0842,0.95149
3.6852,3.385,-0.060426,0.48275,7.1113,0.89948
3.6805,3.4332,-0.062242,0.39011,7.1481,0.70839
3.6661,3.4723,-0.11498,0.30118,7.1767,0.73128
3.6603,3.5024,-0.087504,0.24222,7.1872,0.52659
3.6445,3.5266,-0.026196,0.1793,7.2096,0.24398
3.6438,3.5445,0.057909,0.14997,7.2298,0
3.6432,3.5595,0.14072,0.12589,7.247,0
3.6649,3.5721,0.1961,0.13908,7.265,0
3.6915,3.586,0.22371,0.15718,7.2765,0
3.7204,3.6017,0.24572,0.17592,7.2928,0
3.7204,3.6193,0,0.19145,7.3038,0.24449
3.7662,3.6385,0.16866,0.18686,7.3225,0
3.7891,3.6572,0.1532,0.19162,7.3301,0
3.7958,3.6763,0.13557,0.17223,7.3421,0
3.815,3.6935,0.14287,0.17392,7.3492,0
3.8254,3.7109,0.13676,0.16271,7.3535,0
3.8254,3.7272,0,0.14779,7.3642,0.13376
3.8254,3.742,0,0.14919,7.3733,0.17137
3.8657,3.7569,0.15302,0.1519,7.3811,0
3.8721,3.7721,0.21818,0.13897,7.3973,0
3.8973,3.786,0.34465,0.15381,7.4005,0
3.93,3.8014,0.4512,0.17693,7.4164,0
3.9756,3.8191,0.58344,0.21411,7.4352,0
4.0411,3.8405,0.6974,0.27262,7.4582,0
4.0411,3.8677,0,0.3306,7.4769,0.48415
4.1785,3.9008,0.73832,0.36947,7.5,0
4.2463,3.9377,0.69551,0.40543,7.5261,0
4.3233,3.9783,0.6224,0.44732,7.5591,0
4.3233,4.023,0,0.47082,7.5914,0.62163
4.4365,4.0701,0.37624,0.46167,7.6415,0
4.4643,4.1163,0.24629,0.43177,7.6703,0
4.4643,4.1594,0,0.39713,7.7029,0.35728
4.5075,4.1992,0.078521,0.37277,7.7337,0.035361
4.5251,4.2364,0.071877,0.3448,7.7564,0.023321
4.5332,4.2709,0.10251,0.30973,7.7767,0
4.539,4.3019,0.2168,0.27761,7.807,0
4.5616,4.3297,0.41459,0.26919,7.8214,0
4.5942,4.3566,0.68642,0.2739,7.8534,0
4.5942,4.384,0,0.32991,7.8758,0.38637
4.5942,4.417,0,0.40131,7.8952,0.71389
4.5942,4.4571,0,0.48157,7.9109,1.1289
5.0209,4.5052,1.4027,0.57101,7.9963,0
5.1569,4.5623,1.3973,0.64821,8.0458,0
5.2889,4.6272,1.3704,0.70896,8.1006,0
5.4265,4.6981,1.3384,0.76707,8.1742,0
5.5509,4.7748,1.3094,0.80138,8.2429,0
5.6894,4.8549,1.3072,0.84446,8.3141,0
5.827,4.9394,1.2932,0.88126,8.4057,0
5.9557,5.0275,1.2532,0.90286,8.4909,0
5.9557,5.1178,0,0.92124,8.5792,0.81459
5.9557,5.2099,0,0.93202,8.6584,1.1552
6.3302,5.3031,0.94504,0.94121,8.7774,0
6.4169,5.3972,0.72405,0.9162,8.8731,0
6.4169,5.4888,0,0.88053,8.9705,0.37019
6.5326,5.5769,0.32877,0.82927,9.0734,0
6.5576,5.6598,0.18811,0.76741,9.1721,0
6.5769,5.7366,0.15089,0.70873,9.2658,0
6.5997,5.8074,0.018953,0.6595,9.344,0
6.6108,5.8734,-0.62524,0.60664,9.4182,3.0966
6.5435,5.934,-1.683,0.49614,9.4893,15.026
6.3765,5.9837,-2.9453,0.31715,9.547,50.264
6.3765,6.0154,0,0.048123,9.5847,0
5.6389,6.0202,-5.3776,-0.099126,9.5544,15.244
5.0952,6.0103,-5.7706,-0.23979,9.4991,16.391
4.5235,5.9863,-5.5251,-0.39011,9.3736,16.444
3.9781,5.9473,-4.9501,-0.53713,9.2071,15.839
3.4764,5.8936,-4.2136,-0.67847,8.9952,14.851
3.0549,5.8257,-2.888,-0.80737,8.7272,12.794
2.7609,5.745,-1.587,-0.90641,8.4327,10.896
2.5982,5.6543,-0.75655,-0.97,8.1261,9.9905
2.5211,5.5573,0.080558,-1.0091,7.8137,4.2814
2.5226,5.4564,0.77819,-8.8,7.5203,0
2.5972,4.5764,0.6255,-8.8,7.2809,0
2.5972,3.6964,0,-0.25618,7.127,1.9015
2.5972,3.6708,0,-0.24236,7.0183,1.8798
2.7419,3.6466,0.31329,-0.2309,6.9593,0.73539
2.7711,3.6235,0.26982,-0.22023,6.8793,0.73042
2.7946,3.6015,0.36175,-8.8,6.7871,0
2.7946,2.7215,0,0.26225,6.7504,0.52445
2.8662,2.7477,0.35074,0.25832,6.7672,0
2.8662,2.7735,0,0.2744,6.7777,0.51275
2.9281,2.801,0.33302,0.2695,6.8012,0
2.9594,2.8279,0.342,0.27474,6.8087,0
3.0004,2.8554,0.3555,0.29838,6.817,0
3.0004,2.8852,0,0.28561,6.83,0.49045
3.0761,2.9138,0.5076,0.32481,6.8607,0
3.0761,2.9463,0,0.34667,6.8753,0.65289
3.1754,2.9809,0.67142,0.37558,6.8834,0
3.2452,3.0185,0.74855,0.4295,6.896,0
3.2452,3.0614,0,0.46333,6.9165,0.92283
3.3911,3.1078,0.73357,0.51537,6.9579,0
3.4651,3.1593,0.75104,0.54336,6.9891,0
3.5496,3.2136,0.81536,0.58311,7.0285,0
3.6365,3.272,0.98456,0.61739,7.0725,0
3.6365,3.3337,0,0.65998,7.1059,1.3623
3.8674,3.3997,1.591,0.75168,7.164,0
4.0323,3.4749,1.8969,0.86924,7.216,0
4.2244,3.5618,2.0758,0.99907,7.2773,0
4.4306,3.6617,2.0702,1.1171,7.3531,0
4.4306,3.7734,0,1.2042,7.4244,2.8402
4.8311,3.8938,1.6919,1.2544,7.524,0
4.8311,4.0193,0,1.259,7.6115,2.5671
4.8311,4.1452,0,1.2183,7.6864,2.8108
5.2477,4.267,1.0795,1.1669,7.8281,0
5.2477,4.3837,0,1.1194,7.9203,1.6498
5.4509,4.4956,1.0042,1.0645,8.0207,0
5.5578,4.6021,1.0626,1.0352,8.1183,0
5.5578,4.7056,0,1.0179,8.2087,1.2021
5.784,4.8074,1.246,1.0047,8.3146,0
5.91,4.9079,1.3243,1.0064,8.413,0
6.035,5.0085,1.3426,1.007,8.5129,0
6.1633,5.1092,1.244,1.0111,8.6163,0
6.2793,5.2103,1.0876,1.0027,8.7168,0
6.3851,5.3106,0.89484,0.98706,8.8249,0
6.3851,5.4093,0,0.95059,8.9274,0.51246
6.5268,5.5044,0.388,0.90364,9.0379,0
6.5566,5.5947,0.12964,0.83569,9.1405,0
6.5566,5.6783,0,0.76155,9.2325,0.060586
6.5568,5.7544,-0.20836,0.67718,9.3284,0.81543
6.5384,5.8222,-0.33483,0.59684,9.3993,1.346
6.5068,5.8818,-0.36077,0.51507,9.4632,1.3931
6.4795,5.9334,-0.36605,0.44572,9.5131,1.3525
6.4416,5.9779,-0.46529,0.37537,9.561,1.8122
6.392,6.0155,-0.58224,0.30281,9.603,2.4221
6.392,6.0457,0,0.23622,9.6392,0
6.2766,6.0694,-0.74696,0.165,9.6574,3.3531
6.2009,6.0859,-0.61862,0.091277,9.6693,2.4456
6.148,6.095,-0.43539,0.042004,9.6858,1.4459
6.108,6.0992,-0.26218,0.0069767,9.6792,0.73207
6.0796,6.0999,-0.12097,-0.0052398,9.6768,0.32529
6.0709,6.0994,-0.044031,-0.0073474,9.6724,0.14184
6.0709,6.0986,0,-0.0063611,9.6696,0.043544
6.0535,6.098,-0.25343,-0.011502,9.6664,0.78181
6.0309,6.0968,-0.34775,-0.01706,9.667,1.1808
6.0309,6.0951,0,-0.026274,9.6605,0.076634
5.9566,6.0925,-0.42566,-0.035188,9.6563,1.6606
5.9159,6.089,-0.56681,-0.044924,9.6371,2.4641
5.8537,6.0845,-0.80021,-0.060025,9.6197,4.1137
5.7764,6.0785,-1.0129,-0.07887,9.5908,6.0622
5.7764,6.0706,0,-0.10306,9.561,0.39065
5.7764,6.0603,0,-0.13897,9.5321,0.28997
5.3505,6.0464,-2.0398,-0.18503,9.4523,22.8
5.1394,6.0279,-2.1069,-0.23884,9.3711,25.048
4.9279,6.004,-2.2185,-0.29314,9.2722,28.475
4.7128,5.9747,-2.1855,-0.34892,9.1593,28.29
4.503,5.9398,-2.0786,-0.40403,9.0316,26.272
4.2872,5.8994,-2.0578,-0.46303,8.8767,26.312
4.0737,5.8531,-2.0496,-0.52335,8.7047,11.167
4.0737,5.8008,0,-0.58608,8.5294,2.466
3.6505,5.7422,-2.0195,-0.64935,8.3193,10.913
3.6505,5.6772,0,-0.71526,8.1134,2.8297
3.2403,5.6057,-2.0616,-0.78476,7.8662,10.616
3.0397,5.5272,-2.1264,-8.8,7.6232,0
2.8316,4.6472,-2.1972,-0.54254,7.4131,9.5625
2.6112,4.593,-2.2598,-8.8,7.2236,0
2.3869,3.713,-2.3293,-0.33639,7.0681,8.605
2.3869,3.6793,0,-0.39519,6.9372,1.9518
1.9307,3.6398,-2.2726,-8.8,6.7695,0
1.9307,2.7598,0,-0.21451,6.6426,1.3362
1.4889,2.7384,-2.1018,-0.26036,6.5242,7.4171
1.4889,2.7123,0,-0.30727,6.4006,2.0613
1.0906,2.6816,-1.6202,-8.8,6.2412,0
0.92011,1.8016,-1.4789,-0.13014,6.1124,5.2362
0.77632,1.7886,-1.2202,-0.15195,6.0226,4.9268
0.65087,1.7734,-1.0201,-0.17193,5.9163,4.6932
0.54915,1.7562,-0.8503,-8.8,5.7959,0
0.45807,0.8762,-0.6968,-0.6968,5.7118,0.85717
0.39546,0.80652,-0.57145,-0.57145,5.6705,0.84268
0.33924,0.74938,-0.53081,-0.53081,5.6328,0.8408
0.2895,0.6963,-0.49752,-0.49752,5.6001,0.83393
0.2895,0.64655,0,-0.45662,5.5619,0
0.2895,0.60089,0,-0.53112,5.5285,0
0.1514,0.54777,-0.57431,-0.57431,5.4828,0.81257
0.1514,0.49034,0,-0.6286,5.446,0
0.020189,0.42748,-0.67251,-0.67251,5.4068,0.83495
0.020189,0.36023,0,-0.71043,5.3694,0
-0.1222,0.28919,-0.65597,-0.65597,5.3318,0.84358
-0.18131,0.22359,-0.5811,-0.5811,5.2904,0.83028
-0.23813,0.16548,-0.57746,-0.57746,5.2461,0.82765
-0.23813,0.10774,0,-0.63134,5.2086,0
-0.35059,0.044601,-0.71493,-0.71493,5.1723,0.81039
-0.42659,0,-0.76206,-0.76206,5.1394,0.87475
-0.50581,0,-0.78975,-0.78975,5.0869,1.0372
-0.50581,0,0,-0.74421,5.0403,0
-0.65363,0,-0.70944,-8.8,4.9953,0
-0.7202,0,-0.74776,-8.8,4.9731,0
-0.7202,0,0,-8.8,4.9451,0
-0.88148,0,-0.77378,-8.8,4.9065,0
-0.95496,0,-0.80068,-8.8,4.8618,0
-1.0436,0,-0.86741,-8.8,4.808,0
-1.0436,0,0,-8.8,4.7476,0
-1.2195,0,-1.1098,-8.8,4.6687,0
-1.2195,0,0,-8.8,4.5908,0
