0,0,2.3411,0,35.5,0
0.22676,0,1.6224,7.8,35.515,44.54
0.37923,0.78,1.4131,7.8,35.509,51.552
0.51274,1.56,1.1494,7.8,35.429,59.943
0.62501,2.34,1.0287,7.8,35.293,66.395
0.71914,3.12,1.017,7.8,35.096,71.163
0.81823,3.9,1.0009,7.8,34.82,76.023
0.91868,4.68,0.91507,7.8,34.47,82.238
1.0171,5.46,0.76014,7.8,34.067,89.941
1.0909,6.24,0.57448,6.7,33.588,85.185
1.1569,6.91,0.37088,6.7,33.034,93.543
1.1914,7.58,0.12961,6.7,32.419,103.23
1.1951,8.25,-0.094811,6.7,31.745,113.12
1.1802,8.92,-0.28257,-0.44124,31.001,35.406
1.1524,8.8759,-0.42689,-0.45656,30.23,37.372
1.1115,8.8302,-0.53931,-0.47378,29.448,38.972
1.1115,8.7828,0,-0.49282,28.679,30.454
0.98898,8.7336,-0.5103,-0.51311,27.914,31.864
0.93863,8.6822,-0.38316,-0.53409,27.137,35.979
0.93863,8.6288,0,-0.55543,26.366,29.95
0.88556,8.5733,0.0072404,-0.57607,25.595,29.639
0.88556,8.5157,0,-0.59609,24.829,29.207
0.89843,8.4561,0.24563,-0.61696,24.082,25.568
0.89843,8.3944,0,-0.63765,23.33,28.038
0.94656,8.3306,0.26149,-0.65848,22.604,24.08
0.97501,8.2648,0.25516,-0.68055,21.871,23.456
1.0071,8.1967,0.27851,-0.70354,21.142,22.473
1.0355,8.1264,0.3805,-0.72709,20.435,20.696
1.0824,8.0537,0.59645,-0.74997,19.733,17.866
1.1505,7.9787,0.8224,-0.77113,19.044,15.179
1.2351,7.9015,1.0438,-0.79075,18.368,12.798
1.3439,7.8225,1.2599,-0.80739,17.71,10.7
1.4643,7.7417,1.3862,-0.82256,17.063,9.304
1.5942,7.6595,1.4818,-0.8342,16.454,8.1806
1.7392,7.5761,1.644,-0.84361,15.853,6.9304
1.9133,7.4917,1.8373,-0.8461,15.283,5.7993
2.0934,7.4071,1.9529,-0.84467,14.745,5.0774
2.2969,7.3226,1.9663,-0.83724,14.225,4.5989
2.4887,7.2389,1.8243,-0.82883,13.727,4.3386
2.6688,7.156,1.4924,-0.81859,13.262,4.3673
2.6688,7.0742,0,-0.80919,12.817,10.853
2.9404,6.9932,0.53308,-0.80495,12.407,6.2662
2.9885,6.9127,0.11918,-0.8128,12.005,8.0259
2.9885,6.8315,0,-0.82765,11.616,8.3988
2.9565,6.7487,-0.30081,-0.85353,11.237,10.263
2.9565,6.6633,0,-0.878,10.862,7.575
2.9159,6.5755,0.48302,-0.89646,10.495,4.9303
2.9594,6.4859,1.0065,-0.90163,10.135,3.2862
3.0688,6.3957,1.6663,-0.88747,9.7871,2.9774
3.239,6.307,2.0547,-0.85163,9.467,3.5686
3.442,6.2218,2.2737,-0.80205,9.1658,4.2169
3.6663,6.1416,2.379,-0.7393,8.8998,4.6744
3.8975,6.0677,2.18,-0.66881,8.6634,4.0484
3.8975,6.0008,0,-0.59816,8.4497,3.4775
3.8975,5.941,0,-0.53153,8.2424,3.5685
4.4631,5.8878,1.07,-0.47187,8.1315,1.155
4.5789,5.8406,0.54926,-0.42586,7.997,0.82549
4.6412,5.7981,0.24703,-8.8,7.8804,11.571
4.6564,4.9181,-0.20325,-0.076138,7.8172,0.9706
4.6335,4.9104,-0.50352,-0.080897,7.7927,2.3001
4.5734,4.9024,-0.82545,-0.096464,7.7646,4.4791
4.4962,4.8927,-1.09,-0.11685,7.7322,6.9618
4.3853,4.881,-1.2387,-0.1473,7.681,8.8071
4.2617,4.8663,-1.3961,-0.18123,7.6254,11.039
4.1282,4.8482,-1.6544,-0.2182,7.5567,15.175
3.9641,4.8264,-1.6335,-0.26509,7.4692,15.227
3.9641,4.7998,0,-8.8,7.3843,0
3.9641,3.9198,0,-0.072768,7.3447,0
3.4384,3.9126,-1.832,-0.12134,7.2754,7.3578
3.2616,3.9004,-1.7964,-0.16497,7.2211,7.4131
3.084,3.8839,-1.7089,-0.20937,7.143,7.3828
2.9137,3.863,-1.474,-0.25266,7.0458,7.1366
2.9137,3.8377,0,-0.29161,6.9521,1.3432
2.6439,3.8086,-0.77922,-8.8,6.8434,0
2.6439,2.9286,0,-0.077569,6.7709,0.42989
2.5263,2.9208,0.14448,-0.083625,6.735,0.33244
2.536,2.9125,0.48746,-0.080445,6.6898,0
2.5819,2.9044,0.7536,-0.069404,6.6496,0
2.6547,2.8975,0.90397,-0.052575,6.613,0.0069962
2.7508,2.8922,1.037,-0.030668,6.5996,0.17376
2.8481,2.8891,1.1052,-0.0089095,6.5886,0.28439
2.9628,2.8883,1.1896,0.14602,6.591,0.059699
3.083,2.9029,1.2948,0.35066,6.6067,0
3.083,2.9379,0,0.54026,6.623,1.3428
3.3513,2.9919,1.4179,0.67051,6.6678,0
3.4909,3.059,1.4935,0.78082,6.7072,0
3.6306,3.1371,1.6294,0.86124,6.7586,0
3.7959,3.2232,1.7401,0.96075,6.8028,0
3.969,3.3193,1.9331,1.0465,6.8669,0
4.1611,3.4239,2.0301,1.1367,6.9307,0
4.3691,3.5376,2.0823,1.2273,7.0163,0
4.3691,3.6603,0,1.2983,7.0933,3.1772
4.3691,3.7902,0,1.3447,7.1577,3.9592
4.9895,3.9246,2.0531,1.3673,7.2894,0
5.1863,4.0614,2.0255,1.3829,7.4013,0
5.398,4.1997,2.0134,1.4118,7.5141,0
5.5923,4.3408,1.9868,1.4167,7.6442,0
5.7905,4.4825,1.9821,1.4232,7.7661,0
5.7905,4.6248,0,1.4353,7.8898,2.2247
6.1829,4.7684,1.9814,1.434,8.0541,0
6.38,4.9118,1.9987,1.4398,8.203,0
6.38,5.0557,0,1.4381,8.3426,1.6603
6.38,5.1995,0,1.4415,8.4678,2.2044
6.9777,5.3437,1.9339,1.4596,8.6523,0
6.9777,5.4897,0,1.4533,8.8084,1.1582
7.3546,5.635,1.8075,1.4545,8.9898,0
7.5271,5.7804,1.7421,1.4409,9.1693,0
7.6936,5.9245,1.728,1.4233,9.3363,0
7.87,6.0669,1.7535,1.4193,9.5242,0
8.0361,6.2088,1.7422,1.4085,9.7154,0
8.2151,6.3497,1.7338,1.4094,9.9078,0
8.39,6.4906,1.7165,1.4063,10.092,0
8.39,6.6312,0,1.3979,10.275,0
8.7312,6.771,1.7301,1.3994,10.487,0
8.914,6.911,1.7357,1.4055,10.688,0
8.914,7.0515,0,1.4091,10.882,0
8.914,7.1924,0,1.4055,11.061,0.14357
9.4375,7.333,1.7311,1.4053,11.298,0
9.6085,7.4735,1.6782,1.4051,11.519,0
9.7858,7.614,1.5816,1.4096,11.744,0
9.9351,7.755,1.481,1.395,11.962,0
10.086,7.8945,1.5372,1.384,12.185,0
10.244,8.0329,1.4823,1.3779,12.403,0
10.402,8.1706,1.3164,1.3722,12.619,0
10.538,8.3079,1.1381,1.3543,12.834,0
10.654,8.4433,1.0778,1.3261,13.052,0
10.753,8.5759,1.0097,1.2918,13.272,0
10.862,8.7051,1.0466,1.2655,13.479,0
10.97,8.8316,1.1451,1.2426,13.698,0
10.97,8.9559,0,1.2268,13.906,0
11.213,9.0786,1.2706,1.2176,14.13,0
11.346,9.2003,1.1491,1.2124,14.334,0
11.47,9.3216,1.0639,1.2026,14.54,0
11.47,9.4418,0,1.1902,14.749,0
11.694,9.5609,1.0532,1.175,14.974,0
11.792,9.6784,1.0874,1.1552,15.188,0
11.891,9.7939,1.1318,1.1373,15.393,0
12.013,9.9076,1.1562,1.1335,15.597,0
12.121,10.021,1.1555,1.1229,15.817,0
12.24,10.133,1.1276,1.1192,16.03,0
12.356,10.245,1.0833,1.1134,16.234,0
12.356,10.357,0,1.1072,16.439,0
12.582,10.467,1.2115,1.1007,16.656,0
12.582,10.577,0,1.0969,16.862,0
12.817,10.687,1.3539,1.0943,17.062,0
12.953,10.796,1.3947,1.1019,17.285,0
13.09,10.907,1.3462,1.1084,17.493,0
13.23,11.017,1.244,1.117,17.718,0
13.23,11.129,0,1.1206,17.933,0
13.23,11.241,0,1.1225,18.138,0
13.23,11.353,0,1.128,18.331,0
13.765,11.466,1.3396,1.1351,18.621,0
13.765,11.58,0,1.1406,18.846,0
14.04,11.694,1.3651,1.1465,19.095,0
14.177,11.808,1.315,1.1507,19.326,0
14.304,11.924,1.3285,1.1501,19.556,0
14.304,12.039,0,1.1554,19.788,0
14.304,12.154,0,1.1635,20.009,0
14.719,12.27,1.3711,1.1654,20.291,0
14.851,12.387,1.4026,1.1663,20.531,0
15,12.504,1.4054,1.1756,20.775,0
15.143,12.621,1.3784,1.1821,21.026,0
15.279,12.739,1.3505,1.1842,21.275,0
15.414,12.858,1.3456,1.1862,21.531,0
15.547,12.976,1.2889,1.1868,21.782,0
15.68,13.095,1.2186,1.1882,22.049,0
15.799,13.214,1.1831,1.1828,22.304,0
15.922,13.332,1.1716,1.1793,22.562,0
16.039,13.45,1.1772,1.1741,22.83,0
16.039,13.568,0,1.1725,23.083,0
16.285,13.685,1.167,1.1684,23.344,0
16.285,13.802,0,1.1589,23.599,0
16.489,13.918,0.94596,1.1452,23.857,0
16.489,14.032,0,1.13,24.108,0
16.663,14.145,0.91349,1.112,24.363,0
16.761,14.256,0.98963,1.1019,24.612,0
16.859,14.366,1.0487,1.0925,24.864,0
16.859,14.476,0,1.0844,25.108,0
16.859,14.584,0,1.0805,25.341,0
16.859,14.692,0,1.0798,25.563,0
17.291,14.8,1.0247,1.0759,25.869,0
17.291,14.908,0,1.0734,26.113,0
17.495,15.015,0.97776,1.0639,26.368,0
17.495,15.121,0,1.0538,26.611,0
17.675,15.227,0.917,1.0434,26.87,0
17.773,15.331,0.94147,1.0368,27.105,0
17.87,15.435,0.99906,1.0306,27.357,0
17.96,15.538,1.0053,1.0217,27.592,0
18.065,15.64,1.0539,1.0197,27.839,0
18.176,15.742,1.0586,1.0206,28.085,0
18.275,15.844,0.98924,1.016,28.328,0
18.371,15.946,0.91256,1.0106,28.577,0
18.467,16.047,0.88178,1.0053,28.815,0
18.564,16.147,0.83993,1.0013,29.065,0
18.65,16.247,0.76433,0.99262,29.315,0
18.717,16.347,0.70649,0.97652,29.554,0
18.782,16.444,0.66603,0.95993,29.784,0
18.849,16.54,0.62614,0.94547,30.007,0
18.849,16.635,0,0.92638,30.233,0
18.963,16.728,0.56432,0.9104,30.46,0
19.03,16.819,0.56561,0.89818,30.687,0
19.078,16.908,0.54483,0.87918,30.907,0
19.138,16.996,0.56571,0.86596,31.129,0
19.202,17.083,0.62101,0.8547,31.345,0
19.271,17.168,0.65113,0.84633,31.56,0
19.344,17.253,0.69061,0.83924,31.767,0
19.344,17.337,0,0.82896,31.972,0
19.476,17.42,0.73043,0.82174,32.177,0
19.54,17.502,0.72359,0.81279,32.389,0
19.622,17.583,0.75743,0.81119,32.583,0
19.707,17.664,0.74866,0.81059,32.781,0
19.781,17.745,0.75528,0.80615,32.987,0
19.864,17.826,0.77691,0.80558,33.189,0
19.864,17.907,0,0.80418,33.389,0
20.014,17.987,0.74556,0.79815,33.609,0
20.096,18.067,0.73772,0.79707,33.806,0
20.177,18.147,0.7228,0.79634,34.015,0
20.24,18.226,0.67252,0.78824,34.226,0
20.317,18.305,0.60802,0.78597,34.427,0
20.317,18.384,0,0.77561,34.624,0
20.431,18.461,0.46538,0.7663,34.818,0
20.474,18.538,0.35182,0.75199,35.023,0
20.474,18.613,0,0.7379,35.213,0
20.546,18.687,0.19871,0.71919,35.397,0
20.568,18.759,0.14979,0.69862,35.573,0
20.575,18.829,0.11879,0.67304,35.752,0
20.592,18.896,0.15121,0.65259,35.919,0
20.617,18.961,0.1817,0.63614,36.091,0
20.633,19.025,0.1869,0.61671,36.256,0
20.655,19.086,0.20473,0.60097,36.422,0
20.674,19.147,0.19541,0.58408,36.573,0
20.686,19.205,0.15551,0.56569,36.727,0
20.693,19.261,0.1365,0.54615,36.875,0
20.704,19.316,0.12877,0.52861,37.013,0
20.723,19.369,0.11985,0.51514,37.145,0
20.743,19.42,0.11143,0.50219,37.268,0
20.743,19.471,0,0.48395,37.398,0
20.743,19.519,0,0.47335,37.523,0
20.785,19.566,0.10709,0.46126,37.639,0
20.793,19.613,0.048652,0.44591,37.751,0
20.799,19.657,-0.0081334,0.43082,37.861,0
20.797,19.7,-0.064321,0.41361,37.975,0
20.782,19.742,-0.1126,0.39187,38.079,0
20.768,19.781,-0.20517,0.37175,38.188,0
20.738,19.818,-0.25524,0.3461,38.285,0
20.738,19.853,0,0.3231,38.376,0
20.681,19.885,-0.36894,0.29885,38.476,0
20.635,19.915,-0.45942,0.27038,38.55,0.45426
20.635,19.942,0,0.24198,38.621,0
20.537,19.966,-0.50558,0.21419,38.687,0.88392
20.537,19.987,0,0.18812,38.743,0
20.452,20.006,-0.35143,0.16712,38.791,0.41965
20.422,20.023,-0.23,0.1492,38.833,0.070043
20.422,20.038,0,0.13678,38.872,0
20.387,20.052,-0.071476,0.12566,38.905,0
20.375,20.064,-0.080958,0.1163,38.937,0
20.368,20.076,-0.15062,0.10938,38.975,0
20.368,20.087,0,0.10035,39.003,0
20.368,20.097,0,0.085688,39.031,0
20.368,20.105,0,0.069408,39.058,0
20.254,20.112,-0.36223,0.053106,39.061,0.90315
20.223,20.118,-0.3896,0.039429,39.072,1.0698
20.182,20.121,-0.34029,0.022617,39.075,0.93542
20.182,20.124,0,0.0093198,39.081,0
20.105,20.125,-0.33983,-0.0018584,39.076,1.0728
20.074,20.124,-0.31216,-0.0047162,39.08,1.0407
20.035,20.124,-0.25872,-0.0082959,39.067,0.93271
20.035,20.123,0,-0.010798,39.058,0.15962
19.974,20.122,-0.21805,-0.013876,39.042,0.92918
19.949,20.121,-0.28701,-0.016133,39.028,1.2493
19.925,20.119,-0.4203,-0.018253,39.005,1.8998
19.883,20.117,-0.58488,-0.022072,38.978,2.916
19.832,20.115,-0.76185,-0.026672,38.956,4.2671
19.832,20.112,0,-0.033393,38.927,0.53169
19.662,20.109,-0.99729,-0.042148,38.885,6.8984
19.554,20.105,-1.1041,-0.052057,38.833,8.432
19.554,20.1,0,-0.063062,38.778,1.0848
19.303,20.093,-1.3454,-0.075176,38.687,12.489
19.168,20.086,-1.5212,-0.087535,38.598,15.717
19.018,20.077,-1.6928,-0.10142,38.498,19.389
18.851,20.067,-1.7597,-0.11688,38.394,21.519
18.666,20.055,-1.6092,-0.13423,38.265,19.716
18.498,20.042,-1.3445,-0.15008,38.109,16.239
18.371,20.027,-1.1258,-0.16193,37.956,13.746
18.26,20.011,-0.86012,-0.17229,37.793,11.015
18.177,19.993,-0.61384,-0.17992,37.613,8.8226
18.112,19.975,-0.51835,-0.18595,37.424,8.1547
18.06,19.957,-0.47389,-0.1907,37.236,7.8991
18.06,19.938,0,-0.19499,37.047,4.5751
17.976,19.918,-0.37634,-0.19803,36.869,7.2662
17.949,19.898,-0.53175,-0.20043,36.666,8.5617
17.896,19.878,-0.80812,-0.20537,36.475,11.375
17.822,19.858,-1.1318,-0.21249,36.279,15.531
17.717,19.837,-1.4404,-0.22305,36.08,20.599
17.573,19.814,-1.6592,-0.23802,35.854,25.175
17.412,19.79,-1.6853,-0.255,35.615,26.423
17.25,19.765,-1.5375,-0.27235,35.376,24.343
17.093,19.738,-1.3696,-0.28929,35.126,22.071
17.093,19.709,0,-0.30527,34.863,6.6895
16.838,19.678,-1.2169,-0.31775,34.586,20.558
16.718,19.647,-1.345,-0.3316,34.292,23.022
16.588,19.613,-1.6489,-0.34714,33.985,29.083
16.588,19.579,0,-0.36732,33.684,7.7982
16.224,19.542,-2.4505,-0.39086,33.366,51.108
15.981,19.503,-2.9518,-0.42085,33.031,70.557
15.678,19.461,-3.4232,-0.45942,32.667,94.434
15.328,19.415,-3.8004,-0.50488,32.276,118.44
15.328,19.364,0,-0.55599,31.87,10.975
14.519,19.309,-4.5349,-0.61601,31.388,179.63
14.061,19.247,-4.626,-0.68261,30.886,188.71
14.061,19.179,0,-0.75335,30.37,14.499
13.155,19.104,-4.2131,-0.82524,29.772,154.2
12.733,19.021,-3.9775,-0.89815,29.165,138.69
12.331,18.931,-3.5417,-0.97265,28.53,114.14
11.97,18.834,-3.1179,-1.0464,27.856,94.817
11.666,18.729,-2.6662,-1.1161,27.159,77.636
11.407,18.618,-2.242,-1.1823,26.454,64.079
11.191,18.499,-1.6177,-1.2463,25.724,47.716
11.031,18.375,-1.1081,-1.3046,24.983,36.894
10.924,18.244,-0.56963,-1.3563,24.242,27.57
10.862,18.109,-0.24286,-1.401,23.51,22.509
10.837,17.969,-0.087171,-1.4386,22.795,19.824
10.836,17.825,-0.13046,-1.4728,22.083,19.26
10.826,17.677,-0.44828,-1.5082,21.39,21.806
10.787,17.527,-0.95896,-1.5504,20.712,27.733
10.787,17.372,0,-1.6047,20.046,14.985
10.522,17.211,-2.3599,-1.6843,19.375,56.625
10.29,17.043,-2.9468,-1.7835,18.702,76.605
9.9959,16.864,-3.3432,-1.9072,18.018,94.088
9.6648,16.674,-3.6283,-2.0493,17.334,109.33
9.3084,16.469,-3.7239,-2.2135,16.623,114.61
8.9444,16.247,-3.7926,-2.3946,15.899,118.42
8.9444,16.008,0,-2.5971,15.18,10.56
8.1773,15.748,-3.9153,-2.8278,14.395,125.95
7.7949,15.465,-3.9466,-3.0769,13.623,27.246
7.4018,15.158,-4.0108,-3.3531,12.848,25.272
7.4018,14.822,0,-6.5418,12.09,57.638
6.6112,14.168,-3.9105,-6.437,11.302,10.315
6.2141,13.525,-4.0588,-6.5879,10.566,9.6723
5.8032,12.866,-4.1283,-6.6588,9.8554,9.1608
5.8032,12.2,0,-6.6024,9.1824,49.435
4.9672,11.54,-3.8653,-6.4105,8.486,8.1254
4.5745,10.899,-3.6847,-6.2331,7.847,7.6096
4.2053,10.275,-3.2504,-5.7999,7.2257,7.0862
3.8868,9.6953,-2.8124,-5.3584,6.6258,6.5576
3.6009,9.1594,-2.474,-5.2,6.0616,5.667
3.3477,8.6394,-2.0951,-5.2,5.5252,4.3241
3.1481,8.1194,-1.8055,-5.2,5.0092,3.0584
2.9721,7.5994,-1.596,-5.2,4.5379,1.9131
2.8044,7.0794,-1.2946,-5.2,4.0965,0.58497
2.6661,6.5594,-0.90968,-5.2,3.6839,0
2.6661,6.0394,0,-8.8,3.3206,0
2.5299,5.1594,0.0068066,-8.8,3.0006,0
2.5395,4.2794,0.46127,-8.8,2.7871,0
2.5896,3.3994,0.77946,-8.8,2.652,0
2.5896,2.5194,0,-8.8,2.615,0
2.7751,1.6394,1.0423,-8.8,2.6839,0
2.8717,0.75943,0.96345,-8.8,2.8371,0
2.8717,0,0,-8.8,3.0923,0
3.0408,0,0.70358,-8.8,3.4262,0
3.1105,0,0.56483,-8.8,3.7799,0
3.1696,0,0.2983,-8.8,4.135,0
3.1696,0,0,-8.8,4.496,0
3.2003,0,-0.454,-8.8,4.8602,0
3.1595,0,-0.75968,-0.75968,5.2177,0
3.0771,0,-1.0449,-1.0449,5.5283,0
3.0771,0,0,-1.2236,5.8412,0
3.0771,0,0,-1.3149,6.155,0
2.6939,0,-1.4636,-1.4636,6.4229,0
2.5508,0,-1.6356,-1.6356,6.698,0
2.3865,0,-1.7763,-1.7763,6.9565,0
2.2065,0,-1.8988,-1.8988,7.1888,0
2.0259,0,-1.9554,-1.9554,7.4176,0
1.831,0,-1.9052,-1.9052,7.6273,0
1.6361,0,-1.8575,-1.8575,7.8201,0
1.4511,0,-1.9079,-1.9079,7.9896,0
1.2597,0,-1.9489,-1.9489,8.1426,0
1.0588,0,-1.9718,-1.9718,8.273,0
0.8564,0,-2.0607,-2.0607,8.3727,0
0.64572,0,-2.1661,-2.1661,8.4488,0
0.42803,0,-2.146,-2.146,8.5082,0
0.22294,0,-2.1004,-2.1004,8.5454,0
0.014817,0,-2.0451,-2.0451,8.564,0
-0.1874,0,-1.923,-1.923,8.5642,0.38417
-0.37113,0,-1.7383,-1.7383,8.5528,0.76081
-0.55406,0,-1.5646,-1.5646,8.5098,1.1358
-0.70273,0,-1.3554,-1.3554,8.4465,1.4406
-0.70273,0,0,-1.1426,8.383,0
-0.95298,0,-0.96309,-0.96309,8.3097,1.9536
-0.95298,0,0,-0.7733,8.2192,0.3287
-0.95298,0,0,-0.55906,8.1278,0.77889
-1.1767,0,-0.3308,-0.3308,8.0049,2.4122
-1.2056,0,-0.089005,-0.089005,7.8962,2.4715
-1.2063,0,0.17894,0.17894,7.7853,2.4729
-1.2063,0.017894,0,0.41387,7.6638,3.3793
-1.144,0.05928,0.61162,0.61162,7.5441,2.4667
-1.0788,0.12044,0.75755,0.75755,7.4201,2.4585
-1.0023,0.1962,0.87416,0.87416,7.2934,2.4568
-0.90538,0.28361,0.94827,0.94827,7.1715,2.4374
-0.80988,0.37844,0.99808,0.99808,7.0469,2.4361
-0.71115,0.47825,1.0529,1.0529,6.919,2.4383
-0.61353,0.58354,1.0753,1.0753,6.8087,2.454
-0.51443,0.69108,1.0865,1.0865,6.6896,2.4713
-0.41181,0.79972,1.0941,1.0941,6.5598,2.4836
-0.29903,0.90914,1.1,-0.078092,6.4446,0.0012551
-0.188,0.90133,1.0735,-0.071679,6.3393,0
-0.188,0.89416,0,-0.064971,6.2307,2.0819
0.036952,0.88766,1.0525,-0.058105,6.1359,0.38474
0.13572,0.88185,1.0573,-0.051626,6.0619,0.32478
0.13572,0.87669,0,1.0479,5.9875,7.5747
0.13572,0.98148,0,-0.051686,5.9082,1.9299
0.44118,0.97631,0.85494,-0.043579,5.8702,0.070269
0.53336,0.97195,0.73475,-0.036005,5.8246,0
0.53336,0.96835,0,-0.029416,5.7809,0.91091
0.67272,0.96541,0.41328,-0.024429,5.7409,0
0.71856,0.96297,0.26653,-0.020516,5.7116,0
0.71856,0.96092,0,-0.018291,5.6873,0.48302
0.7609,0.95909,0.053415,-0.016747,5.6738,0.26059
0.7609,0.95741,0,-0.016493,5.654,0.38381
0.76792,0.95576,-0.010752,-0.015985,5.6368,0.39261
0.773,0.95417,0.0047234,-0.015501,5.6119,0.34039
0.78039,0.95262,0.015687,-0.014829,5.5847,0.29603
0.77556,0.95113,0.024859,-0.015186,5.5638,0.28092
0.78207,0.94961,-0.0063093,-0.014532,5.5485,0.33962
0.78569,0.94816,-0.036991,-0.01414,5.5316,0.40713
0.77436,0.94675,-0.039969,-0.015049,5.5158,0.43543
0.76762,0.94524,-0.053439,-0.015573,5.4957,0.48249
0.76083,0.94368,-0.065385,-8.8,5.4685,0
0.75981,0.063684,-0.1312,-0.1312,5.486,0
0.73827,0.050564,-0.086377,-0.086377,5.5595,0
