10.556,10.556,-0.094466,0,35.5,0.22132
10.548,10.556,-0.14486,6.7,35.492,63.763
10.533,11.226,-0.34904,6.7,35.463,72.8
10.504,11.896,-0.47112,-0.087115,35.368,6.3776
10.452,11.887,-0.62273,-0.090337,35.228,7.7896
10.398,11.878,-0.77142,-0.0937,35.086,9.3668
10.319,11.868,-0.85692,-0.098792,34.924,10.562
10.235,11.859,-0.89201,-0.10417,34.767,11.284
10.144,11.848,-0.94149,-0.11016,34.591,12.228
10.057,11.837,-0.91678,-0.1159,34.423,12.302
9.9695,11.826,-0.88764,-0.12175,34.245,12.322
9.8896,11.813,-0.82228,-0.12726,34.048,11.897
9.8896,11.801,0,-0.13301,33.856,5.0142
9.7449,11.787,-0.4574,-0.13746,33.647,8.8058
9.7078,11.774,-0.30747,-0.14026,33.441,7.6563
9.6756,11.76,-0.047504,-0.14284,33.224,5.8877
9.6756,11.745,0,-0.14368,33.016,5.5369
9.6756,11.731,0,-0.14282,32.81,5.4884
9.6899,11.717,0.0026356,-0.14266,32.614,5.3681
9.687,11.702,-0.18568,-0.14318,32.406,6.5308
9.687,11.688,0,-0.14419,32.205,5.2814
9.6338,11.674,-0.51916,-0.14761,31.996,9.2657
9.5837,11.659,-0.43268,-0.15155,31.792,8.64
9.5433,11.644,-0.21911,-0.15492,31.575,7.0423
9.5433,11.628,0,-0.15639,31.365,5.5235
9.5427,11.613,0.36534,-0.1556,31.158,3.6331
9.5819,11.597,0.46443,-0.15297,30.947,3.1023
9.6208,11.582,0.51686,-0.15028,30.742,2.7859
9.6678,11.567,0.61094,-0.14686,30.548,2.3569
9.7349,11.552,0.67208,-0.14179,30.357,2.0253
9.7349,11.538,0,-0.13625,30.176,4.6118
9.7349,11.524,0,-0.12937,29.997,4.5989
9.7349,11.511,0,-0.12244,29.818,4.5889
9.7349,11.499,0,-0.11589,29.641,4.5793
10.156,11.487,0.91968,-0.10799,29.552,0.85485
10.251,11.477,0.87532,-0.10005,29.42,0.75057
10.335,11.467,0.79886,-0.092939,29.292,0.68275
10.409,11.457,0.76682,-0.086597,29.175,0.59822
10.488,11.449,0.61293,-0.07979,29.068,0.62136
10.549,11.441,0.56189,-0.074329,28.973,0.57755
10.614,11.433,0.53406,-0.068618,28.893,0.50322
10.614,11.426,0,-0.063282,28.812,1.7942
10.71,11.42,0.43304,-0.059855,28.748,0.46737
10.758,11.414,0.47992,-0.055516,28.678,0.32287
10.813,11.409,0.40909,-0.050612,28.606,0.32016
10.862,11.403,0.34759,-0.046083,28.547,0.32044
10.903,11.399,0.42099,-0.04238,28.491,0.15449
10.903,11.395,0,-0.0379,28.441,1.0276
10.993,11.391,0.54494,-0.034103,28.412,0
10.993,11.387,0,-0.02922,28.372,0.8119
11.1,11.385,0.69273,-0.024455,28.356,0
11.165,11.382,0.97415,-0.01865,28.321,0.036822
11.253,11.38,1.2093,-0.010953,28.296,0.48403
11.377,11.379,1.3404,-0.00017894,28.293,0.88175
11.502,11.379,1.4365,0.089443,28.291,0.92158
11.502,11.388,0,0.18534,28.303,0.19625
11.795,11.407,1.3027,0.28117,28.336,0.045106
11.928,11.435,1.1728,0.3563,28.389,0
12.037,11.47,1.1335,0.40785,28.441,0
12.152,11.511,1.1324,0.4589,28.492,0
12.263,11.557,1.1203,0.50323,28.552,0
12.371,11.607,1.0119,0.54201,28.635,0
12.47,11.662,0.91523,0.57029,28.71,0
12.557,11.719,0.77305,0.58843,28.786,0
12.557,11.777,0,0.59239,28.867,0
12.69,11.837,0.47534,0.59187,28.959,0
12.69,11.896,0,0.57384,29.042,0
12.69,11.953,0,0.5561,29.118,0
12.79,12.009,0.36413,0.53251,29.198,0
12.79,12.062,0,0.51264,29.273,0
12.79,12.113,0,0.50032,29.343,0
12.901,12.163,0.32898,0.49557,29.409,0
12.932,12.213,0.31774,0.48097,29.478,0
12.957,12.261,0.33677,0.46342,29.553,0
12.957,12.307,0,0.45111,29.621,0
12.957,12.352,0,0.43567,29.683,0
13.072,12.396,0.70419,0.44476,29.753,0
13.072,12.441,0,0.45988,29.818,0
13.217,12.486,0.76105,0.47702,29.896,0
13.217,12.534,0,0.48744,29.967,0
13.217,12.583,0,0.49703,30.032,0
13.393,12.633,0.30186,0.48992,30.117,0
13.427,12.682,0.22184,0.47848,30.189,0
13.447,12.729,0.22284,0.45824,30.261,0
13.464,12.775,0.26107,0.43839,30.337,0
13.486,12.819,0.28661,0.42289,30.401,0
13.486,12.861,0,0.41536,30.466,0
13.543,12.903,0.4027,0.40283,30.524,0
13.579,12.943,0.42727,0.39895,30.587,0
13.579,12.983,0,0.39738,30.648,0
13.658,13.023,0.46465,0.39595,30.723,0
13.658,13.062,0,0.39308,30.784,0
13.75,13.102,0.44627,0.40109,30.844,0
13.786,13.142,0.45471,0.39742,30.908,0
13.786,13.182,0,0.39882,30.97,0
13.873,13.222,0.5408,0.39958,31.034,0
13.936,13.261,0.5757,0.41261,31.102,0
13.997,13.303,0.59676,0.42313,31.173,0
13.997,13.345,0,0.42659,31.24,0
14.107,13.388,0.66044,0.4352,31.307,0
14.181,13.431,0.63669,0.4526,31.387,0
14.238,13.476,0.59511,0.45828,31.471,0
14.295,13.522,0.59152,0.46301,31.551,0
14.346,13.569,0.57217,0.46466,31.636,0
14.346,13.615,0,0.47539,31.711,0
14.463,13.663,0.55355,0.47478,31.802,0
14.515,13.71,0.56759,0.47581,31.889,0
14.572,13.758,0.57967,0.47967,31.964,0
14.633,13.806,0.56085,0.48581,32.052,0
14.692,13.854,0.55105,0.49007,32.127,0
14.692,13.903,0,0.49499,32.209,0
14.796,13.953,0.5364,0.48962,32.296,0
14.842,14.002,0.55093,0.48658,32.39,0
14.906,14.05,0.56059,0.4934,32.466,0
14.961,14.1,0.543,0.49512,32.542,0
15.009,14.149,0.50773,0.49224,32.634,0
15.009,14.198,0,0.49262,32.717,0
15.103,14.248,0.48853,0.4865,32.819,0
15.144,14.296,0.47094,0.48047,32.904,0
15.199,14.344,0.53035,0.48265,32.982,0
15.247,14.393,0.55153,0.48134,33.074,0
15.305,14.441,0.53627,0.48552,33.167,0
15.305,14.489,0,0.4815,33.251,0
15.409,14.537,0.55922,0.48632,33.339,0
15.47,14.586,0.54247,0.49133,33.42,0
15.532,14.635,0.54291,0.49721,33.512,0
15.532,14.685,0,0.49968,33.599,0
15.643,14.735,0.39428,0.50023,33.704,0
15.68,14.785,0.2796,0.49124,33.802,0
15.68,14.834,0,0.48264,33.889,0
15.68,14.882,0,0.47204,33.972,0
15.68,14.93,0,0.45671,34.049,0
15.804,14.975,0.39978,0.44972,34.161,0
15.842,15.02,0.39526,0.44461,34.253,0
15.878,15.065,0.30949,0.43855,34.326,0
15.878,15.109,0,0.43015,34.405,0
15.93,15.152,0.34656,0.41744,34.477,0
15.957,15.193,0.46956,0.40893,34.562,0
15.957,15.234,0,0.41511,34.636,0
16.069,15.276,0.59911,0.42243,34.713,0
16.138,15.318,0.53253,0.43521,34.79,0
16.138,15.361,0,0.44371,34.87,0
16.237,15.406,0.31217,0.43866,34.945,0
16.266,15.45,0.21571,0.42964,35.024,0
16.289,15.493,0.12195,0.41799,35.102,0
16.31,15.534,0.092964,0.40608,35.174,0
16.312,15.575,0.09871,0.38488,35.244,0
16.312,15.614,0,0.36515,35.316,0
16.314,15.65,0.010229,0.34541,35.384,0
16.31,15.685,0.1198,0.32471,35.444,0
16.331,15.717,0.24074,0.31813,35.5,0
16.358,15.749,0.30632,0.3148,35.57,0
16.381,15.78,0.30253,0.30994,35.625,0
16.42,15.811,0.29077,0.31322,35.683,0
16.451,15.843,0.21904,0.31277,35.748,0
16.473,15.874,0.11245,0.30771,35.817,0
16.485,15.905,0.075806,0.29749,35.879,0
16.485,15.934,0,0.29037,35.935,0
16.518,15.964,0.10165,0.28336,35.994,0
16.518,15.992,0,0.27133,36.048,0
16.529,16.019,0.099712,0.25966,36.094,0
16.533,16.045,0.039039,0.2481,36.135,0
16.538,16.07,0.077616,0.23778,36.184,0
16.538,16.094,0,0.22794,36.23,0
16.552,16.116,0.08379,0.22067,36.275,0
16.555,16.138,0.048869,0.21054,36.312,0
16.561,16.159,0.02872,0.20266,36.358,0
16.563,16.18,-0.10536,0.19351,36.398,0
16.547,16.199,-0.2323,0.1753,36.433,0.29131
16.547,16.217,0,0.14992,36.467,0
16.484,16.232,-0.4297,0.12706,36.495,1.1612
16.44,16.244,-0.42174,0.098126,36.524,1.1801
16.44,16.254,0,0.068197,36.543,0
16.345,16.261,-0.2435,0.042221,36.551,0.58508
16.316,16.265,-0.16189,0.025434,36.556,0.35815
16.293,16.268,-0.097099,0.012595,36.562,0.20336
16.293,16.269,0,0.0035881,36.565,0
16.293,16.269,0,-0.00031603,36.567,0
16.253,16.269,-0.26857,-0.0013467,36.543,0.7939
16.224,16.269,-0.36461,-0.0037347,36.544,1.2415
16.224,16.269,0,-0.0060907,36.54,0.079107
16.16,16.268,-0.19748,-0.0089609,36.541,0.76685
16.16,16.267,0,-0.011176,36.53,0.19972
16.105,16.266,-0.18371,-0.013415,36.513,0.84671
16.093,16.265,-0.16144,-0.014341,36.504,0.79815
16.093,16.263,0,-0.015887,36.487,0.3279
16.053,16.262,-0.24152,-0.017403,36.469,1.1722
16.024,16.26,-0.19126,-0.019711,36.45,1.054
16.001,16.258,-0.088772,-0.021469,36.433,0.76113
15.988,16.256,-0.013712,-0.02241,36.414,0.5681
15.983,16.254,-0.052375,-0.022646,36.391,0.68236
15.972,16.251,-0.11812,-0.023401,36.358,0.90543
15.957,16.249,-0.086896,-0.0245,36.327,0.83449
15.957,16.247,0,-0.024224,36.298,0.57654
15.966,16.244,0.13393,-0.023415,36.271,0.24147
15.982,16.242,0.24485,-0.021846,36.238,0.018132
15.982,16.24,0,-0.02014,36.212,0.51259
16.028,16.238,0.16425,-0.017669,36.197,0.062666
16.039,16.236,0.069267,-0.016589,36.177,0.22288
16.039,16.234,0,-0.01642,36.157,0.38046
16.039,16.233,0,-0.016153,36.138,0.37745
16.053,16.231,0.14553,-0.01508,36.131,0.041364
16.061,16.229,0.18622,-0.014251,36.118,0
16.082,16.228,0.21066,-0.012326,36.094,0
16.108,16.227,0.13851,-0.010093,36.083,0
16.131,16.226,0.14668,-0.0080104,36.078,0
16.144,16.225,0.22805,-0.0068632,36.072,0
16.17,16.224,0.3108,-0.0046302,36.067,0
16.197,16.224,0.35848,-0.0022908,36.07,0
16.227,16.224,0.44385,0.0017924,36.061,0
16.281,16.224,0.43885,0.028508,36.068,0
16.318,16.227,0.29931,0.045581,36.077,0
16.347,16.231,0.14537,0.057485,36.092,0
16.352,16.237,0.10992,0.057224,36.103,0
16.356,16.243,0.12038,0.05615,36.117,0
16.356,16.248,0,0.060677,36.128,0
16.39,16.254,0.21817,0.067455,36.15,0
16.415,16.261,0.27001,0.076635,36.161,0
16.436,16.269,0.22743,0.083286,36.179,0
16.464,16.277,0.16788,0.092917,36.2,0
16.49,16.286,0.073129,0.10128,36.227,0
16.49,16.297,0.00090831,0.09631,36.255,0
16.499,16.306,0.021987,0.09556,36.28,0
16.496,16.316,0.041992,0.08939,36.309,0
16.496,16.325,0,0.087019,36.327,0
16.501,16.333,0.069109,0.083162,36.343,0
16.501,16.342,0,0.086454,36.359,0
16.522,16.35,-0.053979,0.085016,36.382,0
16.522,16.359,0,0.082255,36.399,0
16.522,16.367,0,0.0596,36.415,0
16.406,16.373,-1.3405,0.016439,36.424,8.6061
16.406,16.375,0,-0.0087552,36.428,0
16.096,16.374,-1.7459,-0.023438,36.409,16.04
15.919,16.371,-1.4328,-0.038154,36.373,12.064
15.919,16.368,0,-0.050023,36.328,0.88316
15.703,16.363,-0.20412,-0.055927,36.257,2.2078
15.703,16.357,0,-0.057891,36.191,1.382
15.698,16.351,0.55484,-0.055607,36.136,0.24257
15.751,16.346,0.5645,-0.050782,36.078,0.15904
15.807,16.341,0.47466,-0.045615,36.025,0.15135
15.851,16.336,0.36068,-0.041619,35.968,0.21225
15.851,16.332,0,-0.039074,35.92,0.99681
15.915,16.328,0.38614,-0.035483,35.889,0.070942
15.958,16.324,0.47473,-0.031606,35.842,0
16.013,16.321,0.62901,-0.026588,35.814,0
16.079,16.319,0.75787,-0.020687,35.787,0
16.079,16.317,0,-0.014458,35.763,0.4817
16.233,16.315,0.74649,-0.0071255,35.756,0
16.315,16.314,0.68731,0.00010629,35.748,0
16.315,16.314,0,0.036932,35.748,0.08057
16.454,16.318,0.48804,0.066637,35.775,0
16.499,16.325,0.40036,0.085378,35.788,0
16.532,16.333,0.38295,0.097101,35.816,0
16.564,16.343,0.36241,0.10826,35.834,0
16.564,16.354,0,0.11968,35.855,0
16.564,16.366,0,0.13102,35.876,0
16.564,16.379,0,0.13501,35.895,0
16.677,16.392,0.21133,0.13894,35.951,0
16.677,16.406,0,0.14662,35.979,0
16.735,16.421,0.23654,0.15326,36.003,0
16.764,16.436,0.30047,0.15947,36.04,0
16.764,16.452,0,0.16261,36.072,0
16.819,16.468,0.31258,0.17053,36.101,0
16.819,16.486,0,0.18195,36.135,0
16.872,16.504,0.16089,0.17886,36.172,0
16.898,16.522,0.16775,0.18259,36.217,0
16.907,16.54,0.18227,0.17766,36.255,0
16.922,16.558,0.26686,0.17634,36.299,0
16.956,16.575,0.31941,0.18433,36.336,0
16.984,16.594,0.35476,0.18856,36.371,0
17.018,16.613,0.23983,0.19571,36.418,0
17.018,16.632,0,0.19448,36.457,0
17.044,16.652,0.13718,0.18906,36.503,0
17.048,16.67,0.18278,0.18186,36.547,0
17.07,16.689,0.18222,0.18338,36.58,0
17.097,16.707,0.28394,0.18743,36.617,0
17.134,16.726,0.37592,0.19592,36.657,0
17.167,16.745,0.42449,0.20219,36.699,0
17.208,16.766,0.42029,0.21192,36.747,0
17.251,16.787,0.39834,0.22232,36.794,0
17.251,16.809,0,0.22969,36.839,0
17.335,16.832,0.35413,0.24031,36.889,0
17.335,16.856,0,0.24657,36.938,0
17.335,16.881,0,0.24957,36.985,0
17.448,16.906,0.39307,0.25852,37.049,0
17.484,16.931,0.41953,0.26269,37.102,0
17.52,16.958,0.45253,0.26705,37.159,0
17.557,16.984,0.46861,0.27161,37.216,0
17.608,17.012,0.48425,0.28245,37.267,0
17.661,17.04,0.47963,0.29412,37.337,0
17.711,17.069,0.44798,0.30318,37.401,0
17.756,17.1,0.46214,0.30974,37.458,0
17.806,17.131,0.49818,0.3184,37.522,0
17.852,17.162,0.5007,0.32424,37.585,0
17.852,17.195,0,0.33273,37.652,0
17.957,17.228,0.56986,0.34184,37.73,0
17.957,17.262,0,0.35499,37.801,0
18.068,17.298,0.43665,0.3601,37.888,0
18.068,17.334,0,0.36434,37.964,0
18.136,17.37,0.26736,0.35685,38.034,0
18.154,17.406,0.20651,0.3479,38.115,0
18.184,17.441,0.17805,0.34522,38.18,0
18.184,17.475,0,0.33883,38.252,0
18.184,17.509,0,0.32997,38.322,0
18.259,17.542,0.35926,0.33123,38.402,0
18.259,17.575,0,0.33623,38.472,0
18.362,17.609,0.64082,0.34725,38.541,0
18.362,17.644,0,0.35711,38.614,0
18.483,17.679,0.73483,0.36925,38.683,0
18.559,17.716,0.74836,0.38655,38.766,0
18.559,17.755,0,0.39862,38.849,0
18.7,17.795,-0.11026,0.41354,38.944,0
18.7,17.836,0,0.3907,39.032,0
18.575,17.875,-2.0981,0.31855,39.116,20.42
18.366,17.907,-2.5636,0.20872,39.165,33.535
18.118,17.928,-2.1864,0.08643,39.203,23.22
17.908,17.936,-0.66629,-0.0023827,39.212,2.7525
17.908,17.936,0,-0.0079613,39.209,0.042249
17.954,17.935,2.6539,0.0082808,39.188,6.716
18.22,17.936,3.2816,0.1286,39.201,10.466
18.547,17.949,2.4987,0.27137,39.247,5.4183
18.796,17.976,1.0959,0.37148,39.318,0
18.904,18.013,-0.10338,0.40304,39.411,0
18.89,18.054,-0.79818,0.37771,39.492,2.4816
18.814,18.091,-0.98238,0.32599,39.569,4.0344
18.719,18.124,-0.50701,0.26782,39.641,1.0582
18.665,18.151,-0.00022732,0.23136,39.691,0
18.665,18.174,0,0.21804,39.741,0
18.681,18.196,0.077345,0.21765,39.803,0
18.685,18.218,-0.15542,0.20944,39.848,0
18.665,18.239,-0.1546,0.19118,39.898,0
18.656,18.258,-0.14923,0.17827,39.936,0
18.656,18.275,0,0.1638,39.975,0
18.638,18.292,0.19037,0.15479,40.006,0
18.638,18.307,0,0.15384,40.04,0
18.693,18.323,0.22332,0.16547,40.072,0
18.719,18.339,0.20653,0.16932,40.102,0
18.743,18.356,0.27511,0.17224,40.148,0
18.772,18.373,0.26737,0.17751,40.194,0
18.799,18.391,0.34107,0.1814,40.234,0
18.834,18.409,0.35369,0.18889,40.278,0
18.834,18.428,0,0.20014,40.32,0
18.909,18.448,0.25156,0.2046,40.362,0
18.924,18.469,0.26254,0.20219,40.402,0
18.953,18.489,0.28078,0.20588,40.439,0
18.987,18.509,0.39741,0.21161,40.489,0
18.987,18.531,0,0.21741,40.536,0
19.058,18.552,0.29833,0.22383,40.595,0
19.094,18.575,0.13633,0.22922,40.637,0
19.094,18.598,0,0.22538,40.688,0
19.094,18.62,0,0.21338,40.736,0
19.096,18.642,-0.053877,0.20039,40.805,0
19.09,18.662,-0.078799,0.18886,40.845,0
19.09,18.68,0,0.17555,40.887,0
19.09,18.698,0.098837,0.17229,40.942,0
19.105,18.715,0.16666,0.1713,40.986,0
19.117,18.732,0.29689,0.16905,41.016,0
19.148,18.749,0.37117,0.17512,41.055,0
19.185,18.767,0.42057,0.1833,41.086,0
19.233,18.785,0.42662,0.19634,41.122,0
19.278,18.805,0.43557,0.20742,41.175,0
19.323,18.826,0.41468,0.21797,41.234,0
19.368,18.847,0.39372,0.22781,41.284,0
19.412,18.87,0.32729,0.23657,41.331,0
19.451,18.894,0.34439,0.24349,41.394,0
19.49,18.918,0.372,0.24965,41.45,0
19.49,18.943,0,0.25178,41.506,0
19.549,18.968,0.31592,0.25294,41.564,0
19.549,18.994,0,0.25199,41.62,0
19.624,19.019,0.44634,0.26275,41.676,0
19.658,19.045,0.31177,0.26622,41.736,0
19.683,19.072,0.31119,0.26492,41.802,0
19.683,19.098,0,0.2689,41.862,0
19.751,19.125,0.20182,0.27087,41.92,0
19.768,19.152,0.15352,0.26618,41.973,0
19.788,19.179,0.22218,0.26294,42.036,0
19.809,19.205,0.16279,0.26058,42.091,0
19.831,19.231,0.12025,0.25849,42.151,0
19.836,19.257,0.11353,0.24939,42.22,0
19.855,19.282,0.12018,0.24649,42.272,0
19.865,19.307,0.10927,0.23976,42.337,0
19.866,19.33,0.11409,0.22971,42.398,0
19.877,19.353,0.14439,0.22442,42.447,0
19.898,19.376,0.13395,0.22352,42.492,0
19.898,19.398,0,0.22333,42.543,0
19.929,19.421,0.094589,0.21756,42.586,0
19.929,19.442,0,0.2153,42.635,0
19.959,19.464,0.17459,0.21128,42.684,0
19.959,19.485,0,0.20625,42.733,0
19.959,19.506,0,0.20088,42.779,0
20.005,19.526,0.14476,0.20411,42.828,0
20.021,19.546,0.15097,0.20202,42.875,0
20.03,19.566,0.099662,0.19716,42.927,0
20.05,19.586,0.13509,0.19701,42.972,0
20.05,19.606,0,0.1972,43.018,0
20.091,19.625,0.20868,0.19731,43.049,0
20.115,19.645,0.21594,0.19905,43.102,0
20.115,19.665,0,0.2019,43.148,0
20.177,19.685,0.36375,0.20821,43.201,0
20.177,19.706,0,0.21781,43.249,0
20.265,19.728,0.4278,0.22685,43.288,0
20.265,19.751,0,0.23933,43.341,0
20.358,19.775,0.42275,0.24619,43.396,0
20.402,19.799,0.37343,0.25432,43.45,0
20.432,19.825,0.31871,0.2557,43.502,0
20.47,19.85,0.40957,0.26065,43.568,0
20.509,19.876,0.49868,0.26582,43.629,0
20.567,19.903,0.4751,0.27879,43.687,0
20.618,19.931,0.40754,0.28823,43.762,0
20.659,19.959,0.38874,0.29328,43.826,0
20.707,19.989,0.41305,0.3008,43.891,0
20.747,20.019,0.3638,0.30445,43.959,0
20.782,20.049,0.34347,0.30604,44.028,0
20.807,20.08,0.38144,0.30338,44.102,0
20.841,20.11,0.3872,0.30445,44.182,0
20.841,20.141,0,0.30745,44.253,0
20.916,20.171,0.30407,0.30963,44.313,0
20.943,20.202,0.31478,0.30759,44.395,0
20.943,20.233,0,0.30604,44.467,0
20.999,20.264,0.26524,0.30476,44.536,0
20.999,20.294,0,0.30562,44.608,0
21.066,20.325,0.32902,0.30632,44.67,0
21.106,20.355,0.34097,0.31014,44.748,0
21.106,20.386,0,0.31252,44.821,0
21.173,20.418,0.35609,0.31146,44.916,0
21.215,20.449,0.38709,0.31562,44.998,0
21.215,20.48,0,0.31642,45.073,0
21.285,20.512,0.41151,0.31771,45.155,0
21.316,20.544,0.41281,0.31722,45.226,0
21.365,20.576,0.41687,0.32377,45.309,0
21.407,20.608,0.3644,0.32766,45.382,0
21.44,20.641,0.33697,0.32729,45.461,0
21.471,20.673,0.33725,0.32624,45.546,0
21.51,20.706,0.293,0.32852,45.632,0
21.537,20.739,0.23029,0.326,45.72,0
21.561,20.772,0.26493,0.3217,45.791,0
21.578,20.804,0.28873,0.31533,45.879,0
21.608,20.835,0.27501,0.31432,45.947,0
21.641,20.867,0.28795,0.31485,46.03,0
21.676,20.898,0.25492,0.31569,46.11,0
21.691,20.93,0.23542,0.309,46.188,0
