1.6667,1.6667,1.9972,0,35.5,3.3439
1.8702,1.6667,1.9047,7.8,35.518,40.708
1.8702,2.4467,0,7.8,35.499,78.31
1.8702,3.2267,0,7.8,35.403,83.843
2.3738,4.0067,1.068,7.8,35.315,65.165
2.3738,4.7867,0,7.8,35.113,91.39
2.5588,5.5667,0.49134,7.8,34.846,85.324
2.6055,6.3467,0.28891,6.7,34.5,81.09
2.6055,7.0167,0,6.7,34.092,91.862
2.6055,7.6867,0,6.7,33.617,96.669
2.6621,8.3567,0.012062,6.7,33.109,100.82
2.6605,9.0267,-0.1705,6.7,32.505,109.83
2.6605,9.6967,0,-0.42141,31.835,27.49
2.6605,9.6545,0,-0.43519,31.134,27.119
2.5254,9.611,-1.0784,-0.45173,30.42,44.682
2.4121,9.5658,-1.3036,-0.47188,29.707,31.397
2.2887,9.5186,-1.3981,-0.49379,28.993,31.057
2.1549,9.4693,-1.3113,-0.51777,28.274,31.054
2.0144,9.4175,-1.1032,-0.54392,27.545,31.309
2.0144,9.3631,0,-0.57034,26.807,27.844
2.0144,9.3061,0,-0.59578,26.075,27.277
1.7362,9.2465,-0.57191,-0.62175,25.317,36.538
1.6864,9.1843,-0.4861,-0.64777,24.562,34.819
1.6466,9.1195,-0.46598,-0.67442,23.81,34.068
1.5902,9.0521,-0.46588,-0.70422,23.061,33.68
1.5496,8.9817,-0.47171,-0.73452,22.311,33.263
1.5067,8.9082,-0.47446,-0.76717,21.56,32.771
1.4624,8.8315,-0.51011,-0.80125,20.826,32.749
1.4203,8.7514,-0.53108,-0.83726,20.095,32.45
1.3672,8.6676,-0.57698,-0.87683,19.368,32.54
1.3166,8.58,-0.63351,-0.91881,18.644,32.731
1.2512,8.4881,-0.69519,-0.96615,17.919,25.587
1.184,8.3915,-0.74339,-1.0181,17.187,24.736
1.1126,8.2897,-0.7936,-1.0733,16.47,23.874
1.0397,8.1823,-0.80557,-1.1333,15.755,23.034
0.96515,8.069,-0.7935,-1.198,15.046,22.179
0.89437,7.9492,-0.82168,-1.2683,14.333,21.226
0.89437,7.8224,0,-1.3459,13.633,18.658
0.72862,7.6878,-0.83869,-1.4324,12.918,19.229
0.65113,7.5445,-0.82787,-1.5223,12.228,18.163
0.56069,7.3923,-0.76389,-1.6236,11.54,17.035
0.49087,7.23,-0.56419,-1.726,10.87,15.803
0.49087,7.0574,0,-1.8314,10.204,13.286
0.40145,6.8742,-0.19677,-1.9387,9.5649,13.059
0.38977,6.6803,-0.025462,-2.0492,8.9214,10.913
0.38977,6.4754,0,-2.1634,8.3026,9.3248
0.38883,6.2591,0.13723,-5.2,7.6972,1.093
0.40005,5.7391,0.13162,-8.8,7.1317,0
0.41887,4.8591,0.16541,-8.8,6.6344,0
0.44495,3.9791,0.21896,-8.8,6.2328,0
0.46585,3.0991,0.3074,-8.8,5.9168,0
0.48798,2.2191,0.46533,-8.8,5.6909,0
0.52547,1.3391,0.67171,-8.8,5.5565,0
0.59674,0.45908,0.92622,0.92622,5.5194,0
0.59674,0.5517,0,1.1564,5.5285,4.9512
0.80535,0.66734,1.3093,1.3093,5.5481,0
0.93638,0.79827,1.3847,1.3847,5.5713,0
0.93638,0.93674,0,1.5956,5.5782,8.1485
0.93638,1.0963,0,1.1524,5.5702,5.7745
1.3697,1.2115,1.334,1.1452,5.6078,0
1.5082,1.3261,1.2777,-8.8,5.6272,0
1.6289,0.44606,1.2569,1.2569,5.6964,0
1.7621,0.57175,1.2432,1.2432,5.8068,0
1.8933,0.69606,1.1684,1.1684,5.9178,0
2.0064,0.8129,0.99818,0.99818,6.0475,0
2.1134,0.91272,0.78255,4.9,6.1745,21.574
2.1928,1.4027,0.54861,4.9,6.276,26.891
2.1928,1.8927,0,1.3392,6.3305,5.06
2.2667,2.0266,0.024002,0.82219,6.351,2.1981
2.2606,2.1089,-0.14637,0.48745,6.3695,1.7631
2.243,2.1576,-0.27925,0.26436,6.3785,1.6013
2.2168,2.184,-0.44324,0.099535,6.3771,1.8134
2.176,2.194,-0.57093,-0.0030648,6.3754,2.1539
2.1277,2.1937,-0.68613,-0.011266,6.3685,2.9671
2.0661,2.1926,-0.79831,-0.02166,6.3514,3.9116
1.9812,2.1904,-0.85707,-0.035915,6.3388,4.6165
1.9009,2.1868,-0.87733,-0.049366,6.3102,5.0243
1.8149,2.1819,-0.8927,-0.063824,6.2734,3.7903
1.7346,2.1755,-0.92387,-0.077162,6.238,3.923
1.6502,2.1678,-0.98686,-0.091548,6.1835,4.1086
1.5442,2.1586,-1.1108,-0.10955,6.1367,4.425
1.4298,2.1477,-1.18,-8.8,6.0642,0
1.3179,1.2677,-1.2423,0.36012,6.03,4.3468
1.2006,1.3037,-1.1867,-0.010994,6.0212,3.1485
1.0898,1.3026,-0.97345,-0.022724,6.0145,2.9239
1.0898,1.3003,0,-0.033251,5.9933,0.37354
0.91462,1.297,-0.49648,-0.041316,5.9557,2.3148
0.87392,1.2928,-0.27699,-0.04572,5.9075,1.8286
0.8454,1.2883,-0.18209,-0.048678,5.8686,1.4941
0.81807,1.2834,-0.19224,-0.051518,5.8284,1.5883
0.79712,1.2782,-0.19537,-0.053619,5.7899,1.6389
0.77409,1.2729,-0.19656,-0.056085,5.743,1.686
0.75113,1.2673,-0.17224,-0.058725,5.6856,1.6286
0.72984,1.2614,-0.082996,-0.061115,5.6325,1.3293
0.72694,1.2553,-0.0060493,-8.8,5.5859,0
0.7326,0.37529,0.036106,0.036106,5.5755,0
0.7326,0.3789,0,0.084669,5.6111,0
0.73572,0.38737,0.12217,0.12217,5.6447,0
0.73572,0.39958,0,0.12273,5.6789,0
0.73572,0.41186,0,0.20178,5.7119,0
0.78745,0.43204,0.39477,0.39477,5.7386,0
0.82894,0.47151,0.60491,0.60491,5.7758,0
0.87962,0.532,0.8252,0.8252,5.8152,0
0.87962,0.61452,0,1.0929,5.8459,3.6953
1.0892,0.72381,1.2909,1.2909,5.9008,0
1.2151,0.8529,1.3874,1.3874,5.9316,0
1.3487,0.99165,1.4428,3.8225,5.9775,10.361
1.4957,1.3739,1.492,0.75914,6.002,0
1.6456,1.4498,1.5208,1.1166,6.0088,0
1.6456,1.5615,0,1.1768,6.0228,4.9199
1.9603,1.6792,1.6097,1.2646,6.0622,0
2.1191,1.8056,1.6407,1.2541,6.0889,0
2.2839,1.931,1.643,1.2671,6.1174,0
2.2839,2.0577,0,1.2717,6.1464,4.9354
2.6074,2.1849,1.5971,1.245,6.1766,0
2.7585,2.3094,1.5517,1.2127,6.2121,0
2.9221,2.4307,1.5683,1.2246,6.249,0
3.0881,2.5531,1.6107,1.237,6.2995,0
3.2545,2.6768,1.6803,1.2424,6.3463,0
3.4212,2.8011,1.7248,1.2477,6.412,0
3.5957,2.9258,1.7694,1.2658,6.4843,0
3.7669,3.0524,1.7376,1.2699,6.5543,0
3.9326,3.1794,1.663,1.2647,6.6375,0
4.0896,3.3059,1.567,1.2464,6.7184,0
4.2375,3.4305,1.5133,1.2207,6.8081,0
4.2375,3.5526,0,1.191,6.8827,2.6643
4.5278,3.6717,1.4012,1.1788,6.9586,0
4.6662,3.7896,1.3478,1.1585,7.05,0
4.7912,3.9054,1.2767,1.1251,7.1348,0
4.9259,4.0179,1.1472,1.1109,7.2153,0
5.0477,4.129,0.96367,1.0857,7.3042,0
5.0477,4.2376,0,1.0308,7.3907,1.4021
5.2072,4.3407,0.56321,0.96173,7.476,0
5.259,4.4369,0.38521,0.88838,7.5591,0
5.2948,4.5257,0.24623,0.81107,7.6331,0
5.3162,4.6068,0.18543,0.73224,7.7047,0
5.3414,4.68,0.18927,0.67006,7.7721,0
5.3547,4.747,0.20673,0.60549,7.8337,0
5.3853,4.8076,0.23612,0.56738,7.8929,0
5.4055,4.8643,0.28203,0.5247,7.9523,0
5.4264,4.9168,0.36324,0.48832,8.0088,0
5.463,4.9656,0.47842,0.47161,8.0627,0
5.463,5.0128,0,0.47004,8.1101,0.21481
5.5671,5.0598,0.48825,0.47099,8.155,0
5.6181,5.1069,0.41558,0.46991,8.2065,0
5.6565,5.1539,0.2794,0.45706,8.2485,0
5.6813,5.1996,0.082642,0.43389,8.2973,0
5.6876,5.243,-0.027829,0.39658,8.3351,0.085284
5.6763,5.2826,-0.11685,0.34827,8.375,0.35546
5.6647,5.3175,-0.15104,0.30471,8.404,0.45165
5.6585,5.3479,-0.13962,0.27068,8.4282,0.39374
5.6517,5.375,-0.088093,0.23972,8.4501,0.21438
5.6419,5.399,-0.059999,0.20962,8.4829,0.12541
5.6369,5.4199,-0.013289,0.18637,8.5025,0
5.6259,5.4386,0.023306,0.16027,8.5171,0
5.6323,5.4546,0.026015,0.15145,8.5304,0
5.6303,5.4697,-0.0016591,0.13646,8.548,0
5.6303,5.4834,0,0.13105,8.5634,0
5.6439,5.4965,-0.093285,0.12457,8.5688,0.20937
5.6385,5.509,-0.22426,0.10922,8.5878,0.6244
5.6134,5.5199,-0.36441,0.078755,8.6058,1.16
5.5808,5.5277,-0.49235,0.044612,8.609,1.7326
5.5278,5.5322,-0.60991,-0.00124,8.6062,2.3331
5.4727,5.5321,-0.68651,-0.016749,8.6013,2.9124
5.4048,5.5304,-0.6551,-0.035466,8.5985,2.8616
5.3433,5.5269,-0.53755,-0.051929,8.5826,2.3033
5.2916,5.5217,-0.38621,-0.065259,8.5643,1.6455
5.2916,5.5151,0,-0.072145,8.5416,0.31002
5.2344,5.5079,-0.082338,-0.078165,8.5119,0.61721
5.2289,5.5001,0.028721,-0.077665,8.4932,0.33404
5.2294,5.4923,0.072091,-0.075573,8.4663,0.2296
5.2309,5.4848,0.0718,-0.073316,8.4355,0.21667
5.2436,5.4775,0.12101,-0.067812,8.407,0.096324
5.2504,5.4707,0.19751,-0.064114,8.3821,0
5.2716,5.4643,0.34641,-0.056129,8.3705,0
5.2716,5.4587,0,-0.041608,8.3516,0.30223
5.3606,5.4545,0.6377,-0.027431,8.3436,0
5.4201,5.4517,0.71299,-0.0092432,8.3371,0
5.4201,5.4508,0,0.031453,8.334,0.13435
5.5513,5.454,0.58131,0.081312,8.3404,0
5.6175,5.4621,0.44034,0.12963,8.3468,0
5.6175,5.4751,0,0.16104,8.3617,0.067055
5.6991,5.4912,0.17091,0.17251,8.3812,0
5.708,5.5084,0.10296,0.16495,8.3942,0
5.708,5.5249,0,0.15641,8.4134,0
5.7234,5.5406,0.045333,0.15013,8.4222,0
5.7234,5.5556,0,0.13604,8.4398,0
5.7234,5.5692,0,0.12775,8.4559,0
5.7303,5.5819,0.057676,0.12106,8.4824,0
5.7303,5.5941,0,0.11273,8.4966,0
5.7338,5.6053,0.048122,0.10447,8.517,0
5.7354,5.6158,0.030429,0.097154,8.5369,0
5.7341,5.6255,0.031139,0.088056,8.5452,0
5.7368,5.6343,0.042798,0.082975,8.5587,0
5.736,5.6426,0.053687,0.075478,8.5605,0
5.7448,5.6501,0.068509,0.076449,8.5784,0
5.7583,5.6578,0.080712,0.081191,8.5971,0
5.7621,5.6659,0.20441,0.077618,8.6166,0
5.7621,5.6737,0,0.089528,8.6258,0.012256
5.8261,5.6826,0.68918,0.11539,8.6297,0
5.8978,5.6942,0.99181,0.16357,8.6531,0
5.9999,5.7105,1.3164,0.23197,8.6763,0.18324
6.1222,5.7337,1.5264,0.31042,8.7114,0.53671
6.2742,5.7648,1.6083,0.40545,8.7611,0.50659
6.2742,5.8053,0,0.50373,8.81,0.27706
6.5986,5.8557,1.6636,0.58353,8.8902,0.16671
6.7597,5.914,1.6101,0.65882,8.9739,0
6.9148,5.9799,1.5394,0.72101,9.0597,0
7.0702,6.052,1.5258,0.77679,9.1534,0
7.2305,6.1297,1.4514,0.83081,9.2624,0
7.3723,6.2128,1.3584,0.86424,9.3661,0
7.5077,6.2992,1.2597,0.89064,9.4911,0
7.6357,6.3883,1.1798,0.90855,9.6164,0
7.7565,6.4791,1.0441,0.91989,9.75,0
7.8596,6.5711,0.93389,0.91632,9.8707,0
7.8596,6.6627,0,0.90289,9.9949,0
8.0239,6.753,0.8359,0.88371,10.131,0
8.1031,6.8414,0.83081,0.86808,10.258,0
8.1853,6.9282,0.86083,0.85591,10.381,0
8.2795,7.0138,0.88495,0.85348,10.508,0
8.2795,7.0991,0,0.84161,10.63,0
8.4536,7.1833,0.89653,0.84159,10.774,0
8.5504,7.2675,0.86884,0.84173,10.892,0
8.6381,7.3516,0.83103,0.83675,11.023,0
8.7257,7.4353,0.8457,0.83171,11.144,0
8.8193,7.5185,0.81049,0.83198,11.281,0
8.8999,7.6017,0.768,0.82323,11.406,0
8.8999,7.684,0,0.80714,11.532,0
9.0443,7.7647,0.69869,0.79875,11.662,0
9.1065,7.8446,0.77834,0.78135,11.78,0
9.1819,7.9227,0.96335,0.77399,11.903,0
9.2712,8.0001,0.99696,0.77625,12.034,0
9.3766,8.0777,1.1906,0.78846,12.171,0
9.4935,8.1566,1.3532,0.80667,12.312,0
9.6346,8.2373,1.3246,0.83764,12.449,0
9.7723,8.321,1.2663,0.86397,12.59,0
9.7723,8.4074,0,0.8773,12.73,0
10.029,8.4952,1.1494,0.90169,12.9,0
10.152,8.5853,1.0086,0.91384,13.052,0
10.249,8.6767,0.9365,0.91107,13.207,0
10.348,8.7678,0.83819,0.90906,13.362,0
10.348,8.8587,0,0.9009,13.515,0
10.503,8.9488,0.70912,0.88213,13.673,0
10.58,9.037,0.61953,0.87069,13.837,0
10.58,9.1241,0,0.85457,13.987,0
10.703,9.2095,0.428,0.83255,14.141,0
10.749,9.2928,0.3518,0.80708,14.291,0
10.749,9.3735,0,0.77865,14.433,0
10.794,9.4514,-0.065794,0.73639,14.58,0
10.778,9.525,-0.26526,0.68391,14.709,0
10.753,9.5934,-0.37085,0.62991,14.839,0.22731
10.714,9.6564,-0.3492,0.57186,14.947,0.20198
10.682,9.7136,-0.16154,0.5223,15.056,0
10.658,9.7658,0.065953,0.47933,15.151,0
10.66,9.8137,0.27364,0.45356,15.239,0
10.685,9.8591,0.38156,0.44097,15.322,0
10.685,9.9032,0,0.43419,15.402,0
10.745,9.9466,0.32712,0.42443,15.488,0
10.745,9.9891,0,0.42,15.565,0
10.82,10.031,0.3104,0.41697,15.643,0
10.82,10.073,0,0.41097,15.72,0
10.877,10.114,0.28095,0.40139,15.789,0
10.9,10.154,0.27113,0.39104,15.863,0
10.932,10.193,0.2506,0.38703,15.944,0
10.96,10.232,0.26642,0.3801,16.012,0
10.99,10.27,0.28477,0.37513,16.085,0
11.013,10.307,0.27697,0.36709,16.158,0
11.051,10.344,0.28119,0.36692,16.233,0
11.072,10.381,0.2637,0.35824,16.308,0
11.072,10.417,0,0.35261,16.375,0
11.113,10.452,0.22125,0.34105,16.449,0
11.13,10.486,0.20962,0.3319,16.517,0
11.145,10.519,0.18069,0.32168,16.581,0
11.162,10.551,0.17573,0.31357,16.639,0
11.172,10.583,0.17202,0.30197,16.694,0
11.193,10.613,0.15164,0.29691,16.76,0
11.199,10.643,0.14198,0.28411,16.816,0
11.205,10.671,0.15457,0.27235,16.862,0
11.205,10.698,0,0.27097,16.914,0
11.241,10.725,0.16866,0.26233,16.978,0
11.251,10.751,0.18377,0.25354,17.035,0
11.279,10.777,0.1869,0.25461,17.085,0
11.288,10.802,0.19716,0.24598,17.133,0
11.307,10.827,0.2033,0.2428,17.179,0
11.332,10.851,0.20453,0.24265,17.218,0
11.353,10.875,0.2043,0.24055,17.259,0
11.38,10.9,0.21789,0.24211,17.303,0
11.38,10.924,0,0.24015,17.35,0
11.429,10.948,0.25043,0.24158,17.41,0
11.429,10.972,0,0.23706,17.456,0
11.429,10.996,0,0.23585,17.501,0
11.429,11.019,0,0.2333,17.543,0
11.429,11.043,0,0.21408,17.583,0
11.42,11.064,-0.92234,0.17786,17.647,4.1322
11.325,11.082,-1.434,0.12162,17.679,9.5878
11.179,11.094,-1.9644,0.042316,17.705,18.478
10.99,11.098,-2.4295,-0.019738,17.708,30.6
10.753,11.096,-2.8462,-0.06248,17.687,46.484
10.47,11.09,-3.2475,-0.11324,17.646,67.299
10.154,11.079,-3.6517,-0.17018,17.563,95.276
9.7885,11.062,-4.1824,-0.23608,17.461,146.91
9.3714,11.038,-4.9632,-0.3129,17.307,23.726
8.8792,11.007,-5.6955,-0.40545,17.119,24.703
8.3054,10.966,-5.9961,-0.5171,16.876,25.436
7.6962,10.914,-6.1394,-0.64086,16.578,26.008
7.0822,10.85,-5.7603,-0.77222,16.229,25.905
7.0822,10.773,0,-0.90564,15.856,7.3586
7.0822,10.683,0,-1.0244,15.492,6.3961
5.6709,10.58,-2.7856,-1.1262,14.909,23.455
5.3836,10.467,-2.0425,-1.2204,14.403,41.776
5.1837,10.345,-1.4778,-1.2986,13.892,29.057
5.0305,10.216,-1.1799,-1.3693,13.379,23.373
4.9189,10.079,-0.93473,-1.435,12.852,19.068
4.8229,9.9351,-0.63812,-1.4956,12.347,14.78
4.7642,9.7856,-0.3882,-1.5482,11.842,11.575
4.7219,9.6307,-0.26108,-1.5955,11.35,9.7738
4.691,9.4712,-0.24634,-1.6421,10.857,8.8636
4.6683,9.307,-0.20282,-1.6843,10.378,7.8082
4.6431,9.1386,-0.16879,-1.7237,9.922,6.9053
4.6431,8.9662,0,-5.2,9.4811,22.702
4.613,8.4462,0.029753,-5.2,9.0749,21.585
4.6253,7.9262,0.1424,-5.2,8.7201,22.023
4.6344,7.4062,0.20413,-5.2,8.4094,21.822
4.6344,6.8862,0,-5.2,8.1582,18.321
4.6908,6.3662,0.32753,-5.2,7.9706,21.988
4.7331,5.8462,0.36279,-8.8,7.8253,14.418
4.7718,4.9662,0.38215,-0.057894,7.7581,0
4.8017,4.9604,0.376,-0.047419,7.7369,0
4.8293,4.9556,0.37031,-0.037783,7.7272,0
4.873,4.9519,0.35646,-0.023653,7.7129,0
4.9146,4.9495,0.34491,-0.010473,7.6999,0
4.9515,4.9485,0.33731,0.0027617,7.706,0
4.9844,4.9487,0.37086,0.032705,7.7149,0
5.0297,4.952,0.40862,0.07119,7.7146,0
5.064,4.9591,0.47797,0.095979,7.7316,0
5.064,4.9687,0,0.1215,7.7416,0.074028
5.1598,4.9809,0.6737,0.16291,7.7449,0
5.2266,4.9972,0.77834,0.20823,7.7652,0
5.3104,5.018,0.88015,0.26433,7.7925,0
5.4062,5.0444,0.96292,0.32525,7.8223,0
5.498,5.0769,1.0495,0.37585,7.8544,0
5.6048,5.1145,1.1123,0.43475,7.9041,0
5.7075,5.158,1.1615,0.4828,7.9482,0
5.8171,5.2063,1.2327,0.53213,8.0102,0
5.8171,5.2595,0,0.58659,8.0686,0.32302
6.0819,5.3182,1.4321,0.65073,8.1312,0
6.227,5.3832,1.5225,0.71122,8.2194,0
6.3859,5.4544,1.5631,0.77508,8.3017,0
6.5512,5.5319,1.5191,0.83765,8.406,0
6.7021,5.6156,1.3649,0.8799,8.5063,0
6.7021,5.7036,0,0.91038,8.6106,0.2802
6.9529,5.7947,0.81727,0.91037,8.7235,0
6.9529,5.8857,0,0.89633,8.8348,0.024811
7.0999,5.9753,0.25807,0.85932,8.9532,0
7.0999,6.0613,0,0.79954,9.0614,0
7.1251,6.1412,-0.027241,0.73366,9.1698,0
7.1273,6.2146,-0.083772,0.67351,9.2667,0
7.1187,6.2819,-0.083123,0.61108,9.3461,0
7.1144,6.343,-0.08209,0.55824,9.4208,0
7.1144,6.3989,0,0.5088,9.4952,0
7.1072,6.4497,-0.096608,0.46874,9.5592,0
7.0901,6.4966,-0.095333,0.42059,9.624,0
7.0819,6.5387,-0.10269,0.38308,9.6868,0.028763
7.065,6.577,-0.090807,0.34227,9.7334,0.0045435
7.0564,6.6112,-0.092891,0.31104,9.7869,0.023486
7.0474,6.6423,-0.10881,0.2821,9.8368,0.084972
7.0408,6.6705,-0.1261,0.25669,9.8669,0.14874
7.0291,6.6962,-0.1301,0.22996,9.8964,0.17313
7.0291,6.7192,0,0.21119,9.9285,0
7.013,6.7403,-0.14382,0.18761,9.9737,0.23767
7.0033,6.7591,-0.12617,0.16767,10.002,0.19439
7.0033,6.7758,0,0.14134,10.026,0
6.9809,6.79,-0.10754,0.13062,10.052,0.1626
6.9772,6.803,-0.10473,0.11888,10.06,0.16172
6.9772,6.8149,0,0.10598,10.077,0
6.968,6.8255,-0.021704,0.096888,10.079,0
6.9711,6.8352,0.15278,0.092277,10.092,0
6.9779,6.8444,0.38981,0.090493,10.097,0
7.0134,6.8535,0.63175,0.10835,10.115,0
7.0134,6.8643,0,0.13715,10.13,0
7.1473,6.878,1.0316,0.18192,10.15,0
7.2585,6.8962,1.0781,0.24427,10.179,0
7.3628,6.9206,1.0174,0.29729,10.215,0
7.4585,6.9504,0.89219,0.34049,10.257,0
7.5556,6.9844,0.78627,0.38107,10.302,0
7.5556,7.0225,0,0.40218,10.358,0
7.7072,7.0628,0.8273,0.42621,10.418,0
7.7903,7.1054,1.0355,0.45139,10.493,0
7.7903,7.1505,0,0.48153,10.559,0
8.0076,7.1987,1.0273,0.52776,10.633,0
8.1023,7.2514,0.88926,0.55187,10.708,0
8.1945,7.3066,0.82072,0.57259,10.791,0
8.1945,7.3639,0,0.57947,10.877,0
8.3324,7.4218,0.60827,0.58054,10.971,0
8.3981,7.4799,0.76738,0.58205,11.061,0
8.4719,7.5381,0.88743,0.58904,11.162,0
8.5606,7.597,0.8578,0.60433,11.252,0
8.652,7.6574,0.7686,0.62034,11.35,0
8.652,7.7195,0,0.62273,11.447,0
8.8039,7.7817,0.76096,0.63012,11.546,0
8.876,7.8447,0.74942,0.63254,11.656,0
8.9579,7.908,0.81325,0.64012,11.753,0
8.9579,7.972,0,0.64543,11.855,0
9.1192,8.0366,1.0183,0.65321,11.973,0
9.2112,8.1019,1.0058,0.66539,12.076,0
9.3055,8.1684,0.94919,0.67797,12.181,0
9.3987,8.2362,0.88244,0.68963,12.301,0
9.3987,8.3052,0,0.70011,12.414,0
9.5741,8.3752,0.77783,0.70349,12.539,0
9.6588,8.4455,0.75309,0.70803,12.659,0
9.6588,8.5163,0,0.7052,12.776,0
9.8233,8.5869,0.85954,0.71467,12.919,0
9.8994,8.6583,0.77267,0.71323,13.037,0
9.9697,8.7296,0.77919,0.70913,13.166,0
10.055,8.8006,0.91658,0.71387,13.291,0
10.137,8.8719,0.95044,0.71648,13.421,0
10.225,8.9436,0.97567,0.72159,13.546,0
10.325,9.0158,1.0751,0.73378,13.671,0
10.44,9.0891,1.1258,0.75333,13.807,0
10.559,9.1645,1.0845,0.77406,13.947,0
10.664,9.2419,1.0489,0.7856,14.097,0
10.77,9.3204,1.0895,0.79668,14.233,0
10.871,9.4001,1.1479,0.80399,14.38,0
10.988,9.4805,1.1448,0.82016,14.533,0
11.106,9.5625,1.0484,0.83529,14.687,0
11.205,9.646,0.9412,0.83983,14.844,0
11.205,9.73,0,0.84179,14.995,0
11.383,9.8142,0.67379,0.83596,15.153,0
11.448,9.8978,0.59583,0.82237,15.313,0
11.506,9.98,0.56799,0.80528,15.466,0
11.558,10.061,0.49671,0.78663,15.618,0
11.604,10.139,0.41081,0.76577,15.763,0
11.654,10.216,0.36075,0.7488,15.913,0
11.654,10.291,0,0.7255,16.053,0
11.654,10.363,0,0.70077,16.186,0
11.654,10.433,0,0.6753,16.311,0
11.775,10.501,0.21372,0.65239,16.443,0
11.775,10.566,0,0.62502,16.568,0
11.812,10.629,0.11968,0.6016,16.688,0
11.83,10.689,0.22258,0.57833,16.814,0
11.856,10.747,-0.048814,0.56062,16.925,0
