18.611,18.611,-0.30079,0,35.5,0.87183
18.572,18.611,-0.37506,-0.0039923,35.497,1.2686
18.543,18.611,-0.2727,-0.0068048,35.492,0.93105
18.521,18.61,-0.23241,-0.008961,35.477,0.83637
18.521,18.609,0,-0.010417,35.468,0.16082
18.489,18.608,-0.20205,-0.012043,35.46,0.8024
18.478,18.607,-0.17862,-0.013034,35.441,0.74611
18.466,18.606,-0.18141,-0.01415,35.428,0.7804
18.44,18.604,-0.20215,-0.016578,35.408,0.90654
18.418,18.603,-0.25064,-0.018667,35.39,1.1329
18.418,18.601,0,-0.021642,35.371,0.33951
18.361,18.598,-0.22628,-0.024118,35.353,1.1714
18.342,18.596,-0.22569,-0.025765,35.33,1.2082
18.313,18.593,-0.24566,-0.028583,35.3,1.3537
18.287,18.591,-0.23091,-0.030914,35.279,1.3521
18.266,18.588,-0.28536,-0.032759,35.244,1.6205
18.239,18.584,-0.31644,-0.035248,35.205,1.8201
18.206,18.581,-0.31811,-0.038334,35.172,1.9076
18.182,18.577,-0.30004,-0.040445,35.135,1.8793
18.15,18.573,-0.28823,-0.043358,35.095,1.9003
18.128,18.569,-0.29609,-0.045295,35.045,1.9838
18.094,18.564,-0.27161,-0.04843,35.003,1.9525
18.076,18.559,-0.28382,-0.049833,34.964,2.0421
18.042,18.554,-0.28473,-0.052898,34.917,2.1239
18.015,18.549,-0.27111,-0.055253,34.858,2.1187
17.996,18.543,-0.22593,-0.056844,34.796,1.9528
17.969,18.538,-0.19743,-0.059213,34.731,1.8851
17.94,18.532,-0.15096,-0.061774,34.674,1.7519
17.933,18.526,-0.14781,-0.06201,34.614,1.7406
17.921,18.519,-0.19319,-0.062802,34.563,1.9439
17.893,18.513,-0.23804,-0.065191,34.496,2.1966
17.893,18.507,0,-0.067556,34.435,1.2442
17.893,18.5,0,-0.069135,34.374,1.2218
17.819,18.493,-0.31924,-0.071436,34.303,2.7376
17.795,18.486,-0.30302,-0.073391,34.244,2.7019
17.758,18.478,-0.27462,-0.076815,34.173,2.6433
17.723,18.471,-0.24706,-0.080017,34.091,2.5834
17.703,18.463,-0.22377,-0.081478,34.025,2.5028
17.679,18.455,-0.23625,-0.083483,33.948,2.6056
17.651,18.446,-0.26478,-0.085844,33.867,2.7986
17.626,18.438,-0.2626,-0.087993,33.789,2.8348
17.609,18.429,-0.25046,-0.089086,33.716,2.7941
17.609,18.42,0,-0.092105,33.635,1.6865
17.609,18.411,0,-0.094594,33.554,1.6528
17.518,18.401,-0.19822,-0.096988,33.476,2.7109
17.501,18.392,-0.19366,-0.098195,33.384,2.7078
17.49,18.382,-0.1995,-0.098637,33.305,2.737
17.469,18.372,-0.21686,-0.10019,33.219,2.8495
17.444,18.362,-0.22891,-0.10235,33.125,2.9513
17.426,18.352,-0.22585,-0.1036,33.037,2.9558
17.426,18.341,0,-0.10583,32.945,1.9275
17.375,18.331,-0.19866,-0.10782,32.843,2.8989
17.375,18.32,0,-0.1104,32.748,1.9928
17.375,18.309,0,-0.11063,32.654,1.9608
17.324,18.298,-0.12359,-0.11129,32.547,2.5875
17.308,18.287,-0.097563,-0.11234,32.449,2.4827
17.308,18.275,0,-0.11224,32.351,2.0497
17.295,18.264,-0.042289,-0.11234,32.246,2.2231
17.295,18.253,0,-0.11319,32.149,2.0212
17.281,18.242,-0.013297,-0.11231,32.04,2.0817
17.281,18.23,0,-0.11219,31.945,1.9992
17.282,18.219,0.013635,-0.11042,31.865,1.9202
17.275,18.208,0.0055954,-0.1104,31.765,1.938
17.275,18.197,0,-0.11003,31.673,1.9293
17.27,18.186,0.075982,-0.10927,31.589,1.6474
17.271,18.175,0.090528,-0.10829,31.496,1.5714
17.278,18.164,0.077139,-0.10659,31.415,1.5755
17.294,18.154,0.10834,-0.10384,31.322,1.417
17.314,18.143,0.13889,-0.10043,31.244,1.2593
17.331,18.133,0.096526,-0.097555,31.168,1.328
17.34,18.124,0.066304,-0.095647,31.093,1.3812
17.337,18.114,0.030723,-0.095073,31.015,1.4789
17.34,18.104,0.0021839,-0.093944,30.932,1.547
17.347,18.095,0.00060821,-0.092228,30.852,1.5135
17.352,18.086,0.038105,-0.090893,30.77,1.3579
17.352,18.077,0,-0.090488,30.697,1.461
17.364,18.068,0.046452,-0.087765,30.616,1.2641
17.36,18.059,0.068112,-0.087429,30.545,1.1865
17.366,18.05,0.068419,-0.08587,30.476,1.1541
17.381,18.042,0.042103,-0.08326,30.407,1.1842
17.386,18.033,0.034897,-0.081869,30.332,1.177
17.399,18.025,0.078084,-0.079476,30.259,1.0054
17.413,18.017,0.11623,-0.076904,30.189,0.8573
17.43,18.009,0.09839,-0.074003,30.132,0.85564
17.441,18.002,0.08162,-0.071751,30.079,0.86206
17.453,17.995,0.079228,-0.069473,30.019,0.82953
17.453,17.988,0,-0.06863,29.965,1.041
17.465,17.981,0.034827,-0.06661,29.896,0.89939
17.463,17.974,0.06192,-0.066216,29.842,0.8153
17.463,17.968,0,-0.064741,29.791,0.97953
17.473,17.961,0.11447,-0.063474,29.749,0.63606
17.481,17.955,0.10445,-0.061687,29.704,0.63201
17.484,17.949,0.10264,-0.060676,29.664,0.61985
17.494,17.943,0.10573,-0.058679,29.624,0.58193
17.497,17.937,0.093066,-0.057549,29.584,0.59412
17.499,17.931,0.13014,-0.056704,29.547,0.4949
17.512,17.925,0.16865,-0.054286,29.503,0.37919
17.523,17.92,0.16281,-0.05232,29.472,0.36375
17.532,17.915,0.096943,-0.050515,29.434,0.47911
17.533,17.91,0.025255,-0.0498,29.387,0.64341
17.532,17.905,-0.10607,-0.049417,29.344,1.0256
17.511,17.9,-0.20716,-0.051553,29.305,1.4246
17.5,17.895,-0.34968,-0.052441,29.26,2.0539
17.473,17.889,-0.44942,-0.055555,29.219,2.6209
17.473,17.884,0,-0.061449,29.178,0.76133
17.387,17.878,-0.37064,-0.06573,29.127,2.4124
17.352,17.871,-0.39115,-0.069649,29.083,2.5938
17.315,17.864,-0.27203,-0.073912,29.033,2.0924
17.278,17.857,-0.13905,-0.078084,28.983,1.6066
17.26,17.849,-0.097166,-0.079664,28.932,1.4731
17.252,17.841,-0.061718,-0.079752,28.882,1.3454
17.252,17.833,0,-0.08061,28.823,1.1203
17.241,17.825,-0.003015,-0.079473,28.777,1.1407
17.249,17.817,-0.052162,-0.077536,28.725,1.2656
17.253,17.809,-0.10767,-0.076154,28.67,1.4327
17.247,17.802,-0.13626,-0.076086,28.612,1.533
17.238,17.794,-0.078713,-0.076539,28.55,1.3272
17.239,17.786,-0.017345,-0.075611,28.491,1.1059
17.239,17.779,0,-0.076333,28.437,1.0314
17.216,17.771,-0.0073048,-0.077148,28.374,1.0898
17.216,17.763,0,-0.075466,28.319,1.0532
17.216,17.756,-0.11561,-0.075389,28.257,1.4178
17.2,17.748,-0.13162,-0.076829,28.208,1.4965
17.177,17.741,-0.034808,-0.079123,28.149,1.1907
17.175,17.733,-0.021863,-0.078527,28.089,1.1358
17.175,17.725,0,-0.07751,28.034,1.0514
17.172,17.717,-0.13461,-0.077223,27.985,1.497
17.158,17.709,-0.27941,-0.078334,27.932,2.1133
17.127,17.702,-0.34967,-0.081929,27.866,2.5103
17.101,17.693,-0.3653,-0.084671,27.811,2.6361
17.06,17.685,-0.38648,-0.08956,27.754,2.8344
17.014,17.676,-0.35375,-0.095283,27.682,2.7619
17.014,17.666,0,-0.099405,27.616,1.245
16.932,17.657,-0.45819,-0.10494,27.548,3.5158
16.883,17.646,-0.50199,-0.11084,27.483,3.8951
16.829,17.635,-0.55686,-0.11762,27.405,4.3829
16.769,17.623,-0.57098,-0.12508,27.326,4.6249
16.708,17.611,-0.49932,-0.13285,27.243,4.2913
16.649,17.597,-0.49316,-0.1402,27.143,4.3833
16.601,17.583,-0.5343,-0.14605,27.043,4.7607
16.542,17.569,-0.5284,-0.15344,26.946,4.8536
16.496,17.553,-0.52135,-0.15874,26.847,4.8933
16.447,17.538,-0.56531,-0.1646,26.744,5.3033
16.395,17.521,-0.56497,-0.17111,26.628,5.4093
16.345,17.504,-0.51939,-0.1772,26.505,5.1773
16.345,17.486,0,-0.18374,26.39,2.2779
16.247,17.468,-0.47766,-0.18909,26.261,5.0635
16.19,17.449,-0.45124,-0.19632,26.132,4.9915
16.19,17.429,0,-0.20184,26.007,2.4915
16.095,17.409,-0.55625,-0.20786,25.872,5.8924
16.049,17.388,-0.5854,-0.21337,25.742,6.1859
15.983,17.367,-0.6102,-0.22211,25.605,6.5142
15.921,17.345,-0.63613,-0.23015,25.475,6.8448
15.921,17.322,0,-0.2393,25.333,2.8227
15.789,17.298,-0.58584,-0.24798,25.18,6.6924
15.732,17.273,-0.56036,-0.25524,25.033,6.5797
15.732,17.248,0,-0.26407,24.88,3.0685
15.614,17.221,-0.63393,-0.27105,24.711,7.3588
15.554,17.194,-0.6704,-0.27916,24.549,7.7622
15.554,17.166,0,-0.28881,24.386,3.2621
15.421,17.137,-0.70498,-0.29776,24.217,8.2877
15.421,17.108,0,-0.30689,24.047,3.4178
15.421,17.077,0,-0.31532,23.88,3.286
15.226,17.045,-0.69336,-0.3258,23.669,8.4537
15.162,17.013,-0.8381,-0.33498,23.484,9.9236
15.085,16.979,-0.98252,-0.34673,23.296,11.608
14.986,16.945,-1.142,-0.36262,23.107,13.753
14.874,16.908,-1.2673,-0.38152,22.897,15.704
14.74,16.87,-1.3183,-0.40467,22.684,16.781
14.6,16.83,-1.3008,-0.42917,22.467,16.874
14.6,16.787,0,-0.45149,22.246,4.3766
14.367,16.742,-0.91979,-0.47044,22.005,12.371
14.367,16.695,0,-0.48829,21.77,4.674
14.204,16.646,-0.56687,-0.49881,21.518,8.9439
14.138,16.596,-0.45201,-0.51028,21.267,7.9774
14.088,16.545,-0.44441,-0.51853,21.013,7.8566
14.042,16.493,-0.45998,-0.52526,20.777,7.9081
13.989,16.44,-0.36475,-0.53369,20.536,7.1307
13.962,16.387,-0.28359,-0.53671,20.288,6.4369
13.939,16.333,-0.28573,-0.53849,20.05,6.3207
13.939,16.28,0,-0.54029,19.813,4.4712
13.877,16.226,-0.31675,-0.54542,19.578,6.3051
13.837,16.171,-0.32651,-0.55073,19.348,6.2809
13.795,16.116,-0.31272,-0.5562,19.123,6.1047
13.759,16.06,-0.29102,-0.56081,18.887,5.8606
13.759,16.004,0,-0.56216,18.659,4.0637
13.706,15.948,-0.48501,-0.56424,18.437,6.9413
13.657,15.892,-0.65402,-0.57182,18.212,8.2119
13.595,15.834,-0.78653,-0.58294,17.98,9.3472
13.521,15.776,-0.87861,-0.5975,17.746,10.217
13.442,15.716,-0.98068,-0.61268,17.525,11.271
13.349,15.655,-1.0697,-0.63164,17.302,12.284
13.243,15.592,-1.191,-0.65528,17.07,13.804
13.114,15.526,-1.344,-0.68545,16.832,15.961
12.973,15.458,-1.4592,-0.72032,16.583,17.775
12.827,15.386,-1.3639,-0.7566,16.333,16.402
12.682,15.31,-1.144,-0.79331,16.077,13.473
12.682,15.231,0,-0.81975,15.818,3.9159
12.682,15.149,0,-0.84151,15.567,3.5937
12.427,15.065,-0.29029,-0.85018,15.29,5.5059
12.427,14.98,0,-0.85163,15.031,3.8045
12.387,14.894,-0.053389,-0.84469,14.776,3.9163
12.387,14.81,0,-0.83605,14.529,3.4914
12.369,14.726,-0.046905,-0.82817,14.299,3.5147
12.364,14.644,-0.048532,-0.81765,14.066,3.3374
12.35,14.562,-0.073744,-0.81015,13.837,3.2685
12.347,14.481,-0.079019,-0.79688,13.625,3.1179
12.347,14.401,0,-0.78202,13.416,2.6832
12.34,14.323,-0.051828,-0.7701,13.214,2.708
12.34,14.246,0,-0.75844,13.019,2.3858
12.321,14.17,0.037519,-0.74566,12.823,2.1785
12.321,14.096,0,-0.72736,12.642,2.1555
12.321,14.023,0.11918,-0.71089,12.469,1.7452
12.33,13.952,0.21858,-0.68867,12.304,1.451
12.346,13.883,0.27383,-0.66323,12.144,1.2649
12.346,13.816,0,-0.62954,11.994,1.7112
12.409,13.754,0.37498,-4.4,11.852,150.14
12.409,13.314,0,-0.37963,11.739,1.0663
12.409,13.276,0,-0.34815,11.651,1.0589
12.533,13.241,0.49075,-4.4,11.565,222.37
12.533,12.801,0,-0.097651,11.516,0.34698
12.635,12.791,0.63445,-0.067737,11.487,0
12.708,12.784,0.62954,-0.033262,11.469,0
12.708,12.781,0,-0.0031025,11.462,0.1465
12.834,12.781,0.5671,0.014282,11.463,0
12.881,12.782,0.49733,0.026531,11.48,0
12.921,12.785,0.47734,0.036637,11.49,0
12.976,12.788,0.48711,0.050165,11.499,0
13.015,12.793,0.46656,0.059367,11.522,0
13.056,12.799,0.45367,0.068967,11.547,0
13.105,12.806,0.44385,0.08033,11.58,0
13.156,12.814,0.44391,0.092168,11.611,0
13.209,12.823,0.44229,0.10409,11.65,0
13.209,12.834,0,0.1145,11.688,0
13.294,12.845,0.42152,0.12166,11.749,0
13.34,12.857,0.41875,0.13095,11.789,0
13.34,12.871,0,0.14101,11.836,0
13.416,12.885,0.29894,0.14478,11.889,0
13.453,12.899,0.2244,0.15151,11.951,0
13.478,12.914,0.13095,0.15445,12.012,0
13.495,12.93,0.033717,0.1554,12.076,0
13.491,12.945,-0.030085,0.15046,12.14,0
13.493,12.96,-0.11379,0.14709,12.191,0
13.481,12.975,-0.13507,0.13981,12.237,0
13.476,12.989,-0.089107,0.13494,12.285,0
13.476,13.002,0,0.1294,12.333,0
13.467,13.015,-0.058804,0.12558,12.38,0
13.454,13.028,-0.052536,0.11847,12.418,0
13.457,13.04,-0.071866,0.11622,12.45,0
13.452,13.051,-0.14808,0.11174,12.493,0
13.452,13.063,0,0.10234,12.533,0
13.452,13.073,0,0.090849,12.571,0
13.376,13.082,-0.28136,0.082181,12.584,0.29096
13.376,13.09,0,0.070548,12.613,0
13.32,13.097,-0.34746,0.062258,12.629,0.64989
13.283,13.103,-0.37545,0.050217,12.656,0.83687
13.242,13.108,-0.364,0.037368,12.67,0.87512
13.211,13.112,-0.36625,0.027654,12.68,0.94752
13.173,13.115,-0.3314,0.016195,12.691,0.88464
13.147,13.117,-0.28033,0.0084125,12.693,0.74392
13.147,13.117,0,-0.0020908,12.696,0
13.079,13.117,-0.30846,-0.014273,12.693,0.95487
13.054,13.116,-0.32212,-0.023372,12.691,1.0422
13.031,13.113,-0.34726,-0.03123,12.691,1.1725
13.003,13.11,-0.3342,-0.040643,12.674,1.1555
12.964,13.106,-0.29714,-0.0537,12.668,1.0607
12.964,13.101,0,-0.062854,12.654,0.14801
12.896,13.095,-0.29417,-0.075343,12.641,1.1298
12.87,13.087,-0.31526,-0.082722,12.613,1.2376
12.829,13.079,-0.40111,-0.095113,12.598,1.6458
12.787,13.069,-0.59085,-0.10776,12.562,2.6607
12.723,13.059,-0.86877,-0.12874,12.538,4.6275
12.639,13.046,-1.2161,-0.15634,12.507,8.001
12.526,13.03,-1.5682,-0.19446,12.466,12.722
12.526,13.011,0,-0.24675,12.417,0.47486
12.186,12.986,-2.0645,-0.31299,12.333,22.474
11.972,12.955,-2.2219,-0.38791,12.248,26.593
11.754,12.916,-2.3265,-0.46386,12.145,29.698
11.522,12.869,-2.4226,-0.54429,12.029,32.769
11.288,12.815,-2.5,-0.62672,11.879,35.386
11.043,12.752,-2.5519,-0.71495,11.708,37.249
10.794,12.681,-2.5742,-0.8035,11.537,38.138
10.538,12.6,-2.6151,-0.89653,11.347,39.602
10.538,12.511,0,-4.4,11.146,103.47
10.014,12.071,-2.934,-5.2,10.917,0
9.7213,11.551,-3.1136,-5.2,10.717,0
9.4136,11.031,-3.3128,-0.68771,10.54,71.165
9.083,10.962,-3.5087,-5.2,10.365,0
8.7355,10.442,-3.6097,-5.2,10.179,0
8.3716,9.9221,-3.6276,-0.63897,10.023,93.161
8.003,9.8582,-3.5988,-5.2,9.8583,0
7.6467,9.3382,-3.599,-0.69047,9.6887,91.149
7.2838,9.2691,-3.5414,-5.2,9.5026,0.5836
6.927,8.7491,-3.507,-5.2,9.3151,0.17796
6.5766,8.2291,-3.4818,-0.64792,9.1397,15.587
6.2341,8.1643,-3.4903,-5.2,8.9644,0.3643
6.2341,7.6443,0,-5.2,8.7974,57.084
5.5532,7.1243,-3.2409,-0.58087,8.6182,13.748
5.2208,7.0662,-3.0436,-5.2,8.4564,0
4.9166,6.5462,-2.8261,-0.58761,8.2783,12.461
4.6309,6.4875,-2.6787,-5.2,8.1002,0
4.6309,5.9675,0,-8.8,7.9406,8.8267
4.089,5.0875,-2.6256,-0.30194,7.809,10.238
4.089,5.0573,0,-0.37727,7.7106,1.2146
4.089,5.0196,0,-0.45375,7.6157,0.95423
3.3127,4.9742,-2.4952,-8.8,7.4217,0
3.0542,4.0942,-2.3057,-0.27829,7.2951,8.6769
2.8219,4.0663,-2.148,-0.33892,7.1854,8.542
2.5994,4.0325,-2.0351,-0.39821,7.0598,8.4417
2.4038,3.9926,-2.0112,-8.8,6.9004,0
2.2077,3.1126,-2.0667,-0.20322,6.7806,7.2351
2.2077,3.0923,0,-0.24933,6.6911,1.3701
1.7892,3.0674,-2.0228,-0.29865,6.5561,7.4827
1.5879,3.0375,-1.8115,-8.8,6.4185,0
1.4114,2.1575,-1.4209,-0.12683,6.3148,5.162
1.272,2.1448,-1.0427,-0.15083,6.2279,4.6504
1.272,2.1297,0,-0.16853,6.1414,1.5535
1.0882,2.1129,-0.80832,-8.8,6.0279,0
1.0882,1.2329,0,-0.022843,5.9694,0.25435
0.944,1.2306,-0.77015,-0.029346,5.9454,2.6125
0.8667,1.2277,-0.95197,-0.037284,5.9049,3.0799
0.77879,1.2239,-1.0043,-0.046239,5.873,3.3193
0.67491,1.2193,-0.98022,-0.057074,5.8258,3.4354
0.5742,1.2136,-0.8801,-0.067899,5.763,3.3947
0.49305,1.2068,-0.82276,-0.076913,5.6911,3.4002
0.41688,1.1991,-0.64321,-0.085453,5.6205,3.1602
0.35747,1.1906,-0.49269,-8.8,5.53,0
0.30784,0.31059,-0.37832,-0.37832,5.484,0.0056469
0.26809,0.27276,-0.5536,-0.5536,5.4819,0.0095743
0.26809,0.2174,0,-0.8709,5.4842,0
0.11781,0.13031,-1.1732,-1.1732,5.4671,0.025628
0.0019124,0.012982,-1.4156,-1.4156,5.4627,0.022694
0.0019124,0,0,-1.6837,5.4687,0
-0.30603,0,-1.8554,-1.8554,5.4286,0.62735
-0.49398,0,-1.8935,-1.8935,5.3921,1.0127
-0.68305,0,-1.9044,-1.9044,5.3385,1.4003
-0.68305,0,0,-1.9108,5.2797,0
-0.68305,0,0,-1.9137,5.2209,0
-1.2634,0,-1.9071,-1.9071,5.0642,2.5899
-1.4641,0,-1.8517,-8.8,4.9385,0
-1.6427,0,-1.8057,-8.8,4.8185,0
-1.8298,0,-1.7862,-8.8,4.682,0
-2.0074,0,-1.7817,-8.8,4.5332,0
-2.1826,0,-1.8006,-8.8,4.3648,0
-2.1826,0,0,-8.8,4.1906,0
-2.5417,0,-1.7598,-8.8,3.9659,0
-2.7234,0,-1.6444,-8.8,3.7482,0
-2.8799,0,-1.5046,-8.8,3.5021,0
-3.0298,0,-1.3385,-8.8,3.2529,0
-3.1665,0,-1.157,-8.8,2.9781,0
-3.2776,0,-1.0525,-8.8,2.6993,0
-3.3874,0,-0.99729,-8.8,2.4109,0
-3.4963,0,-1.0325,-8.8,2.1094,0
-3.5968,0,-0.99743,-8.8,1.8045,0
-3.6887,0,-0.72737,-8.8,1.4888,0
-3.7706,0,-0.46655,-8.8,1.1559,0
-3.8233,0,-0.33395,-9.3497,0.81065,0
-3.8481,0,-0.15811,-15.681,0.47697,0
-3.869,0,0.035932,-42.243,0.17703,0
-3.875,0,-0.035187,9.8,1,28.61
-3.8865,0.98,-0.16183,-21.413,0.55721,0
-3.8948,0,-0.14309,-42.642,0.17846,0
-3.9143,0,-0.070053,-1575.4,0.004863,0
-3.9282,0,-0.078897,-0.078897,7.4966,8.0529
-3.9364,0,-0.12883,-0.12883,7.0963,8.0697
-3.9405,0,-0.11217,-0.11217,6.6962,8.0781
-3.9503,0,-0.075293,-0.075293,6.2936,8.0982
-3.9593,0,-0.080077,-0.080077,5.892,8.1165
-3.9593,0,0,-0.10515,5.4964,7.8956
-3.9652,0,-0.088745,-0.088745,5.0988,8.1286
-3.9641,0,-0.080549,-8.8,4.7001,0
-3.9696,0,-0.093039,-8.8,4.346,0
-3.9739,0,-0.097337,-8.8,3.993,0
-3.9818,0,-0.094115,-8.8,3.647,0
-3.9885,0,-0.092586,-8.8,3.3014,0
-4.0067,0,-0.092285,-8.8,2.9384,0
-4.0079,0,-0.093087,-8.8,2.573,0
-4.0191,0,-0.086956,-8.8,2.2242,0
-4.0191,0,0,-8.8,1.8663,0
-4.0427,0,-0.10043,-8.8,1.5065,0
-4.0506,0,-0.10468,-8.8,1.1483,0
-4.0544,0,-0.10324,-10.585,0.7841,0
-4.0744,0,-0.10578,-19.027,0.43868,0
-4.0929,0,-0.10716,-66.658,0.12586,0
-4.1003,0,-0.099193,-142.88,0.058875,0
-4.1059,0,-0.089886,-23.282,0.36344,0
-4.1242,0,-0.08875,-122.12,0.06969,0
-4.126,0,-0.090707,-32.644,0.26148,0
-4.145,0,-0.087011,-840.59,0.010221,0
-4.1554,0,-0.091227,-8.8,3.7909,0
-4.1604,0,-0.099655,-8.8,3.4096,0
-4.1604,0,0,-8.8,3.0376,0
-4.1836,0,-0.099063,-8.8,2.6586,0
-4.2004,0,-0.092633,-8.8,2.2763,0
-4.2066,0,-0.089682,-8.8,1.8932,0
-4.2228,0,-0.014709,-8.8,1.5239,0
-4.2228,0,0,-8.8,1.1456,0
-4.2217,0,0.17181,-11.32,0.77541,0
-4.2083,0,0.23694,-21.856,0.40079,0
-4.1924,0,0.31721,-89.63,0.097703,0
-4.1924,0,0,-65.49,0.12661,0
-4.1336,0,0.27715,-160.9,0.053004,0
-4.1336,0,0,-19.085,0.44417,0
-4.0722,0,0.22423,-70.506,0.11723,0
-4.0449,0,0.25041,-145.01,0.056318,0
-4.0168,0,0.35513,-20.898,0.37959,0
-3.9763,0,0.56453,-104.33,0.075368,0
-3.9763,0,0,-36.31,0.19937,0
-3.8206,0,1.1086,-968.28,0.0075291,0
-3.7171,0,1.2824,-8.8,4.4744,0
-3.5976,0,1.3262,-8.8,4.1471,0
-3.4669,0,1.2308,-8.8,3.8359,0
-3.3349,0,1.0679,-8.8,3.5486,0
-3.2226,0,0.90222,-8.8,3.2743,0
-3.1346,0,0.82095,-8.8,3.0058,0
-3.0596,0,0.8739,-8.8,2.7391,0
-2.9712,0,1.0277,-8.8,2.4906,0
-2.8706,0,1.2323,-8.8,2.2395,0
-2.7384,0,1.4481,-8.8,2.0051,0
-2.5967,0,1.6875,-8.8,1.7762,0
-2.4201,0,1.9161,-8.8,1.5743,0
-2.2376,0,2.1042,-8.8,1.3909,0
-2.0268,0,2.2248,-8.8,1.2121,0
-2.0268,0,0,-8.8,1.0534,0
-2.0268,0,0,-8.8,0.89472,0
-1.3354,0,2.1766,-8.8,0.85701,0
-1.112,0,2.1284,-8.8,0.77066,0
-0.90355,0,2.1416,-8.8,0.71938,0
-0.692,0,2.246,-8.8,0.67796,0
-0.46397,0,2.3303,-8.8,0.6642,0
-0.23915,0,2.4096,-8.8,0.68171,0
-0.0063518,0,2.4515,-8.8,0.7149,0
0.24093,0,2.4594,-8.8,0.76729,0
0.48381,0,2.3887,-8.8,0.83862,0
0.72786,0,2.3243,-8.8,0.94405,0
0.96378,0,2.3102,-8.8,1.0688,0
1.1913,0,2.2737,-8.8,1.2287,0
1.4138,0,2.2411,-8.8,1.4005,0
1.6354,0,2.2471,-8.8,1.5899,0
1.6354,0,0,-8.8,1.7974,0
2.0828,0,2.2378,-8.8,2.0391,0
2.3107,0,2.2286,-8.8,2.3117,0
2.5336,0,2.1953,-8.8,2.5936,0
2.7432,0,2.142,-8.8,2.9112,0
2.7432,0,0,-8.8,3.2295,0
3.1676,0,2.1068,-8.8,3.5885,3.3904
3.3685,0,2.2174,-8.8,3.9597,6.6844
3.5909,0,2.3046,-8.8,4.3606,10.201
3.8147,0,2.3819,-8.8,4.7703,13.882
4.0452,0,2.4333,2.4333,5.1988,0
4.291,0.24333,2.4021,2.4021,5.5975,0
4.5312,0.48354,2.2504,2.2504,6.0047,0
4.7557,0.70859,2.1372,2.1372,6.4189,0
4.9721,0.9223,2.0421,4.9,6.8149,0
5.1863,1.4123,1.9676,4.9,7.2125,0
5.3734,1.9023,1.9111,4.9,7.5667,1.2834
5.3734,2.3923,0,4.9,7.8893,21.487
5.7596,2.8823,1.8456,4.9,8.2008,3.8747
5.9486,3.3723,1.8092,4.8742,8.4765,5.1464
6.1378,3.8597,1.7633,3.5247,8.7111,0
6.3238,4.2122,1.7012,2.8842,8.9218,0
6.5004,4.5006,1.6001,2.4953,9.1264,0
6.6615,4.7501,1.4703,2.2199,9.3167,0
6.8144,4.9721,1.3548,2.0187,9.5082,0
6.9481,5.174,1.2573,1.8487,9.6826,0
6.9481,5.3589,0,1.7103,9.8508,2.174
7.1984,5.5299,1.1737,1.6056,10.032,0
7.1984,5.6905,0,1.5118,10.19,1.3885
7.441,5.8416,1.2323,1.4436,10.346,0
7.5684,5.986,1.2421,1.3894,10.501,0
