12.5,12.5,0.73076,0,35.5,0
12.564,12.5,0.96707,0.048356,35.512,0
12.659,12.505,1.0985,0.117,35.529,0
12.761,12.517,1.2677,0.18503,35.544,0.19392
12.88,12.535,1.3656,0.261,35.566,0.24423
13.016,12.561,1.4052,0.34314,35.613,0.13194
13.016,12.595,0,0.42609,35.657,0.15169
13.296,12.638,1.391,0.49296,35.717,0
13.439,12.687,1.3762,0.56056,35.781,0
13.567,12.743,1.3751,0.61077,35.863,0
13.711,12.804,1.4022,0.66875,35.956,0
13.858,12.871,1.4189,0.72305,36.048,0
14.007,12.944,1.4115,0.77356,36.141,0
14.007,13.021,0,0.81798,36.244,0
14.286,13.103,1.368,0.84839,36.376,0
14.431,13.188,1.3654,0.88461,36.498,0
14.562,13.276,1.3715,0.90782,36.631,0
14.707,13.367,1.3958,0.93844,36.766,0
14.85,13.461,1.428,0.96456,36.912,0
14.85,13.557,0,0.98331,37.046,0
15.139,13.656,1.4954,1.0124,37.197,0
15.293,13.757,1.5136,1.0396,37.354,0
15.452,13.861,1.5477,1.0675,37.506,0
15.452,13.967,0,1.0872,37.659,0
15.452,14.076,0,1.1136,37.803,0
15.923,14.188,1.5191,1.1327,37.995,0
16.071,14.301,1.5045,1.145,38.172,0
16.231,14.415,1.4969,1.1635,38.35,0
16.381,14.532,1.5004,1.1742,38.526,0
16.381,14.649,0,1.1775,38.705,0
16.668,14.767,1.5702,1.1852,38.889,0
16.668,14.885,0,1.2026,39.073,0
16.668,15.006,0,1.2143,39.245,0
16.668,15.127,0,1.2271,39.406,0
17.291,15.25,1.4428,1.2275,39.683,0
17.426,15.373,1.4298,1.2241,39.886,0
17.576,15.495,1.4463,1.2295,40.092,0
17.716,15.618,1.4569,1.2297,40.306,0
17.869,15.741,1.4383,1.2368,40.52,0
18.014,15.865,1.3981,1.2386,40.741,0
18.014,15.988,0,1.2331,40.95,0
18.284,16.112,1.3358,1.2309,41.157,0
18.284,16.235,0,1.2245,41.368,0
18.529,16.357,1.0933,1.2117,41.6,0
18.632,16.478,0.90972,1.1921,41.808,0
18.72,16.598,0.66496,1.166,42.015,0
18.784,16.714,0.42823,1.1285,42.23,0
18.827,16.827,0.25025,1.0834,42.442,0
18.854,16.935,0.13462,1.0327,42.645,0
18.861,17.039,0.087399,0.97476,42.826,0
18.861,17.136,0,0.917,43.004,0
18.877,17.228,0.11323,0.87226,43.176,0
18.887,17.315,0.09098,0.82668,43.331,0
18.887,17.398,0,0.78245,43.484,0
18.896,17.476,0.071373,0.73998,43.623,0
18.91,17.55,0.1232,0.70569,43.762,0
18.921,17.621,0.29311,0.67218,43.892,0
18.947,17.688,0.51721,0.64819,44.02,0
18.999,17.753,0.74578,4.8,44.145,20.845
19.067,18.233,0.95151,0.40994,44.241,0
19.159,18.274,1.0859,0.4342,44.334,0
19.263,18.317,1.1314,0.46329,44.418,0
19.382,18.363,1.1475,0.49753,44.51,0
19.501,18.413,1.1882,0.53029,44.62,0
19.626,18.466,1.2361,0.56367,44.728,0
19.758,18.522,1.2403,0.59886,44.845,0
19.882,18.582,1.2361,0.62825,44.98,0
20.001,18.645,1.235,0.6534,45.109,0
20.133,18.711,1.2207,0.68345,45.255,0
20.253,18.779,1.2271,0.70608,45.407,0
20.367,18.85,1.242,0.7244,45.548,0
20.496,18.922,1.2276,0.74871,45.709,0
20.618,18.997,1.2199,4.8,45.876,13.757
20.733,19.477,1.1984,0.57276,46.019,0
20.733,19.534,0,0.60405,46.142,0
20.979,19.594,1.1535,0.62823,46.289,0
21.094,19.657,1.1837,0.65028,46.422,0
21.094,19.722,0,0.67265,46.563,0
21.327,19.79,1.126,0.69159,46.711,0
21.43,19.859,0.97231,0.70479,46.86,0
21.43,19.929,0,0.7145,47.013,0
21.601,20.001,0.4952,0.71363,47.179,0
21.641,20.072,0.29926,4.8,47.337,24.709
21.641,20.552,0,0.4796,47.47,0
21.687,20.6,0.14724,0.46516,47.591,0
21.698,20.647,0.17073,0.44921,47.703,0
21.698,20.691,0,0.43889,47.806,0
21.735,20.735,0.057249,0.42546,47.898,0
21.743,20.778,-0.14641,0.40991,47.986,0
21.734,20.819,-0.3908,0.38814,48.084,0.063021
21.696,20.858,-0.70702,0.3549,48.169,1.747
21.63,20.893,-1.0745,0.31185,48.248,4.6735
21.527,20.924,-1.4767,0.25467,48.313,9.3717
21.388,20.95,-1.8337,0.18501,48.372,15.245
21.205,20.968,-2.1457,0.099748,48.401,22.081
20.986,20.978,-2.3712,0.0031815,48.42,28.333
20.753,20.979,-2.5585,-0.015541,48.408,35.604
20.497,20.977,-2.6632,-0.033065,48.366,40.943
20.237,20.974,-2.7691,-0.050836,48.313,46.643
19.97,20.969,-2.9063,-0.06916,48.217,53.982
19.97,20.962,0,-0.089512,48.118,2.2069
19.36,20.953,-3.158,-0.11122,47.952,69.452
19.051,20.942,-3.2639,-0.13269,47.781,76.718
18.717,20.928,-3.3542,-0.15615,47.586,83.502
18.378,20.913,-3.3876,-0.18039,47.344,87.259
18.042,20.895,-3.3945,-0.20467,47.077,89.523
17.703,20.874,-3.4494,-0.22967,46.786,94.418
17.348,20.851,-3.5484,-0.25639,46.452,101.91
16.991,20.826,-3.7314,-0.2839,46.089,114.69
16.618,20.797,-3.9668,-0.31336,45.697,131.92
16.618,20.766,0,-0.34492,45.281,13.014
15.811,20.731,-4.4738,-0.38009,44.786,174.1
15.365,20.693,-4.5675,-0.41859,44.279,183.07
15.365,20.652,0,-0.46025,43.749,17.677
14.446,20.606,-4.4359,-0.5033,43.117,174.05
14.003,20.555,-4.3635,-0.5473,42.478,169.84
14.003,20.501,0,-0.59291,41.825,22.899
13.137,20.441,-4.359,-0.64059,41.091,172.29
12.699,20.377,-4.4834,-0.6919,40.338,182.64
12.246,20.308,-4.6303,-0.74801,39.542,194.94
11.777,20.233,-4.8111,-0.8095,38.707,210.34
11.302,20.152,-4.9576,-0.87591,37.834,223.41
10.798,20.065,-5.1035,-0.94964,36.937,236.8
10.291,19.97,-5.2007,-1.03,35.991,55.482
9.7803,19.867,-5.2421,-1.1175,35.004,55.36
9.2567,19.755,-5.245,-1.2146,33.972,55.2
8.7266,19.633,-5.294,-1.3218,32.897,54.911
8.1945,19.501,-5.2668,-1.4391,31.793,54.573
8.1945,19.357,0,-1.5696,30.67,40.381
7.155,19.2,-4.8958,-1.7111,29.445,53.62
6.6664,19.029,-4.5413,-1.8647,28.228,52.979
6.2037,18.843,-4.1019,-2.032,26.983,52.212
5.7854,18.64,-3.4349,-2.2135,25.699,51.515
5.7854,18.418,0,-2.4016,24.425,40.696
5.1798,18.178,-1.6761,-2.5959,23.109,73.631
5.0041,17.919,-0.92031,-2.7948,21.805,53.596
4.9068,17.639,-0.22764,-2.9932,20.526,38.493
4.8931,17.34,0.20325,-3.1884,19.268,29.396
4.9083,17.021,0.29527,-3.391,18.038,24.95
4.9471,16.682,0.33185,-3.6003,16.84,21.171
4.9735,16.322,0.52762,-3.8257,15.68,16.546
5.0172,15.939,0.72977,-4.0487,14.575,12.895
5.0172,15.534,0,-4.2736,13.504,14.145
5.0172,15.107,0,-4.4,12.473,12.056
5.199,14.667,-0.025924,-4.4,11.522,10.363
5.1967,14.227,-0.72923,-4.5735,10.606,11.373
5.1203,13.77,-1.4639,-5.309,9.7278,10.32
4.9833,13.239,-1.9455,-5.7786,8.8901,9.1785
4.7926,12.661,-1.896,-5.7277,8.0786,8.0789
4.7926,12.088,0,-5.2801,7.3204,15.585
4.4437,11.56,-0.55794,-5.2,6.5752,11.2
4.3964,11.04,0.72144,-5.2,5.8922,26.804
4.3964,10.52,0,-5.2,5.2538,22.8
4.3964,10,0,-5.2,4.6674,21.734
4.3964,9.4801,0,-5.2,4.1331,20.668
5.4173,8.9601,4.6362,-5.2,3.7908,96.634
5.4173,8.4401,0,-5.2,3.4625,35.073
6.3502,7.9201,4.2893,-5.2,3.2812,113.08
6.7806,7.4001,3.722,-5.2,3.1674,117.78
7.1589,6.8801,2.8032,-5.2,3.1435,119.65
7.4428,6.3601,1.7358,-5.2,3.2135,122.25
7.6245,5.8401,0.70636,-8.8,3.3632,125.04
7.7041,4.9601,-0.3768,-8.8,3.5861,177.33
7.6605,4.0801,-1.4899,-8.8,3.8944,0
7.5074,3.2001,-2.491,-8.8,4.284,0
7.5074,2.3201,0,-8.8,4.7588,120.05
6.9298,1.4401,-3.6191,-8.8,5.2647,0
6.5709,0.56007,-3.9844,-3.9844,5.8401,0
6.1712,0.16163,-4.1076,-4.1076,6.4345,0
5.7675,0,-3.9882,-3.9882,7.0419,0
5.7675,0,0,-3.7995,7.6386,29.321
5.7675,0,0,-3.398,8.2343,30.165
4.6386,0,-2.7634,-2.7634,8.6738,0
4.6386,0,0,-2.0477,9.1515,10.884
4.1476,0,-1.2204,-1.2204,9.5724,0
4.0326,0,-0.46365,-0.46365,9.9953,2.9508
3.9855,0,0.014971,0.014971,10.405,7.8255
3.979,0.0014971,0.43994,0.43994,10.803,4.3808
4.0257,0.045491,0.87194,0.87194,11.195,2.1691
4.0257,0.13269,0,1.2417,11.589,0
4.2532,0.25685,1.6108,1.6108,11.992,0
4.417,0.41793,2.0414,2.0414,12.386,0
4.6272,0.62207,2.3525,2.3525,12.795,0
4.6272,0.85732,0,2.5389,13.184,0
4.6272,1.1112,0,4.9,13.548,18.356
5.3914,1.6012,2.5761,4.9,13.972,0
5.3914,2.0912,0,4.9,14.327,19.611
5.8941,2.5812,2.3483,4.9,14.697,0
6.1199,3.0712,2.263,4.9,15.022,0.87858
6.3395,3.5612,2.1332,4.9,15.32,2.5031
6.5466,4.0512,2.0832,4.9,15.587,3.836
6.7554,4.5412,1.9454,4.4423,15.826,3.1926
6.9495,4.9854,1.8147,3.4117,16.036,0
6.9495,5.3266,0,2.8488,16.215,10.086
7.3012,5.6115,1.3677,2.4558,16.387,0
7.3012,5.8571,0,2.1461,16.544,5.5602
7.5417,6.0717,0.80599,1.9053,16.705,0
7.6235,6.2622,0.57084,1.6879,16.842,0
7.6858,6.431,0.34181,1.4989,16.977,0.45997
7.7241,6.5809,0.22499,1.322,17.093,0.57246
7.7241,6.7131,0,1.1512,17.201,1.3036
7.7631,6.8282,0.37316,1.0268,17.286,0
7.7927,6.9309,0.35588,0.92775,17.382,0
7.8196,7.0237,0.35504,0.84124,17.458,0
7.8638,7.1078,0.31024,0.78628,17.531,0
7.895,7.1864,0.18514,0.72617,17.602,0
7.9108,7.259,0.091438,0.65897,17.668,0.0006787
7.9108,7.3249,0,0.60416,17.73,0.30756
7.9417,7.3853,0.050055,0.5499,17.79,0.032869
7.9543,7.4403,0.052397,0.50284,17.833,0
7.9584,7.4906,0.085154,0.45355,17.878,0
7.9737,7.536,0.05496,0.42116,17.928,0
7.9734,7.5781,0.037287,0.3778,17.98,0
7.9749,7.6159,0.070327,0.34106,18.025,0
7.9873,7.65,0.08417,0.31877,18.07,0
7.9873,7.6819,0,0.28737,18.102,0.024489
8.0033,7.7106,0.078603,0.27381,18.134,0
8.0119,7.738,0.063125,0.25511,18.161,0
8.0263,7.7635,0.066443,0.24379,18.197,0
8.0353,7.7879,0.058562,0.22874,18.229,0
8.0436,7.8107,0.042384,0.21435,18.245,0
8.0389,7.8322,0.036141,0.18973,18.272,0
8.0422,7.8511,0.035284,0.17473,18.292,0
8.0465,7.8686,0.012684,0.16234,18.316,0
8.0501,7.8849,0.016249,0.15043,18.336,0
8.0566,7.8999,0.046672,0.14231,18.356,0
8.0557,7.9141,0.069873,0.1282,18.362,0
8.0557,7.9269,0,0.12835,18.376,0.016477
8.0557,7.9398,0,0.12953,18.388,0.047814
8.0557,7.9527,0,0.13488,18.399,0.090127
8.1193,7.9662,0.22936,0.13756,18.432,0
8.1412,7.98,0.38434,0.14465,18.45,0
8.1728,7.9944,0.63852,0.15968,18.472,0
8.2444,8.0104,0.89938,0.20892,18.488,0
8.3411,8.0313,1.126,0.27581,18.514,0
8.4549,8.0589,1.3072,0.35129,18.557,0
8.5945,8.094,1.4155,0.44167,18.603,0
8.5945,8.1382,0,0.51926,18.65,0.36423
8.865,8.1901,1.444,0.58736,18.723,0
9.0016,8.2488,1.4669,0.64945,18.792,0
9.148,8.3138,1.4758,0.71325,18.877,0
9.2946,8.3851,1.4775,0.76971,18.965,0
9.4355,8.4621,1.4991,0.8149,19.058,0
9.4355,8.5436,0,0.86488,19.151,0.41529
9.7388,8.6301,1.4397,0.90707,19.268,0
9.8778,8.7208,1.423,0.93475,19.375,0
10.024,8.8142,1.4261,0.96504,19.483,0
10.174,8.9107,1.4221,0.99487,19.603,0
10.316,9.0102,1.4334,1.0152,19.725,0
10.316,9.1118,0,1.0376,19.851,0.17638
10.614,9.2155,1.4655,1.0594,19.997,0
10.767,9.3215,1.4487,1.0815,20.137,0
10.767,9.4296,0,1.0952,20.276,0.010907
11.052,9.5391,1.4001,1.1033,20.439,0
11.196,9.6495,1.3969,1.1145,20.601,0
11.196,9.7609,0,1.117,20.75,0
11.462,9.8726,1.4158,1.1176,20.916,0
11.462,9.9844,0,1.124,21.069,0
11.74,10.097,1.3561,1.1284,21.25,0
11.885,10.21,1.2599,1.1368,21.408,0
12.014,10.323,1.0769,1.1337,21.573,0
12.128,10.437,0.87355,1.1217,21.745,0
12.128,10.549,0,1.0898,21.908,0
12.278,10.658,0.4589,1.0523,22.09,0
12.329,10.763,0.27083,1.0069,22.254,0
12.351,10.864,0.1231,0.94736,22.405,0
12.358,10.958,0.051233,0.88355,22.544,0
12.369,11.047,0.042704,0.82754,22.672,0
12.375,11.13,0.04517,0.77374,22.793,0
12.387,11.207,0.057617,0.72805,22.922,0
12.384,11.28,0.064581,0.67738,23.034,0
12.39,11.347,0.040344,0.63579,23.146,0
12.4,11.411,0.013216,0.59985,23.247,0
12.403,11.471,0.028109,0.5622,23.351,0
12.403,11.527,0.089682,0.52613,23.447,0
12.403,11.58,0.21031,0.49277,23.541,0
12.422,11.629,0.36067,0.4729,23.631,0
12.465,11.676,0.49477,0.46838,23.707,0
12.524,11.723,0.60828,0.474,23.794,0
12.593,11.771,0.71507,0.4847,23.88,0
12.658,11.819,0.7817,0.4932,23.971,0
12.741,11.868,0.81763,0.51076,24.054,0
12.831,11.92,0.86341,0.53118,24.135,0
12.831,11.973,0,0.55365,24.224,0
12.831,12.028,0,0.57305,24.307,0
13.102,12.085,0.8923,0.58529,24.426,0
13.102,12.144,0,0.59827,24.525,0
13.264,12.204,0.77626,0.60495,24.634,0
13.334,12.264,0.74201,0.60821,24.751,0
13.414,12.325,0.69708,0.61601,24.853,0
13.478,12.387,0.64388,0.61481,24.955,0
13.548,12.448,0.59349,0.61693,25.071,0
13.614,12.51,0.53322,0.61665,25.18,0
13.676,12.571,0.39815,0.61406,25.287,0
13.716,12.633,0.25947,0.59976,25.396,0
13.751,12.693,0.16814,0.58313,25.505,0
13.763,12.751,0.096776,0.55546,25.613,0
13.775,12.807,0.044978,0.53006,25.721,0
13.772,12.86,0.035869,0.49732,25.821,0
13.772,12.909,0,0.46739,25.91,0
13.779,12.956,0.020168,0.44561,25.979,0
13.772,13.001,0.011074,0.41626,26.063,0
13.772,13.042,0,0.39654,26.138,0
13.786,13.082,0.067065,0.37767,26.197,0
13.784,13.12,0.070017,0.35587,26.266,0
13.788,13.155,0.081326,0.3377,26.323,0
13.794,13.189,0.079897,0.32259,26.383,0
13.807,13.221,0.054868,0.31144,26.439,0
13.812,13.253,0.039371,0.29689,26.487,0
13.812,13.282,0,0.28742,26.542,0
13.826,13.311,0.055998,0.27208,26.596,0
13.826,13.338,0,0.25609,26.646,0
13.825,13.364,0.056735,0.24318,26.709,0
13.829,13.388,0.056354,0.23215,26.757,0
13.831,13.411,0.039122,0.22056,26.808,0
13.839,13.433,0.003093,0.21268,26.847,0
13.834,13.455,-0.0042099,0.19862,26.882,0
13.839,13.475,0.0087896,0.19052,26.911,0
13.833,13.494,0.0042013,0.17736,26.951,0
13.833,13.511,0,0.16592,26.984,0
13.817,13.528,-0.12424,0.1506,27.015,0.031801
13.812,13.543,-0.24326,0.14039,27.044,0.42063
13.812,13.557,0,0.1223,27.071,0
13.757,13.569,-0.72135,0.0977,27.091,2.8478
13.688,13.579,-1.0133,0.056895,27.109,5.1525
13.688,13.585,0,0.0012974,27.12,0
13.458,13.585,-1.506,-0.014163,27.115,11.393
13.307,13.583,-1.7091,-0.031,27.102,15.309
13.126,13.58,-1.9371,-0.05099,27.06,20.555
12.925,13.575,-2.1755,-0.073235,27.007,27.11
12.7,13.568,-2.4022,-0.098243,26.927,34.599
12.457,13.558,-2.658,-0.12524,26.822,44.351
12.2,13.546,-2.9052,-0.15423,26.691,55.443
11.914,13.53,-3.0358,-0.18662,26.549,62.812
11.613,13.511,-3.1201,-0.22115,26.38,68.419
11.303,13.489,-3.2221,-0.25774,26.168,75.106
10.982,13.464,-3.3035,-0.29622,25.939,80.95
10.651,13.434,-3.3769,-0.33679,25.682,86.502
10.651,13.4,0,-0.37975,25.406,6.7713
9.9552,13.362,-3.5977,-0.42699,25.057,102.34
9.5862,13.32,-3.7715,-0.47748,24.699,114.84
9.2019,13.272,-4.0492,-0.53197,24.319,135.97
8.8062,13.219,-4.4924,-0.59082,23.903,31.823
8.8062,13.16,0,-0.66174,23.464,11.645
8.8062,13.093,0,-0.74393,23.032,10.784
7.2911,13.019,-6.1786,-0.84128,22.376,33.52
6.6816,12.935,-6.7187,-0.95361,21.779,34.38
6.0183,12.839,-7.1747,-1.085,21.127,35.236
5.3021,12.731,-7.618,-1.2392,20.414,36.126
5.3021,12.607,0,-1.4202,19.677,19.952
3.7347,12.465,-8.346,-1.6315,18.794,37.676
2.9035,12.302,-8.5651,-1.8776,17.894,38.128
2.0442,12.114,-8.3786,-2.1684,16.927,37.758
1.2133,11.897,-7.7375,-2.5071,15.88,36.293
0.43769,11.647,-6.8116,-2.8926,14.783,33.94
-0.24993,11.357,-5.7353,-3.3285,13.641,31.579
-0.81603,11.024,-4.6008,-3.8102,12.476,28.661
-1.2677,10.643,-3.7535,-4.3574,11.28,25.876
-1.647,10.208,-3.1823,-10.14,10.099,12.41
-1.9681,9.1937,-2.7624,-9.7267,8.9447,10.975
-2.237,8.2211,-2.3219,-9.2819,7.857,9.5412
-2.4689,7.2929,-1.8829,-8.8338,6.8547,8.1331
-2.6562,6.4095,-1.4239,-8.3779,5.9093,6.6996
-2.6562,5.5717,0,-8.8,5.0446,1.1032
-2.6562,4.6917,0,-8.8,4.2658,0
-2.6562,3.8117,0,-8.8,3.575,0
-3.0302,2.9317,-0.38298,-8.8,2.8687,0
-3.0622,2.0517,-0.2922,-8.8,2.3197,0
-3.0981,1.1717,-0.24903,-8.8,1.8577,0
-3.0981,0.29171,0,-8.8,1.4747,0
-3.1473,0,-0.13569,-8.8,1.1589,0
-3.1473,0,0,-8.8,0.88814,0
-3.1773,0,-0.18115,-8.8,0.62259,0
-3.1938,0,-0.16366,-14.481,0.35622,0
-3.2148,0,-0.15963,-46.685,0.11106,0
-3.2219,0,-0.1731,-231.32,0.022454,0
-3.2361,0,-0.17551,-8.8,0.86517,0
-3.2506,0,-0.16562,-9.0787,0.59273,0
-3.2579,0,-0.1659,-17.129,0.31286,0
-3.2579,0,0,-69.966,0.072713,0
-3.2579,0,0,-54.748,0.09675,0
-3.2938,0,-0.15962,-133.06,0.040814,0
-3.3069,0,-0.16351,-14.805,0.37347,0
-3.3069,0,0,-49.698,0.11679,0
-3.3349,0,-0.16564,-295.23,0.018846,0
-3.3469,0,-0.16543,-8.8,1.1661,0
-3.361,0,-0.16667,-8.8,0.87475,0
-3.374,0,-0.16803,-9.9269,0.58326,0
-3.4003,0,-0.17137,-19.562,0.29814,0
-3.4236,0,-0.17287,-122.8,0.04779,0
-3.4236,0,0,-19.037,0.31945,0
-3.4555,0,-0.17201,-82.283,0.072709,0
-3.4778,0,-0.16086,-45.842,0.13239,0
-3.4778,0,0,-976.92,0.013814,0
-3.4778,0,0,-8.8,4.5507,0
-3.5268,0,-0.1312,-8.8,4.2295,0
-3.5478,0,-0.12316,-8.8,3.9108,0
-3.5478,0,0,-8.8,3.6,0
-3.5785,0,-0.071521,-8.8,3.2986,0
-3.5781,0,0.019672,-8.8,2.9772,0
-3.5707,0,0.12246,-8.8,2.6655,0
-3.5555,0,0.24,-8.8,2.3501,0
-3.5302,0,0.3498,-8.8,2.0392,0
-3.4914,0,0.42166,-8.8,1.7326,0
-3.4399,0,0.44596,-8.8,1.4266,0
-3.3941,0,0.45952,-8.8,1.1259,0
-3.3449,0,0.48377,-8.8,0.8292,0
-3.3041,0,0.55509,-9.7142,0.53153,0
-3.2561,0,0.86126,-19.713,0.25765,0
-3.1759,0,1.2964,-111.95,0.044533,0
-3.0416,0,1.9005,-14.375,0.2842,0
-2.8611,0,2.5728,-63.607,0.061845,0
-2.8611,0,0,-31.556,0.093771,0
-2.2819,0,3.5527,-220.91,0.011599,0
-1.9173,0,3.7474,-8.8,0.89703,0
-1.5477,0,3.7367,-8.8,0.76294,0
-1.1818,0,3.5942,-8.8,0.67479,0
-1.1818,0,0,-8.8,0.60061,0
-0.4872,0,3.228,-8.8,0.59319,0
-0.1736,0,3.0698,-8.8,0.60197,0
0.14073,0,2.912,-8.8,0.64865,0
0.14073,0,0,-8.8,0.70672,0
0.7066,0,2.5803,-8.8,0.82327,0
0.96431,0,2.4221,-8.8,0.94379,0
1.2128,0,2.2828,-8.8,1.1031,0
1.4433,0,2.1201,-8.8,1.2809,0
1.6561,0,1.9755,-8.8,1.4774,0
1.8484,0,1.8469,-8.8,1.6882,0
2.0406,0,1.6865,-8.8,1.9307,0
2.0406,0,0,-8.8,2.1788,0
2.3382,0,0.97127,-8.8,2.4483,0
2.3382,0,0,-8.8,2.7261,0
2.4882,0,0.25717,-8.8,3.0143,0
2.5221,0,-0.081867,-8.8,3.2995,0
2.5056,0,-0.18943,-8.8,3.5995,0
2.4797,0,-0.2874,-8.8,3.8958,0
2.4797,0,0,-8.8,4.1877,0
2.4226,0,-0.46772,-8.8,4.4706,0
2.4226,0,0,-8.8,4.7569,0
2.3211,0,-0.64375,-0.64375,5.0278,0
2.3211,0,0,-0.72948,5.2631,0
2.1981,0,-0.80359,-0.80359,5.4832,0
2.1119,0,-0.8724,-0.8724,5.7028,0
2.1119,0,0,-0.93917,5.9184,0
1.9409,0,-1.0341,-1.0341,6.1035,0
1.8429,0,-1.0897,-1.0897,6.3061,0
1.7369,0,-1.1331,-1.1331,6.4962,0
1.6271,0,-1.1701,-1.1701,6.6655,0
1.5117,0,-1.2039,-1.2039,6.8249,0
1.401,0,-1.2192,-1.2192,6.9679,0
1.2823,0,-1.2333,-1.2333,7.106,0
1.1594,0,-1.2614,-1.2614,7.2376,0
1.0414,0,-1.2887,-1.2887,7.3557,0
1.0414,0,0,-1.3079,7.4662,0
0.79083,0,-1.3291,-1.3291,7.5398,0
0.79083,0,0,-1.3399,7.6256,0
0.51171,0,-1.3355,-1.3355,7.6992,0
0.37054,0,-1.3161,-1.3161,7.7581,0
0.24856,0,-1.3006,-1.3006,7.7865,0
0.12681,0,-1.3015,-1.3015,7.8082,0
-0.0022242,0,-1.3299,-1.3299,7.8285,0.0045596
-0.13491,0,-1.3585,-1.3585,7.8359,0.27657
-0.27826,0,-1.4238,-1.4238,7.8133,0.57042
-0.42595,0,-1.5114,-1.5114,7.7801,0.87319
-0.58665,0,-1.5767,-1.5767,7.7307,1.2026
-0.74611,0,-1.613,-1.613,7.6627,1.5295
-0.90501,0,-1.6717,-1.6717,7.5956,1.8553
-1.0754,0,-1.7279,-1.7279,7.5132,2.2047
-1.0754,0,0,-1.7254,7.4143,0
-1.4258,0,-1.7151,-1.7151,7.2692,2.9228
-1.6004,0,-1.7492,-1.7492,7.1366,3.2809
-1.6004,0,0,-1.7729,6.9853,0
-1.9525,0,-1.8173,-1.8173,6.805,4.0027
-2.1265,0,-1.8677,-1.8677,6.6191,4.3593
