0,0,1.001,0,35.5,0
0.091618,0,0.99317,7.8,35.511,55.184
0.091618,0.78,0,7.8,35.481,79.102
0.2743,1.56,0.85297,7.8,35.393,66.666
0.3589,2.34,0.80625,7.8,35.223,72.188
0.43008,3.12,0.76297,7.8,34.997,77.814
0.43008,3.9,0,7.8,34.689,98.996
0.43008,4.68,0,7.8,34.303,104.64
0.65849,5.46,0.70211,7.8,33.864,93.601
0.71993,6.24,0.64002,6.7,33.355,86.462
0.78091,6.91,0.55183,6.7,32.772,92.468
0.78091,7.58,0,6.7,32.125,109.09
0.89064,8.25,0.35904,6.7,31.433,105.21
0.91668,8.92,0.27756,-0.46458,30.664,29.047
0.93643,8.8735,0.23561,-0.47861,29.863,29.066
0.9644,8.8257,0.25245,-0.49248,29.076,28.302
0.99929,8.7764,0.31455,-0.50669,28.29,26.954
1.0332,8.7258,0.35332,-0.52151,27.512,25.905
1.0746,8.6736,0.39552,-0.53597,26.755,24.795
1.1199,8.62,0.40725,-0.55071,26.004,24.013
1.167,8.5649,0.36587,-0.56622,25.252,23.796
1.2006,8.5083,0.30763,-0.58315,24.515,23.819
1.2251,8.45,0.28369,-0.60106,23.797,23.49
1.2251,8.3899,0,-0.61987,23.077,26.334
1.2766,8.3279,0.29486,-0.6392,22.376,22.127
1.3036,8.264,0.36244,-0.65993,21.666,20.776
1.3324,8.198,0.4183,-0.68085,20.974,19.569
1.3809,8.1299,0.45705,-0.70067,20.288,18.469
1.4332,8.0599,0.48263,-0.71985,19.627,17.498
1.4726,7.9879,0.47111,-0.74088,18.979,16.919
1.5161,7.9138,0.45779,-0.76216,18.339,16.331
1.5161,7.8376,0,-0.78245,17.703,20.287
1.5161,7.7593,0,-0.80452,17.075,19.69
1.6544,7.6789,0.46,-0.82812,16.487,14.15
1.7032,7.5961,0.45012,-0.85162,15.881,13.492
1.7032,7.5109,0,-0.87551,15.296,16.892
1.7683,7.4233,0.36991,-0.90138,14.742,12.752
1.7986,7.3332,0.41662,-0.9273,14.189,11.728
1.8329,7.2405,0.46366,-0.95442,13.634,10.721
1.871,7.145,0.48733,-0.97943,13.106,9.902
1.9156,7.0471,0.57216,-1.0041,12.583,8.7397
1.9681,6.9467,0.5703,-1.0249,12.088,8.1108
2.0174,6.8442,0.50313,-1.047,11.597,7.8356
2.0174,6.7395,0,-1.069,11.12,10.477
2.1108,6.6326,0.47458,-1.0911,10.651,6.7647
2.16,6.5235,0.44479,-1.11,10.204,6.3209
2.2041,6.4125,0.37982,-1.1291,9.7695,6.0484
2.2041,6.2996,0,-1.1452,9.3543,7.5402
2.2739,6.185,0.21568,-1.1652,8.9547,5.7025
2.2997,6.0685,0.10196,-1.1813,8.5757,5.701
2.3017,5.9504,0.008719,-1.206,8.1982,5.6438
2.297,5.8298,-0.028457,-8.8,7.8413,0
2.293,4.9498,-0.035781,-0.82768,7.5328,4.3677
2.29,4.867,-0.076205,-8.8,7.2775,0
2.2815,3.987,-0.15893,-0.46791,7.062,3.5027
2.2739,3.9402,-0.25422,-8.8,6.8871,0
2.2524,3.0602,-0.37609,-0.17929,6.7535,2.964
2.2244,3.0423,-0.52513,-0.18428,6.6665,3.8315
2.2244,3.0239,0,-0.19585,6.5856,1.3187
2.087,3.0043,-0.83077,-0.21229,6.5052,6.3184
2.087,2.9831,0,-8.8,6.4145,0
1.922,2.1031,-0.9977,-0.029676,6.3496,3.6366
1.8175,2.1001,-0.96322,-0.046444,6.3329,3.7116
1.7155,2.0954,-0.82423,-0.062894,6.2953,4.9171
1.6356,2.0892,-0.62671,-0.075494,6.2625,3.7094
1.6356,2.0816,0,-0.086115,6.2175,0.77571
1.5176,2.073,-0.34751,-0.094085,6.1647,2.3778
1.4759,2.0636,-0.35657,-0.10081,6.1,2.4982
1.4317,2.0535,-0.51982,-0.108,6.0346,3.4887
1.3727,2.0427,-0.7974,-8.8,5.9769,0
1.2935,1.1627,-1.1504,1.0701,5.9571,7.345
1.1806,1.2697,-1.5068,-0.0093812,5.9667,3.7251
1.0317,1.2688,-1.8591,-0.025042,5.9524,4.6749
0.84635,1.2663,-2.1207,-0.04458,5.9263,5.5122
0.63173,1.2618,-2.2208,-0.067766,5.8663,6.0728
0.40279,1.255,-2.1264,-0.09328,5.7839,6.2568
0.18856,1.2457,-1.8701,-0.11826,5.6801,6.0768
0.18856,1.2339,0,-8.8,5.575,0
0.18856,0.35389,0,-1.3776,5.5144,0
-0.31317,0.21613,-1.2183,-1.2183,5.4146,1.1068
-0.31317,0.094298,0,-1.0878,5.3678,0
-0.53624,0,-0.92132,-0.92132,5.2948,1.121
-0.6185,0,-0.71946,-0.71946,5.2485,1.2896
-0.69507,0,-0.52643,-0.52643,5.1893,1.4466
-0.74247,0,-0.31895,-0.31895,5.121,1.5438
-0.7683,0,-0.18696,-0.18696,5.0506,1.5967
-0.78706,0,-0.17534,-8.8,4.9675,0
-0.78706,0,0,-8.8,4.9328,0
-0.82299,0,-0.1808,-8.8,4.8936,0
-0.83859,0,-0.17905,-8.8,4.8546,0
-0.85846,0,-0.18318,-8.8,4.8109,0
-0.86744,0,-0.19528,-8.8,4.7659,0
-0.87791,0,-0.19337,-8.8,4.7154,0
-0.89237,0,-0.18826,-8.8,4.6623,0
-0.90557,0,-0.18117,-8.8,4.6192,0
-0.90557,0,0,-8.8,4.5727,0
-0.94156,0,-0.19426,-8.8,4.5285,0
-0.966,0,-0.21211,-8.8,4.4713,0
-0.99362,0,-0.21981,-8.8,4.4218,0
-1.0229,0,-0.21025,-8.8,4.3659,0
-1.0452,0,-0.21209,-8.8,4.302,0
-1.0647,0,-0.21147,-8.8,4.2339,0
-1.0759,0,-0.18348,-8.8,4.1774,0
-1.096,0,-0.15789,-8.8,4.1222,0
-1.1185,0,-0.16219,-8.8,4.0596,0
-1.1288,0,-0.16636,-8.8,3.9917,0
-1.1376,0,-0.1496,-8.8,3.9249,0
-1.143,0,-0.16087,-8.8,3.8601,0
-1.1548,0,-0.20828,-8.8,3.7816,0
-1.1548,0,0,-8.8,3.7101,0
-1.1897,0,-0.17232,-8.8,3.6361,0
-1.214,0,-0.18376,-8.8,3.5694,0
-1.2418,0,-0.19638,-8.8,3.4965,0
-1.2586,0,-0.18117,-8.8,3.417,0
-1.2749,0,-0.20961,-8.8,3.333,0
-1.3035,0,-0.2208,-8.8,3.2568,0
-1.317,0,-0.19546,-8.8,3.1744,0
-1.3328,0,-0.18099,-8.8,3.0782,0
-1.3411,0,-0.1586,-8.8,2.982,0
-1.3494,0,-0.13013,-8.8,2.886,0
-1.3494,0,0,-8.8,2.7951,0
-1.363,0,-0.094995,-8.8,2.7145,0
-1.3684,0,-0.071407,-8.8,2.6183,0
-1.3686,0,-0.026724,-8.8,2.5163,0
-1.3686,0,0,-8.8,2.4234,0
-1.3622,0,0.036797,-8.8,2.3357,0
-1.3572,0,0.10407,-8.8,2.2397,0
-1.3572,0,0,-8.8,2.148,0
-1.3284,0,0.25226,-8.8,2.0757,0
-1.3284,0,0,-8.8,1.9869,0
-1.2615,0,0.41884,-8.8,1.9057,0
-1.2195,0,0.46059,-8.8,1.8176,0
-1.1713,0,0.47417,-8.8,1.7506,0
-1.1226,0,0.48263,-8.8,1.6791,0
-1.0755,0,0.4594,-8.8,1.6043,0
-1.0279,0,0.44707,-8.8,1.5494,0
-1.0279,0,0,-8.8,1.4906,0
-0.94626,0,0.44379,-8.8,1.4341,0
-0.90004,0,0.45714,-8.8,1.3785,0
-0.84872,0,0.46102,-8.8,1.3424,0
-0.84872,0,0,-8.8,1.3015,0
-0.74404,0,0.38821,-8.8,1.2802,0
-0.70949,0,0.34844,-8.8,1.2463,0
-0.67502,0,0.29552,-8.8,1.2309,0
-0.65062,0,0.26913,-8.8,1.2085,0
-0.62448,0,0.29573,-8.8,1.1976,0
-0.59556,0,0.34139,-8.8,1.1763,0
-0.55841,0,0.34612,-8.8,1.1719,0
-0.52406,0,0.37002,-8.8,1.1691,0
-0.48346,0,0.42223,-8.8,1.1526,0
-0.43247,0,0.44092,-8.8,1.1452,0
-0.38554,0,0.46148,-8.8,1.1446,0
-0.33939,0,0.50724,-8.8,1.1513,0
-0.29445,0,0.5615,-8.8,1.158,0
-0.24282,0,0.57332,-8.8,1.1732,0
-0.18192,0,0.56572,-8.8,1.2041,0
-0.18192,0,0,-8.8,1.2299,0
-0.060945,0,0.55104,-8.8,1.2556,0
-0.013598,0,0.5259,-8.8,1.3012,0
0.046008,0,0.50936,-8.8,1.3412,0
0.046008,0,0,-8.8,1.3898,0
0.13808,0,0.49285,-8.8,1.4342,0
0.13808,0,0,-8.8,1.492,0
0.22747,0,0.418,-8.8,1.5676,0
0.27362,0,0.35048,-8.8,1.6416,0
0.27362,0,0,-8.8,1.7129,0
0.33778,0,0.10995,-8.8,1.8003,0
0.34904,0,0.0071312,-8.8,1.8873,0
0.35704,0,-0.056377,-8.8,1.9606,0
0.35093,0,-0.11297,-8.8,2.0386,0
0.33856,0,-0.11066,-8.8,2.1267,0
0.3314,0,-0.094224,-8.8,2.2126,0
0.31869,0,-0.096356,-8.8,2.2807,0
0.31104,0,-0.11576,-8.8,2.3586,0
0.29708,0,-0.11525,-8.8,2.441,0
0.28461,0,-0.12062,-8.8,2.5181,0
0.26425,0,-0.13437,-8.8,2.5885,0
0.2432,0,-0.12915,-8.8,2.657,0
0.22531,0,-0.14633,-8.8,2.7275,0
0.20524,0,-0.16432,-8.8,2.8011,0
0.1946,0,-0.13899,-8.8,2.8562,0
0.18602,0,-0.099559,-8.8,2.9227,0
0.16923,0,-0.057236,-8.8,2.9789,0
0.16923,0,0,-8.8,3.0398,0
0.17287,0,0.18719,-8.8,3.1147,0
0.19223,0,0.29496,-8.8,3.1754,0
0.22399,0,0.41327,-8.8,3.2461,0
0.26295,0,0.52084,-8.8,3.3176,0
0.26295,0,0,-8.8,3.3879,0
0.26295,0,0,-8.8,3.4582,0
0.43999,0,0.66413,-8.8,3.5474,0
0.51053,0,0.64445,-8.8,3.6345,0
0.57783,0,0.62163,-8.8,3.7352,0
0.64054,0,0.58752,-8.8,3.8312,0
0.6916,0,0.56838,-8.8,3.939,0
0.74831,0,0.5765,-8.8,4.0573,0
0.74831,0,0,-8.8,4.1761,0
0.74831,0,0,-8.8,4.295,0
0.74831,0,0,-8.8,4.4138,0
0.74831,0,0,-8.8,4.5326,0
1.0692,0,0.65775,-8.8,4.7051,0
1.0692,0,0,-8.8,4.8561,0
1.2006,0,0.61623,0.61623,5.0117,0
1.2006,0.061623,0,0.54095,5.1287,0
1.3159,0.11572,0.43969,0.43969,5.2665,0
1.3159,0.15969,0,0.32893,5.3844,0
1.3159,0.19258,0,0.21808,5.4983,0
1.4065,0.21439,0.074494,0.074494,5.6335,0
1.4174,0.22184,-0.048366,-0.048366,5.7442,0
1.403,0.217,-0.11359,-0.11359,5.8644,0
1.388,0.20564,-0.16925,-0.16925,5.9759,0
1.3687,0.18872,-0.21364,-0.21364,6.0861,0
1.3687,0.16735,0,-0.19637,6.2052,0
1.3687,0.14772,0,-0.17688,6.3263,0
1.3223,0.13003,-0.21438,-0.21438,6.4311,0
1.3092,0.10859,-0.22866,-0.22866,6.541,0
1.3092,0.085724,0,-0.21965,6.6622,0
1.2521,0.063758,-0.2529,-0.2529,6.7813,0
1.2243,0.038468,-0.29109,-0.29109,6.8918,0
1.2243,0.0093596,0,-0.26379,7.0119,0
1.1551,0,-0.2383,-0.2383,7.124,0
1.1551,0,0,-0.26433,7.2407,0
1.1551,0,0,-0.26311,7.3575,0
1.0846,0,-0.25164,-0.25164,7.4731,0
1.0683,0,-0.27058,-0.27058,7.5803,0
1.0388,0,-0.30106,-0.30106,7.6942,0
1.0053,0,-0.29675,-0.29675,7.7928,0
0.97081,0,-0.2898,-0.2898,7.8867,0
0.939,0,-0.30055,-0.30055,7.9805,0
0.91762,0,-0.30667,-0.30667,8.0744,0
0.91762,0,0,-0.30626,8.1677,0
0.84676,0,-0.32297,-0.32297,8.2454,0
0.81368,0,-0.32216,-0.32216,8.327,0
0.77417,0,-0.3045,-0.3045,8.4054,0
0.77417,0,0,-0.29733,8.4844,0
0.77417,0,0,-0.28933,8.5633,0
0.77417,0,0,-0.25882,8.6421,0
0.66167,0,-0.21576,-0.21576,8.6968,0
0.64406,0,-0.15796,-0.15796,8.7582,0
0.64406,0,0,-0.066503,8.8234,0
0.61549,0,0.020668,0.020668,8.8886,0
0.61969,0.0020668,0.061945,0.061945,8.9543,0
0.63555,0.0082612,0.07298,0.07298,9.0099,0
0.64338,0.015559,0.088166,0.088166,9.0757,0
0.64669,0.024376,0.075096,0.075096,9.1299,0
0.66078,0.031885,0.094936,0.094936,9.1997,0
0.67441,0.041379,0.17643,0.17643,9.2681,0
0.67441,0.059022,0,0.24922,9.3305,0
0.72185,0.083945,0.30563,0.30563,9.3871,0
0.74543,0.11451,0.38199,0.38199,9.4421,0
0.78702,0.15271,0.4185,0.4185,9.5029,0
0.78702,0.19456,0,0.40688,9.5642,0
0.85861,0.23524,0.40322,0.40322,9.6247,0
0.90758,0.27557,0.39939,0.39939,9.6868,0
0.94101,0.31551,0.36824,0.36824,9.7521,0
0.94101,0.35233,0,0.35979,9.8128,0
1.0073,0.38831,0.37754,0.37754,9.8624,0
1.0073,0.42606,0,0.40428,9.9224,0
1.097,0.46649,0.4288,0.4288,9.9884,0
1.097,0.50937,0,0.4729,10.049,0
1.1784,0.55666,0.44616,0.44616,10.132,0
1.2235,0.60128,0.40619,0.40619,10.194,0
1.2644,0.64189,0.30244,0.30244,10.25,0
1.303,0.67214,0.1568,0.1568,10.304,0
1.3108,0.68782,0.0041784,0.0041784,10.362,0
1.3108,0.68824,0,-0.10279,10.424,0
1.3108,0.67796,-0.1831,-0.1831,10.486,0
1.3108,0.65965,0,-0.19409,10.55,0
1.3108,0.64024,0,-0.19485,10.616,0
1.2542,0.62075,-0.19946,-0.19946,10.676,0
1.24,0.60081,-0.19596,-0.19596,10.735,0
1.2237,0.58121,-0.21751,-0.21751,10.794,0
1.2098,0.55946,-0.24337,-0.24337,10.863,0
1.1938,0.53512,-0.25163,-0.25163,10.931,0
1.1762,0.50996,-0.26503,-0.26503,10.992,0
1.1762,0.48346,0,-0.2755,11.06,0
1.1094,0.45591,-0.28199,-0.28199,11.129,0
1.0756,0.42771,-0.28294,-0.28294,11.194,0
1.0425,0.39941,-0.29036,-0.29036,11.267,0
1.0203,0.37038,-0.28946,-0.28946,11.337,0
0.98979,0.34143,-0.2877,-0.2877,11.399,0
0.98979,0.31266,0,-0.28792,11.465,0
0.93579,0.28387,-0.30097,-0.30097,11.531,0
0.91238,0.25377,-0.29783,-0.29783,11.587,0
0.89146,0.22399,-0.28889,-0.28889,11.653,0
0.86793,0.1951,-0.29907,-0.29907,11.725,0
0.83404,0.16519,-0.29983,-0.29983,11.787,0
0.79589,0.13521,-0.28506,-0.28506,11.856,0
0.77163,0.1067,-0.27413,-0.27413,11.917,0
0.74293,0.079291,-0.28534,-0.28534,11.974,0
0.71261,0.050757,-0.27856,-0.27856,12.034,0
0.6796,0.022901,-0.27215,-0.27215,12.11,0
0.6796,0,0,-0.27728,12.177,0
0.6796,0,0,-0.28101,12.247,0
0.5988,0,-0.28231,-0.28231,12.29,0
0.57103,0,-0.27925,-0.27925,12.347,0
0.53382,0,-0.27704,-0.27704,12.396,0
0.49906,0,-0.29146,-0.29146,12.451,0
0.47507,0,-0.29517,-0.29517,12.505,0
0.47507,0,0,-0.29806,12.554,0
0.40724,0,-0.31313,-0.31313,12.604,0
0.38547,0,-0.32844,-0.32844,12.649,0
0.34837,0,-0.32854,-0.32854,12.692,0
0.31022,0,-0.33122,-0.33122,12.724,0
0.28586,0,-0.33525,-0.33525,12.76,0
0.25518,0,-0.30688,-0.30688,12.799,0
0.2235,0,-0.28631,-0.28631,12.82,0
0.19905,0,-0.28836,-0.28836,12.849,0
0.1715,0,-0.29529,-0.29529,12.868,0
0.15024,0,-0.2735,-0.2735,12.887,0
0.1313,0,-0.29605,-0.29605,12.897,0
0.11014,0,-0.29275,-0.29275,12.912,0
0.080478,0,-0.28368,-0.28368,12.916,0
0.045672,0,-0.28664,-0.28664,12.919,0
0.045672,0,0,-0.30143,12.925,0
-0.010455,0,-0.30067,-0.30067,12.926,0.022688
-0.045302,0,-0.41388,-0.41388,12.934,0.094125
-0.081608,0,-1.4346,-1.4346,12.929,0.16855
-0.22615,0,-2.8407,-2.8407,12.927,0.46487
-0.51759,0,-4.4433,-4.4433,12.909,1.0623
-0.96412,0,-6.004,-6.004,12.867,1.9777
-0.96412,0,0,-7.3361,12.801,0
-2.3118,0,-7.555,-7.555,12.617,4.7405
-3.0676,0,-6.8532,-6.8532,12.375,6.2899
-3.7601,0,-5.599,-5.599,12.064,7.7094
-4.3162,0,-4.2875,-4.2875,11.678,8.8495
-4.3162,0,0,-3.0779,11.268,2.382
-5.0445,0,-1.9934,-1.9934,10.764,10.343
-5.2505,0,-1.3719,-1.3719,10.254,10.765
-5.3794,0,-1.0629,-1.0629,9.733,11.029
-5.4901,0,-0.81472,-0.81472,9.1925,11.256
-5.4901,0,0,-0.57321,8.6475,10.051
-5.6332,0,-0.40435,-0.40435,8.0836,11.549
-5.6742,0,-0.27645,-0.27645,7.5277,11.633
-5.6956,0,-0.20708,-0.20708,6.9684,11.677
-5.7066,0,-0.34265,-0.34265,6.4046,11.7
-5.7335,0,-0.66641,-0.66641,5.8387,11.755
-5.8098,0,-1.0216,-1.0216,5.2711,11.911
-5.8098,0,0,-8.8,4.6952,0
-6.0397,0,-1.6809,-8.8,4.1402,0
-6.2052,0,-1.8249,-8.8,3.5795,0
-6.379,0,-1.8052,-8.8,3.0008,0
-6.5653,0,-1.7913,-10.748,2.4061,0
-6.7544,0,-1.7914,-14.568,1.7854,0
-6.9367,0,-1.8068,-22.185,1.1806,0
-7.1251,0,-1.8522,-45.455,0.58216,0
-7.302,0,-1.9482,-341.65,0.07848,0
-7.4904,0,-1.9298,-28.658,1.0496,0
-7.4904,0,0,-69.646,0.44383,0
-7.8646,0,-1.6693,-7841.1,0.003945,0
-8.0283,0,-1.4551,7.8,38.422,35.907
-8.1688,0.78,-1.0595,7.8,37.566,36.962
-8.2687,1.56,-0.71832,7.8,36.627,38.049
-8.3393,2.34,-0.49708,7.8,35.603,39.328
-8.3945,3.12,-0.29758,7.8,34.496,40.621
-8.4338,3.9,-0.16228,7.8,33.306,42.016
-8.4417,4.68,-0.15808,7.8,32.037,43.623
-8.4647,5.46,-0.16158,7.8,30.69,45.276
-8.4713,6.24,-0.18079,6.7,29.261,44.618
-8.4958,6.91,-0.1851,-0.79998,27.757,30.291
-8.4958,6.83,0,-0.86416,26.221,29.603
-8.4958,6.7436,0,-0.9378,24.692,29.271
-8.5518,6.6498,-0.1366,-1.0207,23.164,29.307
-8.557,6.5477,-0.10636,-1.1159,21.641,28.845
-8.5704,6.4361,-0.090319,-1.2254,20.138,28.379
-8.5704,6.3136,0,-1.3525,18.644,27.671
-8.5829,6.1783,-0.091792,-1.5019,17.16,27.299
-8.5829,6.0282,0,-1.6811,15.691,26.422
-8.6011,5.86,-0.11263,-1.8912,14.237,25.909
-8.6208,5.6709,-0.13,-2.1481,12.807,25.059
-8.6401,5.4561,-0.12071,-2.4684,11.383,23.965
-8.6572,5.2093,-0.14586,-2.8656,9.9887,22.713
-8.6802,4.9227,-0.27171,-3.3699,8.624,21.377
-8.715,4.5857,-0.44258,-12.584,7.2856,1.7566
-8.7683,3.3274,-0.64815,-12.802,6.0187,0
-8.8399,2.0471,-0.90229,-13.065,4.8726,0
-8.9292,0.74061,-1.191,-13.329,3.8516,0
-9.0546,0,-1.3777,-15.317,2.9408,0
-9.187,0,-1.4476,-21.409,2.1141,0
-9.3313,0,-1.4173,-34.905,1.3001,0
-9.464,0,-1.3154,-84.371,0.53921,0
-9.464,0,0,-7013.8,0.014657,0
-9.7215,0,-0.99473,7.8,34.11,38.41
-9.8148,0.78,-0.87897,7.8,33.103,39.957
-9.8148,1.56,0,7.8,32.005,39.709
-9.9795,2.34,-0.85081,7.8,30.8,43.434
-9.9795,3.12,0,7.8,29.53,43.245
-10.158,3.9,-0.91869,7.8,28.156,47.14
-10.242,4.68,-0.82511,7.8,26.698,48.716
-10.242,5.46,0,-0.74807,25.166,30.619
-10.404,5.3852,-0.53631,-0.82048,23.568,31.773
-10.453,5.3031,-0.37226,-0.90238,21.997,31.188
-10.495,5.2129,-0.21163,-0.99805,20.424,30.549
-10.516,5.1131,-0.19178,-1.109,18.861,30.113
-10.516,5.0022,0,-1.2406,17.304,29.206
-10.549,4.8781,-0.21393,-1.4,15.756,29.134
-10.563,4.7381,-0.23677,-1.5939,14.219,28.518
-10.584,4.5787,-0.22478,-1.8334,12.703,27.705
-10.605,4.3954,-0.23615,-2.1394,11.19,26.752
-10.625,4.1815,-0.25261,-2.5321,9.7023,25.565
-10.643,3.9283,-0.2446,-3.058,8.2268,23.96
-10.67,3.6225,-0.24331,-15.281,6.7922,0
-10.691,2.0944,-0.24037,-15.265,5.44,0
-10.722,0.56792,-0.23081,-15.271,4.2375,0
-10.747,0,-0.3031,-18.421,3.1875,0
-10.775,0,-0.40913,-26.817,2.1981,0
-10.819,0,-0.57623,-47.075,1.2586,0
-10.819,0,0,-147.21,0.41208,0
-10.956,0,-1.1766,-1336,0.044961,0
-11.071,0,-1.4554,-1.4554,5.6245,22.696
-11.224,0,-1.7267,-15.649,4.524,0
-11.387,0,-1.9074,-20.535,3.4802,0
-11.568,0,-1.9649,-29.538,2.4268,0
-11.568,0,0,-51.221,1.4176,0
-11.973,0,-1.8603,-153.14,0.47381,0
-12.162,0,-1.7762,-2124.5,0.034841,0
-12.335,0,-1.6494,-1.6494,9.4277,25.288
-12.335,0,0,-1.5603,8.2024,22.01
-12.667,0,-1.4846,-1.4846,6.9412,25.969
-12.822,0,-1.3319,-1.3319,5.6773,26.285
-12.822,0,0,-20.205,4.4018,0
-13.074,0,-0.89384,-27.579,3.2027,0
-13.17,0,-0.63123,-43.585,2.0191,0
-13.234,0,-0.40002,-95.209,0.9236,0
-13.269,0,-0.25149,-1057.1,0.083301,0
-13.295,0,-0.1696,-22.059,4.0376,0
-13.309,0,-0.15555,-31.624,2.8146,0
-13.309,0,0,-54.499,1.6418,0
-13.333,0,-0.16744,-153.54,0.57955,0
-13.35,0,-0.1496,-4201.1,0.021211,0
-13.35,0,0,-0.13297,19.692,27.089
-13.367,0,-0.13594,-0.13594,18.374,27.403
-13.372,0,-0.14019,-0.14019,17.046,27.414
-13.389,0,-0.14151,-0.14151,15.708,27.449
-13.394,0,-0.15834,-0.15834,14.371,27.459
-13.416,0,-0.1636,-0.1636,13.027,27.505
-13.431,0,-0.16048,-0.16048,11.688,27.536
-13.445,0,-0.16163,-0.16163,10.339,27.565
-13.445,0,0,-0.15276,8.9954,27.244
-13.495,0,-0.16085,-0.16085,7.6542,27.666
-13.516,0,-0.15965,-0.15965,6.3013,27.709
-13.516,0,0,-18.664,4.9505,0
-13.552,0,-0.3149,-25.159,3.6963,0
-13.575,0,-0.44618,-37.925,2.4586,0
-13.575,0,0,-72.939,1.2907,0
