0,0,0.033317,0,35.5,0
0,0,0,7.8,35.5,59.103
0,0.78,0,7.8,35.461,63.94
0,1.56,0,7.8,35.344,68.834
-0.0097408,2.34,0.033031,7.8,35.158,70.383
-0.0097408,3.12,0,7.8,34.884,72.052
-0.013073,3.9,0.035213,7.8,34.514,73.584
-0.013073,4.68,0,7.8,34.084,75.257
0.0021232,5.46,0.032385,7.8,33.583,112.69
0.0021232,6.24,0,6.7,32.998,105.02
-0.00088167,6.91,0.026261,6.7,32.349,106.34
-0.0032718,7.58,0.026051,6.7,31.628,107.72
-0.0083618,8.25,0.038172,-0.43677,30.827,94.083
0.0015654,8.2063,0.028059,-0.45124,30.001,33.621
4.6463e-05,8.1612,0.030808,-0.46688,29.187,33.167
-0.006354,8.1145,0.035122,-0.48391,28.368,33.04
0.0066064,8.0661,0.029638,-0.50074,27.551,32.246
0.019363,8.016,0.025735,-0.5184,26.741,31.755
0.012147,7.9642,0.033086,-0.5382,25.942,31.2
0.024827,7.9104,0.024637,-0.55785,25.143,30.732
0.023851,7.8546,0.021639,-0.57903,24.365,30.247
0.02916,7.7967,0.03144,-0.60148,23.579,29.535
0.03502,7.7365,0.027819,-0.62488,22.805,28.977
0.03502,7.6741,0,-0.64893,22.038,28.747
0.052572,7.6092,0.067118,-0.67472,21.287,27.182
0.063115,7.5417,0.18805,-0.70172,20.536,25.046
0.077308,7.4715,0.30107,-0.72944,19.8,23.074
0.099295,7.3986,0.41352,-0.7577,19.076,21.158
0.14767,7.3228,0.51223,-0.78469,18.358,19.352
0.20358,7.2443,0.57119,-0.81229,17.648,17.95
0.20358,7.1631,0,-0.84043,16.948,23.172
0.32158,7.0791,0.52103,-0.8688,16.279,16.654
0.37373,6.9922,0.50738,-0.90052,15.603,15.905
0.42116,6.9021,0.52593,-0.93272,14.953,14.906
0.42116,6.8089,0,-0.96612,14.31,19.067
0.5343,6.7123,0.6495,-0.99898,13.682,12.261
0.60376,6.6124,0.81689,-1.031,13.069,10.356
0.68554,6.5093,1.0729,-1.0603,12.48,8.2676
0.68554,6.4032,0,-1.086,11.902,14.81
0.91616,6.2946,1.7245,-1.1038,11.354,5.1484
0.91616,6.1842,0,-1.1106,10.821,12.563
1.2865,6.0732,2.2973,-1.1031,10.339,4.4081
1.2865,5.9629,0,-1.082,9.8654,10.202
1.7564,5.8547,2.4503,-1.0516,9.4568,4.5804
2.0095,5.7495,2.4728,-1.0106,9.0571,4.7256
2.2541,5.6485,2.5034,-0.96008,8.7081,4.9448
2.5105,5.5524,2.5665,-0.90037,8.3771,5.3397
2.7665,5.4624,2.6586,-0.83044,8.0898,5.9009
3.032,5.3794,2.7741,-0.74897,7.8402,6.6264
3.032,5.3045,0,-8.8,7.6092,0
3.6062,4.4245,2.938,-0.22906,7.4681,7.6783
3.6062,4.4016,0,-0.14265,7.3875,1.4748
4.2014,4.3873,3.0644,-0.052714,7.368,9.0305
4.5101,4.382,3.1325,0.1381,7.3651,8.7575
4.8262,4.3958,3.1658,0.46329,7.3965,6.959
5.1419,4.4422,3.1817,0.74455,7.4459,5.4878
5.1419,4.5166,0,0.98078,7.5122,1.7852
5.7732,4.6147,3.0626,1.1828,7.635,2.8549
6.0809,4.733,2.9453,1.3385,7.7601,1.764
6.0809,4.8668,0,1.4468,7.8882,2.1087
6.0809,5.0115,0,1.533,8.0024,3.1509
6.9174,5.1648,2.6675,1.5873,8.2435,0.037646
7.1793,5.3235,2.6023,1.6274,8.4146,0
7.4375,5.4863,2.5758,1.6607,8.6094,0
7.4375,5.6523,0,1.6862,8.7963,1.3114
7.9552,5.821,2.5014,1.7148,9.0186,0
8.2084,5.9924,2.4407,1.7322,9.234,0
8.4606,6.1657,2.3843,1.7474,9.4576,0
8.7039,6.3404,2.3209,1.7551,9.6905,0
8.9341,6.5159,2.3367,1.7533,9.9299,0
9.1595,6.6912,2.3703,1.7491,10.172,0
9.1595,6.8662,0,1.7603,10.41,0
9.6482,7.0422,2.4196,1.77,10.675,0
9.8815,7.2192,2.3751,1.7723,10.934,0
10.116,7.3964,2.3363,1.7758,11.199,0
10.359,7.574,2.2954,1.7864,11.477,0
10.593,7.7526,2.2779,1.7924,11.768,0
10.593,7.9319,0,1.7891,12.044,0
11.044,8.1108,2.2282,1.7899,12.339,0
11.044,8.2898,0,1.7957,12.624,0
11.044,8.4693,0,1.7865,12.89,0
11.684,8.648,1.9178,1.7735,13.249,0
11.684,8.8253,0,1.7628,13.544,0
11.684,9.0016,0,1.7538,13.821,0
12.281,9.177,1.7817,1.7432,14.169,0
12.281,9.3513,0,1.7257,14.471,0
12.622,9.5239,1.4158,1.7004,14.802,0
12.773,9.6939,1.0799,1.6712,15.112,0
12.882,9.8611,0.85809,1.6223,15.424,0
12.968,10.023,0.80382,1.566,15.729,0
12.968,10.18,0,1.507,16.016,0
13.112,10.331,0.63608,1.4512,16.291,0
13.185,10.476,0.61955,1.4023,16.571,0
13.251,10.616,0.59427,1.3525,16.835,0
13.311,10.751,0.61161,1.3042,17.096,0
13.368,10.882,0.62437,1.2575,17.345,0
13.368,11.007,0,1.2157,17.587,0
13.497,11.129,0.70487,1.1817,17.818,0
13.567,11.247,0.74522,1.1505,18.049,0
13.639,11.362,0.72116,1.1231,18.286,0
13.718,11.474,0.67866,1.1008,18.518,0
13.718,11.585,0,1.0778,18.737,0
13.846,11.692,0.51345,1.0462,18.965,0
13.889,11.797,0.44624,1.0112,19.179,0
13.934,11.898,0.37421,0.97957,19.386,0
13.934,11.996,0,0.94665,19.585,0
14.008,12.091,0.38335,0.91503,19.794,0
14.052,12.182,0.32117,0.88835,19.982,0
14.085,12.271,0.30103,0.85829,20.166,0
14.085,12.357,0,0.8285,20.343,0
14.158,12.44,0.43905,0.80721,20.517,0
14.211,12.52,0.52777,0.79182,20.694,0
14.263,12.6,0.59099,0.77664,20.866,0
14.321,12.677,0.56687,0.76513,21.039,0
14.378,12.754,0.51671,0.75357,21.208,0
14.436,12.829,0.49187,0.74307,21.359,0
14.484,12.903,0.36968,0.72835,21.513,0
14.516,12.976,0.35807,0.70761,21.669,0
14.516,13.047,0,0.69226,21.82,0
14.516,13.116,0,0.67963,21.963,0
14.655,13.184,0.43558,0.67031,22.117,0
14.689,13.251,0.46433,0.65373,22.26,0
14.727,13.317,0.48417,0.63947,22.401,0
14.776,13.381,0.4854,0.6311,22.548,0
14.776,13.444,0,0.62165,22.684,0
14.877,13.506,0.52019,0.61729,22.819,0
14.925,13.568,0.56009,0.60974,22.951,0
14.991,13.629,0.53326,0.61053,23.086,0
15.051,13.69,0.47345,0.60857,23.228,0
15.098,13.75,0.4205,0.60095,23.363,0
15.134,13.811,0.37807,0.58904,23.503,0
15.178,13.869,0.35678,0.58168,23.641,0
15.178,13.928,0,0.56782,23.769,0
15.245,13.984,0.38976,0.55764,23.894,0
15.281,14.04,0.39302,0.54817,24.024,0
15.313,14.095,0.39257,0.53659,24.142,0
15.36,14.149,0.41667,0.53286,24.254,0
15.4,14.202,0.44601,0.52606,24.38,0
15.446,14.255,0.4948,0.52181,24.49,0
15.504,14.307,0.59044,0.52353,24.606,0
15.567,14.359,0.7091,0.52745,24.73,0
15.638,14.412,0.77184,0.53447,24.858,0
15.706,14.465,0.81737,0.53994,24.983,0
15.789,14.519,0.87323,0.55155,25.101,0
15.88,14.574,0.91666,0.56584,25.235,0
15.966,14.631,0.90915,0.5778,25.374,0
16.053,14.689,0.92552,0.58948,25.506,0
16.137,14.748,0.96183,0.59896,25.639,0
16.137,14.808,0,0.61655,25.775,0
16.137,14.869,0,0.63081,25.905,0
16.439,14.932,0.96578,0.64592,26.079,0
16.544,14.997,0.94592,0.66183,26.23,0
16.544,15.063,0,0.67266,26.381,0
16.544,15.13,0,0.67707,26.526,0
16.544,15.198,0,0.67902,26.664,0
16.879,15.266,0.80562,0.68381,26.854,0
16.96,15.334,0.72363,0.68802,27.023,0
17.023,15.403,0.63118,0.68444,27.194,0
17.093,15.472,0.51131,0.68377,27.358,0
17.152,15.54,0.38329,0.67803,27.519,0
17.183,15.608,0.25503,0.66141,27.674,0
17.203,15.674,0.18914,0.64055,27.834,0
17.22,15.738,0.13497,0.61946,27.981,0
17.229,15.8,0.10149,0.59623,28.122,0
17.245,15.86,0.073959,0.57684,28.258,0
17.254,15.917,0.068197,0.55546,28.385,0
17.252,15.973,0.072605,0.5306,28.512,0
17.252,16.026,0,0.50933,28.637,0
17.256,16.077,0.11111,0.48745,28.769,0
17.265,16.126,0.1393,0.47027,28.875,0
17.278,16.173,0.14385,0.45558,28.979,0
17.284,16.218,0.1431,0.43878,29.089,0
17.293,16.262,0.13008,0.42354,29.187,0
17.3,16.304,0.087731,0.40848,29.282,0
17.306,16.345,0.065784,0.39383,29.371,0
17.318,16.385,0.024444,0.38198,29.463,0
17.327,16.423,0.0031929,0.36958,29.548,0
17.327,16.46,0,0.35427,29.637,0
17.327,16.495,0,0.3394,29.721,0
17.331,16.529,0.0071021,0.327,29.816,0
17.331,16.562,0,0.31047,29.895,0
17.321,16.593,0.029854,0.29648,29.985,0
17.321,16.623,0,0.28907,30.056,0
17.336,16.651,-0.0077137,0.27798,30.117,0
17.327,16.679,0.021231,0.26288,30.182,0
17.336,16.706,0.044024,0.25571,30.24,0
17.332,16.731,0.041091,0.24362,30.306,0
17.337,16.755,0.055739,0.23543,30.373,0
17.337,16.779,0,0.22431,30.43,0
17.334,16.801,0.079819,0.21547,30.495,0
17.334,16.823,0,0.20724,30.547,0
17.352,16.844,0.09957,0.2056,30.596,0
17.352,16.864,0,0.20416,30.646,0
17.375,16.885,0.14947,0.19791,30.7,0
17.383,16.904,0.15229,0.193,30.742,0
17.398,16.924,0.16921,0.19122,30.784,0
17.417,16.943,0.24506,0.19095,30.821,0
17.417,16.962,0,0.19459,30.868,0
17.475,16.981,0.40537,0.19864,30.932,0
17.514,17.001,0.55209,0.20645,30.992,0
17.566,17.022,0.66742,0.21895,31.052,0
17.566,17.044,0,0.23333,31.106,0
17.704,17.067,0.77483,0.25613,31.167,0
17.792,17.093,0.76345,0.28073,31.235,0
17.792,17.121,0,0.29808,31.304,0
17.948,17.151,0.73893,0.31992,31.377,0
18.031,17.183,0.73325,0.34015,31.467,0
18.097,17.217,0.71539,0.35237,31.555,0
18.168,17.252,0.66958,0.36628,31.637,0
18.168,17.289,0,0.38085,31.727,0
18.299,17.327,0.43091,0.38837,31.829,0
18.299,17.365,0,0.38565,31.924,0
18.355,17.404,0.20718,0.37885,32.017,0
18.368,17.442,0.17088,0.36871,32.117,0
18.379,17.479,0.15734,0.35801,32.212,0
18.391,17.515,0.12219,0.34839,32.301,0
18.406,17.549,0.1335,0.34025,32.393,0
18.422,17.583,0.11519,0.33237,32.47,0
18.441,17.617,0.039079,0.32653,32.551,0
18.454,17.649,0.064339,0.31844,32.636,0
18.458,17.681,0.10336,0.3074,32.707,0
18.466,17.712,0.080585,0.29807,32.789,0
18.469,17.742,0.080547,0.28733,32.867,0
18.482,17.77,0.1235,0.28097,32.947,0
18.495,17.799,0.11739,0.27486,33.023,0
18.508,17.826,0.09962,0.26893,33.093,0
18.509,17.853,0.08997,0.25858,33.159,0
18.514,17.879,0.080012,0.25021,33.226,0
18.522,17.904,0.13479,0.24316,33.294,0
18.522,17.928,0,0.2372,33.355,0
18.543,17.952,0.24342,0.23254,33.423,0
18.569,17.975,0.35981,0.23327,33.492,0
18.569,17.998,0,0.23836,33.55,0
18.661,18.022,0.58042,0.25062,33.602,0
18.719,18.047,0.64344,0.26339,33.678,0
18.783,18.074,0.69959,0.27795,33.753,0
18.852,18.101,0.77409,0.29421,33.828,0
18.927,18.131,0.78509,0.31155,33.907,0
19.008,18.162,0.80271,0.33117,33.985,0
19.087,18.195,0.83698,0.34845,34.063,0
19.087,18.23,0,0.36955,34.15,0
19.259,18.267,0.82206,0.38713,34.262,0
19.259,18.306,0,0.40694,34.359,0
19.424,18.346,0.77683,0.42002,34.478,0
19.505,18.388,0.76786,0.43464,34.592,0
19.574,18.432,0.73319,0.44411,34.709,0
19.652,18.476,0.69113,0.45676,34.823,0
19.722,18.522,0.66412,0.46598,34.949,0
19.722,18.569,0,0.46959,35.066,0
19.722,18.615,0,0.47369,35.179,0
19.88,18.663,0.29545,0.47097,35.312,0
19.906,18.71,0.25163,0.46214,35.433,0
19.926,18.756,0.15429,0.45156,35.547,0
19.944,18.801,0.15158,0.44064,35.664,0
19.95,18.845,0.15073,0.42558,35.781,0
19.96,18.888,0.047146,0.41267,35.897,0
19.96,18.929,0,0.39868,36.003,0
19.972,18.969,0.078312,0.38508,36.097,0
19.989,19.008,0.0096153,0.37649,36.203,0
19.99,19.045,-0.024365,0.36201,36.308,0
19.987,19.081,0.024709,0.34687,36.406,0
19.998,19.116,0.020215,0.33747,36.5,0
19.998,19.15,0,0.32133,36.587,0
19.993,19.182,-0.023588,0.31012,36.677,0
19.989,19.213,0.042768,0.29635,36.747,0
19.987,19.243,0.025939,0.28387,36.817,0
19.998,19.271,-0.043166,0.27731,36.891,0
19.998,19.299,0,0.26834,36.963,0
19.998,19.326,0,0.25508,37.031,0
19.988,19.351,-0.023892,0.24224,37.08,0
19.985,19.375,-0.056966,0.23152,37.135,0
19.983,19.398,-0.085824,0.22218,37.194,0
19.983,19.421,-0.082901,0.21348,37.25,0
19.983,19.442,0,0.1989,37.305,0
19.954,19.462,-0.19114,0.18644,37.359,0
19.935,19.481,-0.19569,0.17213,37.403,0
19.918,19.498,-0.19788,0.15905,37.449,0
19.896,19.514,-0.22148,0.14496,37.483,0.070481
19.879,19.528,-0.28489,0.13284,37.524,0.32053
19.856,19.541,-0.28407,0.11902,37.561,0.36838
19.824,19.553,-0.28002,0.10226,37.587,0.4159
19.824,19.564,0,0.090204,37.614,0
19.771,19.573,-0.2271,0.075087,37.644,0.33887
19.771,19.58,0,0.060463,37.664,0
19.716,19.586,-0.084291,0.049144,37.673,0.026458
19.714,19.591,-0.051103,0.046604,37.688,0
19.714,19.596,-0.0013474,0.044562,37.691,0
19.704,19.6,0.02177,0.039182,37.712,0
19.704,19.604,0,0.037631,37.722,0
19.714,19.608,0.090719,0.039976,37.714,0
19.722,19.612,0.0561,0.041494,37.732,0
19.733,19.616,0.058984,0.044349,37.747,0
19.735,19.62,0.082918,0.043083,37.753,0
19.742,19.625,0.041715,0.044316,37.76,0
19.742,19.629,0,0.042198,37.771,0
19.74,19.633,-0.055851,0.040235,37.772,0
19.738,19.637,-0.11513,0.03781,37.786,0.14385
19.731,19.641,-0.18777,0.034016,37.795,0.36358
19.717,19.645,-0.26113,0.027227,37.811,0.627
19.688,19.647,-0.27765,0.015175,37.814,0.73006
19.669,19.649,-0.23965,0.0076999,37.825,0.62577
19.654,19.65,-0.263,0.0016925,37.818,0.72844
19.622,19.65,-0.29356,-0.0027302,37.818,0.91424
19.584,19.65,-0.31572,-0.0063405,37.823,1.0931
19.556,19.649,-0.36967,-0.0089805,37.811,1.3878
19.513,19.648,-0.43576,-0.013046,37.803,1.8062
19.47,19.647,-0.47394,-0.017068,37.785,2.1163
19.414,19.645,-0.52461,-0.022341,37.766,2.5519
19.365,19.643,-0.56221,-0.026863,37.749,2.9143
19.365,19.64,0,-0.031236,37.722,0.52496
19.264,19.637,-0.62391,-0.036147,37.693,3.6098
19.2,19.633,-0.69516,-0.04202,37.651,4.3053
19.125,19.629,-0.76551,-0.049014,37.609,5.0913
19.043,19.624,-0.86702,-0.056587,37.564,6.2295
18.953,19.619,-1.0266,-0.064901,37.504,8.0954
18.953,19.612,0,-0.07441,37.437,1.3403
18.953,19.605,0,-0.08589,37.372,1.284
18.601,19.596,-1.4891,-0.097912,37.27,15.588
18.449,19.586,-1.5755,-0.11239,37.16,17.732
18.449,19.575,0,-0.12689,37.047,2.4529
18.125,19.562,-1.7091,-0.14354,36.898,21.751
17.95,19.548,-1.852,-0.16061,36.744,25.51
17.763,19.532,-2.0804,-0.17893,36.576,31.707
17.55,19.514,-2.3275,-0.20017,36.39,39.492
17.326,19.494,-2.586,-0.22285,36.179,48.874
17.076,19.472,-2.8371,-0.24847,35.955,59.52
16.795,19.447,-3.0139,-0.27796,35.701,68.477
16.795,19.419,0,-0.30971,35.437,6.6973
16.18,19.388,-3.4264,-0.3445,35.106,92.031
15.844,19.354,-3.7536,-0.38237,34.762,113.3
15.471,19.315,-3.9309,-0.42532,34.394,126.89
15.471,19.273,0,-0.47135,34.012,10.53
14.664,19.226,-4.3406,-0.52272,33.568,161.44
14.664,19.174,0,-0.57935,33.115,12.952
13.799,19.116,-4.0681,-0.63607,32.581,142.08
13.401,19.052,-3.9622,-0.69239,32.042,136.06
13.401,18.983,0,-0.75251,31.48,16.762
12.623,18.907,-3.556,-0.81294,30.851,114.65
12.268,18.826,-3.4115,-0.87476,30.2,108.42
11.925,18.739,-3.2018,-0.93852,29.526,99.604
11.925,18.645,0,-1.0024,28.849,20.474
11.309,18.545,-2.6662,-1.068,28.122,79.671
11.049,18.438,-2.3371,-1.1314,27.398,69.048
11.049,18.325,0,-1.1969,26.665,21.704
10.61,18.205,-1.5216,-1.2588,25.897,47.481
10.454,18.079,-1.1148,-1.3176,25.138,38.758
10.341,17.947,-0.72481,-1.372,24.375,31.431
10.278,17.81,-0.40787,-1.4198,23.615,25.986
10.23,17.668,-0.19608,-1.4655,22.87,22.419
10.23,17.522,0,-1.5062,22.133,19.172
10.23,17.371,0,-1.5453,21.412,18.104
10.23,17.216,0,-1.5841,20.705,17.041
10.2,17.058,-0.05801,-1.6208,20.017,16.682
10.192,16.896,-0.081332,-1.661,19.331,15.85
10.177,16.73,-0.071416,-1.7018,18.665,14.742
10.161,16.56,-0.089927,-1.7408,18.026,13.912
10.156,16.386,-0.11674,-1.7763,17.399,13.123
10.137,16.208,-0.16232,-1.8163,16.78,12.513
10.121,16.026,-0.23227,-1.8531,16.182,12.092
10.121,15.841,0,-1.8875,15.601,9.4843
10.121,15.652,0,-1.9259,15.038,8.5845
10.032,15.46,-0.57823,-1.9666,14.485,12.018
9.9808,15.263,-0.72343,-2.0076,13.955,12.337
9.9118,15.062,-0.85778,-2.0552,13.432,12.606
9.836,14.857,-1.0373,-2.1039,12.923,13.395
9.836,14.646,0,-2.1691,12.431,5.3799
9.836,14.429,0,-4.4,11.961,21.757
9.4289,13.989,-1.9962,-4.4,11.457,4.6853
9.2275,13.549,-2.3216,-4.4,11.003,4.5101
9,13.109,-2.6045,-4.4,10.578,6.4538
8.7399,12.669,-2.7684,-4.4,10.179,17.994
8.4705,12.229,-2.8184,-4.4,9.7845,0
8.1923,11.789,-2.8649,-5.2,9.4157,0
8.1923,11.269,0,-5.2,9.082,152.98
7.6207,10.749,-2.9102,-5.2,8.7427,0
7.6207,10.229,0,-5.2,8.4558,156.49
7.0522,9.7095,-2.4964,-5.2,8.162,0
6.8108,9.1895,-2.0869,-5.2,7.9068,0
6.5975,8.6695,-1.6706,-5.2,7.6887,138.84
6.5975,8.1495,0,-5.2,7.5075,73.721
6.3068,7.6295,-1.0348,-5.2,7.3644,52.892
6.2001,7.1095,-0.75649,-5.2,7.2543,47.553
6.2001,6.5895,0,-5.2,7.1894,53.655
6.0878,6.0695,-0.21403,-8.8,7.1624,38.642
6.066,5.1895,-0.048962,-8.8,7.2066,37.951
6.07,4.3095,0.16622,1.945,7.3374,1.8239
6.0882,4.504,0.2319,1.6589,7.5054,0.63017
6.109,4.6699,0.1173,1.4428,7.649,0.66735
6.1174,4.8141,0.075373,1.2606,7.7785,0.48283
6.1163,4.9402,0.13178,1.106,7.9109,0
6.1292,5.0508,0.13149,0.98936,8.0206,0
6.1406,5.1497,0.10481,0.89049,8.127,0
6.1482,5.2388,0.12964,0.80304,8.2284,0
6.1702,5.3191,0.12985,0.739,8.308,0
6.1702,5.393,0,0.673,8.3895,0.025524
6.1842,5.4603,0.12803,0.61125,8.4572,0
6.2062,5.5214,0.13103,0.57185,8.5295,0
6.2109,5.5786,0.12779,0.52266,8.596,0
6.2328,5.6309,0.13163,0.49297,8.658,0
6.2431,5.6802,0.13211,0.45733,8.7203,0
6.2431,5.7259,0,0.4249,8.7743,0
6.2566,5.7684,0.13556,0.39061,8.8239,0
6.2721,5.8074,0.1356,0.36917,8.8674,0
6.2721,5.8444,0,0.341,8.912,0
6.2808,5.8785,0.13676,0.31611,8.9579,0
6.3013,5.9101,0.13974,0.30607,9.0061,0
6.3013,5.9407,0,0.2882,9.0436,0
6.3203,5.9695,0.13491,0.27226,9.0937,0
6.3266,5.9967,0.13262,0.25476,9.1201,0
6.3485,6.0222,0.13037,0.251,9.1541,0
6.3589,6.0473,0.12577,0.23871,9.1829,0
6.3783,6.0712,0.12919,0.23449,9.2166,0
6.4007,6.0946,0.13058,0.23274,9.2391,0
6.406,6.1179,0.13494,0.21832,9.2703,0
6.406,6.1397,0,0.21229,9.298,0
6.4381,6.161,0.13423,0.20878,9.3327,0
6.455,6.1818,0.13106,0.2053,9.3665,0
6.4602,6.2024,0.13129,0.19313,9.3878,0
6.4704,6.2217,0.12607,0.18583,9.4186,0
6.4747,6.2403,0.12767,0.17471,9.4442,0
6.4747,6.2577,0,0.17768,9.4667,0
6.5148,6.2755,0.13315,0.17756,9.4967,0
6.5262,6.2933,0.12971,0.17258,9.5295,0
6.5378,6.3105,0.13289,0.1681,9.5602,0
6.5524,6.3273,0.1329,0.16621,9.5924,0
6.5742,6.3439,0.13381,0.16978,9.6229,0
6.5807,6.3609,0.13313,0.16158,9.6408,0
6.5984,6.3771,0.13516,0.16242,9.6682,0
6.6126,6.3933,0.13698,0.16071,9.6972,0
6.6275,6.4094,0.14064,0.15942,9.712,0
6.6461,6.4253,0.14109,0.1609,9.73,0
6.6544,6.4414,0.13811,0.15501,9.7616,0
6.665,6.4569,0.13927,0.15101,9.7731,0
6.6771,6.472,0.13857,0.14861,9.7956,0
6.6843,6.4869,0.13627,0.14276,9.8151,0
6.6893,6.5012,0.13923,0.13575,9.8346,0
6.6893,6.5147,0,0.13575,9.8528,0
6.7079,6.5283,0.14108,0.12899,9.8621,0
6.7079,6.5412,0,0.13468,9.8794,0
6.7456,6.5547,0.1404,0.13672,9.8993,0
6.7665,6.5683,0.1372,0.1417,9.9229,0
6.7806,6.5825,0.13969,0.14131,9.9412,0
6.7806,6.5966,0,0.14697,9.9603,0
6.8199,6.6113,0.14038,0.14824,9.9775,0
6.8348,6.6262,0.14428,0.14792,9.9931,0
6.8464,6.641,0.14771,0.14526,10.005,0
6.8582,6.6555,0.14568,0.14304,10.021,0
6.8582,6.6698,0,0.13641,10.041,0
