0,0,-0.039411,0,35.5,0.082813
0,0,0,7.8,35.5,59.103
0,0.78,0,7.8,35.461,63.94
0.00050879,1.56,-0.020976,7.8,35.359,84.935
0.0051024,2.34,0.0297,7.8,35.17,90.188
-0.00030258,3.12,0.083038,7.8,34.894,91.686
0.016183,3.9,0.14274,7.8,34.534,98.837
0.024109,4.68,0.21158,7.8,34.107,102.88
0.049282,5.46,0.25728,7.8,33.601,107.31
0.073407,6.24,0.25926,6.7,33.015,98.831
0.10515,6.91,0.2515,6.7,32.36,103.56
0.12657,7.58,0.23691,6.7,31.64,108.54
0.14928,8.25,0.22748,-0.42747,30.869,30.583
0.17093,8.2073,0.22038,-0.44052,30.063,30.182
0.20049,8.1632,0.21764,-0.45375,29.261,29.673
0.23055,8.1178,0.21931,-0.46774,28.459,29.092
0.25192,8.0711,0.22534,-0.48273,27.668,28.493
0.2776,8.0228,0.22186,-0.49823,26.882,27.977
0.29507,7.973,0.21463,-0.51463,26.114,27.538
0.31927,7.9215,0.20925,-0.53119,25.356,27.03
0.31927,7.8684,0,-0.54844,24.598,29.203
0.3608,7.8135,0.1863,-0.56738,23.856,26.148
0.37776,7.7568,0.17099,-0.587,23.119,25.746
0.3908,7.6981,0.1619,-0.60775,22.392,25.272
0.40025,7.6373,0.15304,-0.63058,21.657,24.786
0.41656,7.5743,0.14967,-0.65359,20.936,24.187
0.43541,7.5089,0.14743,-0.67732,20.227,23.547
0.45693,7.4412,0.14502,-0.70233,19.52,22.876
0.47269,7.3709,0.15354,-0.72871,18.828,22.095
0.48966,7.2981,0.15615,-0.75655,18.141,21.356
0.50486,7.2224,0.15012,-0.78619,17.46,20.696
0.50486,7.1438,0,-0.81724,16.793,21.658
0.53014,7.0621,0.17733,-0.84975,16.137,18.94
0.53014,6.9771,0,-0.88313,15.489,20.076
0.53014,6.8888,0,-0.91891,14.848,19.315
0.58459,6.7969,0.10418,-0.95676,14.208,17.216
0.58459,6.7012,0,-0.99871,13.592,17.43
0.58459,6.6013,0,-1.0409,12.985,16.599
0.58341,6.4972,-0.2539,-1.0885,12.382,18.283
0.55611,6.3884,-0.36098,-1.1414,11.799,16.047
0.51534,6.2743,-0.43338,-1.2025,11.211,15.162
0.51534,6.154,0,-1.2666,10.642,13.119
0.43498,6.0273,-0.46528,-1.3345,10.072,13.409
0.43498,5.8939,0,-1.4064,9.5194,11.377
0.35069,5.7532,-0.51353,-1.4832,8.9743,11.63
0.35069,5.6049,0,-1.5673,8.4415,9.5405
0.35069,5.4482,0,-1.6637,7.9239,8.4066
0.16997,5.2818,-0.53976,-8.8,7.3843,0
0.11084,4.4018,-0.39464,-8.8,6.9093,0
0.071617,3.5218,-0.21154,-8.8,6.5223,0
0.054349,2.6418,-0.10063,-8.8,6.2154,0
0.040973,1.7618,-0.0066936,-0.2551,6.0089,3.7895
0.033402,1.7363,0.072037,-8.8,5.8333,0
0.036017,0.85632,0.06301,0.06301,5.7115,2.0454
0.033306,0.86262,-0.011493,-0.011493,5.6259,2.0812
0.025145,0.86147,-0.013304,-0.013304,5.5468,2.0946
0.029048,0.86014,0.036889,0.036889,5.4728,2.0801
0.029048,0.86383,0,-8.8,5.3895,0
0.043501,0,-0.0074446,-0.0074446,5.3421,0
0.051309,0,0.006289,0.006289,5.3427,0
0.053936,0.0006289,0.03085,0.03085,5.3513,0
0.05388,0.0037139,0.0029958,0.0029958,5.3574,0
0.063234,0.0040135,-0.0095302,-0.0095302,5.3573,0
0.059449,0.0030605,0.013878,0.013878,5.3586,0
0.068016,0.0044482,0.0085108,0.0085108,5.3695,0
0.062244,0.0052993,-0.0076277,-0.0076277,5.3773,0
0.066631,0.0045366,0.0053344,0.0053344,5.387,0
0.06505,0.00507,0.015597,0.015597,5.3983,0
0.06505,0.0066297,0,-0.0045155,5.4042,0
0.070211,0.0061781,-0.0059593,-0.0059593,5.4043,0
0.072985,0.0055822,0.0081655,0.0081655,5.4181,0
0.072929,0.0063988,0.0050107,0.0050107,5.4175,0
0.074091,0.0068998,-0.0051328,-0.0051328,5.427,0
0.081062,0.0063865,0.0090831,0.0090831,5.4315,0
0.082101,0.0072949,0.013904,0.013904,5.4451,0
0.074468,0.0086852,0.0024153,0.0024153,5.4439,0
0.067785,0.0089268,0.0044458,0.0044458,5.446,0
0.059667,0.0093714,0.015044,0.015044,5.451,0
0.05603,0.010876,0.0049685,0.0049685,5.4534,0
0.057041,0.011373,0.0019542,0.0019542,5.454,0
0.060957,0.011568,0.0092442,0.0092442,5.4646,0
0.060957,0.012493,0,0.008666,5.4695,0
0.058696,0.013359,0.0023057,0.0023057,5.4686,0
0.062598,0.01359,0.012513,0.012513,5.468,0
0.059012,0.014841,0.015978,0.015978,5.4767,0
0.059012,0.016439,0,0.023454,5.4811,0
0.062133,0.018784,0.051752,0.051752,5.4861,0
0.061825,0.023959,0.092564,0.092564,5.4874,0
0.062813,0.033216,0.14329,0.14329,5.487,0
0.067206,0.047545,0.19999,0.19999,5.4907,0
0.094116,0.067544,0.24196,0.24196,5.4997,0
0.094116,0.09174,0,0.26014,5.5011,0.70186
0.1424,0.11775,0.27214,0.27214,5.51,0
0.16565,0.14497,0.26499,0.26499,5.5059,0
0.16565,0.17147,0,0.25216,5.5067,0.69713
0.21223,0.19668,0.24805,0.24805,5.5025,0
0.21223,0.22149,0,0.24755,5.5029,0.69103
0.21223,0.24624,0,0.25128,5.5007,0.76873
0.27347,0.27137,0.30012,0.30012,5.5013,0
0.29393,0.30138,0.42698,0.42698,5.5099,0.015307
0.29393,0.34408,0,0.66828,5.507,2.5611
0.40675,0.41091,1.0314,1.0314,5.5071,0.0085272
0.50708,0.51405,1.4525,1.4525,5.5167,0.014293
0.65784,0.65929,1.8401,1.8401,5.5243,0.0029797
0.83657,0.8433,2.1353,2.1353,5.5157,0.013814
1.0451,1.0568,2.2757,-8.8,5.5053,0
1.2683,0.17683,2.1791,2.1791,5.5671,0
1.4822,0.39475,1.8838,1.8838,5.6838,0
1.6802,0.58313,1.4914,1.4914,5.7993,0
1.8358,0.73226,1.0646,1.0646,5.9163,0
1.9343,0.83873,0.64324,0.64324,6.0278,0
2.0041,0.90305,0.34495,4.9,6.1338,27.854
2.0485,1.393,0.13624,4.1167,6.212,25.511
2.0706,1.8047,0.01873,1.0915,6.262,3.5652
2.0797,1.9139,-0.040372,0.61816,6.2733,1.8028
2.0804,1.9757,-0.056209,0.37092,6.2874,1.0193
2.0733,2.0128,-0.076598,0.20808,6.2951,0.63399
2.0602,2.0336,-0.057823,0.090039,6.2963,0.30157
2.053,2.0426,-0.033131,0.035075,6.3007,0.13192
2.0592,2.0461,-0.014631,0.04401,6.3043,0.10311
2.066,2.0505,-0.017493,0.051721,6.3078,0.12319
2.0646,2.0557,-0.0088675,0.02973,6.3096,0.065713
2.0599,2.0586,0.0076602,0.0042341,6.312,0
2.0694,2.0591,0.001679,0.03418,6.3079,0.049045
2.0748,2.0625,-0.060406,0.040785,6.3062,0.2102
2.0748,2.0666,0,0.0080091,6.3073,0
2.0748,2.0674,0,-0.0019433,6.308,0
2.0035,2.0672,-0.76245,-0.010397,6.2929,3.4702
1.9284,2.0661,-1.1915,-0.022477,6.2915,3.857
1.8101,2.0639,-1.6025,-0.041631,6.2678,4.7311
1.6531,2.0597,-1.9408,-0.066979,6.2436,5.5642
1.4664,2.053,-2.1791,-0.097672,6.1901,6.2664
1.2437,2.0432,-2.0993,-0.1349,6.1214,6.4104
1.0304,2.0298,-1.6824,-0.1717,6.0285,5.8835
0.8635,2.0126,-1.1891,-8.8,5.923,0
0.8635,1.1326,0,-0.03651,5.8521,0.49708
0.6934,1.1289,-0.21654,-0.042463,5.7885,1.6348
0.66604,1.1247,0.039028,-0.045047,5.7485,0.8106
0.66659,1.1202,0.012669,-0.044833,5.7116,0.87403
0.66672,1.1157,-0.09121,-0.04467,5.6739,1.192
0.64782,1.1112,-0.22321,-0.046618,5.6212,1.729
0.62262,1.1066,-0.3602,-0.049015,5.5828,2.0794
0.62262,1.1017,0,-8.8,5.5347,0
0.53585,0.22167,-0.6154,-0.6154,5.5228,0
0.47351,0.16013,-0.69945,-0.69945,5.5549,0
0.39597,0.09019,-0.66087,-0.66087,5.5876,0
0.33304,0.024103,-0.46956,-0.46956,5.6272,0
0.33304,0,0,-0.2542,5.6605,0
0.25802,0,-0.11688,-0.11688,5.6975,0
0.25215,0,0.012221,0.012221,5.7205,0
0.26164,0.0012221,0.10804,0.10804,5.7421,0
0.26164,0.012026,0,0.067527,5.7676,0
0.26164,0.018779,0,-0.018971,5.7922,0
0.28194,0.016882,-0.0096911,-0.0096911,5.8005,0
0.27445,0.015913,0.050216,0.050216,5.836,0
0.27353,0.020934,0.030565,0.030565,5.8646,0
0.27353,0.023991,0,-0.0063082,5.8897,0
0.29298,0.02336,0.019613,0.019613,5.9068,0
0.29366,0.025321,0.043479,0.043479,5.9341,0
0.29366,0.029669,0,0.017292,5.9608,0
0.29366,0.031398,0,0.021555,5.9871,0
0.29387,0.033554,0.051362,0.051362,6.0254,0
0.29657,0.03869,0.044091,0.044091,6.0603,0
0.29582,0.043099,0.029824,0.029824,6.0824,0
0.30749,0.046082,0.041102,0.041102,6.1101,0
0.31585,0.050192,0.036498,0.036498,6.1443,0
0.31212,0.053842,0.016693,0.016693,6.1744,0
0.31582,0.055511,0.01813,0.01813,6.1958,0
0.31952,0.057324,0.022583,0.022583,6.2249,0
0.31874,0.059582,0.011931,0.011931,6.2507,0
0.31987,0.060775,0.013091,0.013091,6.2757,0
0.3218,0.062084,0.023013,0.023013,6.2954,0
0.32258,0.064386,0.016846,0.016846,6.33,0
0.33403,0.06607,0.0089294,0.0089294,6.3637,0
0.33792,0.066963,0.019888,0.019888,6.3839,0
0.34008,0.068952,0.021731,0.021731,6.4183,0
0.34008,0.071125,0,0.018821,6.4453,0
0.34999,0.073007,0.021518,0.021518,6.4725,0
0.34717,0.075159,0.027524,0.027524,6.4975,0
0.34701,0.077911,0.020829,0.020829,6.52,0
0.3445,0.079994,0.019428,0.019428,6.5442,0
0.3445,0.081937,0,0.021315,6.5706,0
0.34896,0.084069,0.023339,0.023339,6.5939,0
0.35553,0.086403,0.021133,0.021133,6.6188,0
0.36708,0.088516,0.02358,0.02358,6.64,0
0.37457,0.090874,0.027017,0.027017,6.6677,0
0.37457,0.093576,0,0.025481,6.6959,0
0.38598,0.096124,0.02743,0.02743,6.7258,0
0.39093,0.098867,0.03275,0.03275,6.7448,0
0.39093,0.10214,0,0.031585,6.7738,0
0.40898,0.1053,0.031589,0.031589,6.8105,0
0.40898,0.10846,0,0.032487,6.8407,0
0.41181,0.11171,0.029043,0.029043,6.8664,0
0.40907,0.11461,0.020492,0.020492,6.8975,0
0.41152,0.11666,0.023381,0.023381,6.928,0
0.41666,0.119,0.023371,0.023371,6.9559,0
0.42068,0.12134,0.021793,0.021793,6.9879,0
0.42159,0.12352,0.024176,0.024176,7.0087,0
0.42159,0.12593,0,0.031252,7.0384,0
0.41226,0.12906,0.029458,0.029458,7.0658,0
0.41468,0.132,0.029275,0.029275,7.0955,0
0.41468,0.13493,0,0.032199,7.1236,0
0.41678,0.13815,0.035915,0.035915,7.15,0
0.41678,0.14174,0,0.029974,7.1777,0
0.41949,0.14474,0.0258,0.0258,7.2009,0
0.41357,0.14732,0.021475,0.021475,7.2231,0
0.40884,0.14947,0.028518,0.028518,7.2551,0
0.41709,0.15232,0.061844,0.061844,7.2787,0
0.43207,0.1585,0.1135,0.1135,7.304,0
0.45003,0.16985,0.16766,0.16766,7.3376,0
0.45003,0.18662,0,0.21081,7.3647,0
0.45003,0.2077,0,0.24292,7.39,0.051831
0.45003,0.23199,0,0.24669,7.413,0.11954
0.54721,0.25666,0.24839,0.24839,7.4439,0
0.54721,0.2815,0,0.24199,7.4717,0
0.58129,0.3057,0.23916,0.23916,7.5008,0
0.58129,0.32962,0,0.23897,7.5272,0.019394
0.64091,0.35351,0.2444,0.2444,7.5573,0
0.6661,0.37795,0.24226,0.24226,7.5941,0
0.68265,0.40218,0.2584,0.2584,7.6134,0
0.70846,0.42802,0.29502,0.29502,7.6338,0
0.70846,0.45752,0,0.35612,7.6604,0.36494
0.77069,0.49313,0.4776,0.4776,7.6822,0
0.82315,0.54089,0.71826,0.71826,7.7024,0
0.89684,0.61272,1.0788,1.0788,7.7219,0
1.0077,0.72061,1.5128,1.5128,7.7555,0
1.1539,0.87189,1.9483,1.9483,7.7851,0
1.3582,1.0667,2.3042,3.5042,7.8075,3.2699
1.5963,1.4171,2.5052,1.343,7.8241,0
1.8399,1.5514,2.5714,1.8633,7.8455,0
2.0874,1.7378,2.584,1.8742,7.8724,0
2.0874,1.9252,0,1.924,7.898,9.8765
2.6032,2.1176,2.6156,1.8908,7.9645,0
2.8628,2.3067,2.673,1.8867,8.0099,0
3.1313,2.4953,2.7147,1.9057,8.0749,0
3.4068,2.6859,2.692,1.9252,8.1464,0
3.6724,2.8784,2.6229,1.9026,8.2123,0
3.9316,3.0687,2.5039,1.8746,8.2945,0
4.1912,3.2561,2.3795,1.8567,8.3797,0
4.4343,3.4418,2.2618,1.8142,8.4728,0
4.6582,3.6232,2.1521,1.7533,8.5667,0
4.8686,3.7986,2.0403,1.6941,8.6754,0
5.081,3.968,1.9513,1.6564,8.7828,0
5.081,4.1336,0,1.592,8.8858,3.998
5.4575,4.2928,1.7723,1.5535,9.0022,0
5.6434,4.4482,1.6654,1.5192,9.1149,0
5.8031,4.6001,1.5867,1.4622,9.2326,0
5.8031,4.7463,0,1.4196,9.3456,2.5446
6.1132,4.8883,1.4696,1.3773,9.4801,0
6.2596,5.026,1.4047,1.3384,9.5953,0
6.3955,5.1598,1.3715,1.2989,9.7283,0
6.3955,5.2897,0,1.2755,9.8454,1.5941
6.6775,5.4173,1.3169,1.2499,9.9843,0
6.8076,5.5423,1.2968,1.2207,10.102,0
6.9374,5.6643,1.274,1.1966,10.221,0
7.0702,5.784,1.2421,1.1807,10.35,0
7.1891,5.9021,1.1745,1.1545,10.474,0
7.3018,6.0175,1.1174,1.1282,10.611,0
7.4059,6.1303,1.0594,1.0987,10.748,0
7.5096,6.2402,1.0608,1.0729,10.878,0
7.6104,6.3475,1.104,1.0483,11.005,0
7.6104,6.4523,0,1.0395,11.126,0.32589
7.8394,6.5563,1.208,1.0285,11.245,0
7.9563,6.6591,1.2443,1.0236,11.376,0
7.9563,6.7615,0,1.0219,11.5,0.1421
8.2024,6.8637,1.1851,1.0248,11.636,0
8.3155,6.9662,1.1592,1.0178,11.767,0
8.4307,7.068,1.1252,1.013,11.895,0
8.5518,7.1692,1.0758,1.0135,12.027,0
8.6576,7.2706,1.0507,1.003,12.161,0
8.6576,7.3709,0,0.99057,12.295,0
8.6576,7.47,0,0.98518,12.418,0.017446
8.974,7.5685,1.0138,0.9793,12.575,0
8.974,7.6664,0,0.9745,12.711,0
8.974,7.7639,0,0.9722,12.837,0
9.2931,7.8611,1.1004,0.96522,13.009,0
9.2931,7.9576,0,0.96573,13.148,0
9.5189,8.0542,1.1706,0.96684,13.299,0
9.5189,8.1508,0,0.97406,13.441,0
9.7577,8.2483,1.1912,0.97636,13.594,0
9.7577,8.3459,0,0.97841,13.74,0
9.9925,8.4437,1.1608,0.98313,13.908,0
10.106,8.542,1.1552,0.98288,14.055,0
10.106,8.6403,0,0.98671,14.207,0
10.34,8.739,1.083,0.9881,14.37,0
10.457,8.8378,1.019,0.99003,14.522,0
10.568,8.9368,0.94703,0.98809,14.677,0
10.665,9.0356,0.85971,0.97805,14.833,0
10.665,9.1334,0,0.96849,14.991,0
10.833,9.2303,0.75487,0.94621,15.157,0
10.909,9.3249,0.70052,0.92865,15.326,0
10.975,9.4178,0.62772,0.90692,15.491,0
11.036,9.5085,0.57085,0.88296,15.643,0
11.095,9.5968,0.48749,0.85972,15.786,0
11.137,9.6827,0.4101,0.82948,15.943,0
11.137,9.7657,0,0.80174,16.085,0
11.226,9.8458,0.34774,0.77819,16.238,0
11.254,9.9237,0.30549,0.74591,16.381,0
11.254,9.9983,0,0.71227,16.51,0
11.311,10.069,0.32182,0.68838,16.627,0
11.35,10.138,0.32873,0.66896,16.75,0
11.374,10.205,0.34741,0.64175,16.867,0
11.374,10.269,0,0.62044,16.981,0
11.45,10.331,0.37596,0.60854,17.084,0
11.45,10.392,0,0.59524,17.192,0
11.531,10.452,0.3256,0.58277,17.311,0
11.573,10.51,0.27108,0.57188,17.412,0
11.573,10.567,0,0.552,17.515,0
11.62,10.622,0.13635,0.53229,17.605,0
11.633,10.676,0.036339,0.50911,17.695,0
11.638,10.727,-0.040948,0.4833,17.796,0
11.643,10.775,-0.10397,0.45882,17.893,0
11.631,10.821,-0.19159,0.42742,17.981,0
11.603,10.864,-0.37229,0.38893,18.058,0.51056
11.572,10.902,-0.82686,0.35097,18.13,3.2064
11.49,10.938,-1.4467,0.28897,18.185,9.6018
11.342,10.966,-2.1641,0.19635,18.24,22.747
11.342,10.986,0,0.06987,18.277,0
10.838,10.993,-3.4103,-0.026564,18.268,75.357
10.493,10.99,-3.6952,-0.085331,18.226,97.769
10.493,10.982,0,-0.14815,18.176,0.71079
9.7361,10.967,-3.8473,-0.21421,18.047,112.22
9.3461,10.946,-3.8773,-0.28128,17.909,115.43
8.9632,10.918,-3.9274,-0.34838,17.732,120.4
8.5632,10.883,-4.0829,-0.42011,17.525,135.14
8.1594,10.841,-4.3526,-0.49517,17.276,23.958
7.7295,10.791,-4.6753,-0.57842,16.989,24.371
7.2554,10.733,-5.0789,-0.67512,16.653,24.923
7.2554,10.666,0,-0.78494,16.309,6.9816
6.1875,10.587,-5.875,-0.90981,15.884,26.234
5.6019,10.496,-6.2022,-1.0524,15.425,26.849
4.9914,10.391,-6.4357,-1.2156,14.903,27.306
4.3396,10.27,-6.374,-1.4056,14.334,27.273
4.3396,10.129,0,-1.6122,13.748,11.425
4.3396,9.9678,0,-1.8351,13.177,9.4318
2.6004,9.7842,-3.8,-2.0675,12.346,22.296
2.2291,9.5775,-2.1003,-2.2858,11.614,19.116
2.0106,9.3489,-0.73407,-2.4776,10.878,19.022
2.0106,9.1012,0,-2.6336,10.157,10.462
1.9507,8.8378,0.52909,-2.7662,9.4379,7.2031
2.0063,8.5612,0.60097,-5.2,8.7742,8.2828
2.0725,8.0412,0.35287,-5.2,8.1441,6.1098
2.0982,7.5212,0.14726,-5.2,7.581,4.1512
2.0982,7.0012,0,-5.2,7.0647,2.4899
2.1234,6.4812,0.2629,-5.2,6.5921,2.6029
2.1581,5.9612,0.28462,-8.8,6.1879,0
2.1581,5.0812,0,-8.8,5.8516,0
2.2029,4.2012,0.24927,-8.8,5.5898,0
2.2341,3.3212,0.28528,-8.8,5.4373,0
2.2658,2.4412,0.26961,-8.8,5.38,0
2.2865,1.5612,0.25717,-8.8,5.4152,0
2.2865,0.68119,0,0.25795,5.5318,0
2.2865,0.70698,0,0.25451,5.691,0
2.2865,0.73243,0,0.24531,5.8477,0
2.3807,0.75697,0.2411,0.2411,6.0155,0
2.4027,0.78108,0.24539,0.24539,6.1873,0
2.4027,0.80561,0,0.24673,6.3482,0
2.4542,0.83029,0.24183,0.24183,6.5146,0
2.4863,0.85447,0.24353,0.24353,6.675,0
2.5088,0.87882,0.25456,0.25456,6.8335,0
2.5378,0.90428,0.24431,4.9,6.9868,26.09
2.5596,1.3943,0.24728,4.9,7.1338,28.859
2.5756,1.8843,0.25493,2.9977,7.2217,13.427
2.5756,2.1841,0,1.4205,7.2758,5.2036
2.622,2.3261,0.24913,0.91266,7.3127,1.3516
2.6495,2.4174,0.25551,0.67315,7.333,0.60269
2.6495,2.4847,0,0.52667,7.3529,1.227
2.6932,2.5373,0.25724,0.41898,7.3752,0.036914
2.7212,2.5792,0.25668,0.37196,7.39,0
2.7477,2.6164,0.25422,0.3365,7.4053,0
2.7803,2.6501,0.24528,0.32694,7.4122,0
2.7803,2.6828,0,0.30312,7.4236,0.59305
2.8241,2.7131,0.23772,0.26943,7.4552,0
2.8551,2.74,0.2368,0.27513,7.4685,0
2.8808,2.7676,0.23987,0.26677,7.483,0
2.9005,2.7942,0.25062,0.24643,7.4845,0
2.9212,2.8189,0.25086,0.23431,7.5032,0
2.9463,2.8423,0.25525,0.23519,7.5171,0
2.9683,2.8658,0.25407,0.22904,7.5302,0
2.9891,2.8887,0.25368,0.22138,7.532,0
3.0222,2.9109,0.24872,0.24282,7.5458,0
3.0562,2.9351,0.24998,0.2607,7.5528,0
3.0726,2.9612,0.25282,0.23653,7.5633,0
3.0726,2.9849,0,0.25448,7.5733,0.46292
3.138,3.0103,0.24916,0.26452,7.5859,0
3.1538,3.0368,0.25097,0.23922,7.5943,0
3.1763,3.0607,0.24865,0.23338,7.6011,0
3.2062,3.084,0.24781,0.24405,7.6191,0
3.2385,3.1084,0.25165,0.25675,7.6279,0
3.2546,3.1341,0.25303,0.23512,7.6462,0
3.2773,3.1576,0.25391,0.231,7.6656,0
3.2962,3.1807,0.25407,0.22065,7.6771,0
3.3304,3.2028,0.25407,0.24113,7.6861,0
3.3468,3.2269,0.25411,0.22428,7.7064,0
3.3792,3.2493,0.25518,0.24039,7.7145,0
3.4042,3.2734,0.2532,0.23941,7.7221,0
3.4387,3.2973,0.24915,0.25623,7.7406,0
3.4387,3.3229,0,0.26179,7.7534,0.41441
3.4948,3.3491,0.25966,0.25794,7.7658,0
3.5118,3.3749,0.255,0.2395,7.7753,0
3.5304,3.3989,0.25495,0.22797,7.7935,0
3.5461,3.4216,0.25521,0.21375,7.8164,0
3.5809,3.443,0.25162,0.23501,7.8365,0
3.5976,3.4665,0.24466,0.22129,7.8561,0
3.6181,3.4887,0.25072,0.21689,7.878,0
3.6181,3.5103,0,0.23425,7.8899,0.35125
3.6748,3.5338,0.26059,0.23184,7.9009,0
3.696,3.557,0.2612,0.2263,7.9112,0
3.7214,3.5796,0.2634,0.22905,7.934,0
3.7454,3.6025,0.25951,0.22878,7.9494,0
3.7629,3.6254,0.25749,0.21809,7.9604,0
3.7795,3.6472,0.258,0.20823,7.9803,0
3.7983,3.668,0.26105,0.20341,7.9942,0
3.8261,3.6883,0.25757,0.21347,8.0139,0
3.8514,3.7097,0.25638,0.21783,8.0247,0
3.8698,3.7315,0.25839,0.21104,8.0474,0
3.9002,3.7526,0.2545,0.2233,8.053,0
3.9264,3.7749,0.24882,0.22706,8.0624,0
3.9264,3.7976,0,0.23397,8.0765,0.2988
3.9798,3.821,0.28095,0.23375,8.0836,0
4.0013,3.8444,0.29648,0.22889,8.0928,0
4.037,3.8673,0.3133,0.24574,8.1166,0
4.0722,3.8918,0.33561,0.25911,8.1411,0
4.111,3.9178,0.33693,0.27515,8.1618,0
4.111,3.9453,0,0.27847,8.1797,0.33989
4.18,3.9731,0.34245,0.2895,8.2167,0
4.224,4.0021,0.37604,0.30769,8.2423,0
4.266,4.0328,0.45443,0.31983,8.26,0
4.3197,4.0648,0.60204,0.34605,8.2882,0
4.3197,4.0994,0,0.38022,8.3119,0.52444
4.4625,4.1374,1.1886,0.43112,8.3469,0
4.5795,4.1806,1.578,0.52191,8.3801,0
4.7427,4.2327,1.9559,0.65624,8.4212,0.50149
4.9475,4.2984,2.271,0.81824,8.4687,0.93062
5.1725,4.3802,2.4479,0.97604,8.5499,0.96108
5.1725,4.4778,0,1.1244,8.6242,2.2713
5.662,4.5902,2.4599,1.2442,8.7331,0.12261
5.9037,4.7147,2.3576,1.3366,8.8554,0
6.1401,4.8483,2.2263,1.4023,8.974,0
6.1401,4.9886,0,1.4389,9.0962,2.2969
6.5703,5.1324,1.894,1.457,9.2421,0
6.5703,5.2781,0,1.4439,9.3786,1.807
6.9181,5.4225,1.5108,1.4205,9.528,0
7.0736,5.5646,1.3464,1.3923,9.6812,0
7.2,5.7038,1.2346,1.343,9.8319,0
7.3239,5.8381,1.1588,1.3,9.9802,0
7.4353,5.9681,1.0553,1.2534,10.126,0
7.541,6.0935,0.90721,1.2105,10.278,0
7.6356,6.2145,0.70922,1.1645,10.424,0
7.7001,6.331,0.46978,1.1012,10.571,0
7.7443,6.4411,0.22129,1.0295,10.699,0
7.7603,6.544,0.0082162,0.94613,10.833,0
7.7541,6.6386,-0.1802,0.85475,10.943,0.47367
7.7379,6.7241,-0.32136,0.7671,11.051,1.0933
