8.3333,8.3333,1.407,0,35.5,1.0833
8.4728,8.3333,1.5564,6.7,35.504,34.91
8.637,9.0033,1.5355,6.7,35.494,38.145
8.637,9.6733,0,6.7,35.423,68.033
8.9492,10.343,1.6034,6.7,35.308,43.304
9.1046,11.013,1.6057,6.7,35.142,46.369
9.2685,11.683,1.595,-0.1513,34.934,1.8298
9.4298,11.668,1.5815,-0.14165,34.694,1.6535
9.5905,11.654,1.5658,-0.13178,34.475,1.4951
9.7502,11.641,1.571,-0.12172,34.282,1.364
9.9118,11.629,1.561,-0.11135,34.106,1.2476
9.9118,11.618,0,-0.10128,33.935,4.449
10.217,11.607,1.5523,-0.091393,33.782,1.0946
10.382,11.598,1.5423,-0.080474,33.641,1.0388
10.528,11.59,1.4996,-0.070637,33.528,0.95199
10.528,11.583,0,-0.060579,33.422,2.5109
10.818,11.577,1.4848,-0.050845,33.357,0.93093
10.818,11.572,0,-0.040096,33.281,1.7153
10.818,11.568,0,-0.02965,33.206,1.7418
11.279,11.565,1.4513,-0.019294,33.194,1.0182
11.42,11.563,1.4689,-0.0096422,33.178,1.1623
11.572,11.562,1.4742,0.0082594,33.167,1.2719
11.572,11.563,0,0.11996,33.168,0.26569
11.851,11.575,1.4782,0.22404,33.199,0.63865
11.995,11.597,1.4607,0.32268,33.224,0.31134
11.995,11.63,0,0.40753,33.262,0.23299
12.279,11.67,1.4028,0.48985,33.317,0
12.416,11.719,1.3702,0.55797,33.392,0
12.544,11.775,1.3183,0.61194,33.467,0
12.682,11.836,1.2746,0.66845,33.549,0
12.803,11.903,1.2226,0.70676,33.637,0
12.803,11.974,0,0.7495,33.723,0.15352
13.047,12.049,1.1902,0.77193,33.822,0
13.158,12.126,1.1931,0.79178,33.92,0
13.158,12.205,0,0.81073,34.02,0.029819
13.397,12.286,1.3099,0.83834,34.133,0
13.532,12.37,1.386,0.86918,34.252,0
13.677,12.457,1.4311,0.90516,34.374,0
13.822,12.548,1.5174,0.93692,34.501,0
13.822,12.641,0,0.97077,34.624,0
13.822,12.738,0,0.9962,34.737,0.37393
14.257,12.838,1.3307,1.0147,34.9,0
14.393,12.939,1.3195,1.0299,35.045,0
14.393,13.042,0,1.0334,35.185,0
14.393,13.146,0,1.0372,35.315,0.046108
14.772,13.249,1.6119,1.0483,35.497,0
14.929,13.354,1.6992,1.074,35.645,0
14.929,13.462,0,1.1115,35.797,0
14.929,13.573,0,1.1428,35.938,0.15186
15.461,13.687,1.8675,1.1769,36.169,0
15.647,13.805,1.8584,1.2098,36.351,0
15.647,13.926,0,1.2346,36.529,0
16.004,14.049,1.9762,1.2587,36.743,0
16.196,14.175,2.081,1.2887,36.951,0
16.412,14.304,2.134,1.3299,37.147,0
16.623,14.437,2.1684,1.3657,37.365,0.011159
16.832,14.574,2.1849,1.3959,37.582,0.02733
16.832,14.713,0,1.4284,37.801,0
17.26,14.856,2.1432,1.4551,38.05,0
17.26,15.002,0,1.4799,38.283,0
17.692,15.15,2.1892,1.5066,38.542,0
17.906,15.3,2.2192,1.5279,38.803,0.020251
17.906,15.453,0,1.5557,39.056,0
18.352,15.609,2.0469,1.5747,39.329,0
18.555,15.766,1.7681,1.5837,39.606,0
18.555,15.924,0,1.5725,39.877,0
18.555,16.082,0,1.5438,40.132,0
18.944,16.236,0.41095,1.492,40.445,0
18.944,16.385,0,1.4166,40.709,0
18.996,16.527,-0.091947,1.3357,40.967,0
18.996,16.66,0,1.2512,41.208,0
18.996,16.786,0,1.1695,41.435,0
18.975,16.902,-0.1927,1.0956,41.647,0
18.975,17.012,0,1.0195,41.849,0
18.928,17.114,-0.56494,0.94743,42.048,0.53698
18.868,17.209,-0.73541,0.86148,42.215,1.7119
18.868,17.295,0,0.77773,42.376,0
18.7,17.373,-1.1527,0.68266,42.523,5.4921
18.588,17.441,-1.3415,0.58792,42.647,7.7351
18.588,17.5,0,0.48273,42.759,0
18.588,17.548,0,0.38165,42.865,0
18.148,17.586,-1.4887,0.2855,42.894,10.08
18.148,17.615,0,0.19405,42.948,0
17.844,17.634,-1.4918,0.10626,42.972,10.41
17.694,17.645,-1.4865,0.024711,42.988,10.471
17.55,17.647,-1.5463,-0.0067655,42.983,11.872
17.4,17.647,-1.562,-0.017118,42.973,12.91
17.246,17.645,-1.522,-0.027755,42.948,13.138
17.095,17.642,-1.5166,-0.03811,42.899,13.86
16.941,17.638,-1.5399,-0.048682,42.844,15.046
16.79,17.633,-1.5175,-0.059023,42.765,15.499
16.638,17.627,-1.5163,-0.069439,42.679,16.29
16.492,17.621,-1.5932,-0.079493,42.579,18.345
16.492,17.613,0,-0.090998,42.466,2.5824
16.153,17.603,-1.7245,-0.10305,42.334,22.619
15.978,17.593,-1.7923,-0.11534,42.185,24.954
15.798,17.582,-1.8563,-0.12817,42.009,27.326
15.798,17.569,0,-0.14172,41.832,4.4717
15.423,17.555,-1.8815,-0.15523,41.625,30.033
15.423,17.539,0,-0.16932,41.412,5.5667
15.044,17.522,-1.9034,-0.18336,41.176,32.682
14.857,17.504,-1.8974,-0.19776,40.913,33.597
14.666,17.484,-1.9024,-0.21268,40.634,34.774
14.474,17.463,-1.9003,-0.22786,40.352,35.779
14.284,17.44,-1.8719,-0.24338,40.035,36.14
14.105,17.416,-1.8132,-0.25832,39.716,35.731
13.914,17.39,-1.7093,-0.27449,39.388,34.418
13.743,17.362,-1.5211,-0.28971,39.027,31.361
13.599,17.333,-1.2858,-0.30299,38.667,27.607
13.464,17.303,-1.0235,-0.31596,38.289,23.823
13.366,17.272,-0.76638,-0.32618,37.905,20.413
13.299,17.239,-0.5747,-0.334,37.516,18.077
13.299,17.206,0,-0.34128,37.124,11.92
13.185,17.171,-0.48559,-0.34844,36.737,17.147
13.185,17.137,0,-0.35556,36.34,12.027
13.089,17.101,-0.62835,-0.36208,35.935,18.885
13.023,17.065,-0.76028,-0.37088,35.524,20.687
13.023,17.028,0,-0.38029,35.122,12.089
12.855,16.99,-0.97297,-0.39212,34.718,24.075
12.752,16.95,-1.0789,-0.40531,34.294,25.992
12.752,16.91,0,-0.41999,33.877,12.501
12.517,16.868,-1.2116,-0.43568,33.437,28.864
12.39,16.824,-1.2478,-0.45245,33.003,29.858
12.257,16.779,-1.2329,-0.47071,32.549,29.967
12.257,16.732,0,-0.48806,32.099,13.475
12.257,16.683,0,-0.50442,31.654,13.123
12.257,16.633,0,-0.51965,31.214,12.775
11.846,16.581,-0.69606,-0.53589,30.699,22.244
11.846,16.527,0,-0.54897,30.228,13.988
11.736,16.472,-0.49144,-0.56049,29.752,19.385
11.694,16.416,-0.3726,-0.57178,29.275,17.811
11.666,16.359,-0.24041,-0.5816,28.802,16.14
11.642,16.301,-0.15932,-0.59055,28.343,15.069
11.631,16.242,-0.04243,-0.59842,27.873,13.663
11.631,16.182,0,-0.60411,27.415,12.96
11.633,16.122,0.12701,-0.61029,26.968,11.572
11.633,16.061,0,-0.61445,26.522,12.318
11.657,15.999,0.28566,-0.61861,26.086,9.7222
11.694,15.937,0.28669,-0.61847,25.663,9.3197
11.694,15.875,0,-0.62053,25.241,11.17
11.733,15.813,-0.15687,-0.62316,24.818,12.017
11.723,15.751,-0.66738,-0.62912,24.421,16.964
11.723,15.688,0,-0.6436,24.021,10.072
11.723,15.624,0,-0.67275,23.628,9.6071
11.723,15.557,0,-0.71599,23.241,9.0504
11.026,15.485,-3.3155,-0.76931,22.736,89.731
10.694,15.408,-3.7444,-0.8365,22.278,115.19
10.31,15.324,-3.8926,-0.91713,21.795,126
9.9182,15.233,-3.8369,-1.0046,21.281,123.03
9.9182,15.132,0,-1.0962,20.754,12.424
9.1381,15.023,-3.9237,-1.1981,20.161,130.24
9.1381,14.903,0,-1.3068,19.579,13.4
8.3525,14.772,-3.8519,-1.423,18.939,126.28
7.964,14.63,-3.9476,-1.5483,18.294,33.211
7.964,14.475,0,-1.6891,17.635,14.035
7.964,14.306,0,-1.8383,16.992,12.275
7.964,14.122,0,-2.0038,16.367,10.493
6.4126,13.922,-3.9069,-2.1861,15.444,29.318
6.4126,13.703,0,-2.3923,14.704,12.658
5.6108,13.464,-4.2895,-2.6215,13.907,26.927
5.1748,13.202,-4.4835,-2.8935,13.105,25.629
4.734,12.913,-4.5072,-3.2016,12.286,24.021
4.734,12.592,0,-3.5477,11.484,8.8486
3.8113,12.238,-4.8765,-8.2212,10.614,10.246
3.3313,11.415,-5.083,-8.4226,9.7847,9.5552
3.3313,10.573,0,-8.6159,9.0184,6.8665
2.2814,9.7116,-5.5789,-8.9331,8.2295,8.1838
1.7171,8.8183,-5.7208,-9.0817,7.5018,7.4952
1.1463,7.9101,-5.8104,-9.1684,6.8119,6.8097
1.1463,6.9933,0,-9.0824,6.1813,0
-0.0016567,6.085,-5.7854,-9.1328,5.5339,6.3368
-0.58876,5.1718,-5.6594,-9.0202,4.9369,5.64
-1.1596,4.2697,-5.4738,-8.8458,4.371,4.9375
-1.7106,3.3852,-5.3106,-8.8,3.837,4.0069
-2.2496,2.5052,-4.959,-8.8,3.3416,2.569
-2.2496,1.6252,0,-8.8,2.9101,0
-3.1761,0.74517,-3.4975,-8.8,2.4562,0
-3.1761,0,0,-8.8,2.1081,0
-3.7938,0,-1.7171,-8.8,1.7797,0
-3.9625,0,-0.95463,-8.8,1.4341,0
-4.0605,0,-0.26065,-8.8,1.0772,0
-4.0952,0,0.17303,-11.451,0.72134,0
-4.0952,0,0,-22.006,0.36908,0
-4.0211,0,0.53801,-115.8,0.069496,0
-4.0211,0,0,-29.707,0.24637,0
-3.896,0,0.92589,-703.51,0.010774,0
-3.81,0,1.1948,-8.8,3.1374,0
-3.7001,0,1.5387,-8.8,2.8065,0
-3.5514,0,1.7892,-8.8,2.4835,0
-3.3707,0,1.7978,-8.8,2.1735,0
-3.3707,0,0,-8.8,1.8804,0
-3.0328,0,1.3274,-8.8,1.6061,0
-2.9037,0,0.98346,-8.8,1.3515,0
-2.8095,0,0.74838,-8.8,1.102,0
-2.7446,0,0.56459,-8.8,0.86421,0
-2.6876,0,0.42182,-8.8,0.638,0
-2.6375,0,0.2917,-8.8,0.41097,0
-2.6012,0,0.1939,-16.595,0.20152,0
-2.5825,0,0.087665,-103.33,0.032245,0
-2.5825,0,0,-11.368,0.29062,0
-2.5825,0,0,-33.005,0.089217,0
-2.5825,0,0,-357.77,-0.0040052,0
-2.5968,0,-0.29144,-8.8,1.5465,0
-2.6166,0,-0.37575,-8.8,1.3291,0
-2.6587,0,-0.4028,-8.8,1.1076,0
-2.6587,0,0,-8.8,0.88573,0
-2.7373,0,-0.33151,-8.8,0.65929,0
-2.7769,0,-0.28713,-9.1334,0.43584,0
-2.806,0,-0.25332,-19.409,0.20552,0
-2.8354,0,-0.2217,-155,0.025971,0
-2.8601,0,-0.17486,-8.8,0.52214,0
-2.8756,0,-0.17266,-15.439,0.27081,0
-2.8832,0,-0.19042,-67.979,0.061314,0
-2.8832,0,0,-39.227,0.11289,0
-2.8832,0,0,-207.55,0.020706,0
-2.9458,0,-0.42471,-8.8,0.7563,0
-2.9458,0,0,-9.4776,0.50572,0
-2.9458,0,0,-20.133,0.25853,0
-3.1089,0,-0.8257,-208.95,0.023219,0
-3.1888,0,-0.88988,-8.8,0.75528,0
-3.2841,0,-0.96549,-12.36,0.47327,0
-3.2841,0,0,-28.283,0.20666,0
-3.4925,0,-1.1965,-2064,0.0029565,0
-3.4925,0,0,-1.3809,9.9737,5.1507
-3.7415,0,-1.5236,-1.5236,9.5903,8.5627
-3.7415,0,0,-1.619,9.2238,5.1608
-3.7415,0,0,-1.6526,8.8577,5.0901
-4.2139,0,-1.6714,-1.6714,8.4,9.5313
-4.384,0,-1.6498,-1.6498,7.9803,9.8799
-4.384,0,0,-1.6441,7.5502,6.4252
-4.7157,0,-1.6275,-1.6275,7.0766,10.56
-4.7157,0,0,-1.6007,6.6132,7.1964
-5.04,0,-1.6105,-1.6105,6.1334,11.225
-5.1932,0,-1.6255,-1.6255,5.629,11.539
-5.1932,0,0,-1.7693,5.1178,7.8209
-5.5269,0,-1.9223,-8.8,4.5621,0
-5.7209,0,-2.1281,-8.8,4.0517,0
-5.9423,0,-2.3211,-8.8,3.5143,0
-6.1698,0,-2.4743,-8.9398,2.9438,0
-6.1698,0,0,-11.276,2.3715,0
-6.1698,0,0,-15.247,1.8109,0
-6.1698,0,0,-23.564,1.2702,0
-7.2063,0,-2.739,-48.747,0.56436,0
-7.4762,0,-2.8556,-420.21,0.066961,0
-7.7637,0,-2.8655,-24.392,1.4001,0
-7.7637,0,0,-47.462,0.74564,0
-8.3515,0,-2.9771,-248.64,0.14196,0
-8.3515,0,0,-71.67,0.55001,0
-8.9384,0,-3.0508,-2280.4,0.017542,0
-9.2435,0,-3.1291,-3.1291,10.517,19.842
-9.5534,0,-3.1654,-3.1654,9.5927,20.477
-9.5534,0,0,-3.2131,8.6532,13.726
-10.199,0,-3.2962,-3.2962,7.6502,21.8
-10.519,0,-3.3931,-3.3931,6.6311,22.457
-10.519,0,0,-3.503,5.5961,15.097
-11.219,0,-3.6131,-17.649,4.4833,0
-11.573,0,-3.7262,-23.256,3.4288,0
-11.573,0,0,-34.01,2.3878,0
-12.333,0,-3.8772,-61.285,1.3247,0
-12.713,0,-3.8957,-214.34,0.38402,0
-12.713,0,0,-542.4,0.18437,0
-13.5,0,-3.9432,-62.914,1.5452,0
-13.903,0,-3.9205,-198.94,0.49557,0
-14.288,0,-3.9456,-1416.2,0.072276,0
-14.693,0,-4.006,-4.006,5.7066,31.013
-15.096,0,-3.9964,-30.921,4.232,0
-15.096,0,0,-46.062,2.877,0
-15.892,0,-3.9608,-86.911,1.5224,0
-15.892,0,0,-395.3,0.36772,0
-16.654,0,-3.5959,-210.5,0.67028,0
-17.014,0,-3.4331,-4369.1,0.033153,0
-17.351,0,-3.2912,7.8,20.152,59.768
-17.688,0.78,-3.2802,-3.2802,18.353,38.753
-18.015,0.45198,-3.3081,-3.3081,16.499,38.75
-18.352,0.12117,-3.3471,-3.3471,14.651,38.762
-18.678,0,-3.3144,-3.3144,12.802,39.183
-19.019,0,-3.1255,-3.1255,10.926,39.882
-19.339,0,-2.8405,-2.8405,9.0202,40.538
-19.618,0,-2.5288,-2.5288,7.0765,41.109
-19.87,0,-2.2477,-2.2477,5.1149,41.626
-20.087,0,-1.889,-66.231,3.1355,0
-20.087,0,0,-144.21,1.4579,0
-20.432,0,-1.4424,-1619,0.12904,0
-20.432,0,0,-1.2423,6.181,40.168
-20.695,0,-1.1308,-52.991,4.1291,0
-20.815,0,-1.1614,-94.92,2.3105,0
-20.935,0,-1.1137,-315.48,0.6971,0
-21.053,0,-1.0212,-1290.3,0.17189,0
-21.159,0,-0.99495,-50.492,4.5226,0
-21.159,0,0,-85.988,2.6592,0
-21.329,0,-0.65483,-237.7,0.95963,0
-21.397,0,-0.37335,-19405,0.011797,0
-21.397,0,0,7.8,94.897,61.147
-21.437,0.78,0.355,7.8,92.721,62.081
-21.437,1.56,0,7.8,90.46,64.426
-21.334,2.34,1.2012,7.8,88.117,63.289
-21.208,3.12,1.4376,7.8,85.721,64.133
-21.057,3.9,1.6707,7.8,83.26,64.934
-20.89,4.68,1.8943,7.8,80.726,65.721
-20.706,5.46,2.0339,7.8,78.14,66.65
-20.706,6.24,0,6.7,75.485,70.211
-20.706,6.91,0,6.7,72.757,71.585
-20.706,7.58,0,6.7,69.962,72.958
-19.836,8.25,2.1411,6.7,67.27,68.048
-19.618,8.92,2.1105,6.7,64.443,69.039
-19.404,9.59,2.143,6.7,61.569,69.906
-19.195,10.26,2.2201,6.7,58.657,70.688
-19.195,10.93,0,6.7,55.678,76.727
-18.734,11.6,2.281,6.7,52.679,72.363
-18.501,12.27,2.2888,4.8,49.619,69.25
-18.267,12.75,2.2651,4.8,46.522,69.804
-18.042,13.23,2.2236,4.8,43.414,70.414
-17.814,13.71,2.2255,4.8,40.278,70.926
-17.814,14.19,0,-2.2226,37.101,61.83
-17.383,13.968,2.2119,-2.4957,33.961,55.27
-17.17,13.718,2.1853,-2.8263,30.846,53.683
-17.17,13.436,0,-3.2298,27.772,56.847
-16.721,13.113,2.1108,-3.7351,24.765,49.768
-16.51,12.739,1.366,-4.3788,21.806,48.782
-16.51,12.301,0,-5.2271,18.903,48.973
-16.389,11.778,-2.0307,-6.4172,16.061,49.419
-16.389,11.137,0,-7.84,13.276,40.847
-16.959,10.353,-3.874,-7.84,10.507,48.549
-17.348,9.5687,-3.2546,-49.777,7.7865,0
-17.348,4.591,0,-48.81,5.3437,0
-17.902,0,-1.0791,-49.299,3.3231,0
-17.902,0,0,-92.101,1.7794,0
-18.034,0,-0.59159,-375.63,0.43359,0
-18.093,0,-1.0839,-318.78,0.51518,0
-18.093,0,0,-563.3,0.29983,0
-18.093,0,0,-130.83,1.3071,0
-18.093,0,0,-1700.4,0.15196,0
-18.498,0,-0.65774,-0.65774,6.7461,38.814
-18.56,0,-0.62011,-35.784,4.8982,0
-18.56,0,0,-54.588,3.2211,0
-18.695,0,-0.59896,-107.77,1.6307,0
-18.695,0,0,-580.91,0.29999,0
-18.82,0,-0.48339,-133.44,1.332,0
-18.82,0,0,-1547.2,0.11719,0
-18.82,0,0,-0.31185,5.9712,38.817
-18.943,0,-0.25907,-44.385,4.0661,0
-18.975,0,-0.21796,-75.766,2.3829,0
-19.006,0,-0.19143,-209.12,0.86443,0
-19.006,0,0,-1.3436e+05,0.0094837,0
-19.042,0,-0.25255,7.8,669.88,56.848
-19.075,0.78,-0.26469,7.8,667.94,58.542
-19.075,1.56,0,7.8,665.91,59.585
-19.075,2.34,0,7.8,663.81,61.184
-19.075,3.12,0,7.8,661.63,62.783
-19.181,3.9,-0.19438,7.8,659.35,65.006
-19.181,4.68,0,7.8,657,66.197
-19.181,5.46,0,7.8,654.58,67.796
-19.245,6.24,-0.23182,6.7,652.07,67.702
-19.269,6.91,-0.26131,6.7,649.49,69.188
-19.289,7.58,-0.1773,6.7,646.84,70.426
-19.302,8.25,-0.086569,6.7,644.11,71.636
-19.314,8.92,0.043157,6.7,641.32,72.759
-19.314,9.59,0,6.7,638.46,74.223
-19.287,10.26,0.31552,6.7,635.54,74.88
-19.287,10.93,0,6.7,632.55,76.917
-19.235,11.6,0.19136,6.7,629.49,77.78
-19.235,12.27,0,4.8,626.37,75.563
-19.21,12.75,-0.13891,4.8,623.2,76.788
-19.23,13.23,-0.20357,4.8,619.98,77.948
-19.24,13.71,-0.22772,4.8,616.71,79.005
-19.27,14.19,-0.2442,4.8,613.39,80.084
-19.303,14.67,-0.1763,4.8,610.01,80.993
-19.321,15.15,-0.17864,4.8,606.6,82.019
-19.321,15.63,0,4.8,603.12,82.628
-19.321,16.11,0,4.8,599.61,83.612
-19.395,16.59,-0.47366,4.8,596.03,85.743
-19.438,17.07,-0.5213,4.8,592.4,86.915
-19.489,17.55,-0.55595,4.8,588.73,88.077
-19.549,18.03,-0.53989,4.8,585,89.15
-19.549,18.51,0,4.8,581.22,89
-19.672,18.99,-0.65487,4.8,577.38,91.612
-19.672,19.47,0,4.8,573.49,91.22
-19.672,19.95,0,4.8,569.56,92.204
-19.899,20.43,-1.0601,4.8,565.54,95.881
-20.006,20.91,-1.2151,4.8,561.48,97.41
-20.125,21.39,-1.4991,4.8,557.37,99.234
-20.125,21.87,0,4.8,553.19,97.068
-20.125,22.35,0,4.8,548.97,98.052
-20.656,22.83,-2.3423,4.8,544.63,105.05
-20.886,23.31,-2.4976,4.8,540.24,106.83
-21.14,23.79,-2.5666,4.8,535.79,108.48
-21.397,24.27,-2.5904,4.8,531.26,110.04
-21.66,24.75,-2.5572,4.8,526.66,111.49
-21.925,25.23,-2.5729,4.8,521.99,113.05
-22.176,25.71,-2.5768,4.8,517.23,114.56
-22.176,26.19,0,4.8,512.42,110.13
-22.693,26.67,-2.6533,4.8,507.5,117.75
-22.961,27.15,-2.722,4.8,502.53,119.43
-22.961,27.63,0,4.8,497.49,114.69
-23.506,28.11,-2.7019,4.8,492.37,122.47
-23.506,28.59,0,4.8,487.18,117.77
-24.055,29.07,-2.6597,-2,481.91,111.18
-24.329,28.87,-2.6427,4.8,476.59,125.59
-24.589,29.35,-2.6382,-2,471.23,112.81
-24.856,29.15,-2.6295,-2,465.83,112.93
-25.128,28.95,-2.5871,4.8,460.42,127.27
-25.388,29.43,-2.4884,-2,454.97,114.3
-25.633,29.23,-2.399,-2,449.49,114.2
-25.87,29.03,-2.3542,4.8,444,128.47
-25.87,29.51,0,-2,438.48,110.22
-25.87,29.31,0,-2,432.96,109.81
-26.528,29.11,-2.1348,-2,427.34,115.23
-26.739,28.91,-2.0527,4.8,421.77,129.37
-26.946,29.39,-1.9312,-2,416.18,116.24
-27.138,29.19,-1.8208,-2,410.55,115.99
-27.317,28.99,-1.7579,4.8,404.93,130.1
-27.493,29.47,-1.6842,-2,399.26,117
-27.671,29.27,-1.671,-2,393.56,116.93
-27.671,29.07,0,-2,387.88,113.01
-28.003,28.87,-1.6211,4.8,382.18,130.97
-28.156,29.35,-1.6075,-2,376.47,117.96
-28.318,29.15,-1.5828,-2,370.73,117.83
-28.482,28.95,-1.5256,4.8,364.98,131.92
-28.482,29.43,0,-2,359.21,115.41
-28.778,29.23,-1.4963,-2,353.39,118.75
-28.924,29.03,-1.4782,4.8,347.6,132.89
-29.07,29.51,-1.4732,-2,341.77,119.88
-29.21,29.31,-1.4295,-2,335.92,119.66
-29.21,29.11,0,-2,330.08,116.25
-29.483,28.91,-1.3288,4.8,324.23,133.48
-29.611,29.39,-1.2833,-2,318.36,120.34
-29.74,29.19,-1.2245,-2,312.46,120.07
-29.74,28.99,0,4.8,306.58,131.38
-29.985,29.47,-1.1785,-2,300.65,121.05
-30.112,29.27,-1.1672,-2,294.7,120.88
-30.112,29.07,0,-2,288.77,118.01
-30.344,28.87,-1.1224,4.8,282.85,134.73
-30.459,29.35,-0.96478,-2,276.9,121.33
-30.561,29.15,-0.73502,-2,270.92,120.64
-30.63,28.95,-0.49165,4.8,264.97,134.15
-30.63,29.43,0,-2,258.98,119.81
-30.696,29.23,-0.011823,-2,252.97,119.56
-30.696,29.03,0,4.8,246.99,133.42
-30.689,29.51,0.18141,-2,240.98,119.72
-30.676,29.31,0.19371,-2,234.97,119.25
-30.649,29.11,0.46191,-2,228.98,118.22
