0,0,0.33481,0,35.5,0
0.026147,0,0.23778,7.8,35.492,69.291
0.043904,0.78,0.22451,7.8,35.459,74.841
0.063186,1.56,0.21481,7.8,35.354,80.357
0.089706,2.34,0.25506,7.8,35.162,84.829
0.12296,3.12,0.33178,7.8,34.905,88.507
0.16429,3.9,0.38692,7.8,34.568,92.576
0.16429,4.68,0,7.8,34.156,106.57
0.16429,5.46,0,7.8,33.665,112.25
0.16429,6.24,0,6.7,33.096,103.84
0.16429,6.91,0,6.7,32.455,108.7
0.16429,7.58,0,6.7,31.747,113.58
0.38039,8.25,0.31498,-0.41177,31.028,28.334
0.41026,8.2088,0.32601,-0.42349,30.239,27.698
0.4455,8.1665,0.29544,-0.43544,29.454,27.528
0.4455,8.1229,0,-0.44854,28.684,30.926
0.4869,8.0781,0.22502,-0.46183,27.931,27.419
0.4869,8.0319,0,-0.47628,27.174,29.882
0.53057,7.9843,0.27455,-0.49104,26.413,25.803
0.56727,7.9352,0.31179,-0.5051,25.68,24.782
0.59777,7.8847,0.28464,-0.52034,24.948,24.522
0.59777,7.8326,0,-0.53639,24.222,27.521
0.59777,7.779,0,-0.55461,23.501,27.043
0.63658,7.7235,-0.018337,-0.5745,22.792,26.553
0.6441,7.6661,-0.052196,-0.59465,22.088,26.422
0.64313,7.6066,-0.039015,-0.61662,21.389,25.72
0.64355,7.5449,-0.02694,-0.63966,20.695,25.01
0.64355,7.481,0,-0.66419,20.008,24.105
0.62557,7.4146,-0.031707,-0.69067,19.337,23.975
0.61942,7.3455,-0.08879,-0.71815,18.665,24.062
0.6043,7.2737,-0.18021,-0.74792,18.001,24.592
0.59137,7.1989,-0.20178,-0.77907,17.345,24.22
0.56318,7.121,-0.15048,-0.81464,16.686,22.988
0.56318,7.0395,0,-0.85144,16.034,20.502
0.53954,6.9544,-0.098569,-0.88898,15.375,20.943
0.53954,6.8655,0,-0.92862,14.738,19.066
0.53954,6.7726,0,-0.97175,14.11,18.235
0.49666,6.6754,-0.36647,-1.0178,13.48,18.411
0.46525,6.5736,-0.28711,-1.0698,12.859,17.692
0.46525,6.4667,0,-1.1244,12.253,15.868
0.46525,6.3542,0,-1.1806,11.659,14.902
0.39511,6.2362,-0.015468,-1.238,11.067,14.386
0.38478,6.1124,-0.015826,-1.2998,10.479,13.416
0.38138,5.9824,-0.14392,-1.3589,9.9226,13.507
0.38138,5.8465,0,-1.4279,9.3693,11.262
0.38138,5.7037,0,-1.5002,8.8299,10.215
0.35766,5.5537,0.19085,-1.5647,8.2912,8.1988
0.38139,5.3972,0.29459,-1.6282,7.7755,6.8078
0.40951,5.2344,0.30397,-8.8,7.284,0
0.43796,4.3544,0.21754,-8.8,6.8505,0
0.46712,3.4744,0.12633,-8.8,6.5029,0
0.48276,2.5944,0.10366,-8.8,6.2382,0
0.49526,1.7144,0.12016,-0.17296,6.0616,2.0898
0.51234,1.6971,0.12274,-0.17218,5.9344,1.9914
0.52687,1.6799,0.11097,-8.8,5.825,0
0.52687,0.79988,0,0.04779,5.7537,0.7395
0.53645,0.80466,-0.0032217,-0.0032217,5.7306,0.5918
0.53645,0.80434,0,-0.0013185,5.7038,0.58739
0.54599,0.8042,0.049564,0.049564,5.684,0.56756
0.55551,0.80916,0.080007,0.080007,5.6653,0.55648
0.56898,0.81716,0.10023,0.10023,5.6479,0.54348
0.58547,0.82718,0.077335,0.077335,5.6323,0.52871
0.59854,0.83492,0.052585,0.052585,5.6163,0.51663
0.5967,0.84018,0.033903,0.033903,5.5988,0.53334
0.59614,0.84357,0.051172,0.051172,5.5698,0.54232
0.59805,0.84868,0.086979,0.086979,5.5353,0.54934
0.61144,0.85738,0.11307,0.11307,5.515,0.53812
0.61144,0.86869,0,0.12754,5.4899,0.94838
0.63485,0.88144,0.12506,-0.020172,5.4753,0.20185
0.6379,0.87942,0.090527,0.090527,5.4506,0.52812
0.6546,0.88848,0.048713,-8.8,5.4318,0
0.65371,0.0084776,0.03595,0.03595,5.4503,0
0.65371,0.012073,0,0.040521,5.5147,0
0.66906,0.016125,0.066319,0.066319,5.5657,0
0.67655,0.022756,0.088968,0.088968,5.6389,0
0.68325,0.031653,0.097954,0.097954,5.714,0
0.68325,0.041449,0,0.088518,5.7786,0
0.69279,0.0503,0.076113,0.076113,5.8405,0
0.69089,0.057912,0.048627,0.048627,5.895,0
0.70442,0.062774,0.04446,0.04446,5.9636,0
0.70442,0.06722,0,0.055937,6.0275,0
0.70999,0.072814,0.081909,0.081909,6.0889,0
0.70999,0.081005,0,0.082741,6.1522,0
0.70999,0.089279,0,0.075667,6.2147,0
0.73418,0.096846,0.073036,0.073036,6.2645,0
0.74358,0.10415,0.072194,0.072194,6.3248,0
0.75015,0.11137,0.068957,0.068957,6.3884,0
0.75015,0.11826,0,0.067828,6.452,0
0.75015,0.12505,0,0.064319,6.5148,0
0.76579,0.13148,0.045273,0.045273,6.5666,0
0.76405,0.13601,0.050876,0.050876,6.6228,0
0.76405,0.14109,0,0.058877,6.6853,0
0.7878,0.14698,0.039012,0.039012,6.7597,0
0.80019,0.15088,0.028496,0.028496,6.8267,0
0.80019,0.15373,0,0.022226,6.8915,0
0.80019,0.15596,0,0.02747,6.956,0
0.80019,0.1587,0,0.0043645,7.0203,0
0.79122,0.15914,0.00072011,0.00072011,7.0883,0
0.79619,0.15921,0.01026,0.01026,7.1536,0
0.79854,0.16024,0.026118,0.026118,7.2181,0
0.80493,0.16285,-0.001609,-0.001609,7.2721,0
0.80386,0.16269,-0.01055,-0.01055,7.3357,0
0.8079,0.16163,0.0048449,0.0048449,7.3911,0
0.80326,0.16212,0.007967,0.007967,7.4643,0
0.8006,0.16291,0.00054556,0.00054556,7.5248,0
0.8006,0.16297,0,-0.014993,7.5886,0
0.78966,0.16147,-0.032935,-0.032935,7.6507,0
0.79106,0.15818,-0.059838,-0.059838,7.7084,0
0.79446,0.15219,-0.093885,-0.093885,7.7745,0
0.79446,0.1428,0,-0.14592,7.8392,0
0.78071,0.12821,-0.17897,-0.17897,7.892,0
0.76689,0.11031,-0.19996,-0.19996,7.9642,0
0.75643,0.090318,-0.20294,-0.20294,8.0306,0
0.75643,0.070024,0,-0.1978,8.0983,0
0.70237,0.050244,-0.21837,-0.21837,8.1561,0
0.67602,0.028407,-0.24193,-0.24193,8.2189,0
0.67602,0.0042144,0,-0.27662,8.2848,0
0.62746,0,-0.32305,-0.32305,8.3386,0
0.62746,0,0,-0.34983,8.4029,0
0.55119,0,-0.34552,-0.34552,8.4621,0
0.521,0,-0.35301,-0.35301,8.511,0
0.48477,0,-0.36846,-0.36846,8.568,0
0.44695,0,-0.39257,-0.39257,8.6082,0
0.40705,0,-0.42024,-0.42024,8.6621,0
0.37275,0,-0.40297,-0.40297,8.6981,0
0.33874,0,-0.36332,-0.36332,8.7389,0
0.33874,0,0,-0.29987,8.7746,0
0.33874,0,0,-0.21056,8.81,0
0.24869,0,-0.14665,-0.14665,8.8131,0
0.22542,0,-0.12517,-0.12517,8.8423,0
0.2156,0,-0.17069,-0.17069,8.8682,0
0.20688,0,-0.23929,-0.23929,8.8831,0
0.18255,0,-0.26695,-0.26695,8.8986,0
0.18255,0,0,-0.36657,8.9182,0
0.11112,0,-0.4776,-0.4776,8.9439,0
0.05869,0,-0.45611,-0.45611,8.9583,0
0.05869,0,0,-0.41749,8.9664,0
0.05869,0,0,-0.43718,8.9744,0
0.05869,0,0,-0.29809,8.9824,0
-0.10237,0,-0.16464,-0.16464,8.9558,0.21194
-0.10237,0,0,-0.17542,8.9464,0
-0.10237,0,0,-0.24377,8.9371,0
-0.1409,0,-0.3486,-0.3486,8.9188,0.29093
-0.17584,0,-0.50332,-0.50332,8.8994,0.36255
-0.21769,0,-0.52797,-0.52797,8.8797,0.44835
-0.279,0,-0.41574,-0.41574,8.8634,0.57403
-0.31159,0,-0.29751,-0.29751,8.8324,0.64084
-0.31159,0,0,-0.2194,8.8028,0.17982
-0.35351,0,-0.1931,-0.1931,8.7614,0.72676
-0.37099,0,-0.28325,-0.28325,8.732,0.7626
-0.40739,0,-0.43553,-0.43553,8.6917,0.83722
-0.44931,0,-0.52248,-0.52248,8.6583,0.92317
-0.50946,0,-0.49506,-0.49506,8.6186,1.0465
-0.56664,0,-0.41763,-0.41763,8.5583,1.1637
-0.56664,0,0,-0.33645,8.5037,0.45672
-0.56664,0,0,-0.28436,8.4487,0.56617
-0.69734,0,-0.25834,-0.25834,8.3799,1.4316
-0.71537,0,-0.26766,-0.26766,8.3176,1.4686
-0.73987,0,-0.26668,-0.26668,8.2557,1.5188
-0.76324,0,-0.21786,-0.21786,8.1875,1.5667
-0.77561,0,-0.13422,-0.13422,8.1109,1.5921
-0.78614,0,-0.059016,-0.059016,8.0428,1.6137
-0.78614,0,0,0.0080757,7.9645,1.6306
-0.79517,0.00080757,0.046837,0.046837,7.8881,1.6338
-0.79517,0.0054913,0,0.043784,7.8083,1.7354
-0.79517,0.0098697,0,0.037356,7.728,1.7309
-0.79517,0.013605,0,0.060357,7.6473,1.7869
-0.77338,0.019641,0.030356,0.030356,7.5597,1.6278
-0.77701,0.022677,-0.0081864,-0.0081864,7.4903,1.6414
-0.77165,0.021858,-0.020654,-0.020654,7.4112,1.6288
-0.77165,0.019793,0,-0.039544,7.332,1.5414
-0.77165,0.015838,0,-0.092397,7.253,1.4223
-0.77165,0.0065985,0,-0.10231,7.1747,1.3825
-0.80438,0,-0.094694,-0.094694,7.0926,1.6511
-0.81266,0,-0.10825,-0.10825,7.0049,1.668
-0.81524,0,-0.13458,-0.13458,6.932,1.6733
-0.81524,0,0,-0.12381,6.8512,1.4132
-0.8411,0,-0.12411,-0.12411,6.7707,1.7263
-0.8411,0,0,-0.15275,6.6872,1.4054
-0.8411,0,0,-0.17912,6.6038,1.35
-0.8411,0,0,-0.18179,6.5206,1.3443
-0.92321,0,-0.2086,-0.2086,6.4484,1.8947
-0.9431,0,-0.24354,-0.24354,6.3503,1.9354
-0.96253,0,-0.27133,-0.27133,6.2614,1.9753
-0.99911,0,-0.27112,-0.27112,6.1704,2.0503
-1.0284,0,-0.27676,-0.27676,6.0771,2.1103
-1.0284,0,0,-0.26407,5.9756,1.5554
-1.0756,0,-0.21194,-0.21194,5.8631,2.2072
-1.1068,0,-0.1539,-0.1539,5.7485,2.271
-1.1068,0,0,-0.14103,5.6386,1.9747
-1.1245,0,-0.14197,-0.14197,5.517,2.3074
-1.13,0,-0.13941,-0.13941,5.409,2.3185
-1.1514,0,-0.13439,-0.13439,5.3044,2.3623
-1.168,0,-0.1125,-0.1125,5.184,2.3966
-1.168,0,0,-0.081333,5.0677,2.2257
-1.1867,0,-0.064666,-8.8,4.9481,0
-1.1958,0,-0.074629,-8.8,4.8666,0
-1.1958,0,0,-8.8,4.791,0
-1.2289,0,-0.088773,-8.8,4.7059,0
-1.2289,0,0,-8.8,4.627,0
-1.2536,0,-0.055971,-8.8,4.5455,0
-1.2653,0,-0.030699,-8.8,4.462,0
-1.2755,0,0.0058089,-8.8,4.3751,0
-1.2695,0,0.0049137,-8.8,4.2987,0
-1.2644,0,-0.02853,-8.8,4.2215,0
-1.2644,0,0,-8.8,4.1391,0
-1.261,0,0.060266,-8.8,4.0532,0
-1.2612,0,0.10105,-8.8,3.9682,0
-1.2612,0,0,-8.8,3.8861,0
-1.2415,0,0.21403,-8.8,3.8152,0
-1.2415,0,0,-8.8,3.7351,0
-1.2114,0,0.25875,-8.8,3.6577,0
-1.1827,0,0.25531,-8.8,3.5918,0
-1.158,0,0.26342,-8.8,3.5099,0
-1.133,0,0.23848,-8.8,3.4302,0
-1.1017,0,0.21172,-8.8,3.3666,0
-1.1017,0,0,-8.8,3.3005,0
-1.0578,0,0.1529,-8.8,3.2455,0
-1.0578,0,0,-8.8,3.1837,0
-1.0375,0,0.07662,-8.8,3.1213,0
-1.034,0,0.038792,-8.8,3.0523,0
-1.0224,0,0.022443,-8.8,3.0024,0
-1.0146,0,0.034154,-8.8,2.9543,0
-1.0044,0,0.04646,-8.8,2.8911,0
-1.0044,0,0,-8.8,2.8346,0
-1.0044,0,0,-8.8,2.7782,0
-0.95743,0,0.27529,-8.8,2.7182,0
-0.92167,0,0.34993,-8.8,2.6741,0
-0.92167,0,0,-8.8,2.626,0
-0.92167,0,0,-8.8,2.5778,0
-0.92167,0,0,-8.8,2.5296,0
-0.78233,0,0.21702,-8.8,2.5242,0
-0.75703,0,0.14754,-8.8,2.4983,0
-0.74244,0,0.15151,-8.8,2.458,0
-0.72631,0,0.1413,-8.8,2.4191,0
-0.71118,0,0.066534,-8.8,2.4,0
-0.69856,0,-0.0094467,-8.8,2.3633,0
-0.69856,0,0,-8.8,2.3374,0
-0.69763,0,-0.23274,-8.8,2.3186,0
-0.72798,0,-0.30091,-8.8,2.2923,0
-0.76573,0,-0.30426,-8.8,2.2582,0
-0.78976,0,-0.35087,-8.8,2.2155,0
-0.81684,0,-0.44668,-8.8,2.1873,0
-0.81684,0,0,-8.8,2.1496,0
-0.91924,0,-0.7593,-8.8,2.0862,0
-0.91924,0,0,-8.8,2.0383,0
-1.0992,0,-1.2027,-8.8,1.9725,0
-1.2104,0,-1.447,-8.8,1.8909,0
-1.3516,0,-1.6147,-8.8,1.8164,0
-1.3516,0,0,-8.8,1.7253,0
-1.6814,0,-1.7278,-8.8,1.6082,0
-1.6814,0,0,-8.8,1.4841,0
-2,0,-1.1333,-8.8,1.3274,0
-2.1218,0,-0.78111,-8.8,1.1638,0
-2.2084,0,-0.52249,-8.8,0.99671,0
-2.2084,0,0,-8.8,0.81987,0
-2.2954,0,-0.44199,-8.8,0.63665,0
-2.2954,0,0,-8.8,0.45112,0
-2.2954,0,0,-11.926,0.26558,0
-2.4444,0,-0.3204,-47.443,0.0634,0
-2.4815,0,-0.12444,-64.061,0.048157,0
-2.5005,0,0.17067,-27.703,0.11216,0
-2.4743,0,0.38332,9.8,1,24.861
-2.4377,0.98,0.48859,-8.8,0.70452,0
-2.3854,0.1,0.52392,-8.8,0.40222,0
-2.3386,0,0.558,-13.109,0.20007,0
-2.3386,0,0,-86.84,0.031764,0
-2.2427,0,0.53391,-9.9221,0.24052,0
-2.1859,0,0.51572,-37.754,0.062427,0
-2.1396,0,0.43815,-56.247,0.04038,0
-2.0899,0,0.24641,-18.418,0.117,0
-2.0554,0,0.039562,9.8,1,24.725
-2.0554,0.98,0,-8.8,0.74546,0
-2.0555,0.1,-0.19482,-8.8,0.49878,0
-2.0778,0,-0.20125,-8.8,0.31842,0
-2.089,0,-0.09421,-14.67,0.1497,0
-2.1016,0,0.0259,-111.53,0.019796,0
-2.1027,0,0.11342,-8.8,0.36911,0
-2.0843,0,0.13036,-10.919,0.19659,0
-2.0742,0,0.12456,-50.471,0.042518,0
-2.0742,0,0,-21.977,0.087451,0
-2.0475,0,0.13892,-718.57,0.0029167,0
-2.0475,0,0,-8.8,3.391,0
-2.0475,0,0,-8.8,3.2302,0
-2.0475,0,0,-8.8,3.0695,0
-2.0475,0,0,-8.8,2.9087,0
-2.0475,0,0,-8.8,2.748,0
-2.0475,0,0,-8.8,2.5872,0
-1.9373,0,0.010403,-8.8,2.4827,0
-1.9297,0,-0.068734,-8.8,2.3347,0
-1.9297,0,0,-8.8,2.1857,0
-1.9503,0,-0.1884,-8.8,2.0402,0
-1.9726,0,-0.21132,-8.8,1.8887,0
-1.9726,0,0,-8.8,1.7355,0
-2.0074,0,-0.14139,-8.8,1.5784,0
-2.0312,0,-0.080908,-8.8,1.4225,0
-2.0312,0,0,-8.8,1.2634,0
-2.0303,0,-0.094412,-8.8,1.0955,0
-2.0452,0,-0.15247,-8.8,0.92993,0
-2.0452,0,0,-8.8,0.7694,0
-2.0856,0,-0.18093,-8.8,0.59793,0
-2.095,0,-0.15991,-8.8,0.42701,0
-2.1054,0,-0.11303,-8.8,0.25783,0
-2.1215,0,-0.086374,-25.71,0.087827,0
-2.1362,0,-0.11161,-262.09,0.0087091,0
-2.1362,0,0,-8.8,1.1055,0
-2.1717,0,-0.24631,-8.8,0.94094,0
-2.1717,0,0,-8.8,0.76777,0
-2.2387,0,-0.28711,-8.8,0.59734,0
-2.2387,0,0,-8.8,0.41747,0
-2.2892,0,-0.17184,-11.423,0.23289,0
-2.2892,0,0,-43.635,0.061082,0
-2.3262,0,-0.15499,-53.028,0.05117,0
-2.3499,0,-0.19893,-34.394,0.080743,0
-2.3698,0,-0.24089,-234.26,0.011999,0
-2.395,0,-0.25415,-8.8,0.94729,0
-2.4194,0,-0.33977,-8.8,0.75067,0
-2.4194,0,0,-8.8,0.55273,0
-2.5212,0,-1.7615,-10.796,0.3518,0
-2.704,0,-2.6589,-26.915,0.15072,0
-2.9706,0,-3.5913,-952.13,0.0046517,0
-3.3381,0,-4.5,-8.8,4.4518,0
-3.78,0,-5.081,-8.8,4.1379,0
-3.78,0,0,-8.8,3.8039,0
-3.78,0,0,-8.8,3.4699,0
-5.318,0,-5.1617,-10.046,2.8952,0.64131
-5.318,0,0,-12.25,2.4137,0
-6.3556,0,-4.6284,-15.583,1.8436,0
-6.3556,0,0,-22.49,1.286,0
-7.2235,0,-4.0425,-42.485,0.67865,0
-7.6321,0,-4.0603,-203.48,0.14605,0
-8.0301,0,-3.6967,-86.617,0.38882,0
-8.0301,0,0,9.8,1.0241,37.056
-8.6903,0.98,-2.2624,-487.33,0.096394,0
-8.9209,0,-2.0411,-27.646,1.5541,0
-9.1254,0,-2.0239,-55.302,0.7815,0
-9.3316,0,-2.5296,-327.14,0.13413,0
-9.5875,0,-3.7265,-60.139,0.81471,0
-9.5875,0,0,-346.1,0.15666,0
-10.419,0,-4.7786,-67.952,0.85917,0
-10.906,0,-4.2983,-484.48,0.12384,0
-11.334,0,-3.5161,-48.429,1.4301,0
-11.679,0,-2.6017,-133.14,0.52243,0
-11.935,0,-1.8515,-17189,0.004144,0
-12.122,0,-1.3577,7.8,84.751,44.095
-12.252,0.78,-1.0235,7.8,83.501,45.259
-12.358,1.56,-0.7994,7.8,82.163,46.603
-12.358,2.34,0,7.8,80.732,46.522
-12.358,3.12,0,7.8,79.223,48.121
-12.551,3.9,-0.46752,7.8,77.615,51.1
-12.591,4.68,-0.46427,7.8,75.937,52.772
-12.591,5.46,0,7.8,74.171,53.396
-12.693,6.24,-0.47488,6.7,72.325,53.89
-12.693,6.91,0,6.7,70.398,54.266
-12.693,7.58,0,6.7,68.404,55.639
-12.693,8.25,0,6.7,66.344,57.013
-12.847,8.92,-0.24782,6.7,64.184,59.223
-12.847,9.59,0,6.7,61.974,60.076
-12.847,10.26,0,6.7,59.697,61.45
-12.847,10.93,0,6.7,57.352,62.823
-12.92,11.6,-0.18311,6.7,54.913,64.731
-12.936,12.27,-0.25372,4.8,52.424,62.294
-12.965,12.75,-0.42542,4.8,49.888,63.697
-13.009,13.23,-0.51622,4.8,47.287,64.963
-13.009,13.71,0,4.8,44.639,64.862
-13.115,14.19,-0.46234,4.8,41.923,67.036
-13.163,14.67,-0.38495,-1.846,39.173,53.99
-13.206,14.485,-0.30076,-2.0448,36.401,53.106
-13.206,14.281,0,-2.2797,33.642,51.561
-13.27,14.053,-0.35454,-2.5577,30.907,51.385
-13.3,13.797,-0.38638,-2.8939,28.193,50.281
-13.3,13.508,0,-3.3098,25.498,48.002
-13.379,13.177,-0.27473,-3.8242,22.824,46.984
-13.379,12.794,0,-4.476,20.188,44.253
-13.379,12.347,0,-5.3152,17.593,41.572
-13.419,11.815,0.10866,-6.4338,15.032,37.984
-13.41,11.172,0.10055,-7.84,12.535,33.709
-13.401,10.388,0.024174,-27.96,10.111,0
-13.391,7.5919,-0.028301,-28.027,7.8626,0
-13.392,4.7893,-0.12975,-28.089,5.9113,0
-13.392,1.9804,0,-28.221,4.2336,0
-13.392,0,0,-32.038,2.8375,0
-13.446,0,-0.24923,-55.099,1.6482,0
-13.481,0,-0.26994,-158.1,0.5757,0
-13.515,0,-0.26778,-3496,0.026125,0
-13.515,0,0,-0.23557,16.155,27.213
-13.56,0,-0.2026,-0.2026,14.799,27.799
-13.577,0,-0.19615,-0.19615,13.444,27.835
-13.577,0,0,-0.20209,12.087,27.411
-13.623,0,-0.22022,-0.22022,10.721,27.929
-13.623,0,0,-0.20941,9.3596,27.489
-13.623,0,0,-0.19572,7.9984,27.518
-13.68,0,-0.20589,-0.20589,6.6242,28.047
-13.68,0,0,-0.23314,5.2572,27.557
-13.68,0,0,-24.479,3.8903,0
-13.68,0,0,-36.287,2.6447,0
-13.68,0,0,-66.605,1.4581,0
-13.855,0,-0.3965,-245.15,0.39218,0
-13.9,0,-0.31901,-415.97,0.23243,0
-13.9,0,0,-106.52,0.92225,0
-13.954,0,-0.16467,-1722.2,0.056539,0
-13.98,0,-0.13247,-0.13247,7.2781,28.661
-13.98,0,0,-0.1467,5.8807,28.353
-14.018,0,-0.18866,-22.099,4.4845,0
-14.039,0,-0.21596,-31.011,3.2001,0
-14.039,0,0,-50.729,1.9513,0
-14.08,0,-0.20613,-124.71,0.79613,0
-14.092,0,-0.19905,-19713,0.0050366,0
-14.103,0,-0.19015,7.8,97.157,45.703
-14.103,0.78,0,7.8,95.708,46.902
-14.136,1.56,-0.1534,7.8,94.184,48.891
-14.151,2.34,-0.13189,7.8,92.571,50.476
-14.158,3.12,-0.062247,7.8,90.877,51.943
-14.172,3.9,-0.012491,7.8,89.114,53.466
-14.167,4.68,0.0058669,7.8,87.268,55.017
-14.167,5.46,0,7.8,85.344,56.628
-14.167,6.24,0.070764,6.7,83.355,55.766
-14.167,6.91,0,6.7,81.281,57.288
-14.143,7.58,0.1057,6.7,79.133,58.39
-14.136,8.25,0.16548,6.7,76.933,59.625
-14.121,8.92,0.22553,6.7,74.663,60.841
-14.097,9.59,0.23831,6.7,72.322,62.138
-14.069,10.26,0.2646,6.7,69.912,63.399
-14.033,10.93,0.27261,6.7,67.445,64.682
-14.033,11.6,0,6.7,64.915,66.628
-13.984,12.27,0.30014,4.8,62.329,63.277
-13.949,12.75,0.35324,4.8,59.686,64.08
-13.913,13.23,0.33024,4.8,56.984,65.036
-13.878,13.71,0.377,4.8,54.241,65.852
-13.838,14.19,0.46886,4.8,51.465,66.561
-13.783,14.67,0.51271,4.8,48.631,67.339
-13.728,15.15,0.61667,4.8,45.769,67.993
-13.666,15.63,0.77613,4.8,42.86,68.514
-13.584,16.11,0.84893,-2.1126,39.914,54.652
-13.584,15.899,0,-2.341,36.955,55.523
-13.584,15.665,0,-2.6089,34.018,54.48
-13.313,15.404,0.83112,-2.9288,31.159,50.97
-13.313,15.111,0,-3.3186,28.302,51.297
-13.154,14.779,0.77869,-3.7964,25.482,47.652
-13.154,14.399,0,-4.3909,22.708,47.26
-12.993,13.96,0.78379,-5.1391,19.996,42.812
-12.906,13.446,0.76882,-6.1153,17.321,39.56
-12.906,12.835,0,-7.4041,14.716,37.214
-12.906,12.094,0,-7.84,12.179,34.78
-12.674,11.31,0.7035,-28.751,9.7649,0
-12.613,8.4353,0.67932,-28.768,7.5222,0
-12.545,5.5585,0.68671,-28.789,5.5596,0
-12.47,2.6796,0.64767,-28.773,3.9003,0
-12.408,0,0.62411,-29.785,2.5313,0
-12.352,0,0.62661,-52.583,1.4338,0
-12.352,0,0,-163.83,0.46146,0
-12.238,0,0.71377,-1422,0.05264,0
-12.16,0,0.67509,0.67509,5.9469,24.931
