26.111,26.111,0.3371,0,35.5,0
26.111,26.111,0,0.0089475,35.5,0.019002
26.197,26.112,0.33538,0.01896,35.512,0
26.232,26.114,0.35577,0.026177,35.522,0
26.271,26.117,0.37065,0.034404,35.545,0
26.271,26.12,0,0.041461,35.56,0
26.335,26.124,0.37155,0.046836,35.598,0
26.335,26.129,0,0.052246,35.618,0
26.335,26.134,0,0.059161,35.639,0
26.435,26.14,0.24428,0.065703,35.673,0
26.456,26.147,0.11524,0.068786,35.696,0
26.46,26.153,-0.024857,0.068144,35.735,0
26.458,26.16,-0.17191,0.066257,35.762,0
26.432,26.167,-0.28379,0.058977,35.791,0.29968
26.432,26.173,0,0.051143,35.817,0
26.374,26.178,-0.37278,0.043769,35.841,0.75186
26.332,26.182,-0.40347,0.033293,35.867,0.97211
26.332,26.186,0,0.025623,35.881,0
26.253,26.188,-0.43919,0.014469,35.872,1.3057
26.202,26.19,-0.47516,0.0028745,35.885,1.5869
26.158,26.19,-0.48058,-0.0045188,35.887,1.7242
26.114,26.189,-0.46417,-0.010827,35.889,1.7592
26.066,26.188,-0.47758,-0.017529,35.869,1.9488
26.012,26.187,-0.49407,-0.025041,35.863,2.1744
25.956,26.184,-0.49222,-0.032695,35.851,2.3098
25.897,26.181,-0.5032,-0.040711,35.818,2.5221
25.837,26.177,-0.53358,-0.048856,35.787,2.8524
25.783,26.172,-0.52049,-0.055993,35.748,2.9161
25.727,26.166,-0.50156,-0.06346,35.705,2.9519
25.672,26.16,-0.4754,-0.07059,35.653,2.9386
25.631,26.153,-0.48762,-0.075707,35.601,3.1054
25.631,26.145,0,-0.080426,35.549,0.95661
25.631,26.137,0,-0.087772,35.498,0.9158
25.631,26.128,0,-0.095408,35.448,0.87298
25.42,26.119,-0.48444,-0.10221,35.379,3.5926
25.362,26.109,-0.47474,-0.10951,35.314,3.6722
25.362,26.098,0,-0.11588,35.24,1.4061
25.271,26.086,-0.48621,-0.12024,35.172,3.9414
25.229,26.074,-0.50656,-0.12509,35.088,4.1583
25.186,26.062,-0.53031,-0.13002,35.005,4.404
25.131,26.049,-0.52168,-0.13673,34.921,4.4721
25.083,26.035,-0.49618,-0.14236,34.835,4.4049
25.033,26.021,-0.48033,-0.14827,34.746,4.4065
24.985,26.006,-0.49601,-0.15389,34.653,4.6081
24.927,25.99,-0.49096,-0.16094,34.55,4.699
24.88,25.974,-0.459,-0.16633,34.447,4.5767
24.88,25.958,0,-0.17092,34.338,2.1455
24.79,25.941,-0.30122,-0.17647,34.233,3.7712
24.769,25.923,-0.18335,-0.17788,34.114,3.1525
24.745,25.905,-0.10316,-0.17973,33.996,2.7853
24.745,25.887,0,-0.17926,33.881,2.2991
24.737,25.869,-0.016253,-0.17693,33.778,2.342
24.726,25.852,0.0045335,-0.1768,33.664,2.2426
24.732,25.834,0.015513,-0.17391,33.545,2.1433
24.732,25.817,0,-0.17046,33.435,2.1658
24.741,25.799,0.077778,-0.16858,33.339,1.8219
24.749,25.783,0.091751,-0.1653,33.228,1.7191
24.749,25.766,0,-0.16251,33.125,2.0041
24.749,25.75,0,-0.1603,33.024,1.9668
24.749,25.734,0,-0.15694,32.925,1.9344
24.777,25.718,0.063043,-0.15332,32.82,1.6137
24.777,25.703,0,-0.15207,32.726,1.7919
24.787,25.688,0.059223,-0.14788,32.635,1.5384
24.798,25.673,0.05904,-0.14407,32.551,1.4834
24.798,25.658,0,-0.13964,32.464,1.6559
24.818,25.644,0.059115,-0.13712,32.387,1.3828
24.818,25.631,0,-0.13418,32.305,1.5481
24.829,25.617,0.067023,-0.13164,32.232,1.2794
24.842,25.604,0.05723,-0.12777,32.16,1.2571
24.842,25.591,0.036609,-0.12596,32.091,1.2928
24.847,25.579,0.031166,-0.12329,32.026,1.2726
24.847,25.566,0,-0.12001,31.954,1.3498
24.847,25.554,0,-0.1171,31.882,1.3281
24.868,25.543,-0.082959,-0.11481,31.812,1.5318
24.864,25.531,-0.14184,-0.11394,31.741,1.7347
24.864,25.52,0,-0.11422,31.674,1.2069
24.835,25.508,-0.26509,-0.11573,31.61,2.2703
24.835,25.497,0,-0.11757,31.543,1.2126
24.835,25.485,0,-0.12099,31.477,1.1726
24.747,25.473,-0.38123,-0.12571,31.415,2.9743
24.702,25.46,-0.40235,-0.13173,31.348,3.1731
24.702,25.447,0,-0.13626,31.273,1.3649
24.702,25.434,0,-0.14047,31.199,1.3168
24.577,25.42,-0.50644,-0.14799,31.111,4.0153
24.577,25.405,0,-0.15661,31.027,1.5142
24.478,25.389,-0.47102,-0.16136,30.924,3.976
24.44,25.373,-0.46353,-0.16601,30.824,3.986
24.44,25.356,0,-0.17168,30.731,1.6974
24.36,25.339,-0.45201,-0.17591,30.625,4.0346
24.321,25.322,-0.45949,-0.18058,30.528,4.1362
24.281,25.304,-0.47441,-0.18534,30.435,4.2872
24.24,25.285,-0.49463,-0.1902,30.335,4.4748
24.199,25.266,-0.49035,-0.19519,30.232,4.5042
24.199,25.246,0,-0.20277,30.127,1.9457
24.106,25.226,-0.47214,-0.20706,30.011,4.5229
24.058,25.206,-0.48743,-0.2133,29.895,4.6934
24.008,25.184,-0.48798,-0.21973,29.78,4.7695
23.969,25.162,-0.4784,-0.22423,29.656,4.7459
23.917,25.14,-0.48229,-0.23127,29.531,4.8482
23.872,25.117,-0.50191,-0.23682,29.407,5.0344
23.815,25.093,-0.49104,-0.24453,29.291,5.047
23.765,25.069,-0.46985,-0.25086,29.162,4.9648
23.711,25.043,-0.46601,-0.25831,29.024,5.0119
23.669,25.018,-0.49386,-0.26307,28.887,5.2341
23.669,24.991,0,-0.27121,28.753,2.4661
23.669,24.964,0,-0.2765,28.622,2.369
23.669,24.937,0,-0.28276,28.494,2.2682
23.669,24.908,0,-0.28946,28.369,2.1658
23.411,24.879,-0.528,-0.29659,28.186,5.7562
23.348,24.85,-0.48772,-0.30546,28.038,5.5479
23.294,24.819,-0.47367,-0.31247,27.896,5.5021
23.242,24.788,-0.47344,-0.31916,27.745,5.5436
23.19,24.756,-0.46814,-0.32563,27.598,5.5464
23.146,24.723,-0.47917,-0.33057,27.449,5.6407
23.146,24.69,0,-0.33814,27.293,2.8545
23.036,24.657,-0.47208,-0.34545,27.12,5.6739
23.036,24.622,0,-0.35248,26.959,2.921
22.945,24.587,-0.46163,-0.35586,26.796,5.6223
22.945,24.551,0,-0.35982,26.634,2.9514
22.859,24.515,-0.49313,-0.36546,26.455,5.8416
22.816,24.479,-0.48546,-0.37001,26.297,5.7863
22.776,24.442,-0.47201,-0.37402,26.126,5.6783
22.735,24.404,-0.46058,-0.37839,25.95,5.5863
22.735,24.366,0,-0.38519,25.785,2.925
22.735,24.328,0,-0.38998,25.623,2.794
22.595,24.289,-0.4802,-0.39458,25.445,5.7214
22.556,24.249,-0.48278,-0.39789,25.284,5.7164
22.503,24.21,-0.46967,-0.40471,25.123,5.6398
22.456,24.169,-0.39413,-0.41014,24.949,5.1298
22.456,24.128,0,-0.41507,24.779,2.9284
22.377,24.087,-0.18089,-0.41744,24.6,3.8582
22.368,24.045,-0.063729,-0.41352,24.42,3.2155
22.368,24.004,0,-0.40751,24.255,2.8503
22.364,23.963,0.069325,-0.40162,24.099,2.5089
22.38,23.923,0.09587,-0.39117,23.933,2.3015
22.389,23.883,0.13286,-0.38244,23.777,2.0865
22.389,23.845,0,-0.3747,23.63,2.4635
22.403,23.808,0.18312,-0.36535,23.498,1.7711
22.43,23.771,0.24373,-0.35169,23.356,1.5066
22.43,23.736,0,-0.34087,23.224,2.1695
22.468,23.702,0.28061,-0.32827,23.109,1.2507
22.468,23.669,0,-0.31263,22.987,1.9837
22.468,23.638,0,-0.29778,22.868,1.9503
22.564,23.608,0.32586,-0.28316,22.775,0.88274
22.606,23.58,0.32425,-0.2658,22.679,0.7875
22.63,23.553,0.35264,-0.25323,22.594,0.67544
22.659,23.528,0.36162,-0.23971,22.499,0.59036
22.689,23.504,0.34974,-0.22586,22.414,0.53378
22.732,23.481,0.33017,-0.20882,22.335,0.47379
22.773,23.46,0.32716,-0.19232,22.271,0.39708
22.773,23.441,0,-0.1772,22.203,1.0525
22.84,23.424,0.32183,-0.16444,22.138,0.26905
22.866,23.407,0.31037,-0.15299,22.092,0.22902
22.904,23.392,0.32339,-0.13822,22.039,0.14665
22.936,23.378,0.31969,-0.12564,21.985,0.093611
22.936,23.365,0,-0.11189,21.941,0.66772
22.997,23.354,0.283,-0.10216,21.899,0.028254
23.019,23.344,0.29384,-0.093113,21.874,0
23.047,23.335,0.28214,-0.082527,21.848,0
23.047,23.326,0,-0.071256,21.82,0.43355
23.047,23.319,0,-0.063464,21.793,0.43674
23.138,23.313,0.29478,-0.050204,21.796,0
23.162,23.308,0.291,-0.042131,21.772,0
23.193,23.304,0.30102,-0.031975,21.758,0
23.193,23.3,0,-0.020398,21.747,0.18041
23.264,23.298,0.28633,-0.0099481,21.742,0
23.295,23.297,0.30101,-0.00084261,21.742,0
23.318,23.297,0.27741,0.0035993,21.735,0
23.355,23.298,0.29766,0.010006,21.734,0
23.394,23.299,0.30902,0.01653,21.739,0
23.431,23.3,0.31882,0.022644,21.751,0
23.465,23.303,0.30328,0.028243,21.768,0
23.503,23.305,0.32528,0.034327,21.784,0
23.53,23.309,0.31366,0.038436,21.801,0
23.566,23.313,0.31596,0.04403,21.824,0
23.599,23.317,0.31059,0.049133,21.854,0
23.621,23.322,0.29375,0.052059,21.883,0
23.621,23.327,0,0.056418,21.913,0
23.621,23.333,0,0.059274,21.942,0
23.621,23.339,0,0.06413,21.97,0
23.621,23.345,0,0.066748,21.998,0
23.621,23.352,0,0.069676,22.025,0
23.779,23.359,0.30367,0.073582,22.104,0
23.805,23.366,0.31142,0.076935,22.141,0
23.841,23.374,0.29441,0.081949,22.176,0
23.841,23.382,0,0.086249,22.222,0
23.897,23.391,0.29806,0.089176,22.271,0
23.933,23.4,0.26801,0.093976,22.317,0
23.951,23.409,0.24316,0.095624,22.366,0
23.951,23.419,0,0.099473,22.42,0
23.998,23.429,0.21434,0.10089,22.482,0
24.011,23.439,0.19519,0.10143,22.543,0
24.037,23.449,0.20396,0.10441,22.601,0
24.062,23.459,0.20803,0.10719,22.661,0
24.062,23.47,0,0.10882,22.721,0
24.062,23.481,0,0.11026,22.779,0
24.128,23.492,0.20701,0.1137,22.851,0
24.154,23.503,0.17607,0.11651,22.909,0
24.162,23.515,0.15685,0.11613,22.966,0
24.182,23.527,0.11855,0.11771,23.033,0
24.182,23.538,0,0.1196,23.098,0
24.207,23.55,0.073417,0.11831,23.16,0
24.207,23.562,0,0.11591,23.225,0
24.201,23.574,0.061973,0.11349,23.285,0
24.21,23.585,0.044834,0.11321,23.354,0
24.21,23.596,0,0.111,23.416,0
24.209,23.607,0.073149,0.10925,23.479,0
24.222,23.618,0.054903,0.10981,23.541,0
24.22,23.629,0.033026,0.10754,23.593,0
24.22,23.64,0,0.10569,23.651,0
24.23,23.651,0.0308,0.10583,23.712,0
24.228,23.661,0.00073025,0.10367,23.762,0
24.228,23.672,0.012827,0.10187,23.811,0
24.231,23.682,0.031843,0.10075,23.867,0
24.233,23.692,0.033563,0.099287,23.92,0
24.242,23.702,0.012653,0.099374,23.965,0
24.242,23.712,0,0.099455,24.019,0
24.244,23.722,-0.014543,0.096255,24.071,0
24.246,23.731,-0.0055793,0.094876,24.125,0
24.246,23.741,0,0.093325,24.176,0
24.243,23.75,0.0057241,0.091203,24.233,0
24.25,23.759,-0.013147,0.090915,24.275,0
24.24,23.768,-0.0045217,0.087382,24.323,0
24.235,23.777,-0.0083885,0.084934,24.371,0
24.236,23.786,-0.038712,0.083601,24.416,0
24.236,23.794,0,0.083192,24.461,0
24.246,23.802,-0.045492,0.082618,24.507,0
24.242,23.811,-0.074841,0.080486,24.558,0
24.233,23.819,-0.12252,0.077345,24.599,0
24.233,23.826,0,0.072562,24.64,0
24.233,23.834,0,0.06924,24.68,0
24.2,23.841,-0.074626,0.067357,24.724,0
24.2,23.847,0,0.065996,24.759,0
24.2,23.854,0,0.063058,24.794,0
24.181,23.86,-0.047168,0.060229,24.838,0
24.181,23.866,0,0.059473,24.87,0
24.181,23.872,0,0.056183,24.901,0
24.181,23.878,0,0.051776,24.932,0
24.135,23.883,-0.14804,0.0474,24.939,0
24.117,23.888,-0.14589,0.043168,24.962,0
24.11,23.892,-0.162,0.040989,24.981,0.0046244
24.088,23.896,-0.16425,0.036162,25,0.057232
24.088,23.9,0,0.034225,25.019,0
24.071,23.903,-0.19465,0.031648,25.035,0.186
24.044,23.906,-0.24457,0.025987,25.056,0.39539
24.013,23.909,-0.27568,0.019652,25.06,0.56567
24.013,23.911,0,0.014262,25.07,0
23.946,23.912,-0.35746,0.0063694,25.073,1.0189
23.913,23.913,-0.39208,-1.3517e-05,25.083,1.238
23.913,23.913,0,-0.011246,25.083,0
23.823,23.912,-0.44082,-0.020832,25.072,1.6446
23.783,23.91,-0.44942,-0.029817,25.056,1.7681
23.735,23.907,-0.46064,-0.040373,25.045,1.921
23.685,23.903,-0.47835,-0.051209,25.023,2.1116
23.685,23.898,0,-0.06024,25.001,0.31357
23.593,23.892,-0.48494,-0.07059,24.963,2.3279
23.552,23.884,-0.48505,-0.078637,24.931,2.4037
23.509,23.877,-0.48902,-0.087299,24.887,2.5051
23.509,23.868,0,-0.097435,24.851,0.54674
23.405,23.858,-0.46651,-0.10791,24.808,2.5754
23.354,23.847,-0.48797,-0.11788,24.752,2.7822
23.304,23.836,-0.51615,-0.12746,24.702,3.0291
23.304,23.823,0,-0.13561,24.649,0.81284
23.214,23.809,-0.50757,-0.1436,24.597,3.1248
23.157,23.795,-0.50528,-0.15416,24.543,3.2071
23.157,23.779,0,-0.16177,24.48,0.98418
23.066,23.763,-0.50767,-0.17,24.411,3.3561
23.014,23.746,-0.51806,-0.17918,24.334,3.4948
22.96,23.728,-0.58211,-0.18886,24.264,3.9784
22.908,23.709,-0.69975,-0.19774,24.185,4.8681
22.84,23.69,-0.81861,-0.2107,24.11,5.9226
22.755,23.669,-0.92716,-0.22741,24.028,7.0444
22.665,23.646,-1.064,-0.24536,23.943,8.5848
22.558,23.621,-1.2062,-0.26765,23.848,10.426
22.438,23.595,-1.2908,-0.29287,23.743,11.76
22.309,23.565,-1.322,-0.32022,23.622,12.474
22.18,23.533,-1.2956,-0.34776,23.49,12.42
22.044,23.499,-1.282,-0.377,23.346,12.543
22.044,23.461,0,-0.40247,23.203,2.2578
21.805,23.421,-1.0636,-0.4261,23.049,10.34
21.698,23.378,-0.99085,-0.44756,22.876,9.7001
21.59,23.333,-0.9215,-0.46942,22.706,9.1313
21.505,23.286,-0.84026,-0.48477,22.529,8.4083
21.505,23.238,0,-0.50217,22.353,2.7737
21.342,23.188,-0.81392,-0.51389,22.155,8.2459
21.256,23.136,-0.81501,-0.52941,21.975,8.3034
21.183,23.083,-0.85685,-0.54121,21.788,8.6966
21.094,23.029,-0.87472,-0.55787,21.595,8.906
21.001,22.973,-0.86913,-0.57614,21.392,8.892
20.907,22.916,-0.85755,-0.59472,21.186,8.8138
20.82,22.856,-0.84848,-0.61045,20.987,8.7355
20.736,22.795,-0.93898,-0.62556,20.784,9.6134
20.736,22.733,0,-0.64591,20.581,2.9896
20.516,22.668,-1.559,-0.67215,20.361,17.781
20.367,22.601,-1.8708,-0.70802,20.145,23.621
20.177,22.53,-2.1281,-0.75711,19.917,29.619
19.961,22.454,-2.2772,-0.81635,19.668,33.744
19.731,22.373,-2.359,-0.8796,19.419,36.305
19.731,22.285,0,-0.94395,19.159,3.4663
19.248,22.19,-3.1794,-1.0203,18.849,68.735
18.93,22.088,-3.7972,-1.1184,18.552,109.96
18.554,21.976,-4.4416,-1.2406,18.232,183.22
18.1,21.852,-4.9553,-1.3957,17.883,287.83
17.598,21.713,-5.0977,-1.5781,17.481,331.77
17.091,21.555,-4.8084,-1.771,17.042,254.36
16.61,21.378,-4.4534,-1.9629,16.575,188.57
16.158,21.182,-4.254,-2.1501,16.093,161.23
15.729,20.967,-4.3762,-2.3383,15.582,181.8
15.29,20.733,-4.6728,-5.6564,15.056,0
15.29,20.167,0,-6.0158,14.54,141.12
14.33,19.566,-5.3817,-6.3606,13.998,0
14.33,18.929,0,-6.4018,13.507,354.18
14.33,18.289,0,-6.0464,13.079,321.79
12.743,17.685,-4.6145,-5.5922,12.489,0
12.282,17.125,-4.2601,-5.2382,11.994,0
12.282,16.602,0,-5.0194,11.535,53.802
11.467,16.1,-3.9549,-4.9265,11.045,0
11.073,15.607,-3.976,-4.9463,10.593,0
11.073,15.112,0,-5.0512,10.165,66.105
10.283,14.607,-4.1382,-5.1009,9.7103,0
9.8658,14.097,-4.1567,-5.1202,9.2906,0
9.4571,13.585,-4.1764,-5.1368,8.8718,0
9.4571,13.071,0,-5.1696,8.4847,100.76
8.6111,12.555,-4.2154,-5.1789,8.0698,6.5422
8.1925,12.037,-4.2453,-5.2066,7.6862,6.1013
8.1925,11.516,0,-5.2,7.3278,128.07
8.1925,10.996,0,-5.2,7.0215,189.07
6.9554,10.476,-3.4738,-5.2,6.5863,3.5902
6.6057,9.956,-2.9435,-5.2,6.2404,0.97561
6.6057,9.436,0,-5.2,5.9313,76.756
6.0875,8.916,-1.942,-5.2,5.6284,52.209
6.0875,8.396,0,-5.2,5.3716,53.382
5.7251,7.876,-1.5025,-5.2,5.1365,22.786
5.5668,7.356,-1.4779,-5.2,4.9437,17.188
5.4107,6.836,-1.5347,-5.2,4.7828,11.619
5.261,6.316,-1.5771,-5.2,4.6534,7.1381
5.1108,5.796,-1.5175,-8.8,4.5643,0
5.1108,4.916,0,-8.8,4.5398,14.172
4.8063,4.036,-1.2567,-8.8,4.5753,0
4.6904,3.156,-1.066,-8.8,4.6801,0
4.5931,2.276,-0.84156,-8.8,4.8641,0
4.5109,1.396,-0.71314,-8.8,5.1346,0
4.4375,0.51599,-0.62478,-0.62478,5.4909,5.5644
4.4375,0.45351,0,-0.6028,5.8862,12.305
4.3309,0.39323,-0.61869,-0.61869,6.2822,4.3915
4.2656,0.33136,-0.63437,-0.63437,6.682,3.5121
4.2656,0.26792,0,-0.66232,7.0786,9.8651
4.1363,0.20169,-0.66761,-0.66761,7.4852,1.8511
4.0652,0.13493,-0.63743,-0.63743,7.8764,1.5376
3.9948,0.071185,-0.60925,-0.60925,8.2641,1.2308
3.9404,0.01026,-0.53471,-0.53471,8.6527,1.5393
3.9404,0,0,-0.4023,9.0484,6.7391
3.8516,0,-0.25868,-0.25868,9.424,3.9037
3.8298,0,-0.080247,-0.080247,9.8103,5.7449
3.8153,0,0.1357,0.1357,10.185,5.4319
3.8357,0.01357,0.3251,0.3251,10.565,4.1735
3.8779,0.046079,0.50055,0.50055,10.941,3.223
3.8779,0.096134,0,0.63581,11.322,0
3.9915,0.15972,0.71961,0.71961,11.695,2.1782
4.0618,0.23168,0.78247,0.78247,12.077,1.9071
4.0618,0.30992,0,0.81403,12.457,0
4.2224,0.39133,0.81502,0.81502,12.859,1.7794
4.3013,0.47283,0.8305,0.8305,13.236,1.7077
4.3847,0.55588,0.83887,0.83887,13.626,1.6763
4.4758,0.63976,0.85436,0.85436,14.009,1.6451
4.5607,0.7252,0.85095,0.85095,14.402,1.6562
4.6381,0.81029,0.84783,0.84783,14.793,1.6375
4.7183,0.89508,0.80047,4.9,15.166,7.8626
4.7183,1.3851,0,4.9,15.524,19.417
4.7183,1.8751,0,4.9,15.833,22.304
4.9149,2.3651,0.43483,4.9,16.15,18.319
4.9505,2.8551,0.27048,4.9,16.382,23.008
4.9752,3.3451,0.12263,4.9,16.56,27.85
4.9752,3.8351,0,3.2277,16.699,15.933
5.0021,4.1579,-0.067555,2.0678,16.783,8.3437
5.0021,4.3646,0,1.4276,16.857,4.2332
4.9713,4.5074,-0.36282,0.99882,16.895,4.853
4.9271,4.6073,-0.52196,0.66527,16.937,4.4621
4.8731,4.6738,-0.64143,0.40524,16.96,4.159
4.8731,4.7143,0,0.17071,16.978,0.054767
4.7289,4.7314,-0.65726,-0.00019135,16.99,2.6103
4.7289,4.7314,0,-0.0050019,16.99,0
4.7289,4.7309,0,-0.010204,16.99,0
4.7289,4.7299,0,-0.013165,16.989,0
4.521,4.7285,-0.39685,-0.016175,16.931,1.8397
4.4717,4.7269,-0.37452,-0.019921,16.911,1.8704
4.4717,4.7249,0,-0.022375,16.886,0.49733
4.4119,4.7227,-0.33746,-0.02439,16.845,1.8549
4.4119,4.7203,0,-0.026624,16.814,0.61369
4.358,4.7176,-0.28584,-0.028363,16.784,1.758
4.3283,4.7148,-0.27605,-0.030558,16.75,1.7883
4.3105,4.7117,-0.2678,-0.031795,16.72,1.7922
4.3105,4.7085,0,-0.033849,16.68,0.80733
4.3105,4.7051,0,-0.035885,16.64,0.79331
4.3105,4.7015,0,-0.03781,16.601,0.77918
4.3105,4.6978,0,-0.039261,16.562,0.76598
4.3105,4.6938,0,-0.041728,16.523,0.74964
4.1536,4.6897,-0.21874,-0.043503,16.431,1.9427
4.1386,4.6853,-0.20468,-0.044553,16.38,1.9101
4.1386,4.6809,0,-0.046581,16.326,1.1281
4.0829,4.6762,-0.17869,-0.048734,16.281,1.923
4.0829,4.6713,0,-0.050252,16.221,1.2351
4.0546,4.6663,0.0061701,-0.050774,16.155,1.2736
4.0495,4.6612,0.18034,-0.051086,16.085,0.77827
4.0685,4.6561,0.36714,-0.049355,16.018,0.36774
4.1016,4.6512,0.5617,-0.046328,15.971,0.10422
4.151,4.6465,0.7104,-0.041923,15.927,0.00083767
4.2292,4.6424,0.83029,-0.035081,15.881,0
4.2292,4.6388,0,-0.028532,15.84,0.85114
4.3941,4.636,0.99429,-0.020671,15.804,0.071491
4.3941,4.6339,0,-0.012461,15.78,0.49228
4.5869,4.6327,1.1123,-0.003921,15.778,0.28274
4.708,4.6323,1.1524,0.14662,15.776,0
4.8243,4.647,1.1477,0.34152,15.78,0
4.9458,4.6811,1.1084,0.50426,15.805,0
4.9458,4.7315,0,0.59369,15.829,1.3542
5.1554,4.7909,0.99272,0.67044,15.869,0
5.25,4.8579,0.92141,0.70646,15.916,0
5.346,4.9286,0.8766,0.73573,15.953,0
5.431,5.0022,0.855,0.73921,15.996,0
5.5232,5.0761,0.85161,0.75356,16.033,0
5.6008,5.1514,0.84228,0.74077,16.08,0
5.6817,5.2255,0.8246,0.73636,16.129,0
5.6817,5.2991,0,0.74881,16.171,1.5005
5.8574,5.374,0.79686,0.74816,16.219,0
5.8574,5.4488,0,0.73752,16.263,1.3672
6.0194,5.5226,0.77219,0.73876,16.319,0
6.0194,5.5965,0,0.73881,16.365,1.3273
6.0194,5.6704,0,0.73643,16.403,1.5528
6.269,5.744,0.71275,0.73718,16.469,0
6.3428,5.8177,0.68944,0.72356,16.515,0
6.4114,5.8901,0.64067,0.70583,16.574,0
6.4711,5.9607,0.61733,0.67943,16.625,0
6.4711,6.0286,0,0.66536,16.672,0.95549
6.5919,6.0951,0.57901,0.64001,16.714,0
6.6441,6.1591,0.54766,0.61564,16.763,0
6.6441,6.2207,0,0.58637,16.808,0.70039
6.7409,6.2793,0.52008,0.57001,16.851,0
6.7409,6.3363,0,0.5502,16.895,0.61842
6.8426,6.3914,0.42761,0.54362,16.944,0
6.8875,6.4457,0.34599,0.52617,16.992,0
6.9157,6.4983,0.26428,0.49153,17.041,0
6.9459,6.5475,0.17633,0.46411,17.072,0
6.9625,6.5939,0.068075,0.42542,17.12,0.069933
6.977,6.6364,-0.030356,0.38979,17.164,0.34054
6.9772,6.6754,-0.098144,0.34242,17.187,0.51853
6.9751,6.7097,-0.14221,0.29903,17.211,0.62473
6.9526,6.7396,-0.16378,0.23851,17.238,0.6325
6.9279,6.7634,-0.14255,0.18314,17.248,0.49925
6.904,6.7817,-0.086562,0.13569,17.268,0.28282
6.902,6.7953,-0.034223,0.11811,17.283,0.12648
6.8928,6.8071,0.023012,0.094694,17.302,0
6.8938,6.8166,0.11082,0.085207,17.317,0
6.9084,6.8251,0.20325,0.091658,17.321,0
6.9371,6.8343,0.29118,0.11298,17.328,0
6.9371,6.8456,0,0.12161,17.338,0.082616
6.9958,6.8577,0.47579,0.15104,17.345,0
7.0459,6.8728,0.53387,0.18878,17.361,0
7.0459,6.8917,0,0.21873,17.378,0.19377
7.0459,6.9136,0,0.24826,17.392,0.33211
7.2004,6.9384,0.60714,0.28229,17.433,0
7.2004,6.9666,0,0.30579,17.458,0.25223
7.3137,6.9972,0.62016,0.33726,17.497,0
7.3137,7.0309,0,0.36477,17.527,0.31051
7.4298,7.0674,0.66507,0.38099,17.559,0
7.5017,7.1055,0.66999,0.41382,17.604,0
7.5017,7.1469,0,0.42784,17.642,0.32665
7.6343,7.1897,0.6838,0.45694,17.675,0
7.6343,7.2354,0,0.47395,17.717,0.36367
