18.889,18.889,-1.6029,0,35.5,12.186
18.728,18.889,-1.4542,-0.016475,35.483,10.853
18.59,18.887,-1.4027,-0.0305,35.449,10.817
18.449,18.884,-1.3291,-0.044792,35.422,10.516
18.308,18.88,-1.2876,-0.058907,35.364,10.626
18.187,18.874,-1.2079,-0.070982,35.294,10.175
18.187,18.867,0,-0.083633,35.226,1.3638
17.952,18.858,-1.1132,-0.094436,35.125,10.05
17.848,18.849,-1.0738,-0.10465,35.024,10.012
17.748,18.838,-1.0378,-0.11451,34.922,9.9978
17.648,18.827,-1.0014,-0.12444,34.81,9.9777
17.543,18.815,-0.97616,-0.1348,34.696,10.095
17.453,18.801,-0.97593,-0.14369,34.562,10.417
17.358,18.787,-0.98811,-0.15326,34.414,10.898
17.257,18.771,-0.97591,-0.16345,34.273,11.129
17.153,18.755,-0.95818,-0.17401,34.122,11.303
17.061,18.738,-0.92597,-0.18341,33.951,11.253
16.969,18.719,-0.89787,-0.19299,33.77,11.248
16.886,18.7,-0.85556,-0.20146,33.597,11.044
16.886,18.68,0,-0.21132,33.417,4.2066
16.7,18.659,-0.84234,-0.22102,33.22,11.485
16.614,18.637,-0.8371,-0.23033,33.012,11.682
16.532,18.614,-0.80462,-0.23925,32.803,11.561
16.532,18.59,0,-0.24768,32.596,4.9382
16.532,18.565,0,-0.25654,32.392,4.8055
16.305,18.539,-0.79846,-0.26435,32.149,12.078
16.228,18.513,-0.82103,-0.2732,31.913,12.517
16.155,18.485,-0.80062,-0.28161,31.678,12.456
16.155,18.457,0,-0.28989,31.446,5.5959
16.001,18.428,-0.73139,-0.29974,31.203,12.053
15.924,18.398,-0.7275,-0.30896,30.962,12.177
15.924,18.367,0,-0.31683,30.716,5.9711
15.782,18.336,-0.78341,-0.32625,30.469,13.059
15.711,18.303,-0.82733,-0.335,30.218,13.686
15.631,18.27,-0.85441,-0.34505,29.965,14.165
15.631,18.235,0,-0.35679,29.703,6.3482
15.467,18.199,-0.77091,-0.36683,29.422,13.512
15.467,18.163,0,-0.37851,29.151,6.5753
15.301,18.125,-0.73843,-0.38942,28.868,13.433
15.234,18.086,-0.7743,-0.39877,28.586,13.905
15.166,18.046,-0.80918,-0.40862,28.298,14.376
15.094,18.005,-0.82567,-0.4189,28.01,14.643
15.094,17.963,0,-0.43249,27.721,6.9274
15.094,17.92,0,-0.44485,27.436,6.6906
15.094,17.876,0,-0.45885,27.156,6.4432
15.094,17.83,0,-0.47232,26.88,6.1974
15.094,17.783,0,-0.48719,26.609,5.9431
14.575,17.734,-0.95924,-0.50044,26.165,16.936
14.575,17.684,0,-0.51564,25.852,7.3725
14.575,17.632,0,-0.53148,25.544,7.0802
14.285,17.579,-1.2103,-0.5499,25.202,20.803
14.16,17.524,-1.2573,-0.57225,24.867,21.736
14.028,17.467,-1.2842,-0.59589,24.534,22.376
14.028,17.407,0,-0.61908,24.193,7.8159
13.769,17.345,-1.3453,-0.64537,23.83,23.718
13.642,17.281,-1.3756,-0.67071,23.468,24.351
13.51,17.214,-1.4389,-0.69763,23.104,25.577
13.366,17.144,-1.506,-0.72771,22.734,26.94
13.366,17.071,0,-0.75911,22.36,8.2676
13.057,16.995,-1.6895,-0.79568,21.959,30.8
12.89,16.916,-1.7999,-0.83439,21.556,33.281
12.89,16.832,0,-0.87674,21.158,8.4984
12.519,16.745,-1.908,-0.92416,20.726,36.021
12.324,16.652,-1.8934,-0.97319,20.307,35.8
12.132,16.555,-1.9307,-1.0241,19.873,36.709
12.132,16.452,0,-1.0804,19.436,8.7703
12.132,16.344,0,-1.1377,19.01,8.0201
11.534,16.231,-1.9262,-1.1992,18.489,36.343
11.344,16.111,-1.9111,-1.2594,18.021,35.727
11.146,15.985,-1.8302,-1.3265,17.533,33.567
10.964,15.852,-1.7437,-1.3916,17.042,31.254
10.788,15.713,-1.6759,-1.4577,16.551,29.331
10.622,15.567,-1.6509,-1.5221,16.064,28.204
10.622,15.415,0,-1.5871,15.577,7.7166
10.622,15.256,0,-1.6569,15.106,6.833
10.622,15.091,0,-1.7296,14.651,5.9927
9.9554,14.918,-1.7691,-1.8088,14.1,27.177
9.7822,14.737,-1.843,-1.8887,13.613,27.641
9.6032,14.548,-1.8979,-1.9761,13.118,27.63
9.4167,14.35,-1.9553,-2.0691,12.626,27.611
9.2238,14.143,-1.9652,-2.1713,12.126,26.441
9.2238,13.926,0,-4.4,11.645,20.515
9.2238,13.486,0,-4.4,11.197,26.096
8.642,13.046,-2.0443,-4.4,10.718,4.665
8.4332,12.606,-2.0615,-4.4,10.292,5.1038
8.4332,12.166,0,-5.2,9.897,97.182
8.032,11.646,-2.068,-5.2,9.506,0
7.8189,11.126,-2.0254,-5.2,9.1531,0
7.8189,10.606,0,-5.2,8.8483,183.34
7.8189,10.086,0,-5.2,8.5956,182.27
7.8189,9.5662,0,-5.2,8.3949,181.21
6.9643,9.0462,-2.1658,-5.2,8.0704,0
6.7406,8.5262,-2.2002,-5.2,7.8831,0
6.7406,8.0062,0,-5.2,7.7306,80.808
6.7406,7.4862,0,-5.2,7.63,79.742
6.7406,6.9662,0,-5.2,7.5814,78.676
5.876,6.4462,-2.1474,-5.2,7.4103,29.379
5.6549,5.9262,-2.1242,-8.8,7.3724,2.3022
5.4433,5.0462,-2.0018,-8.8,7.3844,0
5.2413,4.1662,-1.828,1.2736,7.4484,23.885
5.0679,4.2936,-1.691,0.8819,7.5399,18.517
5.0679,4.3818,0,0.57043,7.6129,0
4.7411,4.4388,-1.321,0.33,7.6532,9.7992
4.6125,4.4718,-1.214,0.15208,7.6773,7.7776
4.49,4.487,-1.04,0.0031626,7.6939,5.4882
4.3928,4.4873,-0.89768,-0.025673,7.6801,4.5083
4.3928,4.4848,0,-0.048132,7.6708,0.087536
4.2285,4.48,-0.8516,-0.068738,7.6379,4.5338
4.1502,4.4731,-0.86921,-0.088755,7.6051,4.8477
4.0608,4.4642,-0.93588,-0.11135,7.5769,5.6047
3.9672,4.4531,-0.96592,-0.13516,7.5285,6.0759
3.8706,4.4396,-0.93502,-0.1598,7.4701,6.0049
3.8706,4.4236,0,-0.18344,7.414,0.76666
3.6771,4.4052,-0.92313,-0.20845,7.3467,6.2786
3.5772,4.3844,-0.95,-0.23347,7.2782,6.7035
3.4738,4.3611,-0.98518,-0.2604,7.1888,7.2078
3.3664,4.335,-1.0361,-8.8,7.1005,0
3.2677,3.455,-1.0833,-0.044279,7.0375,6.4439
3.1597,3.4506,-1.0988,-0.068997,7.017,6.9112
3.0474,3.4437,-1.1797,-0.094389,6.9901,8.0836
3.0474,3.4342,0,-0.12219,6.9509,0.54726
3.0474,3.422,0,-0.15049,6.9128,0.45435
2.6737,3.407,-1.3154,-0.17967,6.8234,6.2017
2.5355,3.389,-1.3363,-0.21172,6.749,6.2913
2.5355,3.3678,0,-8.8,6.6647,0
2.2842,2.4878,-1.3323,-0.037468,6.6067,4.6252
2.1541,2.4841,-1.2874,-0.060945,6.5856,4.7035
2.0243,2.478,-1.2863,-0.084209,6.5552,4.8444
2.0243,2.4696,0,-0.10677,6.5102,0.71846
1.7676,2.4589,-1.29,-0.13104,6.4392,5.1104
1.7676,2.4458,0,-0.15455,6.3707,1.141
1.5167,2.4303,-1.3504,-0.17788,6.2876,5.438
1.3726,2.4126,-1.33,-8.8,6.199,0
1.2352,1.5326,-1.2811,-0.036607,6.1387,3.8027
1.2352,1.5289,0,-0.053246,6.1092,0.51026
0.96451,1.5236,-1.1712,-0.070124,6.0459,4.002
0.85478,1.5166,-1.057,-0.083982,5.9852,3.941
0.85478,1.5082,0,-0.098291,5.9194,1.2498
0.64229,1.4983,-0.98528,-0.11177,5.8364,4.0879
0.64229,1.4871,0,-0.12482,5.7513,1.6656
0.4524,1.4747,-0.90885,-8.8,5.6492,0
0.36263,0.59467,-0.90086,-0.90086,5.5891,0.47567
0.26805,0.50458,-0.91383,-0.91383,5.5596,0.48489
0.16812,0.4132,-0.88804,-0.88804,5.5373,0.5024
0.16812,0.32439,0,-0.86313,5.5172,0
-0.011975,0.23808,-0.84263,-0.84263,5.4847,0.52985
-0.011975,0.15382,0,-0.85708,5.4639,0
-0.17748,0.068109,-0.80578,-0.80578,5.4377,0.52069
-0.26251,0,-0.80765,-0.80765,5.4086,0.55537
-0.34865,0,-0.8054,-0.8054,5.385,0.73196
-0.34865,0,0,-0.79008,5.3541,0
-0.34865,0,0,-0.81768,5.3232,0
-0.34865,0,0,-0.9052,5.2924,0
-0.70028,0,-0.95232,-0.95232,5.1991,1.4528
-0.7946,0,-0.93817,-0.93817,5.123,1.6462
-0.89651,0,-0.90117,-0.90117,5.0339,1.8551
-0.98199,0,-0.84378,-8.8,4.937,0
-1.0577,0,-0.76283,-8.8,4.8738,0
-1.1258,0,-0.70705,-8.8,4.8166,0
-1.1939,0,-0.76722,-8.8,4.735,0
-1.1939,0,0,-8.8,4.6597,0
-1.3568,0,-0.88569,-8.8,4.5711,0
-1.4494,0,-0.85421,-8.8,4.4767,0
-1.5322,0,-0.82944,-8.8,4.3694,0
-1.6187,0,-0.85068,-8.8,4.2522,0
-1.7124,0,-0.8333,-8.8,4.1276,0
-1.7124,0,0,-8.8,4.0004,0
-1.8602,0,-0.81863,-8.8,3.8513,0
-1.9521,0,-0.81377,-8.8,3.7043,0
-1.9521,0,0,-8.8,3.553,0
-1.9521,0,0,-8.8,3.4018,0
-2.1757,0,-0.77935,-8.8,3.2242,0
-2.2446,0,-0.81024,-8.8,3.0386,0
-2.3264,0,-0.8354,-8.8,2.8472,0
-2.3264,0,0,-8.8,2.6586,0
-2.5023,0,-0.83311,-8.8,2.4612,0
-2.5023,0,0,-8.8,2.255,0
-2.6741,0,-0.84791,-8.8,2.0294,0
-2.7535,0,-0.83413,-8.8,1.7974,0
-2.8285,0,-0.85604,-8.8,1.5615,0
-2.9084,0,-0.8628,-8.8,1.3116,0
-2.9084,0,0,-8.8,1.0647,0
-2.9084,0,0,-8.8,0.81789,0
-3.1768,0,-0.87787,-10.599,0.51909,0
-3.2746,0,-0.90075,-22.382,0.24959,0
-3.3584,0,-0.89737,-272.48,0.020764,0
-3.3584,0,0,-8.8,1.0473,0
-3.548,0,-0.87457,-9.4387,0.73493,0
-3.6445,0,-0.888,-16.593,0.42287,0
-3.7288,0,-0.8784,-52.798,0.13389,0
-3.8101,0,-0.87276,-633.9,0.011466,0
-3.8969,0,-0.87783,-8.8,2.7926,0
-3.8969,0,0,-8.8,2.4469,0
-4.0705,0,-0.95137,-8.8,2.0859,0
-4.1668,0,-0.99077,-8.8,1.714,0
-4.1668,0,0,-8.8,1.3414,0
-4.1668,0,0,-10.93,0.96869,0
-4.4668,0,-1.0383,-18.105,0.58453,0
-4.4668,0,0,-47.864,0.22838,0
-4.6844,0,-1.0093,9.8,1,32.333
-4.6844,0.98,0,-36.6,0.48256,0
-4.6844,0,0,-171.35,0.099123,0
-4.6844,0,0,-30.055,0.48741,0
-5.0894,0,-0.94747,-173.76,0.074943,0
-5.1791,0,-0.94186,-32.068,0.43088,0
-5.2646,0,-0.95708,-207.91,0.066963,0
-5.3601,0,-0.98037,-26.215,0.56927,0
-5.4585,0,-0.97744,-93.578,0.16088,0
-5.5544,0,-1.0028,-214.99,0.072088,0
-5.6641,0,-1.0065,-28.347,0.58672,0
-5.762,0,-0.98434,-104.49,0.16038,0
-5.869,0,-0.91771,-186.28,0.092913,0
-5.9633,0,-0.94702,-42.217,0.43083,0
-6.0636,0,-0.98528,-495.72,0.037159,0
-6.0636,0,0,-11.022,1.9094,0
-6.2563,0,-1.0416,-15.685,1.3365,0
-6.366,0,-1.0696,-27.157,0.77674,0
-6.4741,0,-0.98168,-80.617,0.26316,0
-6.5669,0,-0.96522,-2008.5,0.01074,0
-6.6694,0,-0.92998,-0.92998,9.3839,13.69
-6.7607,0,-0.93823,-0.93823,8.7158,13.877
-6.8567,0,-0.96084,-0.96084,8.0402,14.074
-6.9549,0,-0.99836,-0.99836,7.3527,14.275
-6.9549,0,0,-1.0066,6.6622,12.159
-7.1578,0,-1.0444,-1.0444,5.9591,14.691
-7.2643,0,-1.0314,-1.0314,5.2517,14.909
-7.2643,0,0,-8.8,4.5304,0
-7.4819,0,-1.0867,-8.8,3.832,0
-7.5969,0,-0.98525,-10.214,3.127,0
-7.6963,0,-0.90011,-13.145,2.4187,0
-7.6963,0,0,-18.814,1.7148,0
-7.8786,0,-1.0286,-31.542,1.0171,0
-7.9762,0,-1.0543,-85.546,0.37649,0
-7.9762,0,0,9.8,1.0072,36.961
-8.1926,0.98,-1.085,-301.26,0.14015,0
-8.2978,0,-0.98144,-48.492,0.72462,0
-8.3996,0,-0.87786,-255.65,0.13847,0
-8.4783,0,-0.84096,-62.9,0.57913,0
-8.5549,0,-0.8766,-721.9,0.050752,0
-8.6328,0,-0.99039,-14.284,2.8031,0
-8.6328,0,0,-19.984,2.0113,0
-8.8308,0,-1.0077,-32.592,1.2345,0
-8.8308,0,0,-79.736,0.5144,0
-9.0377,0,-1.0336,-4382.7,0.0093208,0
-9.1455,0,-1.053,7.8,21.011,37.368
-9.1455,0.78,0,-1.1842,20.058,17.876
-9.3721,0.66158,-1.295,-1.295,19.036,20.586
-9.3721,0.53208,0,-1.3541,18.039,17.476
-9.6509,0.39667,-1.3298,-1.3298,17.024,20.615
-9.7837,0.26369,-1.3157,-1.3157,16.025,20.614
-9.7837,0.13212,0,-1.27,15.027,17.676
-10.037,0.0051209,-1.2561,-1.2561,14.008,20.604
-10.154,0,-1.3068,-1.3068,13.012,20.834
-10.154,0,0,-1.412,12.003,17.867
-10.154,0,0,-1.4816,10.994,17.721
-10.154,0,0,-1.5169,9.9862,17.646
-10.733,0,-1.5098,-1.5098,8.8842,22.019
-10.733,0,0,-1.486,7.8185,18.897
-11.032,0,-1.4375,-1.4375,6.722,22.633
-11.175,0,-1.4729,-1.4729,5.6276,22.926
-11.317,0,-1.5178,-15.708,4.5124,0
-11.317,0,0,-20.681,3.4593,0
-11.317,0,0,-29.838,2.431,0
-11.317,0,0,-52.292,1.4486,0
-11.935,0,-1.4413,-161.82,0.44408,0
-12.084,0,-1.4574,-1406.4,0.051971,0
-12.084,0,0,-1.4406,5.8756,21.763
-12.393,0,-1.4896,-18.02,4.6456,0
-12.537,0,-1.5473,-24.049,3.4925,0
-12.699,0,-1.5469,-35.86,2.3499,0
-12.858,0,-1.5186,-67.896,1.2454,0
-13.006,0,-1.5138,-285.48,0.29785,0
-13.15,0,-1.5301,-212.01,0.41075,0
-13.309,0,-1.5511,-597.52,0.14861,0
-13.463,0,-1.5477,-51.821,1.8027,0
-13.621,0,-1.5168,-131.25,0.71511,0
-13.621,0,0,9.8,1.0135,48.533
-13.621,0.98,0,9.8,1.0435,50.542
-14.05,1.96,-1.2673,9.8,1,56.093
-14.173,2.94,-1.2129,9.8,1,58.241
-14.301,3.92,-1.143,9.8,1,60.364
-14.406,4.9,-1.0954,9.8,1,62.489
-14.518,5.88,-1.1113,9.8,1,64.761
-14.518,6.86,0,9.8,1.0124,64.435
-14.751,7.84,-1.1054,9.8,1,69.243
-14.855,8.82,-1.0613,9.8,1,71.373
-14.968,9.8,-1.0297,9.8,1,73.547
-14.968,10.78,0,9.8,1.0139,73.392
-15.157,11.76,-0.93843,9.8,1,77.762
-15.255,12.74,-0.94751,9.8,1,79.991
-15.255,13.72,0,9.8,1.0093,80.009
-15.453,14.7,-1.0638,9.8,1,84.658
-15.453,15.68,0,9.8,0.99805,84.431
-15.649,16.66,-1.14,9.8,1,89.239
-15.757,17.64,-1.1979,9.8,1,91.591
-15.875,18.62,-1.2608,9.8,1,93.974
-15.997,19.6,-1.4199,9.8,1,96.568
-16.133,20.58,-1.6778,9.8,1,99.396
-16.133,21.56,0,9.8,1.0062,97.88
-16.497,22.54,-2.291,9.8,1,105.45
-16.719,23.52,-2.7086,9.8,1,108.79
-16.995,24.5,-3.0782,9.8,1,112.14
-17.306,25.48,-3.3559,9.8,1,115.37
-17.642,26.46,-3.5357,9.8,1,118.45
-17.992,27.44,-3.7693,9.8,1,121.67
-17.992,28.42,0,9.8,1.0225,115.75
-18.785,29.4,-4.9337,9.8,1,129.76
-19.284,30.38,-5.633,9.8,1,134.26
-19.846,31.36,-6.3378,9.8,1,138.9
-20.474,32.34,-6.8717,9.8,1,143.32
-21.156,33.32,-6.9683,9.8,1,146.93
-21.859,34.3,-6.8831,9.8,1,150.2
-22.548,35.28,-6.7671,9.8,1,153.38
-23.228,36.26,-6.6362,9.8,1,156.5
-23.892,37.24,-6.5811,9.8,1,159.76
-24.547,38.22,-6.5398,9.8,1,163.02
-25.203,39.2,-6.5101,9.8,1,166.32
-25.863,40.18,-6.4855,9.8,1,169.62
-25.863,41.16,0,9.8,1.0257,158.01
-25.863,42.14,0,9.8,1.1148,160.01
-25.863,43.12,0,9.8,1.2704,162.02
-28.386,44.1,-5.8348,9.8,1,181.47
-28.386,45.08,0,9.8,1.0369,171.22
-29.513,46.06,-5.069,9.8,1,186.19
-29.513,47.04,0,9.8,1.0275,177.54
-29.513,48.02,0,9.8,1.0972,179.55
-29.513,49,0,9.8,1.2162,181.56
-29.513,49.98,0,9.8,1.387,183.57
-31.691,50.96,-3.5229,9.8,1,197.45
-32.037,51.94,-3.3693,9.8,1,199.84
-32.373,52.92,-3.211,9.8,1,202.21
-32.373,53.9,0,9.8,1.0136,197.47
-32.373,54.88,0,9.8,1.0657,199.48
-33.275,55.86,-2.7869,9.8,1,209.19
-33.555,56.84,-2.7189,9.8,1,211.63
-33.836,57.82,-2.7014,9.8,1,214.18
-33.836,58.8,0,9.8,1.0197,210.51
-33.836,59.78,0,9.8,1.055,212.52
-34.631,60.76,-2.678,9.8,1,221.79
-34.895,61.74,-2.6777,9.8,1,224.34
-35.17,62.72,-2.6742,9.8,1,226.9
-35.433,63.7,-2.6742,9.8,1,229.45
-35.695,64.68,-2.6788,9.8,1,232.01
-35.695,65.66,0,9.8,1.0162,228.39
-35.695,66.64,0,9.8,1.0626,230.4
-36.489,67.62,-2.5652,9.8,1,239.42
-36.489,68.6,0,9.8,1.0216,236.04
-36.977,69.58,-2.1027,9.8,1,243.47
-37.191,70.56,-1.8537,9.8,1,245.39
-37.191,71.54,0,9.8,0.9999,243.51
-37.529,72.52,-1.5989,9.8,1,249.57
-37.682,73.5,-1.6361,9.8,1,251.97
-37.839,74.48,-1.6957,9.8,1,254.43
-38.012,75.46,-1.7281,9.8,1,256.86
-38.18,76.44,-1.7289,9.8,1,259.21
-38.344,77.42,-1.731,9.8,1,261.56
-38.527,78.4,-1.7557,9.8,1,264
-38.693,79.38,-1.832,9.8,1,266.51
-38.87,80.36,-1.9786,9.8,1,269.19
-39.062,81.34,-2.1739,9.8,1,272
-39.28,82.32,-2.3811,9.8,1,274.89
-39.522,83.3,-2.5957,9.8,1,277.85
-39.787,84.28,-2.7689,9.8,1,280.77
-39.787,85.26,0,9.8,1.0041,276.96
-40.356,86.24,-3.0078,9.8,1,286.45
-40.65,87.22,-3.0423,9.8,1,289.14
-40.956,88.2,-3.0517,9.8,1,291.79
-41.264,89.18,-3.0477,9.8,1,294.42
-41.264,90.16,0,9.8,1.0182,290.03
-41.869,91.14,-2.9699,9.8,1,299.52
-42.158,92.12,-2.9384,9.8,1,302.05
-42.459,93.1,-2.9208,9.8,1,304.64
-42.459,94.08,0,9.8,1.0105,300.51
-43.027,95.06,-2.8195,9.8,1,309.61
-43.31,96.04,-2.7314,9.8,1,312.02
-43.574,97.02,-2.6258,9.8,1,314.34
-43.832,98,-2.5024,9.8,1,316.62
-44.086,98.98,-2.3945,9.8,1,318.93
-44.32,99.96,-2.3119,9.8,1,321.24
-44.549,100.94,-2.2586,9.8,1,323.61
-44.768,101.92,-2.2223,9.8,1,325.99
-44.768,102.9,0,9.8,1.0154,323.33
-44.768,103.88,0,9.8,1.0433,325.34
-45.435,104.86,-2.1019,9.8,1,333.13
-45.652,105.84,-2.0382,9.8,1,335.45
-45.864,106.82,-1.9651,9.8,1,337.74
-46.054,107.8,-1.9057,9.8,1,340.02
-46.25,108.78,-1.8594,9.8,1,342.33
-46.25,109.76,0,9.8,1.0124,340.43
-46.614,110.74,-1.7996,9.8,1,346.97
-46.787,111.72,-1.7866,9.8,1,349.3
-46.969,112.7,-1.7775,9.8,1,351.67
-47.15,113.68,-1.773,9.8,1,354.04
-47.336,114.66,-1.7693,9.8,1,356.42
-47.504,115.64,-1.7558,9.8,1,358.74
-47.676,116.62,-1.7413,9.8,1,361.07
-47.676,117.6,0,9.8,1.0185,359.42
-47.676,118.58,0,9.8,1.046,361.43
-48.187,119.56,-1.6863,9.8,1,368.03
-48.187,120.54,0,9.8,1.0136,366.5
-48.52,121.52,-1.699,9.8,1,372.76
-48.683,122.5,-1.6991,9.8,1,375.1
-48.683,123.48,0,9.8,1.0006,373.54
-49.021,124.46,-1.6879,9.8,1,379.79
-49.021,125.44,0,9.8,1.0184,378.25
-49.368,126.42,-1.6463,9.8,1,384.43
-49.532,127.4,-1.6398,9.8,1,386.76
-49.532,128.38,0,9.8,1.0075,385.33
-49.852,129.36,-1.6631,9.8,1,391.49
-49.852,130.34,0,9.8,1.0043,390
-50.191,131.32,-1.8913,9.8,1,396.68
-50.378,132.3,-2.0241,9.8,1,399.35
-50.576,133.28,-2.165,9.8,1,402.06
-50.8,134.26,-2.3127,9.8,1,404.84
-50.8,135.24,0,9.8,1.0026,401.99
-51.288,136.22,-2.4898,9.8,1,410.23
-51.538,137.2,-2.5363,9.8,1,412.85
-51.785,138.18,-2.564,9.8,1,415.42
-51.785,139.16,0,9.8,1.008,412.05
-52.292,140.14,-2.496,9.8,1,420.34
-52.292,141.12,0,9.8,1.0068,417.1
-52.784,142.1,-2.3721,9.8,1,425.11
-52.784,143.08,0,9.8,1.0059,422.13
-53.252,144.06,-2.2833,9.8,1,429.9
-53.473,145.04,-2.2591,9.8,1,432.31
-53.701,146.02,-2.2289,9.8,1,434.72
-53.701,147,0,9.8,1.0075,432.05
-54.142,147.98,-2.148,9.8,1,439.47
-54.353,148.96,-2.1043,9.8,1,441.82
-54.56,149.94,-2.0411,9.8,1,444.12
-54.56,150.92,0,9.8,1.0123,441.84
