0,0,-0.35476,0,35.5,0.74544
-0.034033,0,-0.412,7.8,35.506,17.325
-0.034033,0.78,0,7.8,35.463,18.059
-0.034033,1.56,0,7.8,35.343,19.658
-0.10474,2.34,0.01024,7.8,35.139,21.38
-0.11317,3.12,0.11945,7.8,34.857,22.767
-0.092438,3.9,0.19245,7.8,34.497,24.17
-0.076983,4.68,0.2724,7.8,34.062,25.569
-0.046654,5.46,0.32723,7.8,33.556,26.991
-0.020469,6.24,0.35966,6.7,32.959,26.157
-0.020469,6.91,0,6.7,32.3,28.286
-0.020469,7.58,0,6.7,31.573,29.659
0.084823,8.25,0.21192,-0.43274,30.789,31.102
0.11567,8.2067,0.067128,-0.44569,29.973,32.468
0.11821,8.1622,-0.11489,-0.46086,29.163,32.743
0.11302,8.1161,-0.26937,-0.47739,28.354,31.568
0.11302,8.0683,0,-0.49626,27.556,32.082
0.045758,8.0187,-0.43284,-0.51637,26.763,30.173
-0.005828,7.9671,-0.44051,-0.53905,25.964,30.142
-0.048283,7.9132,-0.41516,-0.56285,25.159,30.015
-0.080631,7.8569,-0.33904,-0.58756,24.354,29.754
-0.12401,7.7981,-0.2047,-0.61395,23.57,29.385
-0.12401,7.7367,0,-0.64087,22.781,28.772
-0.1557,7.6726,0.14148,-0.66751,22.009,28.352
-0.13157,7.6059,0.32073,-0.69398,21.223,27.734
-0.10049,7.5365,0.39522,-0.72133,20.445,27.314
-0.10049,7.4644,0,-0.74813,19.685,27.94
-0.0087493,7.3895,0.24315,-0.77613,18.939,27.029
-0.0087493,7.3119,0,-0.80836,18.203,27.313
-0.0087493,7.2311,0,-0.8441,17.475,27.072
-0.0019173,7.1467,-0.28594,-0.88391,16.772,27.402
-0.0019173,7.0583,0,-0.92872,16.062,26.526
-0.063833,6.9654,-0.45929,-0.97838,15.351,27.323
-0.063833,6.8676,0,-1.0313,14.653,26.047
-0.15171,6.7645,-0.4613,-1.0914,13.957,26.858
-0.15171,6.6553,0,-1.1569,13.27,25.528
-0.26109,6.5396,-0.45329,-1.2272,12.585,26.319
-0.31494,6.4169,-0.43002,-1.3046,11.904,25.967
-0.36378,6.2864,-0.40976,-1.3885,11.226,25.581
-0.39477,6.1476,-0.39215,-1.4745,10.563,25.142
-0.44389,6.0001,-0.37747,-1.5702,9.916,24.708
-0.48217,5.8431,-0.37078,-1.6721,9.2756,24.237
-0.48217,5.6759,0,-1.7764,8.6515,22.896
-0.54529,5.4983,-0.25295,-1.8898,8.0511,22.954
-0.56533,5.3093,-0.19813,-8.8,7.4611,7.9725
-0.58072,4.4293,-0.14306,-8.8,6.9263,6.0843
-0.59229,3.5493,-0.076449,-8.8,6.4614,4.1641
-0.60925,2.6693,-0.070043,-8.8,6.0857,2.3814
-0.62575,1.7893,-0.057491,-8.8,5.7998,0.58485
-0.63074,0.9093,-0.035016,-0.12578,5.5933,16.971
-0.63074,0.89672,0,-8.8,5.44,0
-0.63045,0.016718,-0.020816,-0.020816,5.3237,15.331
-0.63045,0.014636,0,-0.0027492,5.2591,15.321
-0.63619,0.014361,0.025494,0.025494,5.1982,15.338
-0.62921,0.01691,0.031291,0.031291,5.1298,15.329
-0.62921,0.020039,0,0.028484,5.065,15.395
-0.62586,0.022888,0.03216,-8.8,5.0071,0
-0.62586,0,0,-8.8,4.9862,0
-0.62586,0,0,-8.8,4.9676,0
-0.6093,0,-0.05161,-8.8,4.9432,0
-0.61646,0,-0.054913,-8.8,4.9272,0
-0.62333,0,-0.048371,-8.8,4.9028,0
-0.63146,0,-0.036796,-8.8,4.8862,0
-0.64285,0,-0.010837,-8.8,4.8721,0
-0.64285,0,0,-8.8,4.8519,0
-0.64051,0,0.06763,-8.8,4.8387,0
-0.63608,0,0.10986,-8.8,4.8252,0
-0.61933,0,0.17239,-8.8,4.8003,0
-0.61933,0,0,-8.8,4.7824,0
-0.58408,0,0.2032,-8.8,4.7567,0
-0.56521,0,0.19212,-8.8,4.7529,0
-0.54438,0,0.17917,-8.8,4.7403,0
-0.52425,0,0.13525,-8.8,4.7213,0
-0.52425,0,0,-8.8,4.7129,0
-0.51136,0,0.13146,-8.8,4.6925,0
-0.51136,0,0,-8.8,4.6854,0
-0.51136,0,0,-8.8,4.6783,0
-0.45531,0,0.076864,-8.8,4.6988,0
-0.45531,0,0,-8.8,4.6973,0
-0.45029,0,0.043303,-8.8,4.6921,0
-0.45029,0,0,-8.8,4.6911,0
-0.43481,0,-0.032263,-8.8,4.6773,0
-0.43424,0,-0.12734,-8.8,4.6708,0
-0.44605,0,-0.24168,-8.8,4.6637,0
-0.44605,0,0,-8.8,4.6631,0
-0.49371,0,-0.45493,-8.8,4.6426,0
-0.49371,0,0,-8.8,4.6372,0
-0.59262,0,-0.53198,-8.8,4.6158,0
-0.64367,0,-0.52998,-8.8,4.6061,0
-0.68817,0,-0.52811,-8.8,4.5816,0
-0.68817,0,0,-8.8,4.5568,0
-0.79521,0,-0.45959,-8.8,4.5062,0
-0.83505,0,-0.45315,-8.8,4.4612,0
-0.88025,0,-0.46691,-8.8,4.4134,0
-0.93627,0,-0.48397,-8.8,4.3756,0
-0.93627,0,0,-8.8,4.3259,0
-0.93627,0,0,-8.8,4.2763,0
-1.0849,0,-0.54668,-8.8,4.2123,0
-1.1393,0,-0.50365,-8.8,4.136,0
-1.1393,0,0,-8.8,4.0661,0
-1.233,0,-0.40478,-8.8,3.9852,0
-1.233,0,0,-8.8,3.9059,0
-1.3004,0,-0.22073,-8.8,3.806,0
-1.3309,0,-0.072623,-8.8,3.7182,0
-1.3309,0,0,-8.8,3.6291,0
-1.3415,0,0.25829,-8.8,3.5418,0
-1.3111,0,0.34274,-8.8,3.4535,0
-1.277,0,0.36589,-8.8,3.3658,0
-1.2461,0,0.31768,-8.8,3.2746,0
-1.2461,0,0,-8.8,3.194,0
-1.1955,0,0.28074,-8.8,3.1125,0
-1.1955,0,0,-8.8,3.037,0
-1.1233,0,0.40939,-8.8,2.9631,0
-1.0883,0,0.45044,-8.8,2.8988,0
-1.0502,0,0.39993,-8.8,2.8412,0
-1.0016,0,0.24018,-8.8,2.785,0
-0.98071,0,0.019931,-8.8,2.731,0
-0.98071,0,0,-8.8,2.6769,0
-0.98723,0,-0.34168,-8.8,2.629,0
-1.028,0,-0.38054,-8.8,2.5789,0
-1.0687,0,-0.33587,-8.8,2.5122,0
-1.0687,0,0,-8.8,2.4493,0
-1.0687,0,0,-8.8,2.3864,0
-1.1352,0,-0.045365,-8.8,2.2933,0
-1.1376,0,-0.013859,-8.8,2.2302,0
-1.1467,0,-0.011898,-8.8,2.1656,0
-1.1496,0,-0.032018,-8.8,2.0851,0
-1.1578,0,-0.041464,-8.8,2.0225,0
-1.1679,0,-0.0082488,-8.8,1.9491,0
-1.1719,0,0.067192,-8.8,1.8663,0
-1.1707,0,0.19545,-8.8,1.7942,0
-1.1465,0,0.33331,-8.8,1.7307,0
-1.1133,0,0.45751,-8.8,1.6602,0
-1.1133,0,0,-8.8,1.5929,0
-1.0066,0,0.5243,-8.8,1.53,0
-0.95666,0,0.48833,-8.8,1.4829,0
-0.90163,0,0.43954,-8.8,1.4308,0
-0.85951,0,0.40441,-8.8,1.3955,0
-0.82166,0,0.39629,-8.8,1.3483,0
-0.78041,0,0.39354,-8.8,1.3221,0
-0.74454,0,0.40297,-8.8,1.291,0
-0.70069,0,0.39925,-8.8,1.255,0
-0.66946,0,0.38029,-8.8,1.2288,0
-0.66946,0,0,-8.8,1.2059,0
-0.59317,0,0.30827,-8.8,1.1853,0
-0.59317,0,0,-8.8,1.17,0
-0.59317,0,0,-8.8,1.1547,0
-0.59317,0,0,-8.8,1.1394,0
-0.47841,0,0.17953,-8.8,1.1418,0
-0.46739,0,0.19005,-8.8,1.1373,0
-0.44055,0,0.20631,-8.8,1.1437,0
-0.41637,0,0.22201,-8.8,1.1352,0
-0.40239,0,0.22879,-8.8,1.1431,0
-0.40239,0,0,-8.8,1.1469,0
-0.40239,0,0,-8.8,1.1506,0
-0.32908,0,0.21149,-8.8,1.1796,0
-0.31003,0,0.19808,-8.8,1.1924,0
-0.29793,0,0.20017,-8.8,1.2086,0
-0.28193,0,0.20312,-8.8,1.2321,0
-0.26279,0,0.20024,-8.8,1.2501,0
-0.26279,0,0,-8.8,1.2678,0
-0.21603,0,0.18286,-8.8,1.2801,0
-0.20382,0,0.19637,-8.8,1.3027,0
-0.17433,0,0.22021,-8.8,1.3231,0
-0.14889,0,0.26115,-8.8,1.3415,0
-0.1128,0,0.31525,-8.8,1.3784,0
-0.075665,0,0.38641,-8.8,1.4031,0
-0.027423,0,0.42779,-8.8,1.4365,0
0.0092869,0,0.44238,-8.8,1.4764,0
0.0092869,0,0,-8.8,1.5213,0
0.097112,0,0.44041,-8.8,1.578,0
0.097112,0,0,-8.8,1.6318,0
0.18316,0,0.43926,-8.8,1.6828,0
0.23121,0,0.43782,-8.8,1.743,0
0.26513,0,0.44689,-8.8,1.8223,0
0.30078,0,0.43336,-8.8,1.9014,0
0.33938,0,0.41887,-8.8,1.9693,0
0.38996,0,0.40336,-8.8,2.0446,0
0.38996,0,0,-8.8,2.1276,0
0.489,0,0.41583,-8.8,2.2071,0
0.489,0,0,-8.8,2.3,0
0.56418,0,0.50877,-8.8,2.4088,0
0.62268,0,0.55256,-8.8,2.5149,0
0.68138,0,0.57917,-8.8,2.6315,0
0.7431,0,0.60489,-8.8,2.7496,0
0.7431,0,0,-8.8,2.8679,0
0.87299,0,0.66916,-8.8,3.0017,0
0.87299,0,0,-8.8,3.133,0
0.98888,0,0.57317,-8.8,3.2654,0
1.0406,0,0.53246,-8.8,3.4159,0
1.091,0,0.49494,-8.8,3.5703,0
1.091,0,0,-8.8,3.7234,0
1.1991,0,0.48236,-8.8,3.8956,0
1.2545,0,0.56212,-8.8,4.0564,0
1.3019,0,0.57842,-8.8,4.2369,0
1.3512,0,0.52977,-8.8,4.411,0
1.4089,0,0.48299,-8.8,4.5957,0
1.4089,0,0,-8.8,4.7806,0
1.4876,0,0.40722,-8.8,4.9689,0
1.528,0,0.42092,0.42092,5.1659,0
1.528,0.042092,0,0.43113,5.3165,0
1.6245,0.085205,0.42175,0.42175,5.4703,0
1.6245,0.12738,0,0.38739,5.6221,0
1.6969,0.16612,0.36441,0.36441,5.7796,0
1.7413,0.20256,0.33372,0.33372,5.9393,0
1.7795,0.23593,0.32115,0.32115,6.086,0
1.8022,0.26805,0.31947,0.31947,6.249,0
1.829,0.29999,0.33513,0.33513,6.3985,0
1.829,0.33351,0,0.32276,6.5497,0
1.829,0.36578,0,0.30645,6.6976,0
1.829,0.39643,0,0.30307,6.8424,0
1.829,0.42673,0,0.28721,6.9842,0
1.9759,0.45546,0.24881,0.24881,7.1738,0
2.0079,0.48034,0.27949,0.27949,7.3211,0
2.0275,0.50829,0.30215,0.30215,7.471,0
2.0577,0.5385,0.29934,0.29934,7.6171,0
2.0577,0.56843,0,0.27299,7.7676,0
2.0577,0.59573,0,0.26562,7.9151,0
2.1399,0.6223,0.21422,0.21422,8.0642,0
2.1647,0.64372,0.17508,0.17508,8.2222,0
2.1647,0.66122,0,0.15172,8.3735,0
2.1986,0.6764,0.15255,0.15255,8.5289,0
2.2209,0.69165,0.14558,0.14558,8.6843,0
2.2263,0.70621,0.13038,0.13038,8.8275,0
2.238,0.71925,0.14124,0.14124,8.9738,0
2.238,0.73337,0,0.15121,9.125,0
2.238,0.74849,0,0.13992,9.2747,0
2.2721,0.76248,0.14023,0.14023,9.4176,0
2.2905,0.77651,0.14174,0.14174,9.562,0
2.309,0.79068,0.12083,0.12083,9.7126,0
2.309,0.80276,0,0.1066,9.8638,0
2.3151,0.81342,0.099964,0.099964,10.016,0
2.3172,0.82342,0.098948,0.098948,10.158,0
2.3314,0.83332,0.10318,0.10318,10.31,0
2.3319,0.84363,0.11947,0.11947,10.45,0
2.3531,0.85558,0.13786,0.13786,10.592,0
2.3698,0.86937,0.15555,0.15555,10.74,0
2.3698,0.88492,0,4.9,10.889,30.578
2.4018,1.3749,0.14433,4.9,11.014,31.222
2.4228,1.8649,0.11546,3.6043,11.086,21.307
2.4269,2.2254,0.084963,0.97231,11.124,2.759
2.4292,2.3226,0.068578,0.47983,11.142,0.94037
2.4292,2.3706,0,0.29758,11.151,0.67734
2.4502,2.4003,0.018976,0.21257,11.167,0.37383
2.4508,2.4216,-0.014355,0.12298,11.169,0.26598
2.4508,2.4339,0,0.079617,11.171,0.14517
2.4575,2.4418,-0.092259,0.065131,11.187,0.3552
2.4393,2.4484,-0.10755,-0.00068985,11.179,0.2749
2.4393,2.4483,0,-0.00074508,11.178,0.016951
2.428,2.4482,-0.10407,-0.0015337,11.173,0.28912
2.4201,2.4481,-0.10315,-0.0021246,11.178,0.30325
2.4129,2.4478,-0.091122,-0.002653,11.171,0.28582
2.4022,2.4476,-0.095243,-0.0034546,11.167,0.31909
2.3981,2.4472,-0.10003,-0.0037366,11.169,0.33997
2.3914,2.4469,-0.098231,-0.0042182,11.168,0.34866
2.3837,2.4464,-0.082805,-0.0047761,11.153,0.32245
2.3808,2.446,-0.10762,-0.0049656,11.149,0.3954
2.3808,2.4455,0,-0.0059826,11.143,0.12166
2.3474,2.4449,-0.12724,-0.0074507,11.121,0.52283
2.3277,2.4441,-0.14017,-0.0089019,11.118,0.60464
2.3091,2.4432,-0.15346,-0.010268,11.109,0.68695
2.294,2.4422,-0.14026,-0.011371,11.091,0.67764
2.2825,2.4411,-0.12925,-0.012202,11.069,0.66694
2.2727,2.4399,-0.1247,-0.012893,11.05,0.67238
2.2727,2.4386,0,-0.013658,11.033,0.32261
2.2445,2.4372,-0.10403,-0.014916,11.016,0.66673
2.2445,2.4357,0,-0.016209,10.997,0.3726
2.2445,2.4341,0,-0.017323,10.978,0.36622
2.2058,2.4324,-0.066567,-0.017686,10.946,0.63059
2.191,2.4306,-0.035534,-0.018735,10.93,0.57081
2.191,2.4287,0,-0.018989,10.906,0.47064
2.1724,2.4268,-0.075358,-0.020017,10.878,0.71816
2.1679,2.4248,-0.083331,-0.020268,10.855,0.7478
2.158,2.4228,-0.089003,-0.020948,10.829,0.78283
2.1536,2.4207,-0.1186,-0.021196,10.804,0.8823
2.1536,2.4186,0,-0.022125,10.777,0.52494
2.1536,2.4164,0,-0.022527,10.751,0.5188
2.1347,2.4141,-0.029142,-0.022448,10.705,0.63741
2.1251,2.4119,-0.034481,-0.023112,10.677,0.66823
2.1251,2.4095,0,-0.022508,10.648,0.56898
2.1251,2.4073,0,-0.022161,10.62,0.56468
2.1336,2.4051,-0.10493,-0.022042,10.609,0.84663
2.1149,2.4029,-0.097081,-0.023441,10.586,0.85941
2.1149,2.4005,-0.098969,-0.023309,10.564,0.85998
2.0989,2.3982,-0.075215,-0.024505,10.537,0.81632
2.0989,2.3957,0,-0.024911,10.507,0.59153
2.094,2.3933,-0.059915,-0.024613,10.493,0.76905
2.094,2.3908,0,-0.025742,10.463,0.58907
2.0713,2.3882,-0.097886,-0.026228,10.44,0.92776
2.0588,2.3856,-0.10576,-0.027128,10.413,0.97635
2.0588,2.3829,0,-0.028576,10.38,0.64542
2.0313,2.38,-0.10191,-0.029167,10.349,1.0143
2.0285,2.3771,-0.085514,-0.029281,10.314,0.95969
2.0276,2.3742,-0.053106,-0.029253,10.277,0.85249
2.0276,2.3713,0,-0.029839,10.242,0.68832
2.0276,2.3683,0,-0.029882,10.208,0.68112
2.005,2.3653,-0.08629,-0.030838,10.164,0.98753
1.9926,2.3622,-0.065017,-0.031761,10.132,0.94018
1.9825,2.359,-0.067761,-0.032497,10.096,0.96423
1.977,2.3558,-0.086487,-0.032834,10.06,1.0298
1.977,2.3525,0,-0.033248,10.022,0.75469
1.977,2.3492,0,-0.034279,9.9847,0.74381
1.8836,2.3457,-1.6089,-0.040663,9.942,5.4435
1.7171,2.3417,-2.5241,-0.055387,9.8833,7.3687
1.7171,2.3361,0,-0.078808,9.8211,1.2231
1.1079,2.3283,-4.0984,-0.11061,9.7165,11.459
1.1079,2.3172,0,-0.14907,9.595,2.6133
0.28248,2.3023,-3.9128,-0.19088,9.4046,12.457
-0.10929,2.2832,-3.6298,-0.23334,9.1765,12.538
-0.47186,2.2599,-3.3657,-0.27646,8.913,12.588
-0.47186,2.2322,0,-0.32041,8.6413,5.3664
-1.1273,2.2002,-3.1623,-0.3678,8.3025,13.19
-1.1273,2.1634,0,-0.42033,7.9716,6.359
-1.1273,2.1214,0,-0.48029,7.6446,6.1469
-1.1273,2.0733,0,-0.55167,7.3221,5.8984
-2.4493,2.0182,-3.7998,-0.6359,6.7312,16.303
-2.4493,1.9546,0,-0.73916,6.2877,7.9711
-3.2236,1.8807,-4.3349,-8.8,5.7689,1.5778
-3.6563,1.0007,-4.4179,-8.8,5.2861,0.83531
-4.0896,0.12066,-4.2632,-8.8,4.8505,0
-4.0896,0,0,-8.8,4.4735,0
-4.0896,0,0,-8.8,4.1085,0
-5.2733,0,-3.1447,-8.8,3.5548,0
-5.5892,0,-2.5641,-8.8,3.0483,0
-5.854,0,-2.102,-8.8775,2.5289,0
-6.062,0,-1.769,-11.096,1.9699,0
-6.2323,0,-1.3853,-15.119,1.4141,0
-6.3635,0,-0.97186,-24.735,0.85201,0
-6.3635,0,0,-64.586,0.33934,0
-6.5494,0,-0.77865,-18795,0.0011411,0
-6.6305,0,-0.7268,7.8,93.313,32.006
-6.7008,0.78,-0.70376,7.8,92.605,33.7
-6.777,1.56,-0.66739,7.8,91.819,35.379
-6.8471,2.34,-0.59459,7.8,90.938,36.969
-6.8471,3.12,0,7.8,89.981,37.319
-6.9554,3.9,-0.29411,7.8,88.922,39.758
-6.982,4.68,-0.05154,7.8,87.798,40.901
-6.9933,5.46,0.19033,7.8,86.582,42.015
-6.9814,6.24,0.42221,6.7,85.299,40.791
-6.9474,6.91,0.63748,6.7,83.949,41.643
-6.8913,7.58,0.77347,6.7,82.528,42.616
-6.8069,8.25,0.84989,6.7,81.054,43.656
-6.7257,8.92,0.90666,6.7,79.511,44.743
-6.6403,9.59,0.92524,6.7,77.924,45.903
-6.5422,10.26,0.86132,6.7,76.278,47.209
-6.5422,10.93,0,6.7,74.564,50.393
-6.3641,11.6,0.99038,6.7,72.806,49.32
-6.2693,12.27,1.13,4.8,70.986,46.213
-6.1507,12.75,1.299,4.8,69.106,46.599
-6.1507,13.23,0,4.8,67.192,50.313
-5.8606,13.71,1.6706,4.8,65.265,47.192
-5.8606,14.19,0,4.8,63.284,51.686
-5.5136,14.67,1.6731,4.8,61.29,48.443
-5.352,15.15,1.6008,4.8,59.261,49.248
-5.19,15.63,1.5094,4.8,57.199,50.092
-5.19,16.11,0,4.8,55.093,54.247
-4.8937,16.59,1.4134,4.8,52.964,51.654
-4.8937,17.07,0,4.8,50.791,55.608
-4.6165,17.55,1.3282,4.8,48.602,53.233
-4.6165,18.03,0,4.8,46.361,57.008
-4.6165,18.51,0,-1.6024,44.072,44.539
-4.2077,18.35,1.2386,-1.7102,41.821,40.543
-4.2077,18.179,0,-1.8296,39.574,42.544
-3.9682,17.996,1.0213,-1.9626,37.377,39.252
-3.9682,17.8,0,-2.1123,35.19,40.682
-3.7859,17.588,0.67518,-2.2819,33.057,38.1
-3.7859,17.36,0,-2.4748,30.931,38.645
-3.6688,17.113,0.45916,-2.6987,28.834,36.463
-3.6233,16.843,0.42814,-2.9511,26.781,35.351
-3.5828,16.548,0.3978,-3.2423,24.756,34.115
-3.5449,16.223,0.40118,-3.5783,22.768,32.66
-3.5449,15.866,0,-3.9689,20.809,31.948
-3.4616,15.469,0.46051,-4.4243,18.902,29.039
-3.4181,15.026,0.45001,-4.9585,17.038,26.943
-3.3806,14.53,0.44832,-5.5946,15.219,24.516
-3.3806,13.971,0,-6.343,13.456,22.739
-3.284,13.337,0.46434,-7.2379,11.764,18.384
-3.2474,12.613,0.45836,-11.948,10.138,6.9408
-3.2025,11.418,0.44715,-11.968,8.6086,4.3802
-3.1546,10.221,0.43622,-11.988,7.2001,1.8103
-3.1095,9.0224,0.4234,-12.005,5.9213,0
-3.063,7.8219,0.39768,-12.017,4.7718,0
-3.015,6.6202,0.36378,-12.053,3.7383,0
-2.974,5.4149,0.33025,-12.073,2.837,0
-2.9441,4.2076,0.30116,-12.173,2.0502,0
-2.9073,2.9904,0.16826,-12.366,1.3875,0
-2.8942,1.7538,-0.031983,-12.652,0.8559,0
-2.8942,0.48853,0,-12.911,0.45437,0
-2.8942,0,0,-24.409,0.18065,0
-2.9689,0,-0.56997,9.8,1,28.373
-3.0176,0.98,-0.67177,-13.063,0.64483,0
-3.0871,0,-0.71186,-16.263,0.30643,0
-3.0871,0,0,-70.656,0.079027,0
-3.0871,0,0,-46.93,0.12359,0
-3.3056,0,-0.83405,-247.94,0.02211,0
-3.3817,0,-0.90043,-8.8,0.92229,0
-3.4756,0,-1.0077,-10.602,0.62953,0
-3.5851,0,-1.1167,-21.18,0.32031,0
-3.5851,0,0,-96.68,0.067703,0
-3.8124,0,-1.2963,-43.544,0.17201,0
-3.8124,0,0,-7799.4,0.0084941,0
-4.0701,0,-1.294,7.8,38.598,27.949
-4.0701,0.78,0,7.8,38.152,26.829
-4.3305,1.56,-1.0854,7.8,37.589,31.242
-4.4414,2.34,-0.94013,7.8,36.945,32.763
-4.5439,3.12,-0.80679,7.8,36.23,34.292
-4.5439,3.9,0,7.8,35.425,34.196
-4.6942,4.68,-0.57725,7.8,34.528,37.316
-4.6942,5.46,0,7.8,33.552,37.702
-4.805,6.24,-0.50963,6.7,32.501,38.288
-4.805,6.91,0,6.7,31.363,38.591
-4.805,7.58,0,-0.62391,30.158,24.575
-4.9345,7.5176,-0.54289,-0.6619,28.919,25.773
-4.9345,7.4514,0,-0.70428,27.677,24.408
-4.9345,7.381,0,-0.74997,26.442,24.167
-4.9345,7.306,0,-0.80103,25.214,23.906
-5.1131,7.2259,-0.30394,-0.85758,23.953,24.628
-5.1131,7.1401,0,-0.92008,22.723,23.682
-5.1752,7.0481,-0.09928,-0.98899,21.492,23.685
-5.1942,6.9492,-0.034731,-1.0655,20.272,23.224
-5.1942,6.8427,0,-1.1509,19.063,22.753
-5.1942,6.7276,0,-1.2451,17.865,22.32
-5.1942,6.6031,0,-1.3522,16.679,21.839
-5.1829,6.4678,0.017415,-1.4734,15.498,21.248
-5.1777,6.3205,0.020865,-1.614,14.331,20.632
-5.174,6.1591,0.010667,-1.7729,13.195,19.981
-5.1802,5.9818,0.011366,-1.9585,12.075,19.239
-5.1691,5.786,-0.013839,-2.175,10.962,18.413
-5.1691,5.5685,0,-2.4337,9.8779,17.394
-5.1795,5.3251,-0.18165,-2.7337,8.8122,16.668
-5.1795,5.0517,0,-3.0997,7.7754,14.957
-5.232,4.7417,-0.37758,-8.8,6.7702,3.245
-5.2713,3.8617,-0.46043,-8.8,5.8177,1.6955
-5.3241,2.9817,-0.51647,-8.8,4.9492,0.11758
-5.3782,2.1017,-0.52388,-8.8,4.1586,0
-5.426,1.2217,-0.52907,-8.8,3.4561,0
-5.426,0.34174,0,-8.8,2.8353,0
-5.426,0,0,-8.8,2.3025,0
-5.426,0,0,-9.2962,1.8039,0
-5.426,0,0,-13.143,1.3078,0
-5.6803,0,-0.48176,-21.792,0.75706,0
-5.7277,0,-0.45744,-57.604,0.28704,0
-5.7681,0,-0.44105,9.8,1,33.84
-5.8104,0.98,-0.30229,-61.547,0.37643,0
