27.5,27.5,-0.57657,0,35.5,2.1372
27.438,27.5,-0.42534,-0.0095248,35.499,1.5372
27.438,27.499,0,-0.016624,35.493,0.090505
27.369,27.497,-0.14275,-0.019691,35.488,0.60884
27.369,27.495,0,-0.022021,35.475,0.21593
27.335,27.493,-0.1092,-0.024354,35.453,0.56879
27.328,27.491,-0.17421,-0.025138,35.428,0.7812
27.301,27.488,-0.17557,-0.028857,35.411,0.83635
27.292,27.485,-0.1719,-0.029923,35.383,0.83814
27.266,27.482,-0.16828,-0.033498,35.366,0.8747
27.249,27.479,-0.1217,-0.03567,35.352,0.75294
27.233,27.475,-0.12913,-0.037568,35.326,0.80099
27.226,27.472,-0.11633,-0.038042,35.304,0.76642
27.222,27.468,-0.10653,-0.038085,35.285,0.73628
27.222,27.464,0,-0.038405,35.261,0.43038
27.222,27.46,0,-0.03905,35.237,0.42018
27.222,27.456,0,-0.040022,35.213,0.40907
27.222,27.452,0,-0.040551,35.19,0.39886
27.222,27.448,0,-0.042331,35.167,0.38552
27.222,27.444,0,-0.045041,35.145,0.3696
27.145,27.44,-0.01034,-0.046049,35.104,0.5578
27.145,27.435,0,-0.04697,35.075,0.51792
27.138,27.43,-0.031752,-0.045773,35.032,0.61
27.138,27.426,0,-0.045377,35.003,0.51602
27.15,27.421,0.055205,-0.042614,34.966,0.35309
27.165,27.417,0.052051,-0.039621,34.95,0.32614
27.168,27.413,0.066998,-0.038536,34.926,0.28048
27.179,27.409,0.026123,-0.036234,34.899,0.34634
27.173,27.405,-0.060677,-0.036645,34.883,0.57402
27.162,27.402,-0.17408,-0.037881,34.866,0.94177
27.138,27.398,-0.25106,-0.041057,34.834,1.2662
27.123,27.394,-0.28011,-0.042888,34.807,1.4076
27.094,27.39,-0.22728,-0.046855,34.768,1.2552
27.094,27.385,0,-0.050048,34.739,0.51219
27.094,27.38,0,-0.054622,34.71,0.48928
27.094,27.374,0,-0.058762,34.682,0.46666
26.98,27.369,-0.24848,-0.061997,34.632,1.5509
26.955,27.362,-0.2705,-0.06503,34.597,1.6854
26.935,27.356,-0.19447,-0.067315,34.564,1.4101
26.92,27.349,-0.10328,-0.068755,34.522,1.101
26.905,27.342,-0.031528,-0.070108,34.469,0.88948
26.893,27.335,-0.0031909,-0.071111,34.426,0.81766
26.9,27.328,0.078333,-0.068911,34.376,0.57672
26.902,27.321,0.11067,-0.06765,34.325,0.48599
26.902,27.314,0,-0.066261,34.283,0.75047
26.922,27.308,0.090834,-0.062524,34.241,0.47188
26.922,27.302,0,-0.06032,34.202,0.68988
26.93,27.296,0.049245,-0.059328,34.183,0.5327
26.926,27.29,0.066135,-0.05911,34.144,0.48845
26.923,27.284,0.071906,-0.058764,34.103,0.46978
26.921,27.278,0.14152,-0.058243,34.064,0.31343
26.927,27.272,0.17508,-0.056354,34.037,0.23037
26.927,27.266,0,-0.053209,34.003,0.61479
26.927,27.261,0,-0.050252,33.969,0.6103
26.978,27.256,0.12147,-0.04555,33.937,0.2206
26.978,27.251,0,-0.041609,33.909,0.49308
27.004,27.247,-0.080066,-0.04005,33.878,0.64653
27.004,27.243,0,-0.040767,33.854,0.41963
27.004,27.239,0,-0.043115,33.83,0.40476
27.004,27.235,0,-0.044579,33.807,0.39162
26.961,27.23,-0.058707,-0.044587,33.78,0.63616
26.948,27.226,0.012119,-0.046063,33.745,0.4635
26.953,27.221,-0.036041,-0.044409,33.719,0.56947
26.953,27.217,0,-0.045106,33.692,0.46314
26.938,27.212,-0.1197,-0.045579,33.647,0.82724
26.938,27.208,0,-0.045311,33.62,0.47632
26.919,27.203,-0.024206,-0.047301,33.603,0.56725
26.919,27.199,0,-0.047908,33.575,0.49163
26.917,27.194,0.10387,-0.046151,33.544,0.25238
26.937,27.189,0.095004,-0.042061,33.513,0.22861
26.937,27.185,0,-0.039052,33.488,0.44197
26.966,27.181,0.065033,-0.03608,33.468,0.22948
26.963,27.178,0.00035711,-0.035939,33.445,0.37505
26.963,27.174,0,-0.034893,33.424,0.37052
26.961,27.17,0.015601,-0.035139,33.402,0.32906
26.962,27.167,0.0098015,-0.034486,33.38,0.33545
26.96,27.163,0.028002,-0.034252,33.363,0.29021
26.966,27.16,0.1054,-0.032707,33.344,0.11284
26.969,27.157,0.11401,-0.03163,33.331,0.086233
26.969,27.154,0,-0.030803,33.312,0.32268
26.969,27.151,0,-0.026472,33.294,0.32631
27.01,27.148,0.15734,-0.02324,33.269,0
27.029,27.146,0.19783,-0.019728,33.256,0
27.029,27.144,0,-0.016389,33.244,0.20488
27.069,27.142,0.26271,-0.012341,33.243,0
27.089,27.141,0.30449,-0.0087264,33.229,0
27.113,27.14,0.33291,-0.004479,33.224,0
27.113,27.139,0,-0.00035013,33.222,0.053018
27.164,27.139,0.29293,0.0048496,33.209,0
27.19,27.14,0.28382,0.0098627,33.219,0
27.226,27.141,0.26091,0.016633,33.228,0
27.258,27.142,0.24654,0.022724,33.244,0
27.277,27.145,0.27377,0.025982,33.247,0
27.277,27.147,0,0.030353,33.26,0
27.337,27.15,0.30433,0.036703,33.275,0
27.358,27.154,0.34003,0.040112,33.289,0
27.402,27.158,0.36974,0.047944,33.304,0
27.447,27.163,0.35087,0.055715,33.326,0
27.447,27.168,0,0.06172,33.354,0
27.447,27.175,0,0.066322,33.382,0
27.55,27.181,0.28132,0.072465,33.434,0
27.568,27.188,0.26765,0.074746,33.482,0
27.594,27.196,0.252,0.07829,33.518,0
27.61,27.204,0.27857,0.079988,33.556,0
27.645,27.212,0.2826,0.08537,33.603,0
27.677,27.22,0.29441,0.090117,33.657,0
27.701,27.229,0.32101,0.093065,33.695,0
27.701,27.239,0,0.095812,33.741,0
27.761,27.248,0.34501,0.10141,33.796,0
27.805,27.258,0.3382,0.10829,33.857,0
27.832,27.269,0.30631,0.11154,33.916,0
27.871,27.28,0.27002,0.11706,33.98,0
27.892,27.292,0.2665,0.11897,34.033,0
27.892,27.304,0,0.12081,34.092,0
27.892,27.316,0,0.12245,34.15,0
27.961,27.328,0.29261,0.12596,34.219,0
27.988,27.341,0.29872,0.12881,34.291,0
28.017,27.354,0.25923,0.13221,34.35,0
28.034,27.367,0.24444,0.13298,34.41,0
28.034,27.38,0,0.1372,34.476,0
28.085,27.394,0.049983,0.13817,34.539,0
28.084,27.408,-0.046592,0.13537,34.616,0
28.089,27.421,-0.095333,0.13365,34.685,0
28.08,27.435,-0.12711,0.12935,34.751,0
28.08,27.448,0,0.12487,34.815,0
28.058,27.46,-0.11321,0.12007,34.879,0
28.042,27.472,-0.12887,0.11446,34.937,0
28.034,27.484,-0.17467,0.1106,34.987,0
28.021,27.495,-0.22533,0.10583,35.042,0
28.007,27.505,-0.17315,0.10096,35.083,0
28.007,27.515,0,0.094105,35.133,0
28.007,27.525,0,0.090408,35.182,0
27.971,27.534,-0.0069751,0.088102,35.212,0
27.967,27.543,0.085289,0.085609,35.254,0
27.967,27.551,0,0.083898,35.296,0
27.97,27.56,0.16931,0.08284,35.345,0
27.978,27.568,0.23566,0.082776,35.378,0
27.992,27.576,0.25818,0.084063,35.426,0
28.019,27.585,0.31578,0.087772,35.467,0
28.041,27.593,0.32389,0.090528,35.514,0
28.041,27.602,0,0.097298,35.558,0
28.107,27.612,0.30778,0.10022,35.597,0
28.136,27.622,0.3696,0.10409,35.652,0
28.175,27.633,0.36141,0.10996,35.708,0
28.204,27.644,0.3782,0.11382,35.756,0
28.248,27.655,0.39098,0.12043,35.823,0
28.279,27.667,0.40413,0.12438,35.882,0
28.314,27.679,0.37162,0.1292,35.95,0
28.354,27.692,0.36871,0.13474,36.016,0
28.384,27.706,0.36326,0.13822,36.087,0
28.42,27.72,0.39848,0.14288,36.161,0
28.453,27.734,0.43048,0.147,36.236,0
28.493,27.749,0.46647,0.15226,36.308,0
28.543,27.764,0.46509,0.15955,36.378,0
28.599,27.78,0.49081,0.16779,36.455,0
28.651,27.797,0.4771,0.17522,36.542,0
28.702,27.814,0.46503,0.18223,36.632,0
28.702,27.832,0,0.18754,36.72,0
28.702,27.851,0,0.19402,36.806,0
28.845,27.87,0.46214,0.20075,36.928,0
28.845,27.891,0,0.20844,37.024,0
28.845,27.911,0,0.21231,37.118,0
28.993,27.933,0.44052,0.2194,37.248,0
29.036,27.955,0.40645,0.224,37.345,0
29.08,27.977,0.43789,0.22876,37.463,0
29.13,28,0.43207,0.23481,37.579,0
29.164,28.023,0.4395,0.23734,37.698,0
29.206,28.047,0.45589,0.24134,37.812,0
29.25,28.071,0.45885,0.24578,37.927,0
29.25,28.096,0,0.24964,38.044,0
29.25,28.121,0,0.25413,38.158,0
29.377,28.146,0.48154,0.25764,38.297,0
29.416,28.172,0.48011,0.26074,38.416,0
29.471,28.198,0.47249,0.26734,38.547,0
29.519,28.225,0.47921,0.2721,38.681,0
29.519,28.252,0,0.27868,38.809,0
29.519,28.28,0,0.28395,38.935,0
29.666,28.308,0.42532,0.28673,39.085,0
29.709,28.337,0.43146,0.29013,39.225,0
29.756,28.366,0.44711,0.29454,39.366,0
29.804,28.395,0.4229,0.29879,39.508,0
29.856,28.425,0.40916,0.30391,39.64,0
29.856,28.456,0,0.30649,39.782,0
29.932,28.486,0.41209,0.30788,39.916,0
29.977,28.517,0.40255,0.31132,40.061,0
30.024,28.548,0.39128,0.31504,40.198,0
30.065,28.58,0.39148,0.31749,40.35,0
30.109,28.611,0.41348,0.3206,40.502,0
30.144,28.643,0.42612,0.32164,40.644,0
30.188,28.676,0.3835,0.3248,40.8,0
30.218,28.708,0.382,0.32469,40.96,0
30.26,28.741,0.36255,0.32723,41.117,0
30.292,28.773,0.34039,0.32749,41.268,0
30.328,28.806,0.32907,0.32881,41.42,0
30.357,28.839,0.37262,0.32833,41.579,0
30.403,28.872,0.35988,0.33167,41.721,0
30.443,28.905,0.37922,0.33346,41.865,0
30.476,28.938,0.40539,0.33375,42.013,0
30.525,28.972,0.39709,0.33763,42.165,0
30.567,29.005,0.37877,0.33999,42.326,0
30.615,29.039,0.39662,0.34339,42.476,0
30.662,29.074,0.36808,0.34653,42.627,0
30.662,29.108,0,0.34634,42.784,0
30.723,29.143,0.28238,0.3456,42.94,0
30.749,29.178,0.27603,0.34425,43.104,0
30.785,29.212,0.22689,0.34492,43.266,0
30.81,29.246,0.19685,0.34338,43.419,0
30.81,29.281,0,0.34267,43.573,0
30.852,29.315,0.21097,0.33826,43.713,0
30.866,29.349,0.21838,0.3342,43.875,0
30.866,29.382,0,0.33068,44.025,0
30.866,29.415,0,0.32764,44.172,0
30.923,29.448,0.14209,0.32599,44.31,0
30.942,29.481,0.058402,0.32337,44.461,0
30.951,29.513,-0.034152,0.31861,44.613,0
30.948,29.545,-0.094593,0.31127,44.749,0
30.948,29.576,0,0.3029,44.888,0
30.948,29.606,0,0.29331,45.024,0
30.948,29.636,0,0.28556,45.156,0
30.916,29.664,-0.10948,0.27876,45.293,0
30.903,29.692,-0.14464,0.26989,45.421,0
30.881,29.719,-0.1571,0.25914,45.539,0
30.865,29.745,-0.21417,0.24994,45.644,0
30.84,29.77,-0.28631,0.23904,45.76,0
30.82,29.794,-0.2709,0.22935,45.873,0
30.82,29.817,0,0.21964,45.974,0
30.776,29.839,-0.25884,0.2098,46.062,0
30.755,29.86,-0.20212,0.2005,46.151,0
30.744,29.88,-0.20623,0.19354,46.239,0
30.731,29.899,-0.25669,0.18653,46.321,0
30.731,29.918,0,0.17647,46.403,0
30.672,29.936,-0.30324,0.16524,46.47,0
30.651,29.952,-0.3688,0.15683,46.534,0
30.605,29.968,-0.38987,0.14301,46.597,0
30.564,29.982,-0.45857,0.13082,46.661,0.30781
30.519,29.995,-0.46943,0.11772,46.708,0.46951
30.519,30.007,0,0.10667,46.76,0
30.434,30.018,-0.47587,0.093708,46.815,0.71866
30.387,30.027,-0.45672,0.081048,46.851,0.75601
30.335,30.035,-0.40117,0.067548,46.887,0.65444
30.287,30.042,-0.41781,0.055238,46.911,0.83327
30.287,30.047,0,0.046826,46.936,0
30.213,30.052,-0.45766,0.036219,46.951,1.1825
30.16,30.056,-0.48575,0.023413,46.971,1.4358
30.11,30.058,-0.44504,0.011778,46.987,1.3599
30.063,30.059,-0.37354,0.00092126,46.986,1.1509
30.063,30.059,0,-0.0026527,46.987,0
30,30.059,-0.35527,-0.006305,46.975,1.2345
30,30.058,0,-0.010389,46.969,0.098893
29.927,30.057,-0.39151,-0.013881,46.946,1.5781
29.895,30.056,-0.42902,-0.01723,46.938,1.8393
29.856,30.054,-0.41819,-0.021139,46.911,1.8878
29.822,30.052,-0.44719,-0.024609,46.884,2.1223
29.774,30.05,-0.45811,-0.029544,46.866,2.3107
29.733,30.047,-0.49123,-0.033635,46.834,2.6004
29.683,30.043,-0.52755,-0.038687,46.794,2.9486
29.622,30.039,-0.51451,-0.044852,46.75,3.0469
29.57,30.035,-0.52502,-0.050077,46.697,3.2577
29.524,30.03,-0.4869,-0.054567,46.646,3.1569
29.485,30.024,-0.48214,-0.058298,46.584,3.2315
29.485,30.019,0,-0.063092,46.53,1.0562
29.385,30.012,-0.52315,-0.068001,46.452,3.7554
29.33,30.006,-0.52282,-0.073392,46.382,3.9074
29.33,29.998,0,-0.077532,46.315,1.3536
29.236,29.99,-0.58432,-0.082389,46.241,4.58
29.17,29.982,-0.50957,-0.088874,46.17,4.2628
29.115,29.973,-0.54675,-0.094226,46.089,4.6672
29.055,29.964,-0.53158,-0.10002,46.007,4.7299
29.011,29.954,-0.49262,-0.10402,45.911,4.5737
28.967,29.943,-0.48771,-0.10807,45.824,4.6511
28.924,29.933,-0.51015,-0.11196,45.719,4.9081
28.924,29.921,0,-0.11645,45.619,2.1195
28.821,29.91,-0.44522,-0.12174,45.508,4.7291
28.821,29.898,0,-0.12552,45.4,2.315
28.821,29.885,0,-0.12844,45.292,2.2672
28.698,29.872,-0.54731,-0.13274,45.164,5.7283
28.698,29.859,0,-0.13816,45.047,2.5132
28.578,29.845,-0.55627,-0.14441,44.922,6.1154
28.578,29.831,0,-0.15011,44.796,2.7412
28.47,29.816,-0.52713,-0.15464,44.662,6.1592
28.419,29.8,-0.50169,-0.15947,44.528,6.0879
28.419,29.784,0,-0.16422,44.391,3.0286
28.321,29.768,-0.55191,-0.16862,44.244,6.6965
28.321,29.751,0,-0.174,44.1,3.1889
28.211,29.734,-0.57573,-0.17917,43.946,7.1488
28.211,29.716,0,-0.18591,43.794,3.3724
28.211,29.697,0,-0.19031,43.645,3.2937
28.045,29.678,-0.55379,-0.19534,43.461,7.3482
28.045,29.659,0,-0.19976,43.299,3.6618
28.045,29.639,0,-0.20503,43.139,3.5728
27.891,29.618,-0.51624,-0.21021,42.942,7.3532
27.831,29.597,-0.56003,-0.21622,42.77,7.8487
27.773,29.575,-0.55793,-0.22203,42.593,7.9549
27.715,29.553,-0.57471,-0.22775,42.42,8.2206
27.665,29.53,-0.52503,-0.23272,42.23,7.8874
27.665,29.507,0,-0.23703,42.045,4.2467
27.575,29.483,-0.49589,-0.24105,41.86,7.7756
27.522,29.459,-0.52292,-0.2464,41.668,8.0952
27.522,29.435,0,-0.25166,41.475,4.4144
27.522,29.41,0,-0.25588,41.285,4.308
27.374,29.384,-0.53669,-0.261,41.078,8.4384
27.325,29.358,-0.48865,-0.26587,40.876,8.0993
27.273,29.331,-0.49805,-0.27113,40.674,8.255
27.228,29.304,-0.4702,-0.2754,40.472,8.0704
27.228,29.277,0,-0.28115,40.266,4.7349
27.129,29.249,-0.52571,-0.28553,40.053,8.6679
27.076,29.22,-0.54154,-0.29097,39.848,8.8793
27.03,29.191,-0.51193,-0.2954,39.641,8.6636
26.973,29.161,-0.50976,-0.30178,39.414,8.7279
26.929,29.131,-0.50174,-0.30625,39.188,8.6899
26.929,29.101,0,-0.31285,38.97,5.0077
26.812,29.069,-0.4768,-0.31915,38.736,8.6316
26.812,29.037,0,-0.32398,38.512,5.1385
26.715,29.005,-0.44734,-0.32953,38.268,8.4565
26.715,28.972,0,-0.33493,38.04,5.1937
26.624,28.939,-0.4406,-0.33885,37.815,8.4449
26.624,28.905,0,-0.34301,37.585,5.2362
26.538,28.87,-0.44326,-0.3476,37.351,8.4853
26.499,28.836,-0.44435,-0.35154,37.11,8.4858
26.449,28.8,-0.4482,-0.35693,36.879,8.5455
26.398,28.765,-0.46777,-0.36245,36.651,8.7394
26.355,28.728,-0.44769,-0.36695,36.417,8.5717
26.355,28.692,0,-0.37283,36.181,5.2832
26.235,28.654,-0.91364,-0.38111,35.948,13.344
26.146,28.616,-1.363,-0.39302,35.699,19.709
26.013,28.577,-1.8563,-0.41192,35.455,29.346
26.013,28.536,0,-0.43838,35.201,5.605
25.598,28.492,-2.9406,-0.47561,34.9,64.481
25.301,28.444,-3.3386,-0.52307,34.6,84.666
24.973,28.392,-3.5876,-0.57686,34.269,100.24
24.609,28.334,-3.8044,-0.6384,33.904,115.67
24.609,28.271,0,-0.70284,33.535,8.4339
23.851,28.2,-4.0427,-0.77227,33.079,135.17
23.851,28.123,0,-0.84565,32.648,10.041
23.048,28.039,-4.1352,-0.92256,32.159,144
23.048,27.946,0,-1.0063,31.665,11.654
23.048,27.846,0,-1.0945,31.18,10.629
21.782,27.736,-4.2376,-1.1866,30.513,154.21
21.36,27.618,-4.4178,-1.2828,29.909,170.12
20.912,27.489,-4.5704,-1.3897,29.277,184.72
20.912,27.35,0,-1.5057,28.626,15.038
20.912,27.2,0,-1.631,27.989,13.447
20.912,27.037,0,-1.7703,27.369,11.804
18.999,26.86,-4.9228,-1.9191,26.418,223.18
18.498,26.668,-4.86,-2.0815,25.623,216.36
18.498,26.46,0,-2.2561,24.817,16.545
17.532,26.234,-4.4346,-2.4379,23.932,174.18
17.532,25.99,0,-2.6234,23.074,16.142
16.685,25.728,-3.5176,-2.8158,22.162,107.49
16.685,25.446,0,-3.0066,21.272,14.83
16.685,25.146,0,-3.1859,20.411,12.509
15.8,24.827,-1.9356,-3.3569,19.443,40.413
15.605,24.491,-1.5985,-3.517,18.557,30.394
15.605,24.14,0,-3.6741,17.686,10.323
15.605,23.772,0,-3.2522,16.851,11.078
15.605,23.447,0,-3.1198,16.05,10.612
15.108,23.135,-0.82503,-2.9493,15.166,19.564
15.108,22.84,0,-2.9,14.378,11.373
14.963,22.55,-0.40313,-2.9,13.608,13.619
14.926,22.26,-0.076668,-2.9,12.87,10.369
14.922,21.97,0.19108,-2.9,12.159,8.2186
14.942,21.68,0.36669,-2.9,11.48,6.9506
14.969,21.39,0.45099,-2.9,10.83,6.2292
15.013,21.1,0.49474,-2.9,10.211,5.7603
15.058,20.81,0.45877,-2.9,9.6274,5.4625
15.058,20.52,0,-2.9,9.0667,5.2503
15.136,20.23,0.30408,-2.9,8.5576,5.0627
15.169,19.94,0.25592,-2.9,8.0548,5.0249
15.194,19.65,0.21865,-2.9,7.5886,5.1284
15.222,19.36,0.18844,-2.9,7.1609,5.4036
15.222,19.07,0,-2.9,6.7616,5.1555
15.252,18.78,0.18735,-2.9,6.3861,6.7566
15.262,18.49,0.15789,-2.9,6.0428,7.6155
15.262,18.2,0,-4.4,5.7345,56.159
15.29,17.76,0.081257,-4.4,5.4654,75.493
15.304,17.32,0.030316,-4.4,5.25,100.44
15.306,16.88,-0.0092704,-4.4,5.0631,137.01
15.313,16.44,-0.036093,-4.4,4.931,195.99
15.313,16,0,-4.4,4.8403,286.73
15.299,15.56,-0.068401,-4.4,4.798,508.53
15.29,15.12,-0.093677,-4.4,4.8009,1287.6
15.285,14.68,-0.091785,-4.4,4.8459,0
15.278,14.24,-0.12172,-4.4,4.9312,0
15.264,13.8,-0.17079,-4.4,5.0647,0
15.264,13.36,0,-4.4,5.2331,0
15.215,12.92,-0.24702,-4.4,5.4408,0
15.195,12.48,-0.3316,-4.4,5.6939,0
15.17,12.04,-0.39116,-5.2,5.9758,0
15.129,11.52,-0.45706,-5.2,6.3196,0
15.075,11,-0.50841,-5.2,6.7117,0
15.033,10.48,-0.57172,-5.2,7.1448,0
15.033,9.9601,0,-5.2,7.6262,0
15.033,9.4401,0,-5.2,8.1595,0
15.033,8.9201,0,-5.2,8.7448,0
14.797,8.4001,-0.75896,2.8722,9.3343,0
14.724,8.6873,-0.83636,2.7128,9.9518,0
14.641,8.9586,-0.94953,2.5508,10.53,0
14.641,9.2137,0,2.3848,11.085,0
14.43,9.4521,-1.179,2.2246,11.586,0.094468
14.321,9.6746,-1.2949,2.0702,12.063,1.6361
14.192,9.8816,-1.3988,1.9152,12.513,3.2039
14.049,10.073,-1.4512,1.7624,12.935,4.2662
13.901,10.249,-1.4934,1.6144,13.326,5.2302
13.761,10.411,-1.57,1.477,13.678,6.6548
13.596,10.559,-1.6359,1.3351,14,8.0299
13.429,10.692,-1.7008,1.2002,14.292,9.4463
13.265,10.812,-1.7965,1.0725,14.549,11.432
13.265,10.919,0,0.94239,14.789,0
13.265,11.014,0,0.81684,15.019,0
13.265,11.095,0,0.69505,15.24,0
13.265,11.165,0,0.58182,15.454,0
12.32,11.223,-1.935,0.47483,15.429,16.109
12.117,11.27,-1.9341,0.36566,15.518,16.506
12.117,11.307,0,0.26576,15.601,0
11.73,11.334,-1.9185,0.17095,15.656,16.962
11.543,11.351,-1.9357,0.083132,15.689,17.646
11.349,11.359,-1.9226,-0.0023202,15.69,17.759
11.349,11.359,0,-0.046994,15.689,0
11.349,11.354,0,-0.090786,15.689,0
10.759,11.345,-2.0324,-0.13455,15.602,22.487
10.545,11.331,-2.0474,-0.18156,15.528,23.667
10.335,11.313,-2.079,-0.22783,15.435,25.199
10.335,11.291,0,-0.27228,15.338,1.4774
9.9233,11.263,-2.1604,-0.31869,15.197,28.645
9.6974,11.231,-2.1622,-0.36926,15.058,29.474
9.4721,11.195,-2.1811,-0.4209,14.889,30.678
9.2474,11.152,-2.2113,-0.47331,14.704,32.137
9.0205,11.105,-2.2058,-0.52669,14.514,32.635
9.0205,11.052,0,-0.5825,14.309,3.3286
8.5617,10.994,-2.2625,-0.63918,14.08,35.277
8.5617,10.93,0,-0.69619,13.84,3.8766
8.5617,10.861,0,-0.75586,13.607,3.4369
8.5617,10.785,0,-0.81961,13.381,3.003
7.6759,10.703,-2.257,-0.88512,12.968,36.333
7.4403,10.615,-2.2592,-0.95788,12.653,36.53
7.21,10.519,-2.2543,-1.0309,12.337,36.435
7.21,10.416,0,-1.1032,12.011,4.7403
6.7775,10.305,-2.2577,-1.1805,11.658,36.175
6.5503,10.187,-2.2693,-1.2638,11.308,36.193
6.3326,10.061,-2.2723,-1.3512,10.934,35.788
6.3326,9.9258,0,-1.4415,10.568,4.566
5.8904,9.7817,-2.2644,-1.5398,10.177,34.264
5.6553,9.6277,-2.2784,-5.2,9.7875,17.073
5.4307,9.1077,-2.3075,-5.2,9.4006,6.6274
5.4307,8.5877,0,-5.2,9.0589,35.671
5.4307,8.0677,0,-5.2,8.7692,34.605
4.7491,7.5477,-2.2413,-5.2,8.4336,0
4.5187,7.0277,-2.1869,-5.2,8.1655,0
4.5187,6.5077,0,-5.2,7.9406,16.045
4.5187,5.9877,0,-8.8,7.7677,7.4143
3.902,5.1077,-2.0078,-0.38514,7.5734,9.4931
3.902,5.0692,0,-8.8,7.4547,0
3.5022,4.1892,-1.8284,-0.18688,7.3318,7.8576
3.3275,4.1705,-1.7406,-0.23208,7.2576,7.809
3.1443,4.1473,-1.6486,-0.27992,7.1718,7.7433
2.9716,4.1193,-1.5783,-0.32529,7.0736,7.6792
2.8117,4.0868,-1.5361,-8.8,6.9448,0
2.6671,3.2068,-1.5177,-0.12267,6.8634,6.0895
2.5229,3.1945,-1.4975,-0.15439,6.7993,6.1637
2.3776,3.1791,-1.4887,-0.18671,6.7237,6.2453
2.2279,3.1604,-1.4668,-0.22085,6.6309,6.2987
2.081,3.1383,-1.4303,-8.8,6.5379,0
1.9292,2.2583,-1.4316,-0.056535,6.4645,4.7118
1.9292,2.2527,0,-0.080788,6.4318,0.50791
1.642,2.2446,-1.4162,-0.10517,6.3777,5.0301
1.5096,2.2341,-1.3569,-0.12831,6.3016,5.0713
1.5096,2.2212,0,-0.15375,6.2298,1.2262
1.2332,2.2059,-1.113,-0.17764,6.1343,4.9256
1.2332,2.1881,0,-8.8,6.038,0
1.0219,1.3081,-0.78296,-0.031116,5.9665,2.6903
0.94018,1.305,-0.64247,-0.039982,5.9286,2.5558
0.88474,1.301,-0.49223,-0.046082,5.8807,2.3614
0.88474,1.2964,0,-0.050621,5.8393,0.79252
