13.056,13.056,0.59996,0,35.5,0
13.056,13.056,0,0.040008,35.5,0.088064
13.149,13.06,0.71541,0.063377,35.51,0
13.149,13.066,0,0.10429,35.519,0.058076
13.149,13.076,0,0.14435,35.527,0.18269
13.33,13.091,0.25906,0.16844,35.564,0
13.33,13.108,0,0.17422,35.587,0
13.359,13.125,-0.20218,0.16451,35.61,0.45392
13.349,13.141,-0.25922,0.14547,35.626,0.66446
13.332,13.156,-0.27593,0.12276,35.636,0.73442
13.302,13.168,-0.27569,0.093164,35.654,0.7437
13.302,13.178,0,0.06467,35.667,0
13.235,13.184,-0.48044,0.035166,35.672,1.6382
13.191,13.188,-0.64338,0.0022235,35.677,2.5193
13.191,13.188,0,-0.0037252,35.677,0
13.191,13.187,0,-0.0088113,35.677,0
12.975,13.187,-0.83518,-0.01464,35.655,4.6017
12.882,13.185,-0.86453,-0.020915,35.631,5.1946
12.787,13.183,-0.90068,-0.027416,35.597,5.882
12.69,13.18,-0.9324,-0.03401,35.545,6.5608
12.604,13.177,-0.93253,-0.039822,35.499,6.9138
12.516,13.173,-0.93782,-0.045751,35.429,7.3224
12.516,13.168,0,-0.052394,35.363,1.3946
12.328,13.163,-0.90188,-0.058558,35.283,7.7482
12.23,13.157,-0.91892,-0.065202,35.198,8.3151
12.143,13.151,-1.0139,-0.071147,35.105,9.6737
12.051,13.144,-1.1425,-0.077498,34.997,11.571
11.942,13.136,-1.2733,-0.085074,34.885,13.778
11.812,13.127,-1.3776,-0.094264,34.752,15.914
11.812,13.118,0,-0.10406,34.621,3.101
11.812,13.107,0,-0.11388,34.491,3.0253
11.812,13.096,0,-0.12474,34.362,2.9429
11.812,13.084,0,-0.13443,34.234,2.8632
11.134,13.07,-1.3499,-0.14378,33.916,18.829
11.009,13.056,-1.4049,-0.15325,33.724,20.316
10.872,13.04,-1.4338,-0.16388,33.506,21.466
10.735,13.024,-1.4775,-0.17467,33.28,22.885
10.586,13.007,-1.4171,-0.18662,33.049,22.572
10.444,12.988,-1.3826,-0.19824,32.802,22.655
10.305,12.968,-1.4054,-0.21002,32.533,23.692
10.305,12.947,0,-0.22214,32.267,7.2864
10.305,12.925,0,-0.23533,32.004,7.1183
9.8652,12.901,-1.8546,-0.24895,31.668,34.795
9.8652,12.876,0,-0.26571,31.366,8.5211
9.4666,12.85,-2.0634,-0.28551,31.039,41.972
9.4666,12.821,0,-0.30489,30.703,9.7207
9.4666,12.791,0,-0.32497,30.369,9.4547
8.8553,12.758,-1.9151,-0.34668,29.951,41.335
8.6696,12.724,-1.8676,-0.36709,29.551,41.041
8.6696,12.687,0,-0.38859,29.147,12.085
8.6696,12.648,0,-0.41185,28.748,11.739
8.0952,12.607,-2.0022,-0.4349,28.28,46.908
8.0952,12.563,0,-0.46141,27.831,13.644
7.6794,12.517,-2.071,-0.48949,27.334,50.46
7.6794,12.468,0,-0.51956,26.853,14.73
7.6794,12.416,0,-0.55159,26.376,14.233
7.6794,12.361,0,-0.585,25.906,13.716
7.6794,12.303,0,-0.61911,25.44,13.186
6.6404,12.241,-1.9397,-0.6544,24.686,50.575
6.44,12.175,-1.8981,-0.692,24.126,50.03
6.259,12.106,-1.9311,-0.73031,23.538,51.201
6.06,12.033,-1.9896,-0.7725,22.955,53.107
5.8605,11.956,-2.0301,-0.81827,22.348,54.493
5.6577,11.874,-2.0956,-0.86676,21.742,56.543
5.4519,11.787,-2.2101,-0.92,21.111,59.976
5.2373,11.695,-2.3453,-0.97867,20.468,64.167
5.0005,11.598,-2.5069,-1.0447,19.82,29.883
4.7563,11.493,-2.6663,-1.1187,19.143,29.321
4.7563,11.381,0,-1.2045,18.475,18.295
4.1976,11.261,-2.8218,-1.2998,17.749,28.214
3.9119,11.131,-2.8517,-1.4032,17.04,27.581
3.621,10.99,-2.8523,-1.5195,16.306,26.856
3.621,10.839,0,-1.6461,15.576,17.675
3.0581,10.674,-2.8549,-1.7868,14.792,25.1
2.7755,10.495,-2.8717,-1.9406,14.031,24.098
2.4855,10.301,-2.863,-2.1151,13.254,22.971
2.1984,10.09,-2.8906,-2.3077,12.475,21.786
1.9128,9.8589,-2.9402,-2.5276,11.677,20.521
1.6238,9.6061,-2.9659,-2.778,10.872,19.147
1.3328,9.3283,-2.8576,-3.0609,10.066,17.49
1.0489,9.0223,-2.5516,-5.9847,9.2591,9.1316
0.7989,8.4238,-2.0804,-5.506,8.4859,8.433
0.5892,7.8732,-1.5554,-5.2,7.7408,7.2741
0.43693,7.3532,-0.99785,-5.2,7.023,5.3486
0.34193,6.8332,-0.54012,-5.2,6.3434,3.5155
0.29756,6.3132,-0.26679,-5.2,5.7273,1.9661
0.27672,5.7932,-0.1178,-8.8,5.1572,0
0.25875,4.9132,0.0052096,-8.8,4.6503,0
0.26613,4.0332,0.03216,-8.8,4.2295,0
0.27911,3.1532,-0.035301,-8.8,3.8949,0
0.28444,2.2732,-0.17794,-8.8,3.6494,0
0.26212,1.3932,-0.39618,-8.8,3.493,0
0.21581,0.51318,-0.64596,-8.8,3.4258,0
0.21581,0,0,-8.8,3.4401,0
0.071122,0,-1.0243,-8.8,3.4956,0
0.071122,0,0,-8.8,3.5467,0
-0.14491,0,-1.3411,-8.8,3.5854,0
-0.14491,0,0,-8.8,3.6149,0
-0.4272,0,-1.387,-8.8,3.6023,0
-0.56009,0,-1.0245,-8.8,3.6017,0
-0.65988,0,-0.63211,-8.8,3.5823,0
-0.73122,0,-0.31169,-8.8,3.5474,0
-0.75388,0,0.053436,-8.8,3.5105,0
-0.75235,0,0.20706,-8.8,3.4835,0
-0.75235,0,0,-8.8,3.4522,0
-0.75235,0,0,-8.8,3.421,0
-0.73048,0,0.047939,-8.8,3.4056,0
-0.72908,0,0.13159,-8.8,3.3766,0
-0.71873,0,0.20674,-8.8,3.3527,0
-0.71873,0,0,-8.8,3.3248,0
-0.66292,0,0.40897,-8.8,3.3127,0
-0.616,0,0.44214,-8.8,3.2915,0
-0.56531,0,0.43919,-8.8,3.2739,0
-0.51198,0,0.42415,-8.8,3.2721,0
-0.47131,0,0.40058,-8.8,3.2593,0
-0.43279,0,0.38215,-8.8,3.2612,0
-0.43279,0,0,-8.8,3.2619,0
-0.35161,0,0.36006,-8.8,3.2662,0
-0.30937,0,0.35768,-8.8,3.2743,0
-0.30937,0,0,-8.8,3.2874,0
-0.24913,0,0.35072,-8.8,3.3221,0
-0.21208,0,0.34923,-8.8,3.3475,0
-0.17621,0,0.34551,-8.8,3.3642,0
-0.14294,0,0.33809,-8.8,3.3948,0
-0.10132,0,0.327,-8.8,3.4216,0
-0.075789,0,0.36037,-8.8,3.4562,0
-0.075789,0,0,-8.8,3.4926,0
-0.075789,0,0,-8.8,3.529,0
0.083082,0,1.182,-8.8,3.5839,0
0.083082,0,0,-8.8,3.6362,0
0.38235,0,2.2198,-8.8,3.7137,0
0.38235,0,0,-8.8,3.7959,0
0.87251,0,2.9862,-8.8,3.9233,0
1.1642,0,3.1677,-8.8,4.0788,0
1.1642,0,0,-8.8,4.2392,0
1.8038,0,3.1777,-8.8,4.4645,2.0181
1.8038,0,0,-8.8,4.6888,0
2.4215,0,2.9289,-8.8,4.9865,4.769
2.7099,0,2.7867,2.7867,5.2793,0
2.9972,0.27867,2.6733,2.6733,5.5535,0
3.2682,0.546,2.5897,2.5897,5.8194,0
3.5346,0.80497,2.535,2.535,6.0889,0
3.7917,1.0585,2.5161,4.9,6.3645,0.68571
3.7917,1.5485,0,4.9,6.6133,25.913
3.7917,2.0385,0,4.9,6.8131,28.915
3.7917,2.5285,0,4.9,6.9639,31.962
4.7758,3.0185,2.308,3.4951,7.2819,0
5.0092,3.368,2.2016,2.7723,7.4445,0
5.2367,3.6452,2.1484,2.3986,7.5969,0
5.4532,3.8851,2.0974,2.1659,7.7629,0
5.6603,4.1017,2.0694,2.0009,7.9162,0
5.8694,4.3017,2.1228,1.8911,8.072,0
6.0742,4.4909,2.1369,1.8082,8.2283,0
6.2794,4.6717,2.1013,1.7478,8.3837,0
6.2794,4.8465,0,1.7029,8.5357,2.7342
6.689,5.0167,1.8479,1.669,8.7055,0
6.689,5.1836,0,1.6302,8.8644,2.0389
6.689,5.3467,0,1.5754,9.0068,2.3454
7.1864,5.5042,1.0931,1.5132,9.218,0
7.2952,5.6555,0.94249,1.4322,9.3839,0
7.3874,5.7987,0.91745,1.3509,9.5425,0
7.473,5.9338,0.97454,1.2783,9.7034,0
7.5645,6.0617,0.95645,1.2212,9.855,0
7.6591,6.1838,0.97995,1.1746,9.9989,0
7.6591,6.3012,0,1.1324,10.141,0.10185
7.6591,6.4145,0,1.0887,10.271,0.26644
7.6591,6.5233,0,1.0461,10.39,0.42235
7.978,6.628,0.61188,1.0045,10.555,0
8.0478,6.7284,0.56491,0.96865,10.695,0
8.0478,6.8253,0,0.93327,10.822,0
8.0478,6.9186,0,0.8917,10.939,0
8.0478,7.0078,0,0.84086,11.048,0
8.2008,7.0919,-0.1971,0.77634,11.191,0.23524
8.1832,7.1695,-0.34765,0.70262,11.294,0.9173
8.1489,7.2398,-0.38883,0.62441,11.386,1.105
8.1489,7.3022,0,0.54748,11.473,0
8.1489,7.3569,0,0.48575,11.555,0
8.0457,7.4055,-0.28355,0.43117,11.622,0.6065
8.0107,7.4486,-0.27698,0.37687,11.689,0.59356
8.0107,7.4863,0,0.33508,11.743,0
8.0107,7.5198,0,0.29286,11.794,0
7.9322,7.5491,-0.06662,0.2541,11.841,0
7.9236,7.5745,0.11459,0.23086,11.879,0
7.9361,7.5976,0.22769,0.22346,11.923,0
7.9361,7.62,0,0.22032,11.955,0
7.9784,7.642,0.21922,0.22122,11.999,0
7.9987,7.6641,0.059602,0.21931,12.023,0
7.9987,7.686,0,0.21452,12.055,0
7.9987,7.7075,0,0.19153,12.085,0
7.9522,7.7267,-0.5098,0.14672,12.104,1.7319
7.9522,7.7413,0,0.11,12.126,0
7.8415,7.7523,-0.73321,0.057823,12.136,3.0762
7.7635,7.7581,-0.8022,0.0034899,12.15,3.5551
7.7635,7.7585,0,-0.018757,12.15,0
7.5884,7.7566,-0.84074,-0.038709,12.143,4.2934
7.5884,7.7527,0,-0.059312,12.126,0.21327
7.5884,7.7468,0,-0.072484,12.11,0.1724
7.394,7.7395,-0.23954,-0.080223,12.062,1.3196
7.3788,7.7315,-0.043696,-0.082154,12.03,0.68668
7.3793,7.7233,0.03748,-0.080372,11.998,0.46359
7.3839,7.7153,-0.08053,-0.077703,11.965,0.75304
7.3796,7.7075,-0.26709,-0.077173,11.931,1.388
7.3582,7.6998,-0.36427,-0.080719,11.893,1.8289
7.3292,7.6917,-0.26952,-0.086102,11.848,1.4638
7.3001,7.6831,-0.064461,-0.091422,11.803,0.79212
7.2905,7.6739,0.22473,-0.091911,11.764,0.16063
7.3058,7.6647,0.56445,-0.086384,11.728,0
7.3058,7.6561,0,-0.069722,11.692,0.59686
7.4517,7.6491,1.0647,-0.047754,11.677,0.25713
7.4517,7.6444,0,-0.021898,11.657,0.36186
7.4517,7.6422,0,0.016217,11.638,0.45388
7.4517,7.6438,0,0.101,11.619,0.69772
7.9382,7.6539,1.4107,0.18218,11.691,0.62019
7.9382,7.6721,0,0.26073,11.718,0.044408
8.2137,7.6982,1.3679,0.3291,11.766,0.1308
8.3594,7.7311,1.2902,0.39991,11.824,0
8.4903,7.7711,1.2488,0.45605,11.888,0
8.4903,7.8167,0,0.50255,11.957,0
8.7274,7.8669,1.0521,0.54139,12.058,0
8.8255,7.9211,1.0218,0.56631,12.148,0
8.9335,7.9777,1.0459,0.59502,12.232,0
9.0467,8.0372,1.0397,0.62559,12.34,0
9.0467,8.0998,0,0.64166,12.438,0
9.2524,8.1639,1.218,0.66634,12.535,0
9.3792,8.2306,1.3498,0.69949,12.653,0
9.5043,8.3005,1.4609,0.729,12.775,0
9.6574,8.3734,1.5766,0.7734,12.907,0
9.825,8.4508,1.6312,0.82201,13.03,0
9.825,8.533,0,0.86129,13.163,0
9.825,8.6191,0,0.90709,13.288,0
10.324,8.7098,1.5837,0.94614,13.481,0
10.324,8.8044,0,0.97735,13.637,0
10.324,8.9022,0,1.0084,13.784,0
10.324,9.003,0,1.0335,13.922,0
10.949,9.1063,1.4537,1.0498,14.192,0
10.949,9.2113,0,1.0648,14.371,0
11.246,9.3178,1.506,1.0829,14.578,0
11.246,9.4261,0,1.0964,14.765,0
11.545,9.5357,1.5395,1.1113,14.971,0
11.691,9.6469,1.5212,1.1233,15.183,0
11.851,9.7592,1.5004,1.1417,15.4,0
12.001,9.8734,1.4344,1.1525,15.611,0
12.001,9.9886,0,1.165,15.818,0
12.001,10.105,0,1.1733,16.013,0
12.001,10.222,0,1.1821,16.197,0
12.001,10.341,0,1.1842,16.369,0
12.725,10.459,1.4362,1.1868,16.744,0
12.876,10.578,1.4336,1.1962,16.981,0
12.876,10.697,0,1.199,17.205,0
13.154,10.817,1.3222,1.1995,17.44,0
13.154,10.937,0,1.1962,17.668,0
13.154,11.057,0,1.1946,17.883,0
13.531,11.176,1.2032,1.1856,18.143,0
13.644,11.295,1.1773,1.1752,18.374,0
13.766,11.412,1.151,1.1705,18.612,0
13.881,11.529,1.1058,1.1635,18.853,0
13.983,11.646,1.0532,1.1494,19.085,0
14.085,11.761,0.97244,1.1372,19.326,0
14.185,11.874,0.91202,1.1243,19.562,0
14.185,11.987,0,1.1046,19.788,0
14.185,12.097,0,1.0826,20.002,0
14.418,12.206,0.667,1.0599,20.245,0
14.418,12.312,0,1.0382,20.46,0
14.418,12.415,0,1.0149,20.666,0
14.606,12.517,0.55903,0.98723,20.89,0
14.606,12.616,0,0.96313,21.094,0
14.606,12.712,0,0.94455,21.289,0
14.799,12.806,0.67824,0.9299,21.512,0
14.857,12.899,0.69239,0.91014,21.711,0
14.929,12.99,0.67539,0.89767,21.899,0
14.994,13.08,0.6079,0.88287,22.089,0
14.994,13.168,0,0.87084,22.276,0
15.111,13.256,0.56592,0.84962,22.462,0
15.169,13.34,0.55733,0.83405,22.636,0
15.169,13.424,0,0.81716,22.815,0
15.169,13.506,0,0.8033,22.985,0
15.346,13.586,0.59135,0.79518,23.17,0
15.395,13.665,0.58015,0.77938,23.352,0
15.462,13.743,0.55522,0.77243,23.531,0
15.462,13.821,0,0.7637,23.699,0
15.584,13.897,0.52839,0.75409,23.888,0
15.584,13.972,0,0.73835,24.053,0
15.679,14.046,0.51901,0.72604,24.226,0
15.725,14.119,0.51703,0.71224,24.392,0
15.768,14.19,0.51336,0.69789,24.552,0
15.768,14.26,0,0.68604,24.706,0
15.872,14.328,0.52694,0.67973,24.87,0
15.924,14.396,0.5208,0.67116,25.032,0
15.924,14.464,0,0.66215,25.182,0
16.023,14.53,0.5164,0.65282,25.328,0
16.073,14.595,0.49591,0.64479,25.478,0
16.128,14.66,0.52247,0.63914,25.633,0
16.171,14.723,0.50682,0.629,25.785,0
16.216,14.786,0.53265,0.62003,25.932,0
16.263,14.848,0.51969,0.61202,26.081,0
16.321,14.91,0.50234,0.60928,26.216,0
16.362,14.97,0.48689,0.5996,26.354,0
16.362,15.03,0,0.59665,26.49,0
16.474,15.09,0.47387,0.59412,26.641,0
16.514,15.15,0.45922,0.58482,26.789,0
16.514,15.208,0,0.574,26.922,0
16.594,15.265,0.45809,0.56745,27.061,0
16.633,15.322,0.48085,0.55851,27.192,0
16.674,15.378,0.47382,0.55134,27.321,0
16.674,15.433,0,0.54879,27.447,0
16.777,15.488,0.43886,0.54633,27.574,0
16.828,15.543,0.44205,0.54367,27.702,0
16.867,15.597,0.43195,0.53638,27.834,0
16.919,15.651,0.41601,0.53512,27.968,0
16.919,15.704,0,0.52997,28.092,0
17.008,15.757,0.44804,0.52547,28.203,0
17.008,15.81,0,0.52174,28.326,0
17.091,15.862,0.41626,0.51485,28.465,0
17.14,15.913,0.37942,0.51292,28.578,0
17.184,15.965,0.33641,0.50902,28.703,0
17.213,16.016,0.30701,0.49907,28.822,0
17.241,16.065,0.30111,0.48936,28.934,0
17.278,16.114,0.28614,0.48334,29.052,0
17.297,16.163,0.30844,0.47045,29.165,0
17.321,16.21,0.29584,0.46037,29.275,0
17.35,16.256,0.19025,0.45279,29.391,0
17.35,16.301,0,0.44067,29.498,0
17.378,16.345,-0.088794,0.42634,29.61,0
17.372,16.388,-0.22138,0.40576,29.713,0
17.358,16.428,-0.28448,0.38267,29.803,0
17.325,16.467,-0.25851,0.35261,29.885,0
17.301,16.502,-0.25043,0.32799,29.968,0
17.279,16.535,-0.25265,0.30521,30.041,0
17.249,16.565,-0.26217,0.2802,30.116,0
17.221,16.593,-0.3125,0.25689,30.175,0.09584
17.187,16.619,-0.38149,0.23223,30.238,0.43352
17.156,16.642,-0.43473,0.2102,30.295,0.72629
17.156,16.663,0,0.18509,30.346,0
17.067,16.682,-0.79801,0.15741,30.373,2.9384
16.991,16.697,-1.1189,0.11992,30.412,5.7348
16.875,16.709,-1.4662,0.067366,30.443,9.9376
16.738,16.716,-1.8453,0.0087569,30.45,16.2
16.546,16.717,-2.2526,-0.019774,30.436,26.176
16.33,16.715,-2.7095,-0.044693,30.407,41.723
16.33,16.711,0,-0.075417,30.369,0.65233
16.33,16.703,0,-0.11299,30.331,0.53979
15.326,16.692,-4.843,-0.16026,30.162,251.21
14.839,16.676,-5.5255,-0.21726,30.003,445.56
14.839,16.654,0,-0.28366,29.82,3.9342
13.675,16.626,-6.3338,-0.35706,29.528,805.64
13.675,16.59,0,-0.43696,29.235,7.0782
13.675,16.546,0,-0.52169,28.946,6.4291
13.675,16.494,0,-0.61021,28.661,5.7641
11.097,16.433,-6.1176,-0.7013,27.874,40.124
10.481,16.363,-5.7413,-0.79533,27.323,40.435
9.9157,16.283,-5.3644,-0.88927,26.708,40.631
9.3854,16.194,-5.0207,-0.98513,26.048,40.729
8.885,16.096,-4.8692,-1.0837,25.353,40.683
8.3952,15.988,-5.0056,-1.1897,24.61,40.49
8.3952,15.869,0,-1.3067,23.857,21.793
7.3501,15.738,-5.7159,-1.4431,23.017,40.135
7.3501,15.594,0,-1.5982,22.186,23.319
6.1708,15.434,-6.2002,-1.7778,21.268,39.682
6.1708,15.256,0,-1.9837,20.35,24.402
6.1708,15.058,0,-2.2102,19.452,21.42
6.1708,14.837,0,-2.4548,18.574,18.362
3.9367,14.591,-3.9423,-2.7171,17.257,33.855
3.5502,14.319,-3.2642,-2.9923,16.182,31.523
3.2335,14.02,-2.8292,-3.2859,15.095,28.958
3.2335,13.692,0,-3.5985,14.032,18.195
2.6941,13.332,-2.5962,-3.9533,12.947,23.417
2.4302,12.936,-2.62,-4.3464,11.896,20.634
2.4302,12.502,0,-7.5426,10.867,9.5185
1.901,11.748,-2.543,-7.4657,9.8476,9.8415
1.6428,11.001,-2.353,-7.2772,8.8924,8.8373
1.4075,10.273,-2.18,-7.0982,7.9908,7.8403
1.1945,9.5634,-2.0272,-6.9432,7.1235,6.8265
1.1945,8.8691,0,-6.8488,6.3214,2.3167
1.1945,8.1842,0,-6.8235,5.5881,0.96589
1.1945,7.5019,0,-6.8921,4.9233,0
0.38716,6.8127,-2.0199,-6.9729,4.1678,2.7647
0.19151,6.1154,-2.0582,-7.0102,3.5432,1.7384
0.19151,5.4144,0,-8.8,2.9859,0
0.19151,4.5344,0,-8.8,2.5076,0
-0.42533,3.6544,-2.0004,-8.8,2.0205,0
-0.42533,2.7744,0,-8.8,1.6565,0
-0.42533,1.8944,0,-8.8,1.3806,0
-1.0164,1.0144,-1.9982,-8.8,1.1004,0
-1.2103,0.13436,-2.1272,-8.8,0.93544,0
-1.4309,0,-2.2617,-8.8,0.84041,0
-1.6558,0,-2.376,-8.8,0.72904,0
-1.8845,0,-2.3293,-8.8,0.59838,0
-1.8845,0,0,-8.8,0.45393,0
-1.8845,0,0,-12.078,0.30948,0
-2.5047,0,-1.3134,-35.551,0.091619,0
-2.5047,0,0,-480.8,0.018902,0
-2.7386,0,-0.74363,-8.8,2.1462,0
-2.7386,0,0,-8.8,1.9163,0
-2.8835,0,-0.76594,-8.8,1.6706,0
-2.9634,0,-0.83672,-8.8,1.4236,0
-3.0549,0,-0.90316,-8.8,1.1667,0
-3.153,0,-0.93059,-8.8,0.89956,0
-3.2539,0,-0.98728,-9.3803,0.63075,0
-3.3533,0,-1.1471,-17.008,0.35448,0
-3.4758,0,-1.4757,-61.824,0.1001,0
-3.6301,0,-1.8397,-121.5,0.05506,0
-3.8059,0,-2.1925,-26.418,0.29895,0
-4.0177,0,-2.4336,-234.64,0.034757,0
-4.0177,0,0,-13.888,0.8062,0
-4.5175,0,-2.3802,-26.52,0.42271,0
-4.5175,0,0,-133.06,0.10356,0
-4.9796,0,-2,-47.241,0.27404,0
-5.1708,0,-1.8094,-1415.4,0.0094571,0
-5.3566,0,-1.6487,-1.6487,6.5644,11.003
-5.3566,0,0,-1.4332,6.037,7.9919
-5.6576,0,-1.1216,-1.1216,5.4925,11.62
-5.6576,0,0,-8.8,4.9323,0
-5.8457,0,-0.48118,-8.8,4.3984,0
-5.8918,0,-0.21916,-8.8,3.8643,0
-5.8918,0,0,-8.8,3.3191,0
-5.8918,0,0,-8.8,2.7739,0
-5.9021,0,0.046953,-8.8,2.2245,0
-5.9042,0,0.040232,-10.311,1.6839,0
-5.9042,0,0,-15.183,1.145,0
-5.8912,0,0.18182,-27.369,0.62986,0
-5.8822,0,0.3913,-101.5,0.16979,0
-5.8822,0,0,-198.95,0.089058,0
-5.8822,0,0,-32.685,0.49559,0
-5.6672,0,1.4575,-169.64,0.093855,0
-5.5273,0,1.7334,-37.848,0.38593,0
-5.3507,0,1.794,-408.27,0.03491,0
-5.1721,0,1.5473,-8.8,1.5587,0
-5.0142,0,1.1799,-10.305,1.0946,0
-4.898,0,0.76927,-17.729,0.64847,0
-4.8133,0,0.36153,-46.913,0.24504,0
-4.8133,0,0,9.8,1.0001,30.482
-4.778,0.98,-0.28908,-35.369,0.47256,0
-4.8053,0,-0.66358,-148,0.07836,0
-4.8053,0,0,-36.605,0.33785,0
-4.996,0,-1.4827,-571.27,0.021903,0
-5.1537,0,-1.8576,-8.8,2.3732,0
-5.1537,0,0,-9.6937,1.9018,0
-5.5527,0,-2.0933,-13.228,1.3845,0
-5.7613,0,-1.8191,-20.51,0.88793,0
-5.9498,0,-1.4242,-44.606,0.40989,0
-5.9498,0,0,-758.36,0.037946,0
-6.1941,0,-0.53506,-8.8,3.1917,0
-6.2449,0,-0.25526,-8.8,2.6222,0
-6.2775,0,-0.21578,-9.892,2.0363,0
-6.2956,0,-0.27223,-13.818,1.463,0
-6.2956,0,0,-22.614,0.90256,0
-6.3571,0,-0.42381,-55.187,0.36897,0
-6.3571,0,0,9.8,1.0113,33.647
-6.452,0.98,-0.49615,-91.054,0.30497,0
-6.5013,0,-0.46815,-957.5,0.022082,0
-6.55,0,-0.39744,-8.8,4.1621,0
-6.598,0,-0.34516,-8.8,3.5522,0
-6.6347,0,-0.29383,-8.8,2.9413,0
-6.6549,0,-0.22494,-9.7821,2.317,0
-6.6549,0,0,-13.359,1.7004,0
-6.6549,0,0,-20.695,1.1017,0
-6.7077,0,-0.22721,-42.85,0.52781,0
-6.7077,0,0,-313,0.071285,0
-6.7475,0,-0.30863,-23.996,0.96102,0
-6.7746,0,-0.49169,-57.689,0.40119,0
-6.7746,0,0,-5515.6,0.012184,0
-6.8874,0,-0.95611,7.8,26.905,32.54
-6.8874,0.78,0,7.8,26.178,32.13
-6.8874,1.56,0,7.8,25.372,33.729
-6.8874,2.34,0,7.8,24.488,35.328
-7.4926,3.12,-2.0798,-0.30918,23.414,25.499
-7.7086,3.0891,-2.1886,-0.33643,22.334,26.05
-7.9321,3.0554,-2.1505,-0.3672,21.252,26.294
-8.1457,3.0187,-2.023,-0.40253,20.137,26.315
-8.3489,2.9785,-1.9212,-0.44268,19.009,26.35
-8.3489,2.9342,0,-0.48889,17.878,22.125
-8.7243,2.8853,-1.6964,-0.54227,16.711,26.247
-8.7243,2.8311,0,-0.60429,15.552,22.441
-9.0486,2.7707,-1.412,-0.67729,14.377,25.796
-9.1943,2.7029,-1.2292,-0.76578,13.184,25.385
-9.3086,2.6263,-1.0169,-0.87031,11.995,24.797
-9.3086,2.5393,0,-0.99713,10.806,22.215
-9.4692,2.4396,-0.55541,-1.1558,9.6117,23.174
-9.5292,2.324,-0.40782,-1.3585,8.4185,22.324
-9.5773,2.1882,-0.27573,-1.6246,7.2291,21.307
-9.6004,2.0257,-0.17757,-1.9749,6.0621,20.079
-9.6134,1.8282,-0.15202,-13.511,4.8997,0
-9.6241,0.47713,-0.12722,-13.468,3.8241,0
-9.6418,0,-0.0937,-16.175,2.8905,0
-9.6467,0,-0.070038,-23.305,2.0025,0
-9.6476,0,-0.060684,-40.334,1.1556,0
-9.6445,0,-0.047278,-117.59,0.39566,0
-9.6567,0,-0.051738,-1696.9,0.027478,0
-9.664,0,-0.073903,-0.073903,7.5462,19.834
-9.6622,0,-0.10739,-0.10739,6.5766,19.83
-9.6764,0,-0.11939,-0.11939,5.6055,19.859
-9.6764,0,0,-10.236,4.6385,0
-9.6895,0,-0.30149,-12.857,3.7387,0
-9.7226,0,-0.46117,-17.155,2.8312,0
-9.7226,0,0,-25.28,1.9448,0
-9.832,0,-0.92989,-45.131,1.0935,0
