4.1667,4.1667,-2.3853,0,35.5,8.0829
3.924,4.1667,-2.2488,7.8,35.491,71.058
3.924,4.9467,0,7.8,35.428,81.471
3.4951,5.7267,-1.8674,7.8,35.244,84.116
3.2989,6.5067,-1.667,6.7,34.966,79.269
3.1416,7.1767,-1.4762,6.7,34.613,125.65
3.0003,7.8467,-1.2886,6.7,34.177,126.64
2.8678,8.5167,-1.0894,6.7,33.662,127.36
2.7676,9.1867,-0.91032,6.7,33.057,128.45
2.6681,9.8567,-0.70788,-0.42483,32.381,38.913
2.6049,9.8142,-0.53545,-0.44031,31.652,36.023
2.5503,9.7702,-0.39344,-0.45607,30.921,33.711
2.5503,9.7245,0,-0.47078,30.202,27.804
2.4945,9.6775,-0.27213,-0.48569,29.487,31.395
2.4721,9.6289,-0.283,-0.50124,28.771,31.233
2.4721,9.5788,0,-0.5187,28.057,26.963
2.3999,9.5269,-0.301,-0.53694,27.335,30.946
2.3619,9.4732,-0.28718,-0.55609,26.626,30.461
2.3619,9.4176,0,-0.57537,25.918,26.14
2.3176,9.3601,-0.27273,-0.59544,25.196,29.451
2.2819,9.3005,-0.2497,-0.61729,24.499,28.774
2.2819,9.2388,0,-0.63869,23.8,24.999
2.2435,9.1749,-0.14212,-0.66226,23.093,26.407
2.2364,9.1087,-0.10209,-0.68491,22.403,25.351
2.2364,9.0402,0,-0.70855,21.719,23.518
2.2226,8.9694,-0.032348,-0.73371,21.036,23.359
2.2226,8.896,0,-0.75963,20.365,22.353
2.2177,8.82,-0.035486,-0.78571,19.7,22.145
2.2142,8.7414,-0.037367,-0.81311,19.05,21.521
2.2062,8.6601,-0.037255,-0.84326,18.394,20.866
2.2068,8.5758,-0.017632,-0.87269,17.757,19.95
2.2068,8.4885,0,-0.90226,17.125,19.061
2.2068,8.3983,0,-0.93451,16.501,18.332
2.2068,8.3049,0,-0.96416,15.887,17.618
2.2068,8.2084,0,-0.99257,15.282,16.91
2.2068,8.1092,0,-1.016,14.687,16.237
2.4091,8.0076,1.0812,-1.0354,14.157,7.6474
2.5258,7.9041,1.3127,-1.0479,13.6,6.1772
2.6567,7.7993,1.5195,-1.0541,13.073,5.1413
2.8047,7.6938,1.6478,-1.0539,12.568,4.5083
2.8047,7.5885,0,-1.0464,12.085,10.888
2.8047,7.4838,0,-1.0337,11.612,10.527
3.307,7.3805,1.8248,-1.0124,11.22,3.5948
3.491,7.2792,1.8404,-0.98331,10.83,3.4431
3.672,7.1809,1.824,-0.94869,10.472,3.3029
3.8568,7.086,1.7801,-0.90765,10.14,3.141
4.0331,6.9952,1.7244,-0.86298,9.8385,2.9671
4.2013,6.909,1.6767,-0.81733,9.5512,2.8124
4.3678,6.8272,1.6151,-0.76711,9.291,2.6252
4.5313,6.7505,1.5429,-0.7137,9.0529,2.4087
4.5313,6.6791,0,-0.65906,8.8346,3.3698
4.5313,6.6132,0,-0.60553,8.6231,3.3853
4.9613,6.5527,1.3622,-0.55275,8.4735,1.8018
4.9613,6.4974,0,-0.4957,8.3171,2.2611
5.2328,6.4478,1.2099,-5.2,8.1955,42.877
5.3444,5.9278,1.092,-0.1958,8.1029,0.6013
5.4627,5.9083,0.94508,-0.15038,8.0576,0.26921
5.5517,5.8932,0.76729,-0.11579,8.0217,0
5.6381,5.8816,0.58483,-0.082841,7.9952,0
5.6955,5.8734,0.43633,-0.060598,7.9803,0
5.6955,5.8673,0,-0.043254,7.9629,0.26539
5.7691,5.863,0.11792,-0.032052,7.9613,0
5.7691,5.8598,0,-0.026236,7.952,0.13157
5.7691,5.8571,0,-0.026534,7.9431,0.12543
5.766,5.8545,-0.20726,-0.030322,7.935,0.6791
5.7539,5.8515,-0.25054,-0.03344,7.933,0.83975
5.7539,5.8481,0,-8.8,7.9234,30.431
5.7539,4.9681,0,0.69705,7.958,0.086308
5.7539,5.0378,0,0.59981,8.0331,0
5.6544,5.0978,-0.48289,0.50556,8.0694,2.2711
5.6014,5.1483,-0.65814,0.407,8.1204,3.2388
5.5408,5.1891,-0.88783,0.31328,8.1608,4.8272
5.5408,5.2204,0,0.19722,8.1944,0
5.5408,5.2401,0,0.086924,8.2255,0
5.2108,5.2488,-1.5841,-0.010951,8.2107,12.024
5.2108,5.2477,0,-0.057633,8.2069,0
4.8789,5.2419,-1.8203,-0.10519,8.1719,16.999
4.6947,5.2314,-1.8474,-0.15649,8.1311,18.077
4.5162,5.2158,-1.8263,-0.20607,8.0646,18.2
4.3421,5.1952,-1.7343,-0.25415,7.9887,16.996
4.1683,5.1697,-1.5481,-0.30275,7.8928,14.349
4.0233,5.1395,-1.2925,-0.34244,7.7925,11.077
4.0233,5.1052,0,-0.37976,7.6826,1.4734
4.0233,5.0673,0,-0.40521,7.5763,1.3153
3.7119,5.0267,-0.65292,-8.8,7.4229,0
3.6396,4.1467,-0.67531,-0.1367,7.3234,3.8785
3.5753,4.1331,-0.77149,-0.15193,7.2615,4.6763
3.4915,4.1179,-0.89297,-0.17213,7.2055,5.8136
3.4031,4.1007,-1.0513,-0.19374,7.1395,7.4509
3.4031,4.0813,0,-0.22197,7.0707,0.95295
3.1739,4.0591,-1.3958,-8.8,6.9747,0
3.1739,3.1791,0,-0.03142,6.9301,0
2.8784,3.1759,-1.6887,-0.066185,6.9093,6.0707
2.8784,3.1693,0,-0.10328,6.8799,0.38301
2.5279,3.159,-1.8207,-0.14298,6.8098,6.583
2.3382,3.1447,-1.7603,-0.18459,6.7475,6.6437
2.1622,3.1262,-1.6457,-0.22395,6.6614,6.5869
1.9998,3.1038,-1.5014,-8.8,6.5498,0
1.847,2.2238,-1.3666,-0.063414,6.4803,4.6346
1.847,2.2175,0,-0.085003,6.443,0.60345
1.5919,2.209,-0.98645,-0.10628,6.3626,4.2935
1.5919,2.1984,0,-0.12294,6.3015,1.0576
1.4074,2.1861,-0.64037,-0.13747,6.2252,4.7299
1.4074,2.1723,0,-0.14934,6.148,1.3748
1.2985,2.1574,-0.2706,-8.8,6.0663,0
1.2766,1.2774,-0.17294,-7.9829e-05,6.0317,0.4426
1.2524,1.2774,-0.080755,-0.0026041,6.035,0.23634
1.2508,1.2771,0.017983,-0.0027438,6.0267,0.010575
1.2525,1.2769,0.10448,-0.002541,6.0248,0
1.2525,1.2766,0,-0.0020645,6.0224,0.045346
1.2691,1.2764,0.15475,-0.00076733,6.0142,0
1.2746,1.2763,0.13851,-0.0001768,6.0083,0
1.2746,1.2763,0,0.12424,6.0081,0.30285
1.3031,1.2887,0.10273,0.099805,6.0083,0
1.3215,1.2987,0.098646,0.15623,6.0191,0.07954
1.3347,1.3143,0.10029,0.13684,6.0162,0.036809
1.3384,1.328,0.18967,0.068924,6.023,0
1.367,1.3349,0.36443,0.21078,6.024,0
1.4052,1.356,0.61814,0.31517,6.0299,0
1.4735,1.3875,0.94966,0.53044,6.0381,0
1.5594,1.4405,1.305,0.68964,6.055,0
1.6862,1.5095,1.621,0.95159,6.0756,0
1.8538,1.6047,1.8464,1.2154,6.0982,0
2.0401,1.7262,2.0053,1.3607,6.1246,0
2.2463,1.8623,2.0808,1.4722,6.1501,0
2.4566,2.0095,2.1117,1.5198,6.197,0
2.6706,2.1615,2.0967,1.5427,6.2454,0
2.8803,2.3157,2.0753,1.5364,6.3002,0
2.8803,2.4694,0,1.5422,6.3489,5.9303
3.3035,2.6236,1.9696,1.5263,6.4137,0
3.5077,2.7762,1.9003,1.5102,6.4918,0
3.5077,2.9273,0,1.4584,6.5574,4.6606
3.8728,3.0731,1.7468,1.4247,6.6551,0
4.0557,3.2156,1.672,1.4019,6.7318,0
4.0557,3.3558,0,1.3644,6.8089,3.5985
4.3753,3.4922,1.4937,1.3152,6.9165,0
4.3753,3.6237,0,1.2702,6.9983,2.8543
4.6619,3.7507,1.1891,1.2314,7.0911,0
4.7775,3.8739,1.0453,1.1706,7.1845,0
4.8721,3.9909,0.89881,1.0971,7.2659,0
4.966,4.1006,0.77072,1.0409,7.3544,0
5.0331,4.2047,0.56924,0.96532,7.4387,0
5.0881,4.3013,0.36413,0.89048,7.5116,0
5.1315,4.3903,0.13778,0.81779,7.5865,0.13753
5.1501,4.4721,-0.059666,0.73126,7.6554,0.76806
5.1501,4.5452,-0.25998,0.63986,7.7216,1.545
5.1294,4.6092,-0.47395,0.54159,7.7866,2.5553
5.0802,4.6634,-0.72864,0.42751,7.8269,4.0427
5.0127,4.7061,-1.0292,0.31106,7.8659,6.3241
4.9054,4.7372,-1.2854,0.16927,7.8938,8.6068
4.7712,4.7541,-1.457,0.017092,7.8973,10.184
4.6292,4.7559,-1.5494,-0.034917,7.9009,11.803
4.4835,4.7524,-1.589,-0.074405,7.8807,12.853
4.3312,4.7449,-1.6049,-0.11508,7.8484,13.565
4.3312,4.7334,0,-0.15995,7.8076,0.49173
3.9968,4.7174,-1.8618,-0.20419,7.7314,19.043
3.809,4.697,-2.038,-0.25428,7.6603,8.935
3.809,4.6716,0,-0.30789,7.5728,1.1526
3.3942,4.6408,-2.4214,-0.37007,7.4359,9.5314
3.3942,4.6038,0,-8.8,7.3131,0
2.8996,3.7238,-2.7307,-0.20401,7.1875,8.8264
2.6328,3.7034,-2.7875,-0.26973,7.0856,9.1312
2.6328,3.6764,0,-0.33814,6.9799,1.5
2.0897,3.6426,-2.792,-0.40865,6.8267,9.5079
2.0897,3.6017,0,-8.8,6.6735,0
1.5362,2.7217,-2.7929,-0.24635,6.5093,8.6175
1.2519,2.6971,-2.7784,-0.30793,6.3731,8.8857
1.2519,2.6663,0,-8.8,6.2301,0
0.72186,1.7863,-2.4043,-0.15725,6.0759,7.3146
0.72186,1.7706,0,-0.19514,5.9703,1.9761
0.2674,1.7511,-1.7296,-8.8,5.814,0
0.2674,0.87106,0,-1.3861,5.7096,0
-0.050268,0.73245,-1.154,-1.154,5.6158,1.6486
-0.050268,0.61705,0,-0.99979,5.5433,0
-0.27132,0.51707,-0.92248,-0.92248,5.4636,1.6603
-0.36871,0.42483,-0.8665,-0.8665,5.3944,1.6708
-0.44854,0.33818,-0.81565,-0.81565,5.3105,1.6568
-0.44854,0.25661,0,-0.75399,5.2359,0
-0.44854,0.18121,0,-0.68888,5.1692,0
-0.64705,0.11232,-0.60778,-0.60778,5.0611,1.6008
-0.71052,0.051546,-0.51481,-8.8,4.9911,0
-0.7569,0,-0.42746,-8.8,4.9478,0
-0.7569,0,0,-8.8,4.9162,0
-0.7569,0,0,-8.8,4.8845,0
-0.87185,0,-0.2326,-8.8,4.8286,0
-0.8884,0,-0.2114,-8.8,4.7844,0
-0.90859,0,-0.20777,-8.8,4.73,0
-0.90859,0,0,-8.8,4.6831,0
-0.94229,0,-0.21087,-8.8,4.6166,0
-0.96228,0,-0.22475,-8.8,4.5561,0
-0.96228,0,0,-8.8,4.5039,0
-1.0157,0,-0.24436,-8.8,4.4513,0
-1.0343,0,-0.25594,-8.8,4.3929,0
-1.0343,0,0,-8.8,4.3335,0
-1.0757,0,-0.27485,-8.8,4.26,0
-1.0757,0,0,-8.8,4.1964,0
-1.0757,0,0,-8.8,4.1329,0
-1.0757,0,0,-8.8,4.0693,0
-1.1864,0,-0.31188,-8.8,3.9955,0
-1.1864,0,0,-8.8,3.9208,0
-1.2415,0,-0.33438,-8.8,3.8366,0
-1.2836,0,-0.34935,-8.8,3.7509,0
-1.3276,0,-0.37293,-8.8,3.6695,0
-1.3641,0,-0.35769,-8.8,3.5774,0
-1.3641,0,0,-8.8,3.485,0
-1.3641,0,0,-8.8,3.3926,0
-1.4548,0,-0.13254,-8.8,3.2849,0
-1.4548,0,0,-8.8,3.1835,0
-1.4604,0,0.1515,-8.8,3.0947,0
-1.4396,0,0.23299,-8.8,2.9953,0
-1.4396,0,0,-8.8,2.8954,0
-1.3858,0,0.36185,-8.8,2.7994,0
-1.3858,0,0,-8.8,2.7048,0
-1.3125,0,0.37785,-8.8,2.6243,0
-1.2713,0,0.4428,-8.8,2.532,0
-1.2228,0,0.58321,-8.8,2.4598,0
-1.1668,0,0.80619,-8.8,2.3909,0
-1.0806,0,1.0905,-8.8,2.3255,0
-0.97132,0,1.3715,-8.8,2.2743,0
-0.84118,0,1.5914,-8.8,2.2324,0
-0.67222,0,1.7043,-8.8,2.2072,0
-0.4975,0,1.7156,-8.8,2.2,0
-0.33402,0,1.66,-8.8,2.207,0
-0.16662,0,1.5689,-8.8,2.2194,0
-0.00070262,0,1.4909,-8.8,2.2576,0
-0.00070262,0,0,-8.8,2.3015,0
0.28118,0,1.4031,-8.8,2.3782,0
0.42559,0,1.3589,-8.8,2.4619,0
0.56835,0,1.3165,-8.8,2.5515,0
0.56835,0,0,-8.8,2.6523,0
0.83082,0,1.2343,-8.8,2.7755,0
0.83082,0,0,-8.8,2.9026,0
0.83082,0,0,-8.8,3.0297,0
1.1832,0,1.1624,-8.8,3.203,0
1.2945,0,1.1759,-8.8,3.3781,0
1.2945,0,0,-8.8,3.5515,0
1.5416,0,1.2586,-8.8,3.7522,0
1.6744,0,1.3062,-8.8,3.9624,0
1.808,0,1.3522,-8.8,4.182,0
1.808,0,0,-8.8,4.4068,0
2.0694,0,1.4542,-8.8,4.6638,0
2.2139,0,1.5318,-8.8,4.9193,0
2.2139,0,0,1.6031,5.1847,0
2.5368,0.16031,1.6574,1.6574,5.4318,0
2.709,0.32606,1.6685,1.6685,5.6735,0
2.8755,0.4929,1.6514,1.6514,5.9082,0
3.0375,0.65804,1.6221,1.6221,6.1544,0
3.0375,0.82025,0,1.5972,6.3842,0
3.3468,0.97997,1.5549,4.9,6.6352,8.0713
3.4972,1.47,1.5226,4.9,6.8523,9.8489
3.4972,1.96,0,4.9,7.0306,30.252
3.7916,2.45,1.4278,3.7416,7.1971,5.7802
3.9327,2.8241,1.3679,2.4725,7.3103,0.53778
3.9327,3.0714,0,1.9574,7.4088,6.8389
4.1874,3.2671,1.0746,1.6477,7.507,0
4.2987,3.4319,0.77146,1.445,7.5985,0
4.3848,3.5764,0.45928,1.2699,7.6799,0.39209
4.4262,3.7034,0.15372,1.0814,7.7617,1.1733
4.4262,3.8115,0,0.89253,7.8286,1.4014
4.4262,3.9008,0,0.73543,7.8856,0.99306
4.4041,3.9743,-0.24571,0.58248,7.9299,1.7872
4.4041,4.0326,0,0.47358,7.9699,0.4361
4.3726,4.0799,-0.25733,0.38246,7.9955,1.3615
4.3384,4.1182,-0.2638,0.28438,8.0273,1.1926
4.317,4.1466,-0.27692,0.21799,8.0503,1.1253
4.317,4.1684,0,0.15722,8.0662,0.043557
4.264,4.1841,-0.20959,0.1009,8.0661,0.67836
4.2436,4.1942,-0.13367,0.062082,8.0726,0.38548
4.2224,4.2004,-0.11379,0.027593,8.0749,0.29569
4.2103,4.2032,-0.10497,0.0088923,8.0678,0.2559
4.1936,4.2041,-0.11284,-0.0024522,8.0656,0.28771
4.1918,4.2038,-0.18867,-0.0028065,8.0558,0.51063
4.1738,4.2036,-0.27331,-0.0069672,8.0492,0.8284
4.138,4.2029,-0.29712,-0.01518,8.0517,0.98501
4.1142,4.2013,-0.29927,-0.020388,8.0469,1.0369
4.0746,4.1993,-0.29586,-0.029288,8.0285,1.0977
4.0461,4.1964,-0.29528,-0.035403,8.0094,1.1457
4.0075,4.1928,-0.28296,-0.043678,8.0021,1.1669
3.9868,4.1885,-0.28396,-0.047703,7.9782,1.2023
3.9635,4.1837,-0.28926,-0.052173,7.9644,1.2596
3.9399,4.1785,-0.29679,-0.056828,7.9332,1.3252
3.9059,4.1728,-0.29568,-0.063887,7.9022,1.3761
3.9059,4.1664,0,-0.067518,7.8759,0.40094
3.8589,4.1597,-0.2964,-0.072623,7.8445,1.4443
3.8364,4.1524,-0.29972,-0.076527,7.8213,1.4875
3.8066,4.1447,-0.29359,-0.082164,7.7966,1.5056
3.7848,4.1365,-0.2922,-0.086038,7.7553,1.5249
3.7848,4.1279,0,-0.09057,7.7205,0.52774
3.7848,4.1189,0,-0.09741,7.6867,0.49086
3.7041,4.1091,-0.30075,-0.10081,7.6411,1.6605
3.6642,4.099,-0.30501,-0.10887,7.6011,1.7356
3.6426,4.0882,-0.31043,-0.11208,7.566,1.7783
3.608,4.0769,-0.31499,-0.1189,7.5165,1.8414
3.5724,4.0651,-0.32095,-0.12567,7.4752,1.9125
3.5376,4.0525,-0.32691,-0.13244,7.4225,1.9794
3.5119,4.0392,-0.34815,-0.13649,7.3787,2.0981
3.4769,4.0256,-0.99099,-0.14315,7.3266,6.5427
3.4769,4.0113,0,-0.16606,7.2724,0.76865
3.2184,3.9947,-2.3955,-0.20694,7.1953,8.4809
2.9836,3.974,-3.0801,-0.26786,7.1081,9.7503
2.9836,3.9472,0,-0.35126,7.0104,1.272
2.2913,3.9121,-3.8153,-8.8,6.8484,0
1.9041,3.0321,-3.8192,-0.25087,6.7041,10.675
1.5164,3.007,-3.8493,-0.34,6.5663,11.156
1.1269,2.973,-3.8745,-8.8,6.3976,0
1.1269,2.093,0,-0.22911,6.257,1.6395
0.34192,2.0701,-3.7241,-0.29899,6.0807,11.042
-0.036698,2.0402,-3.5418,-8.8,5.8813,0
-0.39553,1.1602,-3.3164,-0.16044,5.6954,10.123
-0.72339,1.1441,-3.0703,-8.8,5.5247,0
-1.0357,0.26413,-2.8399,-2.8399,5.364,2.967
-1.0357,0,0,-2.6494,5.2482,0
-1.0357,0,0,-2.3441,5.1579,0
-1.0357,0,0,-8.8,5.066,0
-2.0228,0,-1.6481,-8.8,4.7973,0
-2.1913,0,-1.2588,-8.8,4.6278,0
-2.3141,0,-0.83263,-8.8,4.4506,0
-2.4019,0,-0.5754,-8.8,4.2587,0
-2.4019,0,0,-8.8,4.0625,0
-2.4019,0,0,-8.8,3.8663,0
-2.521,0,-0.13159,-8.8,3.6561,0
-2.5383,0,-0.13691,-8.8,3.4406,0
-2.5465,0,-0.14123,-8.8,3.239,0
-2.5702,0,-0.15986,-8.8,3.0271,0
-2.5841,0,-0.19128,-8.8,2.8067,0
-2.6003,0,-0.22735,-8.8,2.5873,0
-2.6196,0,-0.24491,-8.8,2.3699,0
-2.6196,0,0,-8.8,2.1519,0
-2.6811,0,-0.2555,-8.8,1.9281,0
-2.6811,0,0,-8.8,1.704,0
-2.7191,0,-0.21502,-8.8,1.4717,0
-2.7402,0,-0.12621,-8.8,1.2456,0
-2.7402,0,0,-8.8,1.0156,0
-2.7437,0,0.077999,-8.8,0.77789,0
-2.7437,0,0,-8.8,0.54752,0
-2.7437,0,0,-11.304,0.31715,0
-2.6978,0,0.26798,-35.46,0.10185,0
-2.6637,0,0.32353,-882.52,0.0040186,0
-2.6344,0,0.43625,-8.8,4.1491,0
-2.5832,0,0.64181,-8.8,3.9304,0
-2.5832,0,0,-8.8,3.7161,0
-2.4372,0,1.2835,-8.8,3.5083,0
-2.312,0,1.6328,-8.8,3.3173,0
-2.1565,0,1.9332,-8.8,3.1459,0
-1.9662,0,2.1725,-8.8,2.9905,0
-1.9662,0,0,-8.8,2.8379,0
-1.5284,0,2.4097,-8.8,2.7425,0
-1.2948,0,2.4715,-8.8,2.6556,0
-1.0443,0,2.5336,-8.8,2.5734,0
-1.0443,0,0,-8.8,2.513,0
-0.53803,0,2.6101,-8.8,2.5003,0
-0.27704,0,2.6449,-8.8,2.499,0
-0.01727,0,2.6785,-8.8,2.5291,0
0.2515,0,2.6998,-8.8,2.5902,0
0.2515,0,0,-8.8,2.6593,0
0.2515,0,0,-8.8,2.7285,0
1.0771,0,2.6985,-8.8,2.9028,0
1.3489,0,2.6339,-8.8,3.0725,0
1.6078,0,2.5474,-8.8,3.2729,0
1.8646,0,2.4563,-8.8,3.4867,0
2.1104,0,2.3392,-8.8,3.7323,0
2.3353,0,2.2348,-8.8,4.0001,0
2.5634,0,2.1522,-8.8,4.2929,0
2.5634,0,0,-8.8,4.5932,0
2.9746,0,1.9196,-8.8,4.9309,0
2.9746,0,0,1.8163,5.2723,0
3.3394,0.18163,1.707,1.707,5.5948,0
3.5148,0.35234,1.6005,1.6005,5.9079,0
3.5148,0.51239,0,1.5064,6.2162,0
3.8225,0.66303,1.42,1.42,6.5398,0
3.9626,0.80503,1.3034,1.3034,6.8462,0
3.9626,0.93537,0,4.9,7.1554,21.214
3.9626,1.4254,0,4.9,7.4337,24.135
3.9626,1.9154,0,4.9,7.6629,27.108
4.3984,2.4054,0.69072,4.9,7.9198,18.327
4.3984,2.8954,0,3.6755,8.0946,18.084
4.5221,3.2629,0.36223,2.4573,8.2504,5.6299
4.5652,3.5086,0.22068,1.8496,8.3676,3.6245
4.5969,3.6936,0.16123,1.4664,8.4664,2.4044
4.6161,3.8402,0.23011,1.1898,8.5436,1.1295
4.6161,3.9592,0,0.99968,8.6153,1.77
4.6826,4.0592,0.66705,0.88369,8.6773,0
4.7497,4.1476,0.90115,0.82908,8.745,0
4.8318,4.2305,1.0625,0.8058,8.8035,0
4.9363,4.3111,1.1197,0.81667,8.863,0
5.0514,4.3927,1.0846,0.83864,8.9203,0
5.0514,4.4766,0,0.85048,8.982,1.3391
5.0514,4.5616,0,0.83227,9.0352,1.5326
5.3353,4.6449,0.64781,0.81745,9.1283,0
5.3971,4.7266,0.49142,0.77606,9.1952,0
5.3971,4.8042,0,0.72345,9.2584,0.73965
5.4752,4.8766,0.23444,0.66571,9.3207,0
5.5022,4.9431,0.10396,0.61139,9.383,0.047497
5.516,5.0043,0.0066967,0.55067,9.4301,0.29889
5.5114,5.0593,-0.016221,0.47954,9.471,0.29622
5.5048,5.1073,0.0082664,0.4168,9.5156,0.15413
5.5017,5.149,0.084058,0.36586,9.5466,0
5.5133,5.1856,0.20475,0.33692,9.5778,0
5.5287,5.2193,0.28813,0.31581,9.616,0
5.5589,5.2508,0.34333,0.3124,9.6535,0
5.5941,5.2821,0.36724,0.31386,9.6753,0
5.6396,5.3135,0.3847,0.32567,9.7025,0
5.6698,5.346,0.4102,0.32113,9.739,0
5.6698,5.3781,0,0.31845,9.7698,0.14651
5.6698,5.41,0,0.3313,9.7974,0.26445
5.8039,5.4431,0.58715,0.35071,9.8493,0
5.8644,5.4782,0.58619,0.37299,9.8953,0
5.9226,5.5155,0.51952,0.39005,9.9344,0
5.9689,5.5545,0.38957,0.39368,9.9697,0
5.9689,5.5939,0,0.39169,10.009,0.15928
6.0405,5.633,0.044238,0.38058,10.042,0
6.0412,5.6711,-0.096053,0.34327,10.089,0.32984
6.0306,5.7054,-0.18733,0.29964,10.13,0.62836
6.0135,5.7354,-0.24411,0.25445,10.15,0.81433
5.9849,5.7608,-0.26712,0.20396,10.177,0.86838
5.9555,5.7812,-0.26759,0.15803,10.197,0.83779
5.9261,5.797,-0.26473,0.11673,10.22,0.80092
5.9261,5.8087,0,0.076575,10.233,0
5.8567,5.8163,-0.26526,0.036323,10.244,0.75965
5.8277,5.82,-0.27636,0.0069572,10.255,0.78557
5.8277,5.8207,0,-0.003505,10.256,0
5.8277,5.8203,0,-0.01044,10.257,0
5.8277,5.8193,0,-0.016324,10.258,0
5.6988,5.8176,-0.42013,-0.026581,10.235,1.6185
5.6558,5.815,-0.45313,-0.035629,10.227,1.8647
5.6194,5.8114,-0.47288,-0.043131,10.202,2.0367
5.6194,5.8071,0,-0.054465,10.183,0.27379
5.5258,5.8017,-0.50509,-0.062399,10.147,2.3965
5.4735,5.7954,-0.49795,-0.073046,10.121,2.4647
5.4735,5.7881,0,-0.083289,10.089,0.48214
