33.611,33.611,-0.40044,0,35.5,1.2739
33.611,33.611,0,-0.0068528,35.5,0
33.537,33.61,-0.46042,-0.014117,35.481,1.7203
33.484,33.609,-0.46801,-0.02391,35.48,1.8803
33.484,33.607,0,-0.034235,35.468,0.1812
33.383,33.603,-0.51855,-0.042192,35.431,2.3775
33.383,33.599,0,-0.050267,35.409,0.34477
33.29,33.594,-0.5229,-0.058345,35.392,2.6142
33.237,33.588,-0.54168,-0.067529,35.361,2.8431
33.174,33.581,-0.54048,-0.078419,35.323,2.9818
33.125,33.574,-0.52766,-0.08638,35.286,3.0125
33.079,33.565,-0.50256,-0.093852,35.246,2.9652
33.024,33.556,-0.49974,-0.10287,35.19,3.0655
32.973,33.545,-0.51434,-0.111,35.14,3.2565
32.973,33.534,0,-0.11841,35.083,0.96126
32.868,33.522,-0.4972,-0.12749,35.022,3.3666
32.826,33.51,-0.49702,-0.13349,34.954,3.4393
32.826,33.496,0,-0.14271,34.886,1.1561
32.826,33.482,0,-0.15189,34.82,1.094
32.657,33.467,-0.48435,-0.15953,34.737,3.6876
32.657,33.451,0,-0.16782,34.656,1.3899
32.557,33.434,-0.50903,-0.17404,34.575,4.0147
32.499,33.417,-0.49926,-0.18285,34.479,4.0582
32.446,33.398,-0.50206,-0.19032,34.393,4.1637
32.399,33.379,-0.50769,-0.19676,34.292,4.2705
32.355,33.36,-0.52809,-0.2025,34.191,4.4649
32.304,33.339,-0.52158,-0.20964,34.085,4.5003
32.245,33.318,-0.54336,-0.21818,33.987,4.7447
32.245,33.297,0,-0.22748,33.881,1.8706
32.245,33.274,0,-0.23394,33.777,1.7879
32.09,33.25,-0.50272,-0.23935,33.643,4.6891
32.043,33.226,-0.5059,-0.2454,33.516,4.7643
31.986,33.202,-0.48269,-0.25362,33.391,4.6915
31.933,33.177,-0.49411,-0.26067,33.276,4.8341
31.878,33.151,-0.51214,-0.26808,33.15,5.0239
31.817,33.124,-0.49215,-0.27681,33.018,4.9709
31.817,33.096,0,-0.28365,32.889,2.2968
31.721,33.068,-0.49405,-0.28882,32.748,5.0733
31.721,33.039,0,-0.29298,32.615,2.3741
31.63,33.009,-0.45833,-0.29934,32.466,4.8979
31.63,32.98,0,-0.30251,32.33,2.426
31.63,32.949,0,-0.30941,32.196,2.3157
31.498,32.918,-0.45377,-0.31404,32.042,4.9408
31.461,32.887,-0.46706,-0.31758,31.893,5.0332
31.42,32.855,-0.4787,-0.32162,31.75,5.122
31.38,32.823,-0.47179,-0.32543,31.604,5.0827
31.335,32.79,-0.51453,-0.33045,31.453,5.3925
31.276,32.757,-0.50991,-0.33871,31.309,5.4175
31.215,32.724,-0.46389,-0.34735,31.15,5.1584
31.176,32.689,-0.45459,-0.35079,30.989,5.0907
31.126,32.654,-0.438,-0.35683,30.832,5.0047
31.076,32.618,-0.40401,-0.36259,30.687,4.8096
31.042,32.582,-0.39946,-0.36474,30.526,4.7596
31.007,32.545,-0.42264,-0.36736,30.364,4.8884
31.007,32.509,0,-0.37185,30.212,2.6023
30.917,32.471,-0.41559,-0.37644,30.054,4.8501
30.874,32.434,-0.42649,-0.38049,29.901,4.9173
30.838,32.396,-0.44422,-0.38273,29.75,5.0112
30.838,32.357,0,-0.38704,29.596,2.5954
30.759,32.319,-0.44566,-0.38922,29.421,4.9889
30.705,32.28,-0.43531,-0.39579,29.273,4.9429
30.663,32.24,-0.43627,-0.39938,29.122,4.9392
30.615,32.2,-0.42538,-0.40461,28.955,4.8691
30.574,32.16,-0.41579,-0.40782,28.796,4.7916
30.536,32.119,-0.43097,-0.41058,28.633,4.8637
30.488,32.078,-0.44756,-0.41567,28.465,4.9646
30.445,32.036,-0.45345,-0.4193,28.31,4.9883
30.39,31.995,-0.47964,-0.42615,28.148,5.1698
30.338,31.952,-0.48441,-0.43234,27.979,5.2021
30.294,31.909,-0.45602,-0.43627,27.812,4.9968
30.25,31.865,-0.4691,-0.43976,27.654,5.0617
30.196,31.821,-0.41411,-0.44605,27.496,4.7158
30.196,31.776,0,-0.44707,27.336,2.5482
30.115,31.732,-0.37155,-0.45083,27.185,4.4038
30.115,31.687,0,-0.4525,27.026,2.5049
30.115,31.641,0,-0.45245,26.871,2.3816
30.005,31.596,-0.4546,-0.45478,26.704,4.7895
29.959,31.551,-0.4935,-0.45861,26.547,5.018
29.959,31.505,0,-0.46096,26.39,2.4036
29.869,31.459,-0.55332,-0.46587,26.231,5.3703
29.817,31.412,-0.52242,-0.47122,26.077,5.1488
29.762,31.365,-0.44968,-0.47771,25.916,4.6752
29.762,31.317,0,-0.48151,25.758,2.3603
29.666,31.269,-0.3732,-0.48527,25.615,4.1797
29.666,31.221,0,-0.48343,25.457,2.3506
29.593,31.172,-0.35834,-0.48606,25.312,4.01
29.593,31.124,0,-0.48714,25.156,2.2762
29.521,31.075,-0.40727,-0.48648,24.995,4.1909
29.475,31.026,-0.46069,-0.48971,24.848,4.481
29.424,30.977,-0.47177,-0.49413,24.703,4.5298
29.386,30.928,-0.49705,-0.49507,24.539,4.6381
29.338,30.878,-0.47067,-0.49908,24.38,4.4475
29.287,30.828,-0.48703,-0.5039,24.223,4.5249
29.287,30.778,0,-0.50491,24.072,2.1147
29.207,30.728,-0.45199,-0.50556,23.924,4.2275
29.207,30.677,0,-0.51108,23.774,2.0417
29.207,30.626,0,-0.51539,23.63,1.9013
29.207,30.574,0,-0.51828,23.49,1.7678
29.017,30.523,-0.39904,-0.51823,23.321,3.8079
28.984,30.471,-0.37602,-0.51642,23.17,3.6299
28.953,30.419,-0.3864,-0.51357,23.03,3.6291
28.906,30.368,-0.40855,-0.51616,22.892,3.7188
28.875,30.316,-0.41709,-0.51364,22.737,3.7058
28.835,30.265,-0.41419,-0.51404,22.595,3.6496
28.835,30.213,0,-0.5161,22.455,1.8016
28.74,30.162,-0.36336,-0.51971,22.314,3.3295
28.7,30.11,-0.33707,-0.52022,22.165,3.1601
28.7,30.058,0,-0.52011,22.026,1.7403
28.7,30.006,0,-0.5184,21.893,1.6223
28.7,29.954,0,-0.51455,21.765,1.5129
28.7,29.902,0,-0.51296,21.642,1.4009
28.7,29.851,0,-0.50637,21.525,1.3037
28.513,29.801,-0.059017,-0.50001,21.341,1.7989
28.515,29.751,0.093765,-0.48339,21.224,1.3216
28.515,29.702,0,-0.46717,21.102,1.4828
28.535,29.655,0.32205,-0.44537,20.976,0.79848
28.535,29.611,0,-0.41777,20.866,1.3558
28.535,29.569,0,-0.38489,20.761,1.3461
28.652,29.531,0.43614,-0.35567,20.686,0.44239
28.698,29.495,0.47723,-0.32414,20.611,0.34189
28.698,29.463,0,-0.29028,20.533,0.97388
28.807,29.434,0.41306,-0.25723,20.478,0.18685
28.847,29.408,0.42693,-0.23095,20.414,0.11135
28.898,29.385,0.37657,-0.20146,20.36,0.056787
28.944,29.365,0.31096,-0.17466,20.306,0.029396
28.974,29.347,0.27731,-0.15506,20.272,0.0060853
28.974,29.332,0,-0.13907,20.236,0.4435
29.023,29.318,0.23376,-0.12334,20.203,0
29.042,29.305,0.2616,-0.11028,20.183,0
29.042,29.294,0,-0.097644,20.157,0.31443
29.099,29.285,0.33989,-0.077946,20.14,0
29.128,29.277,0.38027,-0.062458,20.128,0
29.128,29.271,0,-0.041463,20.113,0.20714
29.203,29.266,0.29633,-0.026774,20.111,0
29.223,29.264,0.1277,-0.017021,20.112,0
29.234,29.262,-0.050693,-0.011689,20.108,0.14601
29.234,29.261,-0.26806,-0.011435,20.102,0.78689
29.234,29.26,0,-0.023863,20.099,0.0035995
29.163,29.257,-0.5013,-0.039779,20.081,1.8702
29.163,29.253,0,-0.057292,20.072,0.065602
29.063,29.248,-0.52856,-0.07803,20.058,2.131
29,29.24,-0.49485,-0.10126,20.036,2.0312
28.949,29.23,-0.42482,-0.11866,20.019,1.7485
28.905,29.218,-0.43151,-0.13235,19.992,1.82
28.905,29.205,0,-0.1457,19.962,0.30743
28.905,29.19,0,-0.16157,19.933,0.24554
28.763,29.174,-0.4202,-0.17509,19.886,1.8905
28.727,29.156,-0.46279,-0.18359,19.849,2.1145
28.685,29.138,-0.44767,-0.19466,19.795,2.0696
28.638,29.119,-0.43429,-0.2068,19.745,2.0374
28.6,29.098,-0.4441,-0.21491,19.702,2.1033
28.6,29.076,0,-0.22532,19.653,0.50272
28.6,29.054,0,-0.23207,19.607,0.44252
28.6,29.031,0,-0.24643,19.562,0.36786
28.417,29.006,-0.52628,-2,19.489,4.5477
28.417,28.806,0,-0.1887,19.44,0.40018
28.318,28.787,-0.51437,-0.20559,19.398,2.4029
28.318,28.767,0,-2,19.352,9.5227
28.208,28.567,-0.47869,-0.15727,19.301,2.0833
28.167,28.551,-0.45358,-2,19.26,6.1232
28.167,28.351,0,-0.096637,19.232,0.17445
28.094,28.341,-0.46464,-0.10833,19.213,1.8756
28.047,28.33,-0.47508,-0.12434,19.184,1.9702
28.003,28.318,-0.48128,-2,19.146,6.3085
27.948,28.118,-0.49538,-0.074486,19.128,1.9295
27.899,28.111,-0.47379,-0.092663,19.11,1.8748
27.845,28.101,-0.4592,-0.11257,19.079,1.8596
27.801,28.09,-0.46121,-0.12721,19.048,1.9088
27.751,28.077,-0.45601,-2,19.021,6.4474
27.711,27.877,-0.46688,-0.072873,18.999,1.7844
27.662,27.87,-0.41784,-0.091395,18.979,1.6081
27.61,27.861,-0.44818,-0.11025,18.947,1.7991
27.574,27.85,-0.46171,-2,18.919,6.7079
27.574,27.65,0,-0.052558,18.901,0.045872
27.481,27.645,-0.41319,-0.07165,18.881,1.5316
27.437,27.637,-0.43353,-0.088172,18.862,1.6696
27.386,27.629,-0.40722,-0.10662,18.837,1.6012
27.35,27.618,-0.3714,-0.11817,18.81,1.4766
27.313,27.606,-0.36638,-2,18.779,7.3993
27.277,27.406,-0.3919,-0.056458,18.767,1.3952
27.242,27.4,-0.42864,-0.069596,18.762,1.595
27.207,27.393,-0.41532,-0.081685,18.752,1.5686
27.158,27.385,-0.41457,-0.099899,18.738,1.6158
27.124,27.375,-0.4373,-0.11032,18.724,1.748
27.084,27.364,-0.44514,-0.12353,18.688,1.8193
27.033,27.352,-0.42443,-2,18.66,6.7496
27.033,27.152,0,-0.071627,18.639,0.093264
26.957,27.145,-0.3969,-0.082481,18.617,1.4882
26.917,27.137,-0.36184,-0.096905,18.587,1.3774
26.872,27.127,-0.33355,-0.1123,18.569,1.3034
26.835,27.116,-0.3408,-2,18.536,7.7027
26.81,26.916,-0.36435,-0.04657,18.521,1.2503
26.81,26.911,0,-0.060619,18.51,0.080549
26.738,26.905,-0.40301,-0.073442,18.491,1.489
26.699,26.898,-0.4571,-0.087607,18.471,1.7747
26.647,26.889,-0.55989,-0.10678,18.45,2.3502
26.583,26.878,-0.64513,-2,18.428,5.131
26.583,26.678,0,-0.073793,18.409,0.042114
26.444,26.671,-0.833,-0.099736,18.381,4.0791
26.362,26.661,-0.91955,-0.13197,18.356,4.8477
26.265,26.648,-0.9005,-2,18.321,2.9633
26.18,26.448,-0.8894,-0.11811,18.281,4.5664
26.092,26.436,-0.87448,-0.15209,18.248,4.5495
25.999,26.421,-0.79033,-0.18686,18.218,4.023
25.924,26.402,-0.69629,-2,18.171,3.889
25.845,26.202,-0.69219,-0.15795,18.126,3.2763
25.784,26.186,-0.70212,-2,18.092,4.1836
25.705,25.986,-0.73471,-0.12418,18.054,3.4581
25.628,25.974,-0.73534,-0.15305,18.019,3.5438
25.56,25.958,-0.73774,-2,17.978,3.9566
25.483,25.758,-0.68453,-0.12149,17.948,3.1242
25.483,25.746,0,-0.14595,17.921,0.23326
25.345,25.732,-0.83035,-2,17.863,3.3912
25.345,25.532,0,-0.1165,17.835,0.13909
25.174,25.52,-1.235,-0.15294,17.812,7.9162
25.047,25.505,-1.5197,-0.20343,17.765,11.645
24.903,25.484,-1.7012,-2,17.717,0.56558
24.732,25.284,-1.7653,-0.24552,17.666,15.655
24.732,25.26,0,-2,17.612,8.9767
24.732,25.06,0,-0.30501,17.569,0.086275
24.206,25.029,-1.5976,-2,17.467,0.84233
24.055,24.829,-1.4529,-2,17.383,0.61096
23.919,24.629,-1.3164,-2,17.31,0.68219
23.919,24.429,0,-0.28669,17.249,0.44658
23.67,24.401,-1.1019,-2,17.173,1.1837
23.558,24.201,-1.037,-0.28729,17.101,6.3085
23.558,24.172,0,-2.9,17.038,32.952
23.348,23.882,-0.99401,-0.23838,16.965,5.7784
23.25,23.858,-0.96179,-2.9,16.9,20.563
23.148,23.568,-0.97178,-0.18663,16.858,5.4384
23.047,23.549,-0.96831,-0.22418,16.813,5.5133
23.047,23.527,0,-0.26204,16.763,0.43482
22.85,23.501,-0.96297,-2.9,16.707,19.7
22.85,23.211,0,-0.20805,16.657,0.30489
22.85,23.19,0,-2.9,16.622,39.166
22.506,22.9,-1.2622,-0.17541,16.539,8.2805
22.506,22.882,0,-0.2232,16.5,0.30696
22.242,22.86,-1.3681,-2.9,16.419,15.083
22.096,22.57,-1.1739,-0.21128,16.364,7.4291
21.976,22.549,-0.94356,-0.2562,16.318,5.3919
21.874,22.523,-0.68593,-2.9,16.253,23.314
21.814,22.233,-0.41927,-0.18733,16.192,1.8616
21.777,22.215,-0.24017,-0.19577,16.155,1.1632
21.777,22.195,0,-0.19415,16.112,0.4485
21.777,22.176,0,-2.9,16.071,37.75
21.724,21.886,-0.24239,-0.072293,16.031,0.85213
21.691,21.878,-0.28444,-0.083849,16.012,1.0312
21.691,21.87,0,-0.093069,15.993,0.17194
21.632,21.861,-0.30525,-0.10237,15.977,1.1561
21.632,21.85,0,-0.11408,15.955,0.20777
21.563,21.839,-0.28572,-0.1239,15.939,1.1367
21.563,21.827,0,-2.9,15.912,41.107
21.515,21.537,-0.2711,-0.0098232,15.887,0.78935
21.487,21.536,-0.35232,-0.021589,15.881,1.13
21.452,21.534,-0.54489,-0.036337,15.865,2.0673
21.394,21.53,-0.74771,-0.060578,15.853,3.3513
21.394,21.524,0,-0.091471,15.839,0.075505
21.394,21.515,0,-0.13,15.827,0
21.394,21.502,0,-0.18417,15.815,0
21.394,21.483,0,-2.9,15.806,45.901
20.791,21.193,-1.7736,-0.17997,15.681,15.558
20.623,21.175,-1.9525,-0.24812,15.63,19.142
20.433,21.15,-2.2688,-2.9,15.563,2.5055
20.196,20.86,-2.6246,-0.29795,15.486,37.324
20.196,20.831,0,-2.9,15.421,32.526
20.196,20.541,0,-0.40229,15.372,0.006247
20.196,20.5,0,-2.9,15.34,40.057
19.093,20.21,-2.3801,-2.9,15.101,1.2131
18.852,19.92,-2.0624,-0.4805,15.001,22.24
18.64,19.872,-1.9185,-2.9,14.896,2.3266
18.457,19.582,-1.7516,-2.9,14.78,4.1587
18.272,19.292,-1.5745,-0.4597,14.672,13.205
18.107,19.246,-1.4627,-2.9,14.575,6.7881
18.107,18.956,0,-2.9,14.475,28.397
17.816,18.666,-1.0388,-0.38185,14.392,6.5914
17.816,18.628,0,-2.9,14.309,29.075
17.591,18.338,-1.3241,-0.33589,14.212,9.4684
17.466,18.305,-1.5456,-2.9,14.134,9.2509
17.314,18.015,-1.776,-0.31415,14.067,16.031
17.145,17.983,-2.0062,-4.4,13.991,0
17.145,17.543,0,-0.26878,13.929,0.2665
16.722,17.516,-2.1945,-0.35479,13.846,24.941
16.501,17.481,-2.4267,-0.44116,13.761,31.459
16.501,17.437,0,-4.4,13.665,227.32
15.984,16.997,-2.898,-0.45379,13.549,48.468
15.688,16.951,-3.0868,-4.4,13.43,0
15.385,16.511,-3.1464,-0.50457,13.302,60.567
15.074,16.461,-3.0149,-4.4,13.176,0
14.77,16.021,-2.9004,-0.55949,13.049,48.957
14.479,15.965,-2.8276,-4.4,12.922,0
14.194,15.525,-2.813,-0.59593,12.778,45.429
14.194,15.465,0,-4.4,12.647,171.87
14.194,15.025,0,-4.4,12.542,249.7
13.345,14.585,-2.8346,-0.54899,12.352,46.254
13.064,14.53,-2.7749,-4.4,12.214,0
12.785,14.09,-2.6865,-0.57784,12.077,40.642
12.785,14.033,0,-4.4,11.95,175.08
12.785,13.593,0,-4.4,11.847,255.18
12.785,13.153,0,-0.51316,11.788,0
11.705,13.101,-2.8598,-4.4,11.522,0
11.416,12.661,-2.9469,-0.54063,11.394,51.223
11.122,12.607,-2.9847,-4.4,11.249,0
11.122,12.167,0,-0.58104,11.123,0.93512
11.122,12.109,0,-5.2,11.021,17371
10.207,11.589,-2.9973,-0.595,10.806,53.838
10.207,11.53,0,-5.2,10.671,1374.1
9.6122,11.01,-2.9884,-0.59599,10.508,53.524
9.3075,10.95,-3.1574,-5.2,10.355,0
9.3075,10.43,0,-5.2,10.217,1261.5
8.6568,9.9101,-3.7665,-0.51288,10.058,104.67
8.2856,9.8588,-4.0865,-5.2,9.9121,0.88516
8.2856,9.3388,0,-0.58996,9.7808,0.93422
7.4366,9.2798,-4.418,-5.2,9.5849,2.1354
6.9869,8.7598,-4.3225,-0.70902,9.4077,17.261
6.9869,8.6889,0,-5.2,9.2339,97.022
6.1671,8.1689,-3.6121,-5.2,8.9947,0.76725
5.8105,7.6489,-3.2014,-5.2,8.8086,0
5.8105,7.1289,0,-0.60095,8.6508,1.4444
5.8105,7.0688,0,-5.2,8.522,42.068
4.9631,6.5488,-2.3726,-0.57067,8.2902,32.79
4.7233,6.4917,-2.2636,-5.2,8.121,0
4.7233,5.9717,0,-8.8,7.9702,10.111
4.2925,5.0917,-2.0803,-0.24087,7.8291,23.752
4.2925,5.0677,0,-0.30249,7.7504,0.96754
4.2925,5.0374,0,-0.36039,7.6744,0.76972
3.7006,5.0014,-1.7222,-0.41225,7.5054,17.932
3.7006,4.9601,0,-8.8,7.3774,0
3.7006,4.0801,0,-0.19213,7.2955,0.37438
3.1815,4.0609,-1.8225,-0.23835,7.2005,7.8012
3.1815,4.0371,0,-0.28623,7.1138,1.1948
2.7926,4.0085,-2.1911,-8.8,7.0007,0
2.7926,3.1285,0,-0.12163,6.9231,0.43746
2.7926,3.1163,0,-0.16923,6.8901,0.30839
2.1195,3.0994,-2.292,-0.22005,6.7616,7.6946
1.8806,3.0774,-2.1994,-0.27336,6.661,7.739
1.6597,3.05,-2.017,-0.32415,6.5403,7.5823
1.4598,3.0176,-1.8259,-8.8,6.3872,0
1.2788,2.1376,-1.6234,-0.14607,6.2745,5.6675
1.2788,2.123,0,-0.17581,6.1894,1.4948
0.97704,2.1054,-1.0037,-0.19969,6.0649,4.865
0.88273,2.0855,-0.72324,-8.8,5.9544,0
0.82002,1.2055,-0.49111,-0.039329,5.878,2.2385
0.77904,1.2015,-0.37797,-0.043472,5.8358,2.3264
0.74378,1.1972,-0.43242,-0.047083,5.7897,2.2335
0.74378,1.1925,0,-0.0505,5.7446,0.88266
0.64221,1.1874,-0.77122,-0.057661,5.6953,3.01
0.55552,1.1817,-0.78145,-0.066962,5.6389,3.1586
0.55552,1.175,0,-8.8,5.5767,0
0.55552,0.29497,0,-0.54436,5.5587,0
0.34437,0.24053,-0.32741,-0.32741,5.5357,0
0.30446,0.20779,-0.19062,-0.19062,5.5379,0
0.30446,0.18873,0,-0.10454,5.5486,0
0.26075,0.17828,-0.067526,-0.067526,5.5549,0
0.25675,0.17153,-0.035423,-0.035423,5.567,0
0.25461,0.16798,0.030085,0.030085,5.5772,0
0.2642,0.17099,0.02413,0.02413,5.5893,0
0.27509,0.1734,-0.14032,-0.14032,5.6053,0
0.25245,0.15937,-0.32129,-0.32129,5.6252,0
0.25245,0.12724,0,-0.50371,5.6361,0
0.18094,0.076872,-0.63733,-0.63733,5.6421,0
0.18094,0.01314,0,-0.66937,5.6557,0
0.18094,0,0,-0.5823,5.6759,0
0.18094,0,0,-0.46988,5.6969,0
0.18094,0,0,-0.3671,5.7173,0
-0.083593,0,-0.28513,-0.28513,5.6479,0.19135
-0.11605,0,-0.2223,-0.2223,5.6476,0.25789
-0.12969,0,-0.20656,-0.20656,5.6316,0.28586
-0.15187,0,-0.22696,-0.22696,5.6251,0.33132
-0.18427,0,-0.24953,-0.24953,5.6005,0.39775
-0.21119,0,-0.2054,-0.2054,5.5878,0.45292
-0.23091,0,-0.12288,-0.12288,5.5582,0.49335
-0.23091,0,0,-0.046607,5.5358,0.39542
-0.25068,0,0.043496,0.043496,5.5075,0.53389
-0.24913,0.0043496,0.1416,0.1416,5.4811,0.53963
-0.23944,0.01851,0.1732,0.1732,5.4624,0.54877
-0.23944,0.035829,0,0.15214,5.4357,0.90396
-0.23944,0.051043,0,0.14577,5.4074,0.92177
-0.17118,0.06562,0.13839,0.13839,5.3741,0.50542
-0.17118,0.079459,0,0.09895,5.3497,0.74171
-0.17118,0.089354,0,0.068585,5.3241,0.69819
-0.15378,0.096212,0.1158,0.1158,5.3086,0.53248
-0.1465,0.10779,0.16657,0.16657,5.2754,0.54129
-0.13258,0.12445,0.22699,0.22699,5.2463,0.5469
-0.10983,0.14715,0.31371,0.31371,5.216,0.5468
-0.071145,0.17852,0.38868,0.38868,5.197,0.5318
-0.071145,0.21739,0,0.3966,5.1701,1.4448
-0.071145,0.25705,0,0.39793,5.1392,1.5289
0.052936,0.29684,0.44201,-8.8,5.1229,0
0.092157,0,0.61952,0.61952,5.1353,0
0.16352,0.061952,0.8862,0.8862,5.1377,0
0.16352,0.15057,0,1.149,5.1435,5.0363
0.16352,0.26547,0,1.3358,5.139,6.7546
0.49582,0.39905,1.374,-8.8,5.1626,0
0.62893,0,1.2592,1.2592,5.2263,0
0.74788,0.12592,1.1232,1.1232,5.2848,0
0.85372,0.23824,1.0944,1.0944,5.3409,0
0.85372,0.34768,0,1.2446,5.3969,3.6482
0.85372,0.47214,0,1.56,5.4413,6.1793
1.2371,0.62815,1.9025,1.9025,5.5289,0
1.4288,0.8184,2.1745,2.1745,5.5972,0
1.6483,1.0358,2.3107,4.9,5.6664,9.7917
1.88,1.5258,2.3371,-8.8,5.7211,0
2.119,0.64585,2.2777,2.2777,5.8197,0
2.3426,0.87361,2.1816,2.1816,5.9641,0
2.3426,1.0918,0,4.9,6.1,32.039
2.7635,1.5818,1.874,4.9,6.2467,10.726
2.9562,2.0718,1.5534,2.9217,6.3557,2.3006
2.9562,2.3639,0,1.9927,6.4295,8.3478
3.2252,2.5632,0.77911,1.5656,6.5104,0.68451
3.2252,2.7198,0,1.2407,6.5687,3.6278
3.3357,2.8439,0.1583,0.99376,6.6282,1.5005
3.3425,2.9432,0.046165,0.76542,6.6647,1.3068
3.3447,3.0198,0.014914,0.60035,6.709,0.98283
3.3447,3.0798,0,0.49097,6.7385,0.79472
3.3599,3.1289,0.017731,0.40484,6.7585,0.518
3.3668,3.1694,0.016344,0.3396,6.7791,0.39753
3.3645,3.2034,0.033561,0.27269,6.7884,0.23403
3.3608,3.2306,0.010205,0.21749,6.8005,0.21901
3.3566,3.2524,-0.093264,0.17261,6.8156,0.46012
3.3459,3.2696,-0.29556,0.12533,6.8235,1.1103
3.3459,3.2822,0,0.059906,6.8305,0
3.2617,3.2882,-0.75587,-0.0062225,6.8351,3.3012
3.1779,3.2875,-0.91774,-0.02579,6.8331,4.7365
3.1779,3.285,0,-0.048788,6.8222,0.11701
2.9824,3.2801,-0.9488,-0.070325,6.8052,5.5311
2.8863,3.273,-0.90003,-0.091787,6.7756,5.3642
2.7915,3.2639,-0.84227,-0.11309,6.7279,5.1208
2.7051,3.2526,-0.81445,-0.13215,6.6793,5.0967
2.6265,3.2393,-0.82528,-8.8,6.6119,0
2.5416,2.3593,-0.86486,0.50056,6.5901,6.845
2.4545,2.4094,-0.88207,0.11988,6.6092,4.7791
2.3707,2.4214,-0.80334,-0.0090382,6.6119,3.7146
2.2874,2.4205,-0.67006,-0.023763,6.609,3.0502
2.2126,2.4181,-0.50359,-0.036868,6.5855,2.2726
2.1572,2.4144,-0.1041,-0.046286,6.5661,0.73333
2.1514,2.4098,-0.063566,-0.046639,6.5455,0.6163
