23.611,23.611,0.32202,0,35.5,0
23.636,23.611,0.24929,0.006537,35.502,0
23.655,23.612,0.1095,0.011322,35.51,0
23.655,23.613,0,0.015982,35.514,0
23.674,23.614,-0.019466,0.015725,35.515,0
23.672,23.616,-0.036505,0.014729,35.511,0
23.672,23.618,0,0.014823,35.517,0
23.662,23.619,-0.04893,0.011274,35.537,0.042391
23.657,23.62,-0.10446,0.0096266,35.541,0.18833
23.644,23.621,-0.13541,0.0059052,35.548,0.29463
23.633,23.622,-0.16313,0.0030695,35.541,0.39196
23.614,23.622,-0.19451,-0.0010062,35.537,0.52364
23.6,23.622,-0.19192,-0.0028127,35.529,0.54508
23.583,23.622,-0.18699,-0.0050665,35.532,0.56654
23.555,23.621,-0.17874,-0.0086845,35.52,0.59977
23.555,23.62,0,-0.010158,35.514,0.11463
23.526,23.619,-0.16248,-0.012105,35.501,0.60449
23.502,23.618,-0.13281,-0.015102,35.496,0.56194
23.502,23.617,0,-0.01716,35.485,0.20178
23.478,23.615,-0.048323,-0.017813,35.469,0.36724
23.478,23.613,0,-0.018798,35.455,0.24181
23.458,23.611,-0.062044,-0.020066,35.453,0.43721
23.454,23.609,-0.082239,-0.020228,35.445,0.4951
23.454,23.607,0,-0.020226,35.43,0.2778
23.454,23.605,0,-0.022456,35.415,0.26812
23.408,23.603,-0.23872,-0.025477,35.397,1.0918
23.387,23.6,-0.30394,-0.027907,35.374,1.3925
23.363,23.598,-0.35984,-0.030753,35.356,1.6886
23.329,23.594,-0.4391,-0.034857,35.339,2.1509
23.329,23.591,0,-0.039241,35.313,0.47391
23.329,23.587,0,-0.046839,35.287,0.44599
23.161,23.582,-0.86563,-0.055588,35.25,5.4928
23.064,23.577,-1.0709,-0.067703,35.206,7.7555
22.953,23.57,-1.2869,-0.08157,35.155,10.658
22.826,23.562,-1.5135,-0.097676,35.084,14.353
22.683,23.552,-1.646,-0.11575,35,17.146
22.515,23.541,-1.7391,-0.13712,34.911,19.598
22.336,23.527,-1.7729,-0.15981,34.81,21.089
22.155,23.511,-1.7354,-0.18294,34.688,21.228
21.971,23.493,-1.6368,-0.2065,34.539,20.252
21.971,23.472,0,-0.22871,34.388,3.1722
21.642,23.449,-1.428,-0.24877,34.206,18.111
21.493,23.424,-1.4245,-0.26795,34.022,18.635
21.359,23.397,-1.4527,-0.28513,33.83,19.588
21.206,23.369,-1.4748,-0.30521,33.62,20.536
21.055,23.338,-1.4421,-0.32527,33.402,20.545
20.915,23.306,-1.3492,-0.34394,33.173,19.519
20.775,23.271,-1.1537,-0.36297,32.926,17.05
20.775,23.235,0,-0.37773,32.678,5.6998
20.775,23.197,0,-0.39087,32.434,5.4932
20.487,23.158,-0.66443,-0.40213,32.135,11.739
20.429,23.118,-0.66501,-0.40989,31.86,11.773
20.429,23.077,0,-0.41944,31.593,6.1654
20.298,23.035,-0.75831,-0.42749,31.316,12.861
20.215,22.992,-0.76648,-0.43939,31.037,13.062
20.138,22.948,-0.79509,-0.4504,30.758,13.462
20.138,22.903,0,-0.46306,30.48,6.361
19.97,22.857,-0.78969,-0.47524,30.186,13.592
19.892,22.81,-0.71899,-0.48699,29.886,12.863
19.821,22.761,-0.65151,-0.49761,29.595,12.177
19.763,22.711,-0.54711,-0.50587,29.306,11.11
19.763,22.66,0,-0.515,29.014,6.5638
19.658,22.609,-0.34733,-0.52156,28.706,9.2324
19.658,22.557,0,-0.5262,28.414,6.5094
19.658,22.504,0,-0.53005,28.126,6.2923
19.572,22.451,-0.19266,-0.53125,27.837,7.673
19.572,22.398,0,-0.53399,27.552,6.1954
19.525,22.345,-0.18517,-0.53506,27.285,7.3551
19.505,22.291,-0.20993,-0.5362,27.006,7.3822
19.489,22.238,-0.18108,-0.53662,26.731,7.0306
19.471,22.184,-0.18891,-0.53767,26.451,6.9383
19.452,22.13,-0.1716,-0.5383,26.18,6.679
19.452,22.076,0,-0.53792,25.915,5.447
19.452,22.022,0,-0.5366,25.655,5.2655
19.416,21.969,-0.16789,-0.5349,25.408,6.1919
19.407,21.915,-0.14644,-0.53291,25.154,5.9014
19.388,21.862,-0.18916,-0.5328,24.91,6.0382
19.388,21.809,0,-0.53299,24.666,4.772
19.353,21.755,-0.22448,-0.53158,24.428,5.9952
19.353,21.702,0,-0.53191,24.19,4.5391
19.292,21.649,-0.39521,-0.53529,23.968,6.9503
19.26,21.596,-0.2981,-0.5376,23.736,6.1774
19.234,21.542,-0.30034,-0.5386,23.501,6.0785
19.234,21.488,0,-0.5399,23.273,4.1927
19.172,21.434,-0.34092,-0.54211,23.048,6.145
19.138,21.38,-0.32275,-0.54449,22.825,5.932
19.106,21.325,-0.38087,-0.5466,22.593,6.2169
19.106,21.271,0,-0.55103,22.374,3.8594
19.018,21.216,-0.3253,-0.5562,22.152,5.7101
18.986,21.16,-0.29333,-0.55811,21.923,5.4094
18.95,21.104,-0.28283,-0.56079,21.7,5.256
18.912,21.048,-0.32986,-0.56384,21.478,5.4574
18.912,20.992,0,-0.56683,21.268,3.5324
18.836,20.935,-0.38703,-0.56902,21.064,5.6516
18.794,20.878,-0.40168,-0.57239,20.861,5.6695
18.794,20.821,0,-0.57336,20.656,3.3509
18.714,20.763,-0.38174,-0.57858,20.437,5.3689
18.685,20.706,-0.38465,-0.57806,20.24,5.2823
18.643,20.648,-0.45721,-0.58125,20.041,5.6718
18.643,20.59,0,-0.58738,19.843,3.064
18.545,20.531,-0.52599,-0.59175,19.638,6.0032
18.496,20.472,-0.5292,-0.59661,19.442,5.9528
18.453,20.412,-0.49568,-0.59939,19.251,5.6389
18.413,20.352,-0.40817,-0.602,19.047,4.9862
18.364,20.292,-0.28244,-0.60721,18.844,4.2032
18.343,20.231,-0.10481,-0.6024,18.66,3.2553
18.336,20.171,0.053832,-0.59356,18.471,2.5465
18.333,20.112,0.14199,-0.58316,18.282,2.1695
18.343,20.053,0.27485,-0.568,18.107,1.7355
18.343,19.997,0,-0.54897,17.939,2.3949
18.403,19.942,0.37602,-0.52346,17.777,1.3141
18.45,19.889,0.37989,-0.49527,17.63,1.1806
18.492,19.84,0.42638,-0.4684,17.493,1.0107
18.542,19.793,0.44022,-0.43918,17.355,0.88065
18.542,19.749,0,-0.41023,17.232,1.6891
18.629,19.708,0.43765,-0.38561,17.126,0.68386
18.666,19.669,0.42918,-0.36151,17.016,0.60337
18.666,19.633,0,-0.33248,16.918,1.3314
18.666,19.6,0,-0.30918,16.823,1.3171
18.666,19.569,0,-0.27991,16.731,1.3257
18.666,19.541,0,-0.25417,16.642,1.332
18.666,19.516,0,-0.22743,16.556,1.3484
18.947,19.493,0.46935,-0.20437,16.537,0.086974
18.989,19.473,0.46912,-0.18173,16.476,0.021529
19.043,19.454,0.4604,-0.15493,16.436,0
19.094,19.439,0.46656,-0.13025,16.399,0
19.094,19.426,0,-0.10856,16.365,0.45831
19.094,19.415,0,-0.087784,16.333,0.48437
19.224,19.406,0.46278,-0.069478,16.301,0
19.271,19.399,0.46598,-0.048887,16.278,0
19.325,19.394,0.46843,-0.026544,16.274,0
19.37,19.392,0.46349,-0.0083065,16.275,0
19.37,19.391,0,0.0033977,16.273,0.050489
19.452,19.391,0.4788,0.010992,16.282,0
19.505,19.392,0.49357,0.020596,16.295,0
19.505,19.394,0,0.030487,16.306,0
19.608,19.397,0.5178,0.038399,16.324,0
19.654,19.401,0.50653,0.04624,16.348,0
19.703,19.406,0.51394,0.054264,16.37,0
19.703,19.411,0,0.062069,16.4,0
19.8,19.418,0.48191,0.070188,16.449,0
19.8,19.425,0,0.077587,16.487,0
19.894,19.432,0.45614,0.084895,16.526,0
19.894,19.441,0,0.093209,16.572,0
19.982,19.45,0.39895,0.098311,16.629,0
20.03,19.46,0.39526,0.10555,16.684,0
20.06,19.471,0.40358,0.10944,16.75,0
20.107,19.481,0.40173,0.11639,16.809,0
20.144,19.493,0.42795,0.12143,16.875,0
20.184,19.505,0.4403,0.127,16.947,0
20.227,19.518,0.42401,0.13296,17.017,0
20.279,19.531,0.38798,0.14043,17.086,0
20.279,19.545,0,0.14472,17.16,0
20.279,19.56,0,0.15029,17.233,0
20.397,19.575,0.33453,0.15583,17.332,0
20.426,19.59,0.33131,0.15876,17.405,0
20.454,19.606,0.33137,0.16169,17.492,0
20.491,19.622,0.33425,0.16614,17.576,0
20.491,19.639,0,0.17118,17.662,0
20.491,19.656,0,0.17419,17.746,0
20.601,19.674,0.28294,0.17893,17.848,0
20.601,19.691,0,0.18239,17.94,0
20.66,19.71,0.2711,0.18456,18.033,0
20.687,19.728,0.26758,0.18676,18.132,0
20.687,19.747,0,0.18949,18.227,0
20.752,19.766,0.29381,0.19345,18.326,0
20.752,19.785,0,0.19493,18.424,0
20.815,19.805,0.32855,0.19932,18.514,0
20.85,19.825,0.30154,0.20289,18.622,0
20.85,19.845,0,0.20493,18.723,0
20.85,19.865,0,0.20609,18.822,0
20.85,19.886,0,0.20612,18.92,0
20.938,19.907,0.27043,0.20664,19.019,0
20.971,19.927,0.2979,0.20973,19.124,0
20.993,19.948,0.32201,0.21038,19.219,0
21.02,19.969,0.31867,0.21216,19.318,0
21.05,19.99,0.30946,0.21466,19.429,0
21.09,20.012,0.29295,0.21922,19.539,0
21.119,20.034,0.31635,0.22132,19.638,0
21.155,20.056,0.33422,0.22477,19.752,0
21.19,20.078,0.36028,0.228,19.861,0
21.23,20.101,0.37032,0.23227,19.974,0
21.276,20.124,0.37445,0.2378,20.093,0
21.276,20.148,0,0.24069,20.207,0
21.346,20.172,0.35765,0.24378,20.322,0
21.386,20.197,0.33994,0.24787,20.443,0
21.419,20.221,0.32522,0.25041,20.553,0
21.419,20.247,0,0.2509,20.672,0
21.484,20.272,0.32183,0.25504,20.794,0
21.507,20.297,0.32142,0.25539,20.921,0
21.507,20.323,0,0.25719,21.041,0
21.507,20.348,0,0.26051,21.158,0
21.507,20.374,0,0.2619,21.273,0
21.507,20.401,0,0.26619,21.385,0
21.681,20.427,0.29731,0.26863,21.529,0
21.681,20.454,0,0.27091,21.653,0
21.756,20.481,0.35858,0.2747,21.779,0
21.788,20.509,0.33539,0.27637,21.909,0
21.822,20.536,0.32796,0.27855,22.033,0
21.857,20.564,0.33309,0.28094,22.16,0
21.857,20.592,0,0.28475,22.288,0
21.93,20.621,0.37217,0.28614,22.412,0
21.97,20.649,0.36831,0.28931,22.54,0
21.999,20.678,0.41473,0.29023,22.67,0
21.999,20.707,0,0.29265,22.801,0
22.089,20.737,0.4249,0.29899,22.951,0
22.132,20.766,0.39348,0.30264,23.08,0
22.166,20.797,0.42076,0.30442,23.226,0
22.202,20.827,0.42481,0.30672,23.367,0
22.253,20.858,0.40608,0.31202,23.508,0
22.285,20.889,0.38834,0.31333,23.657,0
22.285,20.92,0,0.31674,23.795,0
22.285,20.952,0,0.32044,23.93,0
22.411,20.984,0.39299,0.32276,24.078,0
22.452,21.016,0.36559,0.32578,24.224,0
22.486,21.049,0.3676,0.32694,24.364,0
22.486,21.082,0,0.33012,24.506,0
22.568,21.115,0.3542,0.3322,24.649,0
22.599,21.148,0.34128,0.33269,24.796,0
22.628,21.181,0.37032,0.33257,24.949,0
22.675,21.214,0.36378,0.33653,25.092,0
22.71,21.248,0.35123,0.3378,25.236,0
22.741,21.282,0.30488,0.33798,25.388,0
22.741,21.316,0,0.33919,25.532,0
22.81,21.35,0.28693,0.33987,25.682,0
22.828,21.384,0.26902,0.33723,25.837,0
22.828,21.417,0,0.33651,25.98,0
22.828,21.451,0,0.33128,26.12,0
22.871,21.484,0.050153,0.32585,26.268,0
22.876,21.517,-0.051813,0.32019,26.4,0
22.866,21.549,-0.078718,0.31094,26.542,0
22.849,21.58,-0.072228,0.30026,26.676,0
22.851,21.61,-0.085726,0.29417,26.804,0
22.851,21.639,0,0.2877,26.927,0
22.851,21.668,0,0.27693,27.047,0
22.813,21.696,-0.15175,0.26608,27.149,0
22.813,21.722,0,0.25768,27.26,0
22.784,21.748,-0.082007,0.24737,27.365,0
22.777,21.773,-0.040976,0.24017,27.468,0
22.771,21.797,0.0013347,0.23337,27.576,0
22.781,21.82,-0.004236,0.23056,27.678,0
22.79,21.843,-0.047415,0.22755,27.777,0
22.778,21.866,-0.051075,0.21935,27.876,0
22.778,21.888,0,0.21217,27.966,0
22.771,21.909,-0.059949,0.20794,28.055,0
22.761,21.93,-0.041891,0.20057,28.141,0
22.748,21.95,-0.051549,0.19282,28.226,0
22.733,21.969,-0.061643,0.18485,28.314,0
22.727,21.988,-0.043049,0.17915,28.388,0
22.727,22.006,0,0.17495,28.462,0
22.724,22.023,-0.062692,0.17014,28.537,0
22.714,22.04,-0.074854,0.16377,28.599,0
22.708,22.056,-0.10094,0.15838,28.658,0
22.708,22.072,0,0.1513,28.722,0
22.668,22.087,-0.22544,0.1414,28.784,0
22.647,22.102,-0.21189,0.13285,28.832,0
22.621,22.115,-0.18662,0.12339,28.887,0
22.61,22.127,-0.21404,0.11763,28.939,0
22.588,22.139,-0.18867,0.10961,28.99,0
22.578,22.15,-0.23164,0.10461,29.031,0
22.549,22.16,-0.27068,0.094879,29.078,0.055406
22.52,22.17,-0.28316,0.085545,29.105,0.16241
22.52,22.178,0,0.075195,29.14,0
22.453,22.186,-0.29834,0.065411,29.178,0.36233
22.428,22.192,-0.28145,0.057717,29.198,0.36325
22.403,22.198,-0.30254,0.050132,29.228,0.49232
22.403,22.203,0,0.039375,29.248,0
22.338,22.207,-0.33837,0.032038,29.258,0.76251
22.302,22.21,-0.31827,0.022389,29.264,0.76243
22.265,22.213,-0.30313,0.012903,29.277,0.78013
22.232,22.214,-0.32385,0.0044812,29.288,0.92415
22.197,22.214,-0.35323,-0.0029318,29.287,1.1159
22.197,22.214,0,-0.0086487,29.286,0.017053
22.11,22.213,-0.42229,-0.017265,29.266,1.6186
22.11,22.212,0,-0.02325,29.256,0.16005
22.032,22.209,-0.3222,-0.029803,29.252,1.3551
22.006,22.206,-0.32176,-0.033609,29.229,1.405
21.982,22.203,-0.23026,-0.037235,29.2,1.092
21.982,22.199,0,-0.04018,29.178,0.37174
21.946,22.195,-0.36462,-0.042124,29.162,1.7089
21.946,22.191,0,-0.046505,29.137,0.41853
21.866,22.186,-0.44895,-0.05426,29.108,2.2941
21.866,22.181,0,-0.060001,29.076,0.54176
21.866,22.175,0,-0.06869,29.045,0.5062
21.715,22.168,-0.42337,-0.077164,28.982,2.5002
21.664,22.16,-0.29451,-0.084739,28.932,1.9807
21.664,22.152,0,-0.08749,28.882,0.8716
21.664,22.143,0,-0.091787,28.834,0.83861
21.569,22.134,-0.37406,-0.097245,28.776,2.5286
21.535,22.124,-0.44788,-0.10157,28.721,2.9824
21.5,22.114,-0.56475,-0.10624,28.654,3.7493
21.435,22.103,-0.61879,-0.11603,28.589,4.2631
21.381,22.092,-0.62649,-0.12393,28.514,4.4402
21.324,22.079,-0.61507,-0.13211,28.439,4.4885
21.267,22.066,-0.60878,-0.14034,28.352,4.57
21.267,22.052,0,-0.14936,28.273,1.4255
21.267,22.037,0,-0.1572,28.195,1.3623
21.08,22.021,-0.67562,-0.16739,28.104,5.4782
21.08,22.005,0,-0.17675,28.01,1.7021
21.08,21.987,0,-0.18628,27.919,1.6235
21.08,21.968,0,-0.19963,27.829,1.5316
21.08,21.948,0,-0.21264,27.741,1.4396
20.685,21.927,-1.0462,-0.22732,27.549,9.9088
20.59,21.904,-1.0248,-0.2422,27.415,9.9235
20.484,21.88,-0.88289,-0.25917,27.27,8.7202
20.387,21.854,-0.63807,-0.27464,27.118,6.7437
20.329,21.827,-0.58097,-0.28265,26.963,6.3701
20.329,21.799,0,-0.29088,26.815,2.8217
20.201,21.769,-0.83819,-0.30082,26.652,8.801
20.201,21.739,0,-0.31379,26.497,2.9347
20.201,21.708,0,-0.32821,26.344,2.7845
19.915,21.675,-1.1345,-0.3467,26.146,12.685
19.799,21.641,-0.97543,-0.36634,25.964,11.076
19.706,21.604,-0.86394,-0.38153,25.77,10.044
19.619,21.566,-0.8773,-0.39566,25.572,10.314
19.532,21.526,-0.9972,-0.40987,25.365,11.75
19.424,21.485,-1.1647,-0.4283,25.17,14.003
19.317,21.442,-1.3614,-0.44663,24.965,16.952
19.183,21.398,-1.5622,-0.47104,24.749,20.493
19.183,21.351,0,-0.50175,24.53,4.0846
18.854,21.3,-1.8243,-0.53434,24.28,26.298
18.674,21.247,-1.8743,-0.57008,24.032,27.808
18.488,21.19,-1.8807,-0.60765,23.776,28.399
18.297,21.129,-1.8821,-0.64753,23.496,28.863
18.117,21.064,-1.8887,-0.68584,23.199,29.351
18.117,20.996,0,-0.72624,22.908,5.3894
17.743,20.923,-1.9797,-0.76828,22.578,32.043
17.553,20.846,-2.0356,-0.81183,22.251,33.64
17.553,20.765,0,-0.8613,21.926,5.868
17.553,20.679,0,-0.91143,21.609,5.3339
16.914,20.588,-2.3358,-0.96556,21.226,42.427
16.681,20.491,-2.432,-1.0261,20.853,45.541
16.431,20.389,-2.5204,-1.0931,20.466,48.562
16.185,20.279,-2.5584,-1.1624,20.06,49.924
15.935,20.163,-2.5615,-1.2351,19.64,50.055
15.689,20.04,-2.4919,-1.3103,19.204,47.693
15.689,19.909,0,-1.3872,18.775,6.7301
15.201,19.77,-2.3727,-1.4651,18.323,43.566
14.969,19.623,-2.3372,-1.5453,17.854,42.081
14.969,19.469,0,-1.6301,17.396,6.5167
14.491,19.306,-2.3284,-1.7195,16.9,40.673
14.268,19.134,-2.3326,-1.8066,16.41,39.993
14.268,18.953,0,-1.8993,15.933,5.9602
14.268,18.763,0,-1.9858,15.474,5.1454
14.268,18.565,0,-2.0555,15.034,4.4926
13.53,18.359,-0.85249,-2.1127,14.461,10.573
13.53,18.148,0,-4.4,13.988,21.472
13.4,17.708,-0.35401,-4.4,13.548,21.224
13.371,17.268,-0.30852,-4.4,13.143,28.108
13.371,16.828,0,-4.4,12.776,41.298
13.371,16.388,0,-4.4,12.452,53.558
13.312,15.948,0.23293,-4.4,12.173,69.735
13.338,15.508,0.43202,-4.4,11.941,92.293
13.338,15.068,0,-4.4,11.746,122.32
13.444,14.628,0.63913,-4.4,11.599,159.63
13.505,14.188,0.63999,-4.4,11.513,216.48
13.572,13.748,0.62749,-4.4,11.463,308.56
13.64,13.308,0.55334,-4.4,11.473,502.67
13.701,12.868,0.45311,0.22148,11.533,0
13.701,12.89,0,0.22946,11.615,0
13.777,12.913,0.18466,0.23166,11.713,0
13.799,12.936,0.015422,0.23223,11.808,0
13.798,12.959,-0.18339,0.22639,11.894,0
13.78,12.982,-0.36279,0.21595,11.966,0
13.737,13.004,-0.53035,0.19911,12.035,0.42425
13.737,13.024,0,0.17801,12.107,0
13.601,13.041,-0.97232,0.15275,12.174,3.4642
13.497,13.057,-1.1329,0.12027,12.225,5.1609
13.386,13.069,-1.2884,0.086743,12.268,7.1012
13.386,13.077,0,0.047449,12.299,0
13.098,13.082,-1.5806,0.0044613,12.295,11.799
13.098,13.083,0,-0.059494,12.297,0
13.098,13.077,0,-0.12438,12.299,0
12.59,13.064,-1.5748,-0.18927,12.233,12.692
12.59,13.045,0,-0.2448,12.187,0.41992
12.299,13.021,-1.0206,-0.29174,12.112,6.4992
12.195,12.992,-0.70281,-0.32437,12.041,4.0787
12.134,12.959,-0.4602,-0.33874,11.968,2.6854
12.082,12.925,-0.38415,-0.34872,11.892,2.3326
12.082,12.89,0,-0.34974,11.81,0.92731
12.082,12.855,0,-0.35602,11.731,0.83858
12.082,12.82,0,-0.36674,11.655,0.74206
11.887,12.783,-0.74726,-0.3845,11.549,4.4174
11.807,12.745,-0.89429,-0.40609,11.455,5.5573
11.715,12.704,-1.064,-0.43317,11.359,7.0987
11.599,12.661,-1.2211,-4.4,11.248,0
11.599,12.221,0,-0.31829,11.164,0.60692
11.359,12.189,-1.3535,-5.2,11.094,0
11.22,11.669,-1.3488,-0.18798,11.038,9.4863
11.092,11.65,-1.2475,-0.23486,10.991,8.4627
10.965,11.627,-1.0703,-0.28079,10.924,6.7642
10.864,11.599,-0.88128,-0.31468,10.848,5.1951
10.864,11.567,0,-5.2,10.776,0
10.864,11.047,0,-0.13824,10.732,0.091861
10.639,11.033,-0.70005,-0.16392,10.686,3.4364
10.575,11.017,-0.81709,-0.18453,10.653,4.3163
10.486,10.998,-0.96134,-0.21549,10.596,5.5656
10.392,10.977,-1.0867,-0.24774,10.531,6.8085
10.291,10.952,-1.1787,-0.28163,10.477,7.8463
10.17,10.924,-1.2446,-5.2,10.396,0
10.037,10.404,-1.318,-0.1515,10.336,9.0001
9.9017,10.389,-1.3807,-0.20202,10.289,9.9663
9.7698,10.369,-1.4327,-0.25002,10.235,10.818
9.628,10.344,-1.4871,-5.2,10.17,0
9.47,9.8236,-1.5231,-0.14177,10.125,11.696
9.3192,9.8095,-1.5591,-0.19773,10.08,12.47
9.168,9.7897,-1.5786,-0.25245,10.024,12.993
9.0183,9.7644,-1.5869,-0.30576,9.9527,13.324
9.0183,9.7339,0,-5.2,9.8796,680.11
8.6809,9.2139,-1.6877,-0.21037,9.8018,14.608
8.6809,9.1928,0,-0.26967,9.7496,0.48382
8.6809,9.1659,0,-0.32879,9.6997,0.32515
8.1764,9.133,-1.6959,-0.38885,9.5732,15.491
8.1764,9.0941,0,-5.2,9.4795,245.39
7.8316,8.5741,-1.6774,-0.2911,9.3892,14.89
7.6703,8.545,-1.6809,-0.34647,9.3101,15.185
7.5017,8.5103,-1.6904,-5.2,9.2184,0
7.3359,7.9903,-1.6421,-0.24867,9.1373,14.223
7.3359,7.9655,0,-0.30514,9.0731,0.64947
7.0276,7.935,-1.2743,-0.35274,8.9706,9.601
6.9098,7.8997,-1.0423,-5.2,8.8698,112.27
6.8078,7.3797,-0.84089,-0.21251,8.7923,4.8638
6.8078,7.3584,0,-0.2402,8.7361,0.62616
6.8078,7.3344,0,-5.2,8.6823,83.189
6.5719,6.8144,-0.7345,-0.085594,8.6088,3.5354
6.4977,6.8058,-0.80827,-0.10917,8.5824,4.1782
6.4236,6.7949,-0.88789,-0.13225,8.546,4.9098
6.3443,6.7817,-0.95051,-0.15661,8.5085,5.5562
6.2421,6.766,-0.96003,-0.18897,8.4576,5.7998
6.1422,6.7471,-1.1113,-0.22013,8.3974,7.3756
