22.778,22.778,0.16494,0,35.5,0
22.788,22.778,-0.022942,0.0028125,35.494,0.034522
22.788,22.778,0.1368,0.0027847,35.487,0
22.811,22.778,0.1464,0.009065,35.493,0
22.818,22.779,0.19735,0.010916,35.504,0
22.845,22.78,0.20846,0.017959,35.517,0
22.845,22.782,0,0.025469,35.523,0
22.845,22.785,0,0.029487,35.529,0
22.911,22.788,0.23829,0.034432,35.536,0
22.945,22.791,0.26813,0.042848,35.543,0
22.945,22.795,0,0.048494,35.558,0
22.998,22.8,0.33194,0.055109,35.561,0
23.032,22.806,0.36654,0.063062,35.577,0
23.032,22.812,0,0.071911,35.599,0
23.112,22.819,0.37054,0.08171,35.643,0
23.144,22.827,0.29544,0.0883,35.678,0
23.176,22.836,0.21617,0.094637,35.705,0
23.176,22.846,0,0.096985,35.738,0
23.201,22.855,0.11685,0.096376,35.759,0
23.204,22.865,0.096251,0.094576,35.798,0
23.204,22.874,0,0.09617,35.832,0
23.204,22.884,0,0.095246,35.864,0
23.234,22.894,0.088323,0.095134,35.907,0
23.237,22.903,0.068171,0.09333,35.937,0
23.245,22.912,0.068308,0.092857,35.974,0
23.249,22.922,0.030764,0.091275,36.01,0
23.256,22.931,0.022127,0.090944,36.048,0
23.253,22.94,0.032897,0.08737,36.077,0
23.248,22.949,0.052557,0.083636,36.116,0
23.257,22.957,-0.019795,0.083696,36.146,0
23.257,22.965,0,0.080137,36.176,0
23.253,22.973,-0.050864,0.078112,36.188,0
23.249,22.981,-0.13154,0.07473,36.21,0
23.238,22.989,-0.21103,0.069742,36.242,0.14524
23.227,22.996,-0.21501,0.06469,36.267,0.18677
23.215,23.002,-0.22203,0.059593,36.282,0.238
23.189,23.008,-0.25488,0.050572,36.292,0.3959
23.189,23.013,0,0.042463,36.31,0
23.189,23.017,0,0.034345,36.327,0
23.116,23.021,-0.15742,0.026597,36.325,0.24071
23.11,23.024,-0.17992,0.024177,36.326,0.31975
23.11,23.026,0,0.01604,36.334,0
23.061,23.028,-0.29966,0.0093549,36.334,0.80802
23.061,23.028,0,0.001684,36.338,0
22.997,23.029,-0.37997,-0.0039199,36.323,1.2671
22.957,23.028,-0.32923,-0.0087225,36.328,1.1541
22.932,23.027,-0.22904,-0.011663,36.326,0.83328
22.903,23.026,-0.15654,-0.01512,36.322,0.6549
22.886,23.025,-0.16378,-0.017008,36.309,0.71135
22.86,23.023,-0.20291,-0.019993,36.303,0.89679
22.831,23.021,-0.24018,-0.023292,36.293,1.0937
22.803,23.019,-0.24932,-0.026461,36.271,1.1893
22.771,23.016,-0.22887,-0.030045,36.239,1.1801
22.771,23.013,0,-0.032666,36.215,0.44539
22.771,23.01,0,-0.034806,36.191,0.43267
22.771,23.006,0,-0.036668,36.167,0.42022
22.702,23.003,-0.117,-0.037046,36.139,0.91368
22.699,22.999,-0.13603,-0.036943,36.099,0.9735
22.684,22.995,-0.15937,-0.038411,36.066,1.0794
22.664,22.991,-0.20685,-0.040487,36.043,1.2913
22.664,22.987,0,-0.043049,36.011,0.60504
22.625,22.983,-0.16202,-0.044359,35.982,1.1961
22.604,22.979,-0.13894,-0.046517,35.951,1.1526
22.594,22.974,-0.13699,-0.047245,35.918,1.1578
22.588,22.969,-0.18196,-0.047403,35.871,1.3222
22.579,22.964,-0.2824,-0.048033,35.839,1.7397
22.546,22.96,-0.3541,-0.051599,35.791,2.1404
22.508,22.955,-0.37669,-0.05581,35.754,2.3409
22.47,22.949,-0.39174,-0.060019,35.711,2.5078
22.43,22.943,-0.31827,-0.064357,35.662,2.2332
22.404,22.936,-0.26631,-0.066999,35.615,2.0439
22.374,22.93,-0.25583,-0.070051,35.558,2.0553
22.358,22.923,-0.27929,-0.071398,35.502,2.1862
22.333,22.916,-0.31593,-0.073716,35.452,2.4058
22.302,22.908,-0.37645,-0.076982,35.39,2.7802
22.302,22.901,0,-0.08126,35.33,1.1643
22.302,22.892,0,-0.08605,35.27,1.129
22.187,22.884,-0.32322,-0.08914,35.209,2.7522
22.157,22.875,-0.27014,-0.092113,35.129,2.5425
22.132,22.866,-0.28919,-0.09434,35.061,2.6763
22.107,22.856,-0.38304,-0.096661,34.979,3.214
22.075,22.847,-0.43866,-0.099799,34.91,3.5992
22.03,22.837,-0.46462,-0.10474,34.829,3.8622
21.976,22.826,-0.51739,-0.11069,34.753,4.3326
21.976,22.815,0,-0.11695,34.668,1.6761
21.976,22.803,0,-0.12336,34.585,1.6227
21.824,22.791,-0.35393,-0.12744,34.474,3.6691
21.787,22.778,-0.34231,-0.1311,34.382,3.6694
21.757,22.765,-0.37426,-0.1339,34.286,3.9036
21.757,22.752,0,-0.137,34.186,2.0359
21.677,22.738,-0.42834,-0.14215,34.079,4.3899
21.64,22.724,-0.47291,-0.14588,33.967,4.748
21.599,22.709,-0.48128,-0.15021,33.858,4.8857
21.599,22.694,0,-0.15668,33.747,2.2497
21.496,22.679,-0.47197,-0.16152,33.626,5.0409
21.496,22.662,0,-0.16535,33.509,2.4218
21.404,22.646,-0.4778,-0.17129,33.388,5.2582
21.351,22.629,-0.50906,-0.17734,33.253,5.5913
21.351,22.611,0,-0.18272,33.126,2.6298
21.351,22.593,0,-0.18891,33.001,2.5509
21.195,22.574,-0.6177,-0.19472,32.852,6.7427
21.135,22.554,-0.6293,-0.20174,32.712,6.9711
21.135,22.534,0,-0.20961,32.571,2.9413
21.01,22.513,-0.68475,-0.21624,32.429,7.7192
20.943,22.492,-0.6769,-0.22434,32.279,7.8034
20.873,22.469,-0.64793,-0.2329,32.115,7.7066
20.809,22.446,-0.67478,-0.24054,31.951,8.0724
20.743,22.422,-0.70068,-0.24864,31.78,8.4437
20.743,22.397,0,-0.25866,31.614,3.526
20.743,22.371,0,-0.26635,31.449,3.4099
20.541,22.345,-0.69656,-0.27349,31.252,8.8066
20.463,22.317,-0.67006,-0.28349,31.077,8.7295
20.463,22.289,0,-0.29085,30.893,3.9364
20.463,22.26,0,-0.29928,30.712,3.8028
20.272,22.23,-0.61874,-0.30724,30.509,8.5737
20.219,22.199,-0.61823,-0.31374,30.309,8.6271
20.153,22.168,-0.64686,-0.32195,30.119,8.9835
20.095,22.136,-0.68139,-0.32917,29.921,9.3737
20.032,22.103,-0.69612,-0.3372,29.723,9.5971
19.957,22.069,-0.66349,-0.34726,29.515,9.4068
19.957,22.034,0,-0.35465,29.306,4.4707
19.844,21.999,-0.51693,-0.36141,29.1,8.2012
19.844,21.963,0,-0.3669,28.887,4.5514
19.844,21.926,0,-0.37213,28.677,4.4023
19.707,21.889,-0.33371,-0.37794,28.448,6.785
19.678,21.851,-0.3031,-0.38067,28.221,6.514
19.656,21.813,-0.34726,-0.38214,27.995,6.751
19.625,21.775,-0.36803,-0.38493,27.783,6.8538
19.625,21.736,0,-0.38738,27.57,4.428
19.561,21.697,-0.36791,-0.39065,27.373,6.7633
19.533,21.658,-0.35997,-0.39309,27.152,6.645
19.502,21.619,-0.33435,-0.39593,26.937,6.4115
19.477,21.579,-0.33383,-0.39772,26.721,6.3389
19.477,21.54,0,-0.40024,26.513,4.2081
19.413,21.5,-0.32655,-0.40338,26.307,6.1899
19.38,21.459,-0.2924,-0.40646,26.095,5.9116
19.36,21.419,-0.46714,-0.40704,25.885,7.0664
19.36,21.378,0,-0.41169,25.681,4.0081
19.36,21.337,0,-0.4176,25.481,3.8493
19.36,21.295,0,-0.42407,25.285,3.6886
19.184,21.253,-0.4715,-0.42832,25.047,7.0029
19.135,21.21,-0.35651,-0.43425,24.844,6.156
19.106,21.166,-0.28733,-0.43636,24.64,5.6327
19.081,21.123,-0.30456,-0.43731,24.434,5.663
19.061,21.079,-0.26089,-0.43766,24.221,5.2982
19.041,21.035,-0.20452,-0.43741,24.022,4.8763
19.014,20.991,-0.10403,-0.43848,23.832,4.2654
19.007,20.948,-0.059752,-0.435,23.644,3.9388
19.006,20.904,-0.075468,-0.4301,23.459,3.8995
18.992,20.861,-0.14347,-0.42806,23.277,4.1535
18.992,20.818,0,-0.42602,23.093,3.3454
18.992,20.776,0,-0.42418,22.912,3.2241
18.941,20.733,-0.12114,-0.42394,22.729,3.8016
18.941,20.691,0,-0.42018,22.552,3.1365
18.917,20.649,-0.16803,-0.4189,22.369,3.8607
18.917,20.607,0,-0.41902,22.198,2.9661
18.874,20.565,-0.18431,-0.41742,22.031,3.8111
18.854,20.523,-0.26005,-0.41673,21.854,4.1389
18.831,20.482,-0.25555,-0.41636,21.691,4.0526
18.8,20.44,-0.17285,-0.41803,21.526,3.585
18.783,20.398,-0.16205,-0.41589,21.365,3.4613
18.773,20.357,-0.13719,-0.41207,21.195,3.2594
18.752,20.315,5.3176e-05,-0.41134,21.03,2.6301
18.752,20.274,0,-0.40428,20.876,2.5405
18.766,20.234,0.091659,-0.39409,20.715,2.1107
18.766,20.194,0,-0.38444,20.57,2.3499
18.766,20.156,0,-0.37579,20.429,2.2751
18.804,20.118,0.21405,-0.3626,20.302,1.4919
18.83,20.082,0.23459,-0.34868,20.165,1.343
18.83,20.047,0,-0.33517,20.042,1.9508
18.882,20.014,0.34601,-0.32053,19.914,0.94917
18.882,19.982,0,-0.3026,19.802,1.7495
18.961,19.951,0.35991,-0.28449,19.705,0.73569
18.961,19.923,0,-0.26542,19.607,1.5145
18.961,19.896,0,-0.24938,19.512,1.4968
18.961,19.872,0,-0.234,19.42,1.4812
18.961,19.848,0,-0.21836,19.33,1.4703
19.145,19.826,0.3738,-0.20116,19.295,0.32411
19.174,19.806,0.42795,-0.18769,19.231,0.21972
19.226,19.787,0.47041,-0.16721,19.172,0.11368
19.226,19.771,0,-0.14949,19.116,0.83551
19.226,19.756,0,-0.13003,19.063,0.85296
19.377,19.743,0.60488,-0.11008,19.023,0
19.377,19.732,0,-0.08879,18.987,0.55816
19.491,19.723,0.61418,-0.070063,18.98,0
19.56,19.716,0.66436,-0.04701,18.968,0
19.56,19.711,0,-0.024113,18.953,0.26493
19.702,19.709,0.74106,-0.0020225,18.951,0
19.778,19.709,0.75957,0.014021,18.95,0
19.856,19.71,0.748,0.0297,18.963,0
19.923,19.713,0.71758,0.042771,18.978,0
19.993,19.717,0.65984,0.056135,18.995,0
20.056,19.723,0.64319,0.06783,19.026,0
20.13,19.73,0.61466,0.081553,19.058,0
20.2,19.738,0.56227,0.094262,19.093,0
20.2,19.747,0,0.1045,19.139,0
20.315,19.758,0.52953,0.114,19.201,0
20.373,19.769,0.50676,0.12367,19.258,0
20.373,19.781,0,0.13173,19.318,0
20.481,19.795,0.51783,0.14102,19.377,0
20.481,19.809,0,0.14794,19.445,0
20.576,19.823,0.47243,0.15529,19.528,0
20.628,19.839,0.424,0.16315,19.603,0
20.628,19.855,0,0.16712,19.681,0
20.628,19.872,0,0.1716,19.757,0
20.738,19.889,0.31457,0.17678,19.834,0
20.767,19.907,0.29923,0.17949,19.917,0
20.792,19.925,0.29556,0.18137,20.005,0
20.823,19.943,0.31695,0.18456,20.097,0
20.859,19.961,0.32567,0.18871,20.189,0
20.859,19.98,0,0.1911,20.278,0
20.928,19.999,0.34099,0.19622,20.366,0
20.971,20.019,0.35783,0.2016,20.461,0
20.971,20.039,0,0.20665,20.555,0
21.048,20.06,0.29464,0.21041,20.661,0
21.078,20.081,0.33915,0.21275,20.764,0
21.078,20.102,0,0.21568,20.863,0
21.078,20.124,0,0.22154,20.96,0
21.189,20.146,0.42554,0.22418,21.047,0
21.233,20.168,0.54795,0.22931,21.148,0
21.233,20.191,0,0.23466,21.254,0
21.233,20.215,0,0.24304,21.357,0
21.233,20.239,0,0.24865,21.457,0
21.432,20.264,0.58779,0.25444,21.603,0
21.488,20.289,0.60454,0.26174,21.728,0
21.555,20.315,0.65984,0.27143,21.852,0
21.625,20.343,0.7492,0.28181,21.984,0
21.707,20.371,0.73922,0.29436,22.114,0
21.788,20.4,0.71009,0.30678,22.249,0
21.788,20.431,0,0.31569,22.386,0
21.929,20.462,0.7092,0.32606,22.533,0
22.003,20.495,0.70684,0.33666,22.69,0
22.073,20.529,0.77332,0.34585,22.852,0
22.154,20.563,0.79062,0.35748,23.007,0
22.232,20.599,0.74729,0.36811,23.171,0
22.305,20.636,0.70918,0.37741,23.326,0
22.368,20.674,0.67024,0.38449,23.503,0
22.368,20.712,0,0.39217,23.671,0
22.368,20.751,0,0.40064,23.834,0
22.573,20.791,0.68178,0.40844,24.024,0
22.573,20.832,0,0.41752,24.2,0
22.728,20.874,0.78818,0.4281,24.399,0
22.797,20.917,0.78351,0.43574,24.589,0
22.797,20.96,0,0.44764,24.775,0
22.962,21.005,0.75738,0.45647,24.974,0
22.962,21.051,0,0.46579,25.167,0
22.962,21.097,0,0.4745,25.356,0
23.182,21.145,0.71703,0.47992,25.557,0
23.182,21.193,0,0.48807,25.758,0
23.331,21.242,0.74144,0.49522,25.961,0
23.331,21.291,0,0.50201,26.168,0
23.331,21.341,0,0.51117,26.369,0
23.561,21.392,0.83773,0.51934,26.609,0
23.649,21.444,0.84664,0.5293,26.818,0
23.726,21.497,0.79166,0.53691,27.035,0
23.81,21.551,0.72283,0.54586,27.256,0
23.81,21.606,0,0.55162,27.479,0
23.951,21.661,0.6756,0.55694,27.712,0
24.019,21.716,0.68794,0.5613,27.932,0
24.019,21.773,0,0.56529,28.16,0
24.019,21.829,0,0.56984,28.381,0
24.019,21.886,0,0.57542,28.598,0
24.296,21.944,0.83049,0.58028,28.86,0
24.376,22.002,0.81517,0.58762,29.106,0
24.456,22.06,0.80147,0.59441,29.344,0
24.456,22.12,0,0.60108,29.581,0
24.615,22.18,0.71531,0.60756,29.826,0
24.692,22.241,0.72107,0.61333,30.079,0
24.692,22.302,0,0.61856,30.321,0
24.844,22.364,0.68946,0.62371,30.558,0
24.909,22.426,0.7319,0.62606,30.814,0
24.984,22.489,0.74253,0.63048,31.053,0
24.984,22.552,0,0.63531,31.3,0
25.129,22.615,0.65311,0.63822,31.553,0
25.187,22.679,0.64381,0.63854,31.81,0
25.187,22.743,0,0.64026,32.058,0
25.319,22.807,0.5355,0.64235,32.308,0
25.382,22.871,0.48652,0.64349,32.567,0
25.382,22.936,0,0.64046,32.815,0
25.474,23,0.29409,0.63647,33.047,0
25.5,23.063,0.12764,0.62805,33.292,0
25.514,23.126,0.014765,0.61662,33.529,0
25.514,23.188,0,0.60227,33.765,0
25.514,23.248,0,0.58852,33.995,0
25.522,23.307,-0.00069151,0.57499,34.219,0
25.517,23.364,0.019208,0.55974,34.447,0
25.517,23.42,0,0.54637,34.659,0
25.517,23.475,0,0.53009,34.866,0
25.517,23.528,0,0.51406,35.068,0
25.517,23.579,0,0.49777,35.264,0
25.481,23.629,-0.069408,0.48461,35.44,0
25.475,23.678,-0.033224,0.47075,35.617,0
25.47,23.725,-0.030345,0.45773,35.791,0
25.47,23.771,0,0.44644,35.963,0
25.469,23.815,-0.078507,0.43454,36.131,0
25.464,23.859,-0.12126,0.42234,36.292,0
25.464,23.901,0,0.40946,36.45,0
25.447,23.942,-0.12937,0.39652,36.602,0
25.433,23.981,-0.10065,0.38282,36.745,0
25.417,24.02,-0.019454,0.36857,36.881,0
25.417,24.057,0.042313,0.35923,37.028,0
25.427,24.093,0.10122,0.35266,37.17,0
25.427,24.128,0,0.34495,37.302,0
25.442,24.162,0.081957,0.33871,37.434,0
25.451,24.196,0.059236,0.33236,37.566,0
25.451,24.229,0,0.32357,37.69,0
25.453,24.262,-0.04818,0.31589,37.811,0
25.45,24.293,-0.0043731,0.30693,37.936,0
25.447,24.324,0.05786,0.29822,38.04,0
25.459,24.354,0.083449,0.29372,38.151,0
25.467,24.383,0.07431,0.28813,38.253,0
25.467,24.412,0,0.28228,38.36,0
25.493,24.44,0.08541,0.28013,38.475,0
25.502,24.468,-0.0071111,0.27532,38.575,0
25.502,24.496,-0.10501,0.26813,38.677,0
25.493,24.523,-0.10145,0.25862,38.774,0
25.477,24.549,-0.17679,0.24753,38.877,0
25.467,24.573,-0.18665,0.23845,38.962,0
25.456,24.597,-0.16239,0.22905,39.053,0
25.456,24.62,0,0.21744,39.138,0
25.419,24.642,-0.10051,0.20759,39.225,0
25.401,24.663,-0.18445,0.19733,39.295,0
25.401,24.682,0,0.18482,39.368,0
25.32,24.701,-0.8297,0.16557,39.433,2.2728
25.235,24.717,-1.2922,0.1385,39.489,6.5346
25.114,24.731,-1.8231,0.10241,39.527,14.467
24.928,24.741,-2.334,0.049937,39.554,26.564
24.699,24.746,-2.7585,-0.0054693,39.566,41.471
24.699,24.746,0,-0.03698,39.562,0.019382
24.123,24.742,-3.3684,-0.071205,39.5,74.904
23.791,24.735,-3.5594,-0.10892,39.43,88.97
23.444,24.724,-3.7718,-0.14829,39.315,106.15
23.065,24.709,-3.9817,-0.19152,39.173,124.98
23.065,24.69,0,-0.23615,39.009,3.5338
22.258,24.667,-4.4104,-0.28472,38.775,169.07
21.823,24.638,-4.6127,-0.336,38.519,192.38
21.823,24.604,0,-0.39257,38.239,6.8205
20.896,24.565,-4.6732,-0.44937,37.851,196.18
20.896,24.52,0,-0.50928,37.486,9.5098
19.962,24.469,-4.5387,-0.56994,37.033,179.98
19.511,24.412,-4.5153,-0.63118,36.568,177.78
19.054,24.349,-4.5186,-0.69577,36.063,178.41
18.61,24.28,-4.4359,-0.76192,35.509,171.54
18.61,24.203,0,-0.83019,34.945,16.199
18.61,24.12,0,-0.90057,34.39,15.244
17.367,24.03,-3.3437,-0.96749,33.654,104.69
17.024,23.934,-2.804,-1.0335,32.967,82.643
17.024,23.83,0,-1.0945,32.281,20.138
17.024,23.721,0,-1.15,31.606,19.109
16.308,23.606,-1.8422,-1.2018,30.82,53.577
16.114,23.486,-1.6626,-1.2567,30.078,49.071
15.948,23.36,-1.5212,-1.3087,29.343,45.529
15.79,23.229,-1.3602,-1.3612,28.608,41.691
15.661,23.093,-1.1492,-1.4116,27.862,36.989
15.549,22.952,-0.96286,-1.4604,27.12,32.987
15.462,22.806,-0.8032,-1.505,26.391,29.584
15.462,22.655,0,-1.55,25.664,18.322
15.335,22.5,-0.45813,-1.5894,24.934,22.919
15.291,22.341,-0.35281,-1.629,24.213,20.673
15.246,22.178,-0.23381,-1.6673,23.519,18.423
15.227,22.012,-0.13746,-1.6997,22.831,16.463
15.211,21.842,-0.12284,-1.7301,22.161,15.354
15.208,21.669,-0.11466,-1.7557,21.51,14.3
15.194,21.493,-0.12838,-1.7824,20.879,13.489
15.191,21.315,-0.15765,-1.8052,20.256,12.787
15.171,21.134,-0.15666,-1.8306,19.654,11.903
15.161,20.951,-0.10261,-1.8525,19.059,10.64
15.144,20.766,-0.028655,-1.8746,18.479,9.3623
15.139,20.579,0.079227,-1.887,17.934,8.0305
15.139,20.39,0,-1.8971,17.4,7.7517
15.139,20.2,0,-1.8987,16.884,7.1153
15.139,20.01,0,-1.8827,16.388,6.5846
15.24,19.822,0.47299,-1.8606,15.909,4.5117
15.281,19.636,0.45945,-1.8337,15.466,4.1717
15.281,19.453,0,-1.7971,15.039,4.9102
15.368,19.273,0.32927,-1.764,14.641,3.6888
15.368,19.097,0,-2.9,14.259,5.3649
15.423,18.807,-0.014069,-2.9,13.916,6.1106
15.425,18.517,-0.17433,-2.9,13.592,6.1249
15.425,18.227,0,-4.4,13.297,61.006
15.362,17.787,-0.56701,-4.4,13.052,75.165
15.312,17.347,-0.74776,-4.4,12.834,110.74
15.244,16.907,-0.78228,-4.4,12.652,173.24
15.174,16.467,-0.71361,-4.4,12.513,271.48
15.174,16.027,0,-4.4,12.405,245.03
15.174,15.587,0,-4.4,12.342,384.66
15.032,15.147,-0.15786,-4.4,12.302,778.92
15.032,14.707,0,-4.4,12.313,1407.4
15.012,14.267,0.014385,0.17744,12.352,0
15.021,14.284,-0.012054,0.17583,12.426,0
15.03,14.302,-0.021772,0.17431,12.504,0
15.018,14.319,-0.037339,0.16774,12.566,0
15.018,14.336,-0.0088378,0.16407,12.626,0
15.012,14.352,0.015722,0.15912,12.69,0
15.004,14.368,0.031818,0.15375,12.758,0
15.004,14.384,0,0.14986,12.821,0
15.004,14.399,0,0.1459,12.882,0
15.004,14.413,0,0.14087,12.942,0
14.98,14.427,-0.038761,0.13495,13.001,0
14.98,14.441,0,0.13268,13.056,0
14.982,14.454,0.013715,0.12942,13.108,0
14.978,14.467,0.010647,0.12561,13.161,0
14.988,14.48,0.010266,0.12526,13.206,0
14.988,14.492,0,0.12092,13.256,0
14.978,14.504,-0.062293,0.11724,13.308,0
14.972,14.516,-0.036829,0.11286,13.352,0
14.969,14.527,0.0099685,0.10947,13.393,0
14.969,14.538,0.041333,0.10714,13.446,0
14.982,14.549,0.10086,0.10799,13.495,0
14.986,14.56,0.24347,0.10641,13.542,0
15.005,14.57,0.3927,0.10882,13.594,0
15.047,14.581,0.54251,0.11662,13.632,0
15.107,14.593,0.68729,0.12905,13.679,0
15.107,14.606,0,0.14392,13.729,0
15.252,14.62,0.60569,0.15904,13.793,0
15.319,14.636,0.45472,0.17242,13.862,0
15.355,14.653,0.2808,0.17765,13.938,0
15.355,14.671,0,0.17862,14.007,0
15.377,14.689,-0.061523,0.17531,14.085,0
15.362,14.707,-0.17528,0.16717,14.148,0
15.337,14.723,-0.3321,0.15698,14.216,0
15.298,14.739,-0.48258,0.14342,14.282,0.52031
15.298,14.753,0,0.12745,14.338,0
15.298,14.766,0,0.11066,14.391,0
15.112,14.777,-0.9528,0.086193,14.421,3.8362
15.112,14.786,0,0.059664,14.454,0
15.112,14.792,0,0.028405,14.486,0
15.112,14.795,0,-0.0023966,14.518,0
14.674,14.794,-1.2692,-0.041602,14.464,8.0803
14.544,14.79,-1.2312,-0.085541,14.443,7.9392
14.544,14.782,0,-0.12688,14.419,0.22137
14.544,14.769,0,-0.16854,14.396,0.11632
14.16,14.752,-1.22,-0.2083,14.305,8.5715
14.16,14.731,0,-0.24409,14.247,0.66168
14.16,14.707,0,-0.28314,14.191,0.52723
13.772,14.678,-1.5316,-0.32591,14.066,13.269
13.772,14.646,0,-0.37554,13.977,1.0081
13.772,14.608,0,-0.42659,13.891,0.81835
13.772,14.566,0,-0.48502,13.81,0.63193
13.067,14.517,-1.9616,-0.54495,13.599,21.987
13.067,14.463,0,-0.60578,13.456,1.6024
13.067,14.402,0,-0.6627,13.32,1.345
13.067,14.336,0,-0.71695,13.189,1.1195
12.36,14.264,-1.333,-0.76409,12.92,12.046
12.36,14.188,0,-0.80367,12.733,2.0782
12.36,14.107,0,-0.8299,12.554,1.8404
12.043,14.024,-0.60199,-0.8415,12.343,4.9945
12.043,13.94,0,-0.84444,12.149,2.1308
11.941,13.856,-0.42383,-0.84609,11.957,3.7346
11.907,13.771,-0.39327,-4.4,11.768,117.87
11.859,13.331,-0.37178,-4.4,11.61,166.47
11.817,12.891,-0.34195,-0.46882,11.491,2.352
11.779,12.844,-0.30865,-4.4,11.387,242.68
11.779,12.404,0,-0.27843,11.302,0.69828
11.728,12.376,-0.29526,-0.28083,11.242,1.6476
11.728,12.348,0,-0.27957,11.179,0.6861
11.67,12.32,-0.25171,-4.4,11.118,379.05
11.646,11.88,-0.19047,-0.099391,11.075,0.78044
11.629,11.87,-0.12358,-0.10288,11.053,0.58827
11.619,11.86,-0.051952,-0.10293,11.035,0.3991
11.614,11.85,-0.024088,-0.10096,11.009,0.32616
11.613,11.84,-0.015015,-0.097168,10.982,0.29378
11.611,11.83,0.001844,-0.094262,10.954,0.24735
11.618,11.821,0.059165,-0.087343,10.926,0.11248
11.628,11.812,0.16501,-5.2,10.903,0
11.628,11.292,0,0.1093,10.911,0
11.666,11.303,0.5021,0.1145,10.959,0
11.721,11.314,0.67517,0.12849,11.005,0
11.721,11.327,0,0.14513,11.045,0
11.863,11.342,0.90977,0.16513,11.088,0
11.951,11.358,1.0026,0.18811,11.137,0
12.051,11.377,1.0678,0.21451,11.202,0
12.168,11.398,1.1126,0.24533,11.27,0
12.284,11.423,1.1515,0.27544,11.349,0.037726
12.399,11.451,1.178,0.30395,11.433,0.089408
12.511,11.481,1.1946,0.33122,11.525,0.11549
12.629,11.514,1.2078,0.3595,11.625,0.13251
12.75,11.55,1.2426,0.38808,11.734,0.22605
12.877,11.589,1.2395,0.41846,11.862,0.18808
12.994,11.631,1.3152,0.44412,11.987,0.44441
