19.759,19.759,-1.7482,0,35.5,14.52
19.584,19.759,-1.7191,-0.018816,35.494,14.953
19.403,19.757,-1.6315,-0.038217,35.477,14.447
19.403,19.753,0,-0.054785,35.441,0.63762
19.08,19.748,-1.5482,-0.072275,35.377,14.737
18.933,19.741,-1.5099,-0.087636,35.307,14.852
18.777,19.732,-1.5008,-0.10405,35.215,15.458
18.777,19.722,0,-0.12023,35.12,1.9575
18.479,19.71,-1.4301,-0.13529,34.986,15.751
18.327,19.696,-1.4027,-0.15126,34.86,16.022
18.193,19.681,-1.3648,-0.16544,34.71,16.035
18.059,19.664,-1.3336,-0.17961,34.564,16.145
17.935,19.646,-1.2962,-0.19292,34.39,16.106
17.796,19.627,-1.3058,-0.20791,34.219,16.822
17.658,19.606,-1.3412,-0.22296,34.034,17.922
17.658,19.584,0,-0.23721,33.84,4.5327
17.39,19.56,-1.4821,-0.25282,33.616,21.3
17.239,19.535,-1.4912,-0.27008,33.386,22.083
17.092,19.508,-1.5371,-0.28713,33.148,23.496
16.944,19.479,-1.5764,-0.30477,32.892,24.818
16.944,19.449,0,-0.32464,32.64,6.1584
16.623,19.416,-1.6084,-0.34365,32.359,26.716
16.464,19.382,-1.6997,-0.36378,32.068,29.156
16.302,19.346,-1.7133,-0.38435,31.779,30.066
16.134,19.307,-1.744,-0.40638,31.469,31.355
15.957,19.267,-1.7806,-0.43002,31.148,32.817
15.788,19.224,-1.81,-0.45369,30.802,34.076
15.607,19.178,-1.8322,-0.47946,30.445,35.224
15.607,19.13,0,-0.50678,30.09,9.1008
15.227,19.08,-1.8701,-0.53569,29.706,37.428
15.227,19.026,0,-0.56374,29.323,9.8938
15.227,18.97,0,-0.59498,28.946,9.4491
14.664,18.91,-1.9145,-0.6267,28.486,40.198
14.476,18.847,-1.9182,-0.6595,28.045,40.779
14.476,18.781,0,-0.69387,27.611,11.205
14.476,18.712,0,-0.72852,27.184,10.665
14.476,18.639,0,-0.76369,26.765,10.117
13.733,18.563,-1.7022,-0.80076,26.227,37.349
13.56,18.483,-1.671,-0.83779,25.741,36.871
13.386,18.399,-1.6671,-0.87692,25.24,36.939
13.225,18.311,-1.6372,-0.91503,24.737,36.344
13.069,18.22,-1.6089,-0.9544,24.219,35.719
12.909,18.124,-1.5704,-0.99586,23.7,34.868
12.754,18.025,-1.5276,-1.0379,23.178,33.876
12.601,17.921,-1.4893,-1.0819,22.645,32.935
12.45,17.813,-1.4832,-1.1266,22.116,32.574
12.293,17.7,-1.4641,-1.1742,21.585,31.939
12.148,17.583,-1.4678,-1.2221,21.041,31.625
11.995,17.461,-1.4678,-1.2737,20.499,31.226
11.849,17.333,-1.487,-1.3267,19.943,31.086
11.849,17.201,0,-1.3784,19.402,11.107
11.849,17.063,0,-1.4365,18.873,10.169
11.849,16.919,0,-1.4966,18.359,9.2392
11.258,16.769,-1.5473,-1.5561,17.772,29.691
11.095,16.614,-1.5251,-1.6254,17.217,28.506
10.933,16.451,-1.4927,-1.698,16.659,27.069
10.78,16.281,-1.4809,-1.7701,16.103,25.913
10.78,16.104,0,-1.8423,15.562,8.2797
10.78,15.92,0,-1.9139,15.039,7.3025
10.352,15.729,-1.4207,-1.9884,14.471,21.675
10.352,15.53,0,-2.0627,13.943,6.774
10.071,15.324,-1.477,-2.1378,13.422,20.16
9.931,15.11,-1.4882,-2.2144,12.908,19.057
9.791,14.888,-1.4582,-4.4,12.386,5.7446
9.6541,14.448,-1.4949,-4.4,11.881,6.2794
9.6541,14.008,0,-4.4,11.424,24.8
9.3624,13.568,-1.4583,-4.4,10.979,10.066
9.2235,13.128,-1.414,-4.4,10.575,14.102
9.2235,12.688,0,-4.4,10.206,41.1
8.9224,12.248,-1.4386,-4.4,9.8414,26.515
8.7788,11.808,-1.4415,-5.2,9.5145,0
8.7788,11.288,0,-5.2,9.2376,242.79
8.493,10.768,-1.4843,-5.2,8.9792,0
8.3425,10.248,-1.4943,-5.2,8.7795,0
8.3425,9.7285,0,-5.2,8.615,289.12
8.0436,9.2085,-1.4847,-5.2,8.459,0
7.8934,8.6885,-1.5005,-5.2,8.3524,0
7.7478,8.1685,-1.5025,-5.2,8.2916,0
7.6007,7.6485,-1.4813,-5.2,8.2631,0
7.4548,7.1285,-1.4721,-5.2,8.2756,0
7.317,6.6085,-1.459,0.42918,8.3313,10.244
7.1708,6.6514,-1.3948,0.31334,8.3933,9.3485
7.1708,6.6827,0,0.21001,8.4437,0
6.8858,6.7037,-1.372,0.10909,8.451,9.0261
6.7574,6.7146,-1.3543,0.025597,8.4627,8.8049
6.6281,6.7172,-1.3448,-0.031833,8.4633,8.8884
6.4871,6.714,-1.3686,-0.081457,8.4387,9.4873
6.4871,6.7058,0,-0.12827,8.4164,0.18006
6.4871,6.693,0,-0.17242,8.3952,0.073075
6.0709,6.6758,-1.3538,-5.2,8.3228,36.717
5.9289,6.1558,-1.3403,-0.076616,8.2732,9.1827
5.9289,6.1481,0,-0.12102,8.2509,0.19553
5.9289,6.136,0,-0.16094,8.2296,0.095501
5.5371,6.1199,-1.3268,-0.2,8.1627,9.8502
5.5371,6.0999,0,-0.23799,8.1054,0.65707
5.2823,6.0761,-1.3492,-8.8,8.0255,2.3666
5.1548,5.1961,-1.3849,-0.012323,7.988,9.2992
5.1548,5.1949,0,-0.051029,7.9839,0
4.8822,5.1898,-1.4623,-0.09199,7.9642,11.075
4.8822,5.1806,0,-0.13364,7.9339,0.33119
4.5782,5.1672,-1.5499,-0.17907,7.8633,13.134
4.4291,5.1493,-1.5509,-0.22159,7.7886,13.509
4.2656,5.1272,-1.5499,-0.26828,7.7106,13.876
4.2656,5.1003,0,-0.30996,7.6258,1.0833
4.2656,5.0693,0,-8.8,7.5439,2.6084
3.7946,4.1893,-1.467,-0.10477,7.4429,11.527
3.7946,4.1789,0,-0.14082,7.4039,0.49732
3.4993,4.1648,-1.447,-0.17982,7.3338,12.102
3.3633,4.1468,-1.3637,-0.21417,7.2617,11.324
3.2231,4.1254,-1.293,-0.25036,7.172,10.749
3.0987,4.1003,-1.2987,-0.28195,7.0814,11.082
2.9658,4.0721,-1.2853,-8.8,6.9743,0
2.8367,3.1921,-1.2064,-0.079724,6.8983,8.2908
2.7073,3.1842,-1.1608,-0.10765,6.8602,8.1852
2.5898,3.1734,-1.1008,-0.13315,6.8013,7.8803
2.4846,3.1601,-1.0221,-0.15601,6.7325,7.357
2.3922,3.1445,-0.89445,-0.17622,6.6532,6.3768
2.3027,3.1269,-0.84495,-0.19534,6.582,6.1376
2.2262,3.1073,-0.79625,-8.8,6.4971,0
2.1451,2.2273,-0.78439,-0.013971,6.4496,3.6775
2.0706,2.2259,-0.76642,-0.02642,6.4436,3.771
2.0019,2.2233,-0.73044,-0.037874,6.4145,3.7151
1.9204,2.2195,-0.73577,-0.051529,6.3805,3.9837
1.84,2.2144,-0.7632,-0.064914,6.3461,4.4104
1.7603,2.2079,-0.7499,-0.078009,6.3142,4.5341
1.7603,2.2001,0,-0.091291,6.2698,0.74694
1.5996,2.1909,-0.75854,-0.10491,6.2154,5.034
1.5996,2.1804,0,-0.1182,6.1568,1.0087
1.4545,2.1686,-0.75833,-8.8,6.0837,0
1.3846,1.2886,-0.77328,0.67104,6.0533,5.0655
1.3096,1.3557,-0.77849,-0.0050896,6.0525,2.3296
1.3096,1.3552,0,-0.013663,6.048,0.064961
1.1608,1.3539,-0.78298,-0.021484,6.0168,2.574
1.1608,1.3517,0,-0.030033,5.9976,0.3381
1.0068,1.3487,-0.78,-0.038373,5.9712,2.8049
0.92902,1.3449,-0.80874,-0.046962,5.9378,2.9742
0.92902,1.3402,0,-0.054859,5.8965,0.77943
0.77489,1.3347,-0.82357,-0.064395,5.8427,3.2243
0.6904,1.3282,-0.81955,-0.07427,5.7816,3.3355
0.6904,1.3208,0,-0.084602,5.7182,1.2341
0.51623,1.3124,-0.87465,-8.8,5.6275,0
0.43535,0.43235,-0.85853,-0.85853,5.5942,0
0.34423,0.3465,-0.86903,-0.86903,5.5959,0.0046622
0.2598,0.2596,-0.89228,-0.89228,5.5881,0
0.2598,0.17037,0,-0.88321,5.5926,0
0.076897,0.082047,-0.88714,-0.88714,5.5874,0.010559
-0.0023628,0,-0.9079,-0.9079,5.5921,0.0048438
-0.0023628,0,0,-0.92008,5.5964,0
-0.20378,0,-0.92649,-0.92649,5.5864,0.41774
-0.3037,0,-0.93679,-0.93679,5.5631,0.62258
-0.40204,0,-0.92571,-0.92571,5.532,0.82419
-0.50051,0,-0.93412,-0.93412,5.4851,1.026
-0.50051,0,0,-0.93242,5.4398,0
-0.68108,0,-0.95562,-0.95562,5.374,1.3962
-0.77373,0,-0.96144,-0.96144,5.2986,1.5861
-0.86547,0,-1.0003,-1.0003,5.2176,1.7742
-0.96687,0,-1.0028,-1.0028,5.141,1.9821
-1.0599,0,-0.98679,-0.98679,5.0499,2.1727
-1.1645,0,-0.9628,-8.8,4.9439,0
-1.2543,0,-0.96262,-8.8,4.8649,0
-1.3485,0,-0.9502,-8.8,4.7759,0
-1.4511,0,-0.96159,-8.8,4.6755,0
-1.4511,0,0,-8.8,4.5744,0
-1.646,0,-0.95642,-8.8,4.4496,0
-1.7487,0,-0.9661,-8.8,4.3175,0
-1.8438,0,-0.9598,-8.8,4.1741,0
-1.9457,0,-0.94803,-8.8,4.037,0
-2.038,0,-0.93547,-8.8,3.8761,0
-2.038,0,0,-8.8,3.7163,0
-2.038,0,0,-8.8,3.5565,0
-2.038,0,0,-8.8,3.3967,0
-2.3942,0,-0.92842,-8.8,3.1486,0
-2.496,0,-0.95286,-8.8,2.9479,0
-2.496,0,0,-8.8,2.7423,0
-2.6862,0,-1.0052,-8.8,2.5225,0
-2.7946,0,-1.0312,-8.8,2.2882,0
-2.8981,0,-1.0404,-8.8,2.0439,0
-3.0057,0,-1.0602,-8.8,1.8019,0
-3.1047,0,-1.0884,-8.8,1.5324,0
-3.2091,0,-1.0915,-8.8,1.2589,0
-3.3099,0,-1.1056,-8.8,0.9718,0
-3.4238,0,-1.1593,-9.8333,0.6757,0
-3.5394,0,-1.2024,-18.03,0.37224,0
-3.5394,0,0,-68.82,0.10844,0
-3.5394,0,0,-94.643,0.098602,0
-3.9143,0,-1.3692,-49.747,0.15835,0
-3.9143,0,0,-1705.5,0.015661,0
-3.9143,0,0,-1.3961,8.1515,5.0908
-4.3394,0,-1.3643,-1.3643,7.7077,8.8959
-4.3394,0,0,-1.3277,7.2806,6.106
-4.6257,0,-1.3119,-1.3119,6.8148,9.4826
-4.6257,0,0,-1.3662,6.3588,6.612
-4.8947,0,-1.407,-1.407,5.8887,10.034
-4.8947,0,0,-1.4491,5.4063,6.9892
-5.1823,0,-1.4813,-8.8,4.9061,0
-5.3273,0,-1.4738,-8.8,4.4158,0
-5.4746,0,-1.4338,-8.8,3.9246,0
-5.6139,0,-1.4043,-8.8,3.423,0
-5.6139,0,0,-8.8,2.9056,0
-5.9072,0,-1.42,-8.8022,2.3634,0
-6.0487,0,-1.4716,-11.547,1.8156,0
-6.0487,0,0,-16.706,1.2684,0
-6.3524,0,-1.576,-29.91,0.71208,0
-6.5178,0,-1.6391,-95.74,0.22572,0
-6.6788,0,-1.6716,-421.12,0.053173,0
-6.8371,0,-1.66,-17.404,1.4846,0
-6.9953,0,-1.6144,-29.22,0.8863,0
-7.1626,0,-1.5983,-82.8,0.3159,0
-7.3234,0,-1.5899,-2348.2,0.011428,0
-7.4912,0,-1.5938,-1.5938,11.002,15.357
-7.6586,0,-1.5558,-1.5558,10.249,15.7
-7.6586,0,0,-1.5676,9.4913,12.406
-7.9584,0,-1.5691,-1.5691,8.6915,16.315
-8.1208,0,-1.5201,-1.5201,7.9024,16.648
-8.1208,0,0,-1.473,7.0979,13.553
-8.4265,0,-1.4537,-1.4537,6.2668,17.274
-8.4265,0,0,-1.4338,5.4314,14.262
-8.4265,0,0,-9.7726,4.5959,0
-8.8553,0,-1.4954,-12.042,3.7177,0
-8.9976,0,-1.5768,-15.646,2.877,0
-9.1579,0,-1.6789,-22.157,2.0477,0
-9.3319,0,-1.7876,-37.191,1.2299,0
-9.5114,0,-1.8499,-95.835,0.48129,0
-9.6908,0,-1.8564,-13167,0.0035667,0
-9.8795,0,-1.8669,7.8,64.871,40.566
-10.073,0.78,-1.8611,7.8,63.831,42.548
-10.073,1.56,0,7.8,62.707,40.237
-10.073,2.34,0,7.8,61.505,41.836
-10.073,3.12,0,7.8,60.225,43.435
-10.797,3.9,-1.8986,7.8,58.731,50.507
-10.979,4.68,-1.9167,7.8,57.21,52.517
-11.169,5.46,-1.9028,7.8,55.595,54.477
-11.169,6.24,0,6.7,53.893,49.766
-11.549,6.91,-1.7972,6.7,52.089,55.696
-11.737,7.58,-1.732,6.7,50.194,57.317
-11.919,8.25,-1.6818,6.7,48.222,58.958
-12.085,8.92,-1.6567,6.7,46.164,60.62
-12.085,9.59,0,6.7,44.03,58.512
-12.409,10.26,-1.6215,6.7,41.796,63.957
-12.409,10.93,0,6.7,39.495,61.923
-12.734,11.6,-1.6101,6.7,37.095,67.347
-12.734,12.27,0,-1.6873,34.628,47.713
-13.063,12.101,-1.5585,-1.882,32.11,50.907
-13.063,11.913,0,-2.1158,29.603,46.755
-13.378,11.701,-1.4558,-2.3977,27.068,49.434
-13.378,11.462,0,-2.7398,24.572,45.164
-13.666,11.188,-1.4397,-3.1654,22.09,47.324
-13.807,10.871,-1.4779,-3.7074,19.615,45.905
-13.807,10.5,0,-4.4122,17.165,40.559
-13.807,10.059,0,-5.3532,14.757,37.677
-13.807,9.5239,0,-6.6649,12.397,33.824
-14.467,8.8574,-1.8888,-7.84,9.9716,35.31
-14.656,8.0734,-1.9814,-35.667,7.6683,0
-14.656,4.5068,0,-35.707,5.5737,0
-15.051,0.93604,-2.0721,-35.709,3.7992,0
-15.262,0,-2.087,-51.104,2.3761,0
-15.262,0,0,-111.57,1.1054,0
-15.262,0,0,-1346.9,0.13702,0
-15.895,0,-2.1795,-2.1795,5.2569,32.584
-15.895,0,0,-37.682,3.6784,0
-16.334,0,-2.4147,-62.176,2.2324,0
-16.573,0,-2.5066,-155.11,0.89991,0
-16.818,0,-2.5202,-11633,0.012161,0
-16.818,0,0,7.8,56.493,50.868
-16.818,0.78,0,7.8,54.773,52.467
-17.627,1.56,-3.1571,7.8,52.868,62.357
-17.627,2.34,0,7.8,50.91,57.322
-18.304,3.12,-3.748,7.8,48.794,68.184
-18.304,3.9,0,7.8,46.613,61.907
-19.053,4.68,-3.7411,7.8,44.273,72.903
-19.419,5.46,-3.6657,7.8,41.839,75.095
-19.419,6.24,0,6.7,39.312,66.68
-20.129,6.91,-3.4899,6.7,36.637,76.842
-20.129,7.58,0,6.7,33.9,70.882
-20.833,8.25,-3.4593,-1.5218,31.027,63.692
-21.186,8.0978,-3.3494,-1.7683,28.103,63.355
-21.186,7.921,0,-2.0816,25.184,55.296
-21.843,7.7128,-3.0536,-2.493,22.23,61.768
-21.843,7.4635,0,-3.0514,19.287,53.667
-21.843,7.1584,0,-3.8388,16.372,51.387
-21.843,6.7745,0,-5.0061,13.491,48.147
-22.976,6.2739,-2.4977,-6.8905,10.421,50.731
-22.976,5.5849,0,-57.614,7.5303,0
-23.463,0,-2.3249,-58.282,4.9192,0
-23.463,0,0,-100.62,2.8643,0
-23.92,0,-2.171,-296.77,0.97112,0
-24.137,0,-2.1195,-5742.3,0.050749,0
-24.342,0,-2.036,7.8,26.339,70.569
-24.342,0.78,0,7.8,23.866,67.889
-24.739,1.56,-1.9968,-0.42463,21.271,57.216
-24.945,1.5175,-2.0258,-0.5161,18.63,57.42
-25.144,1.4659,-2.0124,-0.64421,15.977,57.425
-25.337,1.4015,-2.0268,-0.8342,13.303,57.321
-25.53,1.3181,-2.0482,-1.1359,10.625,56.957
-25.737,1.2045,-2.0569,-1.6743,7.9344,56.035
-25.939,1.0371,-2.0535,-71.559,5.2349,0
-25.939,0,0,-120.53,2.8951,0
-26.345,0,-2.0447,-401.55,0.86862,0
-26.345,0,0,-1556.5,0.24191,0
-26.761,0,-2.0187,-2.0187,5.3452,54.86
-26.955,0,-1.9778,-138.42,2.6627,0
-27.146,0,-2.0762,-577.37,0.64047,0
-27.146,0,0,-470.75,0.81269,0
-27.577,0,-2.7964,-937.54,0.40679,0
-27.854,0,-3.3252,-171,2.3135,0
-28.193,0,-3.8806,-1098.8,0.36299,0
-28.193,0,0,-139.3,3.0375,0
-28.193,0,0,-504.95,0.91464,0
-29.48,0,-4.6233,-1011.6,0.43153,0
-29.48,0,0,-182.99,2.5415,0
-30.43,0,-5.5052,-1139.9,0.40814,0
-30.986,0,-5.8555,-164.01,3.0354,0
-31.575,0,-6.0983,-698.44,0.72,0
-31.575,0,0,-509.18,1.0547,0
-32.815,0,-5.7512,-1698,0.31817,0
-33.399,0,-4.9974,-4.9974,5.5067,68.468
-33.906,0,-4.3989,-268.65,2.1752,0
-33.906,0,0,-5945.3,0.12789,0
-34.745,0,-3.4696,7.8,26.37,94.907
-34.745,0.78,0,7.8,22.856,89.215
-35.404,1.56,-2.7158,-0.70649,19.204,79.998
-35.666,1.4894,-2.3701,-0.96167,15.503,79.129
-35.913,1.3932,-2.0845,-1.4153,11.77,77.883
-36.129,1.2517,-1.8471,-2.3668,8.0448,75.538
-36.315,1.015,-1.7256,-163.73,4.3007,0
-36.49,0,-1.6346,-483.1,1.3828,0
-36.663,0,-1.5833,-4790,0.14036,0
-36.663,0,0,7.8,20.424,91.549
-36.974,0.78,-1.3374,-1.3374,16.684,77.396
-37.108,0.64626,-1.272,-1.272,12.909,77.395
-37.108,0.51906,0,-1.2033,9.1403,74.606
-37.345,0.39873,-1.0806,-1.0806,5.3563,77.375
-37.444,0.29067,-0.98183,-449.87,1.5861,0
-37.542,0,-0.85507,-11666,0.060409,0
-37.542,0,0,7.8,54.637,93.351
-37.542,0.78,0,7.8,50.844,94.95
-37.771,1.56,-0.562,7.8,46.951,98.199
-37.771,2.34,0,7.8,42.979,98.617
-37.771,3.12,0,7.8,38.929,100.22
-37.771,3.9,0,7.8,34.801,101.82
-38.002,4.68,-0.69395,7.8,30.561,105.35
-38.064,5.46,-0.75493,-1.9214,26.252,86.772
-38.064,5.2679,0,-2.4864,21.909,83.605
-38.227,5.0192,-0.97966,-3.3854,17.557,83.6
-38.316,4.6807,-1.0743,-4.9693,13.245,79.959
-38.316,4.1838,0,-7.84,8.9706,70.65
-38.536,3.3998,-1.3506,-187.12,4.7334,0
-38.536,0,0,-507.52,1.4754,0
-38.82,0,-1.6367,-5670.8,0.13291,0
-38.82,0,0,7.8,24.605,95.971
-39.156,0.78,-1.8188,-1.8188,20.646,81.869
-39.338,0.59812,-1.807,-1.807,16.66,81.868
-39.522,0.41742,-1.7909,-1.7909,12.665,81.875
-39.698,0.23833,-1.7926,-1.7926,8.666,81.87
-39.887,0.059075,-1.8023,-172.6,4.6712,0
-39.887,0,0,-527.93,1.5396,0
-40.239,0,-1.6222,-5710.1,0.14182,0
-40.401,0,-1.4572,7.8,24.657,102.27
-40.554,0.78,-1.2483,-1.2483,20.578,84.735
-40.686,0.65517,-1.0332,-1.0332,16.453,84.749
-40.686,0.55184,0,-0.85747,12.324,82.736
-40.686,0.4661,0,-0.80807,8.2044,82.664
-40.953,0.38529,-0.77151,-210.89,4.0665,0
-41.038,0,-0.75778,-857.23,0.98315,0
-41.038,0,0,-727.31,1.1655,0
-41.188,0,-0.79714,-1250.4,0.67881,0
-41.259,0,-0.78742,-302.83,2.8179,0
-41.346,0,-0.81815,-4297.1,0.19895,0
-41.419,0,-0.87426,-0.87426,17.546,84.91
-41.516,0,-0.90071,-0.90071,13.406,85.108
-41.516,0,0,-0.91481,9.259,83.186
-41.516,0,0,-0.9318,5.112,83.15
-41.807,0,-0.92445,-943.23,0.92744,0
-41.898,0,-0.89265,-599.72,1.4657,0
-41.898,0,0,-3152.2,0.27455,0
-42.082,0,-0.91548,-0.91548,11.836,86.268
-42.181,0,-0.90335,-0.90335,7.631,86.472
-42.27,0,-0.91229,-262.64,3.4134,0
-42.356,0,-0.94321,-1778.4,0.50465,0
-42.356,0,0,-0.99403,5.1611,84.74
-42.542,0,-1.0482,-990.16,0.91488,0
-42.542,0,0,-567.63,1.6115,0
-42.542,0,0,-5074.4,0.19539,0
-42.887,0,-1.2487,7.8,21.278,106.93
-43.019,0.78,-1.2606,-1.2606,16.942,89.788
-43.153,0.65394,-1.3374,-1.3374,12.567,89.804
-43.288,0.5202,-1.4994,-1.4994,8.1828,89.807
-43.443,0.37027,-1.6406,-253.84,3.8056,0
-43.613,0,-1.7627,-1397.5,0.68137,0
-43.792,0,-1.8817,-292.78,3.2963,0
-43.986,0,-1.9328,-2563.9,0.37758,0
-43.986,0,0,-1.8832,8.7987,86.213
-43.986,0,0,-226.75,4.4096,0
-44.551,0,-1.8537,-934.04,1.0646,0
-44.551,0,0,-783.9,1.2797,0
-44.551,0,0,-1404.8,0.74406,0
-45.107,0,-1.9414,-316.53,3.2339,0
-45.107,0,0,-3488.8,0.30579,0
-45.509,0,-2.0542,-2.0542,13.193,93.293
-45.509,0,0,-2.0726,8.6524,88.938
-45.509,0,0,-261.71,4.1119,0
-46.135,0,-1.9902,-1387.5,0.76811,0
-46.33,0,-2.0072,-349.37,3.0896,0
-46.536,0,-2.0072,-5694.4,0.19022,0
-46.536,0,0,7.8,24.009,111.79
-46.941,0.78,-2.0152,-2.0152,19.286,97.828
-47.135,0.57848,-2.0248,-2.0248,14.519,97.812
-47.328,0.376,-1.989,-1.989,9.7463,97.794
-47.534,0.1771,-1.9624,-230.29,4.9848,0
-47.734,0,-1.9803,-839.57,1.3602,0
-47.734,0,0,-1488.1,0.78464,0
-48.143,0,-2.0813,-341.44,3.4149,0
-48.143,0,0,-4010.7,0.30779,0
-48.554,0,-2.1929,-2.1929,15.503,99.536
-48.554,0,0,-2.2962,10.658,94.711
-49.008,0,-2.4494,-2.4494,5.7688,100.47
-49.246,0,-2.6685,-1406.9,0.86349,0
-49.505,0,-2.9315,-415.91,2.9671,0
-49.505,0,0,-15668,0.096206,0
-49.505,0,0,7.8,73.487,117.87
-50.442,0.78,-3.767,7.8,68.366,129.31
-50.442,1.56,0,7.8,63.205,122.99
-51.199,2.34,-4.1104,7.8,57.886,134.78
-51.616,3.12,-4.2072,7.8,52.464,137.44
-51.616,3.9,0,7.8,46.952,130.2
-51.616,4.68,0,7.8,41.361,131.8
-52.842,5.46,-4.009,7.8,35.503,144.33
-52.842,6.24,0,6.7,29.634,135.2
-52.842,6.91,0,-4.105,23.693,113.87
-54.024,6.4995,-4.0263,-6.2634,17.557,119.37
-54.421,5.8732,-4.0842,-7.84,11.52,115.71
-54.421,5.0892,0,-330.28,5.5302,0
-54.421,0,0,-1349.1,1.2306,0
-55.653,0,-4.0588,-664.94,2.3432,0
-56.055,0,-3.9741,-18821,0.083494,0
-56.055,0,0,7.8,88.581,131.3
-56.84,0.78,-3.7474,7.8,82.866,142.38
-57.219,1.56,-3.4888,7.8,77.05,144.22
