6.1111,6.1111,0.87064,0,35.5,0
6.1965,6.1111,1.2844,6.7,35.5,38.958
6.3234,6.7811,1.1185,6.7,35.487,44.7
6.3234,7.4511,0,6.7,35.408,68.669
6.5305,8.1211,0.9647,6.7,35.294,54.276
6.6292,8.7911,0.84027,6.7,35.104,60.078
6.706,9.4611,0.73675,6.7,34.868,65.822
6.7774,10.131,0.71347,6.7,34.572,70.258
6.7774,10.801,0,-0.23568,34.203,13.256
6.9271,10.778,1.0614,-0.23335,33.811,5.7352
7.0372,10.754,1.084,-0.22898,33.43,5.2768
7.1376,10.731,1.2591,-0.22483,33.073,4.368
7.2551,10.709,1.3492,-0.21946,32.717,3.806
7.2551,10.687,0,-0.21249,32.373,10.698
7.5309,10.666,1.0857,-0.20504,32.064,3.8121
7.6328,10.645,0.86967,-0.19986,31.748,4.2129
7.7267,10.625,0.67353,-0.19486,31.456,4.6641
7.7869,10.606,0.46066,-0.19195,31.174,5.3976
7.7869,10.586,0,-0.18994,30.894,8.1278
7.8746,10.567,0.36355,-0.18806,30.63,5.4874
7.901,10.549,0.46857,-0.18732,30.354,4.8254
7.9566,10.53,0.46714,-0.18439,30.087,4.6103
7.9566,10.511,0,-0.18227,29.83,7.182
7.9566,10.493,0,-0.17852,29.576,7.1321
8.1048,10.475,0.22009,-0.176,29.346,5.1977
8.1292,10.458,0.055287,-0.17492,29.107,5.9939
8.1292,10.44,0,-0.17583,28.875,6.2667
8.1211,10.423,-0.13818,-0.17688,28.645,7.1514
8.1211,10.405,0,-0.17832,28.415,6.1485
8.0812,10.387,-0.038105,-0.18148,28.171,6.4593
8.0812,10.369,0,-0.18198,27.941,6.1424
8.1005,10.351,0.17149,-0.18124,27.715,5.0155
8.1266,10.333,0.24453,-0.17976,27.489,4.5008
8.1511,10.315,0.3094,-0.17841,27.261,4.0666
8.1845,10.297,0.17706,-0.17606,27.054,4.5433
8.2026,10.279,0.080536,-0.17506,26.839,4.9338
8.2163,10.262,-0.028295,-0.17431,26.633,5.4488
8.2218,10.244,-0.21487,-0.1742,26.432,6.5709
8.2218,10.227,0,-0.17713,26.23,5.1199
8.2218,10.209,0,-0.17913,26.031,5.0455
8.2218,10.191,0,-0.18149,25.833,4.9689
8.1165,10.173,-0.25418,-0.18526,25.607,6.9214
8.1006,10.155,-0.13689,-0.18707,25.406,6.0898
8.1006,10.136,0,-0.18796,25.201,5.1716
8.0798,10.117,-0.12917,-0.18992,24.989,5.9578
8.0798,10.098,0,-0.1919,24.787,5.0895
8.0798,10.079,0,-0.1913,24.586,5.0237
8.1131,10.06,0.89396,-0.18781,24.384,1.7513
8.2045,10.041,1.4579,-0.17919,24.188,1.3176
8.2045,10.023,0,-0.16438,24.005,4.524
8.5534,10.007,2.2987,-0.14447,23.862,2.8896
8.7789,9.9923,2.4192,-0.1216,23.723,3.5183
9.0199,9.9801,2.3269,-0.096821,23.616,3.4457
9.2566,9.9704,2.2313,-0.072313,23.535,3.3594
9.4786,9.9632,2.1538,-0.049274,23.472,3.3328
9.6987,9.9583,1.9325,-0.026435,23.44,2.7133
9.6987,9.9556,0,-0.0058457,23.414,0.54944
10.064,9.955,1.5275,0.083714,23.433,1.2197
10.208,9.9634,1.3196,0.18786,23.449,0.31491
10.349,9.9822,1.1711,0.28049,23.479,0
10.349,10.01,0,0.34904,23.515,0.12119
10.572,10.045,1.071,0.39996,23.569,0
10.675,10.085,1.095,0.44615,23.627,0
10.675,10.13,0,0.49228,23.684,0.03936
10.897,10.179,1.0292,0.53728,23.766,0
11.006,10.233,0.91829,0.57522,23.841,0
11.095,10.29,0.85174,0.59518,23.918,0
11.185,10.35,0.79022,0.61349,24.008,0
11.264,10.411,0.7499,0.62221,24.098,0
11.343,10.473,0.70433,0.63001,24.182,0
11.343,10.536,0,0.6321,24.266,0
11.343,10.6,0,0.62144,24.343,0
11.343,10.662,0,0.6095,24.414,0.06787
11.343,10.723,0,0.59406,24.479,0.17914
11.608,10.782,0.37836,0.57932,24.612,0
11.608,10.84,0,0.55526,24.692,0
11.669,10.895,0.18048,0.53605,24.778,0
11.694,10.949,-0.078026,0.5135,24.848,0
11.682,11,-0.41293,0.46764,24.921,1.2401
11.633,11.047,-0.75426,0.39974,24.983,3.3363
11.633,11.087,0,0.32512,25.039,0
11.633,11.12,0,0.23171,25.092,0
11.356,11.143,-1.1446,0.14423,25.093,6.5887
11.247,11.157,-1.2422,0.060729,25.116,7.5598
11.113,11.163,-1.2638,-0.0051451,25.118,7.9672
10.996,11.163,-1.2336,-0.017158,25.113,8.143
10.996,11.161,0,-0.02994,25.097,0.28204
10.748,11.158,-0.94835,-0.042327,25.059,6.2633
10.66,11.154,-0.51636,-0.051042,25.009,3.3045
10.6,11.149,-0.12711,-0.056922,24.953,1.5526
10.585,11.143,0.17606,-0.058089,24.905,0.65591
10.597,11.137,0.48589,-0.056393,24.859,0.14261
10.642,11.132,0.74333,-0.051208,24.802,0.0024211
10.642,11.127,0,-0.042206,24.753,0.99503
10.809,11.122,1.1293,-0.032964,24.718,0.31501
10.925,11.119,1.2919,-0.020484,24.685,0.67447
10.925,11.117,0,-0.0074551,24.665,0.39725
10.925,11.116,0,0.038984,24.646,0.51783
10.925,11.12,0,0.12851,24.627,0.79146
11.44,11.133,1.0873,0.20512,24.713,0
11.545,11.153,0.94211,0.26051,24.75,0
11.629,11.18,0.82053,0.29856,24.787,0
11.71,11.209,0.75608,0.33148,24.827,0
11.779,11.243,0.77811,0.35466,24.886,0
11.779,11.278,0,0.37799,24.938,0
11.935,11.316,0.93115,0.40593,24.996,0
12.035,11.356,0.98624,0.44343,25.069,0
12.141,11.401,1.0262,0.48228,25.143,0
12.236,11.449,1.044,0.51019,25.218,0
12.348,11.5,1.0726,0.5476,25.305,0
12.453,11.555,1.0801,0.57692,25.386,0
12.566,11.612,1.1004,0.60964,25.484,0
12.67,11.673,1.1313,0.63341,25.573,0
12.67,11.737,0,0.66454,25.67,0
12.901,11.803,1.136,0.69029,25.79,0
13.018,11.872,1.1127,0.71594,25.897,0
13.135,11.944,1.0811,0.73941,26.005,0
13.135,12.018,0,0.75021,26.12,0
13.135,12.093,0,0.76641,26.228,0
13.457,12.169,0.9835,0.7852,26.389,0
13.457,12.248,0,0.78834,26.514,0
13.648,12.327,0.85152,0.79555,26.659,0
13.741,12.406,0.7909,0.7985,26.792,0
13.824,12.486,0.72322,0.79515,26.92,0
13.824,12.566,0,0.78508,27.05,0
13.966,12.644,0.78838,0.77641,27.196,0
14.048,12.722,0.80446,0.77485,27.337,0
14.136,12.799,0.82789,0.77654,27.472,0
14.214,12.877,0.82899,0.77213,27.597,0
14.289,12.954,0.8072,0.76659,27.734,0
14.365,13.031,0.82159,0.76157,27.869,0
14.452,13.107,0.83328,0.7636,28.006,0
14.538,13.183,0.81808,0.76518,28.138,0
14.611,13.26,0.8023,0.75912,28.277,0
14.611,13.336,0,0.7623,28.408,0
14.784,13.412,0.78326,0.7628,28.544,0
14.864,13.488,0.80513,0.76077,28.68,0
14.954,13.564,0.82642,0.76414,28.808,0
15.027,13.641,0.83492,0.75871,28.949,0
15.105,13.717,0.8252,0.75622,29.094,0
15.188,13.792,0.83075,0.75621,29.237,0
15.28,13.868,0.81723,0.7618,29.386,0
15.28,13.944,0,0.75773,29.523,0
15.433,14.02,0.75372,0.75508,29.67,0
15.433,14.095,0,0.75177,29.808,0
15.433,14.171,0,0.74741,29.938,0
15.433,14.245,0,0.74464,30.06,0
15.742,14.32,0.99171,0.74573,30.231,0
15.837,14.394,1.0277,0.75298,30.38,0
15.93,14.47,1.0313,0.75908,30.525,0
16.025,14.546,1.0076,0.76577,30.676,0
16.025,14.622,0,0.77025,30.82,0
16.025,14.699,0,0.77562,30.957,0
16.025,14.777,0,0.77995,31.085,0
16.399,14.855,0.93398,0.78463,31.268,0
16.485,14.933,0.92403,0.78535,31.432,0
16.485,15.012,0,0.79171,31.583,0
16.666,15.091,0.86023,0.79024,31.753,0
16.666,15.17,0,0.7872,31.907,0
16.666,15.249,0,0.78435,32.053,0
16.918,15.327,0.84118,0.78804,32.224,0
16.918,15.406,0,0.79139,32.379,0
16.918,15.485,0,0.78694,32.526,0
17.164,15.564,0.76099,0.78338,32.717,0
17.249,15.642,0.69808,0.78337,32.867,0
17.249,15.72,0,0.77582,33.024,0
17.388,15.798,0.57591,0.76866,33.171,0
17.45,15.875,0.53513,0.75858,33.329,0
17.45,15.951,0,0.74799,33.483,0
17.569,16.025,0.55644,0.73756,33.636,0
17.569,16.099,0,0.72479,33.787,0
17.677,16.172,0.66966,0.71467,33.957,0
17.751,16.243,0.74231,0.71337,34.117,0
17.751,16.315,0,0.71074,34.264,0
17.9,16.386,0.80508,0.71147,34.416,0
17.9,16.457,0,0.70896,34.563,0
18.052,16.528,0.69967,0.7115,34.724,0
18.124,16.599,0.64059,0.70995,34.879,0
18.196,16.67,0.62181,0.70779,35.029,0
18.196,16.741,0,0.69811,35.178,0
18.31,16.81,0.73174,0.69095,35.329,0
18.383,16.879,0.83266,0.69053,35.474,0
18.474,16.949,0.96466,0.69873,35.628,0
18.569,17.018,1.0757,0.70828,35.784,0
18.668,17.089,1.1953,0.71864,35.94,0
18.783,17.161,1.2996,0.73618,36.104,0
18.783,17.235,0,0.75629,36.263,0
18.783,17.31,0,0.78146,36.414,0
19.205,17.388,1.8638,0.8167,36.617,1.3412
19.398,17.47,2.1156,0.86403,36.798,2.4775
19.398,17.557,0,0.91315,36.987,0
19.828,17.648,2.5444,0.9702,37.206,4.7084
20.075,17.745,2.5587,1.0325,37.423,4.738
20.339,17.848,2.4221,1.0999,37.672,3.8776
20.339,17.958,0,1.1556,37.916,0
20.803,18.074,1.9999,1.1947,38.2,1.5304
20.803,18.193,0,1.2281,38.467,0
20.803,18.316,0,1.2491,38.722,0
21.366,18.441,1.7374,1.2626,39.043,0.26793
21.539,18.567,1.7391,1.2763,39.329,0.28841
21.71,18.695,1.5623,1.2887,39.63,0
21.871,18.824,1.3384,1.2965,39.93,0
21.871,18.953,0,1.2907,40.229,0
22.129,19.082,1.1371,1.2843,40.541,0
22.238,19.211,1.0244,1.27,40.837,0
22.338,19.338,0.98245,1.2533,41.143,0
22.443,19.463,0.83004,1.2392,41.445,0
22.535,19.587,0.5804,1.2209,41.747,0
22.595,19.709,0.26767,1.19,42.029,0
22.595,19.828,0,1.1457,42.312,0
22.615,19.943,-0.13916,1.0933,42.588,0
22.61,20.052,-0.13652,1.0427,42.846,0
22.604,20.156,-0.0044627,0.99446,43.101,0
22.605,20.256,0.24387,0.95116,43.34,0
22.625,20.351,0.32109,0.91813,43.578,0
22.625,20.443,0,0.88813,43.801,0
22.625,20.531,0,0.87178,44.015,0
22.759,20.619,0.57598,0.85657,44.236,0
22.825,20.704,0.41079,0.84653,44.45,0
22.825,20.789,0,0.82683,44.658,0
22.904,20.872,0.25682,0.80748,44.873,0
22.927,20.952,0.18679,0.78228,45.07,0
22.95,21.031,0.098097,0.75872,45.256,0
22.95,21.106,0,0.73274,45.445,0
22.95,21.18,0,0.70933,45.625,0
23.007,21.251,0.35087,0.68941,45.796,0
23.038,21.32,0.46301,0.67304,45.966,0
23.038,21.387,0,0.66012,46.135,0
23.038,21.453,0,0.65627,46.297,0
23.038,21.519,0,0.65669,46.452,0
23.274,21.584,0.449,0.65654,46.624,0
23.316,21.65,0.35649,0.64626,46.789,0
23.316,21.715,0,0.63148,46.953,0
23.383,21.778,0.24275,0.62017,47.106,0
23.398,21.84,0.30893,0.60085,47.264,0
23.435,21.9,0.45328,0.59117,47.42,0
23.472,21.959,0.54543,0.58166,47.57,0
23.521,22.017,0.61078,0.57716,47.719,0
23.521,22.075,0,0.57537,47.867,0
23.521,22.132,0,0.5817,48.008,0
23.717,22.19,0.66205,0.58312,48.176,0
23.778,22.249,0.58771,0.58323,48.338,0
23.832,22.307,0.46715,0.58067,48.49,0
23.875,22.365,0.36185,0.57402,48.64,0
23.908,22.423,0.30941,0.56402,48.796,0
23.945,22.479,0.34637,0.55572,48.946,0
23.979,22.535,0.4507,0.54691,49.085,0
24.029,22.589,0.58119,0.54425,49.237,0
24.084,22.644,0.62111,0.54394,49.39,0
24.142,22.698,0.64959,0.54435,49.53,0
24.142,22.753,0,0.54932,49.672,0
24.274,22.807,0.49969,0.55137,49.821,0
24.274,22.863,0,0.55126,49.965,0
24.371,22.918,0.47767,0.54481,50.12,0
24.371,22.972,0,0.54002,50.263,0
24.459,23.026,0.49726,0.53553,50.397,0
24.514,23.08,0.48767,0.53532,50.537,0
24.561,23.133,0.43138,0.53212,50.679,0
24.561,23.186,0,0.53128,50.819,0
24.561,23.24,0,0.5221,50.954,0
24.561,23.292,0,0.51984,51.084,0
24.739,23.344,0.35833,0.51736,51.258,0
24.768,23.396,0.39317,0.50829,51.39,0
24.814,23.446,0.39894,0.50603,51.521,0
24.863,23.497,0.4438,0.50472,51.652,0
24.903,23.547,0.52352,0.50027,51.786,0
24.949,23.597,0.61242,0.498,51.929,0
25.004,23.647,0.68206,0.49939,52.062,0
25.066,23.697,0.74014,0.50326,52.201,0
25.066,23.748,0,4.8,52.335,30.547
25.066,24.228,0,0.35428,52.443,0
25.284,24.263,0.63519,0.36317,52.561,0
25.348,24.299,0.56118,0.37279,52.666,0
25.397,24.337,0.50011,0.37644,52.763,0
25.441,24.374,0.45108,0.37842,52.862,0
25.496,24.412,0.44777,0.38407,52.978,0
25.538,24.45,0.43852,0.3852,53.079,0
25.538,24.489,0,0.38562,53.186,0
25.62,24.528,0.46453,0.38635,53.302,0
25.666,24.566,0.50538,4.8,53.419,24.69
25.716,25.046,0.52496,0.22947,53.501,0
25.76,25.069,0.52859,0.23652,53.577,0
25.76,25.093,0,0.24591,53.644,0
25.876,25.117,0.62866,0.2595,53.724,0
25.939,25.143,0.68833,0.27221,53.801,0
25.939,25.171,0,0.28346,53.879,0
26.078,25.199,0.8091,0.3004,53.973,0
26.167,25.229,0.81506,0.32061,54.072,0
26.167,25.261,0,0.33985,54.164,0
26.339,25.295,0.73829,0.35621,54.277,0
26.339,25.331,0,0.36786,54.38,0
26.339,25.367,0,4.8,54.479,32.717
26.545,25.847,0.6508,0.23094,54.604,0
26.614,25.87,0.69627,0.24609,54.681,0
26.692,25.895,0.68725,0.26374,54.751,0
26.753,25.921,0.71456,0.27487,54.828,0
26.826,25.949,0.69148,0.28994,54.912,0
26.899,25.978,0.68157,0.30418,55.005,0
26.899,26.008,0,0.31843,55.096,0
27.04,26.04,0.70218,0.32995,55.197,0
27.04,26.073,0,0.34362,55.295,0
27.179,26.108,0.67881,0.35328,55.398,0
27.179,26.143,0,0.36556,55.503,0
27.179,26.179,0,4.8,55.605,32.539
27.375,26.659,0.63452,0.22894,55.703,0
27.433,26.682,0.63748,0.24024,55.782,0
27.492,26.706,0.71125,0.25142,55.861,0
27.563,26.731,0.74324,0.26581,55.937,0
27.563,26.758,0,0.27821,56.019,0
27.702,26.786,0.8361,0.29266,56.105,0
27.783,26.815,0.87047,0.30922,56.202,0
27.783,26.846,0,0.32874,56.298,0
27.967,26.879,0.85713,0.34713,56.395,0
28.057,26.914,0.83325,0.36465,56.506,0
28.138,26.95,0.80597,0.37867,56.627,0
28.211,26.988,0.81009,4.8,56.744,20.209
28.211,27.468,0,0.25251,56.842,0
28.211,27.493,0,0.27376,56.915,0
28.211,27.521,0,0.29234,56.986,0
28.565,27.55,1.0486,0.31446,57.126,0
28.664,27.581,1.2289,0.3352,57.233,0.27723
28.784,27.615,1.3605,0.36197,57.343,0.74768
28.921,27.651,1.6237,0.39305,57.46,1.864
29.091,27.69,1.8596,0.43353,57.6,3.0505
29.27,27.734,2.3421,4.8,57.75,5.2881
29.494,28.214,2.6699,0.38576,57.884,7.8668
29.494,28.252,0,0.45294,58.01,0
30.063,28.298,3.0794,0.53161,58.182,11.318
30.362,28.351,2.9743,0.6052,58.365,10.869
30.65,28.411,2.5526,0.6735,58.577,8.1002
30.65,28.479,0,4.8,58.797,25.317
31.137,28.959,1.9186,0.63948,59.041,4.0785
31.323,29.023,1.7374,0.67488,59.259,3.1141
31.323,29.09,0,0.70551,59.485,0
31.323,29.161,0,-2,59.705,57.615
31.838,28.961,1.5505,4.8,60.006,5.2709
31.984,29.441,1.4031,-2,60.272,86.604
32.134,29.241,1.336,-2,60.543,100.24
32.273,29.041,1.2083,4.8,60.852,6.3532
32.273,29.521,0,-2,61.151,85.892
32.497,29.321,0.96753,-2,61.467,112.24
32.602,29.121,1.0442,-2,61.806,130.82
32.71,28.921,1.0902,4.8,62.168,4.8608
32.71,29.401,0,-2,62.523,128.1
32.948,29.201,1.686,-2,62.9,146.91
33.117,29.001,2.0114,4.8,63.285,0
33.321,29.481,2.3247,-2,63.692,153.29
33.55,29.281,2.5177,-2,64.101,179.06
33.801,29.081,2.562,-2,64.554,210.26
34.065,28.881,2.4003,4.8,65.044,0
34.065,29.361,0,-2,65.538,487.2
34.529,29.161,1.9655,-2,66.055,291.68
34.717,28.961,1.8351,4.8,66.618,0
34.898,29.441,1.7879,-2,67.173,316.34
34.898,29.241,0,-2,67.729,0
34.898,29.041,0,4.8,68.305,4.8154
35.412,29.521,1.5637,-2,68.964,433.67
35.574,29.321,1.3696,-2,69.566,625.67
35.574,29.121,0,-2,70.202,0
35.818,28.921,1.0043,4.8,70.898,0
35.923,29.401,0.90249,-2,71.571,1665.3
36.019,29.201,0.82881,-2,72.246,7528
36.108,29.001,0.84139,4.8,72.949,0
36.108,29.481,0,-2,73.636,0
36.269,29.281,0.64365,-2,74.312,0
36.326,29.081,0.4807,-2,75.019,0
36.326,28.881,0,4.8,75.754,0
36.326,29.361,0,-2,76.474,0
36.396,29.161,-0.24635,-2,77.199,0
36.373,28.961,-0.36599,4.8,77.94,0.74844
36.342,29.441,-0.31329,-2,78.652,0
36.303,29.241,-0.18305,-2,79.347,0
36.285,29.041,-0.11754,4.8,80.058,0
36.281,29.521,-0.017793,-2,80.762,0
36.287,29.321,0.16097,-2,81.442,0
36.296,29.121,0.16194,-2,82.142,0
36.316,28.921,0.20537,4.8,82.879,0
36.327,29.401,0.39521,-2,83.599,0
36.327,29.201,0,-2,84.302,0
36.445,29.001,0.84718,4.8,85.023,0
36.525,29.481,1.1144,-2,85.738,2912.9
36.525,29.281,0,-2,86.452,0
36.525,29.081,0,-2,87.187,0
36.923,28.881,1.4191,4.8,88.008,0
37.068,29.361,1.3714,-2,88.786,11493
37.211,29.161,1.2996,-2,89.576,0
37.351,28.961,1.2709,4.8,90.39,0
37.48,29.441,1.2226,-2,91.212,0
37.48,29.241,0,-2,92.026,0
37.48,29.041,0,4.8,92.86,0
37.48,29.521,0,-2,93.679,0
37.945,29.321,0.93439,-2,94.563,0
38.032,29.121,0.87421,-2,95.45,0
38.118,28.921,0.81332,4.8,96.365,0
38.206,29.401,0.56168,-2,97.26,0
38.269,29.201,0.29661,-2,98.148,0
38.306,29.001,0.067091,4.8,99.059,0
38.305,29.481,-0.096457,-2,99.962,0
38.296,29.281,-0.28901,-2,100.85,0
38.296,29.081,0,-2,101.76,0
38.236,28.881,-0.15381,4.8,102.67,0
38.214,29.361,-0.096584,-2,103.59,0
38.214,29.161,0,-2,104.48,0
38.195,28.961,-0.17184,4.8,105.4,0
38.174,29.441,-0.29539,-2,106.29,0
38.174,29.241,0,-2,107.18,0
38.098,29.041,-0.45081,4.8,108.08,0
38.098,29.521,0,-2,108.96,0
38.024,29.321,-0.37601,-2,109.82,0
37.992,29.121,-0.21233,-2,110.71,0
37.976,28.921,-0.046113,4.8,111.6,0
37.977,29.401,0.086441,-2,112.47,0
37.99,29.201,0.21796,-2,113.33,0
37.99,29.001,0,4.8,114.22,0
38.033,29.481,0.39908,-2,115.1,0
38.081,29.281,0.52347,-2,115.97,0
38.124,29.081,0.63216,-2,116.85,0
38.181,28.881,0.75439,4.8,117.77,0
38.258,29.361,0.84057,-2,118.69,0
38.333,29.161,0.89152,-2,119.59,0
38.426,28.961,0.92191,4.8,120.52,0
38.515,29.441,0.93606,-2,121.44,0
38.515,29.241,0,-2,122.36,0
38.515,29.041,0,4.8,123.3,0
38.801,29.521,0.92589,-2,124.27,0
38.801,29.321,0,-2,125.21,0
38.801,29.121,0,-2,126.17,0
39.075,28.921,0.93648,4.8,127.18,0
39.162,29.401,0.94562,-2,128.18,0
39.259,29.201,0.93621,-2,129.17,0
39.352,29.001,0.93994,4.8,130.19,0
39.443,29.481,0.95498,-2,131.2,0
39.548,29.281,0.93899,-2,132.22,0
39.548,29.081,0,-2,133.25,0
39.548,28.881,0,4.8,134.31,0
39.861,29.361,1.0191,-2,135.4,0
39.971,29.161,0.96386,-2,136.46,0
40.063,28.961,0.94364,4.8,137.55,0
40.063,29.441,0,-2,138.64,0
40.232,29.241,0.8953,-2,139.72,0
40.313,29.041,0.94636,4.8,140.83,0
40.405,29.521,0.9796,-2,141.95,0
40.512,29.321,0.97655,-2,143.05,0
40.601,29.121,0.97119,-2,144.19,0
40.691,28.921,0.9552,4.8,145.36,0
40.691,29.401,0,-2,146.51,0
40.881,29.201,0.84913,-2,147.66,0
40.969,29.001,0.8137,4.8,148.84,0
40.969,29.481,0,-2,150.01,0
40.969,29.281,0,-2,151.17,0
41.215,29.081,0.7581,-2,152.4,0
41.292,28.881,0.81994,4.8,153.62,0
41.369,29.361,0.90039,-2,154.85,0
41.467,29.161,0.9665,-2,156.06,0
41.566,28.961,1.0442,4.8,157.32,0
41.667,29.441,1.0949,-2,158.55,0
41.769,29.241,1.1206,-2,159.79,0
41.878,29.041,1.0948,4.8,161.06,0.32041
41.991,29.521,1.0511,-2,162.33,0
41.991,29.321,0,-2,163.59,0
42.2,29.121,0.99139,-2,164.9,0
42.29,28.921,0.95985,4.8,166.22,3.4126
42.388,29.401,0.91624,-2,167.55,0
42.388,29.201,0,-2,168.86,0
42.388,29.001,0,4.8,170.18,0
42.388,29.481,0,-2,171.5,0
42.388,29.281,0,-2,172.8,0
42.753,29.081,0.70853,-2,174.22,0
42.753,28.881,0,4.8,175.6,0
42.918,29.361,1.1462,-2,176.98,0
43.034,29.161,1.2627,-2,178.35,0
43.16,28.961,1.1458,4.8,179.75,14.951
43.269,29.441,0.94027,-2,181.15,0
43.269,29.241,0,-2,182.54,0
43.427,29.041,0.46461,4.8,183.97,9.386
43.427,29.521,0,-2,185.38,0
43.492,29.321,0.20591,-2,186.8,0
43.517,29.121,0.1911,-2,188.22,0
43.517,28.921,0,4.8,189.67,6.7438
43.551,29.401,0.31551,-2,191.12,0
43.589,29.201,0.41174,-2,192.55,0
43.589,29.001,0,4.8,194,6.635
43.689,29.481,0.48291,-2,195.45,0
43.689,29.281,0,-2,196.88,0
