0,0,0.031537,0,35.5,0
0.0013273,0,0.018928,7.8,35.505,73.846
0.0013273,0.78,0,7.8,35.466,79.741
0.0013273,1.56,0,7.8,35.349,85.283
0.0069513,2.34,-0.0043982,7.8,35.139,90.775
0.0013894,3.12,0.0067087,7.8,34.875,96.315
0.008047,3.9,-0.006547,7.8,34.519,101.97
0.0016324,4.68,-0.0035959,7.8,34.098,107.69
0.0016324,5.46,0,7.8,33.591,113.44
0.0085419,6.24,-0.00054991,6.7,33.006,104.98
0.01585,6.91,-0.00051593,6.7,32.355,109.79
0.01585,7.58,0,6.7,31.632,114.66
0.014198,8.25,-0.00974,-0.43514,30.846,34.354
0.014198,8.2065,0,-0.44974,30.025,33.954
0.014198,8.1615,0,-0.46479,29.208,33.534
0.021423,8.115,-0.00928,-0.48106,28.413,33.18
0.020227,8.0669,-0.0052131,-0.49807,27.616,32.675
0.012444,8.0171,0.0022935,-0.51675,26.812,32.137
0.016455,7.9654,0.0010332,-0.53574,26.01,31.638
0.014703,7.9119,0.0043743,-0.55641,25.208,31.085
0.022114,7.8562,0.0026391,-0.57708,24.425,30.538
0.015157,7.7985,0.00076625,-0.59997,23.647,30.044
0.015157,7.7385,0,-0.6246,22.872,29.467
0.015157,7.6761,0,-0.65019,22.103,28.86
-0.0023893,7.611,-0.0083016,-0.67734,21.337,28.723
0.0044148,7.5433,0.0040122,-0.70543,20.573,27.584
0.0044148,7.4728,0,-0.7358,19.823,26.948
0.0044148,7.3992,0,-0.76784,19.08,26.234
0.0009271,7.3224,0.0050203,-0.80191,18.341,25.447
-0.004187,7.2422,0.0052393,-0.83929,17.603,25.214
-0.0012027,7.1583,0.00016638,-0.87713,16.884,24.967
-0.010515,7.0706,0.0030729,-0.91899,16.174,24.712
-0.010515,6.9787,0,-0.96128,15.47,24.442
-0.0012369,6.8825,0.012892,-1.006,14.788,24.105
-0.0012369,6.7819,0,-1.0559,14.105,23.82
-0.0012369,6.6764,0,-1.1068,13.431,23.497
-0.010263,6.5657,0.011241,-1.1621,12.778,23.149
0.00024424,6.4495,0.010785,-1.2172,12.136,17.213
0.00024424,6.3277,0,-1.2825,11.498,16.21
-0.017901,6.1995,-0.0006243,-1.3509,10.859,15.842
-0.011945,6.0644,-0.0087519,-1.4184,10.248,15.428
-0.011945,5.9226,0,-1.4922,9.6479,14.964
-0.011945,5.7733,0,-1.5705,9.0619,14.494
-0.013985,5.6163,-0.013977,-1.6522,8.4842,14.033
-0.013391,5.4511,-0.013734,-1.7387,7.9219,13.511
-0.013391,5.2772,0,-8.8,7.3841,0
-0.013107,4.3972,-0.010255,-8.8,6.8866,0
-0.013107,3.5172,0,-8.8,6.4896,0
-0.011977,2.6372,-0.010799,-8.8,6.1866,0
-0.015926,1.7572,-0.009022,-0.26481,5.9716,9.0311
-0.015926,1.7307,0,-8.8,5.7956,0
-0.015926,0.85073,0,-0.0085714,5.6649,7.6923
-0.014132,0.84987,-0.0042923,-0.0042923,5.5865,7.7049
-0.021933,0.84944,-0.0048683,-0.0048683,5.4998,7.72
-0.01264,0.84896,-0.00598,-8.8,5.4065,0
-0.020044,0,-0.007536,-0.007536,5.3565,5.9748
-0.014746,0,-0.011945,-0.011945,5.3583,5.9639
-0.024801,0,-0.014859,-0.014859,5.3497,5.9845
-0.022567,0,-0.010472,-0.010472,5.339,5.98
-0.025728,0,-0.01174,-0.01174,5.3365,5.9864
-0.018986,0,-0.014482,-0.014482,5.3364,5.9726
-0.018986,0,0,-0.0078097,5.3346,5.9562
-0.018986,0,0,-0.0060173,5.3327,5.96
-0.018986,0,0,-0.011072,5.3309,5.9494
-0.023494,0,-0.0072238,-0.0072238,5.3312,5.9819
-0.017198,0,-0.00089339,-0.00089339,5.3322,5.9689
-0.017198,0,0,0.0024861,5.3304,5.9742
-0.0077699,0.00024861,0.0017102,0.0017102,5.3193,5.9501
-0.0077699,0.00041963,0,0.0088164,5.3185,5.969
-0.003057,0.0013013,0.010296,0.010296,5.3222,5.9426
-0.003057,0.0023308,0,0.015171,5.3217,5.9766
-0.0040647,0.003848,0.013585,0.013585,5.3288,5.9499
-0.010473,0.0052065,0.015503,0.015503,5.3269,5.9658
-0.0086291,0.0067568,0.018967,0.018967,5.3221,5.9652
-0.004073,0.0086535,0.020761,0.020761,5.3118,5.9598
0.0068628,0.01073,0.0221,0.0221,5.3009,0.007936
0.0068628,0.01294,0,0.018703,5.3004,0.052933
0.0068628,0.01481,0,0.018017,5.2997,0.055352
0.0068628,0.016612,0,0.017474,5.2988,0.05794
0.00807,0.018359,0.020403,0.020403,5.308,0.021155
0.00807,0.020399,0,0.014863,5.3068,0.057598
0.015184,0.021886,0.01939,0.01939,5.3101,0.013764
0.015359,0.023825,0.021415,0.021415,5.3169,0.017398
0.018578,0.025966,0.019159,0.019159,5.3092,0.015178
0.010777,0.027882,0.017367,0.017367,5.318,0.035239
0.010777,0.029619,0,0.018941,5.3162,0.080405
0.011811,0.031513,0.016465,0.016465,5.305,0.040619
0.022834,0.033159,0.01444,0.01444,5.3014,0.021231
0.022834,0.034603,0,0.014233,5.3003,0.055036
0.030147,0.036027,0.010033,0.010033,5.3051,0.012075
0.030147,0.03703,0,0.01004,5.3044,0.035659
0.040552,0.038034,0.011032,0.011032,5.3007,0
0.03221,0.039137,0.010135,0.010135,5.2983,0.01423
0.03221,0.040151,0,0.0074143,5.2976,0.032178
0.043211,0.040892,0.01183,0.01183,5.3029,0
0.043211,0.042075,0,0.013539,5.3031,0.026545
0.055229,0.043429,0.018709,0.018709,5.3032,0
0.053944,0.0453,0.017906,0.017906,5.3108,0
0.049935,0.047091,0.01755,0.01755,5.3191,0
0.050764,0.048845,0.012802,0.012802,5.3168,0
0.050764,0.050126,0,0.01168,5.3169,0.023559
0.035838,0.051294,0.00088042,0.00088042,5.305,0.031827
0.043234,0.051382,0.00016493,0.00016493,5.3098,0.016742
0.043234,0.051398,0,-0.0031936,5.3089,0.010027
0.045143,0.051079,-0.0055623,-0.0055623,5.3113,0.012189
0.039389,0.050523,-0.0082817,-0.0082817,5.3031,0.022897
0.039389,0.049694,0,-0.0049978,5.302,0.010624
0.038155,0.049195,-0.0090284,-0.0090284,5.308,0.022705
0.038155,0.048292,0,-0.008123,5.307,0.0037384
0.046944,0.04748,-0.0050658,-0.0050658,5.3151,0.0010978
0.048022,0.046973,-0.0060933,-0.0060933,5.314,0
0.051168,0.046364,-0.0042951,-0.0042951,5.3062,0
0.04082,0.045934,-0.0014446,-0.0014446,5.3021,0.0105
0.04082,0.04579,0,-0.0034777,5.3016,0.0028839
0.050731,0.045442,-0.0069945,-0.0069945,5.2977,0
0.050837,0.044742,-0.0073156,-0.0073156,5.3068,0
0.050837,0.044011,0,-0.010345,5.3074,0
0.064452,0.042976,-0.0076638,-0.0076638,5.3038,0
0.064452,0.04221,0,-0.006099,5.3059,0
0.06816,0.0416,-0.0057311,-0.0057311,5.31,0
0.06816,0.041027,0,-0.006768,5.3126,0
0.058952,0.04035,-0.0050791,-0.0050791,5.3094,0
0.04894,0.039842,-0.0095018,-0.0095018,5.3081,0
0.041903,0.038892,-0.009952,-0.009952,5.2993,0
0.037375,0.037897,-0.0071678,-0.0071678,5.2999,0.0010708
0.037375,0.03718,0,-0.0025177,5.2999,0
0.046158,0.036928,-0.0044675,-0.0044675,5.3025,0
0.041356,0.036482,-0.0016073,-0.0016073,5.2985,0
0.033706,0.036321,-0.0020694,-0.0020694,5.3085,0.0053639
0.028938,0.036114,-2.904e-05,-2.904e-05,5.3165,0.014742
0.031821,0.036111,-0.0034212,-0.0034212,5.3214,0.0088056
0.040796,0.035769,-0.004981,-0.004981,5.3215,0
0.040796,0.035271,0,-0.0062455,5.322,0
0.040796,0.034646,0,-0.0069006,5.3226,0
0.040796,0.033956,0,-0.012067,5.3232,0
0.03643,0.03275,-0.010609,-0.010609,5.3149,0
0.025425,0.031689,-0.0036187,-0.0036187,5.3156,0.012864
0.015554,0.031327,-0.0087991,-0.0087991,5.3096,0.032439
0.022061,0.030447,-0.010834,-0.010834,5.3015,0.01723
0.022061,0.029363,0,-0.011721,5.3007,0
0.0031694,0.028191,-0.013069,-0.013069,5.2926,0.051296
0.0031694,0.026884,0,-0.018253,5.2902,0.010268
0.0013441,0.025059,-0.010687,-0.010687,5.2927,0.048622
-0.0091015,0.02399,-0.0059665,-0.0059665,5.2835,0.067844
-0.0058094,0.023394,-0.0060931,-0.0060931,5.2844,0.059872
-0.0058094,0.022784,0,-0.0083607,5.2815,0.041055
-0.0058094,0.021948,0,-0.0065703,5.2787,0.043103
-0.013142,0.021291,-0.011214,-0.011214,5.2891,0.070593
-0.013142,0.02017,0,-0.0077011,5.2858,0.052113
-0.019174,0.0194,-0.00093529,-0.00093529,5.2736,0.079082
-0.019174,0.019306,0,0.0010702,5.2697,0.081139
-0.019322,0.019413,0.0023347,0.0023347,5.2704,0.079414
-0.01797,0.019647,0.0085495,0.0085495,5.2722,0.07712
-0.01797,0.020502,0,0.0023454,5.2684,0.083801
-0.01797,0.020736,0,-0.00013835,5.2645,0.079063
-0.014965,0.020722,-0.0022288,-0.0022288,5.2699,0.073166
-0.020104,0.0205,-0.001778,-0.001778,5.2727,0.083243
-0.012211,0.020322,-0.0041389,-0.0041389,5.2762,0.066699
-0.022101,0.019908,-0.0026705,-0.0026705,5.2704,0.086123
-0.014992,0.019641,-0.0075603,-0.0075603,5.2607,0.071004
-0.023847,0.018885,-0.001486,-0.001486,5.2645,0.087606
-0.032064,0.018736,-0.0068975,-0.0068975,5.2619,0.10415
-0.022799,0.018046,-0.0014278,-0.0014278,5.2496,0.083739
-0.022799,0.017904,0,-0.0013314,5.2456,0.080648
-0.034224,0.01777,0.0011,0.0011,5.2559,0.10659
-0.038934,0.017881,-0.0022745,-0.0022745,5.2554,0.11648
-0.035922,0.017653,-0.0017224,-0.0017224,5.2556,0.10983
-0.03745,0.017481,-0.01263,-0.01263,5.2537,0.11261
-0.045601,0.016218,-0.015801,-0.015801,5.247,0.12673
-0.045601,0.014638,0,-0.010883,5.2409,0.10063
-0.046449,0.013549,-0.010554,-0.010554,5.2327,0.123
-0.04257,0.012494,-0.0032275,-0.0032275,5.2318,0.11289
-0.034435,0.012171,-0.00073347,-0.00073347,5.2209,0.095549
-0.028749,0.012098,0.0055221,0.0055221,5.223,0.083742
-0.032648,0.01265,-0.0027231,-0.0027231,5.2266,0.092867
-0.032648,0.012378,0,0.000311,5.2221,0.092962
-0.032165,0.012409,-0.0035261,-0.0035261,5.2169,0.091382
-0.040792,0.012056,-0.0037908,-0.0037908,5.205,0.10834
-0.041449,0.011677,-0.0033322,-0.0033322,5.2088,0.10891
-0.042744,0.011344,-0.0025923,-0.0025923,5.2029,0.11089
-0.044742,0.011085,-0.008797,-0.008797,5.1904,0.11445
-0.051982,0.010205,-0.0045159,-0.0045159,5.1755,0.12749
-0.051442,0.0097534,-0.0025339,-0.0025339,5.1761,0.12546
-0.051442,0.0095001,0,-0.0032114,5.17,0.11819
-0.051442,0.0091789,0,0.0008456,5.1639,0.12606
-0.051442,0.0092635,0,0.0030156,5.1578,0.13079
-0.051442,0.009565,0,0.0025882,5.1517,0.13051
-0.051442,0.0098238,0,0.0051404,5.1456,0.1364
-0.063745,0.010338,0.0026379,0.0026379,5.1481,0.15188
-0.063575,0.010602,0.0031742,0.0031742,5.1463,0.15207
-0.063575,0.010919,0,0.0051925,5.1389,0.16363
-0.063575,0.011438,0,0.0022579,5.1314,0.15853
-0.063575,0.011664,0,-0.0031665,5.1239,0.14759
-0.044665,0.011347,0.00020817,0.00020817,5.1407,0.11483
-0.049982,0.011368,-0.0008399,-0.0008399,5.1336,0.12577
-0.044473,0.011284,-0.0016541,-0.0016541,5.1359,0.11431
-0.044473,0.011119,0,-0.0024903,5.1303,0.10874
-0.044473,0.01087,0,0.0015648,5.1247,0.11675
-0.048631,0.011026,-0.0021779,-0.0021779,5.1148,0.1223
-0.05746,0.010809,-0.0020275,-0.0020275,5.1122,0.13996
-0.05746,0.010606,0,-0.0031385,5.1053,0.13295
-0.05746,0.010292,0,-0.0071911,5.0986,0.12379
-0.050035,0.0095729,-0.0065797,-0.0065797,5.0799,0.1222
-0.04918,0.0089149,-0.0059051,-0.0059051,5.081,0.1191
-0.052053,0.0083244,-0.0060686,-0.0060686,5.0671,0.12378
-0.052053,0.0077175,0,0.00038785,5.0611,0.12335
-0.052053,0.0077563,0,0.0010542,5.0552,0.12483
-0.069516,0.0078617,-0.0025481,-0.0025481,5.0549,0.15863
-0.069516,0.0076069,0,0.00031561,5.0471,0.15877
-0.072941,0.0076385,0.0036269,0.0036269,5.0354,0.16519
-0.064941,0.0080012,-0.0025894,-0.0025894,5.0355,0.14954
-0.066519,0.0077422,0.0016302,0.0016302,5.0237,0.15224
-0.066519,0.0079052,0,0.0074757,5.0162,0.16828
-0.065199,0.0086528,0.0090695,-8.8,5,0
-0.062317,0,0.0086855,0.0086855,5.0312,0.12776
-0.062317,0.00086855,0,0.0075583,5.0249,0.14542
-0.054568,0.0016244,0.0079899,0.0079899,5.0222,0.1152
-0.045429,0.0024234,0.0028259,0.0028259,5.012,0.098103
-0.045429,0.002706,0,0.00123,5.0072,0.10127
-0.040085,0.002829,0.003686,0.003686,5.0134,0.08798
-0.040085,0.0031976,0,0.010771,5.0091,0.11137
-0.044895,0.0042747,0.0096601,-8.8,4.9994,0
-0.044895,0,0,0.013746,5.0385,0.12092
-0.031488,0.0013746,0.014179,0.014179,5.0445,0.067374
-0.039633,0.0027925,0.0070177,0.0070177,5.0433,0.086979
-0.031654,0.0034942,0.0017317,0.0017317,5.0421,0.072061
-0.031654,0.0036674,0,0.0019547,5.0386,0.076523
-0.025688,0.0038629,-0.00053697,-0.00053697,5.0262,0.060584
-0.022272,0.0038092,0.0010472,0.0010472,5.0261,0.053471
-0.022272,0.0039139,0,0.001733,5.0235,0.057328
-0.020611,0.0040872,0.0050281,0.0050281,5.0127,0.050636
-0.020611,0.00459,0,-8.8,5.0102,0
-0.018883,0,0.0063512,0.0063512,5.0369,0.038717
-0.018883,0.00063512,0,7.7283e-05,5.035,0.040181
-0.028773,0.00064285,0.0058457,0.0058457,5.0424,0.060308
-0.027056,0.0012274,0.0018785,0.0018785,5.0443,0.057987
-0.026712,0.0014153,-0.0010393,-0.0010393,5.0363,0.057668
-0.026712,0.0013113,0,0.0043563,5.0335,0.066608
-0.022937,0.001747,0.0081848,0.0081848,5.0227,0.050607
-0.022937,0.0025655,0,0.0050545,5.0202,0.062906
-0.020246,0.0030709,0.0092222,-8.8,5.0008,0
-0.020246,0,0,0.01036,5.0425,0.06328
-0.031894,0.001036,0.0057019,0.0057019,5.0254,0.067512
-0.023719,0.0016062,0.005685,0.005685,5.0252,0.051922
-0.032137,0.0021747,0.0090363,0.0090363,5.0185,0.070345
-0.022982,0.0030784,0.0081405,0.0081405,5.0063,0.053429
-0.022982,0.0038924,0,0.0040471,5.0036,0.063602
-0.019425,0.0042971,0.0098654,0.0098654,5.0065,0.048637
-0.022321,0.0052837,0.015705,0.015705,5.0056,0.056596
-0.012602,0.0068542,0.0068119,0.0068119,5.0047,0.039891
-0.015227,0.0075354,0.0041635,-8.8,5.0013,0
-0.0092364,0,0.0069086,0.0069086,5.0442,0.018941
-0.011157,0.00069086,0.0098373,0.0098373,5.0414,0.024293
-0.0019496,0.0016746,0.0042126,0.0042126,5.049,0.0074355
0.0069437,0.0020958,0.014029,0.014029,5.0449,0
0.0053535,0.0034988,0.018507,0.018507,5.0516,0
0.01611,0.0053495,0.018509,0.018509,5.0424,0
0.015264,0.0072003,0.014649,0.014649,5.036,0
0.01217,0.0086652,0.0081766,0.0081766,5.0287,0
0.01217,0.0094829,0,0.0057833,5.0291,0.0066946
0.012693,0.010061,0.0037976,0.0037976,5.0422,0
0.014943,0.010441,0.00071274,0.00071274,5.0442,0
0.017031,0.010512,-0.0037882,-0.0037882,5.0538,0
0.024798,0.010133,0.0036782,0.0036782,5.0486,0
0.021551,0.010501,0.0076262,0.0076262,5.0559,0
0.017916,0.011264,0.00018051,0.00018051,5.0492,0
0.018481,0.011282,0.00099767,0.00099767,5.0577,0
0.018481,0.011382,0,-0.00025238,5.0585,0
0.0076712,0.011356,-0.0037163,-0.0037163,5.0543,0.0075629
0.0076712,0.010985,0,-0.0080257,5.0539,0
0.0076712,0.010182,0,0.00025766,5.0536,0.0056946
-0.010548,0.010208,0.0031723,0.0031723,5.047,0.042555
-0.010548,0.010525,0,0.011621,5.0449,0.067625
-0.010548,0.011687,0,0.015654,5.0427,0.078481
0.0049619,0.013253,0.015017,0.015017,5.0345,0.017037
0.0071297,0.014754,0.01434,0.01434,5.025,0.015665
-0.00057439,0.016188,0.015026,0.015026,5.0195,0.034398
0.010407,0.017691,0.013018,-8.8,5.008,0
0.013984,0,0.013023,0.013023,5.0448,0
0.013984,0.0013023,0,0.010551,5.0461,0
0.015269,0.0023574,0.013427,0.013427,5.032,0
0.015269,0.0037001,0,0.0080853,5.0332,0
0.020918,0.0045086,0.0016262,0.0016262,5.0238,0
0.020918,0.0046712,0,-0.00085168,5.0255,0
0.013566,0.0045861,0.0031957,0.0031957,5.0263,0
0.014215,0.0049056,0.0021222,0.0021222,5.0282,0
0.014215,0.0051179,0,0.061786,5.0291,0.11936
0.016783,0.011296,0.1454,0.1454,5.0243,0
0.021618,0.025836,0.23464,0.23464,5.0316,0.0086573
0.021618,0.0493,0,0.31648,5.03,0.97805
0.021618,0.080948,0,-8.8,5.0257,0
0.10786,0,0.42031,0.42031,5.0863,0
0.14839,0.042031,0.49818,0.49818,5.0875,0
0.19759,0.091849,0.72579,0.72579,5.0884,0
0.19759,0.16443,0,1.1587,5.0954,5.0141
0.19759,0.28029,0,-8.8,5.0929,0
0.56252,0,2.3478,2.3478,5.1735,0
0.78859,0.23478,2.9091,2.9091,5.2329,0
1.0855,0.52569,3.2731,3.2731,5.2865,0
1.4156,0.853,3.3915,-8.8,5.3429,2.821
1.7487,0,3.375,3.375,5.4628,0
1.7487,0.3375,0,3.1568,5.6208,13.824
1.7487,0.65318,0,2.8135,5.7462,12.494
2.676,0.93453,2.4782,4.9,5.9748,4.2634
2.676,1.4245,0,4.9,6.1245,32.035
3.1411,1.9145,2.1479,4.5609,6.2604,6.335
3.3539,2.3706,2.2305,2.5991,6.3706,0
3.5773,2.6305,2.2351,2.1302,6.4621,0
3.8039,2.8435,2.0922,1.9203,6.5503,0
4.0192,3.0356,1.7636,1.7852,6.6404,0
4.0192,3.2141,0,1.6491,6.7299,4.9555
4.31,3.379,0.34649,1.4517,6.846,1.255
4.31,3.5242,0,1.2084,6.9319,2.3875
4.3472,3.645,-0.35917,0.98438,7.0035,3.7288
4.3167,3.7435,-0.76449,0.77426,7.0607,6.1421
4.3167,3.8209,0,0.53896,7.1142,0.32518
4.3167,3.8748,0,0.33704,7.1611,0
4.0049,3.9085,-2.0081,0.12293,7.1732,7.6505
4.0049,3.9208,0,-0.028854,7.1823,0
3.5408,3.9179,-3.2424,-0.099534,7.1466,9.4203
3.2209,3.9079,-3.2862,-0.18299,7.0961,9.7702
3.2209,3.8896,0,-0.26818,7.0283,0.8158
2.622,3.8628,-2.0272,-8.8,6.9045,0
2.622,2.9828,0,-0.12199,6.8244,0.49067
2.3051,2.9706,-0.15498,-0.14335,6.7444,1.6699
2.2947,2.9563,0.43817,-0.14424,6.6737,0.2853
2.3423,2.9419,0.92089,-0.1321,6.6103,0.24344
2.4429,2.9286,1.5223,-0.10781,6.5613,1.3877
2.4429,2.9179,0,-0.0717,6.5133,0.88525
2.8217,2.9107,2.8739,-0.01989,6.5099,7.8994
2.8217,2.9087,0,0.3871,6.5011,1.4178
3.4537,2.9474,3.5645,0.95273,6.5447,5.2894
3.8147,3.0427,3.5646,1.3896,6.608,2.9221
4.1751,3.1816,3.431,1.6797,6.6981,1.1893
4.5258,3.3496,3.3529,1.8527,6.8123,0.36303
4.5258,3.5349,0,1.9321,6.9206,6.0747
5.1786,3.7281,3.3832,1.9774,7.0798,0.21571
5.5186,3.9258,3.3569,2.0292,7.2292,0.064853
5.8561,4.1288,3.4239,2.0631,7.3906,0.29068
6.1903,4.3351,3.4306,2.0866,7.5696,0.37119
6.1903,4.5437,0,2.1217,7.7447,4.5058
6.8757,4.7559,3.1478,2.1393,7.9743,0
6.8757,4.9698,0,2.1281,8.1756,3.4503
6.8757,5.1826,0,2.1109,8.3556,4.2344
7.7636,5.3937,2.658,2.0817,8.6401,0
8.024,5.6019,2.6225,2.0479,8.8868,0
8.2934,5.8067,2.6446,2.0291,9.1343,0
8.5549,6.0096,2.6779,2.0073,9.3762,0
8.8184,6.2103,2.6667,1.9944,9.6332,0
9.0942,6.4098,2.6529,1.9948,9.8978,0
9.3651,6.6092,2.6278,1.9926,10.166,0
9.6293,6.8085,2.63,1.9876,10.442,0
9.8865,7.0073,2.5942,1.9814,10.732,0
9.8865,7.2054,0,1.9831,11.01,0
10.402,7.4037,2.3015,1.9725,11.315,0
10.641,7.6009,2.1947,1.9586,11.608,0
10.871,7.7968,2.2463,1.9417,11.91,0
11.095,7.991,2.3009,1.9258,12.223,0
11.327,8.1836,2.3432,1.9177,12.541,0
11.564,8.3753,2.2675,1.9135,12.859,0
11.792,8.5667,2.2883,1.9044,13.175,0
12.026,8.7571,2.0923,1.9006,13.493,0
12.026,8.9472,0,1.8784,13.81,0
12.405,9.135,1.7298,1.8481,14.15,0
12.586,9.3198,1.7096,1.8214,14.47,0
12.76,9.502,1.4861,1.7936,14.79,0
12.916,9.6813,1.2934,1.7592,15.111,0
13.038,9.8572,1.2926,1.7113,15.44,0
13.038,10.028,0,1.6676,15.75,0
13.306,10.195,1.4832,1.6394,16.073,0
13.451,10.359,1.5874,1.6148,16.39,0
13.606,10.521,1.6788,1.5966,16.699,0
13.777,10.68,1.6709,1.5881,17.009,0
13.947,10.839,1.5016,1.5797,17.312,0
14.092,10.997,1.406,1.5608,17.631,0
14.237,11.153,1.325,1.543,17.946,0
14.376,11.307,1.2655,1.5229,18.246,0
14.376,11.46,0,1.5008,18.545,0
14.376,11.61,0,1.4765,18.83,0
14.75,11.757,1.1041,1.4543,19.171,0
14.868,11.903,1.1276,1.4312,19.471,0
14.868,12.046,0,1.4078,19.761,0
15.099,12.187,1.1401,1.3876,20.059,0
15.219,12.326,1.1377,1.3702,20.344,0
15.343,12.463,1.0935,1.3558,20.634,0
15.447,12.598,1.0987,1.3336,20.928,0
15.551,12.731,1.1305,1.3122,21.209,0
15.666,12.863,1.1133,1.2975,21.485,0
15.779,12.992,1.1076,1.2828,21.757,0
15.881,13.121,1.0824,1.2644,22.041,0
15.98,13.247,1.0044,1.246,22.323,0
15.98,13.372,0,1.2289,22.59,0
16.175,13.495,0.91849,1.2101,22.861,0
16.175,13.616,0,1.1886,23.123,0
16.348,13.735,0.94823,1.1689,23.378,0
16.437,13.851,0.95431,1.1514,23.641,0
16.538,13.967,1.0094,1.1404,23.899,0
16.638,14.081,1.0521,1.1298,24.157,0
16.638,14.194,0,1.1221,24.407,0
16.638,14.306,0,1.1119,24.646,0
16.948,14.417,0.9719,1.1047,24.916,0
17.044,14.527,0.88472,1.0949,25.178,0
17.124,14.637,0.84591,1.0778,25.428,0
17.205,14.745,0.8176,1.0625,25.678,0
17.288,14.851,0.76997,1.0483,25.914,0
17.366,14.956,0.62083,1.0334,26.162,0
17.419,15.059,0.45013,1.0083,26.393,0
17.456,15.16,0.26845,0.97781,26.626,0
17.477,15.258,0.12676,0.94194,26.859,0
17.498,15.352,0.066181,0.90813,27.074,0
17.498,15.443,0,0.87025,27.284,0
17.52,15.53,0.25043,0.8373,27.488,0
17.543,15.614,0.2711,0.8094,27.675,0
17.565,15.694,0.23393,0.78288,27.867,0
17.565,15.773,0,0.75816,28.05,0
17.606,15.849,0.13247,0.7319,28.22,0
17.617,15.922,0.069289,0.70417,28.397,0
17.617,15.992,0,0.67388,28.563,0
17.631,16.06,0.083847,0.65012,28.719,0
17.641,16.125,0.098902,0.62606,28.873,0
17.651,16.187,0.072365,0.60329,29.026,0
17.664,16.247,0.039023,0.58279,29.177,0
17.666,16.306,0.028396,0.55848,29.313,0
17.666,16.362,0.034042,0.53452,29.438,0
17.666,16.415,0,0.51111,29.566,0
17.675,16.466,-0.0023139,0.49378,29.687,0
17.675,16.516,0,0.4699,29.805,0
17.668,16.563,-0.0051885,0.45038,29.926,0
17.665,16.608,0.0087924,0.43025,30.037,0
17.665,16.651,0,0.41085,30.141,0
17.66,16.692,0.020071,0.39343,30.249,0
17.656,16.731,-0.048416,0.37508,30.344,0
17.656,16.769,0,0.35815,30.434,0
17.644,16.804,-0.23758,0.34004,30.535,0
17.619,16.838,-0.34376,0.31594,30.613,0
17.586,16.87,-0.40103,0.28949,30.68,0.30036
17.54,16.899,-0.41677,0.25869,30.753,0.46663
17.493,16.925,-0.46707,0.22931,30.813,0.78291
