16.667,16.667,0.65639,0,35.5,0
16.729,16.667,0.69567,0.029177,35.503,0
16.803,16.67,0.62382,0.06264,35.517,0
16.86,16.676,0.58671,0.086502,35.529,0
16.916,16.684,0.52717,0.10864,35.55,0
16.916,16.695,0,0.13062,35.572,0
17.017,16.708,0.46995,0.1447,35.591,0
17.064,16.723,0.41874,0.15999,35.625,0
17.103,16.739,0.34496,0.1703,35.665,0
17.144,16.756,0.30052,0.18148,35.711,0
17.172,16.774,0.23299,0.18622,35.76,0
17.199,16.793,0.17002,0.18999,35.807,0
17.199,16.812,0,0.18496,35.847,0
17.199,16.83,0,0.18482,35.885,0
17.229,16.849,-0.033608,0.17715,35.924,0
17.216,16.866,-0.14252,0.16258,35.957,0
17.216,16.883,0,0.15156,35.991,0
17.216,16.898,0,0.13949,36.024,0
17.19,16.912,-0.17071,0.12913,36.07,0.1305
17.178,16.925,-0.15215,0.11754,36.099,0.10324
17.171,16.936,-0.10804,0.10906,36.123,0.0015448
17.171,16.947,0,0.10196,36.146,0
17.171,16.958,0,0.094827,36.168,0
17.171,16.967,0,0.083687,36.189,0
17.144,16.975,-0.11378,0.078245,36.21,0.088288
17.125,16.983,-0.14339,0.065557,36.234,0.19956
17.113,16.99,-0.15008,0.057179,36.25,0.23835
17.113,16.995,0,0.051513,36.262,0
17.087,17.001,-0.31605,0.040198,36.263,0.83248
17.087,17.005,0,0.020435,36.272,0
17.019,17.007,-0.42318,0.005723,36.289,1.3602
17.019,17.007,0,-0.0027922,36.29,0
16.934,17.007,-0.4932,-0.0064005,36.28,1.9143
16.88,17.006,-0.49438,-0.011138,36.266,2.0785
16.88,17.005,0,-0.0149,36.254,0.23014
16.88,17.004,0,-0.018652,36.242,0.21822
16.88,17.002,0,-0.023468,36.229,0.20318
16.88,17,0,-0.028421,36.217,0.18696
16.627,16.997,-0.50673,-0.032793,36.149,2.8909
16.584,16.993,-0.4934,-0.036422,36.112,2.9405
16.543,16.99,-0.47029,-0.039779,36.065,2.9233
16.543,16.986,0,-0.043077,36.021,0.88941
16.453,16.981,-0.43603,-0.047262,35.977,2.9842
16.414,16.977,-0.44466,-0.050443,35.917,3.1394
16.361,16.972,-0.43412,-0.054816,35.857,3.2266
16.323,16.966,-0.44641,-0.057978,35.789,3.4036
16.323,16.96,0,-0.061068,35.725,1.329
16.323,16.954,0,-0.064494,35.662,1.3019
16.194,16.948,-0.47295,-0.068418,35.592,3.9194
16.194,16.941,0,-0.072118,35.517,1.5817
16.09,16.934,-0.53584,-0.077083,35.445,4.6377
16.04,16.926,-0.57405,-0.081155,35.365,5.0522
15.993,16.918,-0.58211,-0.085127,35.268,5.2505
15.993,16.909,0,-0.089932,35.176,1.9894
15.866,16.9,-0.62707,-0.095923,35.068,5.9855
15.795,16.891,-0.7021,-0.10213,34.962,6.8341
15.795,16.881,0,-0.10817,34.853,2.41
15.644,16.87,-0.84468,-0.11534,34.725,8.6584
15.558,16.858,-0.89342,-0.123,34.604,9.4642
15.459,16.846,-0.92857,-0.13191,34.473,10.207
15.361,16.833,-0.92525,-0.14079,34.328,10.536
15.265,16.819,-0.91041,-0.14955,34.186,10.728
15.164,16.804,-0.90054,-0.15887,34.022,10.988
15.164,16.788,0,-0.16804,33.859,3.8409
15.164,16.771,0,-0.17567,33.697,3.7495
15.164,16.754,0,-0.18452,33.538,3.6509
14.795,16.735,-1.0051,-0.19396,33.3,13.525
14.698,16.716,-1.0813,-0.20337,33.104,14.84
14.591,16.695,-1.1483,-0.21407,32.894,16.145
14.477,16.674,-1.1614,-0.22565,32.675,16.761
14.367,16.651,-1.1823,-0.23701,32.447,17.468
14.367,16.628,0,-0.2492,32.219,5.6637
14.367,16.603,0,-0.26206,31.995,5.5024
14.001,16.577,-1.2246,-0.27592,31.734,19.473
14.001,16.549,0,-0.29028,31.477,6.5164
13.752,16.52,-1.1714,-0.30398,31.188,19.562
13.628,16.49,-0.81736,-0.31824,30.911,15.194
13.543,16.458,-0.35776,-0.32868,30.616,10.56
13.5,16.425,0.10463,-0.33433,30.326,7.0418
13.5,16.391,0,-0.33281,30.036,7.6097
13.582,16.358,0.94805,-0.32599,29.756,3.0259
13.685,16.326,1.0458,-0.3142,29.481,2.5653
13.797,16.294,1.0483,-0.30059,29.234,2.3153
13.797,16.264,0,-0.28757,28.985,6.221
14.017,16.235,1.0611,-0.27314,28.772,1.8631
14.124,16.208,1.0852,-0.25933,28.552,1.6484
14.242,16.182,1.2166,-0.24393,28.347,1.401
14.242,16.158,0,-0.22671,28.154,4.5478
14.507,16.135,1.5727,-0.20822,28,1.3651
14.658,16.114,1.7827,-0.18778,27.842,1.687
14.84,16.095,1.9737,-0.16289,27.71,2.195
15.045,16.079,2.0935,-0.13492,27.601,2.6854
15.26,16.066,2.1584,-0.10565,27.5,3.1044
15.483,16.055,2.2171,-0.075305,27.431,3.5864
15.705,16.048,2.2362,-0.0452,27.393,3.9626
15.937,16.043,2.266,-0.013956,27.371,4.456
16.162,16.042,2.2157,0.047949,27.369,4.3365
16.162,16.046,0,0.13007,27.381,0.048958
16.162,16.059,0,0.20942,27.392,0.29071
16.162,16.08,0,0.28795,27.401,0.584
17.004,16.109,1.6104,0.35553,27.604,1.2888
17.168,16.145,1.2407,0.4062,27.704,0
17.286,16.185,0.80302,0.43652,27.803,0
17.369,16.229,0.32773,0.45165,27.908,0
17.369,16.274,0,0.44697,28.02,0
17.369,16.319,0,0.43004,28.127,0
17.366,16.362,-0.43521,0.39666,28.225,0.012385
17.366,16.401,0,0.36472,28.323,0
17.366,16.438,0,0.32293,28.418,0
17.185,16.47,-0.82075,0.28102,28.464,2.5333
17.097,16.498,-1.0321,0.23527,28.526,4.37
16.987,16.522,-1.209,0.18282,28.57,6.2956
16.987,16.54,0,0.12582,28.616,0
16.987,16.553,0,0.068745,28.66,0
16.574,16.56,-1.486,0.0057639,28.655,10.477
16.574,16.56,0,-0.016704,28.656,0
16.294,16.559,-1.3816,-0.033535,28.636,10.325
16.294,16.555,0,-0.050909,28.61,0.44301
16.027,16.55,-1.2157,-0.066642,28.546,9.4141
15.898,16.543,-1.2355,-0.082407,28.492,10.175
15.898,16.535,0,-0.096249,28.428,1.2147
15.64,16.526,-1.4072,-0.11404,28.329,13.526
15.491,16.514,-1.4729,-0.13235,28.236,15.148
15.491,16.501,0,-0.15074,28.134,2.028
15.18,16.486,-1.6725,-0.17071,28.022,19.868
15.019,16.469,-1.7825,-0.19082,27.885,22.683
15.019,16.45,0,-0.21258,27.741,3.0227
15.019,16.428,0,-0.23867,27.599,2.8498
14.419,16.405,-2.2826,-0.26826,27.382,37.451
14.419,16.378,0,-0.29724,27.184,4.3483
14.419,16.348,0,-0.32948,26.99,4.0957
13.709,16.315,-2.4331,-0.36459,26.712,45.365
13.464,16.279,-2.4167,-0.3994,26.446,46.004
13.222,16.239,-2.5718,-0.43462,26.161,52.096
12.96,16.195,-2.5228,-0.47434,25.842,51.628
12.707,16.148,-2.4787,-0.51348,25.514,51.255
12.453,16.096,-2.554,-0.55464,25.158,54.74
12.453,16.041,0,-0.59853,24.796,8.7844
12.453,15.981,0,-0.64525,24.441,8.2517
12.453,15.917,0,-0.69428,24.091,7.7029
11.38,15.847,-2.7328,-0.7466,23.532,64.822
11.114,15.772,-2.8014,-0.80049,23.066,68.141
10.843,15.692,-2.8024,-0.85766,22.593,68.883
10.559,15.607,-2.6673,-0.92012,22.104,64.577
10.559,15.515,0,-0.98562,21.604,12.053
10.04,15.416,-2.1833,-1.0476,21.059,50.077
9.8183,15.311,-1.6202,-1.1097,20.51,36.453
9.6649,15.2,-0.95008,-1.1613,19.951,24.268
9.5709,15.084,-0.29148,-1.2025,19.389,15.68
9.5423,14.964,0.36198,-1.229,18.843,9.8287
9.5822,14.841,0.84521,-1.2388,18.309,6.8122
9.66,14.717,1.122,-1.2381,17.788,5.4279
9.7642,14.593,1.3045,-1.2279,17.29,4.6328
9.9017,14.471,1.499,-1.2042,16.824,4.0729
9.9017,14.35,0,-1.1735,16.373,8.719
10.212,14.233,1.925,-1.135,15.964,3.8463
10.212,14.119,0,-1.0816,15.567,7.1938
10.212,14.011,0,-1.0151,15.182,7.1567
10.212,13.91,0,-0.94015,14.807,7.1916
10.212,13.816,0,-0.86133,14.442,7.278
10.212,13.73,0,-0.78142,14.086,7.4038
10.212,13.651,0,-0.70134,13.738,7.5658
10.212,13.581,0,-0.62216,13.398,7.7589
11.939,13.519,2.0759,-0.53926,13.758,3.8888
11.939,13.465,0,-0.45417,13.603,2.374
12.356,13.42,2.0212,-0.37236,13.483,3.6248
12.56,13.382,2.0219,-0.29084,13.381,3.5936
12.764,13.353,2.0185,-0.20945,13.319,3.5388
12.764,13.332,0,-0.13318,13.261,0.93653
12.764,13.319,0,-0.053921,13.205,1.1383
13.368,13.314,1.9003,0.015494,13.242,2.9311
13.557,13.315,1.837,0.068704,13.247,2.7069
13.733,13.322,1.7828,0.11691,13.29,2.5157
13.902,13.334,1.7322,0.16212,13.335,2.3363
14.077,13.35,1.7033,0.20792,13.408,2.2505
14.239,13.371,1.7035,0.24879,13.489,2.2902
14.239,13.396,0,0.29031,13.574,0
14.578,13.425,1.6822,0.33275,13.692,2.2769
14.746,13.458,1.6711,0.37308,13.815,2.2656
14.912,13.495,1.6668,0.41214,13.955,2.2845
15.069,13.537,1.6285,0.4478,14.102,2.1316
15.241,13.581,1.6141,0.48696,14.259,2.0981
15.401,13.63,1.6198,0.52225,14.431,2.1562
15.554,13.682,1.6106,0.55435,14.606,2.1366
15.718,13.738,1.6182,0.58918,14.796,2.2036
15.87,13.797,1.6218,0.61993,14.993,2.2447
15.87,13.859,0,0.65235,15.197,0
15.87,13.924,0,0.68157,15.395,0
15.87,13.992,0,0.71105,15.587,0
15.87,14.063,0,0.74124,15.771,0
15.87,14.137,0,0.77169,15.948,0
16.819,14.214,1.6554,0.8023,16.4,2.5221
16.978,14.295,1.6405,0.8304,16.662,2.4465
16.978,14.378,0,0.86023,16.926,0
16.978,14.464,0,0.88618,17.182,0
17.463,14.552,1.4933,0.91295,17.493,1.6406
17.611,14.644,1.4788,0.93494,17.787,1.5522
17.611,14.737,0,0.9569,18.079,0
17.917,14.833,1.4499,0.9802,18.397,1.3737
18.069,14.931,1.4586,1.001,18.704,1.4114
18.216,15.031,1.4618,1.0196,19.017,1.4169
18.216,15.133,0,1.0405,19.331,0
18.518,15.237,1.4238,1.058,19.67,1.1814
18.518,15.343,0,1.0758,19.993,0
18.799,15.45,1.4128,1.0871,20.339,1.0862
18.939,15.559,1.4277,1.1005,20.679,1.1503
19.076,15.669,1.4726,1.1122,21.02,1.3812
19.076,15.78,0,1.1234,21.355,0
19.359,15.893,1.5309,1.1371,21.704,1.686
19.521,16.006,1.5267,1.1561,22.062,1.654
19.521,16.122,0,1.1678,22.407,0
19.813,16.239,1.4991,1.1811,22.781,1.4728
19.813,16.357,0,1.1972,23.133,0
20.129,16.477,1.5079,1.2112,23.504,1.5145
20.29,16.598,1.5196,1.2262,23.869,1.5808
20.434,16.72,1.5775,1.2348,24.237,1.9134
20.582,16.844,1.601,1.2444,24.6,2.0523
20.741,16.968,1.5933,1.2569,24.968,2.0105
20.741,17.094,0,1.2693,25.339,0
20.741,17.221,0,1.2797,25.698,0
20.741,17.349,0,1.2905,26.044,0
20.741,17.478,0,1.3008,26.376,0
20.741,17.608,0,1.3077,26.696,0
21.675,17.739,1.5632,1.317,27.268,1.8488
21.828,17.87,1.5724,1.3243,27.655,1.9109
21.991,18.003,1.5789,1.3352,28.052,1.9597
22.144,18.136,1.5749,1.3415,28.445,1.943
22.144,18.27,0,1.3475,28.839,0
22.144,18.405,0,1.3544,29.22,0
22.605,18.541,1.5665,1.3612,29.658,1.9136
22.605,18.677,0,1.3646,30.058,0
22.917,18.813,1.5584,1.3736,30.467,1.8874
23.08,18.951,1.5306,1.3815,30.87,1.7357
23.234,19.089,1.5281,1.3865,31.279,1.7335
23.234,19.227,0,1.3905,31.687,0
23.545,19.366,1.656,1.396,32.104,2.5575
23.713,19.506,1.5751,1.4048,32.521,2.071
23.878,19.647,1.5462,1.4123,32.943,1.9111
24.038,19.788,1.5616,1.4179,33.365,2.0257
24.038,19.93,0,1.4227,33.783,0
24.038,20.072,0,1.4234,34.187,0
24.493,20.214,1.6075,1.4249,34.658,2.354
24.493,20.357,0,1.4324,35.079,0
24.826,20.5,1.5778,1.4379,35.512,2.2178
24.982,20.644,1.5135,1.4409,35.947,1.8341
24.982,20.788,0,1.4437,36.373,0
24.982,20.932,0,1.4442,36.786,0
25.44,21.077,1.503,1.4453,37.262,1.8199
25.6,21.221,1.4809,1.449,37.706,1.7031
25.6,21.366,0,1.4467,38.136,0
25.892,21.511,1.4088,1.4463,38.57,1.2981
26.028,21.655,1.4546,1.4417,39,1.5917
26.178,21.799,1.4671,1.4423,39.447,1.6855
26.317,21.944,1.4528,1.4388,39.889,1.6094
26.317,22.088,0,1.4407,40.319,0
26.317,22.232,0,1.4409,40.735,0
26.772,22.376,1.4401,1.4413,41.206,1.5959
26.91,22.52,1.437,1.4369,41.638,1.5929
27.046,22.664,1.4268,1.4327,42.081,1.5426
27.195,22.807,1.4327,1.4329,42.525,1.599
27.335,22.95,1.438,1.4301,42.965,1.6486
27.477,23.093,1.4109,1.4279,43.403,1.4998
27.477,23.236,0,1.4279,43.834,0
27.477,23.379,0,1.4239,44.251,0
27.906,23.521,1.4411,1.4231,44.74,1.7394
28.041,23.663,1.4122,1.4189,45.186,1.5731
28.173,23.805,1.3981,1.4138,45.632,1.497
28.173,23.947,0,1.4108,46.062,0
28.448,24.088,1.3981,1.4072,46.493,1.5357
28.582,24.228,1.373,1.403,46.925,1.3977
28.582,24.369,0,1.402,47.354,0
28.582,24.509,0,1.4012,47.768,0
29.005,24.649,1.3517,1.3978,48.243,1.3245
29.144,24.789,1.3215,1.3957,48.683,1.1595
29.283,24.928,1.3227,1.3932,49.111,1.1871
29.42,25.068,1.3089,1.3905,49.549,1.1215
29.42,25.207,0,1.3858,49.977,0
29.67,25.345,1.3104,1.3781,50.425,1.1511
29.807,25.483,1.3528,1.3755,50.852,1.4289
29.934,25.621,1.3275,1.3704,51.293,1.2853
30.065,25.758,1.2916,1.3664,51.719,1.0851
30.189,25.894,1.3029,1.3606,52.156,1.1635
30.189,26.03,0,1.3593,52.579,0
30.463,26.166,1.2887,1.3569,53.001,1.1196
30.599,26.302,1.3134,1.355,53.438,1.2862
30.599,26.438,0,1.3515,53.861,0
30.853,26.573,1.3386,1.346,54.291,1.4689
30.994,26.707,1.2958,1.3461,54.72,1.2305
30.994,26.842,0,1.343,55.142,0
30.994,26.976,0,1.3398,55.551,0
31.39,27.11,1.3468,1.3377,55.993,1.5977
31.39,27.244,0,1.3348,56.414,0
31.645,27.377,1.3596,1.3301,56.845,1.7076
31.791,27.51,1.3909,1.3321,57.267,1.9332
31.939,27.644,1.3753,4.8,57.705,0.8634
32.07,28.124,1.4034,1.1993,58.111,2.0524
32.22,28.244,1.444,4.8,58.514,1.6393
32.362,28.724,1.4257,1.0801,58.903,2.1978
32.362,28.832,0,4.8,59.261,17.306
32.362,29.312,0,0.96749,59.59,0
32.362,29.408,0,0.97696,59.89,0
32.914,29.506,1.3759,-2,60.278,126.38
32.914,29.306,0,-2,60.629,161.4
32.914,29.106,0,-2,61,190.36
32.914,28.906,0,4.8,61.39,14.6
33.51,29.386,1.4009,-2,61.886,175.81
33.648,29.186,1.3391,-2,62.316,208.92
33.648,28.986,0,4.8,62.772,11.006
33.648,29.466,0,-2,63.214,267.53
34.029,29.266,1.2094,-2,63.711,251.4
34.145,29.066,0.8799,-2,64.198,344.13
34.145,28.866,0,4.8,64.715,7.7455
34.263,29.346,-0.33002,-2,65.235,2591.2
34.233,29.146,-0.87948,-2,65.726,0
34.139,28.946,-1.2094,4.8,66.246,25.791
34.018,29.426,-1.2027,-2,66.744,0
33.891,29.226,-1.1676,-2,67.212,0
33.768,29.026,-1.5304,4.8,67.682,35.554
33.615,29.506,-2.145,-2,68.126,0
33.392,29.306,-3.115,-2,68.535,0
33.076,29.106,-4.2187,-2,68.939,0
32.658,28.906,-5.1052,4.8,69.318,223.91
32.14,29.386,-5.5847,-2,69.644,0
31.578,29.186,-5.6974,-2,69.906,0
31.014,28.986,-5.56,4.8,70.124,268.58
31.014,29.466,0,-2,70.303,38.337
31.014,29.266,0,-2,70.468,43.763
29.419,29.066,-5.0212,-2,70.411,0
28.915,28.866,-4.9036,4.8,70.436,217.87
28.419,29.346,-4.6719,-2,70.397,0
27.959,29.146,-4.282,-2,70.286,0
27.536,28.946,-3.7603,4.8,70.154,161.22
27.165,29.426,-3.2471,-2,69.968,58.596
26.838,29.226,-2.8745,-2,69.729,37.014
26.551,29.026,-2.6132,4.8,69.479,122.63
26.551,29.506,0,-2,69.208,2.7458
26.053,29.306,-2.2236,-2,68.88,22.337
26.053,29.106,0,-2,68.565,2.7926
26.053,28.906,0,4.8,68.269,57.761
26.053,29.386,0,-2,67.96,3.0134
26.053,29.186,0,-2,67.636,2.8427
25.447,28.986,0.49792,4.8,67.119,53.467
25.496,29.466,0.90831,-2,66.751,4.1175
25.585,29.266,1.0127,-2,66.373,4.5302
25.687,29.066,1.1456,-2,66.024,5.3758
25.687,28.866,0,4.8,65.696,59.967
25.687,29.346,0,-2,65.354,3.4199
25.687,29.146,0,-2,64.999,3.1515
25.687,28.946,0,4.8,64.663,60.512
26.446,29.426,2.153,-2,64.468,12.15
26.66,29.226,2.2271,-2,64.182,14.77
26.877,29.026,2.2542,4.8,63.95,22.218
27.095,29.506,2.2581,-2,63.717,15.902
27.317,29.306,2.2434,-2,63.506,18.51
27.549,29.106,2.2315,-2,63.334,21.676
27.549,28.906,0,4.8,63.188,47.74
28.005,29.386,2.3273,-2,63.092,24.109
28.005,29.186,0,-2,62.964,5.5187
28.467,28.986,2.3488,4.8,62.892,13.705
28.703,29.466,2.3581,-2,62.837,30.571
28.948,29.266,2.3534,-2,62.776,35.819
28.948,29.066,0,-2,62.754,12.15
28.948,28.866,0,4.8,62.753,38.364
29.669,29.346,2.5007,-2,62.868,46.805
29.669,29.146,0,-2,62.91,19.182
29.669,28.946,0,4.8,62.973,34.28
30.422,29.426,2.4816,-2,63.16,58.57
30.422,29.226,0,-2,63.27,30.348
30.422,29.026,0,4.8,63.399,30.064
31.165,29.506,2.5049,-2,63.606,73.542
31.411,29.306,2.5068,-2,63.788,85.408
31.657,29.106,2.4957,-2,64.031,99.05
31.657,28.906,0,4.8,64.296,21.847
31.657,29.386,0,-2,64.547,61.931
32.395,29.186,2.5624,-2,64.891,124.38
32.647,28.986,2.6474,4.8,65.24,0
32.909,29.466,2.7682,-2,65.605,136.23
33.185,29.266,2.9055,-2,65.978,159.88
33.484,29.066,2.9669,-2,66.402,188.04
33.484,28.866,0,4.8,66.854,11.243
34.09,29.346,2.9326,-2,67.352,209.49
34.379,29.146,2.8552,-2,67.853,248.56
34.379,28.946,0,4.8,68.387,6.9488
34.954,29.426,2.7259,-2,68.964,279.73
34.954,29.226,0,-2,69.527,0
35.494,29.026,2.5303,4.8,70.157,0
35.753,29.506,2.4351,-2,70.785,394.34
36.004,29.306,2.3697,-2,71.43,499.46
36.243,29.106,2.3201,-2,72.132,649.68
36.479,28.906,2.3024,4.8,72.86,0
36.703,29.386,2.2709,-2,73.611,746.15
36.703,29.186,0,-2,74.352,0
37.143,28.986,2.1793,4.8,75.156,0
37.143,29.466,0,-2,75.948,0
37.58,29.266,2.0358,-2,76.766,2763.1
37.58,29.066,0,-2,77.608,0
37.987,28.866,2.0317,4.8,78.526,0
38.192,29.346,1.9901,-2,79.423,0
38.39,29.146,1.8768,-2,80.324,0
38.39,28.946,0,4.8,81.258,0
38.749,29.426,1.8015,-2,82.223,0
38.921,29.226,1.7952,-2,83.168,0
38.921,29.026,0,4.8,84.148,0
38.921,29.506,0,-2,85.113,0
39.466,29.306,1.9861,-2,86.135,0
39.66,29.106,2.0024,-2,87.17,0
39.66,28.906,0,4.8,88.236,0
39.66,29.386,0,-2,89.287,0
39.66,29.186,0,-2,90.325,0
40.473,28.986,2.043,4.8,91.551,0
40.668,29.466,2.0517,-2,92.679,0
40.668,29.266,0,-2,93.809,0
41.095,29.066,2.1241,-2,95,0
41.315,28.866,2.0523,4.8,96.229,6.2125
41.529,29.346,1.9529,-2,97.456,0
41.529,29.146,0,-2,98.685,0
41.925,28.946,1.8357,4.8,99.987,8.694
42.113,29.426,1.7738,-2,101.27,0
42.298,29.226,1.7933,-2,102.54,0
42.471,29.026,1.8627,4.8,103.87,13.807
42.652,29.506,1.8891,-2,105.2,0
42.845,29.306,1.8706,-2,106.54,0
42.845,29.106,0,-2,107.9,0
43.205,28.906,1.9148,4.8,109.32,25.792
43.396,29.386,1.9088,-2,110.73,0
43.59,29.186,1.8868,-2,112.15,0
43.77,28.986,1.8463,4.8,113.62,33.149
43.77,29.466,0,-2,115.07,0
44.124,29.266,1.7054,-2,116.55,0
44.293,29.066,1.6629,-2,118.05,0
44.463,28.866,1.5854,4.8,119.59,47.293
44.463,29.346,0,-2,121.13,0
44.771,29.146,1.3861,-2,122.68,0
44.911,28.946,1.2486,4.8,124.26,53.133
45.036,29.426,1.1159,-2,125.84,0
45.149,29.226,1.0273,-2,127.42,0
45.246,29.026,0.96894,4.8,129.03,58.061
45.342,29.506,0.90536,-2,130.62,0
45.432,29.306,0.86823,-2,132.22,0
45.432,29.106,0,-2,133.85,0
45.605,28.906,0.83387,4.8,135.52,75.997
45.696,29.386,0.81288,-2,137.16,0
45.696,29.186,0,-2,138.81,0
45.696,28.986,0,4.8,140.47,72.678
45.923,29.466,0.81311,-2,142.16,0
45.998,29.266,0.78161,-2,143.81,0
45.998,29.066,0,-2,145.5,0
46.15,28.866,0.75161,4.8,147.22,108.26
46.22,29.346,0.74772,-2,148.93,0
46.22,29.146,0,-2,150.63,0
46.357,28.946,0.78604,4.8,152.36,116.87
46.357,29.426,0,-2,154.08,0
46.513,29.226,0.78942,-2,155.8,0
46.513,29.026,0,4.8,157.53,139.55
46.666,29.506,0.77965,-2,159.29,0
46.739,29.306,0.77797,-2,161.02,0
46.739,29.106,0,-2,162.77,0
46.909,28.906,0.82145,4.8,164.56,168.21
46.909,29.386,0,-2,166.34,0
