0,0,-0.010802,0,35.5,0.022698
0,0,0,7.8,35.5,59.103
-0.0085802,0.78,-0.007981,7.8,35.475,60.736
-0.0067849,1.56,-0.0031986,7.8,35.365,62.321
-0.0067849,2.34,0,7.8,35.169,63.913
-0.0095505,3.12,-0.0096457,7.8,34.881,65.538
-0.0017205,3.9,-0.0067645,7.8,34.538,67.115
-0.00036175,4.68,-0.0029229,7.8,34.105,68.703
-0.00036175,5.46,0,7.8,33.598,70.296
-0.011691,6.24,-0.0058041,6.7,33.027,69.619
-0.015498,6.91,-0.0074897,6.7,32.375,71.004
-0.013971,7.58,-0.010384,6.7,31.644,72.381
-0.015087,8.25,-0.0060718,-0.43647,30.855,58.752
-0.015087,8.2064,0,-0.45102,30.031,58.619
-0.015087,8.1613,0,-0.46632,29.211,58.494
-0.015087,8.1146,0,-0.48315,28.396,58.363
-0.023861,8.0663,-0.001244,-0.50068,27.617,58.248
-0.023861,8.0162,0,-0.51849,26.81,58.105
-0.0067316,7.9644,-0.0043206,-0.53691,26.018,57.934
-0.0067316,7.9107,0,-0.55741,25.223,57.772
-0.0094204,7.855,-0.00049189,-0.5788,24.435,57.62
-0.017365,7.7971,-0.0014523,-0.60229,23.646,57.47
-0.014375,7.7368,-0.0017273,-0.62627,22.864,57.29
-0.014375,7.6742,0,-0.65236,22.092,57.104
-0.014375,7.609,0,-0.68037,21.326,56.911
-0.014375,7.5409,0,-0.70902,20.567,56.711
-0.014375,7.47,0,-0.73894,19.815,56.503
-0.015123,7.3961,-0.0043733,-0.77007,19.06,56.297
-0.013438,7.3191,-0.0058041,-0.80381,18.326,56.068
-0.013438,7.2388,0,-0.84173,17.596,55.811
-0.031867,7.1546,-0.0093962,-0.88152,16.866,55.612
-0.031867,7.0664,0,-0.92231,16.152,55.326
-0.030429,6.9742,-0.0068078,-0.96623,15.447,55.056
-0.027446,6.8776,-0.003221,-1.012,14.755,54.748
-0.027446,6.7764,0,-1.06,14.07,54.433
-0.027446,6.6704,0,-1.1144,13.395,54.102
-0.027311,6.5589,-0.0022446,-1.1711,12.723,53.759
-0.035841,6.4418,-0.0029121,-1.2305,12.08,53.412
-0.036587,6.3188,-0.0031489,-1.294,11.437,53.029
-0.0294,6.1894,-0.00075773,-1.3587,10.811,52.608
-0.025375,6.0535,-0.00454,-1.4283,10.196,52.183
-0.018416,5.9107,0.002172,-1.5009,9.5946,51.709
-0.018416,5.7606,0,-1.5796,9.0092,51.241
-0.018416,5.6026,0,-1.6606,8.4391,50.746
-0.022234,5.4366,0.0024211,-1.7485,7.8762,50.224
-0.018583,5.2617,0.0026601,-8.8,7.3324,35.041
-0.021498,4.3817,-0.0021419,-8.8,6.8452,33.253
-0.021498,3.5017,0,-8.8,6.4489,31.444
-0.012502,2.6217,0.0033579,-8.8,6.1531,29.615
-0.0044865,1.7417,0.0050435,-0.26048,5.9413,45.735
-0.0044865,1.7157,0,-8.8,5.768,27.748
0.010488,0.83567,0.0073911,0.0073911,5.6403,2.0667
0.010488,0.83641,0,0.0090527,5.5577,2.1052
0.022083,0.83732,0.0085823,0.0085823,5.4745,2.0375
0.030955,0.83818,0.010458,-8.8,5.4001,0
0.039491,0,0.0094977,0.0094977,5.3537,0
0.042917,0.00094977,0.013339,0.013339,5.3601,0
0.042917,0.0022837,0,0.019107,5.3643,0
0.042917,0.0041944,0,0.021988,5.3682,0
0.047778,0.0063932,0.019877,0.019877,5.3765,0
0.043785,0.0083809,0.022033,0.022033,5.3893,0
0.043785,0.010584,0,0.022755,5.3928,0
0.053205,0.01286,0.018673,0.018673,5.3977,0
0.055354,0.014727,0.010754,0.010754,5.4079,0
0.057159,0.015802,0.0097937,0.0097937,5.421,0
0.057159,0.016782,0,0.0095585,5.4251,0
0.057159,0.017738,0,0.0047603,5.429,0
0.057159,0.018214,0,0.000935,5.433,0
0.057159,0.018307,0,0.0026252,5.4369,0
0.060168,0.01857,-2.0818e-05,-2.0818e-05,5.4301,0
0.064881,0.018568,-0.0064888,-0.0064888,5.4326,0
0.064881,0.017919,0,-0.00888,5.4372,0
0.064881,0.017031,0,-0.009602,5.442,0
0.070482,0.01607,-0.012723,-0.012723,5.4544,0
0.070482,0.014798,0,-0.011763,5.4599,0
0.056396,0.013622,-0.0086461,-0.0086461,5.4724,0
0.04749,0.012757,-0.0093713,-0.0093713,5.477,0
0.037856,0.01182,-0.010862,-0.010862,5.4865,0
0.039139,0.010734,-0.0060795,-0.0060795,5.4949,0
0.030039,0.010126,-0.0051191,-0.0051191,5.5042,0
0.030554,0.0096141,-0.0036883,-0.0036883,5.5046,0
0.021233,0.0092453,-0.0070595,-0.0070595,5.5068,0
0.011215,0.0085393,-0.0072341,-0.0072341,5.5103,0
0.020141,0.0078159,-0.011056,-0.011056,5.5132,0
0.021447,0.0067103,-0.011291,-0.011291,5.5187,0
0.021447,0.0055812,0,-0.0086862,5.5202,0
0.022546,0.0047126,-0.005805,-0.005805,5.5141,0
0.019481,0.0041321,-0.0072807,-0.0072807,5.5093,0
0.019481,0.003404,0,-0.0053599,5.5109,0
0.031696,0.002868,-0.0032039,-0.0032039,5.5068,0
0.037179,0.0025476,-0.0072594,-0.0072594,5.5127,0
0.038832,0.0018217,-0.0034178,-0.0034178,5.5243,0
0.044929,0.0014799,-0.0034129,-0.0034129,5.5283,0
0.03814,0.0011386,-0.0096653,-0.0096653,5.5384,0
0.044224,0.00017206,-0.013742,-0.013742,5.5496,0
0.033957,0,-0.012527,-0.012527,5.5517,0
0.030099,0,-0.012292,-0.012292,5.5633,0
0.027975,0,-0.011529,-0.011529,5.5616,0
0.019233,0,-0.0064983,-0.0064983,5.5701,0
0.02021,0,-0.0024215,-0.0024215,5.5681,0
0.021188,0,-0.0059915,-0.0059915,5.5721,0
0.026481,0,-0.0043059,-0.0043059,5.5655,0
0.025525,0,0.0009286,0.0009286,5.5624,0
0.025525,9.286e-05,0,0.0038167,5.5649,0
0.0099951,0.00047453,0.0016607,0.0016607,5.5773,0
0.011789,0.00064059,0.0021143,0.0021143,5.5781,0
0.011789,0.00085202,0,-0.00071919,5.5792,0
0.01232,0.0007801,-0.001848,-0.001848,5.5629,0
0.01232,0.0005953,0,7.2828e-05,5.564,0
0.01232,0.00060259,0,0.0055804,5.5652,0
0.01232,0.0011606,0,0.0096572,5.5663,0
0.01232,0.0021264,0,0.012961,5.5674,0.0064989
0.018489,0.0034225,0.012894,0.012894,5.5601,0
0.017423,0.0047119,0.012375,0.012375,5.5586,0
0.017423,0.0059494,0,0.0071028,5.5598,0
0.016205,0.0066597,0.0092588,0.0092588,5.564,0
0.025835,0.0075856,0.0087884,0.0087884,5.5573,0
0.019232,0.0084644,0.010944,0.010944,5.5601,0
0.019232,0.0095588,0,0.012424,5.5612,0.0064257
0.019232,0.010801,0,0.015305,5.5621,0.015192
0.019232,0.012332,0,0.016058,5.5628,0.020001
0.025351,0.013937,0.016783,0.016783,5.5541,0
0.034197,0.015616,0.018265,0.018265,5.5622,0
0.039705,0.017442,0.0093857,0.0093857,5.5695,0
0.040537,0.018381,0.0072297,0.0072297,5.563,0
0.040537,0.019104,0,0.0033496,5.5652,0
0.041254,0.019439,0.0040769,0.0040769,5.5559,0
0.048093,0.019846,0.0018897,0.0018897,5.5522,0
0.052356,0.020035,0.010043,0.010043,5.5521,0
0.044951,0.02104,0.011239,0.011239,5.5485,0
0.041488,0.022164,0.012446,0.012446,5.5603,0
0.041488,0.023408,0,0.0097977,5.5621,0
0.041488,0.024388,0,0.0066813,5.5639,0
0.034554,0.025056,0.003091,0.003091,5.5713,0
0.02488,0.025365,-0.0026714,-0.0026714,5.5792,0.0009955
0.033002,0.025098,-0.0053174,-0.0053174,5.5798,0
0.033002,0.024566,0,-0.0036062,5.5806,0
0.027601,0.024206,-0.0036062,-0.0036062,5.5808,0
0.027601,0.023845,0,-0.0050534,5.5812,0
0.027601,0.02334,0,-0.002148,5.5816,0
0.028006,0.023125,-0.0011876,-0.0011876,5.5891,0
0.030903,0.023006,-0.0045366,-0.0045366,5.5955,0
0.023573,0.022553,-0.0083691,-0.0083691,5.6032,0
0.02165,0.021716,-0.0090747,-0.0090747,5.5992,0.00013505
0.02165,0.020808,0,-0.0064529,5.5992,0
0.026105,0.020163,-0.0042969,-0.0042969,5.5994,0
0.023345,0.019733,-0.0014161,-0.0014161,5.596,0
0.020798,0.019592,-0.00069997,-0.00069997,5.5889,0
0.018003,0.019522,-0.0035812,-0.0035812,5.5843,0.0031144
0.018003,0.019163,0,-0.0071711,5.5841,0
0.014971,0.018446,-0.011718,-0.011718,5.5833,0.0071253
0.0076007,0.017275,-0.015607,-0.015607,5.5902,0.019831
0.012964,0.015714,-0.013435,-0.013435,5.5879,0.0056369
0.012964,0.01437,0,-0.0057712,5.5877,0
0.021614,0.013793,0.0011703,0.0011703,5.5718,0
0.027068,0.01391,0.0050119,0.0050119,5.5735,0
0.029129,0.014411,0.0033459,0.0033459,5.5652,0
0.027357,0.014746,-0.00051213,-0.00051213,5.5602,0
0.027357,0.014695,0,-0.0024329,5.5615,0
0.029755,0.014452,-0.0067449,-0.0067449,5.5665,0
0.02777,0.013777,-0.0091557,-0.0091557,5.568,0
0.02777,0.012861,0,-0.0038833,5.5694,0
0.016944,0.012473,-0.0031581,-0.0031581,5.5718,0
0.025357,0.012157,-0.0024329,-0.0024329,5.5628,0
0.017705,0.011914,-0.0019269,-0.0019269,5.5617,0
0.024617,0.011721,-0.00047651,-0.00047651,5.5723,0
0.024617,0.011674,0,-0.0047885,5.5736,0
0.024617,0.011195,0,0.00022754,5.5749,0
0.024617,0.011218,0,0.0026187,5.5763,0
0.031994,0.011479,0.0026031,0.0026031,5.5672,0
0.02619,0.01174,0.0064251,0.0064251,5.5757,0
0.02619,0.012382,0,0.011274,5.5771,0
0.02619,0.01351,0,0.03166,5.5784,0.042156
0.030724,0.016676,0.065093,0.065093,5.5691,0
0.032928,0.023185,0.10007,0.10007,5.5633,0
0.045315,0.033192,0.14274,0.14274,5.5547,0
0.057601,0.047466,0.19709,0.19709,5.5591,0
0.057601,0.067175,0,0.22945,5.5592,0.63327
0.10721,0.090121,0.23701,0.23701,5.5581,0
0.14011,0.11382,0.23537,0.23537,5.5517,0
0.16003,0.13736,0.22914,0.22914,5.5516,0
0.16003,0.16027,0,0.21668,5.5528,0.56894
0.20221,0.18194,0.19654,0.19654,5.5512,0
0.22363,0.20159,0.18575,0.18575,5.5596,0
0.23723,0.22017,0.20096,0.20096,5.5643,0
0.23723,0.24027,0,0.2398,5.565,0.64957
0.28097,0.26425,0.32275,0.32275,5.557,0
0.28097,0.29652,0,0.5037,5.5571,1.6843
0.35662,0.34689,0.75812,0.75812,5.5445,0
0.35662,0.4227,0,1.0466,5.5417,4.7211
0.54346,0.52736,1.3213,1.3213,5.5505,0
0.67106,0.65949,1.5352,1.5352,5.552,0
0.82651,0.81302,1.6321,1.6321,5.5545,0
0.99362,0.97623,1.6555,0.17905,5.554,1.0964
1.161,0.99413,1.6533,1.6706,5.5705,0
1.3273,1.1612,1.6952,1.2856,5.5823,0
1.5042,1.2897,1.7798,-8.8,5.6018,0
1.692,0.40975,1.9086,1.9086,5.6673,0
1.692,0.6006,0,2.0436,5.786,6.4153
2.0973,0.80496,2.1524,2.1524,5.9407,0
2.3209,1.0202,2.1752,4.9,6.0728,7.9212
2.5442,1.5102,2.1708,4.9,6.1839,9.0586
2.7699,2.0002,2.1466,2.664,6.2703,0
2.9868,2.2666,2.1096,2.0444,6.3451,0
2.9868,2.471,0,1.7905,6.4069,7.2053
3.4043,2.6501,2.0517,1.6862,6.5055,0
3.6167,2.8187,2.0374,1.6282,6.5906,0
3.6167,2.9815,0,1.578,6.6623,5.2069
4.0354,3.1393,2.0733,1.5616,6.7577,0
4.2485,3.2955,2.0985,1.549,6.8439,0
4.2485,3.4504,0,1.5429,6.9315,4.2997
4.2485,3.6047,0,1.5491,7.0036,4.9811
4.8911,3.7596,2.1727,1.5388,7.1725,0
4.8911,3.9135,0,1.554,7.2779,3.6407
5.3258,4.0689,2.1813,1.5451,7.4267,0
5.5423,4.2234,2.1733,1.5456,7.5485,0
5.7503,4.3779,2.1742,1.5401,7.6916,0
5.9646,4.5319,2.1448,1.5422,7.8321,0
6.1698,4.6862,2.0728,1.5361,7.9826,0
6.3741,4.8398,2.0358,1.5316,8.1401,0
6.3741,4.9929,0,1.5377,8.2859,1.9889
6.7922,5.1467,1.954,1.5346,8.4634,0
6.9845,5.3002,1.9134,1.5223,8.6331,0
6.9845,5.4524,0,1.5115,8.7939,1.3008
7.3644,5.6035,1.8839,1.5007,8.9718,0
7.3644,5.7536,0,1.4998,9.1404,0.96507
7.7488,5.9036,1.8347,1.495,9.3478,0
7.7488,6.0531,0,1.4885,9.5248,0.61786
7.7488,6.2019,0,1.4781,9.687,1.0782
8.2835,6.3497,1.6046,1.4626,9.92,0
8.438,6.496,1.4485,1.4376,10.106,0
8.5821,6.6398,1.3132,1.4092,10.294,0
8.7106,6.7807,1.2017,1.3737,10.481,0
8.7106,6.9181,0,1.3323,10.667,0
8.9252,7.0513,1.071,1.2906,10.869,0
9.031,7.1804,1.1905,1.2547,11.049,0
9.158,7.3058,1.3864,1.2382,11.234,0
9.2901,7.4296,1.5578,1.2271,11.42,0
9.4532,7.5524,1.7115,1.2384,11.615,0
9.6238,7.6762,1.7946,1.2522,11.798,0
9.6238,7.8014,0,1.27,11.987,0
9.9851,7.9284,1.6063,1.29,12.193,0
10.146,8.0574,1.5244,1.2945,12.4,0
10.146,8.1869,0,1.2956,12.602,0
10.441,8.3164,1.4496,1.2867,12.824,0
10.441,8.4451,0,1.2792,13.03,0
10.441,8.573,0,1.268,13.223,0
10.847,8.6998,1.3179,1.2617,13.484,0
10.983,8.826,1.1728,1.2556,13.708,0
11.092,8.9515,1.0627,1.2337,13.923,0
11.202,9.0749,1.0145,1.2139,14.128,0
11.298,9.1963,0.91748,1.1881,14.335,0
11.298,9.3151,0,1.1597,14.539,0
11.454,9.4311,0.64277,1.1248,14.744,0
11.529,9.5436,0.50157,1.0944,14.936,0
11.585,9.653,0.38319,1.0571,15.133,0
11.624,9.7587,0.30967,1.0141,15.328,0
11.624,9.8601,0,0.97355,15.509,0
11.682,9.9575,0.16457,0.92537,15.695,0
11.694,10.05,0.16918,0.877,15.859,0
11.708,10.138,0.13165,0.83341,16.027,0
11.718,10.221,0.117,0.79015,16.177,0
11.723,10.3,0.16645,0.74707,16.317,0
11.732,10.375,0.22961,0.70917,16.453,0
11.762,10.446,0.2678,0.68471,16.583,0
11.779,10.514,0.32046,0.65558,16.719,0
11.803,10.58,0.36761,0.6322,16.85,0
11.837,10.643,0.36284,0.61456,16.968,0
11.837,10.704,0,0.59454,17.084,0
11.837,10.764,0,0.58396,17.194,0
11.943,10.822,0.40852,0.57141,17.315,0
11.943,10.879,0,0.56077,17.425,0
12.028,10.935,0.51152,0.55347,17.544,0
12.071,10.991,0.53262,0.54623,17.662,0
12.134,11.045,0.53975,0.54863,17.763,0
12.182,11.1,0.56874,0.54377,17.87,0
12.182,11.155,0,0.54343,17.976,0
12.305,11.209,0.58125,0.54786,18.102,0
12.305,11.264,0,0.55237,18.209,0
12.432,11.319,0.55659,0.55341,18.321,0
12.487,11.374,0.59272,0.55175,18.431,0
12.487,11.43,0,0.55536,18.539,0
12.629,11.485,0.71809,0.56387,18.64,0
12.629,11.541,0,0.57199,18.752,0
12.794,11.599,0.95461,0.58633,18.88,0
12.895,11.657,1.0133,0.60576,19.01,0
12.895,11.718,0,0.62405,19.131,0
12.895,11.78,0,0.64339,19.246,0
13.216,11.845,1.1279,0.66461,19.38,0
13.337,11.911,1.0893,0.68916,19.522,0
13.444,11.98,1.0159,0.70533,19.666,0
13.444,12.051,0,0.72084,19.809,0
13.647,12.123,0.75603,0.73039,19.978,0
13.723,12.196,0.61487,0.72947,20.134,0
13.789,12.269,0.43828,0.72342,20.277,0
13.828,12.341,0.28225,0.70505,20.43,0
13.859,12.411,0.13165,0.68436,20.574,0
13.859,12.48,0,0.65546,20.715,0
13.85,12.545,-0.50763,0.61344,20.86,0.32919
13.85,12.607,0,0.55983,20.987,0
13.715,12.663,-1.436,0.49203,21.106,8.5538
13.715,12.712,0,0.3984,21.209,0
13.364,12.752,-2.4225,0.28465,21.263,29.009
13.129,12.78,-2.7529,0.16203,21.301,40.488
12.85,12.796,-3.026,0.024613,21.315,52.666
12.543,12.799,-3.2703,-0.039968,21.299,67.054
12.543,12.795,0,-0.089685,21.274,0.32991
11.875,12.786,-3.7956,-0.14355,21.193,107.18
11.875,12.772,0,-0.20421,21.103,1.5401
11.079,12.751,-4.4087,-0.26814,20.932,173.63
10.646,12.724,-4.6612,-0.33761,20.735,208.17
10.174,12.691,-4.8722,-0.41544,20.502,239.38
9.6935,12.649,-5.0528,-0.49712,20.226,28.402
9.1921,12.599,-5.313,-0.58558,19.912,28.83
9.1921,12.541,0,-0.68214,19.574,7.3291
8.1168,12.473,-5.7997,-0.78985,19.148,29.716
8.1168,12.394,0,-0.91073,18.716,9.6411
6.9231,12.303,-6.4,-1.0457,18.193,30.748
6.2851,12.198,-6.5019,-1.1997,17.629,31.004
5.6416,12.078,-6.4743,-1.3699,17.015,31.002
4.9898,11.941,-6.2901,-1.5599,16.355,30.673
4.3664,11.785,-5.9571,-1.7685,15.631,29.936
3.7752,11.608,-5.6281,-1.9962,14.864,28.982
3.2173,11.409,-5.3231,-2.2439,14.066,27.837
2.6786,11.184,-5.0282,-2.5236,13.229,26.466
2.1662,10.932,-4.6396,-2.8358,12.367,24.701
1.6977,10.648,-4.1811,-3.1849,11.474,22.535
1.2818,10.33,-3.6654,-3.5658,10.573,20.022
1.2818,9.9732,0,-7.3749,9.6863,3.455
0.60191,9.2357,-2.5639,-6.8071,8.7837,8.7832
0.3458,8.555,-1.9199,-6.1656,7.9364,7.9076
0.14911,7.9384,-1.3732,-5.6286,7.1289,7.0264
0.019748,7.3755,-0.87035,-5.2,6.3802,5.9817
-0.070144,6.8555,-0.39523,-5.2,5.6616,4.1016
-0.11659,6.3355,-0.031586,-5.2,4.9917,2.3667
-0.12915,5.8155,0.089007,-8.8,4.3669,0
-0.1149,4.9355,0.13826,-8.8,3.8243,0
-0.1149,4.0555,0,-8.8,3.3632,0
-0.1036,3.1755,0.15458,-8.8,2.9943,0
-0.1036,2.2955,0,-8.8,2.7104,0
-0.058302,1.4155,0.15705,-8.8,2.5142,0
-0.058302,0.53554,0,-8.8,2.4108,0
-0.058302,0,0,-8.8,2.3955,0
-0.0064574,0,0.1669,-8.8,2.4243,0
0.013099,0,0.16819,-8.8,2.4638,0
0.013099,0,0,-8.8,2.5092,0
0.045349,0,0.17936,-8.8,2.5764,0
0.072808,0,0.18208,-8.8,2.6177,0
0.082246,0,0.17954,-8.8,2.6684,0
0.098321,0,0.18282,-8.8,2.7175,0
0.098321,0,0,-8.8,2.7714,0
0.13177,0,0.1518,-8.8,2.8389,0
0.13794,0,0.13182,-8.8,2.9044,0
0.1553,0,0.095443,-8.8,2.9567,0
0.17127,0,0.044172,-8.8,3.0183,0
0.16728,0,0.0013938,-8.8,3.0776,0
0.16329,0,-0.04171,-8.8,3.1328,0
0.16198,0,-0.11345,-8.8,3.1967,0
0.16198,0,0,-8.8,3.2569,0
0.12745,0,-0.27378,-8.8,3.3096,0
0.12745,0,0,-8.8,3.3663,0
0.12745,0,0,-8.8,3.4231,0
0.12745,0,0,-8.8,3.4798,0
0.12745,0,0,-8.8,3.5366,0
0.12745,0,0,-8.8,3.5933,0
-0.1057,0,-0.5091,-8.8,3.5751,0
-0.14943,0,-0.42772,-8.8,3.6098,0
-0.19037,0,-0.34311,-8.8,3.6375,0
-0.19037,0,0,-8.8,3.6625,0
-0.19037,0,0,-8.8,3.6874,0
-0.25718,0,-0.069401,-8.8,3.7214,0
-0.25878,0,-0.035315,-8.8,3.7465,0
-0.26885,0,-0.00070868,-8.8,3.7593,0
-0.2681,0,0.041082,-8.8,3.7796,0
-0.2681,0,0,-8.8,3.7968,0
-0.2681,0,0,-8.8,3.814,0
-0.24902,0,0.15326,-8.8,3.8219,0
-0.23509,0,0.16989,-8.8,3.8503,0
-0.21499,0,0.17878,-8.8,3.8726,0
-0.21499,0,0,-8.8,3.8951,0
-0.21499,0,0,-8.8,3.9176,0
-0.21499,0,0,-8.8,3.9401,0
-0.21499,0,0,-8.8,3.9626,0
-0.21499,0,0,-8.8,3.9851,0
-0.11536,0,0.11595,-8.8,4.0163,0
-0.099001,0,0.11936,-8.8,4.0515,0
-0.099001,0,0,-8.8,4.0856,0
-0.074857,0,0.13051,-8.8,4.112,0
-0.059985,0,0.12903,-8.8,4.1394,0
-0.052423,0,0.13155,-8.8,4.1759,0
-0.052423,0,0,-8.8,4.2147,0
-0.01903,0,0.16799,-8.8,4.2481,0
-0.011,0,0.19216,-8.8,4.2901,0
-0.011,0,0,-8.8,4.333,0
0.030427,0,0.28169,-8.8,4.3769,0
0.059813,0,0.32981,-8.8,4.4239,0
0.084457,0,0.41123,-8.8,4.479,0
0.12178,0,0.51054,-8.8,4.5262,0
0.17916,0,0.59655,-8.8,4.5859,0
0.23158,0,0.63662,-8.8,4.6463,0
0.30198,0,0.64251,-8.8,4.7149,0
0.36312,0,0.5884,-8.8,4.7851,0
0.36312,0,0,-8.8,4.8655,0
0.45897,0,0.37352,-8.8,4.9594,0
0.49815,0,0.29008,0.29008,5.0471,0
0.53393,0.029008,0.2054,0.2054,5.0909,0
0.53393,0.049548,0,0.14226,5.1404,0
0.53393,0.063774,0,0.093476,5.1881,0
0.53393,0.073121,0,0.066276,5.2346,0
0.58247,0.079749,-0.036712,-0.036712,5.2839,0
0.58152,0.076078,-0.16865,-0.16865,5.3299,0
0.55968,0.059213,-0.29358,-0.29358,5.3844,0
0.55968,0.029855,0,-0.39598,5.4359,0
0.50617,0,-0.50977,-0.50977,5.4942,0
0.45144,0,-0.54379,-0.54379,5.5477,0
0.40148,0,-0.52683,-0.52683,5.5908,0
0.34672,0,-0.50234,-0.50234,5.6348,0
0.2995,0,-0.4979,-0.4979,5.6657,0
0.25338,0,-0.49718,-0.49718,5.7055,0
0.20317,0,-0.45409,-0.45409,5.7304,0
0.20317,0,0,-0.34609,5.753,0
0.11394,0,-0.22567,-0.22567,5.7535,0
0.098744,0,-0.11331,-0.11331,5.7634,0
0.082187,0,-0.00022471,-0.00022471,5.7768,0
0.089515,0,0.086866,0.086866,5.7803,0
0.089515,0.0086866,0,0.10606,5.7888,0.068187
0.089515,0.019293,0,0.10931,5.7964,0.099692
0.10998,0.030224,0.12386,0.12386,5.8081,0
0.12881,0.04261,0.15424,0.15424,5.8136,0
0.1489,0.058034,0.16494,0.16494,5.8141,0
0.16264,0.074528,0.18268,0.18268,5.8215,0
0.18463,0.092797,0.21337,0.21337,5.8314,0
0.21484,0.11413,0.32076,0.32076,5.8407,0
0.24675,0.14621,0.55883,0.55883,5.8594,0
0.24675,0.20209,0,0.87536,5.8666,3.302
0.39008,0.28963,1.2258,1.2258,5.8871,0
0.50302,0.41221,1.5575,1.5575,5.8995,0
0.50302,0.56796,0,1.7754,5.9008,9.8143
0.50302,0.7455,0,1.8402,5.8855,11.195
1.0098,0.92952,1.7255,0.95111,5.9309,0
1.0098,1.0246,0,1.6193,5.9342,8.3905
1.0098,1.1866,0,1.2572,5.9246,6.5437
1.4784,1.3123,1.0145,1.1138,5.9772,0
1.4784,1.4237,0,0.95702,5.9882,3.72
1.6606,1.5194,0.5214,0.74581,6.0187,0.23162
1.7127,1.594,0.38848,0.57956,6.0232,0.19602
1.7486,1.6519,0.37484,0.44501,6.0319,0
1.7774,1.6964,0.38852,0.35764,6.0487,0
1.8247,1.7322,0.59664,0.3951,6.0638,0
