0,0,1.6626,0,35.5,0
0.15825,0,1.6533,7.8,35.51,44.507
0.32305,0.78,1.605,7.8,35.487,48.971
0.49016,1.56,1.5916,7.8,35.414,52.972
0.65336,2.34,1.5774,7.8,35.269,57.06
0.80246,3.12,1.5665,7.8,35.062,61.236
0.95666,3.9,1.5693,7.8,34.79,65.201
1.1206,4.68,1.5301,7.8,34.456,69.844
1.1206,5.46,0,7.8,34.061,105.29
1.4317,6.24,1.4798,6.7,33.629,66.481
1.4317,6.91,0,6.7,33.115,99.529
1.7248,7.58,1.4476,6.7,32.551,73.831
1.8763,8.25,1.4596,6.7,31.947,77.031
2.0205,8.92,1.4656,-0.38732,31.292,13.327
2.1573,8.8813,1.4532,-0.38976,30.603,12.719
2.308,8.8423,1.4414,-0.39065,29.949,12.073
2.308,8.8032,0,-0.39202,29.298,24.725
2.5856,8.764,1.4531,-0.39306,28.675,10.699
2.7346,8.7247,1.4406,-0.39305,28.059,10.108
2.8737,8.6854,1.4437,-0.39317,27.464,9.4832
3.0197,8.6461,1.4397,-0.39197,26.899,8.8937
3.1582,8.6069,1.4441,-0.39091,26.346,8.3059
3.2927,8.5678,1.4483,-0.38951,25.814,7.7524
3.4324,8.5289,1.4563,-0.38725,25.293,7.1905
3.4324,8.4901,0,-0.38344,24.786,17.153
3.7326,8.4518,1.4661,-0.37898,24.315,6.116
3.8768,8.4139,1.465,-0.37416,23.856,5.6524
3.8768,8.3765,0,-0.36779,23.404,14.516
4.1809,8.3397,1.4887,-0.36099,22.994,4.6893
4.1809,8.3036,0,-0.35338,22.579,12.833
4.4936,8.2683,1.4863,-0.34402,22.199,3.8924
4.4936,8.2339,0,-0.33492,21.823,11.213
4.4936,8.2004,0,-0.3245,21.45,11.137
4.946,8.1679,1.4528,-0.31382,21.152,2.9564
5.0904,8.1365,1.4248,-0.30286,20.838,2.7133
5.0904,8.1062,0,-0.29162,20.535,8.374
5.0904,8.0771,0,-0.27862,20.235,8.3363
5.5261,8.0492,1.429,-0.26534,20,1.9875
5.6642,8.0227,1.4457,-0.25209,19.761,1.7949
5.6642,7.9975,0,-0.23776,19.526,5.9989
5.9455,7.9737,1.4568,-0.22352,19.32,1.4833
6.0883,7.9514,1.4501,-0.20824,19.12,1.353
6.0883,7.9305,0,-0.19295,18.935,4.4623
6.0883,7.9112,0,-0.17661,18.752,4.4772
6.5198,7.8936,1.421,-0.15924,18.614,1.0473
6.5198,7.8776,0,-0.14238,18.478,3.0979
6.5198,7.8634,0,-0.12438,18.343,3.1315
6.9601,7.851,1.4437,-0.10597,18.26,0.96114
7.1062,7.8404,1.466,-0.087887,18.175,1.0076
7.2568,7.8316,1.4718,-0.069086,18.116,1.0435
7.2568,7.8247,0,-0.049899,18.059,1.1832
7.2568,7.8197,0,-0.031814,18.002,1.2282
7.711,7.8165,1.4574,-0.012778,18.009,1.18
7.711,7.8152,0,0.034591,17.998,0.30438
7.9994,7.8187,1.4422,0.16429,18.023,0.68585
8.1437,7.8351,1.4361,0.27996,18.052,0.33373
8.1437,7.8631,0,0.37795,18.082,0.35814
8.4267,7.9009,1.414,0.47267,18.152,0
8.5713,7.9482,1.4231,0.55629,18.214,0
8.7096,8.0038,1.4395,0.62515,18.289,0
8.7096,8.0663,0,0.69802,18.356,0.49164
8.9987,8.1361,1.4736,0.74925,18.451,0
8.9987,8.211,0,0.80576,18.534,0.48909
8.9987,8.2916,0,0.84756,18.609,0.90637
8.9987,8.3764,0,0.89105,18.675,1.3695
8.9987,8.4655,0,0.9272,18.733,1.8371
8.9987,8.5582,0,0.96458,18.782,2.3453
8.9987,8.6547,0,0.98527,18.821,2.7996
10.017,8.7532,1.4113,1.0059,19.184,0
10.017,8.8538,0,1.0278,19.305,0.26134
10.309,8.9566,1.4244,1.0481,19.447,0
10.309,9.0614,0,1.0617,19.577,0.14614
10.583,9.1675,1.4117,1.0689,19.731,0
10.728,9.2744,1.4321,1.0836,19.875,0
10.728,9.3828,0,1.1016,20.015,0.014911
11.018,9.4929,1.3924,1.1075,20.156,0
11.154,9.6037,1.4055,1.1119,20.31,0
11.292,9.7149,1.4046,1.1176,20.475,0
11.438,9.8266,1.3932,1.128,20.636,0
11.57,9.9394,1.406,1.1281,20.797,0
11.704,10.052,1.4209,1.1287,20.953,0
11.844,10.165,1.414,1.1341,21.121,0
11.994,10.279,1.4058,1.1459,21.294,0
12.133,10.393,1.3974,1.1489,21.471,0
12.133,10.508,0,1.1499,21.639,0
12.133,10.623,0,1.1529,21.796,0
12.133,10.738,0,1.1503,21.941,0.064722
12.133,10.853,0,1.151,22.075,0.4248
12.819,10.968,1.3767,1.1592,22.379,0
12.819,11.084,0,1.1628,22.558,0
13.086,11.201,1.3604,1.1576,22.764,0
13.086,11.316,0,1.155,22.947,0
13.086,11.432,0,1.1548,23.118,0
13.485,11.547,1.385,1.1562,23.337,0
13.624,11.663,1.3986,1.1594,23.535,0
13.76,11.779,1.3985,1.1603,23.727,0
13.904,11.895,1.3917,1.166,23.918,0
13.904,12.012,0,1.1654,24.113,0
14.171,12.128,1.3444,1.1648,24.317,0
14.31,12.245,1.3076,1.1679,24.527,0
14.448,12.361,1.2605,1.1695,24.727,0
14.566,12.478,1.2306,1.1606,24.932,0
14.682,12.594,1.1952,1.1509,25.135,0
14.808,12.709,1.1959,1.1478,25.336,0
14.923,12.824,1.1689,1.1391,25.55,0
15.047,12.938,1.1637,1.1362,25.766,0
15.165,13.052,1.1441,1.1302,25.971,0
15.275,13.165,1.1416,1.1206,26.188,0
15.394,13.277,1.1192,1.1161,26.394,0
15.499,13.388,1.125,1.1051,26.61,0
15.619,13.499,1.1183,1.1025,26.817,0
15.727,13.609,1.1408,1.094,27.021,0
15.847,13.719,1.1363,1.0926,27.234,0
15.968,13.828,1.1458,1.0919,27.454,0
16.076,13.937,1.1421,1.0846,27.671,0
16.076,14.046,0,1.0848,27.879,0
16.302,14.154,1.1177,1.0764,28.111,0
16.423,14.262,1.1108,1.0768,28.323,0
16.536,14.369,1.094,1.0727,28.531,0
16.536,14.477,0,1.0641,28.742,0
16.746,14.583,1.1024,1.0591,28.964,0
16.865,14.689,1.0886,1.0596,29.173,0
16.971,14.795,1.071,1.0538,29.392,0
17.088,14.9,1.0354,1.0538,29.606,0
17.194,15.006,1.0105,1.0487,29.828,0
17.296,15.111,0.96883,1.042,30.046,0
17.392,15.215,0.90506,1.0327,30.259,0
17.392,15.318,0,1.0191,30.471,0
17.392,15.42,0,1.011,30.674,0
17.392,15.521,0,0.9955,30.866,0
17.725,15.621,0.75398,0.97892,31.111,0
17.725,15.718,0,0.9686,31.316,0
17.883,15.815,0.77286,0.95326,31.523,0
17.969,15.911,0.74909,0.94467,31.721,0
17.969,16.005,0,0.92982,31.922,0
17.969,16.098,0,0.91672,32.114,0
17.969,16.19,0,0.90776,32.296,0
18.254,16.281,0.66419,0.89193,32.545,0
18.254,16.37,0,0.87441,32.738,0
18.366,16.457,0.55875,0.85668,32.952,0
18.426,16.543,0.52469,0.84199,33.134,0
18.488,16.627,0.49357,0.82902,33.312,0
18.529,16.71,0.48878,0.80727,33.494,0
18.582,16.791,0.47764,0.79281,33.679,0
18.631,16.87,0.46507,0.77658,33.85,0
18.681,16.948,0.45141,0.76228,34.032,0
18.681,17.024,0,0.74514,34.202,0
18.681,17.098,0,0.73384,34.364,0
18.821,17.172,0.42484,0.71879,34.536,0
18.858,17.244,0.42358,0.70163,34.703,0
18.897,17.314,0.41659,0.68635,34.872,0
18.932,17.382,0.41638,0.6701,35.024,0
18.932,17.449,0,0.65374,35.175,0
19.003,17.515,0.37436,0.64051,35.33,0
19.003,17.579,0,0.62511,35.476,0
19.069,17.641,0.35501,0.61174,35.632,0
19.103,17.703,0.31126,0.59865,35.771,0
19.103,17.762,0,0.58424,35.908,0
19.103,17.821,0,0.57282,36.039,0
19.195,17.878,0.084516,0.55978,36.2,0
19.195,17.934,0,0.53855,36.329,0
19.201,17.988,0.010189,0.51319,36.447,0
19.201,18.039,0,0.48942,36.565,0
19.201,18.088,0,0.47011,36.679,0
19.201,18.135,0,0.45058,36.788,0
19.209,18.18,0.090357,0.43223,36.902,0
19.209,18.223,0,0.4134,37.003,0
19.209,18.265,0,0.39624,37.1,0
19.202,18.304,-0.051222,0.37571,37.198,0
19.193,18.342,-0.068657,0.35578,37.29,0
19.177,18.378,-0.071955,0.33387,37.364,0
19.175,18.411,-0.079849,0.31869,37.436,0
19.175,18.443,0,0.29837,37.511,0
19.151,18.473,-0.093564,0.28215,37.588,0
19.151,18.501,-0.087879,0.27008,37.657,0
19.144,18.528,-0.10406,0.25561,37.714,0
19.141,18.553,-0.13233,0.24367,37.775,0
19.135,18.578,-0.12878,0.23096,37.831,0
19.113,18.601,-0.094307,0.21217,37.891,0
19.113,18.622,0,0.20209,37.941,0
19.093,18.642,-0.11154,0.18628,37.986,0
19.088,18.661,-0.10718,0.17651,38.023,0
19.088,18.679,0,0.16504,38.065,0
19.072,18.695,-0.16189,0.15561,38.104,0
19.072,18.711,0,0.14368,38.141,0
19.072,18.725,0,0.13068,38.177,0
19.026,18.738,-0.19716,0.11852,38.228,0.15469
19.026,18.75,0,0.10365,38.256,0
19.026,18.76,0,0.092175,38.283,0
19.026,18.77,0,0.071696,38.309,0
19.026,18.777,0,0.051554,38.334,0
18.84,18.782,-0.58372,0.024046,38.322,2.094
18.784,18.784,-0.64296,-6.7312e-05,38.324,2.5188
18.72,18.784,-0.66453,-0.0057469,38.325,2.8549
18.663,18.784,-0.7147,-0.010829,38.324,3.3694
18.595,18.783,-0.73979,-0.016872,38.311,3.7749
18.511,18.781,-0.85385,-0.024253,38.293,4.9373
18.511,18.779,0,-0.032476,38.266,0.50344
18.32,18.775,-1.2225,-0.041073,38.227,9.3568
18.19,18.771,-1.4559,-0.05249,38.165,13.02
18.035,18.766,-1.7578,-0.066187,38.096,18.782
17.853,18.759,-2.0288,-0.082403,38.007,25.391
17.647,18.751,-2.2226,-0.10073,37.906,31.363
17.428,18.741,-2.3582,-0.12039,37.789,36.45
17.199,18.729,-2.433,-0.14109,37.637,40.074
16.963,18.715,-2.4307,-0.16268,37.462,41.434
16.963,18.699,0,-0.18593,37.288,4.1315
16.479,18.68,-2.3289,-0.20766,37.059,41.26
16.237,18.659,-2.2206,-0.2307,36.822,39.593
16.018,18.636,-2.0792,-0.25181,36.577,37.069
15.814,18.611,-1.9539,-0.27183,36.307,35.054
15.814,18.584,0,-0.29073,36.029,7.3782
15.814,18.555,0,-0.31043,35.754,7.1445
15.814,18.524,0,-0.33,35.481,6.9072
15.814,18.491,0,-0.34933,35.212,6.6671
14.895,18.456,-1.8089,-0.36937,34.716,36.034
14.895,18.419,0,-0.39093,34.362,9.8715
14.525,18.38,-1.6298,-0.41249,33.974,33.709
14.525,18.338,0,-0.43261,33.591,10.851
14.221,18.295,-1.0605,-0.45124,33.17,24.414
14.122,18.25,-0.64926,-0.46549,32.76,18.82
14.059,18.204,-0.19938,-0.47592,32.35,13.846
14.059,18.156,0,-0.48233,31.938,11.771
14.059,18.108,0,-0.48268,31.53,11.55
14.059,18.059,0,-0.47855,31.128,11.363
14.059,18.012,0,-0.4674,30.73,11.228
14.38,17.965,1.8834,-0.45054,30.364,2.9885
14.559,17.92,2.1171,-0.42908,30.026,2.8275
14.773,17.877,2.2988,-0.40229,29.704,2.8813
14.773,17.837,0,-0.37122,29.395,8.0668
15.247,17.8,2.1842,-0.33987,29.142,2.5788
15.456,17.766,2.1656,-0.31101,28.906,2.5254
15.667,17.734,2.1765,-0.2815,28.678,2.5645
15.88,17.706,2.1523,-0.25102,28.49,2.5518
16.103,17.681,2.1664,-0.2188,28.311,2.6733
16.321,17.659,2.1758,-0.18693,28.167,2.8203
16.536,17.641,2.1658,-0.15522,28.038,2.9372
16.536,17.625,0,-0.12188,27.929,2.3645
16.969,17.613,2.1797,-0.091211,27.863,3.3899
16.969,17.604,0,-0.058109,27.799,1.3293
17.412,17.598,2.1811,-0.026481,27.783,3.9416
17.634,17.595,2.1757,0.013444,27.77,4.1827
17.634,17.597,0,0.090007,27.773,0.12465
18.081,17.606,2.1748,0.16389,27.834,4.201
18.306,17.622,2.1728,0.23597,27.884,4.2105
18.528,17.646,2.1743,0.30454,27.967,4.2425
18.738,17.676,2.1801,0.36685,28.071,4.2996
18.951,17.713,2.1783,0.42756,28.189,4.3201
19.163,17.756,2.1777,0.48626,28.322,4.3502
19.385,17.804,2.1813,0.54597,28.461,4.4107
19.385,17.859,0,0.60395,28.617,0
19.385,17.919,0,0.6582,28.766,0
20.046,17.985,2.1792,0.71212,29.01,4.5312
20.273,18.056,2.1796,0.76589,29.226,4.584
20.5,18.133,2.1734,0.81737,29.445,4.6018
20.719,18.215,2.1697,0.86466,29.691,4.6305
20.936,18.301,2.1678,0.90965,29.945,4.6727
21.16,18.392,2.1692,0.95511,30.216,4.7382
21.368,18.487,2.1692,0.99377,30.499,4.7912
21.368,18.587,0,1.0335,30.782,0
21.794,18.69,2.1757,1.0698,31.098,4.947
22.003,18.797,2.1725,1.104,31.406,4.9858
22.214,18.908,2.1731,1.1378,31.725,5.0519
22.424,19.021,2.1939,1.1704,32.066,5.2494
22.651,19.138,2.2358,1.2073,32.41,5.6076
22.871,19.259,2.2644,1.2407,32.776,5.8739
22.871,19.383,0,1.2764,33.131,0
23.327,19.511,2.3395,1.3086,33.518,6.5707
23.558,19.642,2.3497,1.3418,33.909,6.7327
23.787,19.776,2.3338,1.3733,34.313,6.7035
23.787,19.913,0,1.407,34.708,0
23.787,20.054,0,1.4359,35.088,0
23.787,20.197,0,1.4648,35.454,0
24.712,20.344,2.3089,1.4885,36.001,6.892
24.939,20.493,2.3275,1.5129,36.437,7.1269
25.163,20.644,2.3424,1.5351,36.877,7.3377
25.402,20.798,2.3504,1.5619,37.332,7.5092
25.402,20.954,0,1.5883,37.785,0
25.873,21.113,2.3408,1.6099,38.266,7.6538
26.107,21.274,2.3335,1.6318,38.738,7.7107
26.35,21.437,2.3284,1.6557,39.221,7.7917
26.575,21.602,2.3224,1.6733,39.721,7.8449
26.818,21.77,2.3118,1.6957,40.226,7.8804
27.044,21.939,2.3009,1.7115,40.729,7.9017
27.266,22.11,2.2888,1.7249,41.233,7.9107
27.266,22.283,0,1.7409,41.74,0
27.733,22.457,2.2839,1.759,42.28,8.1031
27.969,22.633,2.2854,1.7757,42.819,8.2312
28.191,22.81,2.2855,1.7871,43.351,8.3407
28.423,22.989,2.2819,1.8009,43.887,8.4327
28.659,23.169,2.2838,1.8158,44.438,8.5716
28.89,23.351,2.2795,1.8285,44.991,8.6558
29.125,23.534,2.2785,1.842,45.551,8.7732
29.125,23.718,0,1.8535,46.101,0
29.582,23.903,2.2808,1.863,46.677,9.0336
29.819,24.09,2.277,1.8755,47.249,9.1345
30.051,24.277,2.2717,1.8858,47.819,9.2202
30.284,24.466,2.2388,1.8964,48.407,9.0668
30.284,24.655,0,1.9064,48.979,0
30.284,24.846,0,1.9068,49.532,0
30.284,25.037,0,1.9107,50.067,0
31.144,25.228,1.9,1.911,50.754,6.65
31.343,25.419,1.8666,1.9092,51.349,6.4515
31.343,25.61,0,1.9055,51.932,0
31.724,25.8,1.8923,1.9007,52.549,6.7793
31.724,25.99,0,1.897,53.132,0
32.109,26.18,1.9009,1.8939,53.74,6.9814
32.109,26.369,0,1.8916,54.324,0
32.109,26.559,0,1.8897,54.888,0
32.109,26.748,0,1.8836,55.434,0
32.877,26.936,1.8957,1.8805,56.103,7.2163
33.068,27.124,1.9051,1.8769,56.688,7.3658
33.259,27.312,1.9129,4.8,57.281,0
33.259,27.792,0,4.8,57.852,6.7738
33.259,28.272,0,1.6269,58.375,0
33.259,28.434,0,4.8,58.865,10.13
34.055,28.914,2.1022,4.8,59.477,0
34.266,29.394,2.1435,-2,59.977,229.23
34.266,29.194,0,-2,60.474,904.11
34.714,28.994,2.1957,4.8,61.05,0
34.714,29.474,0,-2,61.598,1377
35.158,29.274,2.1619,-2,62.176,355.94
35.158,29.074,0,-2,62.774,0
35.587,28.874,2.1832,4.8,63.435,0
35.807,29.354,2.1793,-2,64.1,469.86
35.807,29.154,0,-2,64.755,0
36.256,28.954,2.1821,4.8,65.476,0
36.256,29.434,0,-2,66.182,0
36.256,29.234,0,-2,66.875,0
36.895,29.034,2.1694,4.8,67.691,0
37.112,29.514,2.1782,-2,68.461,975.67
37.328,29.314,2.1742,-2,69.244,1430.3
37.542,29.114,2.1683,-2,70.063,2461.1
37.764,28.914,2.1725,4.8,70.929,0
37.974,29.394,2.1758,-2,71.803,3173.3
37.974,29.194,0,-2,72.671,0
38.419,28.994,2.1752,4.8,73.6,0
38.419,29.474,0,-2,74.518,0
