11.944,11.944,0.017864,0,35.5,0
11.949,11.944,0.44468,0.0036096,35.506,0
12,11.945,-0.087346,0.044954,35.513,0.19384
11.988,11.949,-0.18673,0.031395,35.519,0.48279
11.959,11.952,-0.42581,0.0055294,35.531,1.3887
11.959,11.953,0,-0.0028055,35.531,0
11.959,11.953,0,-0.0061507,35.532,0
11.775,11.952,-0.87707,-0.011058,35.501,4.8063
11.683,11.951,-0.9632,-0.016779,35.474,5.9195
11.592,11.949,-1.0088,-0.022378,35.449,6.728
11.592,11.947,0,-0.028909,35.413,0.71757
11.379,11.944,-0.99671,-0.035576,35.342,7.53
11.276,11.941,-1.0155,-0.041917,35.283,8.1663
11.276,11.936,0,-0.047873,35.217,1.4314
11.073,11.932,-1.1543,-0.054506,35.131,10.63
11.073,11.926,0,-0.062044,35.045,1.9116
10.827,11.92,-1.3834,-0.069978,34.93,14.891
10.691,11.913,-1.5074,-0.078686,34.805,17.529
10.533,11.905,-1.6271,-0.088819,34.679,20.447
10.373,11.896,-1.6638,-0.099192,34.53,22.009
10.215,11.886,-1.6576,-0.10961,34.366,22.776
10.215,11.875,0,-0.12111,34.2,4.1925
9.8888,11.863,-1.4945,-0.13145,34.01,21.604
9.746,11.85,-1.4814,-0.14134,33.802,22.118
9.5987,11.836,-1.338,-0.15163,33.593,20.461
9.4552,11.821,-1.1755,-0.16198,33.358,18.643
9.3292,11.805,-1.0363,-0.17131,33.114,17.226
9.2333,11.787,-0.92194,-0.17871,32.863,16.089
9.1387,11.77,-0.75082,-0.18623,32.6,14.347
9.1387,11.751,0,-0.19189,32.338,7.3528
9.006,11.732,-0.59004,-0.19771,32.054,12.955
9.006,11.712,0,-0.20329,31.783,7.6606
8.9021,11.692,-0.38831,-0.20739,31.508,11.174
8.9021,11.671,0,-0.21079,31.23,7.8697
8.8341,11.65,-0.099882,-0.21483,30.945,8.7784
8.8202,11.628,0.008764,-0.21708,30.662,7.9291
8.8287,11.607,0.136,-0.21763,30.378,6.9516
8.8467,11.585,0.33172,-0.21737,30.099,5.666
8.8735,11.563,0.51104,-0.21621,29.834,4.6398
8.9225,11.542,0.61934,-0.21324,29.567,3.995
8.9225,11.52,0,-0.20824,29.306,7.195
8.9225,11.499,0,-0.20444,29.048,7.1351
9.1137,11.479,0.97952,-0.19972,28.819,2.372
9.208,11.459,1.3302,-0.19221,28.592,1.7366
9.3425,11.44,1.7385,-0.18096,28.381,1.6454
9.3425,11.422,0,-0.16677,28.172,5.4457
9.7159,11.405,2.517,-0.14865,27.988,3.3323
9.9645,11.39,2.745,-0.12648,27.827,4.4517
10.246,11.377,2.8497,-0.10097,27.703,5.3545
10.246,11.367,0,-0.07501,27.591,2.6504
10.828,11.36,2.9751,-0.047862,27.526,7.2326
11.125,11.355,3.0443,-0.020753,27.48,8.4248
11.439,11.353,3.039,0.061133,27.479,8.7816
11.739,11.359,3.0397,0.26934,27.494,7.842
11.739,11.386,0,0.47105,27.531,0.4785
12.356,11.433,2.9802,0.65014,27.621,5.8692
12.662,11.498,2.9007,0.81505,27.717,4.7852
12.662,11.58,0,0.95084,27.829,0.19202
13.226,11.675,2.7612,1.0681,27.994,3.1724
13.507,11.782,2.6781,1.1764,28.165,2.4278
13.507,11.899,0,1.2591,28.331,0
13.507,12.025,0,1.3231,28.486,0.54874
13.507,12.157,0,1.3775,28.627,1.2602
14.458,12.295,1.7278,1.4077,28.957,0
14.634,12.436,1.4078,1.4127,29.168,0
14.773,12.577,1.1163,1.3946,29.397,0
14.877,12.717,0.83411,1.356,29.616,0
14.877,12.852,0,1.3035,29.825,0
14.877,12.983,0,1.2466,30.021,0
14.877,13.107,0,1.1843,30.205,0
15.085,13.226,0.21291,1.1198,30.428,0
15.1,13.338,0.2051,1.0523,30.611,0
15.114,13.443,0.19213,0.98942,30.787,0
15.129,13.542,0.20561,0.93264,30.941,0
15.129,13.635,0,0.88948,31.095,0
15.129,13.724,0,0.83796,31.24,0
15.129,13.808,0,0.7971,31.377,0
15.214,13.888,0.099995,0.76012,31.547,0
15.233,13.964,0.045557,0.72341,31.675,0
15.238,14.036,0.005251,0.68165,31.79,0
15.249,14.104,0.06873,0.6458,31.908,0
15.257,14.169,0.22785,0.61138,32.026,0
15.287,14.23,0.40352,0.59135,32.123,0
15.287,14.289,0,0.57499,32.226,0
15.371,14.347,0.61136,0.56851,32.319,0
15.44,14.403,0.62918,0.57283,32.417,0
15.499,14.461,0.61562,0.57151,32.513,0
15.566,14.518,0.58436,0.57505,32.62,0
15.617,14.575,0.56389,0.56903,32.731,0
15.668,14.632,0.51392,0.56406,32.845,0
15.715,14.689,0.35392,0.55699,32.948,0
15.751,14.744,0.17274,0.54416,33.053,0
15.759,14.799,0.004599,0.51768,33.158,0
15.754,14.85,-0.15476,0.48513,33.257,0
15.745,14.899,-0.24608,0.45328,33.351,0
15.718,14.944,-0.29883,0.41327,33.441,0.2047
15.69,14.986,-0.25385,0.37503,33.511,0.090893
15.669,15.023,-0.18434,0.34308,33.577,0
15.658,15.057,-0.091911,0.31866,33.637,0
15.658,15.089,0,0.29762,33.695,0
15.649,15.119,0.10545,0.27975,33.751,0
15.649,15.147,0,0.26884,33.803,0
15.649,15.174,0,0.25776,33.851,0
15.675,15.2,0.1661,0.24998,33.908,0
15.675,15.225,0,0.24401,33.955,0
15.714,15.249,0.43742,0.24359,33.997,0
15.76,15.273,0.63944,0.25491,34.054,0
15.833,15.299,0.75704,0.27928,34.102,0
15.833,15.327,0,0.29879,34.154,0
15.833,15.357,0,0.32398,34.204,0
16.057,15.389,0.80162,0.34704,34.278,0
16.057,15.424,0,0.36615,34.343,0
16.202,15.46,0.71053,0.3839,34.433,0
16.267,15.499,0.61941,0.39701,34.508,0
16.338,15.539,0.46318,0.41222,34.586,0
16.338,15.58,0,0.41593,34.664,0
16.411,15.621,0.07888,0.40529,34.749,0
16.411,15.662,0,0.38836,34.826,0
16.413,15.701,-0.13793,0.36367,34.895,0
16.395,15.737,-0.061269,0.33539,34.963,0
16.392,15.771,0.10586,0.31616,35.027,0
16.392,15.802,0,0.30259,35.088,0
16.425,15.833,0.54097,0.30064,35.154,0
16.486,15.863,0.80603,0.31559,35.222,0
16.572,15.894,1.0269,0.34278,35.288,0
16.572,15.928,0,0.38144,35.354,0
16.797,15.967,1.3092,0.41808,35.438,0
16.92,16.008,1.2495,0.4582,35.524,0
16.92,16.054,0,0.49195,35.613,0
17.143,16.103,0.83529,0.51988,35.711,0
17.225,16.155,0.50457,0.53302,35.807,0
17.278,16.209,0.17145,0.53124,35.915,0
17.278,16.262,0,0.50707,36.019,0
17.28,16.313,-0.1385,0.47796,36.114,0
17.28,16.36,0,0.44882,36.208,0
17.257,16.405,-0.15982,0.41864,36.29,0
17.237,16.447,-0.1153,0.38759,36.367,0
17.237,16.486,0,0.36216,36.444,0
17.237,16.522,0,0.34425,36.517,0
17.215,16.556,0.11439,0.32131,36.594,0
17.225,16.589,0.25413,0.30972,36.662,0
17.248,16.62,0.40989,0.30566,36.725,0
17.293,16.65,0.50139,0.31194,36.785,0
17.343,16.681,0.56776,0.32076,36.857,0
17.343,16.713,0,0.33374,36.922,0
17.343,16.747,0,0.34591,36.983,0
17.53,16.781,0.57895,0.36091,37.069,0
17.58,16.817,0.56587,0.36696,37.146,0
17.58,16.854,0,0.37687,37.22,0
17.687,16.892,0.60287,0.38151,37.301,0
17.756,16.93,0.58335,0.39551,37.381,0
17.811,16.97,0.63545,0.40199,37.463,0
17.811,17.01,0,0.4099,37.545,0
17.939,17.051,0.70232,0.4231,37.638,0
18.015,17.093,0.72753,0.4383,37.73,0
18.084,17.137,0.76943,0.44913,37.822,0
18.167,17.182,0.75272,0.46651,37.927,0
18.247,17.228,0.72715,0.48092,38.028,0
18.247,17.277,0,0.49037,38.127,0
18.378,17.326,0.59022,0.49474,38.242,0
18.434,17.375,0.55544,0.49681,38.352,0
18.434,17.425,0,0.49937,38.455,0
18.434,17.475,0,0.49852,38.554,0
18.434,17.525,0,0.50378,38.647,0
18.434,17.575,0,0.50688,38.736,0
18.434,17.626,0,0.50804,38.819,0
18.782,17.676,0.52486,0.5118,39,0
18.782,17.728,0,0.50939,39.108,0
18.887,17.779,0.4989,0.51079,39.23,0
18.887,17.83,0,0.50734,39.338,0
18.887,17.88,0,0.51016,39.441,0
18.887,17.931,0,0.5154,39.539,0
19.131,17.983,0.77442,0.52458,39.695,0
19.131,18.035,0,0.5304,39.807,0
19.131,18.088,0,0.54227,39.914,0
19.365,18.143,0.75462,0.55444,40.059,0
19.443,18.198,0.73012,0.56368,40.182,0
19.51,18.254,0.68626,0.56709,40.308,0
19.57,18.311,0.71759,0.56692,40.432,0
19.635,18.368,0.70919,0.56981,40.566,0
19.699,18.425,0.72188,0.57132,40.686,0
19.768,18.482,0.67341,0.57529,40.813,0
19.834,18.539,0.70139,0.57783,40.946,0
19.834,18.597,0,0.58233,41.073,0
19.973,18.655,0.649,0.5851,41.209,0
20.028,18.714,0.61803,0.58209,41.334,0
20.028,18.772,0,0.5823,41.462,0
20.028,18.83,0,0.57976,41.585,0
20.028,18.888,0,0.5777,41.702,0
20.251,18.946,0.50622,0.57266,41.874,0
20.251,19.003,0,0.56509,42.001,0
20.342,19.06,0.38543,0.56024,42.124,0
20.342,19.116,0,0.55223,42.249,0
20.415,19.171,0.2644,0.54118,42.371,0
20.433,19.225,0.2156,0.52405,42.49,0
20.452,19.278,0.19438,0.50874,42.608,0
20.47,19.329,0.20359,0.49359,42.734,0
20.494,19.378,0.23259,0.48182,42.848,0
20.52,19.426,0.24604,0.47138,42.955,0
20.52,19.473,0,0.45846,43.062,0
20.563,19.519,0.20865,0.44793,43.179,0
20.588,19.564,0.17587,0.43914,43.286,0
20.614,19.608,0.064057,0.43068,43.393,0
20.615,19.651,-0.015397,0.41181,43.482,0
20.617,19.692,-0.03863,0.39434,43.572,0
20.617,19.732,0,0.37174,43.662,0
20.612,19.769,-0.045243,0.35853,43.753,0
20.603,19.805,0.038674,0.33902,43.831,0
20.604,19.838,0.035934,0.32453,43.906,0
20.604,19.871,0,0.31089,43.981,0
20.606,19.902,0.021848,0.29797,44.062,0
20.613,19.932,0.08591,0.2878,44.141,0
20.613,19.961,0,0.28039,44.207,0
20.64,19.989,0.21486,0.27503,44.277,0
20.659,20.016,0.33354,0.27111,44.337,0
20.659,20.043,0,0.27217,44.4,0
20.736,20.07,0.55056,0.27981,44.459,0
20.79,20.098,0.62282,0.29047,44.526,0
20.79,20.127,0,0.30147,44.594,0
20.908,20.158,0.71759,0.31443,44.659,0
20.978,20.189,0.72655,0.33025,44.733,0
20.978,20.222,0,0.34735,44.81,0
20.978,20.257,0,0.36079,44.884,0
20.978,20.293,0,0.37301,44.954,0
21.246,20.33,0.69762,0.38171,45.087,0
21.246,20.368,0,0.39287,45.177,0
21.392,20.408,0.69155,0.40928,45.276,0
21.392,20.449,0,0.42342,45.373,0
21.534,20.491,0.70174,0.43247,45.48,0
21.599,20.534,0.63312,0.44085,45.587,0
21.661,20.578,0.58314,0.44759,45.692,0
21.717,20.623,0.60675,0.45146,45.798,0
21.717,20.668,0,0.4553,45.905,0
21.717,20.714,0,0.46295,46.007,0
21.893,20.76,0.52705,0.46543,46.143,0
21.952,20.807,0.54408,0.46988,46.258,0
21.952,20.854,0,0.47478,46.37,0
22.073,20.901,0.47197,0.47924,46.481,0
22.121,20.949,0.49194,0.47852,46.591,0
22.121,20.997,0,0.48105,46.706,0
22.215,21.045,0.38498,0.47613,46.838,0
22.215,21.092,0,0.46976,46.953,0
22.293,21.139,0.40597,0.468,47.068,0
22.293,21.186,0,0.4615,47.181,0
22.356,21.232,0.24974,0.45456,47.297,0
22.381,21.278,0.22059,0.44551,47.416,0
22.402,21.322,0.094997,0.43556,47.519,0
22.402,21.366,0.060089,0.41743,47.62,0
22.415,21.408,0.084141,0.40517,47.724,0
22.415,21.448,0,0.39038,47.823,0
22.424,21.487,0.13888,0.37599,47.918,0
22.431,21.525,0.18738,0.36298,48.004,0
22.431,21.561,0,0.35196,48.093,0
22.465,21.596,0.075189,0.34743,48.19,0
22.468,21.631,-0.005498,0.33409,48.268,0
22.461,21.665,-0.097299,0.31749,48.343,0
22.447,21.696,-0.23332,0.29896,48.422,0
22.42,21.726,-0.29082,0.27607,48.493,0
22.383,21.754,-0.25819,0.25044,48.568,0
22.354,21.779,-0.26091,0.22848,48.632,0
22.324,21.802,-0.31315,0.20756,48.686,0.21236
22.324,21.822,0,0.19002,48.738,0
22.279,21.841,-0.27986,0.17362,48.783,0.20892
22.249,21.859,-0.36836,0.15472,48.828,0.59835
22.219,21.874,-0.44171,0.13648,48.862,0.96922
22.166,21.888,-0.47017,0.11026,48.896,1.192
22.12,21.899,-0.53094,0.087451,48.911,1.5699
22.12,21.908,0,0.066033,48.933,0
22.021,21.914,-0.60812,0.04225,48.956,2.1526
22.021,21.918,0,0.016087,48.967,0
21.911,21.92,-0.39757,-0.0006406,48.952,1.2865
21.863,21.92,-0.3072,-0.0040302,48.958,1.0427
21.842,21.92,-0.12531,-0.00549,48.95,0.47406
21.842,21.919,0,-0.0066416,48.943,0.14616
21.835,21.918,0.11437,-0.0059166,48.945,0
21.835,21.918,0,-0.0045513,48.937,0.16362
21.872,21.917,0.33029,-0.0032466,48.923,0
21.872,21.917,0,-0.00091275,48.919,0.092413
21.934,21.917,0.31041,0.0068521,48.936,0
21.958,21.918,0.27793,0.015881,48.938,0
21.981,21.919,0.26368,0.024501,48.943,0
22.015,21.922,0.24781,0.03688,48.945,0
22.015,21.925,0,0.04569,48.954,0
22.015,21.93,0,0.055724,48.963,0
22.113,21.936,0.49095,0.069983,48.972,0
22.17,21.943,0.50541,0.089755,48.997,0
22.17,21.951,0,0.1076,49.019,0
22.17,21.962,0,0.12599,49.041,0
22.33,21.975,0.46736,0.14023,49.084,0
22.386,21.989,0.47945,0.15686,49.12,0
22.433,22.005,0.50461,0.16885,49.162,0
22.49,22.021,0.50951,0.18478,49.212,0
22.541,22.04,0.43055,0.19753,49.268,0
22.582,22.06,0.36732,0.20568,49.325,0
22.582,22.08,0,0.21293,49.376,0
22.582,22.102,0,0.21977,49.425,0
22.582,22.124,0,0.22717,49.472,0
22.745,22.146,0.42555,0.2352,49.557,0
22.788,22.17,0.43048,0.24262,49.612,0
22.832,22.194,0.41871,0.25044,49.68,0
22.832,22.219,0,0.25319,49.743,0
22.897,22.244,0.38602,0.25578,49.811,0
22.928,22.27,0.37147,0.25767,49.872,0
22.968,22.296,0.37937,0.26323,49.933,0
22.968,22.322,0,0.27145,49.999,0
22.968,22.349,0,0.27685,50.062,0
23.091,22.377,0.16484,0.27897,50.155,0
23.112,22.405,0.12136,0.27575,50.234,0
23.131,22.432,0.039962,0.27221,50.294,0
23.133,22.46,0.021405,0.26215,50.366,0
23.136,22.486,0.06654,0.25313,50.438,0
23.144,22.511,0.098473,0.24628,50.501,0
23.148,22.536,0.12733,0.23775,50.558,0
23.148,22.559,0,0.23593,50.618,0
23.177,22.583,0.26065,0.23052,50.681,0
23.207,22.606,0.25465,0.23302,50.734,0
23.226,22.629,0.28748,4.8,50.785,30.691
23.248,23.109,0.31799,0.052041,50.817,0
23.248,23.115,0,0.058524,50.83,0
23.248,23.12,0,0.070526,50.843,0
23.324,23.128,0.19454,0.073622,50.849,0
23.324,23.135,0,0.081093,50.868,0
23.324,23.143,0,0.08681,50.887,0
23.386,23.152,0.12113,0.087667,50.904,0
23.386,23.16,0,0.091979,50.927,0
23.425,23.17,0.076004,0.095575,50.952,0
23.435,23.179,0.087171,0.095416,50.986,0
23.435,23.189,0.055955,0.092043,51.013,0
23.435,23.198,0,0.090877,51.037,0
23.443,23.207,0.091988,0.088044,51.057,0
23.442,23.216,0.13709,0.084485,51.077,0
23.459,23.224,0.14188,0.087727,51.098,0
23.47,23.233,0.08805,0.088272,51.118,0
23.486,23.242,0.17832,0.090964,51.144,0
23.486,23.251,0,0.091466,51.168,0
23.563,23.26,0.90795,0.11286,51.204,0
23.644,23.271,1.1364,0.13898,51.24,0.10787
23.765,23.285,0.72948,0.17874,51.289,0
23.765,23.303,0,0.20019,51.336,0
23.868,23.323,0.21204,0.2028,51.399,0
23.885,23.344,0.16429,0.20167,51.461,0
23.896,23.364,-0.1359,0.19806,51.512,0
23.873,23.383,0.33456,0.18187,51.562,0
23.913,23.402,0.95286,0.19019,51.62,0
23.913,23.421,0,0.22114,51.67,0
24.1,23.443,0.54942,0.24422,51.743,0
24.163,23.467,0.85254,0.2583,51.801,0
24.163,23.493,0,0.28377,51.869,0
24.342,23.521,0.45946,0.30411,51.939,0
24.391,23.552,0.30178,0.31086,52.019,0
24.422,23.583,0.50477,4.8,52.107,26.206
24.466,24.063,0.40279,0.14422,52.171,0
24.498,24.077,0.40733,0.15079,52.208,0
24.498,24.092,0,0.16125,52.25,0
24.604,24.109,0.65276,0.17716,52.299,0
24.604,24.126,0,0.19763,52.348,0
24.738,24.146,0.51769,0.21156,52.407,0
24.788,24.167,0.54526,0.22206,52.478,0
24.848,24.189,0.53736,0.23541,52.547,0
24.848,24.213,0,0.24351,52.612,0
24.848,24.237,0,0.25144,52.674,0
24.994,24.262,0.54558,0.26088,52.752,0
25.04,24.289,0.53769,0.26796,52.827,0
25.086,24.315,0.53628,0.27452,52.906,0
25.086,24.343,0,0.28374,52.982,0
25.199,24.371,0.54396,0.29486,53.079,0
25.199,24.401,0,0.30431,53.16,0
25.199,24.431,0,4.8,53.239,33.995
25.373,24.911,0.50592,0.15931,53.335,0
25.432,24.927,0.51884,0.17399,53.377,0
25.432,24.944,0,0.18247,53.426,0
25.526,24.963,0.47082,0.19404,53.482,0
25.579,24.982,0.4679,0.20566,53.539,0
25.579,25.003,0,0.21585,53.598,0
25.677,25.024,0.43492,0.22461,53.662,0
25.726,25.047,0.40536,0.23348,53.736,0
25.766,25.07,0.40821,0.23923,53.809,0
25.814,25.094,0.36192,0.24732,53.877,0
25.814,25.119,0,0.25078,53.948,0
25.814,25.144,0,0.25164,54.016,0
25.814,25.169,0,0.24923,54.081,0
25.814,25.194,0,0.24337,54.145,0
25.814,25.218,0,0.23602,54.205,0
25.916,25.242,-0.031783,0.23106,54.301,0
25.909,25.265,-0.053536,4.8,54.368,35.641
25.909,25.745,0,0.053414,54.408,0
25.909,25.75,0,0.048986,54.424,0
25.895,25.755,-0.017847,0.046425,54.455,0
25.897,25.76,-0.2076,0.045612,54.465,0.34139
25.879,25.764,-0.49287,0.038249,54.473,1.5011
25.824,25.768,-0.81316,0.01855,54.481,3.5212
25.743,25.77,-1.0469,-0.0019226,54.479,5.6548
25.647,25.77,-1.1276,-0.0087133,54.477,6.8541
25.529,25.769,-1.0345,-0.016979,54.467,6.4468
25.529,25.767,0,-0.02475,54.443,0.45721
25.331,25.765,-0.64917,-0.030723,54.394,4.0519
25.271,25.762,-0.51924,-0.03482,54.343,3.4014
25.224,25.758,-0.47367,-0.038006,54.29,3.2726
25.186,25.754,-0.57526,-0.040474,54.225,4.0281
25.186,25.75,0,-0.043849,54.169,1.1931
25.186,25.746,0,-0.049029,54.113,1.1654
25.186,25.741,0,-0.053838,54.057,1.1377
25.186,25.736,0,-0.060258,54.002,1.1042
24.799,25.73,-0.76397,-0.066902,53.872,6.8644
24.718,25.723,-0.63074,-0.07244,53.785,6.0474
24.658,25.716,-0.55864,-0.076518,53.674,5.6911
24.658,25.708,0,-0.080317,53.568,2.4154
24.658,25.7,0,-0.083423,53.463,2.3791
24.658,25.692,0,-0.086317,53.36,2.3429
24.475,25.683,-0.17384,-0.088498,53.216,3.7206
24.475,25.674,0,-0.089071,53.095,2.8322
24.468,25.665,0.068786,-0.088286,52.986,2.5367
24.478,25.656,0.13992,-0.087141,52.867,2.2084
24.495,25.648,0.24894,-0.085502,52.752,1.7737
24.495,25.639,0,-0.083658,52.637,2.6836
24.495,25.631,0,-0.081135,52.523,2.6685
24.495,25.623,0,-0.078238,52.41,2.6558
24.495,25.615,0,-0.074765,52.297,2.6464
24.656,25.607,0.36611,-0.071717,52.204,1.0324
24.656,25.6,0,-0.068647,52.109,2.1493
24.731,25.593,0.59282,-0.065335,52.023,0.50613
24.798,25.587,0.59466,-0.059882,51.945,0.3986
24.798,25.581,0,-0.054371,51.866,1.743
24.933,25.575,0.77836,-0.048975,51.797,0.13965
24.933,25.571,0,-0.042013,51.733,1.3909
25.098,25.566,0.61774,-0.03582,51.686,0
25.158,25.563,0.78856,-0.030965,51.643,0
25.232,25.56,0.82245,-0.0251,51.612,0
25.312,25.557,0.78179,-0.018774,51.591,0
25.382,25.555,0.87505,-0.013273,51.562,0
25.477,25.554,0.93091,-0.0059205,51.554,0
25.567,25.553,0.78909,0.0043611,51.556,0
25.567,25.554,0,0.028383,51.557,0.033853
25.567,25.557,0,0.053156,51.558,0.096288
25.567,25.562,0,0.075682,51.559,0.16205
25.567,25.57,0,0.095099,51.559,0.22797
25.953,25.579,0.85277,0.11998,51.65,0
25.953,25.591,0,0.14428,51.687,0
26.127,25.605,0.9104,0.16723,51.741,0
26.209,25.622,0.89541,0.18794,51.796,0
26.307,25.641,0.79166,0.21337,51.864,0
26.386,25.662,0.7968,0.23187,51.927,0
26.46,25.685,0.80344,0.24821,52.001,0
26.535,25.71,0.77167,0.26397,52.082,0
26.602,25.737,0.77287,0.27697,52.157,0
26.683,25.764,0.78406,0.29374,52.237,0
26.752,25.794,0.77691,0.30653,52.322,0
26.84,25.824,0.76276,0.32467,52.425,0
26.921,25.857,0.78628,0.3399,52.521,0
26.99,25.891,0.79811,0.35105,52.632,0
26.99,25.926,0,0.36732,52.74,0
27.153,25.963,0.78553,0.38002,52.868,0
27.153,26.001,0,0.39213,52.985,0
27.305,26.04,0.73157,0.40339,53.105,0
27.305,26.08,0,0.41074,53.23,0
