17.778,17.778,0.12962,0,35.5,0
17.794,17.778,0.30374,0.0069401,35.506,0
17.83,17.778,0.23838,0.021746,35.505,0
17.846,17.781,0.22598,0.027616,35.519,0
17.846,17.783,0,0.034204,35.525,0
17.846,17.787,0,0.039744,35.532,0
17.909,17.791,0.24402,0.050005,35.54,0
17.909,17.796,0,0.060488,35.552,0
17.975,17.802,0.2957,0.073009,35.57,0
17.997,17.809,0.28614,0.079198,35.578,0
17.997,17.817,0,0.088312,35.597,0
17.997,17.826,0,0.095464,35.614,0
18.089,17.835,0.36777,0.1065,35.636,0
18.089,17.846,0,0.11908,35.661,0
18.166,17.858,0.47704,0.12948,35.698,0
18.207,17.871,0.54458,0.14131,35.723,0
18.262,17.885,0.60593,0.15849,35.752,0
18.319,17.901,0.60957,0.17541,35.797,0
18.319,17.918,0,0.19734,35.838,0
18.319,17.938,0,0.21865,35.877,0
18.319,17.96,0,0.23605,35.914,0
18.577,17.984,0.56369,0.24867,36.016,0
18.577,18.009,0,0.26458,36.074,0
18.695,18.035,0.61809,0.27611,36.153,0
18.695,18.063,0,0.29398,36.218,0
18.695,18.092,0,0.31092,36.28,0
18.887,18.123,0.48541,0.31873,36.372,0
18.941,18.155,0.39588,0.32763,36.443,0
18.983,18.188,0.32882,0.3311,36.518,0
19.011,18.221,0.26335,0.32841,36.593,0
19.011,18.254,0,0.32459,36.67,0
19.011,18.286,0,0.31958,36.744,0
19.076,18.318,0.28076,0.31401,36.84,0
19.076,18.35,0,0.31119,36.914,0
19.135,18.381,0.2746,0.31223,37,0
19.168,18.412,0.31073,0.31251,37.075,0
19.191,18.443,0.23437,0.30879,37.155,0
19.211,18.474,0.25259,0.30379,37.22,0
19.232,18.504,0.24879,0.30001,37.301,0
19.251,18.534,0.15409,0.29471,37.364,0
19.272,18.564,0.057135,0.29097,37.437,0
19.278,18.593,0.11913,0.2814,37.512,0
19.278,18.621,0,0.27486,37.579,0
19.293,18.649,0.13177,0.26438,37.639,0
19.293,18.675,0,0.26121,37.703,0
19.293,18.701,0,0.25819,37.763,0
19.36,18.727,0.33152,0.25894,37.833,0
19.402,18.753,0.38306,0.26528,37.896,0
19.449,18.779,0.36934,0.2735,37.952,0
19.487,18.807,0.39916,0.2774,38.015,0
19.487,18.834,0,0.28214,38.082,0
19.574,18.863,0.48358,0.28973,38.151,0
19.63,18.892,0.47982,0.30028,38.231,0
19.681,18.922,0.54927,0.30882,38.305,0
19.729,18.953,0.57374,0.31529,38.39,0
19.729,18.984,0,0.32459,38.466,0
19.837,19.017,0.50172,0.33254,38.552,0
19.884,19.05,0.45779,0.33771,38.639,0
19.884,19.084,0,0.342,38.721,0
19.955,19.118,0.27886,0.33855,38.816,0
19.955,19.152,0,0.33844,38.898,0
20.001,19.185,0.15772,0.32894,38.971,0
20.012,19.218,0.12917,0.31991,39.048,0
20.02,19.25,0.12932,0.30988,39.126,0
20.02,19.281,0,0.29827,39.202,0
20.041,19.311,0.10847,0.29305,39.271,0
20.041,19.34,0,0.28169,39.342,0
20.063,19.369,0.12192,0.27861,39.425,0
20.077,19.396,0.030159,0.27259,39.494,0
20.077,19.424,0,0.26261,39.561,0
20.077,19.45,0,0.24997,39.625,0
20.077,19.475,0,0.23785,39.686,0
20.049,19.499,-0.3342,0.21958,39.719,0.25583
20.025,19.521,-0.35306,0.20106,39.763,0.38776
19.999,19.541,-0.35051,0.18272,39.806,0.43934
19.961,19.559,-0.35157,0.16004,39.85,0.51996
19.961,19.575,0,0.14344,39.889,0
19.961,19.589,0,0.12679,39.927,0
19.961,19.602,0,0.10708,39.963,0
19.847,19.613,-0.38586,0.093154,39.975,0.88589
19.806,19.622,-0.37519,0.072982,39.995,0.91194
19.776,19.629,-0.39169,0.058336,40.018,1.0316
19.747,19.635,-0.40915,0.044398,40.02,1.1551
19.712,19.64,-0.40909,0.028643,40.037,1.2104
19.712,19.643,0,0.011127,40.044,0
19.637,19.644,-0.41174,-0.00056909,40.044,1.341
19.637,19.644,0,-0.0040379,40.044,0.0047087
19.637,19.643,0,-0.0074436,40.043,0
19.507,19.643,-0.45519,-0.011882,40.008,1.907
19.471,19.641,-0.47426,-0.014947,39.995,2.1056
19.427,19.64,-0.48535,-0.018679,39.975,2.29
19.427,19.638,0,-0.022854,39.954,0.39959
19.427,19.636,0,-0.028365,39.933,0.38083
19.261,19.633,-0.58527,-0.032742,39.898,3.3737
19.211,19.63,-0.60964,-0.03695,39.859,3.6886
19.159,19.626,-0.655,-0.041271,39.815,4.1623
19.097,19.622,-0.60512,-0.046492,39.758,4.02
19.045,19.617,-0.59371,-0.050767,39.708,4.1048
18.983,19.612,-0.60079,-0.05598,39.648,4.3513
18.928,19.606,-0.61749,-0.060508,39.592,4.6424
18.928,19.6,0,-0.065674,39.524,1.4055
18.928,19.594,0,-0.07115,39.458,1.3701
18.928,19.587,0,-0.076341,39.391,1.3345
18.672,19.579,-0.56739,-0.081869,39.266,5.0892
18.608,19.571,-0.53899,-0.087173,39.168,5.0791
18.608,19.562,0,-0.090793,39.072,2.0919
18.512,19.553,-0.44257,-0.094963,38.963,4.6804
18.469,19.544,-0.40665,-0.098472,38.855,4.5571
18.469,19.534,0,-0.10152,38.748,2.3736
18.469,19.524,0,-0.10504,38.642,2.3298
18.337,19.513,-0.44055,-0.1092,38.504,5.1193
18.288,19.502,-0.49887,-0.11318,38.391,5.6627
18.248,19.491,-0.4913,-0.11639,38.269,5.7058
18.206,19.479,-0.45882,-0.11983,38.145,5.576
18.156,19.467,-0.41319,-0.12407,38.008,5.3831
18.122,19.455,-0.4436,-0.12681,37.871,5.67
18.075,19.442,-0.4429,-0.13075,37.735,5.7812
18.029,19.429,-0.44882,-0.13454,37.601,5.9343
17.987,19.416,-0.46169,-0.13805,37.456,6.1257
17.987,19.402,0,-0.14242,37.314,3.2773
17.887,19.388,-0.45677,-0.14682,37.151,6.3384
17.887,19.373,0,-0.15124,37.002,3.4686
17.887,19.358,0,-0.1536,36.854,3.4091
17.775,19.342,-0.37114,-0.15609,36.691,5.9292
17.73,19.327,-0.39092,-0.16004,36.526,6.1658
17.692,19.311,-0.39079,-0.1634,36.356,6.2368
17.653,19.294,-0.45158,-0.16673,36.198,6.7661
17.618,19.278,-0.50526,-0.16967,36.042,7.2509
17.572,19.261,-0.52898,-0.1737,35.877,7.5421
17.52,19.243,-0.52501,-0.17856,35.707,7.6335
17.459,19.226,-0.4747,-0.18425,35.533,7.3708
17.404,19.207,-0.43948,-0.18952,35.347,7.2148
17.369,19.188,-0.41615,-0.19264,35.174,7.0847
17.333,19.169,-0.36033,-0.19584,34.985,6.7084
17.29,19.149,-0.38414,-0.19994,34.793,6.9592
17.256,19.129,-0.43784,-0.20307,34.602,7.4162
17.213,19.109,-0.5114,-0.20703,34.422,8.0916
17.213,19.088,0,-0.21182,34.234,4.4814
17.213,19.067,0,-0.21647,34.047,4.3854
17.213,19.046,0,-0.22122,33.863,4.2881
17.021,19.023,-0.54415,-0.22604,33.644,8.7276
16.972,19.001,-0.50693,-0.23098,33.439,8.4858
16.925,18.978,-0.44845,-0.23593,33.225,8.0676
16.883,18.954,-0.44991,-0.2402,33.015,8.1311
16.831,18.93,-0.48891,-0.24568,32.804,8.5462
16.772,18.906,-0.48737,-0.25195,32.597,8.6437
16.718,18.88,-0.52413,-0.25772,32.393,9.0584
16.718,18.855,0,-0.26433,32.178,5.134
16.604,18.828,-0.53783,-0.27024,31.958,9.3763
16.558,18.801,-0.48763,-0.2753,31.734,8.9812
16.504,18.774,-0.46412,-0.28134,31.515,8.8563
16.45,18.745,-0.38533,-0.28745,31.29,8.27
16.45,18.717,0,-0.29279,31.062,5.4524
16.378,18.687,-0.22277,-0.29533,30.827,7.0368
16.357,18.658,-0.12727,-0.29753,30.587,6.3367
16.341,18.628,-0.027445,-0.29893,30.36,5.6539
16.332,18.598,0.027161,-0.29929,30.137,5.2592
16.332,18.568,0,-0.29953,29.912,5.3047
16.328,18.538,0.082261,-0.29821,29.69,4.7723
16.328,18.509,0,-0.29645,29.47,5.1229
16.328,18.479,0,-0.29307,29.254,5.0352
16.366,18.45,0.073904,-0.2898,29.055,4.4273
16.371,18.421,0.018285,-0.28816,28.839,4.6085
16.371,18.392,0,-0.28711,28.635,4.6114
16.371,18.363,0,-0.28574,28.435,4.5195
16.363,18.334,-0.072906,-0.28564,28.232,4.845
16.363,18.306,0,-0.28487,28.036,4.3562
16.355,18.277,-0.088497,-0.28381,27.848,4.7643
16.355,18.249,0,-0.28464,27.657,4.1897
16.355,18.221,0,-0.28641,27.469,4.0863
16.297,18.192,-0.23925,-0.28787,27.292,5.5473
16.267,18.163,-0.28656,-0.29086,27.099,5.8412
16.229,18.134,-0.31567,-0.29515,26.907,6.0472
16.205,18.105,-0.33542,-0.29736,26.716,6.1502
16.165,18.075,-0.32654,-0.30205,26.517,6.0992
16.134,18.045,-0.36541,-0.30531,26.329,6.3574
16.134,18.014,0,-0.30893,26.139,4.0318
16.134,17.983,0,-0.31315,25.953,3.9109
16.134,17.952,0,-0.31987,25.77,3.7786
15.955,17.92,-0.51897,-0.32725,25.561,7.6142
15.912,17.887,-0.54069,-0.33237,25.367,7.7999
15.912,17.854,0,-0.33982,25.171,4.0902
15.804,17.82,-0.52286,-0.34672,24.972,7.7339
15.752,17.785,-0.55943,-0.35366,24.77,8.0662
15.689,17.75,-0.50357,-0.36287,24.56,7.6659
15.644,17.714,-0.54182,-0.36873,24.349,7.9757
15.591,17.677,-0.63938,-0.3762,24.133,8.8393
15.522,17.639,-0.67209,-0.3863,23.931,9.2106
15.522,17.601,0,-0.39474,23.722,4.2842
15.405,17.561,-0.7047,-0.4033,23.508,9.5744
15.405,17.521,0,-0.41476,23.294,4.3151
15.263,17.479,-0.59963,-0.42561,23.063,8.7256
15.263,17.437,0,-0.4328,22.843,4.421
15.155,17.393,-0.57095,-0.44167,22.617,8.4632
15.105,17.349,-0.62702,-0.44895,22.39,8.9261
15.041,17.304,-0.72729,-0.45934,22.158,9.8703
14.969,17.258,-0.74126,-0.47172,21.921,10.038
14.892,17.211,-0.75968,-0.48474,21.692,10.262
14.82,17.163,-0.79369,-0.49689,21.46,10.621
14.82,17.113,0,-0.51129,21.228,4.4498
14.663,17.062,-0.67231,-0.52451,20.984,9.4953
14.663,17.009,0,-0.53708,20.747,4.5042
14.518,16.956,-0.63542,-0.55013,20.503,9.1485
14.452,16.901,-0.58598,-0.5618,20.257,8.6798
14.392,16.845,-0.59086,-0.57228,20.007,8.6633
14.333,16.787,-0.64432,-0.5826,19.753,9.061
14.278,16.729,-0.58471,-0.59204,19.506,8.4621
14.278,16.67,0,-0.60309,19.264,4.3524
14.278,16.61,0,-0.61705,19.027,4.0986
14.085,16.548,-0.60412,-0.62703,18.756,8.425
14.028,16.485,-0.55632,-0.6365,18.516,7.9383
13.971,16.422,-0.59662,-0.64592,18.275,8.1724
13.971,16.357,0,-0.65804,18.033,4.0906
13.856,16.291,-0.57844,-0.66493,17.794,7.8204
13.804,16.225,-0.6261,-0.67362,17.543,8.0848
13.74,16.157,-0.65407,-0.68507,17.304,8.2233
13.684,16.089,-0.64575,-0.69382,17.071,8.0359
13.684,16.019,0,-0.70887,16.834,3.7262
13.684,15.948,0,-0.72169,16.604,3.4681
13.477,15.876,-0.57064,-0.73388,16.336,7.1379
13.477,15.803,0,-0.74598,16.099,3.5531
13.354,15.728,-0.56525,-0.75542,15.851,6.8482
13.302,15.653,-0.58405,-0.76337,15.607,6.8379
13.242,15.576,-0.58485,-0.77341,15.369,6.7087
13.242,15.499,0,-0.78533,15.139,3.2118
13.105,15.421,-0.70305,-0.79912,14.896,7.3682
13.041,15.341,-0.70126,-0.80947,14.667,7.2104
12.981,15.26,-0.67963,-0.81783,14.446,6.8941
12.911,15.178,-0.67262,-0.83035,14.218,6.7062
12.85,15.095,-0.61743,-0.83937,13.993,6.1541
12.85,15.011,0,-0.84845,13.773,2.7498
12.734,14.926,-0.63195,-0.85473,13.54,5.9434
12.734,14.841,0,-0.8629,13.325,2.5707
12.605,14.754,-0.62007,-0.87369,13.105,5.5774
12.54,14.667,-0.67459,-0.88269,12.889,5.8033
12.471,14.579,-0.67486,-0.89283,12.679,5.6648
12.471,14.489,0,-0.90509,12.473,2.2508
12.334,14.399,-0.63201,-0.91269,12.258,5.0956
12.278,14.308,-0.6289,-4.4,12.054,107.41
12.206,13.868,-0.60281,-4.4,11.876,154.16
12.142,13.428,-0.64285,-0.56707,11.724,4.1672
12.084,13.371,-0.63971,-4.4,11.602,250.03
12.023,12.931,-0.65982,-0.39739,11.491,3.8034
11.951,12.891,-0.66378,-4.4,11.398,468.19
11.891,12.451,-0.63651,-0.24148,11.319,3.2275
11.891,12.427,0,-0.26382,11.264,0.54504
11.762,12.401,-0.55859,-0.27846,11.204,2.8606
11.702,12.373,-0.50349,-4.4,11.14,567.09
11.658,11.933,-0.45906,-0.11688,11.1,1.8986
11.61,11.921,-0.44973,-0.1325,11.071,1.8991
11.61,11.908,0,-0.14537,11.041,0.30441
11.519,11.893,-0.36787,-0.16131,10.986,1.6059
11.492,11.877,-0.34603,-0.16694,10.943,1.5252
11.459,11.861,-0.34399,-5.2,10.907,0
11.459,11.341,0,0.025226,10.893,0
11.391,11.343,-0.27825,0.015077,10.89,0.70972
11.391,11.345,0,0.0039524,10.895,0
11.391,11.345,0,-0.0089471,10.9,0
11.31,11.344,-0.25491,-0.014266,10.892,0.7502
11.31,11.343,0,-0.020529,10.889,0.024429
11.266,11.341,-0.19097,-0.031134,10.881,0.58954
11.266,11.337,0,-0.041217,10.874,0.060634
11.208,11.333,-0.22096,-0.052224,10.87,0.74972
11.208,11.328,0,-0.057497,10.857,0.12573
11.177,11.322,-0.16025,-0.060819,10.847,0.58285
11.167,11.316,-0.1555,-0.062466,10.823,0.5724
11.167,11.31,0,-0.065549,10.808,0.1555
11.167,11.303,0,-0.068068,10.794,0.13672
11.127,11.297,0.0073813,-0.071355,10.79,0.18304
11.134,11.29,0.046886,-0.065438,10.779,0.086496
11.137,11.283,0.041218,-0.061533,10.77,0.086534
11.137,11.277,0,-0.056135,10.756,0.16979
11.138,11.271,0.065365,-0.056013,10.742,0.025099
11.153,11.266,0.028319,-0.047713,10.733,0.072979
11.157,11.261,-0.077097,-0.043742,10.728,0.30032
11.157,11.256,0,-0.045673,10.718,0.1074
11.157,11.252,0,-0.051584,10.708,0.085673
11.157,11.247,0,-0.055042,10.699,0.068087
11.113,11.241,-0.098544,-0.054441,10.689,0.38493
11.101,11.236,-0.067471,-0.057091,10.686,0.31248
11.096,11.23,-0.015651,-0.057128,10.662,0.1896
11.096,11.224,0,-0.056888,10.649,0.14414
11.092,11.219,-0.024166,-0.053988,10.631,0.19909
11.092,11.213,-0.048275,-0.052047,10.618,0.24942
11.078,11.208,-0.031023,-0.055492,10.612,0.21831
11.081,11.203,-0.087689,-5.2,10.599,0
11.072,10.683,-0.1214,0.13141,10.62,0
11.06,10.696,-0.11614,0.12304,10.66,0
11.039,10.708,-0.14829,0.11187,10.686,0
11.026,10.719,-0.16817,0.10391,10.727,0
11.014,10.73,-0.13254,0.09646,10.766,0
11.014,10.739,0,0.086939,10.794,0
11.014,10.748,0,0.082059,10.821,0
11.014,10.756,0,0.07548,10.847,0
10.969,10.764,-0.18098,0.069639,10.866,0.16572
10.969,10.771,0,0.059334,10.886,0
10.925,10.777,-0.22456,0.050548,10.908,0.38145
10.906,10.782,-0.27783,0.042256,10.919,0.59652
10.868,10.786,-0.31507,0.02806,10.937,0.79659
10.868,10.789,0,0.01355,10.945,0
10.79,10.79,-0.4096,3.151e-05,10.959,1.3138
10.757,10.79,-0.4695,-0.013008,10.951,1.6375
10.713,10.789,-0.4829,-0.029523,10.954,1.7651
10.659,10.786,-0.47892,-0.049582,10.94,1.821
10.659,10.781,0,-0.070234,10.927,0.10294
10.545,10.774,-0.51092,-0.089545,10.914,2.132
10.495,10.765,-0.51404,-0.10594,10.889,2.2081
10.439,10.754,-0.53334,-0.12389,10.866,2.3756
10.385,10.742,-0.58402,-0.14088,10.841,2.7178
10.336,10.728,-0.62797,-0.15515,10.809,3.0261
10.283,10.712,-0.64406,-0.17084,10.763,3.1762
10.217,10.695,-0.69151,-0.19154,10.715,3.5464
10.217,10.676,0,-0.20911,10.668,0.50278
10.076,10.655,-0.76265,-0.23412,10.619,4.1703
10.007,10.632,-0.76399,-0.25438,10.564,4.2414
9.9275,10.606,-0.76984,-0.27828,10.503,4.3536
9.9275,10.578,0,-0.29754,10.437,0.71017
9.776,10.549,-0.7375,-0.32191,10.365,4.2361
9.698,10.516,-0.72887,-0.34385,10.292,4.2259
9.698,10.482,0,-5.2,10.211,91244
9.5425,9.9621,-1.2466,-0.1704,10.14,8.2849
9.4238,9.945,-1.7361,-0.21285,10.095,15.316
9.4238,9.9238,0,-0.27623,10.043,0.44719
9.0078,9.8961,-3.2269,-0.36919,9.9546,64.967
9.0078,9.8592,0,-5.2,9.8676,668.49
8.2948,9.3392,-4.5255,-0.42324,9.7322,18.456
7.8348,9.2969,-4.9225,-5.2,9.6049,2.4141
7.3522,8.7769,-5.2274,-0.56662,9.4515,18.433
6.8205,8.7202,-5.4528,-5.6473,9.2772,3.4858
6.2697,8.1555,-5.5936,-0.7395,9.0854,18.274
5.7044,8.0816,-5.752,-6.0706,8.8676,4.2037
5.1273,7.4745,-6.0814,-6.4002,8.6412,4.1419
4.5223,6.8345,-6.3907,-6.7084,8.4149,4.0725
3.8892,6.1636,-6.6041,-0.78284,8.1858,18.702
3.2236,6.0854,-6.8273,-8.8,7.9264,1.7215
3.2236,5.2054,0,-0.85265,7.6842,2.3031
3.2236,5.1201,0,-8.8,7.4903,0
1.1268,4.2401,-7.331,-8.8,7.0329,3.2956
0.38947,3.3601,-7.4591,-0.73408,6.7269,20.503
-0.36357,3.2867,-7.6798,-8.8,6.4056,5.4111
-1.1328,2.4067,-7.9391,-8.9738,6.0541,5.3638
-1.1328,1.5093,0,-9.1483,5.7451,0
-2.7493,0.59448,-8.2714,-8.2714,5.3664,7.1367
-3.5768,0,-8.2531,-8.2531,5.0309,7.6144
-4.4099,0,-8.0721,-10.154,4.6699,4.947
-4.4099,0,0,-10.762,4.2796,0
-5.9753,0,-6.4564,-11.25,3.7241,2.4586
-6.6112,0,-4.9936,-11.913,3.1584,0
-7.1096,0,-3.7672,-13.744,2.5332,0
-7.4818,0,-2.6849,-17.58,1.879,0
-7.7529,0,-1.9404,-26.899,1.2042,0
-7.9555,0,-1.874,-59.503,0.54913,0
-8.1412,0,-2.1374,-764.75,0.043456,0
-8.357,0,-2.1831,-13.682,3.0366,0
-8.357,0,0,-18.215,2.2694,0
-8.7614,0,-1.4053,-27.475,1.4723,0
-8.8924,0,-0.93215,-54.698,0.73536,0
-8.981,0,-0.44291,-340.71,0.11852,0
-9.0248,0,-0.1597,-44.371,0.92109,0
-9.0248,0,0,-168.75,0.24048,0
-9.0248,0,0,-234.36,0.18174,0
-9.0248,0,0,-93.661,0.45106,0
-9.1157,0,-0.36205,-18363,0.0022626,0
-9.1157,0,0,7.8,90.908,35.359
-9.186,0.78,-0.33337,7.8,89.959,37.803
-9.186,1.56,0,7.8,88.924,38.701
-9.2532,2.34,-0.34016,7.8,87.804,41.153
-9.2804,3.12,-0.36433,7.8,86.606,42.858
-9.3234,3.9,-0.3502,7.8,85.33,44.516
-9.3553,4.68,-0.34368,7.8,83.966,46.166
-9.3921,5.46,-0.35611,7.8,82.531,47.867
-9.3921,6.24,0,6.7,81.007,46.406
-9.4733,6.91,-0.31877,6.7,79.407,48.616
-9.5098,7.58,-0.33,6.7,77.74,50.088
-9.5506,8.25,-0.34517,6.7,76.002,51.577
-9.5795,8.92,-0.31369,6.7,74.185,52.944
-9.6125,9.59,-0.33336,6.7,72.301,54.426
-9.6379,10.26,-0.32623,6.7,70.338,55.837
-9.6379,10.93,0,6.7,68.314,56.525
-9.7073,11.6,-0.34529,6.7,66.22,58.766
-9.7336,12.27,-0.34298,4.8,64.045,56.196
-9.7336,12.75,0,4.8,61.821,56.459
-9.79,13.23,-0.3719,4.8,59.531,58.34
-9.8343,13.71,-0.3646,4.8,57.198,59.4
-9.8781,14.19,-0.35586,4.8,54.821,60.455
-9.8781,14.67,0,4.8,52.391,60.692
-9.9508,15.15,-0.35754,4.8,49.917,62.576
-9.9819,15.63,-0.33493,4.8,47.374,63.576
-9.9819,16.11,0,4.8,44.789,63.856
-10.039,16.59,-0.3399,-1.7866,42.16,51.832
-10.039,16.411,0,-1.9545,39.506,50.398
-10.096,16.216,-0.33057,-2.1491,36.868,50.4
-10.127,16.001,-0.36508,-2.3766,34.24,49.618
-10.154,15.763,-0.35659,-2.6419,31.643,48.61
-10.195,15.499,-0.3506,-2.9597,29.06,47.472
-10.22,15.203,-0.37184,-3.3398,26.499,46.164
-10.22,14.869,0,-3.8034,23.974,43.723
-10.309,14.489,-0.33068,-4.3759,21.472,42.617
-10.335,14.051,-0.35309,-5.0848,19.021,40.331
-10.375,13.543,-0.32499,-5.994,16.609,37.401
-10.413,12.943,-0.32437,-7.1841,14.242,33.748
-10.413,12.225,0,-7.84,11.942,30.216
-10.496,11.441,-0.32765,-25.083,9.7197,0
-10.534,8.9327,-0.33534,-25.128,7.6427,0
-10.534,6.4199,0,-25.174,5.8217,0
-10.534,3.9026,0,-25.203,4.2521,0
-10.659,1.3823,-0.37458,-25.242,2.9155,0
-10.659,0,0,-31.647,1.8376,0
-10.74,0,-0.36246,-63.891,0.90782,0
-10.74,0,0,-376.81,0.15329,0
-10.74,0,0,-61.121,0.96336,0
-10.845,0,-0.33704,-311.98,0.18869,0
-10.881,0,-0.36907,-90.95,0.65355,0
-10.881,0,0,-3798.2,0.02019,0
-10.953,0,-0.35678,-0.35678,17.915,22.736
-10.996,0,-0.3702,-0.3702,16.819,22.823
-11.041,0,-0.38545,-0.38545,15.728,22.915
-11.041,0,0,-0.38247,14.626,22.112
-11.123,0,-0.42709,-0.42709,13.514,23.084
-11.123,0,0,-0.37353,12.403,22.299
-11.123,0,0,-0.36366,11.293,22.32
-11.235,0,-0.40081,-0.40081,10.171,23.313
-11.269,0,-0.37826,-0.37826,9.0539,23.383
-11.306,0,-0.31792,-0.31792,7.9368,23.46
-11.332,0,-0.37851,-0.37851,6.7963,23.512
-11.375,0,-0.37037,-0.37037,5.6581,23.6
-11.403,0,-0.31315,-14.712,4.5153,0
-11.403,0,0,-19.303,3.4485,0
-11.403,0,0,-27.723,2.4047,0
-11.501,0,-0.36116,-47.683,1.3977,0
-11.501,0,0,-138.64,0.48597,0
-11.501,0,0,-6829.4,0.029009,0
-11.61,0,-0.37882,7.8,32.997,41.269
-11.61,0.78,0,7.8,31.796,42.072
-11.697,1.56,-0.31161,7.8,30.499,44.504
-11.736,2.34,-0.36999,7.8,29.138,46.305
-11.78,3.12,-0.3583,7.8,27.682,47.969
-11.78,3.9,0,7.8,26.153,48.816
-11.862,4.68,-0.35735,-0.6907,24.547,33.493
-11.862,4.6109,0,-0.76171,22.896,32.451
-11.938,4.5348,-0.38632,-0.84466,21.231,33.088
-11.974,4.4503,-0.36765,-0.94287,19.584,32.743
-12.017,4.356,-0.36904,-1.0604,17.95,32.393
-12.057,4.25,-0.35823,-1.2042,16.313,31.935
-12.09,4.1295,-0.36841,-1.3823,14.677,31.401
-12.09,3.9913,0,-1.6054,13.062,29.875
-12.09,3.8308,0,-1.8939,11.462,28.939
-12.09,3.6414,0,-2.2722,9.8791,27.756
-12.228,3.4142,-0.36299,-2.7904,8.2817,27.247
-12.228,3.1351,0,-3.5263,6.7314,24.366
-12.228,2.7825,0,-22.25,5.2128,0
-12.342,0.55751,-0.36662,-22.251,3.8019,0
-12.376,0,-0.34894,-29.541,2.6232,0
-12.411,0,-0.34956,-50.606,1.5324,0
-12.444,0,-0.34183,-144.34,0.53768,0
-12.472,0,-0.33031,-11856,0.0065601,0
-12.472,0,0,7.8,58.042,42.24
-12.53,0.78,-0.33496,7.8,56.741,44.661
-12.562,1.56,-0.31451,7.8,55.364,46.284
-12.562,2.34,0,7.8,53.913,47.222
-12.62,3.12,-0.33908,7.8,52.377,49.651
-12.657,3.9,-0.33445,7.8,50.759,51.316
-12.697,4.68,-0.34046,7.8,49.067,53.011
-12.697,5.46,0,7.8,47.291,53.894
-12.785,6.24,-0.3528,6.7,45.445,54.102
-12.83,6.91,-0.39506,6.7,43.508,55.656
-12.868,7.58,-0.34358,6.7,41.492,57.002
