19.167,19.167,-0.34276,0,35.5,1.0339
19.131,19.167,-0.34485,-0.0037451,35.493,1.1329
19.088,19.166,-0.22589,-0.0081027,35.496,0.78709
19.062,19.165,-0.20407,-0.010787,35.487,0.77192
19.062,19.164,0,-0.013393,35.476,0.18522
19.062,19.163,0,-0.015697,35.466,0.17711
18.987,19.161,-0.21779,-0.018235,35.452,0.98644
18.96,19.16,-0.23327,-0.020847,35.431,1.1028
18.936,19.158,-0.22118,-0.023134,35.402,1.1099
18.915,19.155,-0.2128,-0.0252,35.377,1.1258
18.901,19.153,-0.20464,-0.026423,35.352,1.1231
18.88,19.15,-0.20254,-0.028318,35.335,1.1583
18.869,19.147,-0.18363,-0.029256,35.306,1.1097
18.843,19.144,-0.18305,-0.031718,35.272,1.1623
18.83,19.141,-0.19006,-0.032723,35.248,1.2102
18.818,19.138,-0.19106,-0.033721,35.217,1.2357
18.804,19.135,-0.20627,-0.03489,35.19,1.3193
18.78,19.131,-0.2409,-0.0371,35.162,1.5072
18.758,19.127,-0.25931,-0.039049,35.124,1.6289
18.758,19.123,0,-0.040631,35.087,0.7099
18.712,19.119,-0.23829,-0.043146,35.056,1.637
18.684,19.115,-0.22695,-0.045772,35.007,1.6505
18.672,19.11,-0.19139,-0.04673,34.963,1.5269
18.656,19.106,-0.18138,-0.048007,34.918,1.5148
18.64,19.101,-0.20293,-0.049297,34.877,1.6288
18.64,19.096,0,-0.050849,34.831,0.90079
18.596,19.091,-0.23243,-0.053038,34.79,1.8363
18.564,19.086,-0.27016,-0.056049,34.731,2.0733
18.545,19.08,-0.27511,-0.057663,34.682,2.1329
18.523,19.074,-0.26096,-0.059494,34.621,2.1093
18.499,19.068,-0.25702,-0.061586,34.572,2.1396
18.473,19.062,-0.24493,-0.063884,34.52,2.1374
18.458,19.056,-0.23026,-0.065003,34.452,2.0934
18.43,19.049,-0.24245,-0.067448,34.4,2.2042
18.406,19.043,-0.25684,-0.069583,34.342,2.3188
18.373,19.036,-0.26702,-0.072597,34.284,2.4373
18.352,19.028,-0.28256,-0.074302,34.22,2.5499
18.331,19.021,-0.26599,-0.075896,34.157,2.5034
18.299,19.013,-0.2335,-0.078791,34.093,2.4143
18.274,19.005,-0.19597,-0.080918,34.027,2.287
18.262,18.997,-0.17157,-0.081614,33.951,2.1878
18.239,18.989,-0.18018,-0.083541,33.872,2.2633
18.228,18.981,-0.18524,-0.084145,33.8,2.2931
18.216,18.972,-0.20318,-0.084787,33.732,2.383
18.193,18.964,-0.22615,-0.086644,33.663,2.5276
18.174,18.955,-0.22828,-0.088163,33.578,2.5652
18.174,18.946,0,-0.09082,33.5,1.5878
18.122,18.937,-0.19731,-0.092675,33.414,2.5089
18.097,18.928,-0.18407,-0.094731,33.324,2.4856
18.097,18.919,0,-0.095666,33.242,1.7024
18.067,18.909,-0.076662,-0.096747,33.15,2.0485
18.062,18.899,-0.030494,-0.096643,33.061,1.8569
18.062,18.89,0,-0.097045,32.977,1.7165
18.046,18.88,0.091553,-0.096927,32.89,1.4248
18.046,18.87,0,-0.094392,32.807,1.7154
18.067,18.861,0.108,-0.092879,32.731,1.2859
18.067,18.852,0,-0.091452,32.653,1.6171
18.085,18.842,0.093443,-0.089306,32.566,1.2509
18.094,18.834,0.064654,-0.087471,32.496,1.2997
18.094,18.825,0,-0.086955,32.423,1.4892
18.098,18.816,0.0083446,-0.085474,32.346,1.4318
18.107,18.808,0.0044244,-0.083688,32.266,1.4046
18.107,18.799,0,-0.082922,32.196,1.3999
18.107,18.791,0,-0.081789,32.128,1.3819
18.118,18.783,0.016665,-0.080204,32.055,1.2838
18.118,18.775,0,-0.078412,31.989,1.3229
18.133,18.767,0.011031,-0.07685,31.934,1.2324
18.126,18.759,0.002259,-0.077027,31.871,1.2591
18.124,18.751,-0.0058269,-0.076478,31.808,1.2708
18.122,18.744,-0.0036654,-0.076019,31.737,1.2503
18.121,18.736,-0.0095869,-0.075481,31.682,1.256
18.121,18.729,0,-0.075741,31.621,1.2049
18.121,18.721,0,-0.075299,31.561,1.187
18.121,18.714,0,-0.076227,31.501,1.1649
18.121,18.706,0,-0.074955,31.442,1.1495
18.095,18.698,-0.013609,-0.074893,31.393,1.2382
18.103,18.691,0.0064015,-0.073276,31.331,1.1421
18.098,18.684,0.023616,-0.073188,31.269,1.0836
18.103,18.676,0.026311,-0.071759,31.208,1.0474
18.103,18.669,0.0035837,-0.071048,31.152,1.1008
18.103,18.662,0,-0.070987,31.095,1.0942
18.093,18.655,-0.030752,-0.070962,31.037,1.2007
18.095,18.648,-0.018881,-0.070026,30.977,1.1425
18.092,18.641,0.0026177,-0.069671,30.93,1.0664
18.082,18.634,-0.0045425,-0.070173,30.866,1.0927
18.081,18.627,-0.013936,-0.06967,30.815,1.1104
18.071,18.62,-0.071188,-0.070151,30.751,1.3027
18.068,18.613,-0.063091,-0.069917,30.696,1.2672
18.065,18.606,-0.014581,-0.06958,30.646,1.1
18.07,18.599,0.05333,-0.068184,30.586,0.87376
18.083,18.592,0.093741,-0.065781,30.526,0.72675
18.101,18.586,0.15289,-0.062756,30.483,0.54113
18.125,18.579,0.11408,-0.058922,30.442,0.57295
18.125,18.573,0,-0.057058,30.397,0.86242
18.125,18.568,0,-0.055109,30.352,0.85417
18.125,18.562,0,-0.054651,30.308,0.84213
18.15,18.557,0.0068923,-0.053207,30.277,0.7546
18.15,18.551,0,-0.052144,30.236,0.76418
18.154,18.546,0.018407,-0.05142,30.192,0.69202
18.154,18.541,0,-0.05014,30.153,0.73387
18.164,18.536,0.050664,-0.049083,30.102,0.56977
18.164,18.531,0.018644,-0.048433,30.066,0.6413
18.164,18.526,0.02631,-0.047848,30.037,0.6114
18.164,18.521,0,-0.046256,30.001,0.67476
18.169,18.517,0.049653,-0.046158,29.969,0.52517
18.169,18.512,0,-0.044329,29.935,0.6478
18.184,18.508,0.030315,-0.043082,29.892,0.52639
18.184,18.503,0,-0.042814,29.86,0.59573
18.184,18.499,0,-0.041546,29.828,0.58918
18.184,18.495,0.017288,-0.041567,29.803,0.53466
18.189,18.491,0.019746,-0.040437,29.782,0.51151
18.189,18.487,0,-0.039028,29.752,0.55688
18.199,18.483,0.060794,-0.038047,29.732,0.37748
18.199,18.479,0,-0.036152,29.704,0.52241
18.22,18.476,0.075383,-0.034361,29.684,0.29383
18.228,18.472,0.094814,-0.03289,29.659,0.2327
18.23,18.469,0.073459,-0.032216,29.639,0.26839
18.232,18.466,0.047429,-0.031491,29.614,0.31569
18.234,18.462,0.053042,-0.030846,29.596,0.29393
18.234,18.459,0.050894,-0.030391,29.576,0.29219
18.241,18.456,0.045147,-0.029071,29.561,0.28706
18.241,18.453,0,-0.027325,29.54,0.39168
18.264,18.451,0.063874,-0.025345,29.526,0.19611
18.276,18.448,0.056324,-0.023368,29.513,0.18605
18.29,18.446,0.038705,-0.021143,29.495,0.19442
18.29,18.444,0,-0.019879,29.48,0.28099
18.292,18.442,0.014056,-0.02029,29.462,0.23766
18.296,18.44,0.037217,-0.019531,29.44,0.17556
18.305,18.438,0.05234,-0.018064,29.43,0.12427
18.305,18.436,0,-0.016677,29.417,0.23893
18.317,18.434,0.031487,-0.016005,29.419,0.14146
18.319,18.433,-0.018352,-0.015517,29.406,0.24801
18.321,18.431,-0.075791,-0.015059,29.386,0.38722
18.311,18.43,-0.12258,-0.016135,29.382,0.53486
18.311,18.428,0,-0.017428,29.371,0.2065
18.284,18.426,-0.12717,-0.019475,29.346,0.59841
18.284,18.424,0,-0.02035,29.332,0.25125
18.257,18.422,-0.13177,-0.022619,29.321,0.65994
18.245,18.42,-0.14018,-0.023988,29.303,0.7068
18.235,18.418,-0.16898,-0.024955,29.295,0.8148
18.209,18.415,-0.18907,-0.02818,29.28,0.93417
18.185,18.412,-0.20655,-0.031133,29.262,1.0437
18.185,18.409,0,-0.033459,29.24,0.40283
18.185,18.406,0,-0.037076,29.218,0.38649
18.111,18.402,-0.12551,-0.04001,29.185,0.90534
18.111,18.398,0,-0.040643,29.156,0.52638
18.103,18.394,-0.057083,-0.040235,29.112,0.69508
18.106,18.39,-0.022426,-0.039349,29.09,0.58435
18.106,18.386,0,-0.039793,29.062,0.51473
18.105,18.382,-0.022117,-0.038324,29.052,0.56785
18.107,18.378,0.004948,-0.037709,29.019,0.48729
18.111,18.374,0.035116,-0.03657,28.988,0.39659
18.111,18.371,0,-0.035503,28.962,0.47772
18.111,18.367,0,-0.033403,28.936,0.47502
18.131,18.364,0.03895,-0.032464,28.915,0.33138
18.131,18.361,0,-0.03051,28.891,0.42273
18.152,18.358,0.067072,-0.02871,28.87,0.21978
18.151,18.355,0.083895,-0.028518,28.858,0.18216
18.15,18.352,0.12,-0.028326,28.831,0.10892
18.169,18.349,0.15187,-0.025189,28.805,0.015528
18.169,18.347,0,-0.023409,28.787,0.32367
18.186,18.344,0.10413,-0.022175,28.78,0.064299
18.189,18.342,0.082905,-0.021439,28.768,0.09578
18.189,18.34,0,-0.019803,28.753,0.27398
18.209,18.338,0.092066,-0.018164,28.742,0.038576
18.219,18.336,0.10441,-0.016512,28.732,0
18.222,18.334,0.12376,-0.015895,28.72,0
18.233,18.333,0.15545,-0.014067,28.709,0
18.241,18.331,0.15505,-0.012703,28.701,0
18.258,18.33,0.11081,-0.010195,28.694,0
18.264,18.329,0.072733,-0.0092139,28.688,0
18.264,18.328,0,-0.0074521,28.681,0.11782
18.264,18.327,0,-0.0066092,28.675,0.11812
18.275,18.327,-0.024756,-0.0073082,28.69,0.14752
18.275,18.326,0,-0.0066309,28.685,0.091664
18.275,18.325,0,-0.0057396,28.68,0.09223
18.284,18.325,-0.081455,-0.0056902,28.687,0.26511
18.286,18.324,-0.11666,-0.005399,28.679,0.35547
18.271,18.324,-0.16228,-0.0073955,28.682,0.51688
18.255,18.323,-0.20592,-0.009524,28.675,0.68747
18.255,18.322,0,-0.013113,28.668,0.10982
18.255,18.321,0,-0.017001,28.662,0.098572
18.255,18.319,0,-0.018649,28.655,0.091455
18.157,18.317,-0.24534,-0.022681,28.631,1.0315
18.133,18.315,-0.22793,-0.025713,28.62,1.0159
18.109,18.312,-0.20905,-0.02875,28.61,0.99582
18.093,18.309,-0.19247,-0.030604,28.589,0.96571
18.093,18.306,0,-0.03203,28.567,0.38205
18.065,18.303,-0.11408,-0.033838,28.544,0.7545
18.065,18.3,0,-0.033749,28.52,0.42685
18.041,18.296,-0.070778,-0.036396,28.503,0.66004
18.027,18.293,-0.045271,-0.037809,28.484,0.6067
18.027,18.289,-0.0016952,-0.037354,28.454,0.48299
18.031,18.285,0.036236,-0.036283,28.422,0.3748
18.031,18.282,0,-0.034306,28.397,0.46023
18.055,18.278,0.056693,-0.031974,28.359,0.27206
18.069,18.275,0.065936,-0.029483,28.337,0.22083
18.076,18.272,0.056125,-0.028122,28.323,0.22486
18.076,18.269,0,-0.025493,28.303,0.35394
18.095,18.267,0.042724,-0.024722,28.301,0.21164
18.101,18.264,0.078658,-0.023525,28.287,0.1219
18.109,18.262,0.063485,-0.022029,28.277,0.13451
18.108,18.26,0.069607,-0.021844,28.258,0.11956
18.108,18.257,0,-0.021609,28.243,0.26765
18.108,18.255,0,-0.018981,28.228,0.26914
18.125,18.253,0.068993,-0.01849,28.227,0.080555
18.136,18.252,0.08696,-0.016734,28.212,0.025282
18.136,18.25,0.088352,-0.016501,28.195,0.019791
18.149,18.248,0.10682,-0.014392,28.18,0
18.155,18.247,0.12957,-0.013245,28.179,0
18.159,18.245,0.13498,-0.012484,28.167,0
18.159,18.244,0,-0.0094516,28.158,0.15707
18.192,18.243,0.11305,-0.0073595,28.142,0
18.192,18.243,0,-0.0043241,28.137,0.094581
18.192,18.242,0,-0.0011955,28.132,0.10058
18.192,18.242,0,-0.00042891,28.127,0.10203
18.258,18.242,0.10835,0.0052882,28.132,0
18.267,18.242,0.1046,0.0081006,28.14,0
18.267,18.243,0,0.0084352,28.143,0
18.267,18.244,0,0.011042,28.145,0
18.281,18.245,0.043162,0.01181,28.161,0
18.293,18.246,0.016046,0.015147,28.168,0
18.29,18.248,-0.019833,0.013697,28.174,0
18.295,18.249,-0.052078,0.015082,28.18,0.052115
18.287,18.251,-0.042296,0.011956,28.18,0.042767
18.279,18.252,-0.026118,0.0089504,28.18,0.019027
18.279,18.253,0,0.0078402,28.183,0
18.279,18.254,0,0.007305,28.185,0
18.279,18.254,0,0.0030728,28.188,0
18.253,18.255,-0.050154,-0.00023858,28.168,0.1148
18.244,18.255,-0.089135,-0.0016084,28.158,0.22875
18.244,18.255,0,-0.0030938,28.157,0.015953
18.235,18.254,-0.055008,-0.0027277,28.155,0.15805
18.235,18.254,0,-0.003146,28.153,0.031529
18.235,18.254,0,-0.0039162,28.151,0.029241
18.21,18.253,-0.058032,-0.0062546,28.142,0.21071
18.21,18.253,0,-0.0056604,28.137,0.075866
18.203,18.252,-0.054619,-0.007164,28.122,0.21389
18.194,18.251,-0.045643,-0.0083431,28.118,0.20702
18.184,18.251,-0.031682,-0.0097049,28.113,0.19075
18.176,18.25,-0.051267,-0.010745,28.097,0.2516
18.176,18.248,0,-0.010692,28.09,0.12851
18.16,18.247,-0.0379,-0.012719,28.09,0.24394
18.162,18.246,-0.029596,-0.012262,28.081,0.21792
18.167,18.245,-0.034942,-0.011316,28.069,0.21866
18.167,18.244,0,-0.011183,28.062,0.13537
18.172,18.243,0.029363,-0.010261,28.053,0.061291
18.172,18.242,0,-0.0096275,28.046,0.12362
18.172,18.241,0,-0.0085577,28.039,0.12397
18.172,18.24,0,-0.0091621,28.032,0.12082
18.183,18.239,0.038561,-0.0081538,28.033,0.017479
18.191,18.238,0.038007,-0.0068684,28.03,0.0035066
18.188,18.237,0.033718,-0.0071828,28.022,0.01575
18.192,18.237,0.010054,-0.0065122,28.02,0.056807
18.192,18.236,0,-0.0051643,28.015,0.080028
18.194,18.235,-0.0044081,-0.0060056,28.02,0.081935
18.187,18.235,-0.034859,-0.0069505,28.019,0.16296
18.174,18.234,0.00070799,-0.0087806,28.016,0.10448
18.174,18.233,0.028413,-0.008675,28.007,0.044118
18.174,18.232,0,-0.0085611,28.002,0.10312
18.171,18.232,0.054424,-0.0089086,28.003,0
18.18,18.231,0.0921,-0.0074747,27.994,0
18.181,18.23,0.092652,-0.0072014,27.99,0
18.189,18.229,0.097503,-0.0059463,27.99,0
18.189,18.229,0,-0.0043105,27.986,0.073791
18.189,18.228,0,-0.0022281,27.982,0.077435
18.237,18.228,0.23063,0.0028451,27.971,0
18.266,18.228,0.24354,0.012207,27.967,0
18.293,18.229,0.26921,0.020785,27.973,0
18.293,18.232,0,0.029741,27.98,0
18.293,18.235,0,0.039786,27.986,0
18.389,18.239,0.28412,0.049246,28.014,0
18.389,18.243,0,0.060194,28.029,0
18.448,18.249,0.29424,0.065059,28.047,0
18.479,18.256,0.30527,0.073059,28.07,0
18.505,18.263,0.31249,0.078985,28.099,0
18.531,18.271,0.29595,0.085119,28.127,0
18.531,18.28,0,0.092058,28.153,0
18.599,18.289,0.3174,0.10158,28.175,0
18.623,18.299,0.31122,0.10608,28.198,0
18.623,18.31,0,0.11437,28.23,0
18.623,18.321,0,0.11702,28.26,0
18.717,18.333,0.29043,0.12566,28.308,0
18.753,18.345,0.25313,0.13354,28.34,0
18.776,18.359,0.27832,0.13651,28.39,0
18.808,18.372,0.31166,0.14272,28.436,0
18.808,18.387,0,0.14574,28.478,0
18.808,18.401,0,0.15476,28.52,0
18.905,18.417,0.31531,0.15983,28.574,0
18.931,18.433,0.24542,0.16337,28.617,0
18.95,18.449,0.14934,0.16401,28.677,0
18.95,18.465,0,0.16264,28.726,0
18.971,18.482,0.0474,0.16043,28.768,0
18.967,18.498,0.044345,0.15368,28.82,0
18.972,18.513,0.020414,0.15037,28.863,0
18.978,18.528,-0.016958,0.14725,28.899,0
18.976,18.543,-0.086837,0.14197,28.937,0
18.967,18.557,-0.11922,0.13427,28.979,0
18.956,18.57,-0.19289,0.12636,29.013,0
18.956,18.583,0,0.11564,29.051,0
18.91,18.595,-0.20758,0.10326,29.102,0.072227
18.91,18.605,0,0.093455,29.133,0
18.91,18.614,0,0.089306,29.163,0
18.91,18.623,0,0.082015,29.192,0
18.91,18.631,0,0.077701,29.22,0
18.859,18.639,-0.011035,0.071996,29.274,0
18.861,18.646,-0.025486,0.070388,29.285,0
18.854,18.653,-0.084695,0.065758,29.316,0
18.844,18.66,-0.12963,0.060191,29.338,0.048872
18.821,18.666,-0.093795,0.050814,29.359,0
18.821,18.671,0,0.043219,29.375,0
18.821,18.675,0,0.034747,29.389,0
18.821,18.679,0,0.022999,29.404,0
18.68,18.681,-1.1866,-0.00021586,29.405,6.916
18.557,18.681,-1.9378,-0.01718,29.39,18.674
18.37,18.68,-2.7106,-0.042809,29.372,41.189
18.37,18.675,0,-0.081181,29.341,0.46578
17.735,18.667,-4.1479,-0.12997,29.244,143.17
17.317,18.654,-4.7526,-0.18738,29.138,234.62
16.85,18.635,-5.2661,-0.25217,28.974,355.5
16.324,18.61,-5.7951,-0.3262,28.773,552.41
15.746,18.578,-6.3101,-0.40906,28.525,870.51
15.117,18.537,-6.813,-0.50207,28.203,1426.4
14.427,18.486,-6.9445,-0.60735,27.835,1303.6
13.728,18.426,-6.667,-0.71898,27.395,784.66
13.728,18.354,0,-0.83128,26.929,11.667
13.728,18.271,0,-0.9415,26.47,10.556
11.889,18.177,-4.8664,-1.0514,25.733,214.18
11.396,18.071,-4.4389,-1.1568,25.088,173.1
10.948,17.956,-4.5317,-1.2616,24.411,181.58
10.492,17.83,-4.806,-1.3772,23.694,207.79
10.492,17.692,0,-1.5082,22.967,18.695
10.492,17.541,0,-1.6576,22.254,16.771
8.9519,17.375,-5.4748,-1.8272,21.339,41.066
8.4117,17.193,-5.1355,-2.0163,20.474,40.128
8.4117,16.991,0,-2.2184,19.606,19.805
8.4117,16.769,0,-2.4226,18.759,17.147
7.0996,16.527,-2.6943,-2.632,17.723,75.983
6.839,16.264,-1.7966,-2.831,16.777,46.893
6.6556,15.98,-1.1327,-3.0246,15.831,30.818
6.5337,15.678,-0.68462,-3.2092,14.905,21.643
6.4697,15.357,-0.45677,-3.3822,14,16.519
6.4697,15.019,0,-3.549,13.128,10.928
6.4697,14.664,0,-4.4,12.291,7.9993
6.3454,14.224,-0.41705,-4.4,11.482,7.8425
6.3034,13.784,-0.46064,-4.4,10.719,7.335
6.2596,13.344,-0.50838,-4.4,9.9851,7.0136
6.1996,12.904,-0.48955,-4.4,9.293,7.0439
6.1441,12.464,-0.4151,-4.4,8.6362,7.7209
6.1055,12.024,-0.31555,-5.2,8.0227,23.758
6.0697,11.504,-0.16312,-5.2,7.453,33.557
6.048,10.984,-0.010533,-5.2,6.9331,46.92
6.048,10.464,0,-5.2,6.4655,56.295
6.048,9.944,0,-5.2,6.0499,55.229
6.048,9.424,0,-5.2,5.6863,54.163
6.0747,8.904,0.13992,-5.2,5.4,55.615
6.0944,8.384,0.23264,-5.2,5.143,56.283
6.1161,7.864,0.42647,-5.2,4.9344,58.206
6.1161,7.344,0,-5.2,4.7857,52.206
6.2266,6.824,0.77443,-5.2,4.6894,63.784
6.3063,6.304,0.94726,-5.2,4.6542,67.383
6.4058,5.784,1.1033,-8.8,4.6915,63.939
6.5071,4.904,1.2494,-8.8,4.8062,67.331
6.6252,4.024,1.4086,-8.8,5.0205,71.547
6.7757,3.144,1.608,-8.8,5.3296,77.502
6.9417,2.264,1.7613,-8.8,5.7432,83.767
7.1213,1.384,1.8745,4.9,6.2586,0
7.3125,1.874,1.9283,4.9,6.8271,0
7.4966,2.364,1.9333,4.9,7.3649,0
7.6857,2.854,1.9226,4.9,7.8616,0
7.8713,3.344,1.8925,4.9,8.3233,0
8.061,3.834,1.8577,4.9,8.7602,0
8.2404,4.324,1.8467,4.9,9.1693,0.083388
8.418,4.814,1.8828,4.18,9.5385,0
8.418,5.232,0,3.524,9.878,7.7723
8.7947,5.5844,1.9535,3.0936,10.234,0
8.7947,5.8937,0,2.7915,10.539,3.6139
9.1776,6.1729,2.0087,2.5809,10.853,0
9.1776,6.431,0,2.4303,11.141,1.9097
9.5932,6.674,1.9818,2.309,11.453,0
9.5932,6.9049,0,2.2046,11.734,0.81154
9.9839,7.1254,1.9477,2.1189,12.039,0
9.9839,7.3373,0,2.0459,12.314,0.11083
9.9839,7.5419,0,1.9817,12.568,0.50594
10.552,7.74,1.9,1.9301,12.898,0
10.746,7.933,1.8769,1.8894,13.179,0
10.933,8.122,1.8523,1.849,13.456,0
10.933,8.3069,0,1.815,13.728,0
10.933,8.4884,0,1.7801,13.981,0
11.473,8.6664,1.7875,1.7493,14.305,0
11.656,8.8413,1.7647,1.7265,14.588,0
11.827,9.014,1.7497,1.6984,14.861,0
11.827,9.1838,0,1.6838,15.134,0
12.192,9.3522,1.7196,1.6669,15.43,0
12.192,9.5189,0,1.6422,15.706,0
12.192,9.6831,0,1.6193,15.965,0
12.681,9.845,1.6566,1.6013,16.264,0
12.855,10.005,1.6366,1.5915,16.557,0
13.023,10.164,1.6145,1.579,16.847,0
13.023,10.322,0,1.5657,17.125,0
13.353,10.479,1.6189,1.554,17.415,0
13.353,10.634,0,1.5409,17.695,0
13.353,10.788,0,1.5298,17.959,0
13.838,10.941,1.6001,1.5221,18.288,0
14.002,11.093,1.608,1.5145,18.578,0
14.002,11.245,0,1.51,18.861,0
14.32,11.396,1.5822,1.4968,19.171,0
14.471,11.546,1.5738,1.4845,19.455,0
14.471,11.694,0,1.4757,19.74,0
14.788,11.842,1.5331,1.4729,20.058,0
14.94,11.989,1.5274,1.4642,20.359,0
15.09,12.135,1.5298,1.4552,20.654,0
15.249,12.281,1.4827,1.4512,20.948,0
15.249,12.426,0,1.4425,21.238,0
15.536,12.57,1.4646,1.429,21.527,0
15.536,12.713,0,1.4259,21.817,0
15.847,12.856,1.4614,1.4232,22.135,0
15.847,12.998,0,1.4147,22.427,0
16.134,13.139,1.4685,1.4062,22.726,0
16.271,13.28,1.4554,1.3967,23.035,0
16.271,13.42,0,1.3875,23.327,0
16.564,13.558,1.4717,1.3864,23.623,0
16.705,13.697,1.454,1.3789,23.916,0
16.855,13.835,1.476,1.3772,24.225,0
16.995,13.973,1.4728,1.3706,24.522,0
17.14,14.11,1.4398,1.3667,24.827,0
17.29,14.246,1.4228,1.3659,25.136,0
17.29,14.383,0,1.3632,25.433,0
17.581,14.519,1.4154,1.3598,25.746,0
17.724,14.655,1.4171,1.3556,26.048,0
17.724,14.791,0,1.35,26.348,0
17.998,14.926,1.4032,1.3446,26.673,0
18.134,15.06,1.3984,1.3388,26.978,0
18.267,15.194,1.3873,1.3324,27.294,0
18.4,15.328,1.3378,1.3263,27.6,0
18.542,15.46,1.2803,1.3237,27.899,0
18.671,15.593,1.2937,1.3164,28.2,0
18.81,15.724,1.3116,1.3136,28.511,0
18.935,15.856,1.2866,1.3053,28.817,0
18.935,15.986,0,1.3025,29.118,0
18.935,16.116,0,1.2954,29.406,0
19.327,16.246,1.248,1.29,29.743,0
19.445,16.375,1.2525,1.2802,30.053,0
19.445,16.503,0,1.2764,30.354,0
19.445,16.63,0,1.2673,30.642,0
19.817,16.757,1.1833,1.261,30.975,0
19.817,16.883,0,1.2489,31.275,0
20.042,17.008,1.0967,1.2409,31.585,0
20.042,17.132,0,1.2294,31.882,0
20.253,17.255,1.0701,1.2177,32.192,0
20.366,17.377,1.1071,1.2097,32.486,0
20.475,17.498,1.1004,1.2004,32.786,0
20.576,17.618,1.0741,1.1889,33.081,0
20.576,17.737,0,1.184,33.37,0
20.576,17.855,0,1.1747,33.648,0
20.909,17.973,0.89697,1.1684,33.964,0
