20.206,20.206,0.43223,0,35.5,0
20.242,20.206,0.36837,0.012015,35.493,0
20.278,20.207,0.27963,0.023933,35.495,0
20.278,20.21,0,0.035874,35.501,0
20.341,20.213,0.1841,0.043349,35.518,0
20.367,20.218,0.16346,0.050805,35.54,0
20.387,20.223,0.1634,0.055963,35.563,0
20.401,20.228,0.15337,0.058873,35.573,0
20.427,20.234,0.14392,0.06547,35.599,0
20.448,20.241,0.11153,0.070642,35.619,0
20.448,20.248,0,0.069441,35.639,0
20.448,20.255,0,0.069809,35.659,0
20.468,20.262,0.1053,0.070238,35.682,0
20.471,20.269,0.082517,0.068945,35.707,0
20.471,20.276,0,0.067268,35.727,0
20.485,20.282,0.061876,0.06889,35.732,0
20.492,20.289,0.019395,0.068967,35.758,0
20.499,20.296,0.0082191,0.068827,35.783,0
20.509,20.303,-0.011886,0.069979,35.806,0
20.509,20.31,0,0.070432,35.826,0
20.509,20.317,0,0.066227,35.846,0
20.509,20.324,-0.078536,0.062975,35.874,0
20.507,20.33,-0.090066,0.060176,35.898,0
20.492,20.336,-0.065045,0.053046,35.912,0
20.492,20.341,0,0.050357,35.928,0
20.475,20.346,-0.047235,0.04358,35.953,0
20.472,20.351,-0.043035,0.041396,35.967,0
20.464,20.355,-0.051383,0.036975,35.97,0
20.468,20.359,-0.070652,0.037126,35.975,0.010324
20.458,20.362,-0.064221,0.03249,35.989,0.013824
20.458,20.366,0,0.027067,35.998,0
20.441,20.368,0.027411,0.024673,36.009,0
20.443,20.371,0.088844,0.02452,36.014,0
20.443,20.373,0,0.027766,36.021,0
20.467,20.376,0.24322,0.030936,36.018,0
20.482,20.379,0.27682,0.035145,36.03,0
20.509,20.383,0.3248,0.043119,36.041,0
20.538,20.387,0.35378,0.051459,36.054,0
20.538,20.392,0,0.063192,36.069,0
20.62,20.398,0.35599,0.075315,36.099,0
20.653,20.406,0.34166,0.084118,36.124,0
20.681,20.414,0.30166,0.090686,36.16,0
20.707,20.423,0.28605,0.096404,36.191,0
20.727,20.433,0.25477,0.10012,36.215,0
20.727,20.443,0,0.10862,36.243,0
20.79,20.454,0.15701,0.11443,36.276,0
20.807,20.465,0.11478,0.11616,36.311,0
20.818,20.477,0.072672,0.116,36.34,0
20.824,20.489,0.024572,0.11399,36.374,0
20.819,20.5,-0.0017556,0.10828,36.415,0
20.815,20.511,-0.0053105,0.10333,36.446,0
20.805,20.521,-0.012956,0.096546,36.479,0
20.814,20.531,-0.030291,0.09621,36.512,0
20.807,20.54,-0.045713,0.090486,36.543,0
20.807,20.549,-0.062562,0.087633,36.565,0
20.805,20.558,-0.086652,0.083974,36.588,0
20.805,20.567,0,0.079196,36.612,0
20.788,20.575,-0.12605,0.0724,36.643,0.0032399
20.788,20.582,0,0.067884,36.664,0
20.788,20.589,0,0.061218,36.684,0
20.753,20.595,-0.10503,0.053613,36.695,0.026876
20.733,20.6,-0.081988,0.045187,36.719,0.0044381
20.733,20.605,0,0.043913,36.732,0
20.718,20.609,-0.06086,0.037096,36.756,0
20.71,20.613,-0.06987,0.032914,36.761,0.025194
20.71,20.616,0,0.028992,36.771,0
20.7,20.619,-0.10782,0.027396,36.774,0.14235
20.697,20.622,-0.13211,0.0255,36.785,0.21502
20.687,20.624,-0.14858,0.021404,36.798,0.27813
20.671,20.626,-0.16196,0.015285,36.807,0.34266
20.657,20.628,-0.16554,0.01002,36.819,0.37573
20.635,20.629,-0.14675,0.0020805,36.811,0.35506
20.616,20.629,-0.12352,-0.0014157,36.815,0.32638
20.616,20.629,0,-0.0029064,36.814,0.020967
20.598,20.629,-0.09697,-0.0032567,36.81,0.28992
20.598,20.628,0,-0.0040719,36.807,0.05393
20.574,20.628,-0.094489,-0.0056826,36.801,0.32988
20.572,20.627,-0.10944,-0.0059278,36.802,0.37553
20.555,20.627,-0.12125,-0.0076241,36.788,0.44222
20.534,20.626,-0.13045,-0.0097547,36.775,0.51154
20.528,20.625,-0.13983,-0.010304,36.759,0.55054
20.505,20.624,-0.14334,-0.012701,36.75,0.61014
20.505,20.623,0,-0.014195,36.738,0.21684
20.473,20.621,-0.14925,-0.015855,36.713,0.69333
20.454,20.62,-0.12307,-0.017636,36.688,0.64805
20.452,20.618,-0.11804,-0.017769,36.67,0.63515
20.452,20.616,0,-0.01968,36.654,0.30519
20.452,20.614,0,-0.021046,36.637,0.2976
20.398,20.612,-0.12317,-0.022896,36.602,0.75465
20.378,20.61,-0.16314,-0.024871,36.571,0.92645
20.378,20.607,0,-0.026005,36.548,0.43394
20.339,20.605,-0.11002,-0.028594,36.506,0.82816
20.33,20.602,-0.042136,-0.029306,36.48,0.63773
20.33,20.599,0,-0.029482,36.453,0.51578
20.33,20.596,0,-0.028771,36.426,0.51087
20.33,20.593,0,-0.027469,36.4,0.50766
20.33,20.59,0,-0.023504,36.373,0.51167
20.394,20.588,0.32894,-0.020967,36.349,0
20.432,20.586,0.33707,-0.016624,36.334,0
20.432,20.584,0,-0.011887,36.318,0.29602
20.516,20.583,0.33509,-0.0072512,36.309,0
20.549,20.582,0.30743,-0.0035955,36.311,0
20.585,20.582,0.27586,0.00098909,36.301,0
20.619,20.582,0.22913,0.012571,36.312,0
20.637,20.583,0.17305,0.018133,36.318,0
20.659,20.585,0.13991,0.024745,36.326,0
20.666,20.588,0.12055,0.026284,36.334,0
20.684,20.59,0.11999,0.031751,36.341,0
20.684,20.593,0,0.035937,36.35,0
20.705,20.597,0.15162,0.036358,36.365,0
20.726,20.601,0.15332,0.042262,36.381,0
20.746,20.605,0.15206,0.047576,36.39,0
20.756,20.61,0.15501,0.049141,36.403,0
20.756,20.615,0,0.049505,36.418,0
20.756,20.619,0,0.053522,36.432,0
20.799,20.625,0.11555,0.058524,36.453,0
20.799,20.631,0,0.061666,36.47,0
20.799,20.637,0,0.066937,36.486,0
20.855,20.644,0.10507,0.071088,36.525,0
20.855,20.651,0,0.071936,36.546,0
20.855,20.658,0,0.07576,36.566,0
20.855,20.665,0,0.078411,36.585,0
20.903,20.673,0.10722,0.077387,36.59,0
20.914,20.681,0.1174,0.078351,36.617,0
20.921,20.689,0.099912,0.078261,36.631,0
20.934,20.697,0.12398,0.079864,36.658,0
20.934,20.705,0,0.082323,36.682,0
20.96,20.713,0.11956,0.083303,36.705,0
20.96,20.721,0,0.082323,36.729,0
20.976,20.729,0.10805,0.082841,36.747,0
20.976,20.738,0,0.085664,36.772,0
21.009,20.746,0.055689,0.08829,36.793,0
21.007,20.755,0.037342,0.084576,36.823,0
21.012,20.764,0.014764,0.083425,36.855,0
21.018,20.772,-0.01448,0.082792,36.884,0
21.016,20.78,-0.010907,0.079297,36.904,0
21.016,20.788,0,0.074562,36.927,0
21.014,20.796,-0.014867,0.073337,36.946,0
21.013,20.803,-0.01113,0.070496,36.966,0
21.011,20.81,-0.022535,0.067473,36.991,0
21.004,20.817,-0.058854,0.062789,37.002,0
20.991,20.823,-0.067859,0.056547,37.025,0
20.977,20.829,-0.072259,0.049953,37.032,0
20.979,20.834,-0.067415,0.048879,37.055,0
20.979,20.839,0,0.047602,37.069,0
20.968,20.843,-0.046937,0.041831,37.075,0
20.968,20.847,0,0.038953,37.087,0
20.958,20.851,-0.050398,0.035905,37.086,0
20.959,20.855,-0.066503,0.035066,37.1,0.0059104
20.958,20.858,-0.07818,0.033336,37.118,0.041039
20.954,20.862,-0.076139,0.030947,37.121,0.045965
20.94,20.865,-0.067497,0.02535,37.13,0.048348
20.942,20.867,-0.059983,0.025,37.134,0.031965
20.942,20.87,0,0.020152,37.141,0
20.942,20.872,0,0.018177,37.148,0
20.915,20.874,-0.057742,0.014007,37.163,0.071982
20.901,20.875,-0.068091,0.0085792,37.164,0.11924
20.899,20.876,-0.074941,0.0076103,37.158,0.14003
20.899,20.877,0,0.0040715,37.16,0
20.878,20.877,-0.046478,0.00030544,37.164,0.10189
20.879,20.877,-0.047685,0.00069057,37.161,0.10313
20.869,20.877,-0.031435,-0.00088997,37.163,0.084447
20.865,20.877,0.0037433,-0.0012653,37.167,0.013975
20.865,20.877,0,-0.0020218,37.165,0.020025
20.856,20.877,0.096909,-0.0021736,37.161,0
20.87,20.877,0.19873,-0.0006678,37.157,0
20.898,20.877,0.27963,0.0073461,37.162,0
20.898,20.877,0,0.018043,37.164,0
20.954,20.879,0.35224,0.025134,37.164,0
20.994,20.882,0.3491,0.037888,37.177,0
21.036,20.885,0.30126,0.050479,37.19,0
21.036,20.89,0,0.060182,37.205,0
21.036,20.896,0,0.067925,37.219,0
21.128,20.903,0.17736,0.075539,37.243,0
21.15,20.911,0.15586,0.080241,37.273,0
21.15,20.919,0,0.081979,37.297,0
21.15,20.927,0,0.084948,37.319,0
21.192,20.936,0.070575,0.086177,37.348,0
21.192,20.944,0,0.082549,37.373,0
21.204,20.952,0.054824,0.084365,37.383,0
21.213,20.961,0.060101,0.084515,37.398,0
21.213,20.969,0,0.080604,37.423,0
21.222,20.977,0.085664,0.08191,37.44,0
21.221,20.986,0.092259,0.078854,37.469,0
21.228,20.993,0.072781,0.078781,37.49,0
21.231,21.001,0.056041,0.077092,37.513,0
21.231,21.009,0,0.076797,37.536,0
21.231,21.017,0,0.078565,37.558,0
21.231,21.025,0,0.079191,37.579,0
21.268,21.032,0.033146,0.078942,37.611,0
21.268,21.04,0,0.075647,37.635,0
21.26,21.048,-0.0037337,0.070933,37.642,0
21.253,21.055,-0.024699,0.06648,37.672,0
21.253,21.062,0,0.066602,37.691,0
21.262,21.068,-0.0525,0.064742,37.706,0
21.264,21.075,-0.054398,0.06351,37.731,0
21.253,21.081,-0.041745,0.057466,37.753,0
21.253,21.087,0,0.057021,37.77,0
21.257,21.093,-0.048487,0.05505,37.799,0
21.245,21.098,-0.038231,0.04913,37.816,0
21.245,21.103,0,0.048126,37.831,0
21.237,21.108,-0.076199,0.043219,37.835,0
21.231,21.112,-0.15179,0.039681,37.854,0.20582
21.207,21.116,-0.087349,0.03058,37.868,0.074454
21.207,21.119,0,0.024394,37.877,0
21.207,21.122,0,0.018682,37.886,0
21.171,21.124,-0.031893,0.016059,37.906,0.0040375
21.171,21.125,0,0.012055,37.911,0
21.172,21.126,-0.055515,0.015322,37.899,0.061058
21.162,21.128,-0.099555,0.011298,37.909,0.18663
21.145,21.129,-0.13543,0.0052854,37.915,0.30893
21.128,21.13,-0.16134,-0.00013182,37.907,0.4091
21.128,21.129,0,-0.0011751,37.907,0.00010715
21.108,21.129,-0.18756,-0.0022209,37.896,0.5327
21.086,21.129,-0.17415,-0.0045044,37.889,0.53937
21.068,21.129,-0.1619,-0.006337,37.893,0.54032
21.047,21.128,-0.1626,-0.0084717,37.881,0.58758
21.029,21.127,-0.18093,-0.010211,37.872,0.68309
21.009,21.126,-0.23614,-0.012229,37.87,0.91688
20.993,21.125,-0.29905,-0.013772,37.866,1.1916
20.965,21.124,-0.36597,-0.016499,37.85,1.5412
20.934,21.122,-0.45352,-0.019583,37.833,2.0376
20.884,21.12,-0.53896,-0.024608,37.816,2.6385
20.884,21.118,0,-0.029414,37.792,0.435
20.884,21.115,0,-0.036505,37.769,0.41071
20.884,21.111,0,-0.044715,37.746,0.38248
20.595,21.106,-1.0599,-0.053627,37.671,7.7536
20.595,21.101,0,-0.063249,37.62,0.98714
20.375,21.095,-1.2469,-0.075822,37.549,10.794
20.24,21.087,-1.2713,-0.089382,37.481,11.692
20.117,21.078,-1.29,-0.10186,37.387,12.478
19.981,21.068,-1.3071,-0.11561,37.283,13.306
19.853,21.057,-1.3067,-0.12858,37.172,13.861
19.716,21.044,-1.3026,-0.14257,37.043,14.402
19.584,21.029,-1.3328,-0.1561,36.902,15.405
19.459,21.014,-1.335,-0.16882,36.754,15.967
19.323,20.997,-1.3173,-0.18291,36.597,16.288
19.323,20.979,0,-0.19613,36.431,3.8149
19.058,20.959,-1.3163,-0.21063,36.252,17.378
19.058,20.938,0,-0.22513,36.062,4.4326
18.789,20.915,-1.2498,-0.23939,35.851,17.467
18.658,20.891,-1.2472,-0.25368,35.632,17.935
18.529,20.866,-1.2689,-0.26791,35.409,18.753
18.399,20.839,-1.3594,-0.28244,35.176,20.669
18.399,20.811,0,-0.29699,34.933,5.9647
18.133,20.781,-1.5651,-0.31304,34.661,25.271
17.973,20.75,-1.647,-0.33184,34.4,27.499
17.973,20.717,0,-0.35086,34.124,6.9182
17.636,20.682,-1.7136,-0.37311,33.815,30.225
17.462,20.645,-1.7115,-0.39489,33.513,30.877
17.287,20.605,-1.7415,-0.41748,33.193,32.195
17.114,20.563,-1.7703,-0.4401,32.864,33.466
16.928,20.519,-1.785,-0.46529,32.515,34.492
16.928,20.473,0,-0.49064,32.159,9.2954
16.557,20.424,-1.835,-0.5179,31.773,36.95
16.378,20.372,-1.856,-0.54434,31.387,38.025
16.378,20.317,0,-0.57371,30.99,10.433
16.003,20.26,-1.8669,-0.60318,30.547,39.45
15.808,20.2,-1.8994,-0.6348,30.118,40.801
15.808,20.136,0,-0.66582,29.682,11.502
15.808,20.07,0,-0.69972,29.253,10.973
15.255,20,-1.8693,-0.73198,28.765,41.424
15.255,19.927,0,-0.76702,28.295,12.326
15.255,19.85,0,-0.80459,27.831,11.716
15.255,19.769,0,-0.84354,27.376,11.092
14.499,19.685,-1.792,-0.8856,26.769,40.864
14.499,19.596,0,-0.92607,26.255,13.116
14.499,19.504,0,-0.96605,25.75,12.409
14.039,19.407,-0.86103,-0.99844,25.185,23.646
14.039,19.307,0,-1.0253,24.653,13.177
13.906,19.205,-0.16837,-1.048,24.097,14.661
13.885,19.1,0.0088722,-1.063,23.576,12.589
13.88,18.994,-0.012706,-1.0739,23.068,12.236
13.877,18.886,-0.035393,-1.0845,22.565,11.889
13.877,18.778,0,-1.0937,22.07,11.075
13.863,18.669,-0.062461,-1.1059,21.58,11.065
13.861,18.558,-0.05512,-1.1143,21.103,10.486
13.861,18.447,0,-1.1227,20.639,9.5709
13.861,18.334,0,-1.1303,20.186,9.0737
13.851,18.221,0.050496,-1.135,19.739,8.319
13.858,18.108,0.054484,-1.1375,19.302,7.8274
13.858,17.994,0,-1.1369,18.883,7.7365
13.867,17.88,0.089961,-1.1399,18.467,6.7674
13.867,17.766,0,-1.1387,18.072,6.8659
13.877,17.652,0.15033,-1.1372,17.672,5.694
13.877,17.539,0,-1.1282,17.301,6.0944
13.915,17.426,0.23187,-1.1179,16.942,4.6454
13.915,17.314,0,-1.1076,16.597,5.324
13.951,17.203,0.24942,-1.0934,16.258,3.9772
13.98,17.094,0.12798,-1.0736,15.943,4.0857
13.985,16.987,-0.5002,-1.0602,15.646,7.0296
13.938,16.881,-1.3608,-1.0653,15.353,15.509
13.798,16.774,-2.2254,-1.1057,15.052,32.131
13.566,16.664,-3.1145,-1.1808,14.752,64.523
13.566,16.545,0,-1.2896,14.448,3.4623
12.865,16.416,-4.1558,-1.4388,14.082,147.22
12.451,16.273,-4.1511,-1.602,13.714,147.37
12.451,16.112,0,-1.773,13.34,3.7811
12.451,15.935,0,-4.4,12.982,40.642
11.309,15.495,-2.7565,-4.4,12.46,14.274
11.309,15.055,0,-4.4,12.063,34.93
10.816,14.615,-1.7369,-4.4,11.662,11.716
10.634,14.175,-1.4971,-4.4,11.305,19.81
10.482,13.735,-1.4644,-4.4,10.97,28.718
10.482,13.295,0,-4.4,10.667,60.575
10.204,12.855,-1.2572,-4.4,10.376,62.785
10.082,12.415,-1.0212,-4.4,10.133,87.258
9.9778,11.975,-0.7001,-5.2,9.9214,0
9.9124,11.455,-0.43,-5.2,9.7504,0
9.9124,10.935,0,-5.2,9.6221,8088.9
9.8409,10.415,-0.45536,-5.2,9.5462,0
9.7909,9.8951,-0.8525,-5.2,9.5163,0
9.696,9.3751,-1.2686,-5.2,9.5258,0
9.5701,8.8551,-1.6561,0.30101,9.5852,11.76
9.4026,8.8852,-2.0227,0.21797,9.6541,18.808
9.2062,8.907,-2.0744,0.12593,9.6871,20.332
8.997,8.9196,-1.89,0.03256,9.7077,16.943
8.997,8.9228,0,-0.044752,9.7153,0
8.6434,8.9184,-1.4832,-0.1067,9.6952,11.023
8.6434,8.9077,0,-0.1591,9.6682,0.20987
8.367,8.8918,-1.1902,-0.20597,9.6091,7.9092
8.2525,8.8712,-0.87203,-0.24493,9.5444,5.0916
8.2525,8.8467,0,-0.27176,9.4837,0.64791
8.1095,8.8195,-0.40561,-5.2,9.4087,318.89
8.0593,8.2995,-0.01534,-0.091496,9.353,0.3366
8.0593,8.2904,0,-0.090645,9.3294,0.28439
8.101,8.2813,0.81558,-0.069157,9.2995,0
8.1855,8.2744,1.168,-0.03412,9.2907,0.48284
8.3119,8.271,1.4672,0.018751,9.2803,1.238
8.4495,8.2729,1.6135,0.080972,9.2822,1.6243
8.4495,8.2809,0,0.15381,9.2995,0
8.7818,8.2963,1.6222,0.22282,9.3465,1.3859
8.7818,8.3186,0,0.28766,9.3939,0
8.7818,8.3474,0,0.34896,9.4388,0
9.2521,8.3823,1.4257,0.39984,9.5456,0.35999
9.3924,8.4223,1.2061,0.44618,9.6367,0
9.3924,8.4669,0,0.48161,9.7315,0
9.5978,8.515,0.5884,0.4985,9.8489,0
9.6482,8.5649,0.3153,0.49915,9.9654,0
9.6841,8.6148,0.15005,0.49247,10.07,0
9.6903,8.664,0.14359,0.47263,10.178,0
9.709,8.7113,0.20412,0.45946,10.283,0
9.7322,8.7573,0.29578,0.44875,10.379,0
9.7584,8.8021,0.35341,0.43992,10.472,0
9.8025,8.8461,0.32423,0.44003,10.572,0
9.8025,8.8901,0,0.43461,10.665,0
9.8612,8.9336,0.15925,0.42631,10.754,0
9.8732,8.9762,-0.022028,0.41222,10.852,0
9.8751,9.0174,-0.24481,0.3938,10.934,0
9.8751,9.0568,0,0.36534,11.018,0
9.8128,9.0934,-0.72863,0.33039,11.108,2.1936
9.8128,9.1264,0,0.28251,11.179,0
9.8128,9.1546,0,0.22665,11.246,0
9.5216,9.1773,-1.3946,0.15799,11.294,8.8584
9.3878,9.1931,-1.506,0.089248,11.315,10.525
9.2377,9.202,-1.557,0.016337,11.332,11.459
9.2377,9.2037,0,-0.034813,11.336,0
9.2377,9.2002,0,-0.082359,11.339,0
9.2377,9.1919,0,-0.13215,11.344,0
9.2377,9.1787,0,-0.17357,11.349,0
8.5139,9.1614,-0.88092,-0.2053,11.152,5.5696
8.4293,9.1408,-0.58251,-0.22709,11.091,3.5439
8.3726,9.1181,-0.29281,-0.24016,11.011,2.0855
8.3422,9.0941,-0.064345,-0.2446,10.927,1.2491
8.3353,9.0697,0.0018752,-0.24095,10.851,1.0279
8.326,9.0456,0.015476,-0.23816,10.775,0.96549
8.3219,9.0218,0.031915,-0.23366,10.699,0.89068
8.3303,8.9984,0.0068278,-0.22505,10.624,0.90414
8.3303,8.9759,0,-0.21669,10.559,0.89194
8.3278,8.9542,-0.22662,-0.21429,10.491,1.5692
8.3151,8.9328,-0.37069,-0.21311,10.421,2.1515
8.3151,8.9115,0,-0.22336,10.361,0.76463
8.2188,8.8891,-0.63866,-0.23484,10.292,3.6952
8.2188,8.8657,0,-0.24836,10.226,0.8154
8.2188,8.8408,0,-0.26741,10.163,0.7165
8.0093,8.8141,-0.73609,-0.289,10.083,4.5627
7.9269,8.7852,-0.77055,-0.31089,10.008,4.8963
7.8471,8.7541,-0.75521,-0.33191,9.9236,4.8507
7.7758,8.7209,-0.76479,-0.34959,9.8347,4.9664
7.7067,8.6859,-0.81598,-0.36627,9.7428,5.3911
7.7067,8.6493,0,-0.39002,9.6468,1.1249
7.5357,8.6103,-0.90531,-0.4129,9.5305,6.218
7.5357,8.569,0,-0.43532,9.4251,1.2152
7.349,8.5255,-1.0359,-0.46523,9.3055,7.4873
7.349,8.479,0,-5.2,9.1901,124.73
7.349,7.959,0,-0.31445,9.1031,0.59033
7.0404,7.9275,-0.92666,-0.34339,8.9886,6.0494
7.0404,7.8932,0,-5.2,8.9016,99.014
6.8672,7.3732,-0.79991,-0.18679,8.8223,4.4422
6.8672,7.3545,0,-0.21274,8.7727,0.55361
6.8672,7.3332,0,-0.23226,8.725,0.46746
6.8672,7.31,0,-5.2,8.6795,86.629
6.8672,6.79,0,-0.074978,8.6613,0
6.8672,6.7825,0,-0.090888,8.6693,0
6.4897,6.7734,-0.21189,-0.10035,8.5646,0.97769
6.4653,6.7634,-0.11284,-0.10576,8.5407,0.68516
6.4515,6.7528,-0.010275,-0.10753,8.5013,0.41949
6.446,6.742,0.031658,-0.10615,8.4677,0.31737
6.4442,6.7314,0.048949,-0.1035,8.4336,0.26881
6.4538,6.7211,0.049354,-0.096671,8.4077,0.2418
6.4556,6.7114,0.048755,-0.092824,8.3824,0.22763
6.4523,6.7021,0.051823,-5.2,8.3508,64.459
6.451,6.1821,0.058486,0.1826,8.3577,0
6.4483,6.2004,0.11328,0.16802,8.3856,0
6.4483,6.2172,0,0.16983,8.4095,0
6.4483,6.2342,0,0.16805,8.4318,0
6.5181,6.251,0.50661,0.18024,8.471,0
6.5735,6.269,0.65615,0.20511,8.503,0
6.6356,6.2895,0.76646,0.23263,8.5351,0
6.6356,6.3128,0,0.26521,8.5685,0
6.7914,6.3393,0.88668,0.30232,8.6122,0
6.8764,6.3695,0.93765,0.33806,8.6622,0
6.8764,6.4033,0,0.38115,8.7112,0
7.0791,6.4415,1.0592,0.42199,8.7706,0
7.1921,6.4837,1.0999,0.46649,8.8281,0
7.3025,6.5303,1.1298,0.50647,8.908,0
7.3025,6.5809,0,0.54011,8.9827,0
7.5203,6.635,0.94463,0.5744,9.0673,0
7.621,6.6924,0.72438,0.59886,9.1531,0
7.696,6.7523,0.51251,0.60561,9.2552,0
7.7517,6.8128,0.29179,0.59907,9.3518,0
7.7905,6.8728,0.11463,0.58248,9.4501,0
7.8061,6.931,0.070902,0.55231,9.5402,0
7.8112,6.9862,0.13116,0.51745,9.6161,0
7.8112,7.038,0,0.48466,9.696,0
7.8424,7.0864,0.35361,0.46944,9.7658,0
7.8802,7.1334,0.47684,0.46154,9.8344,0
7.8802,7.1795,0,0.45615,9.9068,0
7.8802,7.2252,0,0.4576,9.9746,0
7.8802,7.2709,0,0.47106,10.038,0
8.1056,7.318,0.57493,0.47841,10.12,0
8.1578,7.3659,0.46662,0.4792,10.2,0
8.1578,7.4138,0,0.47405,10.277,0
8.2372,7.4612,0.22597,0.46606,10.361,0
8.2537,7.5078,0.11965,0.44645,10.443,0
8.2537,7.5524,0,0.42745,10.516,0
8.2819,7.5952,-0.0080185,0.40779,10.577,0
8.2819,7.636,0,0.38253,10.644,0
8.2819,7.6742,0,0.34862,10.707,0
8.2455,7.7091,-0.2965,0.31521,10.749,0.50631
