15.833,15.833,0.68766,0,35.5,0
15.906,15.833,0.54282,0.03724,35.512,0
15.961,15.837,0.62394,0.063622,35.526,0
16.031,15.843,0.6465,0.096194,35.542,0
16.031,15.853,0,0.12089,35.561,0
16.031,15.865,0,0.15253,35.578,0
16.031,15.88,0,0.17533,35.594,0.084115
16.031,15.898,0,0.20267,35.608,0.19833
16.349,15.918,0.53636,0.21958,35.725,0
16.349,15.94,0,0.23258,35.767,0
16.446,15.963,0.41237,0.24527,35.823,0
16.446,15.988,0,0.24943,35.87,0
16.51,16.013,0.32872,0.25224,35.924,0
16.549,16.038,0.32906,0.25909,35.979,0
16.549,16.064,0,0.26006,36.029,0
16.549,16.09,0,0.2652,36.076,0
16.648,16.117,0.44473,0.26811,36.142,0
16.648,16.143,0,0.28015,36.193,0
16.748,16.171,0.54555,0.29016,36.264,0
16.805,16.2,0.56637,0.30384,36.329,0
16.805,16.231,0,0.32084,36.388,0
16.932,16.263,0.49704,0.33523,36.443,0
16.979,16.296,0.41505,0.34129,36.502,0
16.979,16.33,0,0.34035,36.569,0
16.979,16.365,0,0.34328,36.632,0
16.979,16.399,0,0.34232,36.692,0
16.979,16.433,0,0.33667,36.748,0
17.143,16.467,0.38136,0.33532,36.87,0
17.18,16.5,0.41939,0.33603,36.945,0
17.18,16.534,0,0.34415,37.012,0
17.285,16.568,0.496,0.35317,37.083,0
17.285,16.604,0,0.35847,37.153,0
17.285,16.639,0,0.36577,37.219,0
17.426,16.676,0.47774,0.36764,37.301,0
17.47,16.713,0.4582,0.37018,37.37,0
17.47,16.75,0,0.36932,37.443,0
17.47,16.787,0,0.37666,37.514,0
17.594,16.824,0.44121,0.37427,37.603,0
17.628,16.862,0.4529,0.3721,37.687,0
17.666,16.899,0.49222,0.37186,37.77,0
17.707,16.936,0.53611,0.37294,37.846,0
17.761,16.974,0.56859,0.38022,37.922,0
17.809,17.012,0.62891,0.38467,38.011,0
17.867,17.05,0.68289,0.39309,38.1,0
17.867,17.089,0,0.41044,38.179,0
17.867,17.13,0,0.42787,38.255,0
18.096,17.173,0.80713,0.44183,38.368,0
18.096,17.217,0,0.46083,38.458,0
18.268,17.263,0.82621,0.47861,38.566,0
18.341,17.311,0.81522,0.48973,38.668,0
18.341,17.36,0,0.50631,38.769,0
18.341,17.411,0,0.51617,38.864,0
18.571,17.463,0.76779,0.52354,38.994,0
18.648,17.515,0.72405,0.53392,39.116,0
18.648,17.568,0,0.53925,39.226,0
18.648,17.622,0,0.54851,39.332,0
18.854,17.677,0.47635,0.55072,39.478,0
18.894,17.732,0.37771,0.54185,39.588,0
18.894,17.786,0,0.53649,39.702,0
18.958,17.84,0.23902,0.5189,39.824,0
18.958,17.892,0,0.50762,39.933,0
19.009,17.943,0.25857,0.49257,40.033,0
19.009,17.992,0,0.48048,40.137,0
19.074,18.04,0.3777,0.47572,40.237,0
19.074,18.087,0,0.46676,40.339,0
19.156,18.134,0.46215,0.46804,40.436,0
19.156,18.181,0,0.46593,40.536,0
19.156,18.228,0,0.46365,40.631,0
19.156,18.274,0,0.461,40.721,0
19.332,18.32,0.49388,0.45968,40.854,0
19.373,18.366,0.50792,0.45652,40.957,0
19.419,18.412,0.50085,0.45618,41.067,0
19.472,18.457,0.49904,0.45832,41.167,0
19.53,18.503,0.48254,0.46303,41.273,0
19.586,18.549,0.46726,0.46635,41.368,0
19.63,18.596,0.39616,0.46425,41.474,0
19.672,18.642,0.34022,0.46162,41.576,0
19.71,18.689,0.26765,0.45683,41.687,0
19.729,18.734,0.18286,0.44406,41.794,0
19.729,18.779,0,0.43013,41.891,0
19.751,18.822,0.121,0.4134,41.971,0
19.751,18.863,0,0.39709,42.061,0
19.779,18.903,0.1919,0.38842,42.159,0
19.779,18.942,0,0.38142,42.244,0
19.827,18.98,0.29415,0.3743,42.318,0
19.827,19.017,0,0.3661,42.401,0
19.827,19.054,0,0.36552,42.48,0
19.926,19.09,0.32954,0.36762,42.57,0
19.963,19.127,0.32958,0.3669,42.644,0
19.989,19.164,0.30704,0.36199,42.718,0
19.989,19.2,0,0.35727,42.799,0
19.989,19.236,0,0.3566,42.876,0
19.989,19.271,0,0.35421,42.95,0
19.989,19.307,0,0.34627,43.02,0
19.989,19.341,0,0.33323,43.086,0
20.126,19.375,0.084788,0.32661,43.221,0
20.126,19.407,0,0.31868,43.295,0
20.126,19.439,0,0.30621,43.365,0
20.126,19.47,0,0.29477,43.432,0
20.147,19.499,-0.059235,0.28042,43.482,0
20.144,19.527,-0.11273,0.26662,43.541,0
20.144,19.554,0,0.25117,43.602,0
20.144,19.579,0,0.23573,43.659,0
20.144,19.603,0,0.21754,43.715,0
20.067,19.625,-0.36572,0.19054,43.76,0.57398
20.03,19.644,-0.41053,0.16635,43.792,0.82873
19.995,19.66,-0.44559,0.14373,43.826,1.0489
19.995,19.675,0,0.11907,43.859,0
19.995,19.686,0,0.095579,43.89,0
19.995,19.696,0,0.071338,43.92,0
19.831,19.703,-0.28688,0.054717,43.92,0.6631
19.806,19.709,-0.19909,0.041793,43.938,0.40396
19.785,19.713,-0.080946,0.030841,43.938,0.10251
19.772,19.716,-0.0011746,0.024036,43.95,0
19.776,19.718,0.092075,0.024709,43.948,0
19.785,19.721,0.18584,0.027473,43.961,0
19.785,19.724,0,0.033504,43.967,0
19.833,19.727,0.30536,0.045542,43.974,0
19.863,19.731,0.39966,0.056418,43.995,0
19.863,19.737,0,0.069011,44.008,0
19.863,19.744,0,0.084912,44.02,0
19.991,19.752,0.57951,0.10198,44.051,0
19.991,19.763,0,0.12107,44.074,0
19.991,19.775,0,0.14329,44.097,0
20.164,19.789,0.62371,0.16052,44.147,0
20.22,19.805,0.58539,0.17726,44.193,0
20.285,19.823,0.62941,0.19751,44.237,0
20.285,19.843,0,0.21328,44.282,0
20.397,19.864,0.61456,0.22763,44.344,0
20.397,19.887,0,0.24239,44.396,0
20.511,19.911,0.58158,0.25557,44.46,0
20.511,19.937,0,0.27095,44.519,0
20.511,19.964,0,0.2787,44.575,0
20.511,19.991,0,0.2818,44.628,0
20.511,20.02,0,0.27804,44.679,0
20.682,20.047,-0.21635,0.26912,44.798,0
20.661,20.074,-0.5204,0.24865,44.855,1.0613
20.619,20.099,-0.83762,0.21991,44.902,3.0641
20.619,20.121,0,0.17802,44.953,0
20.619,20.139,0,0.12496,45.002,0
20.303,20.152,-1.5761,0.064111,45.002,11.527
20.137,20.158,-1.782,-0.0015235,45.015,15.223
20.137,20.158,0,-0.01407,45.013,0.01219
19.781,20.156,-2.0032,-0.027922,44.969,21.679
19.585,20.154,-2.0348,-0.042401,44.928,23.586
19.38,20.149,-1.9448,-0.057457,44.86,22.869
19.187,20.144,-1.7615,-0.071663,44.764,20.318
19.019,20.136,-1.5949,-0.084016,44.669,18.253
18.868,20.128,-1.381,-0.095102,44.548,15.616
18.732,20.119,-1.2171,-0.10509,44.417,13.944
18.61,20.108,-1.1832,-0.11412,44.276,14.055
18.485,20.097,-1.2944,-0.12345,44.115,16.193
18.359,20.084,-1.4266,-0.13286,43.944,18.833
18.359,20.071,0,-0.14429,43.772,4.2539
18.046,20.057,-1.792,-0.15684,43.572,27.223
18.046,20.041,0,-0.17103,43.372,5.1163
17.661,20.024,-1.9674,-0.18705,43.139,33.285
17.661,20.005,0,-0.2036,42.904,6.2347
17.661,19.985,0,-0.22023,42.67,6.0628
17.661,19.963,0,-0.23809,42.439,5.88
16.807,19.939,-2.3929,-0.25744,42.048,49.716
16.563,19.913,-2.6325,-0.27839,41.734,58.994
16.563,19.885,0,-0.30227,41.4,9.598
16.563,19.855,0,-0.32801,41.069,9.2965
15.697,19.822,-3.2312,-0.35652,40.629,88.479
15.38,19.787,-3.2666,-0.38682,40.202,91.864
15.047,19.748,-3.2246,-0.4196,39.748,91.64
15.047,19.706,0,-0.45281,39.28,14.624
15.047,19.661,0,-0.48672,38.816,14.144
14.109,19.612,-2.856,-0.52049,38.2,80.766
13.833,19.56,-2.7542,-0.55337,37.647,78.215
13.833,19.505,0,-0.58786,37.077,18.579
13.302,19.446,-2.5389,-0.62223,36.448,72.927
13.302,19.384,0,-0.65874,35.837,20.1
12.779,19.318,-2.5145,-0.69691,35.185,74.164
12.519,19.248,-2.4242,-0.73709,34.526,72.137
12.519,19.174,0,-0.77746,33.856,22.1
12.046,19.097,-2.0078,-0.81888,33.148,61.163
12.046,19.015,0,-0.85979,32.447,23.048
11.678,18.929,-1.3067,-0.8978,31.703,44.968
11.678,18.839,0,-0.93362,30.982,23.423
11.433,18.746,-0.9416,-0.96839,30.246,37.599
11.341,18.649,-0.93507,-1.0021,29.511,37.063
11.245,18.549,-1.0141,-1.0378,28.78,38.024
11.153,18.445,-1.1331,-1.0741,28.056,39.707
11.048,18.337,-1.2902,-1.1141,27.332,42.26
10.928,18.226,-1.4185,-1.1589,26.6,44.398
10.928,18.11,0,-1.2098,25.876,21.104
10.632,17.989,-1.7532,-1.2639,25.144,51.011
10.632,17.863,0,-1.3259,24.415,20.364
10.267,17.73,-2.0554,-1.3951,23.664,57.8
10.058,17.591,-2.1726,-1.4729,22.908,60.544
9.8432,17.443,-2.2615,-1.5564,22.154,62.514
9.6248,17.288,-2.3395,-1.6457,21.398,64.122
9.3812,17.123,-2.3851,-1.7471,20.636,64.742
9.3812,16.948,0,-1.8565,19.87,17.721
9.3812,16.763,0,-1.9713,19.123,15.963
9.3812,16.566,0,-2.0995,18.395,14.15
8.4164,16.356,-2.3447,-2.2351,17.514,58.263
8.4164,16.132,0,-2.3822,16.731,14.532
7.9515,15.894,-2.2518,-2.534,15.933,51.433
7.9515,15.64,0,-2.7015,15.152,12.355
7.5024,15.37,-2.3127,-2.8771,14.351,47.905
7.2708,15.083,-2.3886,-3.0717,13.564,47.023
7.0328,14.775,-2.4547,-3.2838,12.783,45.556
7.0328,14.447,0,-4.9546,12.025,11.071
6.5227,13.952,-2.52,-4.9712,11.258,21.755
6.2658,13.455,-2.5275,-4.9826,10.525,19.963
6.0166,12.956,-2.5673,-5.0202,9.8166,18.674
5.7667,12.454,-2.6125,-5.0591,9.1399,17.564
5.4957,11.948,-2.6925,-5.2,8.4852,8.2564
5.2304,11.428,-2.7954,-5.2406,7.8552,7.6514
4.9566,10.904,-2.8618,-5.3047,7.24,7.0595
4.6735,10.374,-2.8627,-5.3006,6.6642,6.563
4.3931,9.8437,-2.8186,-5.2486,6.1129,6.0676
4.1141,9.3189,-2.7102,-5.2,5.5898,5.438
3.8508,8.7989,-2.5679,-5.2,5.0897,4.6129
3.8508,8.2789,0,-5.2,4.6209,12.881
3.3658,7.7589,-2.2927,-5.2,4.1534,2.8968
3.3658,7.2389,0,-5.2,3.7401,7.4049
2.926,6.7189,-2.132,-5.2,3.3339,1.3287
2.7201,6.1989,-2.108,-5.2,2.9644,0.63427
2.5175,5.6789,-2.0966,-8.8,2.6386,0
2.3058,4.7989,-2.0962,-8.8,2.3508,0
2.1011,3.9189,-2.1127,-8.8,2.1393,0
1.889,3.0389,-2.0774,-8.8,1.997,0
1.889,2.1589,0,-8.8,1.926,0
1.4839,1.2789,-1.9972,-8.8,1.89,0
1.2803,0.39886,-1.9617,-8.8,1.9489,0
1.0853,0,-1.9084,-8.8,2.0662,0
1.0853,0,0,-8.8,2.2187,0
1.0853,0,0,-8.8,2.3712,0
1.0853,0,0,-8.8,2.5237,0
1.0853,0,0,-8.8,2.6763,0
0.16947,0,-1.7356,-8.8,2.5892,0
-0.012793,0,-1.7303,-8.8,2.6435,0
-0.18897,0,-1.6871,-8.8,2.6791,0
-0.3566,0,-1.6232,-8.8,2.7056,0
-0.5191,0,-1.5586,-8.8,2.7074,0
-0.66813,0,-1.5093,-8.8,2.6878,0
-0.81025,0,-1.4236,-8.8,2.6621,0
-0.96175,0,-1.3351,-8.8,2.6205,0
-0.96175,0,0,-8.8,2.5683,0
-1.2154,0,-1.2347,-8.8,2.489,0
-1.3405,0,-1.1903,-8.8,2.4037,0
-1.4693,0,-1.212,-8.8,2.3002,0
-1.5819,0,-1.2767,-8.8,2.1815,0
-1.5819,0,0,-8.8,2.0673,0
-1.8364,0,-1.4933,-8.8,1.9356,0
-1.9809,0,-1.6892,-8.8,1.7985,0
-1.9809,0,0,-8.8,1.6444,0
-1.9809,0,0,-8.8,1.4903,0
-1.9809,0,0,-8.8,1.3362,0
-2.7863,0,-2.4544,-8.8,1.0456,0
-3.0308,0,-2.5689,-8.8,0.79859,0
-3.2849,0,-2.655,-12.852,0.5291,0
-3.5552,0,-2.6927,-27.496,0.25479,0
-3.8261,0,-2.6638,-436.28,0.01688,0
-4.0943,0,-2.6575,-8.8,1.8012,0
-4.0943,0,0,-9.2954,1.4357,0
-4.6358,0,-2.615,-13.101,1.0248,0
-4.8969,0,-2.5574,-22.395,0.60439,0
-5.1619,0,-2.4618,-67.381,0.20522,0
-5.4105,0,-2.2633,-794.14,0.018483,0
-5.6369,0,-1.9261,-8.8,3.4329,0
-5.8279,0,-1.4895,-8.8,2.9077,0
-5.9673,0,-1.0348,-8.8,2.3683,0
-6.0718,0,-0.61444,-10.827,1.805,0
-6.138,0,-0.26561,-15.414,1.2436,0
-6.138,0,0,-27.251,0.70683,0
-6.1799,0,0.038389,-87.735,0.21756,0
-6.1824,0,0.14254,-610.87,0.031278,0
-6.1824,0,0,-8.8,2.4674,0
-6.1824,0,0,-9.6612,1.8932,0
-6.1824,0,0,-13.61,1.3232,0
-6.1824,0,0,-23.009,0.77304,0
-6.0493,0,0.55405,-59.493,0.30472,0
-5.9922,0,0.62557,-14378,0.0012486,0
-5.9209,0,0.67357,7.8,71.294,27.112
-5.9209,0.78,0,7.8,70.663,30.127
-5.7945,1.56,0.73825,7.8,69.975,29.915
-5.7288,2.34,0.74894,7.8,69.202,31.357
-5.6471,3.12,0.74632,7.8,68.357,32.794
-5.6471,3.9,0,7.8,67.441,35.961
-5.5051,4.68,0.67758,7.8,66.461,35.845
-5.5051,5.46,0,7.8,65.404,38.868
-5.3855,6.24,0.61374,6.7,64.28,36.621
-5.3263,6.91,0.59777,6.7,63.09,37.907
-5.2602,7.58,0.58396,6.7,61.832,39.174
-5.2115,8.25,0.59658,6.7,60.514,40.421
-5.2115,8.92,0,6.7,59.135,43.048
-5.2115,9.59,0,6.7,57.688,44.421
-5.2115,10.26,0,6.7,56.175,45.795
-5.2115,10.93,0,6.7,54.594,47.168
-4.917,11.6,0.49509,6.7,53.041,46.898
-4.8642,12.27,0.45442,4.8,51.357,44.256
-4.8215,12.75,0.42779,4.8,49.621,45.209
-4.7798,13.23,0.40698,4.8,47.835,46.151
-4.7798,13.71,0,4.8,46.01,47.99
-4.702,14.19,0.38403,4.8,44.155,48.008
-4.6675,14.67,0.34814,4.8,42.247,48.996
-4.6675,15.15,0,-1.2962,40.289,37.902
-4.5978,15.02,0.24963,-1.3842,38.317,36.784
-4.5978,14.882,0,-1.4811,36.362,36.821
-4.5569,14.734,0.15109,-1.5903,34.431,35.887
-4.536,14.575,0.1605,-1.7115,32.514,35.244
-4.5274,14.404,0.17438,-1.8485,30.617,34.558
-4.5274,14.219,0,-2.0045,28.733,34.218
-4.5113,14.018,0.18876,-2.1793,26.871,33.01
-4.488,13.8,0.21387,-2.378,25.027,32.045
-4.4722,13.563,0.17792,-2.6044,23.22,31.125
-4.4532,13.302,0.15778,-2.8665,21.429,30.044
-4.4396,13.016,0.10236,-3.1692,19.674,28.909
-4.4362,12.699,0.11168,-3.5281,17.938,27.479
-4.4264,12.346,-0.6057,-3.9496,16.234,27.357
-4.4933,11.951,-2.3571,-4.4706,14.567,29.27
-4.7224,11.504,-4.3024,-5.1469,12.94,31.489
-5.1623,10.989,-6.0892,-6.0759,11.325,33.138
-5.1623,10.382,0,-20.757,9.7404,0
-6.5081,8.3059,-7.624,-21.06,8.1668,2.137
-7.2786,6.1999,-6.2099,-19.681,6.743,0
-7.2786,4.2318,0,-17.517,5.4935,0
-8.315,2.4801,-2.4753,-15.986,4.3127,0
-8.5629,0.8815,-2.1877,-15.663,3.3096,0
-8.7774,0,-2.5048,-18.331,2.434,0
-9.0333,0,-3.076,-27.954,1.64,0
-9.3453,0,-3.8233,-54.246,0.86603,0
-9.7209,0,-3.799,-262.57,0.18259,0
-10.094,0,-3.0303,-105.58,0.49676,0
-10.398,0,-1.76,9.8,1,45.606
-10.398,0.98,0,9.8,1.0142,43.917
-10.645,1.96,-0.053232,9.8,1,46.544
-10.645,2.94,0,9.8,1.0004,48.441
-10.645,3.92,0,9.8,1.0022,50.45
-10.645,4.9,0,9.8,0.98615,52.459
-10.375,5.88,1.3527,9.8,1,51.072
-10.375,6.86,0,9.8,1.0009,55.923
-10.096,7.84,1.1662,9.8,1,54.91
-9.979,8.82,1.2532,9.8,1,56.497
-9.8532,9.8,1.6329,9.8,1,57.45
-9.682,10.78,2.035,9.8,1,58.263
-9.4802,11.76,2.4556,9.8,1,58.975
-9.2409,12.74,2.8959,9.8,1,59.568
-9.2409,13.72,0,9.8,0.99353,67.662
-9.2409,14.7,0,9.8,0.9592,69.671
-9.2409,15.68,0,9.8,0.87538,71.68
-8.0553,16.66,3.0211,9.8,1,64.911
-8.0553,17.64,0,9.8,0.9785,73.268
-7.4494,18.62,2.9361,9.8,1,67.865
-7.15,19.6,2.8496,9.8,1,69.442
-6.8668,20.58,2.758,9.8,1,71.063
-6.5849,21.56,2.6778,9.8,1,72.663
-6.3156,22.54,2.6028,9.8,1,74.277
-6.0575,23.52,2.5113,9.8,1,75.949
-5.7992,24.5,2.449,9.8,1,77.56
-5.7992,25.48,0,9.8,0.9946,84.715
-5.32,26.46,2.3715,9.8,1,80.758
-5.087,27.44,2.3024,9.8,1,82.435
-4.8564,28.42,2.2187,9.8,1,84.147
-4.6338,29.4,2.0525,9.8,1,86.049
-4.6338,30.38,0,9.8,0.98021,92.371
-4.2294,31.36,1.9445,9.8,1,89.465
-4.0316,32.34,1.993,9.8,1,90.966
-3.836,33.32,1.9862,9.8,1,92.589
-3.6335,34.3,2.035,9.8,1,94.08
-3.429,35.28,1.9718,9.8,1,95.802
-3.2327,36.26,1.7957,9.8,1,97.779
-3.0556,37.24,1.3423,9.8,1,100.38
-2.9277,38.22,0.91158,9.8,1,103.03
-2.842,39.2,0.46721,9.8,1,105.8
-2.7997,40.18,0.11124,9.8,1,108.47
-2.783,41.16,-0.17898,9.8,1,111.05
-2.8006,42.14,-0.24959,9.8,1,113.24
-2.8183,43.12,-0.30082,9.8,1,115.4
-2.8565,44.1,-0.36837,9.8,1,117.63
-2.8966,45.08,-0.47903,9.8,1,119.95
-2.8966,46.06,0,9.8,1.0091,120.95
-3.0017,47.04,-0.64177,9.8,1,124.53
-3.0574,48.02,-0.68985,9.8,1,126.75
-3.1298,49,-0.65563,9.8,1,128.84
-3.1948,49.98,-0.56117,9.8,1,130.78
-3.2555,50.96,-0.48781,9.8,1,132.76
-3.3131,51.94,-0.4344,9.8,1,134.77
-3.3131,52.92,0,9.8,1.0106,135.87
-3.3131,53.9,0,9.8,1.0157,137.88
-3.3131,54.88,0,9.8,1.0217,139.89
-3.4379,55.86,-0.32677,9.8,1,142.84
-3.4692,56.84,-0.28084,9.8,1,144.82
-3.4692,57.82,0,9.8,1.0074,146.24
-3.5326,58.8,-0.18079,9.8,1,148.75
-3.5471,59.78,0.014236,9.8,1,150.38
-3.542,60.76,0.24304,9.8,1,151.9
-3.5165,61.74,0.3972,9.8,1,153.53
-3.5165,62.72,0,9.8,1.0033,156.38
-3.5165,63.7,0,9.8,0.99245,158.39
-3.5165,64.68,0,9.8,0.98251,160.4
-3.5165,65.66,0,9.8,0.9705,162.4
-3.5165,66.64,0,9.8,0.94591,164.41
-3.1828,67.62,0.30948,9.8,1,165.09
-3.1422,68.6,0.16901,9.8,1,167.31
-3.1203,69.58,0.074152,9.8,1,169.47
-3.1047,70.56,0.024561,9.8,1,171.55
-3.1047,71.54,0,9.8,0.99871,173.61
-3.1045,72.52,-0.15548,9.8,1,175.95
-3.1045,73.5,0,9.8,0.99486,177.63
-3.1409,74.48,-0.28032,9.8,1,180.3
-3.168,75.46,-0.32954,9.8,1,182.47
-3.1941,76.44,-0.32163,9.8,1,184.52
-3.2181,77.42,-0.22013,9.8,1,186.36
-3.2181,78.4,0,9.8,1.0075,187.91
-3.2181,79.38,0,9.8,1.0136,189.92
-3.2181,80.36,0,9.8,1.0053,191.93
-3.1733,81.34,0.72528,9.8,1,192.32
-3.0958,82.32,0.85925,9.8,1,193.89
-3.0061,83.3,0.86929,9.8,1,195.69
-3.0061,84.28,0,9.8,1.0034,199.53
-2.8565,85.26,0.74777,9.8,1,199.66
-2.8565,86.24,0,9.8,1.0048,203.24
-2.8565,87.22,0,9.8,0.9932,205.25
-2.6309,88.2,0.66384,9.8,1,205.4
-2.5671,89.18,0.65585,9.8,1,207.3
-2.5085,90.16,0.62468,9.8,1,209.25
-2.447,91.14,0.56685,9.8,1,211.25
-2.3893,92.12,0.44546,9.8,1,213.4
-2.3537,93.1,0.29955,9.8,1,215.64
-2.3316,94.08,0.17426,9.8,1,217.87
-2.3316,95.06,0,9.8,0.99442,220.25
-2.3062,96.04,0.035718,9.8,1,222.13
-2.303,97.02,0.02225,9.8,1,224.16
-2.3043,98,0.069652,9.8,1,226.07
-2.2884,98.98,0.13748,9.8,1,227.9
-2.2711,99.96,0.20505,9.8,1,229.74
-2.2556,100.94,0.20763,9.8,1,231.71
-2.227,101.92,0.22407,9.8,1,233.62
-2.2038,102.9,0.24123,9.8,1,235.55
-2.2038,103.88,0,9.8,0.99697,238.06
-2.159,104.86,0.26261,9.8,1,239.43
-2.159,105.84,0,9.8,0.99014,241.99
-2.159,106.82,0,9.8,0.99074,244
-2.0713,107.8,0.4743,9.8,1,244.83
-2.032,108.78,0.55994,9.8,1,246.58
-2.032,109.76,0,9.8,0.99514,249.77
-2.032,110.74,0,9.8,0.98802,251.77
-1.8444,111.72,0.57097,9.8,1,252.2
-1.7803,112.7,0.56173,9.8,1,254.1
-1.7248,113.68,0.51534,9.8,1,256.09
-1.6673,114.66,0.48017,9.8,1,258.05
-1.6237,115.64,0.4827,9.8,1,259.97
-1.6237,116.62,0,9.8,0.99918,262.99
-1.6237,117.6,0,9.8,0.9835,265
-1.6237,118.58,0,9.8,0.97164,267.01
