0,0,0.23516,0,35.5,0
0.033359,0,0.21812,7.8,35.504,69.626
0.0607,0.78,0.19446,7.8,35.461,75.327
0.077347,1.56,0.17948,7.8,35.351,80.983
0.094549,2.34,0.16321,7.8,35.172,86.709
0.1081,3.12,0.15728,7.8,34.918,92.284
0.11432,3.9,0.15614,7.8,34.588,97.841
0.1263,4.68,0.14746,7.8,34.174,103.55
0.14609,5.46,0.14669,7.8,33.678,109.06
0.15317,6.24,0.13855,6.7,33.101,100.87
0.16619,6.91,0.12699,6.7,32.456,105.85
0.18729,7.58,0.11177,6.7,31.757,110.88
0.18729,8.25,0,-0.4225,30.984,33.457
0.18729,8.2078,0,-0.43599,30.18,33.071
0.18729,8.1642,0,-0.45058,29.38,32.666
0.18729,8.1191,0,-0.46497,28.585,32.256
0.22003,8.0726,0.045344,-0.48039,27.825,31.025
0.23342,8.0246,0.036706,-0.49655,27.038,30.624
0.23879,7.9749,0.035315,-0.51397,26.258,30.154
0.23783,7.9235,0.075756,-0.53241,25.493,29.157
0.25464,7.8703,0.12406,-0.55089,24.724,27.97
0.26462,7.8152,0.15402,-0.57069,23.964,27.049
0.26462,7.7581,0,-0.5901,23.212,28.481
0.26462,7.6991,0,-0.61178,22.466,27.936
0.32221,7.6379,0.22851,-0.63386,21.732,24.307
0.3359,7.5745,0.22446,-0.6576,21.002,23.731
0.36769,7.5088,0.24034,-0.68102,20.277,22.831
0.39714,7.4407,0.32332,-0.70578,19.561,21.222
0.43568,7.3701,0.48076,-0.73068,18.856,18.907
0.47763,7.297,0.73898,-0.75584,18.168,15.91
0.55636,7.2214,1.0169,-0.77711,17.499,13.054
0.65854,7.1437,1.2771,-0.79607,16.842,10.686
0.78334,7.0641,1.4476,-0.81195,16.202,9.0766
0.93382,6.9829,1.562,-0.82416,15.576,7.8563
1.0907,6.9005,1.6109,-0.83287,14.987,7.0019
1.2444,6.8172,1.6252,-0.84129,14.409,6.3376
1.4133,6.7331,1.5917,-0.84436,13.865,5.8257
1.5682,6.6487,1.4783,-0.84699,13.348,5.566
1.723,6.564,1.2405,-0.84678,12.856,5.6621
1.8457,6.4793,0.94339,-0.85107,12.375,6.1037
1.9426,6.3942,0.6424,-0.85814,11.915,6.7915
1.9426,6.3084,0,-0.86871,11.474,10.285
2.05,6.2215,0.25189,-0.88335,11.055,7.7518
2.0821,6.1332,0.19243,-0.89956,10.642,7.5731
2.0821,6.0432,0,-0.91956,10.241,8.3153
2.1051,5.9512,0.16741,-0.94035,9.8428,6.77
2.1269,5.8572,0.20985,-0.95652,9.4636,6.0792
2.1269,5.7616,0,-0.9733,9.0953,6.7835
2.1778,5.6642,0.4295,-0.98377,8.7365,4.3477
2.1778,5.5659,0,-0.99308,8.3928,5.8204
2.2694,5.4665,0.79163,-0.99344,8.0514,2.9056
2.3557,5.3672,0.95518,-0.97809,7.7448,2.5412
2.4491,5.2694,1.0871,-8.8,7.4471,0
2.5504,4.3894,1.1647,-0.54055,7.2129,1.4828
2.6746,4.3353,1.187,-8.8,7.0424,0
2.6746,3.4553,0,-0.16069,6.9204,1.3794
2.8972,3.4393,0.96072,-0.1324,6.8787,0.27033
2.8972,3.426,0,-0.10694,6.8251,0.91505
2.8972,3.4153,0,-0.08589,6.7728,0.94942
3.1281,3.4067,0.444,-0.069594,6.7439,0
3.1281,3.3998,0,-0.055124,6.7164,0.45593
3.2115,3.3943,0.4107,-0.045977,6.6995,0
3.2115,3.3897,0,-8.8,6.6814,0
3.2115,2.5097,0,1.9714,6.7076,7.6749
3.3453,2.7068,0.51354,1.432,6.7941,1.3231
3.3871,2.85,0.50314,1.1133,6.8504,0.42296
3.3871,2.9614,0,0.9157,6.8985,2.1494
3.3871,3.0529,0,0.80831,6.9365,1.9362
3.5375,3.1338,0.50483,0.72729,6.9904,0
3.5375,3.2065,0,0.65982,7.0272,1.2736
3.5375,3.2725,0,0.63986,7.057,1.3937
3.5375,3.3365,0,0.63011,7.0803,1.5526
3.7892,3.3995,0.83722,0.62494,7.1447,0
3.8695,3.462,0.90416,0.63763,7.1925,0
3.9646,3.5257,0.93021,0.66922,7.2304,0
4.0541,3.5926,0.95571,0.68502,7.2687,0
4.1533,3.6611,1.0057,0.71124,7.3074,0
4.1533,3.7323,0,0.72054,7.3531,1.2537
4.3463,3.8043,1.0841,0.74238,7.3926,0
4.4629,3.8786,1.1215,0.77952,7.4413,0
4.4629,3.9565,0,0.81562,7.4958,1.4023
4.6889,4.0381,1.1197,0.82427,7.5717,0
4.8053,4.1205,1.098,0.84457,7.6334,0
4.8053,4.205,0,0.86413,7.6977,1.3184
5.0277,4.2914,1.0272,0.86262,7.7753,0
5.122,4.3776,0.99934,0.85068,7.8498,0
5.2265,4.4627,0.98107,0.8531,7.9309,0
5.2265,4.548,0,0.85608,8.003,1.0328
5.4276,4.6336,0.85924,0.84857,8.0998,0
5.5135,4.7185,0.8622,0.83126,8.1759,0
5.6084,4.8016,0.88072,0.82586,8.249,0
5.7053,4.8842,0.88943,0.82405,8.331,0
5.8017,4.9666,0.95199,0.82244,8.416,0
5.891,5.0488,0.96304,0.81494,8.5091,0
5.9788,5.1303,0.93841,0.80563,8.5843,0
6.0694,5.2109,0.91319,0.80152,8.6735,0
6.1537,5.291,0.89262,0.79203,8.7588,0
6.2496,5.3702,0.87708,0.79435,8.8434,0
6.3426,5.4497,0.88351,0.79469,8.9403,0
6.4289,5.5292,0.87049,0.78854,9.0282,0
6.5172,5.608,0.84819,0.78483,9.1154,0
6.5939,5.6865,0.85455,0.77253,9.2118,0
6.6778,5.7637,0.85346,0.7668,9.293,0
6.6778,5.8404,0,0.75623,9.3806,0.15611
6.8278,5.916,0.84851,0.74642,9.4944,0
6.8278,5.9907,0,0.74885,9.5818,0.12967
7.0046,6.0656,0.68491,0.7494,9.6693,0
7.0046,6.1405,0,0.73492,9.7595,0.0048797
7.1143,6.214,0.29575,0.70286,9.8705,0
7.1143,6.2843,0,0.66321,9.957,0
7.152,6.3506,-0.08886,0.61274,10.044,0.066933
7.1522,6.4119,-0.15221,0.56116,10.128,0.2886
7.1335,6.468,-0.14254,0.50032,10.201,0.23823
7.1239,6.518,-0.10959,0.4518,10.255,0.11301
7.1074,6.5632,-0.070622,0.40348,10.321,0
7.0991,6.6036,-0.022424,0.36554,10.381,0
7.0991,6.6401,0,0.33066,10.428,0
7.0991,6.6732,0,0.30817,10.473,0
7.1074,6.704,0.041022,0.29363,10.521,0
7.1191,6.7334,0.042875,0.27947,10.553,0
7.1191,6.7613,0,0.25888,10.59,0
7.1294,6.7872,0.069095,0.24607,10.621,0
7.1303,6.8118,0.083814,0.22826,10.653,0
7.1303,6.8346,0,0.22053,10.684,0
7.1475,6.8567,0.17757,0.20751,10.73,0
7.1607,6.8774,0.2373,0.20169,10.766,0
7.1607,6.8976,0,0.19836,10.793,0
7.1607,6.9174,0,0.21324,10.819,0
7.1607,6.9388,0,0.2201,10.842,0.038256
7.284,6.9608,0.47762,0.22751,10.871,0
7.3405,6.9835,0.51833,0.25051,10.902,0
7.384,7.0086,0.53389,0.26252,10.931,0
7.4431,7.0348,0.55777,0.2848,10.977,0
7.4958,7.0633,0.56965,0.30076,11.024,0
7.5581,7.0934,0.56759,0.32212,11.071,0
7.6228,7.1256,0.54211,0.34333,11.117,0
7.6785,7.1599,0.48011,0.35639,11.16,0
7.7279,7.1956,0.36917,0.3644,11.212,0
7.774,7.232,0.26022,0.36922,11.259,0
7.774,7.2689,0,0.35559,11.311,0
7.774,7.3045,0,0.34762,11.36,0
7.8183,7.3392,-0.0033483,0.32234,11.414,0
7.8183,7.3715,0,0.30114,11.461,0
7.8183,7.4016,0,0.27733,11.504,0
7.8203,7.4293,-0.030541,0.26023,11.537,0
7.8124,7.4554,-0.0095027,0.2369,11.57,0
7.816,7.479,0.0080153,0.22298,11.608,0
7.816,7.5013,0,0.20241,11.64,0
7.8101,7.5216,0.00032032,0.18997,11.666,0
7.8103,7.5406,-0.0071706,0.17727,11.694,0
7.8103,7.5583,0,0.17001,11.72,0
7.8173,7.5753,-0.045629,0.15835,11.74,0
7.8173,7.5911,0,0.15057,11.764,0
7.8173,7.6062,0,0.1356,11.785,0
7.8097,7.6198,-0.022813,0.12371,11.804,0
7.8128,7.6321,-0.014271,0.11752,11.823,0
7.8204,7.6439,-0.0019643,0.11471,11.844,0
7.8294,7.6554,-0.0046382,0.11302,11.87,0
7.8386,7.6667,-0.0075071,0.11145,11.879,0
7.8386,7.6778,0,0.10803,11.895,0
7.8386,7.6886,0,0.099991,11.911,0
7.8415,7.6986,-0.010644,0.092347,11.934,0
7.8415,7.7078,0,0.090364,11.948,0
7.8509,7.7169,-0.027992,0.086409,11.957,0
7.8446,7.7255,-0.038694,0.076727,11.965,0.006608
7.8484,7.7332,-0.037965,0.074132,11.969,0.0071509
7.8531,7.7406,-0.037659,0.072341,11.987,0.0081793
7.8571,7.7478,-0.028898,0.070206,11.997,0
7.8571,7.7549,0,0.06311,12.008,0
7.858,7.7612,-0.032531,0.062115,12.013,0.0060282
7.858,7.7674,0,0.0514,12.022,0
7.858,7.7725,0,0.048433,12.031,0
7.836,7.7774,-0.039005,0.037531,12.037,0.046479
7.8324,7.7811,-0.02222,0.032796,12.034,0.012773
7.8323,7.7844,-0.019007,0.030646,12.037,0.0078107
7.8311,7.7875,-0.027421,0.027886,12.046,0.029732
7.8302,7.7902,-0.050251,0.025526,12.053,0.085412
7.8198,7.7928,-0.047344,0.017248,12.066,0.08715
7.8116,7.7945,-0.048467,0.010907,12.072,0.096415
7.8116,7.7956,0,0.0011778,12.074,0
7.8004,7.7957,-0.056623,0.0030111,12.075,0.12401
7.8004,7.796,0,0.0018613,12.075,0
7.7859,7.7962,-0.02961,-0.0024088,12.065,0.080895
7.783,7.796,-0.018702,-0.0030383,12.061,0.060749
7.783,7.7957,0,-0.005315,12.06,0.014826
7.78,7.7951,-0.018291,-0.0035378,12.066,0.063252
7.7827,7.7948,-0.037042,-0.0028242,12.062,0.10072
7.7827,7.7945,0,-0.0025335,12.061,0.018871
7.7724,7.7943,-0.052459,-0.0051075,12.065,0.15281
7.7638,7.7937,-0.043259,-0.0070167,12.058,0.14416
7.7586,7.793,-0.038213,-0.008068,12.049,0.1395
7.7572,7.7922,-0.023977,-0.0082188,12.043,0.10768
7.7583,7.7914,-0.024396,-0.0077592,12.039,0.10548
7.7521,7.7906,-0.028315,-0.0090494,12.032,0.12316
7.756,7.7897,-0.01731,-0.0079225,12.024,0.090513
7.756,7.7889,0,-0.008603,12.02,0.049543
7.756,7.7881,0,-0.0079963,12.017,0.049062
7.756,7.7873,0,-0.0067058,12.014,0.050171
7.756,7.7866,0,-0.0052641,12.011,0.051876
7.7723,7.7861,-0.006352,-0.0032413,12.011,0.035017
7.769,7.7858,-0.018702,-0.0039366,12.008,0.066636
7.7691,7.7854,-0.023807,-0.0038316,12.007,0.077308
7.7662,7.785,-0.035378,-0.0044277,12.014,0.10771
7.7584,7.7845,-0.042536,-0.0061373,12.018,0.13613
7.7491,7.7839,-0.033459,-0.0081726,12.022,0.12897
7.7359,7.7831,-0.0036343,-0.0111,12.01,0.08165
7.7359,7.782,0,-0.0098074,12.005,0.07425
7.7359,7.781,0,-0.0097454,12.001,0.072344
7.7351,7.78,0.0004346,-0.010589,11.999,0.069302
7.7351,7.779,0,-0.010458,11.994,0.068322
7.7351,7.7779,0,-0.01246,11.99,0.061849
7.7113,7.7767,-0.059088,-0.015377,12.004,0.24034
7.7007,7.7752,-0.077401,-0.017504,12.007,0.30201
7.6848,7.7734,-0.039198,-0.020866,11.992,0.2297
7.6848,7.7713,0,-0.021994,11.983,0.13216
7.6795,7.7691,0.0064921,-0.02111,11.99,0.12646
7.6795,7.767,0,-0.020757,11.981,0.13707
7.6775,7.7649,-0.048506,-0.020641,11.97,0.25045
7.6761,7.7629,-0.046753,-0.020471,11.971,0.24504
7.6774,7.7608,-0.069462,-0.019675,11.965,0.29629
7.6783,7.7589,-0.068584,-0.019012,11.965,0.28941
7.6783,7.757,0,-0.020079,11.957,0.11996
7.6532,7.7549,-0.028962,-0.024065,11.94,0.22627
7.6577,7.7525,0.021086,-0.022463,11.928,0.10287
7.6577,7.7503,0,-0.021276,11.918,0.14647
7.665,7.7482,-0.028758,-0.019724,11.917,0.19569
7.6645,7.7462,0.0055188,-0.019402,11.901,0.11561
7.6721,7.7443,-0.037977,-0.017123,11.903,0.19955
7.6767,7.7425,-0.10164,-0.015664,11.89,0.35127
7.6767,7.741,0,-0.017631,11.883,0.095225
7.6767,7.7392,0,-0.017787,11.877,0.091216
7.659,7.7374,-0.072178,-0.018713,11.858,0.29438
7.6525,7.7356,-0.07575,-0.019838,11.854,0.31138
7.6416,7.7336,-0.069373,-0.021962,11.854,0.30981
7.6416,7.7314,0,-0.021474,11.845,0.14022
7.6416,7.7292,0,-0.021446,11.836,0.13577
7.6416,7.7271,0,-0.020763,11.827,0.13277
7.6358,7.725,-0.047647,-0.021399,11.813,0.25037
7.641,7.7229,-0.049296,-0.019626,11.813,0.24241
7.641,7.7209,0,-0.019107,11.805,0.12464
7.641,7.719,0,-0.021551,11.797,0.11528
7.6282,7.7168,-0.081837,-0.02129,11.793,0.33629
7.6253,7.7147,-0.056822,-0.021492,11.785,0.27326
7.6253,7.7126,0,-0.020133,11.776,0.13781
7.6189,7.7106,-0.024186,-0.022066,11.767,0.19776
7.6157,7.7083,-0.016587,-0.022334,11.755,0.18165
7.6188,7.7061,-0.0031999,-0.021075,11.744,0.14287
7.6276,7.704,0.012846,-0.018443,11.745,0.090977
7.638,7.7022,0.012086,-0.015509,11.735,0.073603
7.641,7.7006,0.036269,-0.014414,11.727,0.016824
7.6517,7.6992,0.058214,-0.011474,11.723,0
7.6659,7.698,0.10384,-0.0077944,11.71,0
7.6837,7.6972,0.12193,-0.0032802,11.713,0
7.6837,7.6969,0,0.0032645,11.712,0.034181
7.722,7.6972,0.16516,0.015753,11.722,0
7.7364,7.6988,0.20922,0.023874,11.72,0
7.7648,7.7012,0.23165,0.040437,11.718,0
7.7648,7.7052,0,0.052509,11.724,0
7.8223,7.7105,0.29117,0.070975,11.73,0
7.8489,7.7176,0.30611,0.083263,11.736,0
7.8711,7.7259,0.28617,0.09193,11.742,0
7.894,7.7351,0.31171,0.10051,11.749,0
7.894,7.7452,0,0.11567,11.764,0
7.894,7.7567,0,0.1218,11.778,0
7.9867,7.7689,0.37263,0.13731,11.807,0
8.0249,7.7826,0.40377,0.15257,11.83,0
8.0748,7.7979,0.39065,0.17415,11.853,0
8.1085,7.8153,0.41973,0.18394,11.873,0
8.1525,7.8337,0.35376,0.19959,11.898,0
8.183,7.8537,0.33081,0.20591,11.935,0
8.2064,7.8743,0.25731,0.20734,11.971,0
8.2421,7.895,0.24114,0.21615,11.998,0
8.2688,7.9166,0.16937,0.21882,12.028,0
8.2688,7.9385,0,0.2116,12.062,0
8.2939,7.9596,0.16718,0.20659,12.081,0
8.307,7.9803,0.18861,0.20145,12.108,0
8.32,8.0005,0.14483,0.19678,12.146,0
8.334,8.0201,0.16397,0.19286,12.175,0
8.334,8.0394,0,0.18473,12.206,0
8.3495,8.0579,0.14835,0.17853,12.232,0
8.3593,8.0757,0.14234,0.17344,12.269,0
8.3593,8.0931,0,0.17622,12.296,0
8.3906,8.1107,0.13195,0.17065,12.327,0
8.3906,8.1278,0,0.16887,12.354,0
8.4256,8.1447,0.16566,0.17088,12.387,0
8.4509,8.1617,0.16186,0.17572,12.423,0
8.4738,8.1793,0.1078,0.17873,12.458,0
8.4761,8.1972,0.1062,0.16903,12.49,0
8.4901,8.2141,0.056772,0.16703,12.517,0
8.5028,8.2308,0.04634,0.16441,12.547,0
8.4987,8.2472,0.029368,0.15189,12.583,0
8.4996,8.2624,0.0079703,0.14317,12.616,0
8.4938,8.2767,-0.04505,0.13082,12.64,0
8.4938,8.2898,0,0.11852,12.661,0
8.4938,8.3017,0,0.10223,12.68,0
8.4938,8.3119,0,0.088164,12.699,0
8.4371,8.3207,-0.25785,0.069897,12.711,0.64264
8.4085,8.3277,-0.27337,0.048522,12.729,0.72073
8.4085,8.3326,0,0.027665,12.737,0
8.348,8.3353,-0.30303,0.0075863,12.749,0.87246
8.3244,8.3361,-0.32384,-0.0026866,12.754,0.98294
8.3244,8.3358,0,-0.0078266,12.753,0.0070203
8.2735,8.335,-0.30772,-0.014121,12.746,1.0199
8.2735,8.3336,0,-0.021016,12.74,0.079188
8.2054,8.3315,-0.31016,-0.029012,12.73,1.1588
8.2054,8.3286,0,-0.034042,12.718,0.1828
8.2054,8.3252,0,-0.038954,12.706,0.16475
8.2054,8.3213,0,-0.045442,12.694,0.14249
8.0849,8.3168,-0.32588,-0.05349,12.693,1.4381
8.0621,8.3114,-0.32635,-0.057585,12.677,1.4757
8.0384,8.3057,-0.40508,-0.061829,12.659,1.8654
8.0384,8.2995,0,-0.072331,12.633,0.39071
7.9224,8.2923,-0.705,-0.08623,12.588,3.84
7.8587,8.2836,-0.8386,-0.09949,12.547,4.9771
7.8587,8.2737,0,-0.11876,12.505,0.61854
7.8587,8.2618,0,-0.13643,12.464,0.54878
7.5948,8.2482,-0.89784,-0.15589,12.369,6.0986
7.5948,8.2326,0,-0.17408,12.304,0.98765
7.4082,8.2152,-0.95225,-0.19515,12.236,7.0183
7.4082,8.1956,0,-0.21489,12.156,1.2324
7.4082,8.1742,0,-0.23558,12.079,1.1218
7.1164,8.1506,-1.0515,-0.25747,11.96,8.6266
7.0114,8.1249,-1.051,-0.28066,11.846,8.8336
7.0114,8.0968,0,-0.30566,11.736,1.7032
6.7804,8.0662,-1.2694,-0.33303,11.598,11.836
6.6587,8.0329,-1.8924,-0.36124,11.463,22.288
6.4623,7.9968,-2.9076,-0.41045,11.309,53.49
6.1811,7.9557,-4.0554,-0.48378,11.143,16.901
5.7691,7.9074,-5.2351,-0.5958,10.952,18.606
5.2547,7.8478,-6.2743,-0.74248,10.719,20.464
4.6268,7.7735,-6.716,-0.93304,10.43,21.494
4.6268,7.6802,0,-1.1558,10.12,4.0928
3.2893,7.5647,-6.057,-1.3908,9.6859,20.631
2.6897,7.4256,-5.3627,-1.6312,9.2432,19.263
2.6897,7.2625,0,-1.8802,8.7778,5.7112
1.6913,7.0744,-3.6701,-5.4308,8.2288,7.3356
1.3315,6.5314,-2.8126,-5.2,7.6922,5.6433
1.0553,6.0114,-1.9735,-8.8,7.1755,0
0.84858,5.1314,-1.246,-8.8,6.7217,0
0.72773,4.2514,-0.70075,-8.8,6.3318,0
0.72773,3.3714,0,-8.8,6.0235,0
0.62274,2.4914,-0.20457,-8.8,5.791,0
0.5944,1.6114,-0.17426,-8.8,5.6569,0
0.58652,0.73136,-0.17788,-0.17788,5.5948,0.31018
0.57698,0.71357,-0.19789,-0.19789,5.5717,0.2919
0.56248,0.69378,-0.19877,-0.19877,5.5555,0.28017
0.53557,0.6739,-0.20216,-0.20216,5.5337,0.2958
0.50593,0.65369,-0.21048,-0.21048,5.529,0.31687
0.4906,0.63264,-0.2191,-0.2191,5.5145,0.30415
0.4906,0.61073,0,-0.2145,5.5014,0
0.45192,0.58928,-0.22267,-0.22267,5.4984,0.29041
0.42848,0.56701,-0.22942,-0.22942,5.4881,0.28866
0.40289,0.54407,-0.2383,-0.2383,5.4698,0.29096
0.38287,0.52024,-0.25469,-0.25469,5.4591,0.28161
0.35802,0.49477,-0.27209,-0.27209,5.4379,0.28034
0.32287,0.46756,-0.27856,-0.27856,5.4239,0.29661
0.30417,0.4397,-0.26405,-0.26405,5.4058,0.27785
0.28189,0.4133,-0.26382,-0.26382,5.3866,0.26939
0.25332,0.38692,-0.26127,-0.26127,5.3755,0.27387
0.22567,0.36079,-0.26153,-0.26153,5.3716,0.27699
0.20722,0.33464,-0.26333,-0.26333,5.3591,0.2612
0.18621,0.3083,-0.27546,-0.27546,5.3387,0.2503
0.18621,0.28076,0,-0.27267,5.3278,0
0.13827,0.25349,-0.26717,-0.26717,5.3291,0.23621
0.10207,0.22677,-0.27295,-0.27295,5.3196,0.25565
0.077784,0.19948,-0.27697,-0.27697,5.3164,0.24948
0.077784,0.17178,0,-0.27097,5.3056,0
0.077784,0.14469,0,-0.27159,5.2976,0
-0.0085739,0.11753,-0.27824,-0.27824,5.2881,0.26216
-0.042327,0.089704,-0.27273,-0.27273,5.2803,0.27432
-0.074936,0.06243,-0.27857,-0.27857,5.2705,0.28526
-0.074936,0.034573,0,-0.29366,5.2582,0
-0.14533,0.0052078,-0.29453,-0.29453,5.2419,0.31226
-0.14533,0,0,-0.30958,5.2283,0
-0.19481,0,-0.3159,-0.3159,5.1993,0.40301
-0.22634,0,-0.3111,-0.3111,5.1865,0.46765
-0.25554,0,-0.30674,-0.30674,5.1551,0.52752
-0.25554,0,0,-0.2462,5.1311,0.010187
-0.25554,0,0,0.0045627,5.1067,0.5371
-0.30336,0.00045627,0.33648,0.33648,5.0762,0.62647
-0.26276,0.034104,0.66557,0.66557,5.0373,0.61222
-0.26276,0.10066,0,-8.8,5.0043,0
-0.085775,0,1.2125,1.2125,5.0225,0.17949
-0.085775,0.12125,0,-8.8,5.0078,0
-0.085775,0,0,1.2354,5.0311,2.7754
0.28868,0.12354,1.2061,1.2061,5.0763,0
0.41743,0.24415,1.2233,-8.8,5.095,0
0.41743,0,0,1.2772,5.1563,4.1937
0.65402,0.12772,1.3311,1.3311,5.2186,0
0.78266,0.26084,1.3972,1.3972,5.2623,0
0.92821,0.40056,1.4386,1.4386,5.3055,0
1.0753,0.54442,1.4658,1.4658,5.3502,0
1.2195,0.691,1.4554,1.4554,5.4061,0
1.2195,0.83654,0,1.4605,5.4517,5.5028
1.5147,0.9826,1.4847,4.9,5.5134,17.344
1.6587,1.4726,1.5234,-8.8,5.5449,0
1.8131,0.5926,1.5333,1.5333,5.6167,0
1.9752,0.74593,1.5455,1.5455,5.7399,0
1.9752,0.90048,0,4.9,5.8551,33.145
2.2844,1.3905,1.5209,4.9,5.9671,15.199
2.4296,1.8805,1.4757,2.0403,6.0481,0.19778
2.5868,2.0845,1.4263,1.5838,6.102,0
2.7237,2.2429,1.3828,1.3513,6.1517,0
2.7237,2.378,0,1.2469,6.193,4.2958
2.9899,2.5027,1.2075,-8.8,6.2459,0
2.9899,1.6227,0,4.9,6.3386,31.311
3.2211,2.1127,0.92385,3.5964,6.4618,9.7042
3.2211,2.4724,0,2.1119,6.5547,8.5134
3.3964,2.6835,0.87867,1.5928,6.656,0.27897
3.4811,2.8428,0.87431,1.3066,6.7216,0
3.4811,2.9735,0,1.1503,6.7789,3.0992
3.4811,3.0885,0,1.06,6.8239,3.027
3.7558,3.1945,0.65335,0.96696,6.8927,0
3.8305,3.2912,0.34574,0.88985,6.9439,0.20488
3.8695,3.3802,0.12843,0.77816,7.0046,0.73691
3.8792,3.458,-0.027571,0.64848,7.0493,1.0692
3.875,3.5228,-0.095408,0.52824,7.0872,1.0737
3.875,3.5757,0,0.41765,7.1198,0.43957
3.8483,3.6174,-0.16624,0.33312,7.1325,0.9457
3.8483,3.6507,0,0.26395,7.1539,0.21801
3.8483,3.6771,0,0.19971,7.1724,0.10203
3.7813,3.6971,-0.36959,0.11776,7.1778,1.3768
3.7494,3.7089,-0.34483,0.056413,7.1846,1.1457
3.7494,3.7145,0,0.011627,7.1884,0
3.6929,3.7157,-0.081368,-0.0056318,7.1932,0.22519
3.681,3.7151,0.061821,-0.0084237,7.1881,0
3.6783,3.7143,0.28214,-0.0088971,7.1756,0
3.7033,3.7134,0.45095,-0.0025096,7.1765,0
3.7555,3.7131,0.56185,0.058825,7.1695,0
3.7555,3.719,0,0.11487,7.1734,0.18979
3.8597,3.7305,0.64841,0.17809,7.1774,0
3.9153,3.7483,0.64181,0.22896,7.2013,0
3.9884,3.7712,0.65046,0.29526,7.2105,0
4.0632,3.8008,0.6547,0.35271,7.2252,0
4.1353,3.836,0.66697,0.39778,7.2609,0
4.195,3.8758,0.68401,0.41903,7.2983,0
4.269,3.9177,0.66795,0.45438,7.3243,0
4.3306,3.9631,0.66325,0.46768,7.3507,0
4.3306,4.0099,0,0.49554,7.3851,0.65403
4.4724,4.0595,0.75145,0.50983,7.4306,0
4.5416,4.1104,0.7691,0.52378,7.4701,0
4.615,4.1628,0.80262,0.54078,7.5172,0
4.6897,4.2169,0.81552,0.5567,7.5669,0
4.6897,4.2726,0,0.57353,7.6113,0.66978
4.8509,4.3299,0.80491,0.59414,7.6719,0
4.8509,4.3893,0,0.61133,7.7211,0.68557
5.0144,4.4505,0.80853,0.62191,7.7785,0
5.1014,4.5127,0.78433,0.63785,7.8266,0
5.1841,4.5764,0.77945,0.64709,7.8803,0
5.2593,4.6412,0.74137,0.64698,7.9357,0
5.3324,4.7059,0.74301,0.64549,8.0008,0
5.398,4.7704,0.71548,0.63643,8.0632,0
5.4617,4.834,0.70649,0.62664,8.1238,0
5.5344,4.8967,0.66053,0.62746,8.1872,0
5.6061,4.9595,0.61006,0.62723,8.2509,0
