11.667,11.667,0.073107,0,35.5,0
11.682,11.667,-0.053202,0.013164,35.51,0.11656
11.668,11.668,-0.066697,-2.9055e-05,35.511,0.15246
11.662,11.668,-0.08653,-0.00038197,35.501,0.21419
11.662,11.668,0,-0.0011873,35.5,0.010288
11.639,11.668,-0.017099,-0.0017861,35.5,0.094482
11.639,11.668,0,-0.0020455,35.497,0.055804
11.624,11.667,-0.099516,-0.0026626,35.483,0.32864
11.605,11.667,-0.27199,-0.00378,35.471,0.92412
11.588,11.667,-0.5336,-0.0048093,35.465,2.1548
11.588,11.666,0,-0.0086142,35.457,0.14467
11.588,11.665,0,-0.013639,35.449,0.13162
11.33,11.664,-1.3055,-0.020444,35.402,9.8775
11.33,11.662,0,-0.028728,35.369,0.66396
11.049,11.659,-1.4993,-0.037495,35.307,13.996
10.905,11.655,-1.5461,-0.046257,35.235,15.507
10.744,11.651,-1.6174,-0.056087,35.147,17.577
10.585,11.645,-1.6458,-0.065807,35.052,18.967
10.585,11.639,0,-0.076265,34.947,2.4405
10.244,11.631,-1.7682,-0.086928,34.823,23.226
10.061,11.622,-1.8852,-0.098449,34.673,26.728
10.061,11.612,0,-0.11093,34.517,3.87
10.061,11.601,0,-0.12293,34.363,3.7757
10.061,11.589,0,-0.13476,34.209,3.6793
9.3338,11.576,-1.6335,-0.1461,33.903,25.781
9.1793,11.561,-1.4477,-0.15682,33.665,23.182
9.0402,11.545,-1.3752,-0.16667,33.424,22.634
8.8927,11.529,-1.5547,-0.17732,33.17,26.6
8.7465,11.511,-1.6524,-0.18823,32.894,29.267
8.5857,11.492,-1.7177,-0.2003,32.62,31.47
8.4086,11.472,-1.6803,-0.21387,32.328,31.628
8.2421,11.451,-1.7275,-0.22716,32.015,33.498
8.0631,11.428,-1.5925,-0.2418,31.687,31.6
7.8952,11.404,-1.5412,-0.25602,31.35,31.4
7.743,11.378,-1.4639,-0.26956,31,30.6
7.5872,11.351,-1.5244,-0.28387,30.637,32.501
7.4315,11.323,-1.4625,-0.29879,30.256,31.983
7.2836,11.293,-1.4848,-0.31378,29.856,33.057
7.1423,11.262,-1.6685,-0.32861,29.458,37.466
7.1423,11.229,0,-0.3467,29.048,12.714
7.1423,11.194,0,-0.36525,28.641,12.415
6.6627,11.157,-1.5712,-0.3826,28.151,37.385
6.5133,11.119,-1.5121,-0.40108,27.703,36.709
6.37,11.079,-1.2167,-0.41999,27.24,31.506
6.37,11.037,0,-0.43769,26.771,14.78
6.1282,10.993,-1.3762,-0.45667,26.275,35.117
5.9942,10.948,-1.2161,-0.47737,25.789,32.464
5.8766,10.9,-1.1209,-0.4976,25.29,31.007
5.8766,10.85,0,-0.51905,24.79,15.633
5.6394,10.798,-1.1283,-0.54158,24.266,31.526
5.6394,10.744,0,-0.56411,23.753,15.918
5.4214,10.688,-1.1406,-0.58794,23.221,31.921
5.3064,10.629,-1.3508,-0.61342,22.696,35.89
5.1746,10.568,-1.568,-0.64281,22.153,40.461
5.0127,10.503,-1.8575,-0.67687,21.619,47.392
4.8303,10.436,-2.2269,-0.71609,21.068,57.624
4.8303,10.364,0,-0.76489,20.511,16.426
4.8303,10.288,0,-0.81951,19.961,15.618
4.1097,10.206,-2.4777,-0.87814,19.305,26.711
3.8612,10.118,-2.5563,-0.94165,18.693,26.407
3.6064,10.024,-2.4469,-1.012,18.061,26.061
3.3646,9.9224,-1.9249,-1.0856,17.421,25.729
3.1765,9.8138,-1.1683,-1.1567,16.766,34.977
3.0637,9.6982,-0.25994,-1.2207,16.098,21.012
3.0355,9.5761,0.69017,-1.2729,15.431,11.78
3.101,9.4488,1.4749,-1.305,14.796,7.3272
3.101,9.3183,0,-1.3211,14.168,15.387
3.101,9.1862,0,-1.3236,13.553,14.748
3.5899,9.0538,1.7918,-1.3245,13.021,4.9768
3.7665,8.9214,1.8399,-1.3178,12.487,4.6006
3.7665,8.7896,0,-1.3018,11.978,10.234
4.1507,8.6594,1.9998,-1.2766,11.511,4.2705
4.1507,8.5318,0,-1.2409,11.066,8.0743
4.1507,8.4077,0,-1.1931,10.635,7.876
4.7555,8.2884,1.9856,-1.1424,10.32,4.0893
4.9472,8.1741,1.9552,-1.0871,9.976,4.0238
5.1354,8.0654,1.9807,-1.0251,9.6651,4.1146
5.3341,7.9629,2.0129,-0.95036,9.396,4.2271
5.5292,7.8679,2.0026,-0.87322,9.1417,4.2069
5.5292,7.7805,0,-0.78616,8.9122,3.1933
5.5292,7.7019,0,-5.2,8.691,36.104
6.1323,7.1819,1.8715,-0.39337,8.5928,3.1827
6.1323,7.1426,0,-5.2,8.4898,52.357
6.4934,6.6226,1.7633,-0.045584,8.4506,2.3821
6.6611,6.618,1.7254,0.026394,8.4565,2.1254
6.6611,6.6207,0,0.12911,8.4606,0.2178
6.6611,6.6336,0,0.22704,8.464,0.53052
7.1707,6.6563,1.6172,0.31468,8.5388,0.94729
7.1707,6.6878,0,0.39699,8.5887,0
7.4871,6.7275,1.4263,0.46323,8.6788,0
7.6229,6.7738,1.3144,0.516,8.7576,0
7.7494,6.8254,1.1729,0.55954,8.8478,0
7.8674,6.8813,1.087,0.59469,8.9441,0
7.9676,6.9408,0.99945,0.61661,9.0454,0
8.061,7.0025,0.90495,0.63264,9.1476,0
8.061,7.0657,0,0.64871,9.2503,0
8.242,7.1306,0.79044,0.65819,9.3681,0
8.3172,7.1964,0.72079,0.66033,9.476,0
8.3837,7.2624,0.66137,0.65752,9.5885,0
8.3837,7.3282,0,0.64894,9.6974,0
8.3837,7.3931,0,0.6393,9.7997,0
8.3837,7.457,0,0.6322,9.8955,0
8.3837,7.5202,0,0.6243,9.9851,0
8.3837,7.5827,0,0.61088,10.068,0
8.6869,7.6438,0.34995,0.59469,10.225,0
8.6869,7.7032,0,0.57516,10.327,0
8.6869,7.7607,0,0.55785,10.422,0
8.6869,7.8165,0,0.54463,10.512,0
8.6869,7.871,0,0.53529,10.596,0
8.8483,7.9245,0.37008,0.51665,10.709,0
8.8825,7.9762,0.32283,0.50546,10.807,0
8.9118,8.0267,0.30111,0.49193,10.893,0
8.9508,8.0759,0.24286,0.48444,10.973,0
8.9508,8.1244,0,0.4674,11.058,0
9.0014,8.1711,0.25786,0.45691,11.139,0
9.0237,8.2168,0.29153,0.44313,11.23,0
9.0433,8.2611,0.21652,0.42829,11.306,0
9.0612,8.3039,0.16526,0.41329,11.374,0
9.0843,8.3453,0.065425,0.4021,11.442,0
9.0843,8.3855,0,0.38693,11.514,0
9.1092,8.4242,-0.052134,0.37097,11.583,0
9.1082,8.4613,-0.1034,0.34964,11.654,0
9.0919,8.4962,-0.18954,0.32112,11.71,0
9.0827,8.5283,-0.26991,0.2981,11.761,0.28915
9.056,8.5582,-0.35994,0.26726,11.814,0.69065
9.056,8.5849,0,0.23327,11.862,0
8.9754,8.6082,-0.5565,0.19645,11.901,1.7394
8.9288,8.6279,-0.56571,0.1608,11.934,1.8407
8.8704,8.6439,-0.58719,0.12086,11.962,2.0177
8.8214,8.656,-0.56859,0.088162,11.972,1.962
8.7681,8.6648,-0.58187,0.055034,11.99,2.0843
8.7112,8.6703,-0.59337,0.021767,11.992,2.1979
8.6484,8.6725,-0.66698,-0.0064031,11.985,2.716
8.6484,8.6719,0,-0.022644,11.983,0.00089849
8.6484,8.6696,0,-0.03936,11.981,0
8.6484,8.6657,0,-0.057179,11.979,0
8.6484,8.66,0,-0.077195,11.977,0
8.2801,8.6522,-1.0143,-0.099691,11.898,6.2495
8.1857,8.6423,-1.0974,-0.12297,11.849,7.2861
8.073,8.63,-1.196,-0.15091,11.795,8.6181
7.9569,8.6149,-1.2572,-0.17967,11.726,9.6112
7.8219,8.5969,-1.3269,-0.21303,11.664,10.811
7.6872,8.5756,-1.3595,-0.24638,11.583,11.562
7.5465,8.551,-1.3658,-0.28115,11.496,11.978
7.4107,8.5229,-1.3529,-0.3149,11.392,12.101
7.4107,8.4914,0,-0.34862,11.282,1.5602
7.1404,8.4565,-1.3518,-0.38256,11.154,12.608
7.1404,8.4183,0,-0.41655,11.025,1.8475
7.1404,8.3766,0,-0.45025,10.899,1.645
6.7328,8.3316,-1.3995,-0.48743,10.731,13.887
6.5965,8.2828,-1.447,-0.52467,10.56,14.717
6.5965,8.2304,0,-0.56772,10.394,2.2827
6.3037,8.1736,-1.4854,-0.60711,10.201,15.551
6.1602,8.1129,-1.5076,-0.64968,10.002,15.952
6.0151,8.0479,-1.5714,-0.69242,9.8091,16.999
6.0151,7.9787,0,-0.73857,9.6093,2.589
5.7054,7.9048,-1.6031,-0.79049,9.3842,17.501
5.7054,7.8258,0,-0.84429,9.1682,2.66
5.3798,7.7413,-1.8223,-0.89885,8.9407,21.23
5.1896,7.6514,-1.9659,-5.2,8.7066,4.0675
5.1896,7.1314,0,-5.2,8.4864,27.739
5.1896,6.6114,0,-5.2,8.3182,26.673
4.5594,6.0914,-2.258,-0.52862,8.1107,11.234
4.3313,6.0386,-2.2287,-8.8,7.95,0
4.103,5.1586,-2.1673,-0.32416,7.8068,9.769
3.8911,5.1262,-2.0982,-0.38665,7.6849,9.6791
3.6729,5.0875,-2.0138,-0.45141,7.5585,9.5506
3.4674,5.0424,-1.8653,-8.8,7.4164,0
3.4674,4.1624,0,-0.24125,7.3029,0.94122
3.1084,4.1382,-1.4511,-0.28428,7.2093,13.278
2.9642,4.1098,-1.2648,-0.32226,7.0954,11.088
2.8446,4.0776,-1.1332,-8.8,6.9763,0
2.7412,3.1976,-1.0342,-0.10258,6.8971,6.824
2.7412,3.1873,0,-0.12528,6.852,0.67241
2.5306,3.1748,-0.89275,-0.14794,6.7758,6.07
2.5306,3.16,0,-0.16904,6.7121,0.98155
2.3603,3.1431,-0.56212,-0.18422,6.6326,3.9312
2.2998,3.1247,-0.1391,-8.8,6.5428,0
2.2998,2.2447,0,0.11238,6.5043,0.14129
2.3061,2.2559,0.51946,0.14719,6.5205,0
2.3061,2.2706,0,0.25303,6.5248,0.5922
2.4378,2.2959,0.86309,0.40445,6.5334,0
2.5284,2.3364,0.79302,0.53266,6.5441,0
2.6114,2.3896,0.71431,0.59352,6.5595,0
2.6114,2.449,0,0.57942,6.5787,1.4544
2.7521,2.5069,0.78973,0.60901,6.5993,0
2.8346,2.5678,0.79636,0.6383,6.6186,0
2.8346,2.6317,0,0.64277,6.6421,1.6025
2.8346,2.696,0,0.66006,6.6591,1.8882
2.8346,2.762,0,0.65497,6.6697,2.0819
3.1407,2.8275,0.78608,0.64901,6.7449,0
3.1407,2.8924,0,0.67433,6.7729,1.5978
3.1407,2.9598,0,0.65834,6.7944,1.7429
3.1407,3.0256,0,0.64061,6.8092,1.8759
3.4492,3.0897,0.77417,0.65397,6.8825,0
3.518,3.1551,0.76656,0.64086,6.9233,0
3.518,3.2192,0,0.64367,6.9564,1.3047
3.6716,3.2835,0.77404,0.6488,7.0165,0
3.6716,3.3484,0,0.63771,7.0521,1.2043
3.8236,3.4122,0.76147,0.65194,7.1004,0
3.8236,3.4774,0,0.6392,7.1383,1.1399
3.9622,3.5413,0.77722,0.63401,7.1911,0
4.0386,3.6047,0.77341,0.63748,7.2292,0
4.1201,3.6684,0.7753,0.6486,7.283,0
4.1201,3.7333,0,0.64988,7.325,1.0608
4.2729,3.7983,0.78086,0.65129,7.3863,0
4.352,3.8634,0.77956,0.65593,7.4401,0
4.4207,3.929,0.78282,0.64502,7.4818,0
4.5053,3.9935,0.80434,0.65697,7.5281,0
4.5802,4.0592,0.83932,0.65523,7.5861,0
4.5802,4.1247,0,0.67143,7.635,0.94122
4.7553,4.1919,1.0335,0.67936,7.6858,0
4.8639,4.2598,1.3269,0.71446,7.7512,0
5.0019,4.3313,1.9592,0.77627,7.8055,0.18142
5.0019,4.4089,0,0.90094,7.8687,1.5117
5.0019,4.499,0,1.0743,7.9235,2.6986
5.0019,4.6064,0,1.3014,7.9684,4.4308
6.233,4.7366,4.7533,1.5615,8.2168,9.9257
6.7059,4.8927,4.9486,1.8247,8.3839,9.7352
6.7059,5.0752,0,2.0487,8.5561,4.0886
6.7059,5.2801,0,2.2404,8.7089,6.3154
8.2016,5.5041,4.8964,2.3893,9.0594,7.2355
8.6874,5.743,4.7723,2.4982,9.3485,6.3669
8.6874,5.9928,0,2.5855,9.6304,3.1156
9.6341,6.2514,4.4952,2.6413,9.9844,4.9708
10.079,6.5155,4.3133,2.6755,10.325,4.2416
10.502,6.7831,4.1282,2.6907,10.681,3.5829
10.911,7.0521,3.952,2.6978,11.056,2.9968
11.316,7.3219,3.802,2.7052,11.447,2.5389
11.316,7.5924,0,2.7028,11.833,0
11.316,7.8627,0,2.6849,12.192,0.64147
12.419,8.1312,3.4841,2.6741,12.701,1.9632
12.769,8.3986,3.4471,2.6585,13.124,2.1354
13.118,8.6645,3.397,2.6473,13.559,2.2093
13.449,8.9292,3.3812,2.6309,14.014,2.4664
13.449,9.1923,0,2.6213,14.453,0
14.124,9.4544,3.2863,2.6142,14.929,2.5654
14.446,9.7158,3.1888,2.5998,15.395,2.3341
14.446,9.9758,0,2.5864,15.855,0
15.076,10.234,3.0972,2.5722,16.334,2.43
15.076,10.492,0,2.56,16.805,0
15.076,10.748,0,2.5526,17.251,0
15.995,11.003,3.0596,2.5375,17.808,3.0582
16.302,11.257,3.0718,2.53,18.303,3.4066
16.601,11.51,3.0561,2.5208,18.814,3.5745
16.912,11.762,3.0241,2.5193,19.329,3.6184
17.223,12.014,3.0024,2.5173,19.838,3.7363
17.531,12.265,3.0006,2.516,20.368,3.9629
17.531,12.517,0,2.5076,20.882,0
17.531,12.768,0,2.4974,21.371,0
18.407,13.018,2.8272,2.4925,21.953,3.5943
18.683,13.267,2.7485,2.4806,22.499,3.3205
18.949,13.515,2.6541,2.4643,23.036,2.9569
18.949,13.761,0,2.4469,23.567,0
19.465,14.006,2.5949,2.4292,24.116,3.0395
19.724,14.249,2.5822,2.4152,24.665,3.169
19.992,14.49,2.6001,2.4059,25.209,3.4951
20.251,14.731,2.5783,2.3938,25.755,3.5612
20.5,14.97,2.5778,2.3792,26.313,3.7589
20.764,15.208,2.4465,2.3714,26.862,3.0815
21.009,15.445,2.3933,2.3571,27.422,2.9182
21.009,15.681,0,2.343,27.966,0
21.482,15.915,2.2585,2.3248,28.544,2.3941
21.714,16.148,2.2488,2.3083,29.099,2.5036
21.947,16.379,2.2391,2.2938,29.659,2.604
22.169,16.608,2.2013,2.2755,30.218,2.5184
22.397,16.836,2.188,2.2614,30.78,2.5847
22.397,17.062,0,2.2448,31.325,0
22.397,17.286,0,2.2328,31.847,0
23.058,17.51,2.1219,2.2137,32.435,2.6053
23.058,17.731,0,2.1984,32.978,0
23.486,17.951,2.1101,2.1826,33.537,2.8093
23.689,18.169,2.0692,2.1644,34.092,2.6683
23.689,18.385,0,2.1516,34.633,0
24.112,18.601,2.1077,2.1375,35.193,3.1868
24.332,18.814,2.0522,2.1286,35.737,2.9405
24.546,19.027,2.0006,2.118,36.291,2.7124
24.753,19.239,2.0022,2.105,36.833,2.8462
24.946,19.45,1.9841,2.0886,37.393,2.8312
25.154,19.658,1.957,2.0779,37.937,2.763
25.348,19.866,1.9781,2.0629,38.49,3.0115
25.543,20.072,1.9906,2.0491,39.037,3.2034
25.736,20.277,1.9476,2.0356,39.589,3.0089
25.736,20.481,0,2.0239,40.125,0
26.115,20.683,1.8559,2.0076,40.686,2.5781
26.298,20.884,1.8047,1.992,41.219,2.3303
26.482,21.083,1.7936,1.9782,41.763,2.3425
26.657,21.281,1.8079,1.961,42.292,2.5256
26.839,21.477,1.786,1.9478,42.825,2.4635
27.011,21.672,1.7263,1.9317,43.358,2.1444
27.19,21.865,1.7069,1.9187,43.885,2.0959
27.19,22.057,0,1.9066,44.408,0
27.19,22.248,0,1.8916,44.911,0
27.19,22.437,0,1.8713,45.396,0
27.831,22.624,1.479,1.8481,45.994,0.8931
27.971,22.809,1.4051,1.8256,46.511,0.49292
28.116,22.991,1.3169,1.8057,47.025,0.017856
28.255,23.172,1.2136,1.7852,47.544,0
28.375,23.35,1.156,1.7586,48.043,0
28.492,23.526,1.1121,1.732,48.541,0
28.599,23.699,1.0619,1.7033,49.033,0
28.599,23.87,0,1.6768,49.515,0
28.802,24.038,0.8779,1.6463,50.002,0
28.884,24.202,0.75623,1.6124,50.468,0
28.956,24.363,0.604,1.577,50.927,0
29.007,24.521,0.4164,1.536,51.38,0
29.046,24.675,0.37849,1.4924,51.82,0
29.092,24.824,0.35788,1.4536,52.26,0
29.135,24.969,0.29288,1.4149,52.685,0
29.168,25.111,0.2705,1.3751,53.105,0
29.168,25.248,0,1.3361,53.504,0
29.168,25.382,0,1.2943,53.89,0
29.238,25.511,0.14725,1.254,54.266,0
29.25,25.637,0.089599,1.2131,54.631,0
29.259,25.758,-0.047343,1.173,54.995,0
29.263,25.875,-0.22214,4.8,55.345,21.171
29.24,26.355,-0.46291,0.93995,55.651,0
29.201,26.449,-0.73159,0.8954,55.932,0
29.134,26.539,-0.93321,4.8,56.191,38.303
29.043,27.019,-1.1949,0.64081,56.43,2.1943
28.923,27.083,-1.3497,0.58204,56.632,4.0831
28.791,27.141,-1.444,0.52145,56.811,5.5915
28.791,27.193,0,0.46147,56.973,0
28.791,27.239,0,4.8,57.13,29.103
28.357,27.719,-1.2849,0.19568,57.196,6.3237
28.229,27.739,-1.0191,0.15019,57.245,4.1385
28.118,27.754,-0.75379,0.11177,57.289,2.4556
28.048,27.765,-0.58853,0.086834,57.311,1.6539
27.999,27.774,-0.5898,0.069021,57.326,1.7722
27.999,27.781,0,0.049103,57.349,0
27.886,27.786,-0.7332,0.030688,57.356,2.8723
27.813,27.789,-0.78659,0.0075466,57.359,3.3919
27.813,27.789,0,-0.0044149,57.361,0
27.663,27.789,-0.40925,-0.0088915,57.364,1.6696
27.62,27.788,-0.11757,-0.011829,57.349,0.65524
27.611,27.787,0.19793,-0.012392,57.333,0
27.625,27.786,0.50308,-0.011323,57.322,0
27.683,27.785,0.72939,-0.0071543,57.312,0
27.759,27.784,0.92794,-0.0017455,57.313,0
27.854,27.784,1.0464,0.021589,57.318,0.11391
27.854,27.786,0,0.052621,57.325,0
28.057,27.791,0.94555,0.081419,57.345,0
28.156,27.799,0.81962,0.10916,57.376,0
28.238,27.81,0.60771,0.13119,57.416,0
28.299,27.823,0.40815,0.14565,57.464,0
28.344,27.838,0.28549,0.15503,57.516,0
28.363,27.853,0.16136,0.15616,57.566,0
28.38,27.869,0.08014,0.15649,57.626,0
28.39,27.885,0.086369,0.15469,57.672,0
28.397,27.9,0.02541,0.15218,57.729,0
28.401,27.915,-0.0073344,0.1487,57.782,0
28.404,27.93,-0.0074622,0.14492,57.823,0
28.404,27.945,0,0.14051,57.869,0
28.404,27.959,0,0.13672,57.914,0
28.404,27.972,0,0.13248,57.958,0
28.404,27.986,0,0.13073,58.001,0
28.425,27.999,0.39198,0.13047,58.029,0
28.467,28.012,0.52575,0.13912,58.066,0
28.521,28.026,0.59684,0.15134,58.104,0
28.59,28.041,0.65391,4.8,58.162,25.912
28.655,28.521,0.72694,0.039832,58.205,0
28.721,28.525,0.71512,0.058313,58.219,0
28.788,28.531,0.75005,0.076528,58.252,0
28.788,28.538,0,0.096613,58.277,0
28.788,28.548,0,0.11769,58.302,0
28.788,28.56,0,0.14409,58.325,0
29.143,28.574,1.012,0.16922,58.425,0
29.251,28.591,1.0682,0.19609,58.487,0
29.352,28.611,1.0645,0.22056,58.564,0
29.352,28.633,0,0.24694,58.637,0
29.352,28.657,0,0.27206,58.708,0
29.352,28.685,0,0.29652,58.776,0
29.784,28.714,0.93334,0.31777,58.92,0
29.877,28.746,0.99765,0.33608,59.034,0
29.877,28.78,0,4.8,59.145,31.925
30.065,29.26,0.93863,0.23305,59.248,0
30.065,29.283,0,0.25619,59.327,0
30.256,29.309,0.76713,0.27409,59.438,0
30.324,29.336,0.65097,0.28571,59.529,0
30.324,29.365,0,0.29352,59.626,0
30.439,29.394,0.61659,0.30232,59.722,0
30.51,29.424,0.58604,0.31407,59.828,0
30.51,29.456,0,0.32258,59.935,0
30.51,29.488,0,0.33165,60.039,0
30.69,29.521,0.44728,-2,60.168,35.61
30.736,29.321,0.42577,-2,60.298,40.665
30.782,29.121,0.39352,-2,60.443,46.343
30.782,28.921,0,4.8,60.619,27.205
30.782,29.401,0,-2,60.781,34.32
30.887,29.201,0.17947,-2,60.945,44.283
30.902,29.001,0.22831,4.8,61.133,23.727
30.923,29.481,0.38134,-2,61.29,40.718
30.923,29.281,0,-2,61.445,40.822
31,29.081,0.38611,-2,61.63,53.646
31,28.881,0,4.8,61.832,25.634
31.078,29.361,0.34507,-2,62.027,47.236
31.078,29.161,0,-2,62.209,48.943
31.123,28.961,0.19282,4.8,62.414,22.68
31.123,29.441,0,-2,62.606,41.896
31.134,29.241,0.026426,-2,62.792,48.501
31.134,29.041,0,4.8,62.991,25.791
31.17,29.521,0.331,-2,63.177,45.23
31.213,29.321,0.23921,-2,63.36,51.032
31.213,29.121,0,-2,63.559,54.976
31.267,28.921,0.36038,4.8,63.78,19.441
31.267,29.401,0,-2,63.99,47.335
31.267,29.201,0,-2,64.187,54.042
31.307,29.001,0.10029,4.8,64.425,23.093
31.315,29.481,0.14636,-2,64.63,48.137
31.336,29.281,0.096531,-2,64.823,54.703
31.342,29.081,0.081945,-2,65.044,62.3
31.356,28.881,0.13871,4.8,65.286,21.577
31.362,29.361,0.18228,-2,65.508,53.852
31.362,29.161,0,-2,65.718,59.112
31.393,28.961,0.16758,4.8,65.96,21.439
31.416,29.441,0.20003,-2,66.172,53.219
31.433,29.241,0.13892,-2,66.389,60.16
31.451,29.041,0.070043,4.8,66.628,22.898
31.464,29.521,0.034515,-2,66.855,50.221
31.464,29.321,0,-2,67.059,56.887
31.482,29.121,0.055718,-2,67.291,66.244
31.482,28.921,0,4.8,67.537,22.976
31.49,29.401,0.10037,-2,67.77,55.949
31.509,29.201,0.11133,-2,67.99,64.485
31.513,29.001,0.10203,4.8,68.222,21.853
31.526,29.481,0.070215,-2,68.446,54.074
31.527,29.281,0.022233,-2,68.662,61.135
31.532,29.081,-0.025551,-2,68.889,69.73
31.534,28.881,-0.10957,4.8,69.154,23.983
31.52,29.361,-0.19827,-2,69.403,55.5
31.493,29.161,-0.23406,-2,69.627,62.65
31.473,28.961,-0.2636,4.8,69.872,27.164
31.437,29.441,-0.26741,-2,70.101,48.612
31.412,29.241,-0.29741,-2,70.317,55.078
31.412,29.041,0,4.8,70.544,24.11
31.412,29.521,0,-2,70.757,48.131
31.412,29.321,0,-2,70.956,54.954
31.308,29.121,-0.26173,-2,71.137,56.041
31.289,28.921,-0.15516,4.8,71.362,26.4
31.289,29.401,0,-2,71.575,48.039
31.276,29.201,-0.043483,-2,71.766,53.898
31.275,29.001,0.012356,4.8,71.977,24.516
31.27,29.481,0.0010465,-2,72.185,45.002
31.27,29.281,0,-2,72.374,51.357
31.27,29.081,0,-2,72.583,58.655
31.25,28.881,-0.22684,4.8,72.819,27.49
31.25,29.361,0,-2,73.032,48.061
31.206,29.161,-0.2003,-2,73.228,51.107
31.206,28.961,0,4.8,73.442,24.871
31.16,29.441,0.00092077,-2,73.62,42.958
31.166,29.241,0.098229,-2,73.809,50.39
31.166,29.041,0,4.8,74.011,25.595
31.166,29.521,0,-2,74.2,40.902
31.205,29.321,0.4224,-2,74.369,53.039
31.243,29.121,0.5395,-2,74.577,62.064
31.304,28.921,0.62259,4.8,74.808,16.117
31.358,29.401,0.69263,-2,75.027,58.564
31.434,29.201,0.74397,-2,75.236,68.192
31.506,29.001,0.73667,4.8,75.473,14.227
31.571,29.481,0.77365,-2,75.704,63.716
31.649,29.281,0.81039,-2,75.923,73.798
31.73,29.081,0.94801,-2,76.173,86.356
