25.278,25.278,-0.50068,0,35.5,1.7405
25.278,25.278,0,-0.0078522,35.5,0
25.173,25.277,-0.53602,-0.014608,35.506,2.2063
25.116,25.276,-0.54015,-0.02243,35.486,2.384
25.061,25.273,-0.52609,-0.029836,35.473,2.4538
25.009,25.27,-0.50597,-0.036723,35.451,2.4794
24.954,25.267,-0.48176,-0.043986,35.423,2.4901
24.897,25.262,-0.44741,-0.051512,35.388,2.4517
24.847,25.257,-0.38859,-0.057906,35.349,2.2694
24.803,25.251,-0.34027,-0.063427,35.307,2.1336
24.803,25.245,0,-0.066379,35.263,0.82061
24.753,25.238,-0.25783,-0.068926,35.224,1.8517
24.721,25.231,-0.22159,-0.072664,35.174,1.7586
24.691,25.224,-0.21727,-0.076053,35.123,1.7948
24.662,25.217,-0.22054,-0.079303,35.07,1.8602
24.662,25.209,0,-0.081682,35.015,1.0329
24.662,25.2,0,-0.085103,34.961,1.0026
24.662,25.192,0,-0.087705,34.907,0.97406
24.662,25.183,0,-0.089276,34.855,0.94808
24.534,25.174,-0.22845,-0.09263,34.756,2.0981
24.511,25.165,-0.20307,-0.094945,34.697,2.022
24.482,25.155,-0.19456,-0.09804,34.638,2.0325
24.482,25.146,0,-0.10065,34.571,1.27
24.445,25.136,-0.17817,-0.10106,34.485,1.9998
24.445,25.126,0,-0.10121,34.417,1.3094
24.41,25.115,-0.17945,-0.10382,34.346,2.0385
24.386,25.105,-0.16259,-0.10619,34.269,1.9992
24.38,25.094,-0.16012,-0.10592,34.187,1.9771
24.372,25.084,-0.15326,-0.10581,34.113,1.9404
24.355,25.073,-0.12927,-0.10713,34.034,1.8573
24.355,25.062,0,-0.10797,33.963,1.3576
24.355,25.052,0,-0.10948,33.893,1.3249
24.318,25.041,-0.0012947,-0.10888,33.814,1.3997
24.309,25.03,0.051032,-0.10897,33.739,1.2297
24.321,25.019,0.089715,-0.10588,33.66,1.0705
24.33,25.008,0.12441,-0.10316,33.597,0.93829
24.338,24.998,0.12967,-0.10063,33.531,0.88926
24.348,24.988,0.12265,-0.097842,33.461,0.86839
24.352,24.978,0.099329,-0.096003,33.398,0.9021
24.356,24.969,0.093298,-0.094224,33.331,0.89179
24.362,24.959,0.091617,-0.092101,33.27,0.86643
24.362,24.95,0,-0.089732,33.211,1.1114
24.38,24.941,0.14772,-0.086864,33.152,0.65998
24.38,24.932,0,-0.083931,33.096,1.0384
24.411,24.924,0.18708,-0.079873,33.054,0.49217
24.411,24.916,0,-0.075805,33.003,0.94764
24.444,24.908,0.077035,-0.072503,32.949,0.65094
24.444,24.901,0,-0.071363,32.903,0.84208
24.449,24.894,-0.098291,-0.069875,32.85,1.1219
24.448,24.887,-0.17483,-0.069063,32.807,1.3799
24.429,24.88,-0.18551,-0.071112,32.772,1.4478
24.412,24.873,-0.17489,-0.072693,32.73,1.4275
24.398,24.866,-0.16723,-0.073961,32.691,1.4145
24.374,24.858,-0.14413,-0.076698,32.637,1.364
24.351,24.851,-0.14156,-0.07926,32.596,1.3878
24.329,24.843,-0.14845,-0.081668,32.541,1.4433
24.315,24.835,-0.19416,-0.082768,32.497,1.6322
24.29,24.826,-0.21291,-0.085737,32.434,1.7468
24.263,24.818,-0.22095,-0.08888,32.385,1.8227
24.246,24.809,-0.23755,-0.090414,32.329,1.9116
24.217,24.8,-0.26902,-0.093696,32.281,2.0958
24.181,24.79,-0.29602,-0.098314,32.231,2.287
24.153,24.781,-0.34091,-0.10149,32.172,2.5497
24.116,24.77,-0.39491,-0.10609,32.101,2.8978
24.076,24.76,-0.41325,-0.11119,32.034,3.0753
24.038,24.749,-0.43752,-0.11602,31.955,3.2842
24.004,24.737,-0.40858,-0.12012,31.877,3.1791
23.963,24.725,-0.36054,-0.12521,31.808,2.9915
23.932,24.713,-0.32352,-0.12877,31.732,2.845
23.898,24.7,-0.29626,-0.1327,31.649,2.7578
23.898,24.686,0,-0.1355,31.57,1.4801
23.898,24.673,0,-0.13707,31.491,1.4397
23.898,24.659,0,-0.13819,31.415,1.4006
23.817,24.645,-0.29402,-0.13917,31.312,2.8036
23.78,24.631,-0.30927,-0.14354,31.233,2.9373
23.78,24.617,0,-0.14642,31.149,1.5709
23.714,24.602,-0.31759,-0.15109,31.044,3.0695
23.714,24.587,0,-0.15371,30.956,1.6427
23.666,24.572,-0.20236,-0.15551,30.858,2.5421
23.666,24.556,0,-0.15699,30.768,1.679
23.666,24.541,0,-0.16041,30.68,1.6256
23.59,24.525,-0.26635,-0.16236,30.587,2.9092
23.562,24.508,-0.32503,-0.16509,30.501,3.2405
23.536,24.492,-0.36979,-0.16756,30.4,3.5081
23.503,24.475,-0.36012,-0.1712,30.306,3.4935
23.472,24.458,-0.37141,-0.17442,30.212,3.5906
23.472,24.441,0,-0.17926,30.115,1.8139
23.391,24.423,-0.34044,-0.1842,30,3.5253
23.35,24.404,-0.3058,-0.18931,29.887,3.39
23.312,24.385,-0.28136,-0.19368,29.776,3.3026
23.289,24.366,-0.24242,-0.19544,29.672,3.1088
23.256,24.346,-0.21625,-0.19896,29.556,3.0064
23.23,24.326,-0.2314,-0.20115,29.444,3.0909
23.213,24.306,-0.22921,-0.20157,29.331,3.0659
23.199,24.286,-0.22809,-0.20151,29.222,3.0408
23.184,24.266,-0.23304,-0.20148,29.122,3.0478
23.184,24.246,0,-0.20309,29.015,1.9831
23.184,24.226,0,-0.20614,28.91,1.9167
23.111,24.205,-0.25701,-0.20704,28.798,3.1837
23.08,24.184,-0.24776,-0.21002,28.696,3.1569
23.053,24.163,-0.23149,-0.21233,28.586,3.085
23.02,24.142,-0.24612,-0.21579,28.47,3.1806
23.001,24.12,-0.24052,-0.21657,28.357,3.1412
22.97,24.099,-0.27163,-0.21954,28.248,3.3172
22.951,24.077,-0.3078,-0.22006,28.144,3.4963
22.912,24.055,-0.36287,-0.22444,28.038,3.8397
22.883,24.032,-0.30628,-0.22727,27.918,3.5346
22.86,24.01,-0.24684,-0.22847,27.811,3.2167
22.833,23.987,-0.15693,-0.23055,27.701,2.7882
22.826,23.964,-0.13353,-0.22868,27.579,2.6402
22.808,23.941,-0.13136,-0.22914,27.464,2.6153
22.808,23.918,0,-0.22974,27.352,2.0228
22.779,23.895,-0.24529,-0.22824,27.24,3.0966
22.763,23.872,-0.26645,-0.22831,27.127,3.1822
22.74,23.849,-0.20963,-0.22945,27.019,2.8951
22.714,23.826,-0.081267,-0.23148,26.904,2.3325
22.696,23.803,0.018716,-0.23178,26.79,1.9405
22.708,23.78,0.044039,-0.22576,26.685,1.7825
22.707,23.758,0.088552,-0.22233,26.587,1.596
22.722,23.735,0.1285,-0.21543,26.492,1.4071
22.727,23.714,0.11403,-0.21098,26.394,1.398
22.736,23.693,0.085445,-0.20554,26.3,1.4231
22.736,23.672,0,-0.19823,26.205,1.6627
22.765,23.652,0.092832,-0.19261,26.105,1.2709
22.765,23.633,0,-0.18678,26.017,1.5218
22.785,23.614,0.0076174,-0.18175,25.919,1.4127
22.785,23.596,0,-0.1791,25.837,1.3988
22.791,23.578,0.047699,-0.17417,25.748,1.2104
22.791,23.561,0.078797,-0.171,25.673,1.0907
22.791,23.544,0,-0.16438,25.597,1.2967
22.813,23.527,0.16953,-0.15985,25.537,0.7731
22.838,23.511,0.18177,-0.15134,25.466,0.68129
22.859,23.496,0.20053,-0.14358,25.407,0.58574
22.875,23.482,0.14334,-0.13731,25.344,0.65575
22.896,23.468,0.1575,-0.12976,25.278,0.5687
22.912,23.455,0.22915,-0.12364,25.223,0.39039
22.926,23.443,0.28934,-0.11814,25.162,0.26046
22.957,23.431,0.29617,-0.10852,25.113,0.19159
22.957,23.42,0,-0.09876,25.066,0.78127
23.028,23.41,0.33546,-0.087907,25.031,0.025092
23.028,23.401,0,-0.078544,24.993,0.62673
23.084,23.394,0.25247,-0.071431,24.959,0.024629
23.103,23.386,0.23948,-0.065572,24.92,0.006177
23.103,23.38,0,-0.056843,24.892,0.46296
23.155,23.374,0.24795,-0.050829,24.863,0
23.176,23.369,0.24171,-0.044991,24.837,0
23.176,23.365,0,-0.038561,24.818,0.31348
23.176,23.361,0,-0.032788,24.799,0.31878
23.241,23.357,0.18232,-0.027242,24.791,0
23.261,23.355,0.11543,-0.02194,24.778,0
23.271,23.353,0.033815,-0.019029,24.77,0.056509
23.271,23.351,0,-0.018627,24.762,0.1251
23.271,23.349,0,-0.018679,24.755,0.12108
23.271,23.347,0,-0.016791,24.747,0.12132
23.265,23.345,-0.065522,-0.018826,24.734,0.28184
23.266,23.343,-0.061384,-0.018053,24.719,0.26572
23.25,23.342,-0.041321,-0.02139,24.711,0.23957
23.255,23.339,-0.058497,-0.019769,24.71,0.27056
23.255,23.337,0,-0.019558,24.702,0.12895
23.256,23.335,-0.020132,-0.018751,24.681,0.17083
23.244,23.334,-0.024864,-0.021075,24.67,0.19767
23.243,23.331,-0.050852,-0.020784,24.653,0.25801
23.23,23.329,-0.07562,-0.023489,24.635,0.33997
23.23,23.327,0,-0.023404,24.625,0.15212
23.219,23.325,-0.15719,-0.024963,24.627,0.58225
23.205,23.322,-0.18786,-0.027547,24.609,0.69853
23.178,23.319,-0.22342,-0.033445,24.598,0.86427
23.146,23.316,-0.25611,-0.040095,24.573,1.0347
23.146,23.312,0,-0.046118,24.556,0.24599
23.146,23.308,0,-0.050743,24.54,0.22575
23.073,23.302,-0.30669,-0.054384,24.514,1.3483
23.073,23.297,0,-0.061116,24.491,0.3368
23.005,23.291,-0.30258,-0.067964,24.461,1.4445
23.005,23.284,0,-0.073865,24.432,0.42681
22.94,23.277,-0.24053,-0.080296,24.399,1.298
22.921,23.269,-0.20962,-0.083099,24.367,1.2035
22.921,23.26,0,-0.08601,24.333,0.53099
22.888,23.252,-0.15968,-0.087276,24.281,1.0555
22.867,23.243,-0.18312,-0.09057,24.246,1.1603
22.867,23.234,0,-0.092503,24.209,0.57737
22.832,23.225,-0.20209,-0.094764,24.172,1.2572
22.805,23.215,-0.20229,-0.099386,24.123,1.2911
22.775,23.205,-0.21512,-0.10456,24.08,1.3769
22.756,23.195,-0.2265,-0.10692,24.046,1.4369
22.738,23.184,-0.223,-0.10894,23.993,1.4356
22.715,23.173,-0.2081,-0.11212,23.946,1.4004
22.701,23.162,-0.20926,-0.11329,23.892,1.4098
22.701,23.151,0,-0.11791,23.846,0.70018
22.701,23.139,0,-0.12085,23.802,0.66571
22.631,23.127,-0.20086,-0.12293,23.737,1.4405
22.605,23.115,-0.22302,-0.12674,23.688,1.5509
22.583,23.102,-0.23619,-0.12932,23.643,1.6193
22.554,23.089,-0.22025,-0.13359,23.595,1.5853
22.538,23.076,-0.20459,-0.13483,23.539,1.5291
22.538,23.062,0,-0.13483,23.486,0.82769
22.498,23.049,-0.15835,-0.13896,23.421,1.3777
22.475,23.035,-0.13476,-0.14175,23.374,1.3109
22.463,23.021,-0.13769,-0.14139,23.328,1.3146
22.446,23.006,-0.12651,-0.14268,23.265,1.2795
22.44,22.992,-0.093353,-0.14122,23.202,1.1538
22.44,22.978,0,-0.14115,23.147,0.84277
22.43,22.964,0.01034,-0.13748,23.096,0.8159
22.44,22.95,0.070564,-0.13154,23.045,0.62554
22.455,22.937,0.13322,-0.12485,22.989,0.44741
22.455,22.925,0,-0.11924,22.941,0.74198
22.489,22.913,0.24325,-0.1103,22.91,0.17747
22.513,22.902,0.29505,-0.1013,22.866,0.064344
22.542,22.891,0.35078,-0.091341,22.824,0
22.586,22.882,0.40464,-0.077601,22.791,0
22.634,22.875,0.43942,-0.063108,22.773,0
22.634,22.868,0,-0.047855,22.749,0.3908
22.74,22.863,0.49202,-0.032581,22.722,0
22.788,22.86,0.52866,-0.01899,22.709,0
22.834,22.858,0.51636,-0.0064325,22.714,0
22.834,22.858,0,0.0048091,22.711,0.059571
22.937,22.858,0.52071,0.014646,22.711,0
22.937,22.86,0,0.025432,22.719,0
23.044,22.862,0.4552,0.033923,22.748,0
23.044,22.866,0,0.042642,22.766,0
23.147,22.87,0.44202,0.051775,22.8,0
23.193,22.875,0.40596,0.059489,22.83,0
23.233,22.881,0.37507,0.065907,22.869,0
23.27,22.888,0.33698,0.071543,22.913,0
23.306,22.895,0.30323,0.077123,22.958,0
23.331,22.902,0.25974,0.080466,22.992,0
23.363,22.91,0.21912,0.084996,23.028,0
23.385,22.919,0.18813,0.087628,23.083,0
23.406,22.928,0.18419,0.09005,23.13,0
23.415,22.937,0.16845,0.09017,23.172,0
23.415,22.946,0,0.090468,23.219,0
23.444,22.955,0.1451,0.092512,23.273,0
23.457,22.964,0.17232,0.093276,23.316,0
23.457,22.973,0,0.09388,23.365,0
23.496,22.983,0.17149,0.097224,23.408,0
23.52,22.992,0.052922,0.10011,23.463,0
23.533,23.002,-0.011215,0.10086,23.506,0
23.536,23.013,-0.055351,0.099444,23.55,0
23.533,23.022,-0.10616,0.097193,23.603,0
23.533,23.032,0,0.093448,23.653,0
23.514,23.042,-0.032861,0.090108,23.714,0
23.513,23.051,0.029468,0.088433,23.768,0
23.513,23.059,0,0.087833,23.814,0
23.522,23.068,0.016688,0.086984,23.852,0
23.516,23.077,0.0077808,0.084145,23.903,0
23.512,23.085,-0.039703,0.081956,23.945,0
23.515,23.094,-0.10282,0.080877,23.981,0
23.504,23.102,-0.15133,0.077423,24.032,0
23.484,23.109,-0.15418,0.072037,24.065,0
23.461,23.117,-0.13857,0.066333,24.094,0
23.444,23.123,-0.11445,0.06175,24.125,0
23.433,23.129,-0.097282,0.058587,24.161,0
23.433,23.135,0,0.057362,24.191,0
23.433,23.141,-0.053639,0.056472,24.223,0
23.423,23.147,-0.097219,0.053397,24.25,0
23.411,23.152,-0.099418,0.050148,24.279,0
23.41,23.157,-0.086961,0.048897,24.313,0
23.406,23.162,-0.087288,0.047224,24.344,0
23.4,23.167,-0.1244,0.0452,24.369,0
23.392,23.171,-0.11914,0.042933,24.389,0
23.371,23.175,-0.13515,0.037904,24.417,0
23.358,23.179,-0.15583,0.034652,24.44,0.062324
23.333,23.183,-0.16808,0.029127,24.447,0.14707
23.322,23.186,-0.17106,0.026572,24.471,0.17969
23.298,23.188,-0.18,0.021269,24.491,0.25577
23.298,23.19,0,0.016914,24.502,0
23.266,23.192,-0.18261,0.014332,24.503,0.3303
23.266,23.193,0,0.0087968,24.51,0
23.266,23.194,0,0.0055557,24.517,0
23.207,23.195,-0.15089,0.0023314,24.518,0.35352
23.207,23.195,0,-0.0017348,24.519,0
23.207,23.195,0,-0.0047995,24.52,0
23.162,23.194,-0.1287,-0.0076606,24.519,0.3691
23.148,23.194,-0.13108,-0.010782,24.522,0.3988
23.144,23.193,-0.16131,-0.011357,24.526,0.4916
23.12,23.191,-0.17899,-0.01685,24.52,0.58767
23.111,23.19,-0.20858,-0.018509,24.519,0.69591
23.111,23.188,0,-0.022342,24.511,0.11088
23.064,23.186,-0.18852,-0.028712,24.499,0.70938
23.042,23.183,-0.16914,-0.033304,24.479,0.68217
23.042,23.18,0,-0.036096,24.465,0.20884
23.021,23.176,-0.12925,-0.036551,24.452,0.5837
23.017,23.172,-0.12038,-0.036816,24.432,0.55908
23.017,23.169,0,-0.040898,24.417,0.228
22.983,23.164,-0.11768,-0.04304,24.397,0.59638
22.981,23.16,-0.11946,-0.042526,24.372,0.59715
22.971,23.156,-0.10718,-0.043904,24.36,0.57118
22.956,23.152,-0.12268,-0.046622,24.339,0.6362
22.95,23.147,-0.20484,-0.046899,24.321,0.90162
22.938,23.142,-0.23342,-0.048684,24.302,1.0159
22.923,23.137,-0.23196,-0.051164,24.286,1.0299
22.909,23.132,-0.22389,-0.053388,24.255,1.0175
22.889,23.127,-0.19385,-0.056994,24.235,0.93982
22.874,23.121,-0.11927,-0.059204,24.203,0.71461
22.854,23.115,-0.079418,-0.062792,24.172,0.62269
22.854,23.109,0,-0.061689,24.146,0.40279
22.839,23.103,-0.12134,-0.063512,24.126,0.74985
22.825,23.096,-0.14549,-0.065623,24.095,0.83984
22.825,23.09,0,-0.065638,24.068,0.41596
22.825,23.083,0,-0.070401,24.042,0.39014
22.825,23.076,0,-0.075673,24.017,0.36241
22.825,23.069,0,-0.077814,23.992,0.34112
22.825,23.061,0,-0.079807,23.968,0.31987
22.707,23.053,-0.18805,-0.084392,23.906,1.1159
22.707,23.044,0,-0.088992,23.872,0.51865
22.664,23.036,-0.20213,-0.091128,23.822,1.2129
22.664,23.026,0,-0.09443,23.785,0.5612
22.608,23.017,-0.29017,-0.10079,23.737,1.6274
22.608,23.007,0,-0.10756,23.696,0.6101
22.608,22.996,0,-0.11482,23.657,0.56783
22.479,22.985,-0.53708,-0.12576,23.605,3.067
22.42,22.972,-0.73487,-0.13751,23.552,4.4737
22.42,22.958,0,-0.15194,23.498,0.81369
22.243,22.943,-1.5735,-0.17583,23.424,14.218
22.094,22.926,-2.2106,-0.20991,23.345,27.544
21.869,22.905,-2.7625,-0.26266,23.257,45.776
21.596,22.878,-3.1795,-0.32767,23.137,65.586
21.282,22.846,-3.4664,-0.40264,23.004,83.383
20.938,22.805,-3.6019,-0.48572,22.842,93.508
20.581,22.757,-3.5884,-0.57277,22.644,93.371
20.227,22.699,-3.6311,-0.66057,22.402,97.135
19.863,22.633,-3.6673,-0.75229,22.143,100.44
19.863,22.558,0,-0.84637,21.87,4.2496
19.863,22.474,0,-0.94214,21.604,3.6305
19.863,22.379,0,-1.0442,21.348,3.0461
18.381,22.275,-3.7397,-1.1502,20.821,107.95
18.01,22.16,-3.7872,-1.2587,20.422,111.87
17.629,22.034,-3.8187,-1.3747,19.998,114.59
17.629,21.897,0,-1.4982,19.564,6.3638
16.859,21.747,-3.8236,-1.6271,19.064,115.37
16.474,21.584,-3.8516,-1.7619,18.574,117.68
16.474,21.408,0,-1.9018,18.071,6.6997
15.706,21.218,-3.7433,-2.0527,17.526,109.12
15.337,21.012,-3.6386,-2.2079,16.962,101.07
14.974,20.792,-3.432,-2.3687,16.387,86.641
14.636,20.555,-3.1414,-2.5291,15.795,69.126
14.636,20.302,0,-2.6904,15.216,5.9761
14.027,20.033,-2.5823,-3.8181,14.593,28.57
13.777,19.651,-2.386,-3.6176,14.006,24.569
13.777,19.289,0,-3.4728,13.437,5.8574
13.322,18.942,-2.1919,-3.4208,12.848,20.638
13.322,18.6,0,-3.4028,12.303,5.7632
12.876,18.26,-2.1586,-4.4,11.747,7.7231
12.876,17.82,0,-4.4,11.231,18.06
12.441,17.38,-2.0427,-4.4,10.713,5.2
12.242,16.94,-1.9138,-4.4,10.223,4.8095
12.057,16.5,-1.7719,-4.4,9.7628,5.8725
11.879,16.06,-1.6714,-4.4,9.324,8.187
11.702,15.62,-1.5689,-4.4,8.9179,12.068
11.548,15.18,-1.547,-4.4,8.5488,17.15
11.548,14.74,0,-4.4,8.2076,48.263
11.548,14.3,0,-4.4,7.9105,62.897
11.548,13.86,0,-4.4,7.6573,82.847
10.93,13.42,-1.4271,-4.4,7.3023,85.437
10.787,12.98,-1.3538,-4.4,7.071,135.8
10.787,12.54,0,-4.4,6.8738,120.37
10.526,12.1,-1.1985,-5.2,6.6795,0
10.401,11.58,-1.1096,-5.2,6.5482,0
10.3,11.06,-1.0896,-5.2,6.4478,0
10.186,10.54,-0.95308,-5.2,6.3842,0
10.094,10.02,-0.78005,-5.2,6.3793,0
10.094,9.4995,0,-5.2,6.4127,0
9.9462,8.9795,-0.40406,-5.2,6.4834,0
9.9072,8.4595,-0.19408,-5.2,6.6036,0
9.896,7.9395,-0.11182,-5.2,6.7807,0
9.8885,7.4195,-0.094385,-5.2,7.0105,0
9.8858,6.8995,-0.11191,-5.2,7.2759,0
9.8689,6.3795,-0.13894,-5.2,7.5923,0
9.8524,5.8595,-0.15857,2.8444,7.9764,0.53541
9.8303,6.144,-0.16292,2.5296,8.3595,0
9.8083,6.397,-0.18085,2.2718,8.7184,0
9.7838,6.6241,-0.21987,2.0514,9.046,0
9.7838,6.8293,0,1.867,9.3517,0
9.7515,7.016,-0.3416,1.7046,9.6225,0
9.7229,7.1864,-0.4252,1.5556,9.8866,0.35872
9.6766,7.342,-0.49736,1.4107,10.122,0.75199
9.628,7.4831,-0.58242,1.2809,10.352,1.2819
9.628,7.6112,0,1.1601,10.56,0
9.5074,7.7272,-0.78684,1.0416,10.745,2.7545
9.4379,7.8313,-0.92215,0.93189,10.912,3.8873
9.4379,7.9245,0,0.81864,11.068,0
9.2504,8.0064,-1.1494,0.7115,11.196,6.1248
9.1398,8.0775,-1.2722,0.60391,11.307,7.5201
9.0132,8.1379,-1.3623,0.49492,11.396,8.645
8.8739,8.1874,-1.4049,0.38651,11.472,9.2277
8.736,8.2261,-1.467,0.28621,11.532,10.097
8.736,8.2547,0,0.1873,11.581,0
8.4461,8.2734,-1.4606,0.09654,11.603,10.107
8.4461,8.2831,0,0.0076891,11.62,0
8.1635,8.2838,-1.3584,-0.032101,11.596,9.2275
8.0351,8.2806,-1.1798,-0.065656,11.574,7.5467
7.9186,8.2741,-0.99813,-0.095299,11.548,6.0541
7.8262,8.2645,-0.77922,-0.11793,11.514,4.4526
7.745,8.2527,-0.56138,-0.13732,11.468,3.1536
7.6862,8.239,-0.39861,-0.15039,11.415,2.359
7.655,8.224,-0.31535,-0.15562,11.364,1.9966
7.6296,8.2084,-0.27996,-0.15942,11.303,1.8572
7.5945,8.1925,-0.27447,-0.16583,11.241,1.8654
7.5945,8.1759,0,-0.16798,11.182,0.87167
7.5514,8.1591,-0.26383,-0.17068,11.125,1.8304
7.5514,8.142,0,-0.17345,11.065,0.87863
7.5514,8.1247,0,-0.1801,11.007,0.82122
7.4632,8.1067,-0.24838,-0.18469,10.934,1.817
7.4369,8.0882,-0.21245,-0.18854,10.861,1.6816
7.4141,8.0693,-0.16583,-0.19081,10.805,1.5094
7.4025,8.0503,-0.12516,-0.19029,10.732,1.3487
7.4025,8.0312,0,-0.19166,10.668,0.91879
7.367,8.0121,-0.069022,-0.192,10.614,1.1553
7.3544,7.9929,-0.067942,-0.19134,10.553,1.1373
7.3438,7.9737,-0.06825,-0.19026,10.487,1.1203
7.3321,7.9547,-0.070977,-0.18932,10.428,1.1132
7.3253,7.9358,-0.073342,-0.18701,10.365,1.0971
7.3126,7.9171,-0.063474,-0.18641,10.308,1.0544
7.3084,7.8984,-0.074839,-0.18299,10.256,1.0629
7.3034,7.8801,-0.071435,-0.17997,10.202,1.0287
7.2867,7.8621,-0.05187,-0.18086,10.143,0.96578
7.2852,7.8441,-0.038762,-0.177,10.08,0.89996
7.2852,7.8263,0,-0.17204,10.025,0.76869
7.277,7.8091,0.03831,-0.1708,9.9706,0.6578
7.277,7.7921,0,-0.1649,9.9183,0.72787
7.2921,7.7756,0.14467,-0.15704,9.8712,0.36771
7.3063,7.7599,0.21141,-0.14832,9.8182,0.21995
7.3285,7.745,0.32473,-0.13683,9.7786,0.041425
7.3519,7.7314,0.48163,-0.12506,9.7479,0
7.3921,7.7189,0.66744,-0.1081,9.7142,0
7.3921,7.708,0,-0.083654,9.6821,0.48414
7.5536,7.6997,1.0839,-0.048603,9.6657,0.31293
7.6626,7.6948,1.2242,-0.010709,9.6584,0.57837
7.7858,7.6937,1.3071,0.049413,9.6692,0.67557
7.9221,7.6987,1.3382,0.12,9.693,0.60334
8.0564,7.7107,1.3224,0.1858,9.7276,0.4093
8.1797,7.7293,1.2952,0.24207,9.771,0.20753
8.3019,7.7535,1.2234,0.29431,9.8139,0
8.3019,7.7829,0,0.34217,9.8673,0
8.5232,7.8171,0.93624,0.37824,9.9444,0
8.6095,7.8549,0.71973,0.40372,10.022,0
8.6829,7.8953,0.51301,0.4204,10.092,0
8.7248,7.9374,0.34294,0.41971,10.176,0
8.7248,7.9793,0,0.41311,10.252,0
8.7782,8.0206,0.17525,0.40238,10.337,0
8.7868,8.0609,0.17964,0.3846,10.404,0
8.8143,8.0993,0.20931,0.37817,10.478,0
8.8421,8.1372,0.22514,0.37199,10.543,0
8.8683,8.1744,0.23522,0.3657,10.618,0
8.8683,8.2109,0,0.35475,10.686,0
8.9186,8.2464,0.27769,0.35306,10.754,0
8.9186,8.2817,0,0.34396,10.819,0
8.975,8.3161,0.36731,0.34496,10.885,0
9.0163,8.3506,0.40473,0.34821,10.958,0
9.0532,8.3854,0.39142,0.34856,11.019,0
9.099,8.4203,0.37672,0.35377,11.088,0
9.1443,8.4557,0.30376,0.35842,11.157,0
