9.7222,9.7222,-0.33127,0,35.5,0.98849
9.682,9.7222,-0.39523,6.7,35.494,69.139
9.6378,10.392,-0.24712,6.7,35.455,71.091
9.6041,11.062,-0.12726,6.7,35.337,73.569
9.5935,11.732,0.01064,-0.13319,35.159,5.7882
9.5935,11.719,0,-0.13384,34.946,5.7999
9.6053,11.706,0.2509,-0.13312,34.733,4.3383
9.6307,11.692,0.26367,-0.13183,34.521,4.1581
9.6532,11.679,0.27735,-0.13062,34.323,3.9864
9.6746,11.666,0.26602,-0.12943,34.131,3.9347
9.7036,11.653,0.28033,-0.12773,33.942,3.7469
9.7036,11.64,0,-0.12559,33.748,5.1464
9.7036,11.628,0,-0.12356,33.555,5.1116
9.7952,11.615,0.25662,-0.12215,33.381,3.4773
9.8168,11.603,0.26701,-0.12079,33.205,3.3364
9.8403,11.591,0.24859,-0.11934,33.022,3.313
9.8403,11.579,0,-0.11825,32.847,4.4783
9.8829,11.567,0.24015,-0.11651,32.685,3.1613
9.9145,11.556,0.24783,-0.11435,32.521,3.0113
9.9297,11.544,0.23543,-0.11325,32.367,2.9874
9.9566,11.533,0.24701,-0.11131,32.216,2.8382
9.9814,11.522,0.25299,-0.10959,32.05,2.719
10.005,11.511,0.2615,-0.10782,31.904,2.596
10.028,11.5,0.25601,-0.10613,31.76,2.5302
10.028,11.489,0,-0.10363,31.614,3.6077
10.028,11.479,0,-0.10104,31.468,3.5856
10.117,11.469,0.2426,-0.099277,31.345,2.272
10.117,11.459,0,-0.097087,31.211,3.247
10.16,11.449,0.24355,-0.095767,31.092,2.1127
10.16,11.44,0,-0.093935,30.964,3.0622
10.16,11.43,0,-0.091443,30.837,3.0434
10.16,11.421,0,-0.088992,30.71,3.0252
10.16,11.412,0,-0.087323,30.584,3.0045
10.29,11.404,0.21477,-0.085101,30.483,1.7843
10.308,11.395,0.23378,-0.083528,30.366,1.6621
10.325,11.387,0.24402,-0.082006,30.265,1.5742
10.325,11.378,0,-0.079853,30.159,2.4275
10.379,11.37,0.25961,-0.077273,30.066,1.3727
10.414,11.363,0.25618,-0.074343,29.962,1.2906
10.434,11.355,0.041275,-0.072492,29.869,1.9111
10.446,11.348,-0.24041,-0.071228,29.786,3.1043
10.446,11.341,0,-0.072745,29.696,1.9906
10.37,11.334,-0.82767,-0.076757,29.605,7.5221
10.287,11.326,-1.0423,-0.083172,29.506,10.051
10.184,11.318,-0.94339,-0.091265,29.392,9.3991
10.08,11.309,-0.7074,-0.099424,29.277,7.5082
10.08,11.299,0,-0.10476,29.154,2.8238
10.08,11.288,0,-0.10827,29.033,2.7768
10.08,11.277,0,-0.10944,28.913,2.7386
9.9706,11.266,0.18622,-0.10764,28.752,2.2911
9.9706,11.256,0,-0.10542,28.623,3.0293
9.9706,11.245,0,-0.1032,28.495,3.0058
10.037,11.235,0.18058,-0.10131,28.38,2.0652
10.059,11.225,0.17314,-0.099216,28.259,2.0125
10.086,11.215,0.1649,-0.096659,28.148,1.9525
10.102,11.205,0.16105,-0.094992,28.031,1.9021
10.124,11.196,0.12674,-0.092835,27.913,1.9432
10.133,11.186,0.09493,-0.091762,27.81,2.0117
10.144,11.177,0.033072,-0.090443,27.7,2.1904
10.144,11.168,0,-0.089608,27.597,2.299
10.145,11.159,-0.077929,-0.089728,27.497,2.6007
10.133,11.15,-0.10678,-0.090517,27.391,2.7385
10.123,11.141,-0.13421,-0.091065,27.294,2.8682
10.107,11.132,-0.12533,-0.092111,27.191,2.8413
10.086,11.123,-0.13345,-0.093704,27.087,2.9116
10.083,11.113,-0.12709,-0.093706,26.98,2.8627
10.083,11.104,0,-0.094748,26.878,2.2725
10.045,11.095,-0.132,-0.096443,26.78,2.9354
10.045,11.085,0,-0.097309,26.676,2.3176
10.016,11.075,-0.1495,-0.098408,26.57,3.0424
9.995,11.065,-0.17043,-0.09996,26.468,3.1755
9.995,11.055,0,-0.10061,26.361,2.3638
9.9718,11.045,-0.16473,-0.10141,26.254,3.1506
9.9474,11.035,-0.12883,-0.10341,26.137,3.0113
9.9474,11.025,0,-0.105,26.029,2.3968
9.9474,11.014,0,-0.10549,25.922,2.3638
9.9197,11.004,0.083052,-0.1049,25.81,2.0924
9.92,10.993,0.17254,-0.10443,25.707,1.755
9.944,10.983,0.2357,-0.10171,25.596,1.4847
9.9695,10.973,0.27688,-0.098786,25.491,1.2959
10.002,10.963,0.2986,-0.095031,25.401,1.1541
10.002,10.953,0,-0.091435,25.306,2.0809
10.053,10.944,0.27094,-0.089105,25.212,1.0826
10.053,10.935,0,-0.085522,25.123,1.9077
10.103,10.927,0.25167,-0.083119,25.039,0.99429
10.121,10.918,0.22559,-0.080841,24.963,1.0061
10.14,10.91,0.23767,-0.078426,24.888,0.92303
10.154,10.902,0.23364,-0.076548,24.812,0.8898
10.185,10.895,0.24353,-0.072802,24.743,0.7913
10.212,10.887,0.22608,-0.069567,24.674,0.7654
10.228,10.88,0.23603,-0.067533,24.606,0.70106
10.246,10.874,0.22187,-0.065217,24.533,0.68461
10.272,10.867,0.23547,-0.061988,24.474,0.59432
10.287,10.861,0.2426,-0.059993,24.419,0.5417
10.31,10.855,0.26271,-0.0572,24.361,0.45234
10.331,10.849,0.26881,-0.05456,24.31,0.39522
10.35,10.844,0.27518,-0.052111,24.253,0.34171
10.372,10.839,0.26854,-0.049379,24.214,0.30789
10.395,10.834,0.26145,-0.046558,24.166,0.27315
10.395,10.829,0,-0.043765,24.122,0.86695
10.451,10.825,0.23154,-0.039843,24.079,0.21458
10.473,10.821,0.23546,-0.037076,24.05,0.16427
10.499,10.817,0.23402,-0.033986,24.013,0.11818
10.518,10.814,0.23014,-0.031706,23.978,0.088738
10.543,10.81,0.21846,-0.028738,23.948,0.061408
10.543,10.808,0,-0.025647,23.921,0.515
10.584,10.805,0.13284,-0.023776,23.91,0.12949
10.596,10.803,0.092557,-0.022324,23.883,0.18353
10.601,10.8,0.050296,-0.021472,23.868,0.2587
10.601,10.798,0.018516,-0.021322,23.858,0.32907
10.601,10.796,0,-0.020731,23.839,0.37074
10.601,10.794,0,-0.020909,23.819,0.36568
10.614,10.792,0.084567,-0.019282,23.798,0.14734
10.625,10.79,0.11864,-0.017897,23.776,0.05897
10.625,10.788,0,-0.016328,23.76,0.31017
10.652,10.787,0.22184,-0.014583,23.745,0
10.673,10.785,0.23541,-0.012217,23.725,0
10.673,10.784,0,-0.0084402,23.714,0.21513
10.721,10.783,0.21605,-0.0067581,23.707,0
10.752,10.782,0.19374,-0.0033058,23.695,0
10.752,10.782,0,-9.1997e-05,23.692,0.061826
10.752,10.782,0,0.0049882,23.689,0.072916
10.752,10.783,0,0.010387,23.686,0.085914
10.794,10.784,-0.063922,0.0071416,23.708,0.13879
10.794,10.784,-0.12736,0.0068621,23.7,0.30427
10.774,10.785,-0.14732,-0.0011764,23.701,0.38834
10.752,10.785,-0.16016,-0.0035275,23.693,0.47213
10.746,10.784,-0.19681,-0.0041474,23.687,0.59853
10.723,10.784,-0.26528,-0.0066569,23.69,0.88652
10.688,10.783,-0.32601,-0.010443,23.688,1.2059
10.665,10.782,-0.44283,-0.012833,23.675,1.7835
10.613,10.781,-0.57542,-0.01834,23.667,2.635
10.564,10.779,-0.69634,-0.023571,23.64,3.5453
10.491,10.777,-0.79218,-0.031275,23.614,4.4733
10.404,10.774,-0.87182,-0.040583,23.579,5.4166
10.311,10.77,-0.91297,-0.050473,23.531,6.1082
10.311,10.765,0,-0.060172,23.485,0.86577
10.12,10.759,-0.93836,-0.070808,23.421,7.044
10.022,10.752,-0.93174,-0.081288,23.344,7.3407
9.9302,10.743,-0.93061,-0.09103,23.263,7.6605
9.9302,10.734,0,-0.10202,23.182,1.6339
9.7327,10.724,-0.9085,-0.11205,23.099,8.1538
9.6471,10.713,-0.88286,-0.12125,22.993,8.1961
9.5686,10.701,-0.83519,-0.1296,22.891,7.9951
9.4796,10.688,-0.77194,-0.13926,22.777,7.6957
9.3995,10.674,-0.7009,-0.14799,22.654,7.3059
9.3995,10.659,0,-0.15509,22.527,2.7405
9.2671,10.644,-0.62548,-0.16258,22.38,7.0227
9.2042,10.627,-0.47093,-0.16947,22.247,5.9681
9.1534,10.61,-0.31011,-0.17506,22.104,4.9671
9.1224,10.593,-0.13472,-0.1784,21.951,3.9695
9.1079,10.575,0.07742,-0.17967,21.803,2.9377
9.1079,10.557,0,-0.17728,21.657,3.2335
9.1079,10.539,0,-0.17367,21.513,3.1933
9.1079,10.522,0,-0.16944,21.371,3.1571
9.2108,10.505,0.28033,-0.16436,21.236,1.7954
9.2108,10.489,0,-0.15884,21.107,2.7804
9.2697,10.473,0.26152,-0.15528,20.985,1.6546
9.2697,10.457,0,-0.14967,20.866,2.5459
9.2697,10.442,0,-0.14439,20.748,2.5225
9.2697,10.428,0,-0.13961,20.631,2.4987
9.2697,10.414,0,-0.13471,20.516,2.4768
9.2697,10.4,0,-0.13111,20.402,2.4511
9.441,10.387,0.26683,-0.12729,20.357,1.122
9.441,10.374,0,-0.12303,20.263,1.9151
9.4814,10.362,0.16475,-0.12002,20.166,1.2556
9.4814,10.35,0,-0.11619,20.079,1.7606
9.5106,10.339,0.033133,-0.1141,19.999,1.5435
9.5046,10.327,-0.037844,-0.11392,19.925,1.7789
9.5078,10.316,-0.087711,-0.11254,19.842,1.9329
9.4942,10.305,-0.091631,-0.11352,19.759,1.9514
9.4766,10.293,-0.07713,-0.115,19.681,1.9067
9.4766,10.282,0,-0.11597,19.6,1.5888
9.4621,10.27,-0.067096,-0.1149,19.536,1.844
9.4591,10.259,-0.076894,-0.1144,19.45,1.8594
9.442,10.247,-0.051048,-0.11589,19.366,1.7721
9.442,10.236,0,-0.11537,19.286,1.5601
9.442,10.224,0,-0.1138,19.207,1.5347
9.4391,10.213,0.11741,-0.11313,19.137,1.1517
9.4443,10.201,0.19763,-0.11125,19.067,0.91122
9.4443,10.19,0,-0.1077,18.992,1.4594
9.482,10.179,0.22018,-0.10359,18.919,0.75005
9.5099,10.169,0.18429,-0.09846,18.842,0.76073
9.5331,10.159,0.10962,-0.093928,18.781,0.88055
9.5356,10.15,-0.04959,-0.092467,18.729,1.3293
9.5325,10.141,-0.21039,-0.091944,18.669,1.9258
9.5064,10.131,-0.38171,-0.094896,18.611,2.7827
9.4628,10.122,-0.52492,-0.10055,18.545,3.7027
9.4053,10.112,-0.61982,-0.10836,18.474,4.4719
9.4053,10.101,0,-0.11763,18.404,1.2972
9.4053,10.089,0,-0.12664,18.335,1.2393
9.2103,10.077,-0.5931,-0.13517,18.239,4.7667
9.2103,10.063,0,-0.14359,18.153,1.623
9.1052,10.049,-0.34143,-0.14902,18.073,3.4014
9.0747,10.034,-0.19723,-0.15247,17.985,2.7003
9.0747,10.019,0,-0.15341,17.89,1.8355
9.0601,10.003,0.043715,-0.15212,17.792,1.6859
9.072,9.988,0.052626,-0.14873,17.703,1.5964
9.072,9.9731,0,-0.14569,17.612,1.7461
9.072,9.9586,0,-0.14195,17.523,1.7195
9.0955,9.9444,0.050123,-0.14029,17.463,1.4581
9.1006,9.9303,0.040219,-0.13812,17.371,1.4476
9.0967,9.9165,0.072187,-0.13722,17.299,1.3263
9.1033,9.9028,0.080644,-0.13469,17.215,1.2585
9.1176,9.8893,0.055738,-0.1308,17.137,1.2758
9.1228,9.8763,0.028732,-0.12852,17.056,1.3197
9.1205,9.8634,0.0073897,-0.12734,16.99,1.3639
9.1205,9.8507,0,-0.12652,16.916,1.3575
9.1205,9.838,0,-0.12692,16.844,1.3238
9.1205,9.8253,0,-0.12852,16.773,1.2863
9.0853,9.8125,-0.11792,-0.12752,16.701,1.7622
9.074,9.7997,-0.095354,-0.12789,16.637,1.6716
9.074,9.7869,0,-0.12765,16.565,1.3099
9.0579,9.7742,0.035314,-0.12779,16.486,1.2087
9.0596,9.7614,0.045035,-0.12586,16.419,1.1498
9.0596,9.7488,0,-0.12171,16.349,1.2679
9.0596,9.7366,0,-0.1173,16.281,1.2507
9.1007,9.7249,0.11555,-0.11385,16.211,0.81089
9.1007,9.7135,0,-0.1119,16.149,1.1058
9.1007,9.7023,0,-0.11004,16.089,1.0836
9.1007,9.6913,0,-0.10526,16.029,1.0705
9.133,9.6808,0.10594,-0.1016,16.002,0.69547
9.1505,9.6706,0.099352,-0.096838,15.952,0.66188
9.1628,9.661,0.07032,-0.093168,15.898,0.69288
9.1797,9.6516,0.064243,-0.088665,15.844,0.66054
9.1958,9.6428,0.05502,-0.08427,15.802,0.63868
9.2044,9.6343,0.039367,-0.081295,15.765,0.64709
9.2065,9.6262,-0.0095781,-0.079634,15.724,0.75777
9.2111,9.6182,-0.061668,-0.077519,15.682,0.88418
9.2111,9.6105,0,-0.075814,15.642,0.69425
9.1968,9.6029,-0.21237,-0.077991,15.585,1.3961
9.1846,9.5951,-0.29388,-0.079061,15.549,1.737
9.149,9.5872,-0.31194,-0.084759,15.501,1.8776
9.1153,9.5787,-0.26597,-0.090018,15.452,1.7332
9.1153,9.5697,0,-0.09419,15.406,0.77361
9.0779,9.5603,-0.074929,-0.094488,15.354,1.063
9.0779,9.5509,0,-0.094867,15.306,0.81537
9.0706,9.5414,0.12361,-0.092994,15.256,0.51041
9.0914,9.5321,0.16304,-0.087336,15.216,0.38027
9.1124,9.5233,0.15565,-0.081782,15.169,0.34689
9.1204,9.5152,0.11422,-0.078889,15.122,0.40348
9.1385,9.5073,0.046299,-0.074023,15.074,0.5119
9.1403,9.4999,-0.069358,-0.07235,15.043,0.80486
9.1308,9.4926,-0.17502,-0.073096,14.999,1.1525
9.1135,9.4853,-0.27401,-0.075301,14.969,1.5521
9.0911,9.4778,-0.35204,-0.078634,14.924,1.9243
9.0606,9.4699,-0.33846,-0.083545,14.883,1.9121
9.0606,9.4616,0,-0.088963,14.842,0.66306
9.0606,9.4527,0,-0.092718,14.803,0.63288
9.0606,9.4434,0,-0.093174,14.764,0.61058
9.0606,9.4341,0,-0.090513,14.726,0.59621
9.013,9.425,0.24209,-0.085734,14.664,0.19386
9.0398,9.4165,0.25881,-0.078599,14.63,0.11901
9.0726,9.4086,0.26532,-0.070292,14.599,0.053325
9.0907,9.4016,0.24691,-0.065226,14.567,0.042678
9.1096,9.3951,0.24368,-0.059999,14.544,0.011429
9.1309,9.3891,0.25215,-0.054437,14.509,0
9.1534,9.3836,0.26289,-0.048634,14.487,0
9.1818,9.3788,0.25447,-0.041667,14.472,0
9.2074,9.3746,0.25543,-0.035467,14.444,0
9.2357,9.371,0.26684,-0.02878,14.419,0
9.2555,9.3682,0.25587,-0.023996,14.401,0
9.2767,9.3658,0.2562,-0.018973,14.4,0
9.3022,9.3639,0.25882,-0.013136,14.4,0
9.3022,9.3626,0,-0.0093069,14.394,0.10524
9.3444,9.3616,0.24696,-0.0036714,14.394,0
9.3741,9.3613,0.24825,0.0070559,14.387,0
9.4066,9.362,0.24314,0.024608,14.389,0
9.4374,9.3644,0.23354,0.040208,14.393,0
9.4374,9.3684,0,0.048315,14.4,0
9.4374,9.3733,0,0.059272,14.407,0
9.4374,9.3792,0,0.071304,14.413,0.03501
9.5258,9.3863,0.032833,0.076773,14.451,0
9.5317,9.394,-0.051138,0.075757,14.463,0
9.5317,9.4016,0,0.064128,14.477,0
9.5025,9.408,-0.085456,0.05193,14.482,0.11614
9.4916,9.4132,0.0020452,0.043061,14.499,0
9.4881,9.4175,0.10528,0.038787,14.51,0
9.5058,9.4214,0.19714,0.046389,14.52,0
9.5301,9.426,0.28008,0.057136,14.52,0
9.5496,9.4317,0.33182,0.06467,14.531,0
9.5496,9.4382,0,0.079957,14.542,0
9.6243,9.4462,0.30753,0.097661,14.562,0
9.6243,9.456,0,0.11053,14.579,0
9.6797,9.467,0.25107,0.11647,14.604,0
9.7033,9.4787,0.21877,0.12296,14.631,0
9.7286,9.491,0.20388,0.12996,14.647,0
9.7472,9.5039,0.20722,0.13291,14.675,0
9.7725,9.5172,0.2254,0.13931,14.692,0
9.7992,9.5312,0.23799,0.14619,14.72,0
9.8301,9.5458,0.23385,0.15487,14.742,0
9.8439,9.5613,0.24065,0.15374,14.763,0
9.8741,9.5767,0.27359,0.16156,14.783,0
9.8931,9.5928,0.29836,0.16297,14.816,0
9.9275,9.6091,0.29436,0.1727,14.856,0
9.9563,9.6264,0.28974,0.17883,14.895,0
9.9563,9.6443,0,0.18384,14.927,0
10.016,9.6626,0.2356,0.19144,14.981,0
10.034,9.6818,0.20187,0.19078,15.022,0
10.061,9.7009,0.17172,0.1948,15.058,0
10.075,9.7203,0.13525,0.19145,15.098,0
10.086,9.7395,0.10068,0.18703,15.132,0
10.086,9.7582,0,0.18459,15.166,0
10.107,9.7767,0.074683,0.17786,15.212,0
10.117,9.7944,0.063513,0.1733,15.238,0
10.127,9.8118,0.056682,0.1694,15.262,0
10.128,9.8287,0.055744,0.16052,15.287,0
10.125,9.8448,0.0054779,0.15003,15.321,0
10.126,9.8598,-0.066277,0.14249,15.342,0
10.126,9.874,0,0.13189,15.368,0
10.112,9.8872,-0.19221,0.11979,15.388,0.30183
10.084,9.8992,-0.24157,0.098679,15.407,0.49912
10.084,9.909,0,0.075419,15.425,0
10.018,9.9166,-0.28953,0.053809,15.435,0.74275
10.018,9.922,0,0.031876,15.445,0
9.961,9.9252,-0.30011,0.019071,15.451,0.83833
9.961,9.9271,0,9.7121e-05,15.454,0
9.9026,9.9271,-0.33256,-0.0049429,15.447,1.0454
9.8755,9.9266,-0.36615,-0.010333,15.435,1.2398
9.8364,9.9255,-0.40165,-0.018038,15.425,1.4781
9.8039,9.9237,-0.3829,-0.024291,15.412,1.4635
9.7727,9.9213,-0.28301,-0.030177,15.39,1.1129
9.7489,9.9183,-0.15132,-0.03441,15.382,0.69459
9.7255,9.9149,-0.011233,-0.038547,15.36,0.3413
9.7255,9.911,0,-0.037122,15.342,0.30933
9.7255,9.9073,0,-0.032927,15.323,0.31118
9.7255,9.904,0,-0.027214,15.305,0.3176
9.7928,9.9013,0.20344,-0.022216,15.294,0
9.8141,9.8991,0.22945,-0.017403,15.289,0
9.8464,9.8973,0.22915,-0.010432,15.282,0
9.8631,9.8963,0.24983,-0.0067908,15.278,0
9.8785,9.8956,0.24906,-0.0034935,15.281,0
9.8785,9.8952,0,-8.2796e-05,15.279,0.034223
9.9226,9.8952,0.15432,0.014502,15.287,0
9.9395,9.8967,0.03249,0.022693,15.299,0
9.9395,9.899,0,0.026619,15.303,0
9.9329,9.9016,-0.36803,0.016559,15.31,1.1098
9.8945,9.9033,-0.5502,-0.0017864,15.305,2.0162
9.8945,9.9031,0,-0.01372,15.304,0
9.7739,9.9017,-0.80034,-0.026149,15.302,3.9033
9.6995,9.8991,-0.86118,-0.04091,15.283,4.5732
9.6995,9.895,0,-0.05845,15.264,0.28143
9.5307,9.8892,-0.88682,-0.073873,15.221,5.2542
9.5307,9.8818,0,-0.090634,15.186,0.54531
9.3555,9.8727,-0.90293,-0.10762,15.117,5.8699
9.3555,9.862,0,-0.12661,15.065,0.80784
9.1617,9.8493,-0.8842,-0.14462,14.995,6.2205
9.0717,9.8348,-0.77241,-0.16155,14.922,5.5044
9.0717,9.8187,0,-0.1751,14.847,1.2502
8.9473,9.8012,-0.34495,-0.18342,14.757,2.938
8.9115,9.7828,-0.084855,-0.18876,14.663,1.8185
8.9115,9.7639,0,-0.18857,14.577,1.4753
8.9115,9.7451,0,-0.18124,14.493,1.45
8.9115,9.727,0,-0.17201,14.41,1.4327
8.959,9.7098,0.035469,-0.16764,14.327,1.1763
8.9648,9.693,-0.12725,-0.16353,14.261,1.6678
8.9466,9.6766,-0.27703,-0.16507,14.186,2.2867
8.9231,9.6601,-0.39581,-0.16787,14.108,2.8813
8.8929,9.6434,-0.47224,-0.17194,14.041,3.3309
8.8451,9.6262,-0.49055,-0.18028,13.963,3.5052
8.7881,9.6081,-0.49969,-0.1907,13.882,3.6471
8.7382,9.5891,-0.50345,-0.19935,13.802,3.7372
8.7382,9.5691,0,-0.20813,13.718,1.3602
8.7382,9.5483,0,-0.21491,13.636,1.2881
8.6072,9.5268,-0.21981,-0.22066,13.546,2.3824
8.5755,9.5048,-0.1052,-0.22472,13.462,1.9261
8.559,9.4823,-0.51714,-0.2251,13.375,3.9497
8.559,9.4598,0,-0.23396,13.284,1.4569
8.3477,9.4364,-3.1601,-0.27093,13.167,63.902
8.3477,9.4093,0,-0.34861,13.06,1.5134
7.5421,9.3744,-6.1141,-0.46963,12.879,21.774
6.9301,9.3275,-6.4207,-0.62877,12.658,22.539
6.2826,9.2646,-5.7763,-0.80371,12.396,21.888
5.7127,9.1842,-4.7113,-0.96945,12.063,20.512
5.2461,9.0873,-3.4518,-1.1155,11.699,18.895
5.2461,8.9757,0,-1.2381,11.321,5.8018
4.6456,8.8519,-2.2088,-1.3385,10.879,37.889
4.6456,8.7181,0,-1.4381,10.466,6.0053
4.6456,8.5742,0,-1.5349,10.065,5.1676
4.0222,8.4208,-1.8515,-1.6332,9.5897,27.052
3.8436,8.2574,-1.7146,-1.7369,9.1401,23.238
3.8436,8.0838,0,-5.2,8.7074,12.422
3.8436,7.5638,0,-5.2,8.3094,11.356
3.3632,7.0438,-1.6149,-5.2,7.8924,0.016153
3.1936,6.5238,-1.661,-5.2,7.539,0
3.0236,6.0038,-1.6792,-8.8,7.2313,0
2.8503,5.1238,-1.69,-8.8,6.9734,0
2.6738,4.2438,-1.6242,-8.8,6.772,0
2.5058,3.3638,-1.3961,-8.8,6.6519,0
2.3729,2.4838,-1.1763,-0.020428,6.5936,4.2673
2.2564,2.4817,-0.97105,-0.041704,6.5721,5.6025
2.2564,2.4775,0,-0.057796,6.5498,0.33808
2.2564,2.4718,0,-0.069486,6.528,0.29859
2.0356,2.4648,-0.66218,-0.080886,6.4726,3.8178
2.0356,2.4567,0,-0.093188,6.4301,0.69853
1.8934,2.4474,-0.78375,-0.10605,6.3816,5.0614
1.8934,2.4368,0,-0.12027,6.3268,0.9125
1.8934,2.4248,0,-0.13562,6.273,0.84184
1.6599,2.4112,-0.81539,-8.8,6.1794,0
1.5829,1.5312,-0.79444,0.27419,6.1411,3.5451
1.5126,1.5586,-0.76974,-0.0057641,6.1434,2.5
1.438,1.5581,-0.7421,-0.015031,6.1427,2.565
1.3639,1.5565,-0.7106,-0.024148,6.1336,2.62
1.301,1.5541,-0.67051,-0.031805,6.1193,2.6406
1.301,1.551,0,-0.03879,6.0941,0.44809
1.1898,1.5471,-0.57996,-0.045351,6.0627,3.215
1.1268,1.5425,-0.48211,-0.05322,6.0204,2.8094
1.0841,1.5372,-0.34545,-0.058391,5.9829,2.1975
1.0841,1.5314,0,-0.062684,5.9378,0.84422
1.0841,1.5251,0,-0.064984,5.8934,0.8226
1.0256,1.5186,0.10491,-0.065653,5.8182,0.66397
1.0296,1.512,0.17184,-0.064694,5.7769,0.4919
1.043,1.5056,0.19267,-8.8,5.7303,0
1.043,0.62558,0,0.17847,5.728,0
1.0742,0.64342,0.16319,0.16319,5.7807,0
1.0742,0.65974,0,0.14895,5.8229,0
1.1208,0.67464,0.1362,0.1362,5.8648,0
1.1354,0.68826,0.12979,0.12979,5.9129,0
1.1463,0.70124,0.12277,0.12277,5.9637,0
1.1575,0.71351,0.14789,0.14789,6.0169,0
1.1695,0.7283,0.20747,0.20747,6.0578,0
1.1875,0.74905,0.2846,0.2846,6.0981,0
1.2145,0.77751,0.35143,0.35143,6.1351,0
1.2145,0.81265,0,0.41813,6.1771,0.17336
1.296,0.85447,0.43896,0.43896,6.2199,0
1.296,0.89836,0,4.9,6.2618,37.444
1.3665,1.3884,0.43498,-0.0023259,6.2784,0
1.408,1.3881,0.46267,0.12696,6.2836,0
1.4623,1.4008,0.49784,0.38641,6.2791,0
1.5161,1.4395,0.54303,0.46038,6.283,0
1.569,1.4855,0.56991,0.47613,6.2877,0
1.6291,1.5331,0.57583,0.51994,6.2985,0
1.6959,1.5851,0.56367,0.56825,6.3018,0
1.752,1.6419,0.55137,0.53359,6.319,0
1.752,1.6953,0,0.49768,6.3274,1.4354
1.8653,1.7451,0.53678,0.52873,6.3495,0
1.9101,1.7979,0.541,0.47,6.3618,0
1.9716,1.8449,0.53295,0.50882,6.3705,0
2.0171,1.8958,0.53393,0.46589,6.3762,0
2.0739,1.9424,0.53045,0.48621,6.3894,0
2.1295,1.991,0.51243,0.49288,6.4128,0
2.187,2.0403,0.52967,0.50174,6.4246,0
2.187,2.0905,0,0.51647,6.4367,1.3922
2.2993,2.1421,0.68912,0.49816,6.4581,0
2.3665,2.192,0.81438,0.53279,6.4666,0
2.4393,2.2452,0.94945,0.57131,6.4945,0
2.5327,2.3024,1.0497,0.65308,6.5244,0
2.6371,2.3677,1.1001,0.73235,6.5584,0
2.7445,2.4409,1.1161,0.78652,6.5788,0
2.8499,2.5196,1.0983,0.8153,6.6117,0
2.9531,2.6011,1.0669,0.82843,6.655,0
3.0563,2.6839,1.023,0.83657,6.6996,0
3.1679,2.7676,0.98606,0.85774,6.7287,0
3.2716,2.8534,0.94882,0.85651,6.7709,0
3.2716,2.939,0,0.83952,6.8084,2.0925
3.2716,3.023,0,0.83824,6.8375,2.3755
3.5653,3.1068,0.94299,0.82848,6.902,0
3.6648,3.1896,0.98337,0.82697,6.9518,0
3.7537,3.2723,1.0347,0.80823,7.0053,0
3.8625,3.3532,1.0938,0.82576,7.0498,0
3.8625,3.4357,0,0.8507,7.0966,1.8278
4.0903,3.5208,1.134,0.86274,7.1599,0
4.2101,3.6071,1.1172,0.88467,7.2271,0
4.3125,3.6955,1.0341,0.87607,7.2913,0
4.3125,3.7831,0,0.87745,7.3486,1.6125
4.4997,3.8709,0.68166,0.8378,7.4041,0
4.5619,3.9547,0.48155,0.78561,7.4566,0
4.6091,4.0332,0.31738,0.72522,7.5071,0
4.6368,4.1058,0.21642,0.65285,7.5552,0
4.6368,4.171,0,0.58659,7.6051,0.58012
4.678,4.2297,0.19683,0.53127,7.6649,0
4.6882,4.2828,0.20611,0.47235,7.699,0
4.7009,4.3301,0.20434,0.42655,7.7472,0
4.7181,4.3727,0.21923,0.39235,7.7813,0
4.7409,4.412,0.22104,0.36971,7.8177,0
4.7685,4.4489,0.20988,0.35582,7.8586,0
4.789,4.4845,0.21171,0.33573,7.8897,0
4.8189,4.5181,0.21202,0.32849,7.9135,0
4.847,4.5509,0.19356,0.3208,7.9525,0
4.8603,4.583,0.17856,0.29769,7.9729,0
4.8763,4.6128,0.17883,0.28093,8.0068,0
4.8896,4.6409,0.15916,0.26312,8.031,0
4.8896,4.6672,0,0.24107,8.0546,0.093677
4.8993,4.6913,0.049328,0.2173,8.0803,0
4.8993,4.713,0,0.19403,8.1,0.052065
4.9027,4.7324,-0.038718,0.17614,8.1203,0.14544
4.9083,4.75,-0.076498,0.16303,8.1421,0.24488
4.9031,4.7663,-0.15805,0.14023,8.1519,0.48288
4.9031,4.7804,0,0.10568,8.1648,0
4.8603,4.7909,-0.41582,0.070642,8.1653,1.4294
4.8603,4.798,0,0.028292,8.1719,0
4.7694,4.8008,-0.72718,-0.008321,8.1544,3.1163
4.6886,4.8,-0.80276,-0.029491,8.1489,3.8314
4.6886,4.797,0,-0.052485,8.1379,0.11206
4.6886,4.7918,0,-0.072914,8.1273,0.059667
4.4284,4.7845,-0.75192,-0.095436,8.0712,4.056
4.3611,4.775,-0.60992,-0.11168,8.0264,3.2401
4.3611,4.7638,0,-0.12494,7.9856,0.57558
4.3611,4.7513,0,-0.13285,7.9459,0.5289
4.24,4.738,-0.14136,-0.137,7.8937,1.1843
4.2342,4.7243,-0.035019,-0.13591,7.8407,0.84011
4.236,4.7107,-0.014179,-0.13258,7.7923,0.75611
4.236,4.6975,0,-0.12795,7.7454,0.70051
4.2397,4.6847,-0.056246,-0.12605,7.6973,0.81956
4.2344,4.6721,-0.11422,-0.12483,7.652,0.97861
4.2151,4.6596,-0.19489,-0.12763,7.6069,1.2584
4.2151,4.6468,0,-0.12866,7.5631,0.63118
4.1827,4.6339,-0.34992,-0.13133,7.5188,1.8889
4.1499,4.6208,-0.39942,-0.1382,7.4665,2.151
4.1185,4.607,-0.43774,-0.14446,7.4172,2.3688
4.1185,4.5926,0,-0.15263,7.369,0.66631
4.0285,4.5773,-0.41168,-0.16508,7.3103,2.3418
4.0285,4.5608,0,-8.8,7.2563,0
3.9509,3.6808,-0.34859,0.38338,7.2316,1.8956
3.9067,3.7191,-0.32034,0.26268,7.2623,1.4593
3.9067,3.7454,0,0.18987,7.2797,0.098604
3.8462,3.7644,-0.27368,0.11283,7.2996,0.95618
3.8262,3.7757,-0.25446,0.069473,7.3129,0.81014
3.7941,3.7826,-0.20232,0.015764,7.3121,0.55199
3.7941,3.7842,0,-0.0037002,7.3132,0
3.7544,3.7838,-0.028264,-0.007191,7.3105,0.10764
3.7592,3.7831,0.071629,-0.0058541,7.3034,0
3.7602,3.7825,0.16685,-0.005488,7.293,0
3.7679,3.782,0.21576,-0.0034589,7.2911,0
3.7838,3.7816,0.2508,0.002927,7.2894,0
3.7838,3.7819,0,0.04493,7.2896,0.095453
3.7838,3.7864,0,0.064272,7.2896,0.15115
3.7838,3.7928,0,0.083985,7.289,0.21439
3.7838,3.8012,0,0.1016,7.2877,0.27915
3.8945,3.8114,0.25882,0.11219,7.3018,0
3.8945,3.8226,0,0.1381,7.3096,0.16907
3.8945,3.8364,0,0.16143,7.3161,0.26363
3.8945,3.8526,0,0.1714,7.3211,0.32987
4.0119,3.8697,0.30198,0.18865,7.366,0
4.043,3.8886,0.32225,0.20367,7.3805,0
4.0683,3.9089,0.33606,0.20867,7.3927,0
4.0683,3.9298,0,0.22589,7.4076,0.25169
4.131,3.9524,0.38267,0.23095,7.4432,0
