0,0,0.19849,0,35.5,0
0,0,0,7.8,35.5,59.103
0.049917,0.78,0.084199,7.8,35.454,77.648
0.049917,1.56,0,7.8,35.342,84.937
0.049917,2.34,0,7.8,35.152,90.51
0.034861,3.12,-0.091346,7.8,34.895,94.778
0.020131,3.9,-0.072397,7.8,34.545,100.73
0.020131,4.68,0,7.8,34.118,107.62
0.020131,5.46,0,7.8,33.613,113.3
0.018026,6.24,0.030027,6.7,33.031,104.23
0.022144,6.91,0.022006,6.7,32.377,109.24
0.022144,7.58,0,6.7,31.655,114.61
0.017557,8.25,-0.016776,-0.43454,30.864,34.309
0.017557,8.2065,0,-0.44961,30.043,33.935
0.0075421,8.1616,-0.020116,-0.46534,29.231,33.472
0.0077271,8.1151,0.012265,-0.48199,28.409,32.953
0.005698,8.0669,0.01486,-0.49948,27.598,32.47
0.0096253,8.0169,0.032513,-0.51718,26.803,31.737
0.0049888,7.9652,0.049086,-0.53649,26.01,31.05
0.015185,7.9115,0.029512,-0.55618,25.212,30.746
0.01705,7.8559,0.034482,-0.5771,24.433,30.143
0.01705,7.7982,0,-0.5999,23.652,30.042
0.028476,7.7382,0.049061,-0.62294,22.866,28.769
0.038131,7.6759,0.019417,-0.64684,22.106,28.51
0.038131,7.6112,0,-0.67302,21.345,28.139
0.038131,7.5439,0,-0.70186,20.591,27.481
0.042474,7.4738,0.086165,-0.7311,19.837,25.727
0.045491,7.4006,0.13337,-0.76237,19.096,24.467
0.066885,7.3244,0.17899,-0.7933,18.366,23.147
0.0749,7.2451,0.16394,-0.82694,17.653,22.559
0.0749,7.1624,0,-0.86191,16.94,23.673
0.095648,7.0762,0.13608,-0.8998,16.249,21.241
0.095648,6.9862,0,-0.94004,15.555,21.916
0.10862,6.8922,0.091871,-0.98183,14.888,19.999
0.12208,6.794,0.13589,-1.0261,14.216,18.619
0.12208,6.6914,0,-1.0707,13.554,19.119
0.15473,6.5843,0.12132,-1.1213,12.906,16.815
0.15473,6.4722,0,-1.1762,12.268,16.998
0.15473,6.3546,0,-1.2327,11.643,15.983
0.16797,6.2313,0.078841,-1.2902,11.034,14.207
0.16748,6.1023,0.075,-1.3522,10.443,13.221
0.16974,5.9671,0.071484,-1.4198,9.8499,12.187
0.16974,5.8251,0,-1.4858,9.2772,11.687
0.18336,5.6765,0.11871,-1.555,8.732,9.7705
0.18774,5.521,0.106,-1.6251,8.2004,8.8547
0.20771,5.3585,0.095535,-8.8,7.675,0
0.22142,4.4785,0.13116,-8.8,7.2095,0
0.22678,3.5985,0.13825,-0.87443,6.8327,5.6325
0.24984,3.5111,0.079626,-8.8,6.5079,0
0.25536,2.6311,0.10351,-8.8,6.2192,0
0.25536,1.7511,0,-0.21885,6.0256,3.1993
0.2608,1.7292,0.074246,-0.2205,5.8896,2.7914
0.2608,1.7071,0,-8.8,5.7438,0
0.27958,0.82714,0.12796,0.12796,5.6385,1.2851
0.29581,0.83994,0.13245,0.13245,5.5744,1.2758
0.30211,0.85318,0.10334,0.10334,5.5225,1.2957
0.31187,0.86352,0.11573,0.11573,5.4708,1.2966
0.31413,0.87509,0.1375,-8.8,5.4245,0
0.32136,0,0.11429,0.11429,5.4192,0
0.34182,0.011429,0.10886,0.10886,5.4433,0
0.34182,0.022316,0,0.16131,5.4758,0
0.38614,0.038447,0.19026,0.19026,5.5168,0
0.38614,0.057472,0,0.17372,5.5507,0
0.40629,0.074844,0.18299,0.18299,5.5824,0
0.40629,0.093143,0,0.21141,5.6146,0
0.44091,0.11428,0.20748,0.20748,5.6508,0
0.47077,0.13503,0.20254,0.20254,5.6904,0
0.49671,0.15529,0.18509,0.18509,5.7144,0
0.52265,0.1738,0.15655,0.15655,5.7444,0
0.54191,0.18945,0.12027,0.12027,5.7718,0
0.54191,0.20148,0,0.09778,5.8064,0
0.54191,0.21125,0,0.063085,5.84,0
0.56707,0.21756,0.04446,0.04446,5.8843,0
0.58113,0.22201,0.069418,0.069418,5.9249,0
0.59147,0.22895,0.082256,0.082256,5.9702,0
0.59768,0.23718,0.099217,0.099217,6.005,0
0.59768,0.2471,0,0.10954,6.0406,0
0.60421,0.25805,0.12576,0.12576,6.0747,0
0.62455,0.27063,0.12549,0.12549,6.1133,0
0.63058,0.28318,0.14989,0.14989,6.1404,0
0.65009,0.29817,0.13943,0.13943,6.1823,0
0.6573,0.31211,0.15468,0.15468,6.2266,0
0.67688,0.32758,0.1697,0.1697,6.2645,0
0.67688,0.34455,0,0.17982,6.2986,0
0.70645,0.36253,0.14409,0.14409,6.3392,0
0.71246,0.37694,0.10554,0.10554,6.3735,0
0.71475,0.38749,0.10685,0.10685,6.4106,0
0.71475,0.39818,0,0.1119,6.4428,0
0.75387,0.40937,0.08134,0.08134,6.486,0
0.76423,0.4175,0.081242,0.081242,6.521,0
0.77285,0.42562,0.085679,0.085679,6.5621,0
0.77285,0.43419,0,0.026113,6.5964,0
0.78184,0.4368,-0.0015405,-0.0015405,6.6282,0
0.78184,0.43665,0,0.010096,6.6627,0
0.78184,0.43766,0,0.002697,6.6972,0
0.78184,0.43793,0,-0.0023697,6.7316,0
0.77482,0.43769,0.030604,0.030604,6.7566,0
0.77861,0.44075,0.015558,0.015558,6.7967,0
0.78221,0.44231,-0.046397,-0.046397,6.8257,0
0.78221,0.43767,0,-0.10468,6.8599,0
0.76579,0.4272,-0.1417,-0.1417,6.8876,0
0.74871,0.41303,-0.20394,-0.20394,6.9265,0
0.73029,0.39264,-0.21174,-0.21174,6.9636,0
0.70267,0.37146,-0.21872,-0.21872,7.0044,0
0.672,0.34959,-0.22381,-0.22381,7.0462,0
0.672,0.32721,0,-0.20514,7.0796,0
0.64352,0.3067,-0.17413,-0.17413,7.1126,0
0.62853,0.28928,-0.21233,-0.21233,7.1428,0
0.61501,0.26805,-0.19489,-0.19489,7.1836,0
0.60095,0.24856,-0.15561,-0.15561,7.2262,0
0.589,0.233,-0.15587,-0.15587,7.2615,0
0.56954,0.21741,-0.16632,-0.16632,7.2982,0
0.55538,0.20078,-0.13316,-0.13316,7.328,0
0.5482,0.18746,-0.17275,-0.17275,7.3715,0
0.53062,0.17019,-0.23897,-0.23897,7.4131,0
0.4975,0.14629,-0.28751,-0.28751,7.4442,0
0.46531,0.11754,-0.26512,-0.26512,7.4696,0
0.4303,0.091028,-0.24913,-0.24913,7.4974,0
0.41167,0.066115,-0.22335,-0.22335,7.5301,0
0.41167,0.043781,0,-0.23239,7.5658,0
0.41167,0.020542,0,-0.209,7.6037,0
0.34536,0,-0.18572,-0.18572,7.6272,0
0.32699,0,-0.29767,-0.29767,7.6523,0
0.29885,0,-0.37261,-0.37261,7.6852,0
0.26248,0,-0.34426,-0.34426,7.713,0
0.2299,0,-0.29431,-0.29431,7.7407,0
0.1949,0,-0.29881,-0.29881,7.7538,0
0.16837,0,-0.25439,-0.25439,7.7726,0
0.14185,0,-0.27914,-0.27914,7.7896,0
0.14185,0,0,-0.27052,7.8051,0
0.077491,0,-0.31865,-0.31865,7.8141,0
0.077491,0,0,-0.41498,7.8234,0
-0.0036345,0,-0.36202,-0.36202,7.8115,0.011077
-0.0036345,0,0,-0.25066,7.8129,0
-0.051245,0,-0.24754,-0.24754,7.8077,0.10868
-0.076365,0,-0.22053,-0.22053,7.7949,0.16017
-0.091277,0,-0.15859,-0.15859,7.7872,0.19074
-0.091277,0,0,-0.21738,7.7789,0
-0.091277,0,0,-0.29306,7.7709,0
-0.15287,0,-0.34633,-0.34633,7.739,0.317
-0.191,0,-0.3912,-0.3912,7.7203,0.39517
-0.23494,0,-0.37315,-0.37315,7.7072,0.48525
-0.23494,0,0,-0.29705,7.6855,0
-0.23494,0,0,-0.26184,7.6635,0
-0.31246,0,-0.21531,-0.21531,7.6203,0.64416
-0.31246,0,0,-0.21787,7.5901,0.18636
-0.35502,0,-0.28342,-0.28342,7.5584,0.73141
-0.35502,0,0,-0.35615,7.5243,0
-0.42694,0,-0.35467,-0.35467,7.4749,0.87884
-0.42694,0,0,-0.35374,7.434,0.13554
-0.42694,0,0,-0.27577,7.393,0.29938
-0.42694,0,0,-0.21698,7.3517,0.42292
-0.42694,0,0,-0.19401,7.3101,0.47117
-0.55068,0,-0.20774,-0.20774,7.2193,1.1325
-0.56393,0,-0.18589,-0.18589,7.1707,1.1597
-0.56393,0,0,-0.22899,7.1153,0.67851
-0.56393,0,0,-0.25753,7.06,0.61853
-0.56393,0,0,-0.19836,7.0049,0.74288
-0.56393,0,0,-0.13167,6.9495,0.883
-0.65,0,-0.13512,-0.13512,6.8855,1.3361
-0.65,0,0,-0.13022,6.8211,1.0625
-0.67113,0,-0.12382,-0.12382,6.7551,1.3794
-0.67113,0,0,-0.16117,6.6886,1.0408
-0.67113,0,0,-0.13661,6.6223,1.0924
-0.71961,0,-0.10733,-0.10733,6.5631,1.4788
-0.71961,0,0,-0.055839,6.4916,1.3615
-0.72946,0,-0.045637,-0.045637,6.4135,1.499
-0.74087,0,-0.035215,-0.035215,6.3328,1.5224
-0.75,0,-0.060025,-0.060025,6.2579,1.5411
-0.74719,0,-0.03452,-0.03452,6.1903,1.5354
-0.74382,0,-0.056314,-0.056314,6.1136,1.5284
-0.74327,0,-0.048726,-0.048726,6.0349,1.5273
-0.7522,0,-0.081693,-0.081693,5.9533,1.5456
-0.76312,0,-0.12056,-0.12056,5.8721,1.568
-0.76797,0,-0.13552,-0.13552,5.7988,1.578
-0.76797,0,0,-0.092822,5.7227,1.3829
-0.79835,0,0.01094,0.01094,5.6417,1.6403
-0.79823,0.001094,0.06574,0.06574,5.5667,1.6422
-0.79787,0.007668,0.071535,0.071535,5.4774,1.655
-0.78222,0.014822,0.024928,0.024928,5.3946,1.6376
-0.78641,0.017314,-0.027882,-0.027882,5.3197,1.6513
-0.78473,0.014526,-0.088388,-0.088388,5.2493,1.6421
-0.78473,0.0056874,0,-0.10917,5.1698,1.3946
-0.81498,0,-0.058313,-0.058313,5.0923,1.6743
-0.8137,0,-0.057014,-0.057014,5.0091,1.6717
-0.82914,0,-0.051661,-8.8,4.9367,0
-0.82718,0,-0.12008,-8.8,4.9015,0
-0.82718,0,0,-8.8,4.8628,0
-0.82718,0,0,-8.8,4.824,0
-0.86632,0,-0.013622,-8.8,4.7724,0
-0.86632,0,0,-8.8,4.7298,0
-0.86069,0,0.090629,-8.8,4.6795,0
-0.86069,0,0,-8.8,4.6374,0
-0.8492,0,0.063126,-8.8,4.5839,0
-0.83478,0,-0.045775,-8.8,4.5469,0
-0.83478,0,0,-8.8,4.5074,0
-0.83478,0,0,-8.8,4.468,0
-0.86556,0,-0.14502,-8.8,4.4189,0
-0.8873,0,-0.19872,-8.8,4.3666,0
-0.90056,0,-0.16699,-8.8,4.3297,0
-0.92516,0,-0.24871,-8.8,4.2879,0
-0.94876,0,-0.33511,-8.8,4.2307,0
-0.98954,0,-0.37431,-8.8,4.1854,0
-0.98954,0,0,-8.8,4.1304,0
-0.98954,0,0,-8.8,4.0755,0
-1.1256,0,-0.35007,-8.8,4.0208,0
-1.1256,0,0,-8.8,3.9522,0
-1.1256,0,0,-8.8,3.8837,0
-1.1256,0,0,-8.8,3.8151,0
-1.2887,0,-0.55913,-8.8,3.7,0
-1.2887,0,0,-8.8,3.6151,0
-1.2887,0,0,-8.8,3.5303,0
-1.4662,0,-0.4624,-8.8,3.4291,0
-1.5153,0,-0.43755,-8.8,3.3253,0
-1.5604,0,-0.47656,-8.8,3.2059,0
-1.6,0,-0.54548,-8.8,3.0863,0
-1.6,0,0,-8.8,2.9703,0
-1.7242,0,-0.74931,-8.8,2.8551,0
-1.8076,0,-0.73426,-8.8,2.718,0
-1.8076,0,0,-8.8,2.5813,0
-1.9552,0,-0.63073,-8.8,2.4249,0
-2.0133,0,-0.60038,-8.8,2.2705,0
-2.0738,0,-0.65033,-8.8,2.1082,0
-2.132,0,-0.63445,-8.8,1.9498,0
-2.1906,0,-0.62229,-8.8,1.7684,0
-2.251,0,-0.63461,-8.8,1.5905,0
-2.3151,0,-0.66314,-8.8,1.409,0
-2.3151,0,0,-8.8,1.2215,0
-2.4485,0,-0.74684,-8.8,1.0099,0
-2.5319,0,-0.79275,-8.8,0.81441,0
-2.621,0,-0.79693,-8.8,0.60271,0
-2.6985,0,-0.8342,-10.22,0.38792,0
-2.7783,0,-0.86895,-24.293,0.16477,0
-2.8745,0,-0.90179,-467.04,0.0088629,0
-2.9641,0,-0.92668,-8.8,2.0465,0
-3.0497,0,-0.96348,-8.8,1.7938,0
-3.1422,0,-0.90061,-8.8,1.5294,0
-3.2392,0,-0.8465,-8.8,1.262,0
-3.3215,0,-0.79245,-8.8,0.97875,0
-3.3215,0,0,-9.3122,0.6906,0
-3.3215,0,0,-16.672,0.40501,0
-3.5637,0,-0.87334,-56.9,0.11334,0
-3.5637,0,0,-182.4,0.041469,0
-3.7307,0,-1.0333,-13.099,0.57677,0
-3.8268,0,-1.1004,-29.494,0.25788,0
-3.8268,0,0,-299.17,0.022672,0
-3.8268,0,0,-8.8,1.1358,0
-4.1627,0,-1.3085,-12.934,0.74528,0
-4.2849,0,-1.3743,-25.163,0.38592,0
-4.4206,0,-1.4197,-144.96,0.068073,0
-4.4206,0,0,-31.184,0.35079,0
-4.7073,0,-1.4688,-222.17,0.0502,0
-4.7073,0,0,-18.586,0.69033,0
-5.0171,0,-1.5254,-45.893,0.28367,0
-5.1708,0,-1.5492,-1083.2,0.012359,0
-5.1708,0,0,-8.8,4.9113,0
-5.1708,0,0,-8.8,4.4382,0
-5.6467,0,-1.5519,-8.8,3.8985,0
-5.8003,0,-1.5107,-8.8,3.3758,0
-5.9452,0,-1.3669,-8.8,2.8372,0
-6.0724,0,-1.2409,-9.3515,2.2732,0
-6.2046,0,-1.1888,-12.432,1.712,0
-6.3197,0,-1.1508,-18.462,1.1535,0
-6.4266,0,-1.1138,-35.326,0.6036,0
-6.5301,0,-1.1333,-156.28,0.13743,0
-6.6521,0,-1.1216,-83.582,0.26831,0
-6.7742,0,-1.0856,-1012.2,0.022694,0
-6.7742,0,0,-8.8,4.4061,0
-6.9768,0,-1.0513,-8.8,3.7635,0
-7.0764,0,-1.0765,-9.1425,3.1041,0
-7.0764,0,0,-11.642,2.4421,0
-7.2943,0,-1.1061,-16.083,1.7763,0
-7.2943,0,0,-25.653,1.1273,0
-7.2943,0,0,-58.217,0.52612,0
-7.2943,0,0,-923.02,0.087779,0
-7.2943,0,0,-9.3234,3.9734,0
-7.2943,0,0,-11.629,3.2906,0
-8.1061,0,-1.5815,-15.33,2.3896,0
-8.2551,0,-1.5944,-22.37,1.6401,0
-8.4077,0,-1.5597,-39.766,0.92511,0
-8.5632,0,-1.3728,-130.98,0.28287,0
-8.5632,0,0,-540.56,0.081482,0
-8.5632,0,0,-21.567,1.928,0
-8.931,0,-0.94879,-36.415,1.1245,0
-9.0334,0,-0.85937,-98.802,0.41658,0
-9.1246,0,-0.87811,-5279.8,0.007886,0
-9.221,0,-0.85497,7.8,25.489,37.093
-9.3078,0.78,-0.75838,7.8,24.521,38.667
-9.3078,1.56,0,7.8,23.474,38.672
-9.467,2.34,-0.73169,-0.27273,22.325,25.172
-9.5358,2.3127,-0.85707,-0.29561,21.143,25.473
-9.5358,2.2832,0,-0.32199,19.96,23.556
-9.5358,2.251,0,-0.3531,18.78,23.425
-9.823,2.2157,-1.098,-0.38969,17.557,26.171
-9.9404,2.1767,-1.0128,-0.43303,16.344,26.062
-10.044,2.1334,-0.84777,-0.48395,15.125,25.731
-10.136,2.085,-0.78964,-0.5446,13.9,25.571
-10.216,2.0305,-0.85545,-0.6167,12.686,25.61
-10.293,1.9689,-0.94103,-0.70542,11.469,25.635
-10.39,1.8983,-1.135,-0.8198,10.236,25.856
-10.511,1.8163,-1.309,-0.96687,9.0158,25.993
-10.511,1.7197,0,-1.1632,7.7879,22.632
-10.788,1.6033,-1.5533,-1.4371,6.5553,25.649
-10.949,1.4596,-1.7211,-16.193,5.3195,0
-11.128,0,-1.7477,-16.631,4.16,0
-11.128,0,0,-22.234,3.1303,0
-11.476,0,-1.8477,-33.331,2.0917,0
-11.664,0,-1.8873,-63.676,1.101,0
-11.664,0,0,-295.95,0.25292,0
-11.664,0,0,-138.67,0.56623,0
-11.664,0,0,-4402,0.093152,0
-11.664,0,0,7.8,20.937,40.305
-12.679,0.78,-2.7071,-2.7071,19.485,27.594
-12.956,0.50929,-3.121,-3.121,18.144,27.608
-12.956,0.19719,0,-3.5249,16.813,19.562
-13.619,0,-3.7951,-3.7951,15.455,27.922
-14.002,0,-3.7372,-3.7372,14.097,28.708
-14.368,0,-3.4229,-3.4229,12.7,29.458
-14.711,0,-2.9938,-2.9938,11.257,30.162
-14.711,0,0,-2.587,9.8011,24.726
-15.262,0,-2.3439,-2.3439,8.2818,31.29
-15.497,0,-2.2529,-2.2529,6.763,31.773
-15.726,0,-2.1354,-2.1354,5.2226,32.242
-15.726,0,0,-36.88,3.6607,0
-16.153,0,-2.0327,-60.319,2.2383,0
-16.153,0,0,-147.73,0.92459,0
-16.153,0,0,-8877.9,0.047919,0
-16.712,0,-1.7733,7.8,42.747,54.378
-16.712,0.78,0,7.8,41.037,52.251
-16.712,1.56,0,7.8,39.249,53.85
-17.386,2.34,-3.8092,7.8,37.299,64.836
-17.386,3.12,0,7.8,35.287,58.431
-18.273,3.9,-5.9037,7.8,33.108,74.253
-18.867,4.68,-6.3005,7.8,30.822,77.905
-19.504,5.46,-6.2836,7.8,28.392,80.773
-19.504,6.24,0,-1.3813,25.857,49.877
-19.504,6.1019,0,-1.6414,23.289,49.047
-21.297,5.9377,-5.2611,-1.9851,20.465,62.718
-21.822,5.7392,-5.2438,-2.4557,17.721,62.363
-21.822,5.4937,0,-3.1347,14.978,49.414
-22.867,5.1802,-5.2349,-4.1761,12.14,59.725
-23.396,4.7626,-5.2115,-5.9202,9.3217,56.239
-23.915,4.1706,-5.1649,-65.81,6.5034,0
-23.915,0,0,-79.687,4.0238,0
-24.916,0,-4.6709,-165.52,1.9299,0
-25.381,0,-4.1153,-1343,0.24056,0
-25.381,0,0,-78.784,4.4176,0
-26.119,0,-2.1785,-157.99,2.1893,0
-26.344,0,-1.3163,-970.5,0.35803,0
-26.483,0,-0.51081,-136.71,2.5748,0
-26.483,0,0,-585.23,0.61005,0
-26.483,0,0,-402.04,0.88789,0
-26.453,0,1.2413,-1505.1,0.23227,0
-26.333,0,1.6443,1.6443,5.1224,53.986
-26.166,0.16443,1.8825,-137.17,2.4929,0
-25.978,0,1.9353,-609.57,0.55179,0
-25.791,0,1.8292,-329.14,1.0049,0
-25.791,0,0,-3693.9,0.071494,0
-25.791,0,0,1.8186,15.962,56.697
-25.254,0.18186,2.0315,2.0315,13.461,52.147
-25.047,0.38501,2.2662,2.2662,10.921,52.14
-24.818,0.61164,2.4677,2.4677,8.3814,52.134
-24.576,0.85841,2.5763,2.5763,5.838,52.143
-24.315,1.116,2.5645,-95.64,3.2929,0
-24.049,0,2.5465,-229.55,1.2459,0
-23.801,0,2.4704,-48029,0.005897,0
-23.547,0,2.4537,7.8,237.78,59.509
-23.311,0.78,2.435,7.8,235.39,60.664
-23.073,1.56,2.4613,7.8,232.94,61.72
-22.835,2.34,2.4585,7.8,230.46,62.836
-22.59,3.12,2.4342,7.8,227.92,63.984
-22.342,3.9,2.3573,7.8,225.32,65.235
-22.342,4.68,0,7.8,222.66,71.788
-22.342,5.46,0,7.8,219.92,73.387
-21.635,6.24,2.2603,6.7,217.2,66.476
-21.635,6.91,0,6.7,214.38,72.599
-21.187,7.58,2.4876,6.7,211.53,67.827
-20.929,8.25,2.6609,6.7,208.63,68.309
-20.929,8.92,0,6.7,205.68,75.273
-20.929,9.59,0,6.7,202.66,76.647
-20.093,10.26,2.9184,6.7,199.71,70.173
-19.798,10.93,2.9833,6.7,196.67,70.806
-19.496,11.6,3.0018,6.7,193.58,71.52
-19.196,12.27,3.0159,4.8,190.46,68.258
-18.904,12.75,3.0228,4.8,187.31,68.629
-18.599,13.23,3.0342,4.8,184.14,68.963
-18.599,13.71,0,4.8,180.93,76.323
-17.981,14.19,3.0212,4.8,177.73,69.693
-17.672,14.67,2.9633,4.8,174.51,70.165
-17.379,15.15,2.8877,4.8,171.27,70.707
-17.095,15.63,2.8095,4.8,168.01,71.273
-16.82,16.11,2.7137,4.8,164.71,71.894
-16.557,16.59,2.6248,4.8,161.41,72.526
-16.557,17.07,0,4.8,158.07,79.025
-16.041,17.55,2.4323,4.8,154.75,73.84
-15.796,18.03,2.2917,4.8,151.38,74.619
-15.796,18.51,0,4.8,147.98,80.418
-15.796,18.99,0,4.8,144.52,81.402
-15.082,19.47,2.3949,4.8,141.11,75.889
-14.851,19.95,2.368,4.8,137.65,76.455
-14.611,20.43,2.3102,4.8,134.15,77.07
-14.38,20.91,2.0762,4.8,130.64,78.071
-14.17,21.39,1.8143,4.8,127.1,79.176
-13.984,21.87,1.6126,4.8,123.53,80.201
-13.822,22.35,1.5423,4.8,119.92,81.001
-13.822,22.83,0,4.8,116.28,85.225
-13.519,23.31,1.4991,4.8,112.63,82.438
-13.519,23.79,0,4.8,108.92,86.572
-13.519,24.27,0,4.8,105.17,87.556
-13.519,24.75,0,4.8,101.36,88.54
-12.943,25.23,1.3921,4.8,97.644,85.418
-12.811,25.71,1.3502,4.8,93.807,86.22
-12.683,26.19,1.3808,4.8,89.938,86.879
-12.555,26.67,1.4283,4.8,86.024,87.5
-12.408,27.15,1.4149,4.8,82.093,88.211
-12.267,27.63,1.3917,4.8,78.124,88.955
-12.122,28.11,1.3726,4.8,74.118,89.681
-11.994,28.59,1.3676,4.8,70.075,90.414
-11.851,29.07,1.3333,-2,66.001,76.889
-11.717,28.87,1.3737,4.8,61.927,90.405
-11.586,29.35,1.4178,-3.0176,57.849,74.602
-11.441,29.048,1.4349,-3.3292,53.778,72.996
-11.303,28.715,1.3999,-3.6938,49.762,71.337
-11.303,28.346,0,-4.126,45.778,72.614
-11.009,27.933,1.3481,-4.6417,41.856,67.249
-10.87,27.469,1.323,-5.2657,37.991,64.756
-10.87,26.943,0,-6.0307,34.184,64.848
-10.607,26.34,1.3571,-6.9805,30.465,58.225
-10.471,25.641,1.3077,-7.84,26.81,54.812
-10.332,24.857,1.2714,-7.84,23.243,52.996
-10.197,24.073,1.2908,-7.84,19.765,51.073
-10.064,23.289,1.31,-32.648,16.38,0
-9.9406,20.025,1.2972,-32.665,13.219,0
-9.9406,16.758,0,-32.713,10.386,0
-9.6935,13.487,1.2341,-32.79,7.8962,0
-9.5611,10.208,1.1598,-32.872,5.7419,0
-9.4441,6.9207,1.0119,-32.946,3.9432,0
-9.3406,3.6261,0.93709,-32.9,2.4845,0
-9.2528,0.33611,0.88775,-32.871,1.3618,0
-9.16,0,0.87367,-73.03,0.56766,0
-9.0766,0,0.84862,-3094.4,0.013308,0
-8.9921,0,0.81456,0.81456,14.582,18.437
-8.9178,0.081456,0.72297,0.72297,13.691,18.452
-8.8494,0.15375,0.61364,0.61364,12.793,18.46
-8.8494,0.21512,0,0.53155,11.889,19.703
-8.8494,0.26827,0,0.46151,10.98,19.665
-8.6978,0.31442,0.46021,0.46021,10.096,18.479
-8.6539,0.36044,0.45818,0.45818,9.1993,18.483
-8.6539,0.40626,0,0.58014,8.2956,19.796
-8.6539,0.46428,0,0.4477,7.3867,19.637
