20.833,20.833,0.32506,0,35.5,0
20.857,20.833,0.47045,0.0077532,35.492,0
20.857,20.834,0,0.025452,35.494,0.0064236
20.952,20.837,0.44296,0.03741,35.502,0
21.001,20.84,0.4357,0.05206,35.507,0
21.001,20.846,0,0.063321,35.523,0
21.091,20.852,0.46886,0.077205,35.543,0
21.091,20.86,0,0.090321,35.567,0
21.091,20.869,0,0.10179,35.589,0
21.234,20.879,0.38371,0.11482,35.633,0
21.269,20.89,0.36993,0.12245,35.662,0
21.269,20.903,0,0.13268,35.699,0
21.269,20.916,0,0.14017,35.735,0
21.383,20.93,0.39626,0.14655,35.792,0
21.383,20.945,0,0.15193,35.837,0
21.383,20.96,0,0.15964,35.88,0
21.505,20.976,0.40647,0.17097,35.926,0
21.546,20.993,0.37954,0.17875,35.989,0
21.546,21.011,0,0.18336,36.043,0
21.618,21.029,0.35304,0.19046,36.09,0
21.618,21.048,0,0.19283,36.148,0
21.674,21.067,0.3795,0.19599,36.209,0
21.716,21.087,0.36088,0.20323,36.262,0
21.744,21.107,0.32144,0.20552,36.316,0
21.768,21.128,0.30047,0.20688,36.377,0
21.807,21.148,0.28707,0.21248,36.438,0
21.836,21.17,0.28286,0.21509,36.505,0
21.859,21.191,0.28003,0.21544,36.568,0
21.894,21.213,0.27063,0.21984,36.641,0
21.923,21.235,0.24745,0.222,36.7,0
21.923,21.257,0,0.22459,36.768,0
21.978,21.279,0.26576,0.22565,36.855,0
21.998,21.302,0.2924,0.22452,36.915,0
22.018,21.324,0.33103,0.22365,36.979,0
22.049,21.347,0.32851,0.22665,37.045,0
22.081,21.369,0.31817,0.2295,37.115,0
22.081,21.392,0,0.23207,37.185,0
22.145,21.416,0.28872,0.23527,37.259,0
22.174,21.439,0.31048,0.23684,37.332,0
22.174,21.463,0,0.24044,37.404,0
22.246,21.487,0.32318,0.24465,37.492,0
22.287,21.511,0.32669,0.2503,37.578,0
22.33,21.536,0.31765,0.25588,37.664,0
22.358,21.562,0.30608,0.2568,37.735,0
22.384,21.588,0.30264,0.2568,37.807,0
22.421,21.613,0.32319,0.26047,37.894,0
22.444,21.639,0.31817,0.2593,37.978,0
22.475,21.665,0.25978,0.26091,38.063,0
22.502,21.691,0.2075,0.26111,38.138,0
22.502,21.718,0,0.25618,38.217,0
22.539,21.743,0.13156,0.2566,38.312,0
22.553,21.769,0.082166,0.25274,38.4,0
22.553,21.794,0.094007,0.2446,38.478,0
22.555,21.819,0.11865,0.23733,38.552,0
22.568,21.842,0.10849,0.23385,38.623,0
22.576,21.866,0.11929,0.22871,38.693,0
22.576,21.889,0,0.22714,38.763,0
22.615,21.911,0.14434,0.22686,38.849,0
22.615,21.934,0,0.22298,38.919,0
22.649,21.956,0.1665,0.22319,38.981,0
22.649,21.979,0,0.22192,39.049,0
22.687,22.001,0.15327,0.2211,39.119,0
22.687,22.023,0,0.21756,39.186,0
22.708,22.045,0.12954,0.21346,39.249,0
22.708,22.066,0,0.20857,39.315,0
22.728,22.087,0.14257,0.20614,39.374,0
22.737,22.107,0.13132,0.20261,39.442,0
22.753,22.128,0.071227,0.20131,39.51,0
22.753,22.148,0,0.19549,39.572,0
22.761,22.167,-0.059263,0.19114,39.647,0
22.749,22.186,-0.083621,0.18091,39.715,0
22.749,22.205,0,0.17243,39.77,0
22.749,22.222,0,0.1639,39.824,0
22.704,22.238,-0.21537,0.14974,39.876,0
22.675,22.253,-0.22083,0.13581,39.927,0
22.657,22.267,-0.25758,0.1255,39.977,0.10444
22.631,22.279,-0.28699,0.113,40.018,0.26039
22.631,22.291,0,0.10166,40.052,0
22.587,22.301,-0.27327,0.092124,40.072,0.31622
22.554,22.31,-0.33136,0.078395,40.089,0.58847
22.525,22.318,-0.38685,0.066531,40.109,0.86515
22.488,22.324,-0.3804,0.052421,40.132,0.91265
22.446,22.33,-0.37204,0.037295,40.156,0.95767
22.446,22.333,0,0.021441,40.167,0
22.362,22.336,-0.40705,0.0084914,40.153,1.2572
22.321,22.336,-0.40112,-0.0015288,40.161,1.3172
22.291,22.336,-0.4189,-0.0045893,40.149,1.4783
22.291,22.336,0,-0.0097422,40.145,0.072795
22.291,22.335,0,-0.014986,40.14,0.059507
22.148,22.333,-0.47512,-0.018606,40.113,2.1435
22.148,22.331,0,-0.023941,40.095,0.33642
22.148,22.329,0,-0.028695,40.076,0.31969
21.994,22.326,-0.50631,-0.033446,40.023,2.7501
21.937,22.323,-0.49393,-0.038917,39.981,2.8437
21.884,22.319,-0.47792,-0.043977,39.949,2.9041
21.884,22.315,0,-0.047487,39.906,0.84805
21.805,22.31,-0.4993,-0.051195,39.86,3.2445
21.805,22.305,0,-0.055507,39.809,0.99433
21.711,22.299,-0.42083,-0.05988,39.743,3.0451
21.675,22.293,-0.41259,-0.063111,39.678,3.0898
21.625,22.287,-0.40596,-0.067699,39.622,3.1842
21.587,22.28,-0.38338,-0.071038,39.562,3.1509
21.556,22.273,-0.36837,-0.073677,39.49,3.1383
21.512,22.266,-0.41865,-0.077684,39.407,3.5368
21.472,22.258,-0.42352,-0.081228,39.33,3.6651
21.439,22.25,-0.41122,-0.084051,39.256,3.6689
21.405,22.241,-0.37302,-0.086967,39.168,3.5216
21.375,22.233,-0.40369,-0.08942,39.085,3.7657
21.334,22.224,-0.42892,-0.0931,38.995,4.0204
21.334,22.214,0,-0.097864,38.907,1.8578
21.334,22.205,0,-0.10135,38.819,1.8181
21.205,22.194,-0.42109,-0.10463,38.705,4.2836
21.205,22.184,0,-0.10786,38.607,2.0981
21.13,22.173,-0.36501,-0.11127,38.498,4.104
21.089,22.162,-0.34838,-0.11484,38.394,4.0928
21.089,22.151,0,-0.1185,38.288,2.297
21.011,22.139,-0.37617,-0.12168,38.187,4.4329
20.982,22.127,-0.36016,-0.12397,38.08,4.3828
20.982,22.114,0,-0.12672,37.966,2.4729
20.982,22.102,0,-0.1304,37.853,2.4208
20.982,22.088,0,-0.13347,37.742,2.3704
20.839,22.075,-0.35753,-0.1363,37.61,4.6441
20.8,22.061,-0.35369,-0.13982,37.488,4.6993
20.8,22.048,0,-0.14373,37.363,2.7521
20.8,22.033,0,-0.14629,37.239,2.698
20.688,22.019,-0.35346,-0.14963,37.104,4.9054
20.648,22.004,-0.35536,-0.15333,36.964,4.9949
20.62,21.988,-0.35412,-0.15563,36.819,5.0221
20.576,21.973,-0.36151,-0.15969,36.687,5.1581
20.541,21.957,-0.39657,-0.1628,36.54,5.4511
20.541,21.94,0,-0.16688,36.399,3.1222
20.458,21.924,-0.39107,-0.17064,36.239,5.5681
20.416,21.907,-0.37741,-0.1746,36.085,5.5493
20.375,21.889,-0.38742,-0.1784,35.936,5.6895
20.344,21.871,-0.39111,-0.18107,35.78,5.7514
20.344,21.853,0,-0.18506,35.628,3.3903
20.258,21.835,-0.41415,-0.18924,35.474,6.0661
20.224,21.816,-0.43607,-0.19218,35.323,6.2689
20.179,21.797,-0.4087,-0.19658,35.172,6.1503
20.136,21.777,-0.36673,-0.20074,35.01,5.9207
20.104,21.757,-0.3528,-0.20341,34.853,5.8523
20.104,21.737,0,-0.20585,34.688,3.6934
20.047,21.716,-0.33746,-0.20832,34.516,5.7821
20.004,21.695,-0.34337,-0.21255,34.355,5.8878
19.962,21.674,-0.37382,-0.21664,34.191,6.1608
19.932,21.652,-0.39162,-0.21913,34.027,6.3053
19.9,21.63,-0.36546,-0.22219,33.846,6.142
19.855,21.608,-0.37903,-0.22676,33.672,6.303
19.818,21.585,-0.37641,-0.23033,33.497,6.3211
19.79,21.562,-0.36042,-0.2328,33.317,6.2122
19.751,21.539,-0.3672,-0.23662,33.135,6.2978
19.751,21.515,0,-0.24015,32.957,3.9685
19.673,21.491,-0.39115,-0.24431,32.788,6.5495
19.673,21.467,0,-0.24903,32.607,4.0259
19.575,21.442,-0.44964,-0.255,32.411,7.1272
19.575,21.417,0,-0.26093,32.225,4.1274
19.484,21.39,-0.47677,-0.26502,32.024,7.4481
19.484,21.364,0,-0.26915,31.834,4.2197
19.484,21.337,0,-0.27453,31.648,4.1039
19.35,21.31,-0.51008,-0.27936,31.46,7.8545
19.35,21.282,0,-0.28585,31.265,4.3136
19.252,21.253,-0.49876,-0.2906,31.053,7.8663
19.252,21.224,0,-0.29685,30.855,4.3965
19.152,21.194,-0.39911,-0.30221,30.646,7.1766
19.109,21.164,-0.353,-0.30707,30.439,6.8543
19.073,21.133,-0.30101,-0.31089,30.227,6.4772
19.052,21.102,-0.22289,-0.31243,30.017,5.8987
19.032,21.071,-0.18978,-0.31366,29.813,5.6343
19.022,21.04,-0.20687,-0.31349,29.606,5.6624
18.996,21.008,-0.19455,-0.31577,29.399,5.5508
18.981,20.977,-0.16369,-0.31642,29.195,5.2982
18.956,20.945,-0.18714,-0.31851,28.986,5.4028
18.932,20.913,-0.16004,-0.3202,28.792,5.1981
18.91,20.881,-0.12351,-0.32182,28.595,4.9418
18.91,20.849,0,-0.32148,28.4,4.1682
18.882,20.817,-0.12917,-0.32197,28.206,4.8413
18.877,20.785,-0.094045,-0.32028,28.022,4.5558
18.877,20.753,0,-0.32002,27.833,3.9629
18.867,20.721,-0.008496,-0.3172,27.648,3.9468
18.863,20.689,0.1014,-0.31553,27.461,3.3649
18.869,20.657,0.22012,-0.31183,27.281,2.8013
18.896,20.626,0.32628,-0.30423,27.111,2.3192
18.939,20.596,0.41367,-0.2942,26.932,1.9314
18.971,20.566,0.48673,-0.28558,26.774,1.6481
19.017,20.538,0.53675,-0.27467,26.608,1.4238
19.072,20.51,0.5611,-0.26187,26.456,1.2513
19.072,20.484,0,-0.25019,26.313,2.8138
19.072,20.459,0,-0.23717,26.173,2.7914
19.241,20.435,0.61087,-0.222,26.065,0.83292
19.295,20.413,0.59342,-0.20909,25.953,0.74897
19.362,20.392,0.58902,-0.1936,25.854,0.63762
19.414,20.373,0.56372,-0.18112,25.758,0.56844
19.414,20.355,0,-0.16652,25.663,1.782
19.537,20.338,0.55118,-0.15291,25.568,0.37957
19.537,20.323,0,-0.1396,25.488,1.4604
19.64,20.309,0.52708,-0.12858,25.429,0.23529
19.684,20.296,0.54759,-0.11812,25.373,0.15716
19.743,20.284,0.59381,-0.10479,25.312,0.062024
19.743,20.274,0,-0.090723,25.258,0.96727
19.853,20.265,0.50816,-0.079908,25.235,0
19.913,20.257,0.47754,-0.066909,25.193,0
19.913,20.25,0,-0.058003,25.159,0.59682
19.991,20.244,0.42492,-0.049426,25.139,0
19.991,20.239,0,-0.041819,25.114,0.43652
20.062,20.235,0.37281,-0.0339,25.087,0
20.103,20.232,0.25016,-0.025241,25.066,0
20.103,20.229,0,-0.021093,25.053,0.21852
20.123,20.227,-0.061002,-0.020407,25.057,0.31971
20.117,20.225,-0.17966,-0.021294,25.05,0.67037
20.103,20.223,-0.2114,-0.023621,25.032,0.79844
20.073,20.221,-0.2069,-0.029029,25.025,0.83804
20.056,20.218,-0.1961,-0.031752,25.017,0.82884
20.056,20.215,0,-0.036498,25.001,0.25215
20.01,20.211,-0.25486,-0.039491,24.991,1.1187
19.99,20.207,-0.44495,-0.042752,24.968,1.9816
19.937,20.203,-0.85237,-0.052323,24.952,4.712
19.937,20.197,0,-0.068299,24.926,0.39816
19.937,20.191,0,-0.093484,24.9,0.32496
19.531,20.181,-2.4051,-0.1293,24.821,32.57
19.531,20.168,0,-0.1771,24.757,0.9793
19.531,20.151,0,-0.22669,24.694,0.80906
18.762,20.128,-2.399,-0.27649,24.506,35.906
18.532,20.1,-2.1038,-0.31997,24.367,28.941
18.314,20.068,-1.8016,-0.36146,24.192,23.109
18.131,20.032,-1.5973,-0.39581,24.013,19.898
17.98,19.993,-1.4776,-0.42378,23.82,18.303
17.84,19.95,-1.4661,-0.44964,23.616,18.454
17.693,19.905,-1.425,-0.47705,23.408,18.146
17.545,19.857,-1.3479,-0.50548,23.179,17.281
17.545,19.807,0,-0.52926,22.95,4.264
17.545,19.754,0,-0.55061,22.727,3.9997
17.545,19.699,0,-0.5743,22.509,3.7271
17.075,19.642,-0.97055,-0.59454,22.222,12.88
16.973,19.582,-0.95462,-0.61382,21.968,12.749
16.87,19.521,-0.96955,-0.63368,21.712,12.97
16.772,19.457,-0.96029,-0.65233,21.454,12.879
16.681,19.392,-0.9282,-0.67037,21.18,12.493
16.681,19.325,0,-0.6908,20.912,4.7704
16.499,19.256,-0.95096,-0.70654,20.631,12.677
16.396,19.185,-0.97785,-0.72792,20.357,12.97
16.288,19.113,-1.0563,-0.75122,20.073,13.883
16.189,19.037,-1.1636,-0.77253,19.788,15.182
16.066,18.96,-1.3152,-0.80095,19.494,17.272
16.066,18.88,0,-0.83378,19.208,4.6737
15.783,18.797,-1.6501,-0.86915,18.904,22.779
15.627,18.71,-1.7852,-0.90818,18.605,25.374
15.627,18.619,0,-0.95383,18.301,4.7099
15.627,18.524,0,-1.0075,18.007,4.2012
15.066,18.423,-1.9736,-1.0626,17.632,29.403
15.066,18.317,0,-1.1194,17.302,4.8088
14.665,18.205,-2.0024,-1.1829,16.931,29.849
14.464,18.086,-2.0228,-1.2456,16.568,30.111
14.255,17.962,-2.0098,-1.3133,16.2,29.565
14.06,17.83,-2.0072,-1.3781,15.82,29.136
14.06,17.693,0,-1.444,15.45,4.6662
14.06,17.548,0,-1.5149,15.094,4.0523
13.462,17.397,-2.044,-1.5877,14.661,28.482
13.462,17.238,0,-1.6664,14.276,4.314
13.061,17.071,-1.9787,-1.742,13.848,25.62
12.855,16.897,-2.0041,-1.821,13.456,25.404
12.646,16.715,-2.013,-4.4,13.059,5.9475
12.439,16.275,-1.9741,-4.4,12.656,8.3949
12.439,15.835,0,-4.4,12.294,42.794
12.047,15.395,-1.8788,-4.4,11.934,20.778
11.865,14.955,-1.7938,-4.4,11.61,34.355
11.688,14.515,-1.6673,-4.4,11.323,54.481
11.511,14.075,-1.559,-4.4,11.052,83.565
11.511,13.635,0,-4.4,10.818,93.593
11.511,13.195,0,-4.4,10.628,126.37
11.511,12.755,0,-4.4,10.481,175.69
10.943,12.315,-1.1887,-4.4,10.254,1129.9
10.819,11.875,-1.1866,-5.2,10.132,0
10.693,11.355,-1.2277,-5.2,10.054,0
10.562,10.835,-1.2954,-5.2,10.003,0
10.435,10.315,-1.4032,-5.2,9.9998,0
10.303,9.795,-1.5184,0.18801,10.032,9.835
10.303,9.8138,0,0.12571,10.081,0
9.985,9.8264,-1.8153,0.058739,10.093,15.318
9.8066,9.8323,-2.0116,-0.010329,10.108,19.586
9.8066,9.8312,0,-0.089797,10.105,0
9.8066,9.8223,0,-0.17808,10.103,0
9.1495,9.8045,-2.486,-0.26713,10.008,33.139
8.8938,9.7777,-2.5951,-0.36365,9.9376,37.122
8.6303,9.7414,-2.5225,-5.2,9.8294,0
8.3813,9.2214,-2.4176,-0.33541,9.7394,31.566
8.3813,9.1878,0,-0.42662,9.657,0.75986
7.8955,9.1452,-2.1474,-5.2,9.5464,0
7.6755,8.6252,-1.9507,-0.37179,9.4339,20.37
7.6755,8.588,0,-0.44206,9.3408,0.94177
7.6755,8.5438,0,-5.2,9.2518,159.71
7.1327,8.0238,-1.4234,-0.3412,9.1199,11.498
7.1327,7.9897,0,-0.38494,9.0325,0.95072
7.1327,7.9512,0,-5.2,8.9487,105.79
6.8003,7.4312,-0.45447,-0.23451,8.83,2.5014
6.7465,7.4077,-0.24461,-0.24839,8.756,1.6099
6.7155,7.3829,-0.18856,-5.2,8.6836,77.593
6.6944,6.8629,-0.20073,-0.059552,8.6427,0.7714
6.6771,6.8569,-0.25507,-0.063752,8.6214,0.97428
6.6608,6.8506,-0.29238,-0.067515,8.5971,1.1266
6.6406,6.8438,-0.32666,-0.07253,8.5743,1.2807
6.6009,6.8366,-0.35543,-0.084244,8.5611,1.4492
6.6009,6.8281,0,-0.097611,8.538,0.26113
6.5233,6.8184,-0.4061,-0.10635,8.5044,1.7618
6.5233,6.8077,0,-0.12067,8.4754,0.33035
6.4503,6.7957,-0.12922,-0.12556,8.4417,0.79128
6.4307,6.7831,0.070332,-0.12874,8.4058,0.30587
6.4307,6.7702,0,-5.2,8.3712,63.224
6.4307,6.2502,0,0.14412,8.3633,0
6.5197,6.2646,0.48206,0.16981,8.3807,0
6.5197,6.2816,0,0.19496,8.4054,0
6.6217,6.3011,0.56515,0.21249,8.429,0
6.6687,6.3224,0.57442,0.22898,8.4584,0
6.7247,6.3453,0.56235,0.2501,8.4881,0
6.7247,6.3703,0,0.26454,8.5248,0
6.7247,6.3967,0,0.28263,8.5589,0
6.8701,6.425,0.3851,0.29112,8.6144,0
6.9182,6.4541,0.30637,0.30272,8.6617,0
6.9462,6.4844,0.22576,0.30042,8.7104,0
6.9462,6.5144,0,0.30079,8.7551,0
6.9462,6.5445,0,0.2843,8.7967,0
6.9718,6.5729,-0.78585,0.25703,8.8411,3.4267
6.9718,6.5986,0,0.19009,8.8797,0
6.7352,6.6176,-2.6706,0.075307,8.8958,38.032
6.4635,6.6252,-3.637,-0.052512,8.8874,13.328
6.4635,6.6199,0,-0.17063,8.8715,0
5.6622,6.6029,-4.5884,-0.31059,8.7817,14.88
5.1979,6.5718,-4.5615,-0.46061,8.6739,14.997
4.7443,6.5257,-4.3292,-0.61026,8.5218,14.737
4.3052,6.4647,-4.1723,-0.76079,8.3272,14.519
3.8974,6.3886,-3.9758,-5.2,8.0848,2.5346
3.8974,5.8686,0,-8.8,7.8617,0.75935
3.1351,4.9886,-3.2627,-0.56885,7.6404,11.61
3.1351,4.9318,0,-8.8,7.4579,0
2.523,4.0518,-2.2529,-0.40724,7.2653,8.9613
2.523,4.011,0,-0.46903,7.1144,2.2224
2.1313,3.9641,-1.2017,-8.8,6.9243,0
2.0174,3.0841,-0.78758,-0.23755,6.7742,6.4484
2.0174,3.0604,0,-0.25244,6.6687,1.7647
1.9036,3.0351,-0.24392,-0.26095,6.5629,2.9897
1.8734,3.009,-0.19751,-8.8,6.4481,0
1.8607,2.129,-0.18899,-0.044137,6.3864,1.0485
1.8607,2.1246,0,-0.046804,6.3598,0.45935
1.8181,2.1199,-0.21492,-0.050098,6.3341,1.2142
1.8181,2.1149,0,-0.053912,6.3042,0.51572
1.7644,2.1095,-0.18139,-0.057722,6.2846,1.1837
1.7479,2.1038,-0.15778,-0.059937,6.2459,1.121
1.7256,2.0978,-0.093149,-0.063265,6.1999,0.9373
1.724,2.0914,0.021697,-0.063002,6.155,0.59714
1.724,2.0851,0,-0.062183,6.1186,0.64159
1.7415,2.0789,0.42163,-0.058814,6.07,0
1.7742,2.073,0.66943,-8.8,6.0323,0
1.7742,1.193,0,4.9,6.0464,36.271
1.9188,1.683,0.97483,1.0625,6.1014,0
2.0169,1.7893,0.9817,0.93059,6.1344,0
2.1127,1.8824,0.8962,0.86737,6.151,0
2.2023,1.9691,0.74811,0.81658,6.1688,0
2.2688,2.0507,0.57546,0.71544,6.1875,0
2.2688,2.1223,0,0.65727,6.2057,1.8496
2.3777,2.188,0.2807,0.56077,6.2156,0.27695
2.3777,2.2441,0,0.44253,6.2318,0.98805
2.4183,2.2883,0.11181,0.3576,6.2355,0.32748
2.4202,2.3241,0.098614,0.25765,6.2384,0.16707
2.4298,2.3499,0.14394,0.21031,6.2377,0
2.448,2.3709,0.23852,0.20039,6.2502,0
2.4708,2.3909,0.36596,0.20488,6.2627,0
2.5013,2.4114,0.52064,0.22737,6.2653,0
2.5498,2.4342,0.66209,0.28881,6.2806,0
2.6157,2.463,0.75953,0.37476,6.2969,0
2.6157,2.5005,0,0.454,6.3103,1.0853
2.7791,2.5459,0.90959,0.54397,6.3278,0
2.8718,2.6003,0.93036,0.61336,6.3523,0
2.8718,2.6617,0,0.66121,6.3763,1.6615
3.064,2.7278,1.0283,0.70633,6.4047,0
3.064,2.7984,0,0.75876,6.4348,1.9299
3.2783,2.8743,1.1916,0.78612,6.4808,0
3.3949,2.9529,1.2719,0.82759,6.5294,0
3.3949,3.0357,0,0.86067,6.5695,2.1052
3.6523,3.1217,1.3583,0.9172,6.6261,0
3.7821,3.2134,1.3433,0.94393,6.6839,0
3.9186,3.3078,1.3239,0.97339,6.7416,0
4.0503,3.4052,1.3113,0.98845,6.8113,0
4.1721,3.504,1.2873,0.98378,6.8728,0
4.3041,3.6024,1.2858,0.99456,6.9348,0
4.4317,3.7019,1.2859,0.99742,7.0059,0
4.562,3.8016,1.2776,1.0031,7.0781,0
4.6969,3.9019,1.2923,1.0127,7.1462,0
4.822,4.0032,1.3209,1.0093,7.2253,0
4.822,4.1041,0,1.015,7.3021,1.6365
5.0996,4.2056,1.45,1.037,7.4031,0
5.2387,4.3093,1.5047,1.0477,7.5044,0
5.3892,4.4141,1.5514,1.0676,7.5972,0
5.5454,4.5208,1.5792,1.0907,7.6988,0
5.5454,4.6299,0,1.1146,7.7958,1.4498
5.8736,4.7414,1.5765,1.1411,7.9166,0
6.0343,4.8555,1.5433,1.1556,8.0243,0
6.1875,4.971,1.4869,1.1618,8.1438,0
6.334,5.0872,1.4655,1.1618,8.273,0
6.334,5.2034,0,1.1605,8.3919,0.94796
6.619,5.3194,1.4347,1.1557,8.5356,0
6.619,5.435,0,1.1544,8.6598,0.74553
6.908,5.5504,1.4648,1.1539,8.7859,0
7.0572,5.6658,1.4773,1.159,8.9268,0
7.0572,5.7817,0,1.1671,9.0601,0.50774
7.3529,5.8984,1.442,1.1641,9.2051,0
7.5003,6.0148,1.4265,1.167,9.3508,0
7.6513,6.1315,1.4018,1.1726,9.5,0
7.788,6.2488,1.3449,1.1671,9.6528,0
7.788,6.3655,0,1.1676,9.8009,0.050772
7.788,6.4823,0,1.1613,9.9373,0.38684
8.1974,6.5984,1.22,1.1539,10.112,0
8.3135,6.7138,1.1836,1.1363,10.263,0
8.3135,6.8274,0,1.1304,10.417,0
8.5505,6.9405,1.1256,1.1123,10.588,0
8.6613,7.0517,1.0941,1.0975,10.748,0
8.7713,7.1614,1.0835,1.0833,10.901,0
8.8881,7.2698,1.0692,1.0767,11.071,0
8.9945,7.3774,1.0717,1.0632,11.23,0
9.0957,7.4838,1.0722,1.0477,11.387,0
9.0957,7.5885,0,1.0391,11.543,0
9.319,7.6924,1.0287,1.0347,11.704,0
9.413,7.7959,1.0135,1.0191,11.876,0
9.413,7.8978,0,1.0055,12.032,0
9.6061,7.9984,1.0135,0.99474,12.207,0
9.7037,8.0978,1.0255,0.98456,12.366,0
9.8104,8.1963,1.0436,0.98169,12.535,0
9.9211,8.2945,1.0375,0.98126,12.702,0
10.034,8.3926,1.0421,0.98216,12.869,0
10.034,8.4908,0,0.97614,13.028,0
10.239,8.5884,1.0558,0.97174,13.197,0
10.239,8.6856,0,0.96728,13.357,0
10.455,8.7823,1.0818,0.96982,13.527,0
10.566,8.8793,1.0984,0.97122,13.702,0
10.672,8.9764,1.0835,0.96966,13.871,0
10.785,9.0734,1.0791,0.97234,14.046,0
10.885,9.1706,1.073,0.96702,14.223,0
10.997,9.2673,1.0477,0.96905,14.398,0
11.103,9.3642,1.0388,0.96732,14.562,0
11.212,9.461,1.0453,0.96751,14.733,0
11.313,9.5577,1.0599,0.96396,14.909,0
11.416,9.6541,1.064,0.96095,15.083,0
11.527,9.7502,1.0597,0.96343,15.262,0
11.643,9.8465,1.0445,0.96751,15.43,0
11.643,9.9433,0,0.96582,15.605,0
11.85,10.04,1.0469,0.96358,15.79,0
