23.611,23.611,0.071578,0,35.5,0
23.627,23.611,0.096526,0.0041899,35.505,0
23.64,23.612,0.096639,0.0074372,35.517,0
23.64,23.612,0,0.011057,35.519,0
23.64,23.613,0,0.014416,35.522,0
23.679,23.615,0.18856,0.016796,35.523,0
23.705,23.617,0.159,0.023119,35.538,0
23.713,23.619,0.1163,0.024721,35.549,0
23.722,23.621,0.03663,0.026439,35.552,0
23.735,23.624,0.01154,0.029137,35.556,0
23.732,23.627,-0.033829,0.027687,35.571,0
23.737,23.63,-0.074436,0.028271,35.575,0.001564
23.731,23.632,-0.059191,0.025776,35.595,0
23.72,23.635,-0.043471,0.022301,35.603,0
23.713,23.637,-0.067313,0.01993,35.609,0.034226
23.713,23.639,0,0.017559,35.617,0
23.713,23.641,0,0.012985,35.624,0
23.688,23.642,-0.03331,0.011882,35.629,0.0036037
23.688,23.643,-0.040078,0.011594,35.635,0.020418
23.686,23.645,-0.051187,0.010824,35.647,0.050329
23.691,23.646,-0.097378,0.011812,35.651,0.15682
23.671,23.647,-0.10549,0.0064554,35.664,0.21051
23.665,23.648,-0.10503,0.0044584,35.676,0.22158
23.65,23.648,-0.070119,0.00040021,35.685,0.15746
23.65,23.648,0,0.0009251,35.685,0
23.65,23.648,0,-0.00091746,35.685,0
23.65,23.648,0,-0.00029237,35.686,0
23.65,23.648,0,0.0026522,35.686,0.0024861
23.65,23.648,0,0.00043727,35.686,0
23.65,23.648,0,0.00089627,35.686,0
23.647,23.648,0.062684,-0.0001605,35.672,0
23.662,23.648,0.087305,0.0036615,35.667,0
23.662,23.649,0,0.0044916,35.669,0
23.672,23.649,0.068844,0.0059574,35.665,0
23.674,23.65,0.018125,0.0064887,35.663,0
23.674,23.65,0,0.006845,35.666,0
23.681,23.651,0.061044,0.0078418,35.66,0
23.687,23.652,0.053163,0.0091468,35.671,0
23.685,23.653,0.051254,0.0084137,35.681,0
23.685,23.654,0,0.010534,35.684,0
23.704,23.655,-0.030254,0.012828,35.699,0
23.695,23.656,-0.074676,0.010252,35.713,0.10964
23.697,23.657,-0.051814,0.010458,35.723,0.054029
23.694,23.658,-0.0060499,0.0093764,35.73,0
23.692,23.659,0.031358,0.0087966,35.739,0
23.692,23.66,0,0.011784,35.742,0
23.705,23.661,0.079703,0.011677,35.734,0
23.715,23.662,0.086838,0.013899,35.743,0
23.717,23.664,0.10244,0.014012,35.752,0
23.719,23.665,0.11848,0.01421,35.768,0
23.737,23.666,0.087399,0.018625,35.779,0
23.755,23.668,-0.00013226,0.022727,35.796,0
23.754,23.671,-0.04387,0.021844,35.814,0
23.754,23.673,0,0.019416,35.822,0
23.73,23.675,-0.12457,0.014444,35.829,0.21218
23.709,23.676,-0.16392,0.0085601,35.833,0.3594
23.7,23.677,-0.08287,0.0061632,35.834,0.15451
23.7,23.678,0,0.0030168,35.836,0
23.687,23.678,-0.11766,0.0023762,35.842,0.26808
23.687,23.678,0,-0.00044003,35.843,0
23.687,23.678,0,-0.002622,35.844,0
23.626,23.678,-0.38703,-0.0066271,35.852,1.3455
23.595,23.677,-0.39838,-0.010577,35.847,1.4736
23.557,23.676,-0.36709,-0.0153,35.841,1.4286
23.53,23.675,-0.3427,-0.018649,35.831,1.3887
23.499,23.673,-0.25672,-0.022357,35.818,1.112
23.499,23.671,0,-0.024503,35.801,0.30816
23.446,23.668,-0.28094,-0.028634,35.785,1.3223
23.426,23.665,-0.23666,-0.030848,35.768,1.1894
23.395,23.662,-0.12924,-0.034587,35.745,0.87519
23.385,23.659,-0.083408,-0.035442,35.722,0.74478
23.385,23.655,0,-0.03602,35.695,0.50127
23.379,23.652,0.089269,-0.035402,35.667,0.29788
23.39,23.648,0.04536,-0.033515,35.65,0.3692
23.39,23.645,0.078945,-0.033107,35.627,0.28749
23.39,23.641,0.10027,-0.032608,35.603,0.23525
23.402,23.638,0.11206,-0.030697,35.582,0.18555
23.406,23.635,0.12837,-0.029802,35.55,0.14183
23.428,23.632,0.19038,-0.026654,35.521,0
23.428,23.629,0,-0.02439,35.501,0.37575
23.428,23.627,0,-0.020064,35.481,0.38101
23.428,23.625,0,-0.017336,35.461,0.3833
23.528,23.623,0.26442,-0.012451,35.46,0
23.563,23.622,0.21986,-0.0077354,35.451,0
23.588,23.621,0.21875,-0.0043035,35.445,0
23.588,23.621,0,-0.0013454,35.441,0.064246
23.626,23.621,0.25825,0.0014099,35.443,0
23.653,23.621,0.27791,0.0084297,35.45,0
23.677,23.622,0.23069,0.014522,35.459,0
23.677,23.623,0,0.018883,35.465,0
23.72,23.625,0.15131,0.025051,35.476,0
23.72,23.627,0,0.02969,35.485,0
23.72,23.63,0,0.031054,35.495,0
23.72,23.633,0,0.033148,35.503,0
23.777,23.637,0.12902,0.036801,35.519,0
23.777,23.64,0,0.038176,35.533,0
23.794,23.644,0.10744,0.039365,35.555,0
23.794,23.648,0,0.038579,35.57,0
23.804,23.652,0.081472,0.039933,35.601,0
23.816,23.656,0.078039,0.041952,35.615,0
23.832,23.66,-0.006537,0.045148,35.639,0
23.832,23.665,0,0.045518,35.656,0
23.845,23.669,-0.042914,0.04598,35.659,0
23.846,23.674,-0.014673,0.045262,35.675,0
23.837,23.678,-0.028621,0.041702,35.701,0
23.844,23.683,0.0026451,0.042469,35.722,0
23.844,23.687,0,0.042327,35.738,0
23.844,23.691,0,0.042148,35.754,0
23.844,23.695,0,0.039591,35.769,0
23.852,23.699,0.01021,0.040018,35.783,0
23.851,23.703,0.018734,0.038812,35.803,0
23.851,23.707,0,0.038698,35.817,0
23.862,23.711,0.019778,0.039545,35.832,0
23.868,23.715,0.0052088,0.040304,35.84,0
23.868,23.719,0,0.038417,35.855,0
23.87,23.723,-0.010108,0.038556,35.855,0
23.864,23.727,-0.026433,0.03597,35.878,0
23.863,23.73,-0.061183,0.034847,35.898,0
23.855,23.734,-0.092102,0.03194,35.905,0.022301
23.845,23.737,-0.13538,0.02833,35.907,0.15495
23.84,23.74,-0.14901,0.026285,35.923,0.20483
23.84,23.742,0,0.024,35.932,0
23.84,23.745,0,0.018286,35.942,0
23.797,23.747,-0.1051,0.013112,35.92,0.1687
23.795,23.748,-0.12457,0.012271,35.933,0.22533
23.795,23.749,0,0.0071124,35.937,0
23.754,23.75,-0.15105,0.00099088,35.938,0.37003
23.734,23.75,-0.12565,-0.0020678,35.94,0.337
23.722,23.75,-0.036536,-0.0035777,35.943,0.13175
23.727,23.749,0.045907,-0.0028473,35.932,0
23.727,23.749,0,-0.0031609,35.93,0.038279
23.738,23.749,0.16721,-0.0013994,35.941,0
23.765,23.749,0.16176,0.0041923,35.945,0
23.785,23.749,0.14077,0.0094771,35.955,0
23.785,23.75,0,0.011447,35.959,0
23.785,23.751,0,0.014389,35.962,0
23.785,23.753,0,0.01452,35.966,0
23.813,23.754,0.1326,0.015378,35.962,0
23.832,23.756,0.12161,0.020114,35.977,0
23.853,23.758,0.1345,0.025055,35.986,0
23.853,23.76,0,0.026187,35.995,0
23.875,23.763,0.17741,0.029478,36.01,0
23.895,23.766,0.12346,0.033901,36.017,0
23.895,23.769,0,0.034377,36.03,0
23.914,23.773,0.050116,0.037068,36.042,0
23.913,23.776,0.034083,0.035839,36.066,0
23.91,23.78,0.045465,0.034148,36.078,0
23.923,23.783,0.0635,0.036752,36.089,0
23.923,23.787,0,0.0367,36.102,0
23.923,23.791,0,0.039307,36.116,0
23.947,23.795,0.082955,0.040127,36.121,0
23.954,23.799,0.014526,0.040902,36.139,0
23.954,23.803,0,0.038496,36.155,0
23.954,23.807,0,0.037342,36.17,0
23.957,23.81,-0.015601,0.038561,36.179,0
23.961,23.814,-0.070222,0.038632,36.195,0
23.951,23.818,-0.051117,0.034884,36.203,0
23.941,23.821,-0.0046196,0.031458,36.215,0
23.931,23.825,0.077965,0.028079,36.217,0
23.939,23.827,0.11642,0.029425,36.219,0
23.939,23.83,0,0.033884,36.23,0
23.985,23.834,0.23107,0.039795,36.247,0
24.017,23.838,0.22995,0.047266,36.266,0
24.048,23.842,0.21056,0.054098,36.278,0
24.079,23.848,0.20489,0.060802,36.3,0
24.092,23.854,0.19217,0.06273,36.319,0
24.111,23.86,0.20018,0.066081,36.335,0
24.123,23.867,0.23306,0.067394,36.359,0
24.146,23.874,0.25581,0.071794,36.392,0
24.17,23.881,0.30745,0.076096,36.412,0
24.207,23.888,0.30456,0.083878,36.434,0
24.242,23.897,0.29036,0.090973,36.476,0
24.274,23.906,0.32601,0.097147,36.505,0
24.306,23.916,0.25244,0.103,36.553,0
24.322,23.926,0.2176,0.10443,36.584,0
24.343,23.936,0.23416,0.10724,36.625,0
24.343,23.947,0,0.11003,36.666,0
24.385,23.958,0.19887,0.11262,36.725,0
24.406,23.969,0.24614,0.11529,36.774,0
24.406,23.981,0,0.11646,36.817,0
24.406,23.992,0,0.12019,36.859,0
24.471,24.004,0.30784,0.12328,36.903,0
24.471,24.017,0,0.12686,36.949,0
24.531,24.029,0.28137,0.13258,36.986,0
24.531,24.043,0,0.13652,37.036,0
24.599,24.056,0.31655,0.14364,37.091,0
24.626,24.071,0.28365,0.14684,37.151,0
24.648,24.085,0.2993,0.14901,37.215,0
24.67,24.1,0.33159,0.15102,37.279,0
24.67,24.115,0,0.15411,37.336,0
24.67,24.131,0,0.16034,37.39,0
24.773,24.147,0.30753,0.16598,37.447,0
24.801,24.163,0.27382,0.16898,37.516,0
24.829,24.18,0.27295,0.17217,37.59,0
24.829,24.198,0,0.17452,37.654,0
24.877,24.215,0.34412,0.17588,37.713,0
24.91,24.233,0.33355,0.17998,37.774,0
24.936,24.251,0.29533,0.18225,37.852,0
24.974,24.269,0.17919,0.18751,37.914,0
25,24.288,0.062472,0.18947,37.98,0
25,24.307,0,0.18649,38.05,0
25,24.325,0,0.18396,38.118,0
25.027,24.344,0.10996,0.18193,38.197,0
25.034,24.362,0.17101,0.17903,38.268,0
25.034,24.38,0,0.17959,38.335,0
25.074,24.398,0.17013,0.18014,38.403,0
25.074,24.416,0,0.1803,38.47,0
25.11,24.434,0.14734,0.18026,38.533,0
25.11,24.452,0,0.17725,38.6,0
25.118,24.469,0.011049,0.17313,38.68,0
25.114,24.487,-0.070524,0.16754,38.752,0
25.11,24.504,-0.30164,0.16195,38.812,0
25.087,24.52,-0.3542,0.15166,38.876,0.043474
25.062,24.535,-0.27657,0.14073,38.933,0
25.032,24.549,-0.1366,0.12921,38.992,0
25.032,24.562,0,0.12268,39.04,0
25.032,24.574,0,0.11996,39.086,0
25.037,24.586,0.20783,0.12057,39.142,0
25.063,24.598,0.18641,0.12446,39.185,0
25.063,24.611,0,0.12573,39.231,0
25.063,24.623,0,0.12369,39.275,0
25.063,24.636,0,0.12359,39.319,0
25.063,24.648,0,0.12485,39.361,0
25.139,24.66,0.25878,0.12825,39.433,0
25.166,24.673,0.26373,0.13212,39.472,0
25.198,24.686,0.3269,0.13722,39.519,0
25.222,24.7,0.3305,0.1398,39.576,0
25.264,24.714,0.27295,0.14741,39.623,0
25.282,24.729,0.21327,0.14822,39.68,0
25.293,24.744,0.26787,0.14735,39.729,0
25.328,24.758,0.30453,0.15292,39.782,0
25.363,24.774,0.31198,0.15807,39.832,0
25.385,24.79,0.2842,0.15993,39.891,0
25.421,24.806,0.29528,0.16526,39.949,0
25.458,24.822,0.35127,0.17084,40.02,0
25.489,24.839,0.34491,0.17467,40.091,0
25.528,24.857,0.314,0.1805,40.164,0
25.528,24.875,0,0.18622,40.23,0
25.528,24.893,0,0.18947,40.295,0
25.639,24.912,0.30487,0.19549,40.372,0
25.672,24.932,0.27198,0.19926,40.443,0
25.672,24.952,0,0.20354,40.516,0
25.729,24.972,0.36074,0.20386,40.608,0
25.765,24.992,0.3315,0.20823,40.686,0
25.789,25.013,0.29909,0.2091,40.762,0
25.789,25.034,0,0.21423,40.839,0
25.865,25.056,0.34119,0.21822,40.908,0
25.903,25.077,0.30573,0.22255,40.985,0
25.903,25.1,0,0.22258,41.066,0
25.903,25.122,0,0.22666,41.146,0
25.995,25.145,0.42214,0.22949,41.235,0
26.042,25.168,0.40337,0.23611,41.317,0
26.087,25.191,0.36141,0.24192,41.397,0
26.118,25.215,0.2775,0.24382,41.479,0
26.148,25.24,0.25013,0.24541,41.575,0
26.168,25.264,0.22662,0.24438,41.674,0
26.168,25.289,0,0.24513,41.763,0
26.168,25.313,0,0.24647,41.849,0
26.168,25.338,0,0.2443,41.934,0
26.263,25.362,0.19442,0.24377,42.03,0
26.289,25.387,0.10907,0.24425,42.126,0
26.295,25.411,0.12308,0.23933,42.206,0
26.295,25.435,0,0.23551,42.294,0
26.327,25.459,0.18142,0.23514,42.375,0
26.351,25.482,0.15081,0.23544,42.464,0
26.371,25.506,0.15506,0.23452,42.558,0
26.378,25.529,0.14537,0.23019,42.637,0
26.4,25.552,0.13866,0.23005,42.728,0
26.42,25.575,0.1209,0.22926,42.822,0
26.441,25.598,0.18184,0.22868,42.899,0
26.441,25.621,0,0.22505,42.982,0
26.465,25.643,0.19565,0.2229,43.051,0
26.465,25.666,0,0.22271,43.132,0
26.508,25.688,0.15383,0.22268,43.222,0
26.508,25.71,0,0.22105,43.303,0
26.508,25.732,0,0.21758,43.381,0
26.536,25.754,0.083456,0.21247,43.464,0
26.551,25.775,0.072964,0.21074,43.544,0
26.551,25.796,0,0.20461,43.62,0
26.564,25.817,0.13003,0.20322,43.706,0
26.564,25.837,0,0.20202,43.78,0
26.588,25.857,0.16856,0.19873,43.852,0
26.606,25.877,0.17864,0.19837,43.924,0
26.633,25.897,0.086576,0.20035,44.007,0
26.633,25.917,0,0.19756,44.079,0
26.646,25.937,0.051843,0.19311,44.15,0
26.648,25.956,0.052254,0.18841,44.217,0
26.648,25.975,0,0.1863,44.286,0
26.665,25.994,-0.02253,0.18301,44.353,0
26.654,26.012,-0.022898,0.17502,44.427,0
26.654,26.03,0,0.16914,44.491,0
26.644,26.046,-0.08261,0.16285,44.542,0
26.64,26.063,-0.07603,0.15747,44.603,0
26.627,26.078,-0.06838,0.14956,44.651,0
26.624,26.093,-0.089166,0.14452,44.696,0
26.623,26.108,-0.073659,0.14052,44.747,0
26.619,26.122,-0.0488,0.13552,44.795,0
26.618,26.136,-0.056245,0.13151,44.843,0
26.618,26.149,0,0.12881,44.89,0
26.606,26.162,-0.075447,0.12121,44.949,0
26.606,26.174,0,0.11709,44.993,0
26.585,26.185,-0.16453,0.10907,45.04,0
26.568,26.196,-0.22548,0.10136,45.088,0
26.552,26.206,-0.27087,0.094239,45.126,0.16321
26.517,26.216,-0.23415,0.082284,45.169,0.12345
26.498,26.224,-0.40889,0.074923,45.189,0.78934
26.458,26.232,-0.78343,0.061895,45.212,2.8929
26.379,26.238,-1.1531,0.038613,45.23,6.1717
26.264,26.242,-1.3874,0.006149,45.229,9.1452
26.122,26.242,-2.0468,-0.011771,45.216,21
26.122,26.241,0,-0.032606,45.204,0.17669
25.651,26.238,-2.8861,-0.057695,45.133,50.099
25.372,26.232,-3.2914,-0.084844,45.056,71.721
25.047,26.224,-3.8162,-0.11642,44.955,109.64
24.675,26.212,-4.2159,-0.15282,44.815,148.78
24.675,26.197,0,-0.19465,44.662,3.388
23.773,26.177,-5.2647,-0.24223,44.419,315.97
23.248,26.153,-4.3868,-0.29519,44.159,164.98
23.248,26.123,0,-0.34035,43.87,7.4997
22.53,26.089,-1.4259,-0.3696,43.515,28.186
22.53,26.052,0,-0.38447,43.161,9.9079
22.352,26.014,0.29588,-0.38963,42.798,8.3378
22.388,25.975,-0.49649,-0.38638,42.436,14.809
22.342,25.936,-2.03,-0.39213,42.069,41.282
22.133,25.897,-3.26,-0.41588,41.707,86.43
21.812,25.856,-4.3425,-0.45305,41.309,160.84
21.388,25.81,-4.7016,-0.50307,40.885,196.94
20.927,25.76,-3.3367,-0.55907,40.421,96.189
20.927,25.704,0,-0.60159,39.941,14.041
20.397,25.644,-1.1423,-0.62965,39.414,31.345
20.287,25.581,-0.1991,-0.64805,38.879,18.24
20.287,25.516,0,-0.65534,38.353,15.801
20.317,25.451,-0.056068,-0.65361,37.839,15.894
20.304,25.385,-1.0442,-0.65985,37.327,28.273
20.194,25.319,-1.5212,-0.67884,36.816,37.125
20.045,25.251,-1.8685,-0.70379,36.303,45.194
20.045,25.181,0,-0.73491,35.786,14.73
19.605,25.107,-3.0954,-0.77661,35.232,87.076
19.29,25.03,-3.2986,-0.82881,34.678,97.492
19.29,24.947,0,-0.88639,34.109,16.063
18.643,24.858,-2.8714,-0.94393,33.484,81.044
18.643,24.764,0,-1.001,32.868,17.435
18.102,24.664,-2.3542,-1.0542,32.196,64.203
17.857,24.558,-2.1775,-1.1085,31.541,59.27
17.643,24.448,-1.9511,-1.1604,30.875,53.192
17.442,24.331,-1.7761,-1.2124,30.196,48.775
17.442,24.21,0,-1.2622,29.513,18.54
17.101,24.084,-1.3833,-1.3126,28.821,39.571
17.101,23.953,0,-1.3599,28.13,18.163
16.84,23.817,-1.1656,-1.4066,27.422,34.298
16.718,23.676,-1.0371,-1.4543,26.726,31.422
16.617,23.531,-0.98325,-1.499,26.033,29.765
16.617,23.381,0,-1.542,25.349,16.298
16.439,23.227,-0.57898,-1.5857,24.669,22.338
16.388,23.068,-0.34016,-1.6221,23.992,18.632
16.362,22.906,-0.17809,-1.6506,23.336,16.064
16.349,22.741,0.013297,-1.6747,22.698,13.497
16.355,22.573,0.038482,-1.6933,22.066,12.416
16.355,22.404,0,-1.7112,21.452,11.87
16.354,22.233,-0.074362,-1.7278,20.859,11.597
16.338,22.06,-0.07164,-1.7474,20.279,10.802
16.338,21.885,-0.0060438,-1.7599,19.712,9.5911
16.334,21.709,0.075937,-1.7718,19.159,8.4048
16.339,21.532,0.1607,-1.7773,18.627,7.3261
16.339,21.354,0,-1.7733,18.117,7.5553
16.375,21.177,0.14006,-1.7701,17.614,6.2411
16.387,21,0.075817,-1.7607,17.153,5.9848
16.396,20.824,0.027019,-1.7504,16.699,5.68
16.396,20.649,-0.048119,-1.74,16.265,5.5102
16.396,20.475,0,-1.7248,15.848,4.9047
16.395,20.302,-0.068743,-1.7076,15.455,4.7409
16.391,20.132,-0.053709,-1.6884,15.072,4.3221
16.379,19.963,-0.046417,-2.9,14.698,5.4583
16.379,19.673,0,-2.9,14.354,6.4528
16.36,19.383,-0.020376,-2.9,14.042,7.2949
16.364,19.093,-0.040712,-2.9,13.755,8.4687
16.364,18.803,0,-2.9,13.496,10.436
16.349,18.513,-0.43381,-2.9,13.266,8.5635
16.307,18.223,-0.68835,-4.4,13.065,122.58
16.307,17.783,0,-4.4,12.895,146.95
16.307,17.343,0,-4.4,12.77,208.32
16.307,16.903,0,-4.4,12.688,314.26
16.307,16.463,0,-4.4,12.651,534.79
16.307,16.023,0,-4.4,12.657,1247.9
15.422,15.583,-2.2882,-4.4,12.521,0
15.422,15.143,0,-4.4,12.527,1230.7
14.941,14.703,-2.4384,0.054598,12.534,29.202
14.696,14.708,-2.5046,-0.0055142,12.551,32.342
14.453,14.708,-2.595,-0.11122,12.535,35.711
14.201,14.697,-2.6607,-0.21689,12.498,38.404
14.201,14.675,0,-0.32921,12.449,0.30438
13.653,14.642,-2.7465,-0.43983,12.347,42.32
13.372,14.598,-2.7784,-4.4,12.241,0
13.095,14.158,-2.723,-0.47013,12.12,41.593
12.827,14.111,-2.7228,-4.4,11.998,0
12.562,13.671,-2.7458,-0.48839,11.878,42.56
12.293,13.622,-2.7344,-4.4,11.757,0
12.293,13.182,0,-0.50777,11.646,0.76919
11.746,13.131,-2.809,-4.4,11.505,0
11.746,12.691,0,-0.53759,11.389,0.82405
11.184,12.638,-2.8157,-4.4,11.228,0
10.909,12.198,-2.8349,-5.2,11.099,0
10.62,11.678,-2.8022,-0.44672,10.985,44.936
10.62,11.633,0,-0.55128,10.882,0.92639
10.62,11.578,0,-5.2,10.783,3.1288e+05
10.62,11.058,0,-0.53776,10.714,0.051581
9.4932,11.004,-2.8471,-5.2,10.449,0
9.4932,10.484,0,-0.53564,10.324,0.91273
8.9165,10.431,-2.8804,-5.2,10.162,0
8.9165,9.9105,0,-0.53161,10.036,0.92625
8.332,9.8574,-2.7914,-5.2,9.878,0
8.0616,9.3374,-2.7222,-0.51556,9.7473,42.597
8.0616,9.2858,0,-5.2,9.6224,221.65
8.0616,8.7658,0,-0.49006,9.5259,0.46968
8.0616,8.7168,0,-5.2,9.458,220.48
7.0308,8.1968,-2.3368,-0.4496,9.2089,30.206
7.0308,8.1519,0,-5.2,9.0945,98.884
6.5641,7.6319,-2.3326,-0.39896,8.9574,30.026
6.3262,7.592,-2.2818,-0.4804,8.8425,29.054
6.0993,7.5439,-2.3444,-5.2,8.7122,0
5.8574,7.0239,-2.3809,-0.42722,8.5877,31.76
5.8574,6.9812,0,-5.2,8.4732,43.233
5.399,6.4612,-2.32,-0.37401,8.3268,29.975
5.1758,6.4238,-2.35,-0.44658,8.2146,31.244
5.1758,6.3791,0,-5.2,8.092,25.936
4.7184,5.8591,-2.1787,-0.39001,7.9511,26.671
4.5089,5.8201,-2.249,-8.8,7.8322,0
4.2912,4.9401,-2.2379,-0.19312,7.7349,9.3702
4.2912,4.9208,0,-0.25977,7.671,0.7505
3.8324,4.8948,-2.1579,-0.32491,7.5626,9.3704
3.6115,4.8624,-2.0948,-0.38898,7.4538,9.3032
3.3926,4.8235,-1.9407,-8.8,7.3292,0
3.1965,3.9435,-1.7791,-0.19528,7.2196,7.5214
3.0273,3.9239,-1.622,-0.23746,7.1397,7.3829
2.8571,3.9002,-1.5373,-0.28067,7.0432,7.3217
2.8571,3.8721,0,-8.8,6.9403,0
2.8571,2.9921,0,-0.085335,6.8828,0.098442
